/*--------------------------------*- C++ -*----------------------------------*\
| =========                 |                                                 |
| \\      /  F ield         | OpenFOAM: The Open Source CFD Toolbox           |
|  \\    /   O peration     | Version:  2212                                  |
|   \\  /    A nd           | Website:  www.openfoam.com                      |
|    \\/     M anipulation  |                                                 |
\*---------------------------------------------------------------------------*/
FoamFile
{
    version     2.0;
    format      ascii;
    arch        "LSB;label=32;scalar=64";
    class       volScalarField;
    location    "24/neutroRegion";
    object      TFuel;
}
// * * * * * * * * * * * * * * * * * * * * * * * * * * * * * * * * * * * * * //

dimensions      [0 0 0 1 0 0 0];

internalField   nonuniform List<scalar> 
350
(
0
0
0
0
0
0
0
0
0
0
0
0
0
0
0
0
0
0
0
0
0
0
0
0
0
0
0
0
0
0
0
0
0
0
0
0
0
0
0
0
0
0
0
0
0
0
0
0
0
0
1845.02
2585.83
3299.11
3974.02
4600.27
5168.3
5669.4
6095.9
6441.26
6700.2
6868.78
6944.47
6926.19
6814.35
6610.8
6318.77
5942.72
5488.08
4960.95
4367.67
3713.85
3004.09
2241.24
1428.96
580.352
1869.66
2619.16
3340.76
4023.49
4656.94
5231.44
5738.18
6169.4
6518.5
6780.12
6950.3
7026.47
7007.54
6893.94
6687.54
6391.64
6010.76
5550.45
5016.89
4416.52
3755.05
3037.09
2265.47
1443.79
585.333
1841.01
2580.45
3292.42
3966.1
4591.22
5158.23
5658.44
6084.2
6428.98
6687.51
6855.84
6931.46
6913.29
6801.73
6598.64
6307.22
5931.94
5478.21
4952.09
4359.93
3707.33
2998.88
2237.43
1426.63
579.565
1864.1
2611.59
3331.26
4012.18
4643.97
5216.96
5722.39
6152.52
6500.75
6761.75
6931.55
7007.6
6988.82
6875.62
6669.87
6374.86
5995.09
5536.09
5004
4405.27
3745.56
3029.49
2259.88
1440.37
584.185
1864.1
2611.59
3331.26
4012.18
4643.97
5216.96
5722.39
6152.52
6500.75
6761.75
6931.55
7007.6
6988.82
6875.61
6669.87
6374.86
5995.09
5536.09
5004
4405.27
3745.56
3029.49
2259.88
1440.37
584.185
1841.01
2580.45
3292.42
3966.1
4591.22
5158.23
5658.44
6084.2
6428.98
6687.51
6855.84
6931.46
6913.29
6801.73
6598.64
6307.23
5931.94
5478.21
4952.09
4359.94
3707.33
2998.88
2237.43
1426.63
579.565
1869.66
2619.16
3340.76
4023.49
4656.94
5231.44
5738.18
6169.4
6518.5
6780.12
6950.3
7026.46
7007.54
6893.94
6687.54
6391.64
6010.76
5550.45
5016.89
4416.52
3755.05
3037.09
2265.47
1443.79
585.333
1845.02
2585.83
3299.11
3974.02
4600.27
5168.3
5669.4
6095.9
6441.26
6700.2
6868.78
6944.47
6926.19
6814.35
6610.8
6318.77
5942.72
5488.08
4960.95
4367.67
3713.85
3004.09
2241.24
1428.96
580.352
1864.1
2611.59
3331.26
4012.18
4643.97
5216.96
5722.39
6152.52
6500.75
6761.75
6931.55
7007.6
6988.82
6875.62
6669.87
6374.86
5995.09
5536.09
5004
4405.27
3745.56
3029.49
2259.88
1440.37
584.185
1841.01
2580.45
3292.42
3966.1
4591.22
5158.23
5658.44
6084.2
6428.98
6687.51
6855.84
6931.46
6913.29
6801.73
6598.64
6307.22
5931.94
5478.21
4952.09
4359.93
3707.33
2998.88
2237.43
1426.63
579.565
1841.01
2580.45
3292.42
3966.1
4591.22
5158.23
5658.44
6084.2
6428.98
6687.51
6855.84
6931.46
6913.29
6801.73
6598.64
6307.22
5931.94
5478.21
4952.09
4359.94
3707.33
2998.88
2237.43
1426.63
579.565
1864.1
2611.59
3331.26
4012.18
4643.97
5216.96
5722.39
6152.52
6500.75
6761.75
6931.55
7007.6
6988.82
6875.61
6669.87
6374.86
5995.09
5536.09
5004
4405.27
3745.56
3029.49
2259.88
1440.37
584.185
)
;

boundaryField
{
    outletCentralUnloaded
    {
        type            zeroGradient;
    }
    inletCentralUnloaded
    {
        type            zeroGradient;
    }
    outletFuelElement
    {
        type            zeroGradient;
    }
    inletFuelElement
    {
        type            zeroGradient;
    }
    defaultFaces
    {
        type            zeroGradient;
    }
}


// ************************************************************************* //
