/*--------------------------------*- C++ -*----------------------------------*\
| =========                 |                                                 |
| \\      /  F ield         | OpenFOAM: The Open Source CFD Toolbox           |
|  \\    /   O peration     | Version:  2212                                  |
|   \\  /    A nd           | Website:  www.openfoam.com                      |
|    \\/     M anipulation  |                                                 |
\*---------------------------------------------------------------------------*/
FoamFile
{
    version     2.0;
    format      ascii;
    arch        "LSB;label=32;scalar=64";
    class       volScalarField;
    location    "62/fluidRegion";
    object      epsilon;
}
// * * * * * * * * * * * * * * * * * * * * * * * * * * * * * * * * * * * * * //

dimensions      [0 2 -3 0 0 0 0];

internalField   nonuniform List<scalar> 
350
(
66.9841
66.9679
66.9517
66.9355
66.9193
66.903
66.8867
66.8705
66.8543
66.8382
66.8223
66.8069
66.7921
66.7784
66.7664
66.7568
66.7508
66.7502
66.7582
66.7792
66.8205
66.8929
67.0126
67.2045
67.5064
66.9841
66.9679
66.9517
66.9355
66.9193
66.903
66.8867
66.8705
66.8543
66.8382
66.8223
66.8069
66.7921
66.7785
66.7664
66.7568
66.7508
66.7502
66.7582
66.7792
66.8205
66.8929
67.0126
67.2045
67.5064
7.65354e+06
7.04315e+06
6.36753e+06
5.64791e+06
4.91214e+06
4.18576e+06
3.49095e+06
2.84573e+06
2.2636e+06
1.75343e+06
1.31952e+06
962021
677389
459070
298310
185097
109155
60852.6
31883.1
15617.7
7151.79
3117.43
1385.78
735.66
547.116
7.81925e+06
7.1971e+06
6.50837e+06
5.77419e+06
5.0231e+06
4.28123e+06
3.57127e+06
2.91172e+06
2.31644e+06
1.79454e+06
1.35051e+06
984556
693130
469574
304969
189082
111389
62016.4
32438.4
15856.1
7241.42
3145.79
1392.96
737.104
547.539
7.62643e+06
7.01789e+06
6.34454e+06
5.62737e+06
4.89416e+06
4.17035e+06
3.47803e+06
2.83515e+06
2.25517e+06
1.74689e+06
1.31461e+06
958459
674909
457418
297264
184470
108803
60668.6
31794.3
15578.8
7136.56
3112.15
1384.14
735.169
546.939
7.78255e+06
7.16293e+06
6.47703e+06
5.74602e+06
4.99829e+06
4.25984e+06
3.55324e+06
2.89687e+06
2.30452e+06
1.78525e+06
1.34349e+06
979442
689550
467181
303449
188171
110878
61750.1
32311.4
15801.6
7220.98
3139.37
1391.37
736.806
547.46
7.78255e+06
7.16293e+06
6.47703e+06
5.74603e+06
4.99829e+06
4.25984e+06
3.55324e+06
2.89687e+06
2.30452e+06
1.78525e+06
1.34349e+06
979442
689550
467181
303449
188171
110878
61750.1
32311.4
15801.6
7220.98
3139.37
1391.37
736.805
547.46
7.62645e+06
7.01791e+06
6.34455e+06
5.62738e+06
4.89416e+06
4.17036e+06
3.47803e+06
2.83516e+06
2.25517e+06
1.74689e+06
1.31461e+06
958461
674910
457419
297264
184471
108803
60668.7
31794.4
15578.8
7136.56
3112.15
1384.14
735.167
546.939
7.81925e+06
7.1971e+06
6.50837e+06
5.77419e+06
5.0231e+06
4.28123e+06
3.57127e+06
2.91172e+06
2.31644e+06
1.79454e+06
1.35051e+06
984556
693130
469574
304969
189082
111389
62016.4
32438.5
15856.1
7241.42
3145.79
1392.96
737.104
547.539
7.65354e+06
7.04315e+06
6.36753e+06
5.64791e+06
4.91214e+06
4.18576e+06
3.49095e+06
2.84573e+06
2.2636e+06
1.75343e+06
1.31952e+06
962021
677389
459070
298310
185097
109155
60852.6
31883.1
15617.7
7151.8
3117.43
1385.78
735.663
547.118
7.78255e+06
7.16293e+06
6.47703e+06
5.74602e+06
4.99829e+06
4.25984e+06
3.55324e+06
2.89687e+06
2.30452e+06
1.78525e+06
1.34349e+06
979442
689550
467181
303449
188171
110878
61750.1
32311.4
15801.6
7220.98
3139.37
1391.37
736.806
547.461
7.62643e+06
7.0179e+06
6.34454e+06
5.62737e+06
4.89416e+06
4.17035e+06
3.47803e+06
2.83515e+06
2.25517e+06
1.74689e+06
1.31461e+06
958460
674909
457418
297264
184470
108803
60668.6
31794.3
15578.8
7136.55
3112.14
1384.14
735.165
546.937
7.62644e+06
7.0179e+06
6.34455e+06
5.62738e+06
4.89416e+06
4.17036e+06
3.47803e+06
2.83516e+06
2.25517e+06
1.74689e+06
1.31461e+06
958461
674910
457419
297264
184471
108803
60668.7
31794.4
15578.8
7136.56
3112.15
1384.14
735.166
546.938
7.78255e+06
7.16293e+06
6.47703e+06
5.74602e+06
4.99829e+06
4.25984e+06
3.55324e+06
2.89687e+06
2.30452e+06
1.78525e+06
1.34349e+06
979442
689550
467181
303449
188171
110878
61750.1
32311.4
15801.6
7220.98
3139.37
1391.37
736.81
547.464
)
;

boundaryField
{
    outletCentralUnloaded
    {
        type            zeroGradient;
    }
    inletCentralUnloaded
    {
        type            zeroGradient;
    }
    outletFuelElement
    {
        type            zeroGradient;
    }
    inletFuelElement
    {
        type            zeroGradient;
    }
    defaultFaces
    {
        type            zeroGradient;
    }
    baffle_master
    {
        type            zeroGradient;
    }
    baffle_slave
    {
        type            zeroGradient;
    }
}


// ************************************************************************* //
