/*--------------------------------*- C++ -*----------------------------------*\
| =========                 |                                                 |
| \\      /  F ield         | OpenFOAM: The Open Source CFD Toolbox           |
|  \\    /   O peration     | Version:  2212                                  |
|   \\  /    A nd           | Website:  www.openfoam.com                      |
|    \\/     M anipulation  |                                                 |
\*---------------------------------------------------------------------------*/
FoamFile
{
    version     2.0;
    format      ascii;
    arch        "LSB;label=32;scalar=64";
    class       volScalarField;
    location    "62/fluidRegion";
    object      k;
}
// * * * * * * * * * * * * * * * * * * * * * * * * * * * * * * * * * * * * * //

dimensions      [0 2 -2 0 0 0 0];

internalField   nonuniform List<scalar> 
350
(
0.421094
0.421022
0.420952
0.420881
0.420811
0.42074
0.420671
0.420602
0.420536
0.420472
0.42041
0.420351
0.420295
0.420245
0.420202
0.420171
0.420159
0.420177
0.42024
0.420374
0.420616
0.421023
0.421684
0.422733
0.424374
0.421094
0.421022
0.420952
0.420881
0.420811
0.42074
0.420671
0.420602
0.420536
0.420472
0.42041
0.420351
0.420295
0.420245
0.420202
0.420171
0.420159
0.420177
0.42024
0.420374
0.420616
0.421023
0.421684
0.422733
0.424374
406.826
384.229
358.531
330.241
300.145
269.019
237.612
206.624
176.693
148.382
122.168
98.4315
77.445
59.3649
44.2229
31.9264
22.2704
14.961
9.64935
5.96571
3.55001
2.07273
1.25014
0.853305
0.713265
412.548
389.686
363.684
335.04
304.551
273.006
241.165
209.737
179.372
150.641
124.03
99.9258
78.6096
60.2424
44.8592
32.3683
22.5624
15.1433
9.75558
6.02254
3.5772
2.08392
1.25391
0.854333
0.713653
405.878
383.324
357.68
329.452
299.422
268.368
237.034
206.119
176.261
148.019
121.87
98.1926
77.2593
59.2253
44.1218
31.8562
22.2238
14.9318
9.63213
5.95629
3.54528
2.07058
1.24926
0.852963
0.713134
411.292
388.486
362.547
333.978
303.574
272.12
240.373
209.042
178.773
150.134
123.611
99.589
78.3465
60.0437
44.7148
32.2679
22.4959
15.1018
9.73137
6.00959
3.57102
2.0814
1.25308
0.854119
0.713577
411.292
388.486
362.547
333.978
303.574
272.12
240.373
209.042
178.773
150.134
123.611
99.589
78.3465
60.0437
44.7149
32.2679
22.4959
15.1018
9.73137
6.0096
3.57102
2.0814
1.25308
0.854119
0.713577
405.879
383.324
357.68
329.452
299.423
268.368
237.034
206.119
176.261
148.019
121.87
98.1928
77.2594
59.2254
44.1218
31.8563
22.2239
14.9318
9.63216
5.95631
3.54529
2.07059
1.24926
0.852962
0.713132
412.548
389.686
363.684
335.04
304.551
273.006
241.164
209.737
179.372
150.641
124.03
99.9258
78.6096
60.2424
44.8592
32.3683
22.5624
15.1433
9.75558
6.02254
3.5772
2.08392
1.25391
0.854333
0.713653
406.826
384.229
358.531
330.241
300.144
269.019
237.612
206.624
176.693
148.382
122.168
98.4315
77.445
59.3649
44.2229
31.9265
22.2704
14.961
9.64936
5.96572
3.55001
2.07273
1.25015
0.853305
0.713264
411.292
388.486
362.547
333.978
303.574
272.12
240.373
209.042
178.773
150.134
123.611
99.589
78.3465
60.0437
44.7149
32.2679
22.4959
15.1018
9.73137
6.0096
3.57102
2.0814
1.25308
0.854119
0.713577
405.878
383.324
357.68
329.452
299.422
268.368
237.034
206.119
176.261
148.019
121.87
98.1926
77.2593
59.2253
44.1218
31.8562
22.2238
14.9318
9.63211
5.95627
3.54527
2.07057
1.24925
0.852963
0.713138
405.879
383.324
357.681
329.452
299.423
268.368
237.034
206.119
176.261
148.019
121.87
98.1928
77.2595
59.2254
44.1219
31.8563
22.2239
14.9319
9.63217
5.95632
3.5453
2.07059
1.24926
0.852963
0.713133
411.292
388.486
362.547
333.978
303.574
272.12
240.373
209.042
178.773
150.134
123.611
99.589
78.3465
60.0437
44.7149
32.2679
22.496
15.1018
9.73139
6.00961
3.57103
2.08141
1.25308
0.85412
0.713575
)
;

boundaryField
{
    outletCentralUnloaded
    {
        type            zeroGradient;
    }
    inletCentralUnloaded
    {
        type            zeroGradient;
    }
    outletFuelElement
    {
        type            zeroGradient;
    }
    inletFuelElement
    {
        type            zeroGradient;
    }
    defaultFaces
    {
        type            zeroGradient;
    }
    baffle_master
    {
        type            zeroGradient;
    }
    baffle_slave
    {
        type            zeroGradient;
    }
}


// ************************************************************************* //
