/*--------------------------------*- C++ -*----------------------------------*\
| =========                 |                                                 |
| \\      /  F ield         | OpenFOAM: The Open Source CFD Toolbox           |
|  \\    /   O peration     | Version:  2212                                  |
|   \\  /    A nd           | Website:  www.openfoam.com                      |
|    \\/     M anipulation  |                                                 |
\*---------------------------------------------------------------------------*/
FoamFile
{
    version     2.0;
    format      ascii;
    arch        "LSB;label=32;scalar=64";
    class       volScalarField;
    location    "62/fluidRegion";
    object      nut;
}
// * * * * * * * * * * * * * * * * * * * * * * * * * * * * * * * * * * * * * //

dimensions      [0 2 -1 0 0 0 0];

internalField   nonuniform List<scalar> 
350
(
0.000537609
0.00053756
0.000537512
0.000537465
0.000537417
0.000537371
0.000537325
0.000537281
0.000537239
0.000537201
0.000537166
0.000537133
0.000537102
0.000537073
0.000537046
0.000537021
0.000537002
0.000536994
0.000537006
0.000537051
0.000537147
0.000537323
0.000537621
0.000538104
0.00053949
0.000537609
0.00053756
0.000537512
0.000537465
0.000537417
0.000537371
0.000537325
0.000537281
0.000537239
0.000537201
0.000537166
0.000537133
0.000537102
0.000537073
0.000537046
0.000537021
0.000537002
0.000536994
0.000537006
0.000537051
0.000537147
0.000537323
0.000537621
0.000538104
0.00053949
0.0104217
0.0102023
0.00993064
0.00960312
0.00922466
0.00880044
0.0083358
0.00783623
0.00730738
0.00675511
0.00618557
0.00560534
0.00502157
0.00444198
0.00387487
0.00332871
0.00281168
0.00233114
0.00189334
0.0015035
0.0011662
0.000885915
0.000666901
0.000511767
0.000416364
0.0104891
0.0102685
0.00999594
0.00966694
0.0092866
0.0088601
0.00839281
0.00789026
0.00735811
0.00680225
0.00622886
0.00564453
0.00505645
0.00447244
0.00390085
0.00335028
0.00282905
0.00234463
0.00190335
0.0015105
0.00117071
0.000888474
0.000668089
0.000512148
0.000416431
0.0104108
0.0101914
0.00991997
0.00959272
0.0092146
0.00879079
0.0083266
0.00782754
0.00729925
0.00674758
0.00617868
0.00559912
0.00501604
0.00443717
0.00387077
0.0033253
0.00280892
0.00232899
0.00189172
0.00150234
0.00116542
0.000885424
0.000666619
0.000511618
0.000416315
0.0104742
0.0102539
0.00998144
0.00965274
0.00927279
0.00884677
0.00838004
0.00787813
0.0073467
0.00679163
0.00621909
0.00563567
0.00504855
0.00446553
0.00389495
0.00334537
0.00282509
0.00234155
0.00190107
0.0015089
0.00116969
0.000887898
0.000667828
0.000512072
0.000416421
0.0104742
0.0102539
0.00998144
0.00965274
0.00927279
0.00884677
0.00838004
0.00787813
0.0073467
0.00679163
0.00621909
0.00563567
0.00504855
0.00446553
0.00389495
0.00334538
0.00282509
0.00234155
0.00190107
0.0015089
0.00116969
0.000887898
0.000667828
0.000512072
0.000416421
0.0104109
0.0101914
0.00991998
0.00959273
0.00921461
0.00879079
0.00832661
0.00782755
0.00729925
0.00674758
0.00617868
0.00559912
0.00501604
0.00443717
0.00387077
0.0033253
0.00280892
0.00232899
0.00189172
0.00150234
0.00116542
0.000885424
0.000666618
0.000511617
0.000416314
0.0104891
0.0102685
0.00999594
0.00966694
0.0092866
0.0088601
0.00839281
0.00789026
0.00735811
0.00680225
0.00622885
0.00564453
0.00505645
0.00447244
0.00390085
0.00335028
0.00282905
0.00234463
0.00190335
0.0015105
0.00117071
0.000888475
0.000668089
0.000512148
0.000416431
0.0104217
0.0102023
0.00993064
0.00960312
0.00922466
0.00880044
0.0083358
0.00783623
0.00730738
0.00675511
0.00618557
0.00560534
0.00502157
0.00444198
0.00387487
0.00332871
0.00281168
0.00233114
0.00189334
0.0015035
0.0011662
0.000885915
0.000666901
0.000511767
0.000416363
0.0104742
0.0102539
0.00998144
0.00965274
0.00927279
0.00884677
0.00838004
0.00787813
0.00734671
0.00679163
0.00621909
0.00563567
0.00504855
0.00446553
0.00389495
0.00334538
0.00282509
0.00234155
0.00190107
0.0015089
0.00116969
0.000887898
0.000667828
0.000512072
0.000416421
0.0104108
0.0101914
0.00991997
0.00959272
0.0092146
0.00879079
0.0083266
0.00782754
0.00729925
0.00674758
0.00617868
0.00559912
0.00501604
0.00443717
0.00387077
0.0033253
0.00280892
0.00232899
0.00189172
0.00150234
0.00116542
0.000885424
0.000666618
0.000511619
0.000416317
0.0104109
0.0101914
0.00991998
0.00959273
0.00921461
0.00879079
0.00832661
0.00782755
0.00729925
0.00674758
0.00617868
0.00559913
0.00501604
0.00443717
0.00387077
0.0033253
0.00280893
0.00232899
0.00189173
0.00150234
0.00116542
0.000885424
0.000666618
0.000511618
0.000416315
0.0104742
0.0102539
0.00998144
0.00965274
0.00927279
0.00884677
0.00838004
0.00787813
0.00734671
0.00679163
0.00621909
0.00563567
0.00504855
0.00446553
0.00389495
0.00334538
0.00282509
0.00234155
0.00190107
0.0015089
0.00116969
0.000887898
0.000667828
0.000512072
0.00041642
)
;

boundaryField
{
    outletCentralUnloaded
    {
        type            zeroGradient;
    }
    inletCentralUnloaded
    {
        type            zeroGradient;
    }
    outletFuelElement
    {
        type            zeroGradient;
    }
    inletFuelElement
    {
        type            zeroGradient;
    }
    defaultFaces
    {
        type            zeroGradient;
    }
    baffle_master
    {
        type            calculated;
        value           nonuniform List<scalar> 
150
(
0.000537609
0.000537609
0.000537609
0.00053756
0.00053756
0.00053756
0.000537512
0.000537512
0.000537512
0.000537465
0.000537465
0.000537465
0.000537417
0.000537417
0.000537417
0.000537371
0.000537371
0.000537371
0.000537325
0.000537325
0.000537325
0.000537281
0.000537281
0.000537281
0.000537239
0.000537239
0.000537239
0.000537201
0.000537201
0.000537201
0.000537166
0.000537166
0.000537166
0.000537133
0.000537133
0.000537133
0.000537102
0.000537102
0.000537102
0.000537073
0.000537073
0.000537073
0.000537046
0.000537046
0.000537046
0.000537021
0.000537021
0.000537021
0.000537002
0.000537002
0.000537002
0.000536994
0.000536994
0.000536994
0.000537006
0.000537006
0.000537006
0.000537051
0.000537051
0.000537051
0.000537147
0.000537147
0.000537147
0.000537323
0.000537323
0.000537323
0.000537621
0.000537621
0.000537621
0.000538104
0.000538104
0.000538104
0.00053949
0.00053949
0.00053949
0.000537609
0.000537609
0.000537609
0.00053756
0.00053756
0.00053756
0.000537512
0.000537512
0.000537512
0.000537465
0.000537465
0.000537465
0.000537417
0.000537417
0.000537417
0.000537371
0.000537371
0.000537371
0.000537325
0.000537325
0.000537325
0.000537281
0.000537281
0.000537281
0.000537239
0.000537239
0.000537239
0.000537201
0.000537201
0.000537201
0.000537166
0.000537166
0.000537166
0.000537133
0.000537133
0.000537133
0.000537102
0.000537102
0.000537102
0.000537073
0.000537073
0.000537073
0.000537046
0.000537046
0.000537046
0.000537021
0.000537021
0.000537021
0.000537002
0.000537002
0.000537002
0.000536994
0.000536994
0.000536994
0.000537006
0.000537006
0.000537006
0.000537051
0.000537051
0.000537051
0.000537147
0.000537147
0.000537147
0.000537323
0.000537323
0.000537323
0.000537621
0.000537621
0.000537621
0.000538104
0.000538104
0.000538104
0.00053949
0.00053949
0.00053949
)
;
    }
    baffle_slave
    {
        type            calculated;
        value           nonuniform List<scalar> 
150
(
0.0104891
0.0104742
0.0104742
0.0102685
0.0102539
0.0102539
0.00999594
0.00998144
0.00998144
0.00966694
0.00965274
0.00965274
0.0092866
0.00927279
0.00927279
0.0088601
0.00884677
0.00884677
0.00839281
0.00838004
0.00838004
0.00789026
0.00787813
0.00787813
0.00735811
0.0073467
0.00734671
0.00680225
0.00679163
0.00679163
0.00622886
0.00621909
0.00621909
0.00564453
0.00563567
0.00563567
0.00505645
0.00504855
0.00504855
0.00447244
0.00446553
0.00446553
0.00390085
0.00389495
0.00389495
0.00335028
0.00334537
0.00334538
0.00282905
0.00282509
0.00282509
0.00234463
0.00234155
0.00234155
0.00190335
0.00190107
0.00190107
0.0015105
0.0015089
0.0015089
0.00117071
0.00116969
0.00116969
0.000888474
0.000887898
0.000887898
0.000668089
0.000667828
0.000667828
0.000512148
0.000512072
0.000512072
0.000416431
0.000416421
0.00041642
0.0104742
0.0104891
0.0104742
0.0102539
0.0102685
0.0102539
0.00998144
0.00999594
0.00998144
0.00965274
0.00966694
0.00965274
0.00927279
0.0092866
0.00927279
0.00884677
0.0088601
0.00884677
0.00838004
0.00839281
0.00838004
0.00787813
0.00789026
0.00787813
0.0073467
0.00735811
0.00734671
0.00679163
0.00680225
0.00679163
0.00621909
0.00622885
0.00621909
0.00563567
0.00564453
0.00563567
0.00504855
0.00505645
0.00504855
0.00446553
0.00447244
0.00446553
0.00389495
0.00390085
0.00389495
0.00334538
0.00335028
0.00334538
0.00282509
0.00282905
0.00282509
0.00234155
0.00234463
0.00234155
0.00190107
0.00190335
0.00190107
0.0015089
0.0015105
0.0015089
0.00116969
0.00117071
0.00116969
0.000887898
0.000888475
0.000887898
0.000667828
0.000668089
0.000667828
0.000512072
0.000512148
0.000512072
0.000416421
0.000416431
0.000416421
)
;
    }
}


// ************************************************************************* //
