/*--------------------------------*- C++ -*----------------------------------*\
| =========                 |                                                 |
| \\      /  F ield         | OpenFOAM: The Open Source CFD Toolbox           |
|  \\    /   O peration     | Version:  2212                                  |
|   \\  /    A nd           | Website:  www.openfoam.com                      |
|    \\/     M anipulation  |                                                 |
\*---------------------------------------------------------------------------*/
FoamFile
{
    version     2.0;
    format      ascii;
    arch        "LSB;label=32;scalar=64";
    class       volScalarField;
    location    "44/fluidRegion";
    object      alphat;
}
// * * * * * * * * * * * * * * * * * * * * * * * * * * * * * * * * * * * * * //

dimensions      [1 -1 -1 0 0 0 0];

internalField   nonuniform List<scalar> 
350
(
0.00258561
0.00258562
0.00258563
0.00258564
0.00258565
0.00258566
0.00258567
0.00258568
0.00258569
0.00258571
0.00258573
0.00258576
0.00258581
0.00258589
0.002586
0.00258618
0.00258646
0.0025869
0.00258757
0.00258862
0.00259023
0.00259271
0.0025965
0.00260228
0.0026111
0.00258561
0.00258562
0.00258563
0.00258564
0.00258565
0.00258566
0.00258567
0.00258568
0.00258569
0.00258571
0.00258573
0.00258576
0.00258581
0.00258589
0.002586
0.00258618
0.00258646
0.0025869
0.00258757
0.00258862
0.00259023
0.00259271
0.0025965
0.00260228
0.0026111
0.000895728
0.00088409
0.000872659
0.000861071
0.000849219
0.000836996
0.0008243
0.00081103
0.000797102
0.000782452
0.000767047
0.000750895
0.000734038
0.000716546
0.0006985
0.000679995
0.000661207
0.000642595
0.000625341
0.000612285
0.000609823
0.000631326
0.00069955
0.000832113
0.00100177
0.000887886
0.000876262
0.000864866
0.000853319
0.000841517
0.000829353
0.000816721
0.000803523
0.00078967
0.0007751
0.000759781
0.000743725
0.000726984
0.00070964
0.000691786
0.000673525
0.000655033
0.000636756
0.000619853
0.000607138
0.000604991
0.000626822
0.00069561
0.000829424
0.00100103
0.00089698
0.000885329
0.000873888
0.000862288
0.000850423
0.000838186
0.000825475
0.00081219
0.000798245
0.000783577
0.000768153
0.00075198
0.000735099
0.000717577
0.000699494
0.000680943
0.000662101
0.000643428
0.000626109
0.000612988
0.000610464
0.000631905
0.000700044
0.000832449
0.00100188
0.000889687
0.000878063
0.000866662
0.000855109
0.000843298
0.000831122
0.000818477
0.000805264
0.000791395
0.000776806
0.000761468
0.000745389
0.000728621
0.000711243
0.000693344
0.000675026
0.000656466
0.000638111
0.000621127
0.000608333
0.000606113
0.000627869
0.000696529
0.000830054
0.0010012
0.000889687
0.000878063
0.000866662
0.000855109
0.000843298
0.000831122
0.000818477
0.000805264
0.000791395
0.000776806
0.000761468
0.000745389
0.000728621
0.000711243
0.000693344
0.000675026
0.000656466
0.000638111
0.000621127
0.000608333
0.000606113
0.000627869
0.000696528
0.000830054
0.0010012
0.000896979
0.000885328
0.000873887
0.000862287
0.000850422
0.000838186
0.000825475
0.000812189
0.000798244
0.000783576
0.000768153
0.00075198
0.000735098
0.000717577
0.000699494
0.000680943
0.000662101
0.000643428
0.00062611
0.000612989
0.000610465
0.000631906
0.000700046
0.000832452
0.00100189
0.000887886
0.000876261
0.000864866
0.000853319
0.000841517
0.000829353
0.000816721
0.000803523
0.00078967
0.000775099
0.000759781
0.000743725
0.000726984
0.00070964
0.000691786
0.000673525
0.000655033
0.000636756
0.000619853
0.000607138
0.00060499
0.000626822
0.00069561
0.000829423
0.00100102
0.000895728
0.00088409
0.000872659
0.000861071
0.000849219
0.000836997
0.0008243
0.00081103
0.000797102
0.000782452
0.000767047
0.000750895
0.000734038
0.000716546
0.0006985
0.000679995
0.000661207
0.000642595
0.000625342
0.000612287
0.000609826
0.000631331
0.000699558
0.000832124
0.00100178
0.000889687
0.000878063
0.000866662
0.000855109
0.000843298
0.000831122
0.000818478
0.000805264
0.000791395
0.000776806
0.000761468
0.000745389
0.000728621
0.000711243
0.000693344
0.000675026
0.000656466
0.000638111
0.000621127
0.000608334
0.000606114
0.000627871
0.000696532
0.000830059
0.00100121
0.00089698
0.000885329
0.000873888
0.000862288
0.000850423
0.000838187
0.000825475
0.00081219
0.000798245
0.000783577
0.000768153
0.00075198
0.000735098
0.000717577
0.000699494
0.000680942
0.0006621
0.000643427
0.000626108
0.000612985
0.000610458
0.000631896
0.00070003
0.000832429
0.00100186
0.00089698
0.000885329
0.000873888
0.000862288
0.000850423
0.000838186
0.000825475
0.000812189
0.000798245
0.000783577
0.000768153
0.00075198
0.000735099
0.000717577
0.000699494
0.000680943
0.000662101
0.000643429
0.00062611
0.00061299
0.000610465
0.000631906
0.000700045
0.000832448
0.00100188
0.000889687
0.000878063
0.000866662
0.000855109
0.000843298
0.000831123
0.000818478
0.000805264
0.000791395
0.000776806
0.000761468
0.000745389
0.000728621
0.000711243
0.000693344
0.000675026
0.000656466
0.000638112
0.000621128
0.000608335
0.000606117
0.000627876
0.000696539
0.00083007
0.00100122
)
;

boundaryField
{
    outletCentralUnloaded
    {
        type            zeroGradient;
    }
    inletCentralUnloaded
    {
        type            zeroGradient;
    }
    outletFuelElement
    {
        type            zeroGradient;
    }
    inletFuelElement
    {
        type            zeroGradient;
    }
    defaultFaces
    {
        type            zeroGradient;
    }
    baffle_master
    {
        type            calculated;
        value           nonuniform List<scalar> 
150
(
0.00258561
0.00258561
0.00258561
0.00258562
0.00258562
0.00258562
0.00258563
0.00258563
0.00258563
0.00258564
0.00258564
0.00258564
0.00258565
0.00258565
0.00258565
0.00258566
0.00258566
0.00258566
0.00258567
0.00258567
0.00258567
0.00258568
0.00258568
0.00258568
0.00258569
0.00258569
0.00258569
0.00258571
0.00258571
0.00258571
0.00258573
0.00258573
0.00258573
0.00258576
0.00258576
0.00258576
0.00258581
0.00258581
0.00258581
0.00258589
0.00258589
0.00258589
0.002586
0.002586
0.002586
0.00258618
0.00258618
0.00258618
0.00258646
0.00258646
0.00258646
0.0025869
0.0025869
0.0025869
0.00258757
0.00258757
0.00258757
0.00258862
0.00258862
0.00258862
0.00259023
0.00259023
0.00259023
0.00259271
0.00259271
0.00259271
0.0025965
0.0025965
0.0025965
0.00260228
0.00260228
0.00260228
0.0026111
0.0026111
0.0026111
0.00258561
0.00258561
0.00258561
0.00258562
0.00258562
0.00258562
0.00258563
0.00258563
0.00258563
0.00258564
0.00258564
0.00258564
0.00258565
0.00258565
0.00258565
0.00258566
0.00258566
0.00258566
0.00258567
0.00258567
0.00258567
0.00258568
0.00258568
0.00258568
0.00258569
0.00258569
0.00258569
0.00258571
0.00258571
0.00258571
0.00258573
0.00258573
0.00258573
0.00258576
0.00258576
0.00258576
0.00258581
0.00258581
0.00258581
0.00258589
0.00258589
0.00258589
0.002586
0.002586
0.002586
0.00258618
0.00258618
0.00258618
0.00258646
0.00258646
0.00258646
0.0025869
0.0025869
0.0025869
0.00258757
0.00258757
0.00258757
0.00258862
0.00258862
0.00258862
0.00259023
0.00259023
0.00259023
0.00259271
0.00259271
0.00259271
0.0025965
0.0025965
0.0025965
0.00260228
0.00260228
0.00260228
0.0026111
0.0026111
0.0026111
)
;
    }
    baffle_slave
    {
        type            calculated;
        value           nonuniform List<scalar> 
150
(
0.000887886
0.000889687
0.000889687
0.000876262
0.000878063
0.000878063
0.000864866
0.000866662
0.000866662
0.000853319
0.000855109
0.000855109
0.000841517
0.000843298
0.000843298
0.000829353
0.000831122
0.000831123
0.000816721
0.000818477
0.000818478
0.000803523
0.000805264
0.000805264
0.00078967
0.000791395
0.000791395
0.0007751
0.000776806
0.000776806
0.000759781
0.000761468
0.000761468
0.000743725
0.000745389
0.000745389
0.000726984
0.000728621
0.000728621
0.00070964
0.000711243
0.000711243
0.000691786
0.000693344
0.000693344
0.000673525
0.000675026
0.000675026
0.000655033
0.000656466
0.000656466
0.000636756
0.000638111
0.000638112
0.000619853
0.000621127
0.000621128
0.000607138
0.000608333
0.000608335
0.000604991
0.000606113
0.000606117
0.000626822
0.000627869
0.000627876
0.00069561
0.000696529
0.000696539
0.000829424
0.000830054
0.00083007
0.00100103
0.0010012
0.00100122
0.000889687
0.000887886
0.000889687
0.000878063
0.000876261
0.000878063
0.000866662
0.000864866
0.000866662
0.000855109
0.000853319
0.000855109
0.000843298
0.000841517
0.000843298
0.000831122
0.000829353
0.000831122
0.000818477
0.000816721
0.000818478
0.000805264
0.000803523
0.000805264
0.000791395
0.00078967
0.000791395
0.000776806
0.000775099
0.000776806
0.000761468
0.000759781
0.000761468
0.000745389
0.000743725
0.000745389
0.000728621
0.000726984
0.000728621
0.000711243
0.00070964
0.000711243
0.000693344
0.000691786
0.000693344
0.000675026
0.000673525
0.000675026
0.000656466
0.000655033
0.000656466
0.000638111
0.000636756
0.000638111
0.000621127
0.000619853
0.000621127
0.000608333
0.000607138
0.000608334
0.000606113
0.00060499
0.000606114
0.000627869
0.000626822
0.000627871
0.000696528
0.00069561
0.000696532
0.000830054
0.000829423
0.000830059
0.0010012
0.00100102
0.00100121
)
;
    }
}


// ************************************************************************* //
