/*--------------------------------*- C++ -*----------------------------------*\
| =========                 |                                                 |
| \\      /  F ield         | OpenFOAM: The Open Source CFD Toolbox           |
|  \\    /   O peration     | Version:  2212                                  |
|   \\  /    A nd           | Website:  www.openfoam.com                      |
|    \\/     M anipulation  |                                                 |
\*---------------------------------------------------------------------------*/
FoamFile
{
    version     2.0;
    format      ascii;
    arch        "LSB;label=32;scalar=64";
    class       volScalarField;
    location    "44/fluidRegion";
    object      dgdt;
}
// * * * * * * * * * * * * * * * * * * * * * * * * * * * * * * * * * * * * * //

dimensions      [0 0 -1 0 0 0 0];

internalField   nonuniform List<scalar> 
350
(
0.0053461
0.0053536
0.00532334
0.00529332
0.00527684
0.00527794
0.00529083
0.00530522
0.00531297
0.00531207
0.00530665
0.00530347
0.00530757
0.00531944
0.00533512
0.00534865
0.00535525
0.00535323
0.0053435
0.00532734
0.00530478
0.00527701
0.00523025
0.00517282
0.00256006
0.0053461
0.0053536
0.00532334
0.00529332
0.00527684
0.00527794
0.00529083
0.00530522
0.00531297
0.00531207
0.00530665
0.00530347
0.00530757
0.00531944
0.00533512
0.00534865
0.00535525
0.00535323
0.0053435
0.00532734
0.00530478
0.00527701
0.00523025
0.00517282
0.00256006
40.3954
50.5779
64.481
77.2983
88.9745
99.4667
108.741
116.769
123.514
128.924
132.92
135.376
136.132
135.011
131.878
126.703
119.605
110.828
100.673
89.3716
77.0229
63.5567
48.8089
32.7756
20.3957
40.448
50.5138
64.5465
77.4853
89.2756
99.8738
109.247
117.366
124.198
129.695
133.78
136.33
137.182
136.149
133.083
127.938
120.821
111.981
101.727
90.3067
77.8289
64.2252
49.3261
33.121
20.6055
40.3737
50.5633
64.4463
77.2448
88.9036
99.3798
108.64
116.653
123.385
128.783
132.765
135.208
135.95
134.817
131.675
126.498
119.404
110.639
100.501
89.2196
76.8922
63.4486
48.7255
32.7198
20.3617
40.4462
50.5477
64.5496
77.4599
89.2231
99.7961
109.146
117.242
124.054
129.53
133.594
136.122
136.95
135.896
132.814
127.66
120.546
111.719
101.487
90.0935
77.6448
64.0723
49.2076
33.0419
20.5574
40.4462
50.5477
64.5496
77.4599
89.2231
99.7961
109.146
117.242
124.054
129.53
133.594
136.122
136.95
135.896
132.814
127.66
120.546
111.719
101.487
90.0935
77.6448
64.0723
49.2077
33.0419
20.5574
40.3737
50.5633
64.4464
77.2449
88.9036
99.3798
108.64
116.653
123.385
128.783
132.765
135.208
135.95
134.817
131.675
126.498
119.404
110.639
100.501
89.2196
76.8922
63.4486
48.7255
32.7198
20.3617
40.448
50.5138
64.5465
77.4854
89.2756
99.8738
109.247
117.366
124.198
129.695
133.78
136.33
137.182
136.149
133.083
127.938
120.821
111.981
101.727
90.3067
77.8288
64.2252
49.3261
33.121
20.6055
40.3954
50.5779
64.481
77.2983
88.9745
99.4667
108.741
116.769
123.513
128.924
132.92
135.376
136.132
135.011
131.878
126.703
119.605
110.828
100.673
89.3716
77.0229
63.5567
48.8089
32.7756
20.3957
40.4462
50.5477
64.5496
77.4599
89.2231
99.7961
109.146
117.242
124.054
129.53
133.594
136.121
136.95
135.896
132.813
127.66
120.546
111.719
101.487
90.0934
77.6447
64.0723
49.2076
33.0419
20.5574
40.3737
50.5633
64.4464
77.2449
88.9036
99.3798
108.64
116.653
123.385
128.783
132.765
135.208
135.95
134.817
131.675
126.498
119.404
110.639
100.501
89.2196
76.8922
63.4485
48.7255
32.7198
20.3617
40.3737
50.5633
64.4463
77.2448
88.9036
99.3798
108.64
116.653
123.385
128.783
132.765
135.208
135.95
134.817
131.675
126.498
119.404
110.639
100.501
89.2196
76.8922
63.4486
48.7255
32.7198
20.3617
40.4462
50.5477
64.5496
77.4599
89.2231
99.7961
109.146
117.242
124.054
129.53
133.594
136.122
136.95
135.896
132.814
127.66
120.546
111.719
101.487
90.0935
77.6448
64.0723
49.2077
33.0419
20.5574
)
;

boundaryField
{
    outletCentralUnloaded
    {
        type            calculated;
        value           nonuniform List<scalar> 2(0.0053461 0.0053461);
    }
    inletCentralUnloaded
    {
        type            calculated;
        value           nonuniform List<scalar> 2(0.00256006 0.00256006);
    }
    outletFuelElement
    {
        type            calculated;
        value           nonuniform List<scalar> 
12
(
40.3954
40.448
40.3737
40.4462
40.4462
40.3737
40.448
40.3954
40.4462
40.3737
40.3737
40.4462
)
;
    }
    inletFuelElement
    {
        type            calculated;
        value           nonuniform List<scalar> 
12
(
20.3957
20.6055
20.3617
20.5574
20.5574
20.3617
20.6055
20.3957
20.5574
20.3617
20.3617
20.5574
)
;
    }
    defaultFaces
    {
        type            calculated;
        value           nonuniform List<scalar> 
450
(
40.3954
40.3954
40.3954
50.5779
50.5779
50.5779
64.481
64.481
64.481
77.2983
77.2983
77.2983
88.9745
88.9745
88.9745
99.4667
99.4667
99.4667
108.741
108.741
108.741
116.769
116.769
116.769
123.514
123.514
123.514
128.924
128.924
128.924
132.92
132.92
132.92
135.376
135.376
135.376
136.132
136.132
136.132
135.011
135.011
135.011
131.878
131.878
131.878
126.703
126.703
126.703
119.605
119.605
119.605
110.828
110.828
110.828
100.673
100.673
100.673
89.3716
89.3716
89.3716
77.0229
77.0229
77.0229
63.5567
63.5567
63.5567
48.8089
48.8089
48.8089
32.7756
32.7756
32.7756
20.3957
20.3957
20.3957
40.3737
40.3737
50.5633
50.5633
64.4463
64.4463
77.2448
77.2448
88.9036
88.9036
99.3798
99.3798
108.64
108.64
116.653
116.653
123.385
123.385
128.783
128.783
132.765
132.765
135.208
135.208
135.95
135.95
134.817
134.817
131.675
131.675
126.498
126.498
119.404
119.404
110.639
110.639
100.501
100.501
89.2196
89.2196
76.8922
76.8922
63.4486
63.4486
48.7255
48.7255
32.7198
32.7198
20.3617
20.3617
40.4462
50.5477
64.5496
77.4599
89.2231
99.7961
109.146
117.242
124.054
129.53
133.594
136.122
136.95
135.896
132.814
127.66
120.546
111.719
101.487
90.0935
77.6448
64.0723
49.2076
33.0419
20.5574
40.4462
50.5477
64.5496
77.4599
89.2231
99.7961
109.146
117.242
124.054
129.53
133.594
136.122
136.95
135.896
132.814
127.66
120.546
111.719
101.487
90.0935
77.6448
64.0723
49.2077
33.0419
20.5574
40.3737
40.3737
50.5633
50.5633
64.4464
64.4464
77.2449
77.2449
88.9036
88.9036
99.3798
99.3798
108.64
108.64
116.653
116.653
123.385
123.385
128.783
128.783
132.765
132.765
135.208
135.208
135.95
135.95
134.817
134.817
131.675
131.675
126.498
126.498
119.404
119.404
110.639
110.639
100.501
100.501
89.2196
89.2196
76.8922
76.8922
63.4486
63.4486
48.7255
48.7255
32.7198
32.7198
20.3617
20.3617
40.3954
40.3954
40.3954
50.5779
50.5779
50.5779
64.481
64.481
64.481
77.2983
77.2983
77.2983
88.9745
88.9745
88.9745
99.4667
99.4667
99.4667
108.741
108.741
108.741
116.769
116.769
116.769
123.513
123.513
123.513
128.924
128.924
128.924
132.92
132.92
132.92
135.376
135.376
135.376
136.132
136.132
136.132
135.011
135.011
135.011
131.878
131.878
131.878
126.703
126.703
126.703
119.605
119.605
119.605
110.828
110.828
110.828
100.673
100.673
100.673
89.3716
89.3716
89.3716
77.0229
77.0229
77.0229
63.5567
63.5567
63.5567
48.8089
48.8089
48.8089
32.7756
32.7756
32.7756
20.3957
20.3957
20.3957
40.4462
50.5477
64.5496
77.4599
89.2231
99.7961
109.146
117.242
124.054
129.53
133.594
136.121
136.95
135.896
132.813
127.66
120.546
111.719
101.487
90.0934
77.6447
64.0723
49.2076
33.0419
20.5574
40.3737
40.3737
50.5633
50.5633
64.4464
64.4464
77.2449
77.2449
88.9036
88.9036
99.3798
99.3798
108.64
108.64
116.653
116.653
123.385
123.385
128.783
128.783
132.765
132.765
135.208
135.208
135.95
135.95
134.817
134.817
131.675
131.675
126.498
126.498
119.404
119.404
110.639
110.639
100.501
100.501
89.2196
89.2196
76.8922
76.8922
63.4485
63.4485
48.7255
48.7255
32.7198
32.7198
20.3617
20.3617
40.3737
40.3737
50.5633
50.5633
64.4463
64.4463
77.2448
77.2448
88.9036
88.9036
99.3798
99.3798
108.64
108.64
116.653
116.653
123.385
123.385
128.783
128.783
132.765
132.765
135.208
135.208
135.95
135.95
134.817
134.817
131.675
131.675
126.498
126.498
119.404
119.404
110.639
110.639
100.501
100.501
89.2196
89.2196
76.8922
76.8922
63.4486
63.4486
48.7255
48.7255
32.7198
32.7198
20.3617
20.3617
40.4462
50.5477
64.5496
77.4599
89.2231
99.7961
109.146
117.242
124.054
129.53
133.594
136.122
136.95
135.896
132.814
127.66
120.546
111.719
101.487
90.0935
77.6448
64.0723
49.2077
33.0419
20.5574
)
;
    }
    baffle_master
    {
        type            calculated;
        value           nonuniform List<scalar> 
150
(
0.0053461
0.0053461
0.0053461
0.0053536
0.0053536
0.0053536
0.00532334
0.00532334
0.00532334
0.00529332
0.00529332
0.00529332
0.00527684
0.00527684
0.00527684
0.00527794
0.00527794
0.00527794
0.00529083
0.00529083
0.00529083
0.00530522
0.00530522
0.00530522
0.00531297
0.00531297
0.00531297
0.00531207
0.00531207
0.00531207
0.00530665
0.00530665
0.00530665
0.00530347
0.00530347
0.00530347
0.00530757
0.00530757
0.00530757
0.00531944
0.00531944
0.00531944
0.00533512
0.00533512
0.00533512
0.00534865
0.00534865
0.00534865
0.00535525
0.00535525
0.00535525
0.00535323
0.00535323
0.00535323
0.0053435
0.0053435
0.0053435
0.00532734
0.00532734
0.00532734
0.00530478
0.00530478
0.00530478
0.00527701
0.00527701
0.00527701
0.00523025
0.00523025
0.00523025
0.00517282
0.00517282
0.00517282
0.00256006
0.00256006
0.00256006
0.0053461
0.0053461
0.0053461
0.0053536
0.0053536
0.0053536
0.00532334
0.00532334
0.00532334
0.00529332
0.00529332
0.00529332
0.00527684
0.00527684
0.00527684
0.00527794
0.00527794
0.00527794
0.00529083
0.00529083
0.00529083
0.00530522
0.00530522
0.00530522
0.00531297
0.00531297
0.00531297
0.00531207
0.00531207
0.00531207
0.00530665
0.00530665
0.00530665
0.00530347
0.00530347
0.00530347
0.00530757
0.00530757
0.00530757
0.00531944
0.00531944
0.00531944
0.00533512
0.00533512
0.00533512
0.00534865
0.00534865
0.00534865
0.00535525
0.00535525
0.00535525
0.00535323
0.00535323
0.00535323
0.0053435
0.0053435
0.0053435
0.00532734
0.00532734
0.00532734
0.00530478
0.00530478
0.00530478
0.00527701
0.00527701
0.00527701
0.00523025
0.00523025
0.00523025
0.00517282
0.00517282
0.00517282
0.00256006
0.00256006
0.00256006
)
;
    }
    baffle_slave
    {
        type            calculated;
        value           nonuniform List<scalar> 
150
(
40.448
40.4462
40.4462
50.5138
50.5477
50.5477
64.5465
64.5496
64.5496
77.4853
77.4599
77.4599
89.2756
89.2231
89.2231
99.8738
99.7961
99.7961
109.247
109.146
109.146
117.366
117.242
117.242
124.198
124.054
124.054
129.695
129.53
129.53
133.78
133.594
133.594
136.33
136.122
136.122
137.182
136.95
136.95
136.149
135.896
135.896
133.083
132.814
132.814
127.938
127.66
127.66
120.821
120.546
120.546
111.981
111.719
111.719
101.727
101.487
101.487
90.3067
90.0935
90.0935
77.8289
77.6448
77.6448
64.2252
64.0723
64.0723
49.3261
49.2076
49.2077
33.121
33.0419
33.0419
20.6055
20.5574
20.5574
40.4462
40.448
40.4462
50.5477
50.5138
50.5477
64.5496
64.5465
64.5496
77.4599
77.4854
77.4599
89.2231
89.2756
89.2231
99.7961
99.8738
99.7961
109.146
109.247
109.146
117.242
117.366
117.242
124.054
124.198
124.054
129.53
129.695
129.53
133.594
133.78
133.594
136.122
136.33
136.121
136.95
137.182
136.95
135.896
136.149
135.896
132.814
133.083
132.813
127.66
127.938
127.66
120.546
120.821
120.546
111.719
111.981
111.719
101.487
101.727
101.487
90.0935
90.3067
90.0934
77.6448
77.8288
77.6447
64.0723
64.2252
64.0723
49.2077
49.3261
49.2076
33.0419
33.121
33.0419
20.5574
20.6055
20.5574
)
;
    }
}


// ************************************************************************* //
