/*--------------------------------*- C++ -*----------------------------------*\
| =========                 |                                                 |
| \\      /  F ield         | OpenFOAM: The Open Source CFD Toolbox           |
|  \\    /   O peration     | Version:  2212                                  |
|   \\  /    A nd           | Website:  www.openfoam.com                      |
|    \\/     M anipulation  |                                                 |
\*---------------------------------------------------------------------------*/
FoamFile
{
    version     2.0;
    format      ascii;
    arch        "LSB;label=32;scalar=64";
    class       volScalarField;
    location    "44/fluidRegion";
    object      k;
}
// * * * * * * * * * * * * * * * * * * * * * * * * * * * * * * * * * * * * * //

dimensions      [0 2 -2 0 0 0 0];

internalField   nonuniform List<scalar> 
350
(
0.421081
0.421012
0.420945
0.420877
0.420811
0.420744
0.420676
0.420609
0.420541
0.420474
0.420408
0.420344
0.420284
0.420229
0.420181
0.420147
0.420132
0.420147
0.42021
0.420346
0.420592
0.421006
0.421676
0.422735
0.424385
0.421081
0.421012
0.420945
0.420877
0.420811
0.420744
0.420676
0.420609
0.420541
0.420474
0.420408
0.420344
0.420284
0.420229
0.420181
0.420147
0.420132
0.420147
0.42021
0.420346
0.420592
0.421006
0.421676
0.422735
0.424385
404.89
382.495
356.998
328.9
298.983
268.024
236.769
205.92
176.113
147.912
121.794
98.1391
77.2223
59.1999
44.1045
31.8445
22.2159
14.9266
9.62887
5.95444
3.54446
2.07044
1.24949
0.8533
0.713428
410.575
387.919
362.122
333.672
303.366
271.991
240.305
209.019
178.78
150.161
123.647
99.627
78.382
60.0737
44.7382
32.2845
22.5068
15.1082
9.73469
6.01105
3.57154
2.08159
1.25324
0.854324
0.713815
403.948
381.595
356.152
328.115
298.265
267.376
236.194
205.417
175.682
147.55
121.496
97.9012
77.0374
59.0608
44.0037
31.7745
22.1696
14.8975
9.61173
5.94506
3.53975
2.06831
1.24861
0.852959
0.713296
409.327
386.725
360.991
332.617
302.395
271.11
239.518
208.327
178.183
149.656
123.23
99.2917
78.12
59.8759
44.5944
32.1845
22.4406
15.0668
9.71057
5.99815
3.56539
2.07908
1.25241
0.854111
0.713739
409.327
386.726
360.991
332.617
302.395
271.11
239.518
208.327
178.183
149.656
123.23
99.2917
78.12
59.8759
44.5944
32.1845
22.4406
15.0668
9.71057
5.99815
3.56539
2.07907
1.25241
0.854111
0.713739
403.949
381.595
356.153
328.115
298.265
267.376
236.194
205.418
175.682
147.55
121.497
97.9013
77.0375
59.0609
44.0038
31.7746
22.1696
14.8975
9.61174
5.94506
3.53975
2.0683
1.24861
0.852958
0.713295
410.575
387.919
362.122
333.672
303.366
271.991
240.305
209.019
178.78
150.161
123.647
99.627
78.382
60.0737
44.7382
32.2845
22.5068
15.1082
9.73469
6.01105
3.57154
2.08159
1.25324
0.854324
0.713814
404.89
382.495
356.998
328.9
298.983
268.024
236.769
205.92
176.113
147.912
121.794
98.1391
77.2223
59.1999
44.1045
31.8445
22.2159
14.9266
9.62888
5.95445
3.54446
2.07044
1.24949
0.853303
0.71343
409.327
386.726
360.991
332.617
302.395
271.11
239.518
208.327
178.183
149.656
123.23
99.2917
78.12
59.8759
44.5944
32.1845
22.4406
15.0668
9.71058
5.99816
3.56539
2.07908
1.25241
0.854113
0.71374
403.948
381.595
356.152
328.115
298.265
267.376
236.194
205.417
175.682
147.55
121.496
97.9012
77.0374
59.0608
44.0037
31.7745
22.1696
14.8975
9.61172
5.94505
3.53974
2.0683
1.2486
0.852954
0.713293
403.949
381.595
356.153
328.115
298.265
267.376
236.194
205.418
175.682
147.55
121.497
97.9013
77.0374
59.0609
44.0038
31.7745
22.1696
14.8975
9.61173
5.94506
3.53975
2.0683
1.2486
0.852957
0.713294
409.327
386.726
360.991
332.617
302.395
271.11
239.518
208.327
178.183
149.656
123.23
99.2917
78.12
59.8759
44.5944
32.1845
22.4406
15.0668
9.71057
5.99816
3.56539
2.07908
1.25241
0.854115
0.713743
)
;

boundaryField
{
    outletCentralUnloaded
    {
        type            zeroGradient;
    }
    inletCentralUnloaded
    {
        type            zeroGradient;
    }
    outletFuelElement
    {
        type            zeroGradient;
    }
    inletFuelElement
    {
        type            zeroGradient;
    }
    defaultFaces
    {
        type            zeroGradient;
    }
    baffle_master
    {
        type            zeroGradient;
    }
    baffle_slave
    {
        type            zeroGradient;
    }
}


// ************************************************************************* //
