/*--------------------------------*- C++ -*----------------------------------*\
| =========                 |                                                 |
| \\      /  F ield         | OpenFOAM: The Open Source CFD Toolbox           |
|  \\    /   O peration     | Version:  2212                                  |
|   \\  /    A nd           | Website:  www.openfoam.com                      |
|    \\/     M anipulation  |                                                 |
\*---------------------------------------------------------------------------*/
FoamFile
{
    version     2.0;
    format      ascii;
    arch        "LSB;label=32;scalar=64";
    class       volScalarField;
    location    "44/fluidRegion";
    object      nut;
}
// * * * * * * * * * * * * * * * * * * * * * * * * * * * * * * * * * * * * * //

dimensions      [0 2 -1 0 0 0 0];

internalField   nonuniform List<scalar> 
350
(
0.000537597
0.000537553
0.000537509
0.000537466
0.000537426
0.000537387
0.000537348
0.000537307
0.000537263
0.000537217
0.000537169
0.000537123
0.00053708
0.000537042
0.000537009
0.000536983
0.000536965
0.000536961
0.000536978
0.000537027
0.00053713
0.000537313
0.000537618
0.000538108
0.0005395
0.000537597
0.000537553
0.000537509
0.000537466
0.000537426
0.000537387
0.000537348
0.000537307
0.000537263
0.000537217
0.000537169
0.000537123
0.00053708
0.000537042
0.000537009
0.000536983
0.000536965
0.000536961
0.000536978
0.000537027
0.00053713
0.000537313
0.000537618
0.000538108
0.0005395
0.0103948
0.0101773
0.00990767
0.0095821
0.00920549
0.00878302
0.00832003
0.00782202
0.00729464
0.00674375
0.00617552
0.00559653
0.00501391
0.00443543
0.00386935
0.00332415
0.00280799
0.00232824
0.00189113
0.00150189
0.00116511
0.00088526
0.00066659
0.000511688
0.000416375
0.0104619
0.0102432
0.00997271
0.00964569
0.00926721
0.00884248
0.00837686
0.00787588
0.00734522
0.00679076
0.00621868
0.0056356
0.0050487
0.0044658
0.00389525
0.00334566
0.00282531
0.00234168
0.00190111
0.00150887
0.00116961
0.000887811
0.000667774
0.000512067
0.000416441
0.010384
0.0101664
0.00989704
0.00957174
0.00919547
0.0087734
0.00831086
0.00781336
0.00728653
0.00673624
0.00616865
0.00559032
0.0050084
0.00443063
0.00386525
0.00332074
0.00280524
0.00232609
0.00188952
0.00150073
0.00116433
0.00088477
0.000666308
0.000511539
0.000416325
0.0104471
0.0102286
0.00995827
0.00963154
0.00925345
0.00882919
0.00836414
0.0078638
0.00733385
0.00678017
0.00620894
0.00562677
0.00504082
0.00445891
0.00388937
0.00334076
0.00282136
0.00233862
0.00189884
0.00150728
0.00116859
0.000887236
0.000667513
0.000511992
0.000416432
0.0104471
0.0102286
0.00995827
0.00963154
0.00925345
0.00882919
0.00836414
0.0078638
0.00733385
0.00678017
0.00620894
0.00562677
0.00504082
0.00445891
0.00388937
0.00334076
0.00282136
0.00233862
0.00189884
0.00150728
0.00116859
0.000887236
0.000667513
0.000511992
0.000416432
0.010384
0.0101664
0.00989704
0.00957174
0.00919547
0.0087734
0.00831087
0.00781336
0.00728654
0.00673625
0.00616865
0.00559032
0.0050084
0.00443063
0.00386526
0.00332074
0.00280524
0.00232609
0.00188952
0.00150073
0.00116433
0.00088477
0.000666308
0.000511538
0.000416325
0.0104619
0.0102432
0.00997271
0.00964569
0.00926721
0.00884248
0.00837686
0.00787588
0.00734522
0.00679076
0.00621868
0.0056356
0.0050487
0.0044658
0.00389525
0.00334566
0.00282531
0.00234168
0.00190111
0.00150887
0.00116961
0.000887811
0.000667774
0.000512067
0.000416441
0.0103948
0.0101773
0.00990767
0.0095821
0.00920549
0.00878302
0.00832003
0.00782202
0.00729464
0.00674375
0.00617552
0.00559653
0.00501391
0.00443543
0.00386935
0.00332415
0.00280799
0.00232824
0.00189113
0.00150189
0.00116511
0.000885261
0.000666591
0.000511689
0.000416376
0.0104471
0.0102286
0.00995827
0.00963154
0.00925345
0.00882919
0.00836414
0.0078638
0.00733385
0.00678017
0.00620894
0.00562677
0.00504082
0.00445891
0.00388937
0.00334076
0.00282136
0.00233862
0.00189884
0.00150728
0.00116859
0.000887237
0.000667514
0.000511992
0.000416432
0.010384
0.0101664
0.00989704
0.00957174
0.00919547
0.0087734
0.00831087
0.00781336
0.00728653
0.00673624
0.00616865
0.00559032
0.0050084
0.00443063
0.00386525
0.00332074
0.00280524
0.00232609
0.00188952
0.00150073
0.00116433
0.000884768
0.000666306
0.000511537
0.000416324
0.010384
0.0101664
0.00989704
0.00957174
0.00919547
0.0087734
0.00831087
0.00781336
0.00728654
0.00673625
0.00616865
0.00559032
0.0050084
0.00443063
0.00386526
0.00332074
0.00280524
0.00232609
0.00188952
0.00150073
0.00116433
0.00088477
0.000666307
0.000511538
0.000416325
0.0104471
0.0102286
0.00995827
0.00963154
0.00925345
0.00882919
0.00836414
0.0078638
0.00733385
0.00678017
0.00620894
0.00562677
0.00504082
0.00445891
0.00388937
0.00334076
0.00282136
0.00233862
0.00189884
0.00150728
0.00116859
0.000887238
0.000667515
0.000511994
0.000416434
)
;

boundaryField
{
    outletCentralUnloaded
    {
        type            zeroGradient;
    }
    inletCentralUnloaded
    {
        type            zeroGradient;
    }
    outletFuelElement
    {
        type            zeroGradient;
    }
    inletFuelElement
    {
        type            zeroGradient;
    }
    defaultFaces
    {
        type            zeroGradient;
    }
    baffle_master
    {
        type            calculated;
        value           nonuniform List<scalar> 
150
(
0.000537597
0.000537597
0.000537597
0.000537553
0.000537553
0.000537553
0.000537509
0.000537509
0.000537509
0.000537466
0.000537466
0.000537466
0.000537426
0.000537426
0.000537426
0.000537387
0.000537387
0.000537387
0.000537348
0.000537348
0.000537348
0.000537307
0.000537307
0.000537307
0.000537263
0.000537263
0.000537263
0.000537217
0.000537217
0.000537217
0.000537169
0.000537169
0.000537169
0.000537123
0.000537123
0.000537123
0.00053708
0.00053708
0.00053708
0.000537042
0.000537042
0.000537042
0.000537009
0.000537009
0.000537009
0.000536983
0.000536983
0.000536983
0.000536965
0.000536965
0.000536965
0.000536961
0.000536961
0.000536961
0.000536978
0.000536978
0.000536978
0.000537027
0.000537027
0.000537027
0.00053713
0.00053713
0.00053713
0.000537313
0.000537313
0.000537313
0.000537618
0.000537618
0.000537618
0.000538108
0.000538108
0.000538108
0.0005395
0.0005395
0.0005395
0.000537597
0.000537597
0.000537597
0.000537553
0.000537553
0.000537553
0.000537509
0.000537509
0.000537509
0.000537466
0.000537466
0.000537466
0.000537426
0.000537426
0.000537426
0.000537387
0.000537387
0.000537387
0.000537348
0.000537348
0.000537348
0.000537307
0.000537307
0.000537307
0.000537263
0.000537263
0.000537263
0.000537217
0.000537217
0.000537217
0.000537169
0.000537169
0.000537169
0.000537123
0.000537123
0.000537123
0.00053708
0.00053708
0.00053708
0.000537042
0.000537042
0.000537042
0.000537009
0.000537009
0.000537009
0.000536983
0.000536983
0.000536983
0.000536965
0.000536965
0.000536965
0.000536961
0.000536961
0.000536961
0.000536978
0.000536978
0.000536978
0.000537027
0.000537027
0.000537027
0.00053713
0.00053713
0.00053713
0.000537313
0.000537313
0.000537313
0.000537618
0.000537618
0.000537618
0.000538108
0.000538108
0.000538108
0.0005395
0.0005395
0.0005395
)
;
    }
    baffle_slave
    {
        type            calculated;
        value           nonuniform List<scalar> 
150
(
0.0104619
0.0104471
0.0104471
0.0102432
0.0102286
0.0102286
0.00997271
0.00995827
0.00995827
0.00964569
0.00963154
0.00963154
0.00926721
0.00925345
0.00925345
0.00884248
0.00882919
0.00882919
0.00837686
0.00836414
0.00836414
0.00787588
0.0078638
0.0078638
0.00734522
0.00733385
0.00733385
0.00679076
0.00678017
0.00678017
0.00621868
0.00620894
0.00620894
0.0056356
0.00562677
0.00562677
0.0050487
0.00504082
0.00504082
0.0044658
0.00445891
0.00445891
0.00389525
0.00388937
0.00388937
0.00334566
0.00334076
0.00334076
0.00282531
0.00282136
0.00282136
0.00234168
0.00233862
0.00233862
0.00190111
0.00189884
0.00189884
0.00150887
0.00150728
0.00150728
0.00116961
0.00116859
0.00116859
0.000887811
0.000887236
0.000887238
0.000667774
0.000667513
0.000667515
0.000512067
0.000511992
0.000511994
0.000416441
0.000416432
0.000416434
0.0104471
0.0104619
0.0104471
0.0102286
0.0102432
0.0102286
0.00995827
0.00997271
0.00995827
0.00963154
0.00964569
0.00963154
0.00925345
0.00926721
0.00925345
0.00882919
0.00884248
0.00882919
0.00836414
0.00837686
0.00836414
0.0078638
0.00787588
0.0078638
0.00733385
0.00734522
0.00733385
0.00678017
0.00679076
0.00678017
0.00620894
0.00621868
0.00620894
0.00562677
0.0056356
0.00562677
0.00504082
0.0050487
0.00504082
0.00445891
0.0044658
0.00445891
0.00388937
0.00389525
0.00388937
0.00334076
0.00334566
0.00334076
0.00282136
0.00282531
0.00282136
0.00233862
0.00234168
0.00233862
0.00189884
0.00190111
0.00189884
0.00150728
0.00150887
0.00150728
0.00116859
0.00116961
0.00116859
0.000887236
0.000887811
0.000887237
0.000667513
0.000667774
0.000667514
0.000511992
0.000512067
0.000511992
0.000416432
0.000416441
0.000416432
)
;
    }
}


// ************************************************************************* //
