/*--------------------------------*- C++ -*----------------------------------*\
| =========                 |                                                 |
| \\      /  F ield         | OpenFOAM: The Open Source CFD Toolbox           |
|  \\    /   O peration     | Version:  2212                                  |
|   \\  /    A nd           | Website:  www.openfoam.com                      |
|    \\/     M anipulation  |                                                 |
\*---------------------------------------------------------------------------*/
FoamFile
{
    version     2.0;
    format      ascii;
    arch        "LSB;label=32;scalar=64";
    class       volVectorField;
    location    "44/fluidRegion";
    object      U;
}
// * * * * * * * * * * * * * * * * * * * * * * * * * * * * * * * * * * * * * //

dimensions      [0 1 -1 0 0 0 0];

internalField   nonuniform List<vector> 
350
(
(3.44545e-09 1.98923e-09 -14.9677)
(5.13807e-09 2.96646e-09 -14.9664)
(6.67959e-09 3.85645e-09 -14.9652)
(5.9789e-09 3.45191e-09 -14.964)
(1.95548e-09 1.129e-09 -14.963)
(-4.61704e-09 -2.66564e-09 -14.9621)
(-1.10678e-08 -6.38997e-09 -14.9611)
(-1.45208e-08 -8.38357e-09 -14.96)
(-1.36223e-08 -7.8648e-09 -14.9588)
(-8.93902e-09 -5.16093e-09 -14.9573)
(-2.40473e-09 -1.38837e-09 -14.9558)
(3.68301e-09 2.12638e-09 -14.9543)
(7.61536e-09 4.39672e-09 -14.9529)
(8.78557e-09 5.07233e-09 -14.9517)
(7.67458e-09 4.43091e-09 -14.9505)
(5.404e-09 3.11999e-09 -14.9495)
(3.136e-09 1.81057e-09 -14.9483)
(1.57934e-09 9.1183e-10 -14.947)
(7.95069e-10 4.59032e-10 -14.9457)
(3.75818e-10 2.16978e-10 -14.9442)
(-1.40791e-10 -8.12856e-11 -14.9428)
(-9.84458e-10 -5.68375e-10 -14.9415)
(-1.87309e-09 -1.08143e-09 -14.9403)
(-1.80891e-09 -1.04437e-09 -14.9392)
(-2.06991e-09 -1.19506e-09 -14.9694)
(3.44545e-09 1.98923e-09 -14.9677)
(5.13807e-09 2.96646e-09 -14.9664)
(6.67959e-09 3.85645e-09 -14.9652)
(5.9789e-09 3.45191e-09 -14.964)
(1.95548e-09 1.129e-09 -14.963)
(-4.61704e-09 -2.66564e-09 -14.9621)
(-1.10678e-08 -6.38997e-09 -14.9611)
(-1.45208e-08 -8.38357e-09 -14.96)
(-1.36223e-08 -7.8648e-09 -14.9588)
(-8.93902e-09 -5.16093e-09 -14.9573)
(-2.40473e-09 -1.38837e-09 -14.9558)
(3.68301e-09 2.12638e-09 -14.9543)
(7.61536e-09 4.39672e-09 -14.9529)
(8.78557e-09 5.07233e-09 -14.9517)
(7.67458e-09 4.43091e-09 -14.9505)
(5.404e-09 3.11999e-09 -14.9495)
(3.136e-09 1.81057e-09 -14.9483)
(1.57934e-09 9.1183e-10 -14.947)
(7.95069e-10 4.59032e-10 -14.9457)
(3.75818e-10 2.16978e-10 -14.9442)
(-1.40791e-10 -8.12856e-11 -14.9428)
(-9.84458e-10 -5.68375e-10 -14.9415)
(-1.87309e-09 -1.08143e-09 -14.9403)
(-1.80891e-09 -1.04437e-09 -14.9392)
(-2.06991e-09 -1.19506e-09 -14.9694)
(-0.00196765 -0.00113602 -422.658)
(-0.000942958 -0.000544417 -414.748)
(-0.00102338 -0.000590847 -404.731)
(-0.000920801 -0.000531624 -392.385)
(-0.000833435 -0.000481183 -377.903)
(-0.000752429 -0.000434415 -361.488)
(-0.000677327 -0.000391055 -343.35)
(-0.000604413 -0.000348958 -323.702)
(-0.000525659 -0.000303489 -302.767)
(-0.00042788 -0.000247036 -280.77)
(-0.000294618 -0.000170098 -257.953)
(-0.000109734 -6.33549e-05 -234.572)
(0.000131402 7.58649e-05 -210.908)
(0.000409275 0.000236295 -187.273)
(0.000692474 0.0003998 -164.005)
(0.000933547 0.000538983 -141.457)
(0.00109549 0.00063248 -119.977)
(0.00116857 0.000674676 -99.8777)
(0.00117199 0.000676648 -81.4278)
(0.00113968 0.000657994 -64.8482)
(0.00110193 0.000636198 -50.3308)
(0.00106581 0.000615347 -38.0636)
(0.00101592 0.000586539 -28.255)
(0.000881452 0.000508906 -21.1302)
(0.000838236 0.000483956 -16.6337)
(-0.00190824 -0.00111183 -425.379)
(-0.000698733 -0.00039484 -417.426)
(-0.000792068 -0.00044963 -407.378)
(-0.000721349 -0.000408097 -394.979)
(-0.000661468 -0.000372991 -380.427)
(-0.000606007 -0.000339959 -363.926)
(-0.000554447 -0.000308964 -345.686)
(-0.000503887 -0.000278643 -325.924)
(-0.000448526 -0.000245425 -304.86)
(-0.000378893 -0.000203792 -282.723)
(-0.000283633 -0.000147374 -259.753)
(-0.000151291 -6.96872e-05 -236.209)
(2.17479e-05 3.22609e-05 -212.373)
(0.00021471 0.000146091 -188.559)
(0.000410094 0.000262064 -165.108)
(0.000574131 0.000360816 -142.379)
(0.000682201 0.000428433 -120.724)
(0.000728774 0.000461702 -100.463)
(0.000727527 0.000468749 -81.8659)
(0.000702449 0.000462036 -65.1583)
(0.000674534 0.000453505 -50.5333)
(0.000652042 0.000444065 -38.1806)
(0.000628605 0.000431161 -28.3099)
(0.000573718 0.000388112 -21.1472)
(0.000607811 0.000380415 -16.6357)
(-0.000876056 -0.000659117 -422.223)
(-0.000512108 -0.000959397 -414.311)
(-0.000499767 -0.00091687 -404.302)
(-0.000455129 -0.000805733 -391.966)
(-0.00041346 -0.000707979 -377.497)
(-0.000375274 -0.000617781 -361.097)
(-0.000339377 -0.000534447 -342.976)
(-0.000303017 -0.000453976 -323.348)
(-0.000260723 -0.000367367 -302.434)
(-0.000204415 -0.00025998 -280.461)
(-0.0001249 -0.000112629 -257.668)
(-1.55644e-05 9.12074e-05 -234.313)
(0.000126113 0.000355116 -210.677)
(0.000278778 0.000670415 -187.071)
(0.000428368 0.000991269 -163.831)
(0.000547642 0.00126499 -141.312)
(0.000619662 0.00144824 -119.858)
(0.00064339 0.00152912 -99.7847)
(0.000632088 0.00152998 -81.3573)
(0.000604856 0.00148959 -64.7972)
(0.000575913 0.00144132 -50.296)
(0.00055056 0.00138762 -38.0415)
(0.000512124 0.00129371 -28.2421)
(0.000447926 0.00104982 -21.1233)
(0.000392467 0.000827762 -16.6314)
(-0.000976299 -0.000563665 -424.773)
(-0.000923519 -0.000533192 -416.83)
(-0.000889697 -0.000513665 -406.786)
(-0.000792245 -0.000457402 -394.398)
(-0.000705122 -0.000407101 -379.861)
(-0.000624835 -0.000360747 -363.378)
(-0.000550107 -0.000317603 -345.16)
(-0.000476876 -0.000275324 -325.423)
(-0.000395916 -0.000228581 -304.387)
(-0.000292945 -0.000169131 -282.281)
(-0.000150343 -8.68004e-05 -259.345)
(4.64336e-05 2.68084e-05 -235.838)
(0.000301236 0.000173918 -212.04)
(0.000595002 0.000343524 -188.266)
(0.000890347 0.000514041 -164.857)
(0.00113714 0.000656523 -142.169)
(0.00129754 0.000749131 -120.554)
(0.00136345 0.000787183 -100.329)
(0.00135734 0.000783656 -81.7659)
(0.00131533 0.000759405 -65.0876)
(0.00126715 0.00073159 -50.4873)
(0.00121785 0.000703126 -38.1542)
(0.00113514 0.000655372 -28.2978)
(0.000941959 0.000543839 -21.1438)
(0.000767495 0.000443112 -16.6355)
(0.000953983 0.000550781 -424.773)
(0.000920231 0.000531295 -416.83)
(0.000884333 0.000510569 -406.786)
(0.00078683 0.000454276 -394.398)
(0.000699141 0.000403648 -379.861)
(0.000618598 0.000357147 -363.378)
(0.00054413 0.000314153 -345.16)
(0.000471096 0.000271987 -325.423)
(0.000390761 0.000225606 -304.387)
(0.0002889 0.000166796 -282.281)
(0.000147394 8.50977e-05 -259.345)
(-4.81894e-05 -2.78221e-05 -235.838)
(-0.000301431 -0.000174031 -212.04)
(-0.000593266 -0.000342522 -188.266)
(-0.000886258 -0.00051168 -164.857)
(-0.00113039 -0.000652629 -142.169)
(-0.00128823 -0.000743757 -120.554)
(-0.0013519 -0.000780517 -100.329)
(-0.00134334 -0.000775578 -81.7659)
(-0.00129913 -0.000750049 -65.0876)
(-0.00124902 -0.000721118 -50.4873)
(-0.00119773 -0.000691509 -38.1542)
(-0.00111294 -0.000642557 -28.2978)
(-0.000922586 -0.000532654 -21.1438)
(-0.000752379 -0.000434385 -16.6355)
(0.000993789 0.000434698 -422.224)
(0.00108615 -4.01167e-05 -414.311)
(0.00104166 -2.93598e-05 -404.302)
(0.000923166 -1.29784e-05 -391.966)
(0.000817582 -1.08021e-06 -377.497)
(0.000720413 1.02457e-05 -361.097)
(0.000630551 2.01626e-05 -342.976)
(0.000542953 2.81356e-05 -323.348)
(0.000447275 3.41139e-05 -302.434)
(0.000326776 3.84788e-05 -280.461)
(0.000160135 4.24925e-05 -257.669)
(-7.03643e-05 4.89163e-05 -234.314)
(-0.000368696 5.69903e-05 -210.677)
(-0.000716914 8.1459e-05 -187.071)
(-0.0010682 0.000111393 -163.831)
(-0.00136337 0.000144065 -141.312)
(-0.0015565 0.000172175 -119.859)
(-0.0016369 0.000190826 -99.7847)
(-0.00163035 0.000200212 -81.3573)
(-0.00158026 0.000203429 -64.7972)
(-0.00152255 0.000204867 -50.296)
(-0.00146234 0.000202658 -38.0414)
(-0.00136113 0.000194412 -28.242)
(-0.00112005 0.000132801 -21.1233)
(-0.000902019 7.12532e-05 -16.6314)
(0.00190303 0.00111953 -425.379)
(0.000691964 0.000404514 -417.426)
(0.000784708 0.000459767 -407.378)
(0.000713546 0.000418606 -394.979)
(0.0006531 0.000383564 -380.427)
(0.000596979 0.000351292 -363.926)
(0.000544819 0.000321099 -345.686)
(0.000493808 0.000291328 -325.924)
(0.000438174 0.000258603 -304.86)
(0.000368415 0.000217556 -282.723)
(0.00027306 0.000161367 -259.753)
(0.000140619 8.39027e-05 -236.209)
(-3.22478e-05 -1.78768e-05 -212.373)
(-0.000224993 -0.000131069 -188.559)
(-0.000419969 -0.000245867 -165.108)
(-0.00058327 -0.000342785 -142.379)
(-0.000690238 -0.000407864 -120.724)
(-0.00073481 -0.000437894 -100.463)
(-0.000729715 -0.000440929 -81.8659)
(-0.000697532 -0.000431009 -65.1583)
(-0.000658945 -0.000420069 -50.5333)
(-0.000621445 -0.000411393 -38.1806)
(-0.000581173 -0.000398425 -28.3099)
(-0.000516648 -0.000363272 -21.1472)
(-0.000542199 -0.000381866 -16.6357)
(0.00196752 0.00113595 -422.658)
(0.000942699 0.000544267 -414.748)
(0.00102297 0.000590612 -404.731)
(0.000920292 0.00053133 -392.385)
(0.000832716 0.000480768 -377.903)
(0.000751649 0.000433965 -361.488)
(0.000676504 0.000390579 -343.35)
(0.000603565 0.000348468 -323.702)
(0.000524836 0.000303014 -302.767)
(0.000427158 0.00024662 -280.77)
(0.000293902 0.000169684 -257.953)
(0.000109066 6.29691e-05 -234.572)
(-0.000131947 -7.61798e-05 -210.908)
(-0.000409574 -0.000236468 -187.273)
(-0.000692314 -0.000399708 -164.005)
(-0.000932624 -0.00053845 -141.457)
(-0.00109346 -0.000631311 -119.977)
(-0.00116484 -0.000672523 -99.8777)
(-0.00116553 -0.000672917 -81.4278)
(-0.00112916 -0.000651922 -64.8482)
(-0.00108576 -0.000626861 -50.3308)
(-0.00104256 -0.000601921 -38.0636)
(-0.000983901 -0.000568055 -28.255)
(-0.000846148 -0.000488523 -21.1302)
(-0.00080451 -0.000464484 -16.6337)
(0.000971143 0.000560688 -424.773)
(0.000916965 0.000529409 -416.83)
(0.000882529 0.000509527 -406.786)
(0.000784496 0.000452928 -394.398)
(0.0006964 0.000402066 -379.861)
(0.000615293 0.000355239 -363.378)
(0.000540054 0.0003118 -345.16)
(0.000466213 0.000269168 -325.423)
(0.00038488 0.00022221 -304.387)
(0.000281827 0.000162712 -282.281)
(0.00013899 8.02455e-05 -259.345)
(-5.7886e-05 -3.34204e-05 -235.838)
(-0.000313214 -0.000180834 -212.04)
(-0.00060746 -0.000350716 -188.266)
(-0.000903598 -0.000521691 -164.857)
(-0.00115186 -0.000665027 -142.169)
(-0.00131531 -0.000759395 -120.554)
(-0.0013865 -0.000800496 -100.329)
(-0.00138834 -0.000801555 -81.7659)
(-0.00135745 -0.000783724 -65.0876)
(-0.00132414 -0.000764492 -50.4873)
(-0.00128951 -0.000744497 -38.1542)
(-0.00121911 -0.000703853 -28.2978)
(-0.00102717 -0.000593032 -21.1438)
(-0.000839963 -0.000484952 -16.6355)
(0.000868893 0.000661538 -422.223)
(0.000502945 0.000962591 -414.311)
(0.000489789 0.000920255 -404.302)
(0.000444463 0.000809219 -391.966)
(0.000401839 0.000711609 -377.497)
(0.000362694 0.000621712 -361.097)
(0.000326035 0.00053867 -342.976)
(0.000289008 0.000458425 -323.348)
(0.000246322 0.000371957 -302.434)
(0.000189874 0.000264661 -280.461)
(0.000110275 0.000117345 -257.668)
(7.1518e-07 -8.64117e-05 -234.313)
(-0.000140968 -0.000350502 -210.677)
(-0.000293597 -0.000666045 -187.071)
(-0.000443183 -0.000987386 -163.831)
(-0.00056256 -0.00126203 -141.312)
(-0.000635216 -0.00144692 -119.858)
(-0.000660086 -0.00153064 -99.7847)
(-0.000650109 -0.00153646 -81.3573)
(-0.000623758 -0.00150421 -64.7972)
(-0.000595894 -0.00146758 -50.296)
(-0.000569474 -0.00142832 -38.0415)
(-0.000529513 -0.00134886 -28.242)
(-0.000462744 -0.00111161 -21.1233)
(-0.000397853 -0.000890561 -16.6314)
(-0.000995867 -0.000431747 -422.224)
(-0.00108865 4.37725e-05 -414.311)
(-0.00104442 3.3006e-05 -404.302)
(-0.000926157 1.66227e-05 -391.966)
(-0.000820921 4.21767e-06 -377.497)
(-0.000724022 -6.97753e-06 -361.097)
(-0.000634386 -1.66085e-05 -342.976)
(-0.000546998 -2.45037e-05 -323.348)
(-0.000451489 -3.02967e-05 -302.434)
(-0.00033106 -3.42145e-05 -280.461)
(-0.00016454 -3.80989e-05 -257.669)
(6.60762e-05 -4.4384e-05 -234.314)
(0.000364052 -5.24145e-05 -210.677)
(0.000712079 -7.62169e-05 -187.071)
(0.0010631 -0.000104876 -163.831)
(0.00135795 -0.000135459 -141.312)
(0.00155057 -0.000160695 -119.859)
(0.00163042 -0.00017539 -99.7847)
(0.00162362 -0.000178934 -81.3573)
(0.00157412 -0.000175086 -64.7972)
(0.00151844 -0.000168083 -50.296)
(0.00146263 -0.000157696 -38.0415)
(0.00136808 -0.000139943 -28.242)
(0.00113351 -7.99049e-05 -21.1233)
(0.000920342 -4.0317e-05 -16.6314)
(-0.000957084 -0.000552571 -424.773)
(-0.000924105 -0.000533531 -416.83)
(-0.000888644 -0.000513058 -406.786)
(-0.000791542 -0.000456996 -394.398)
(-0.000704723 -0.000406871 -379.861)
(-0.000624769 -0.00036071 -363.378)
(-0.000550625 -0.000317903 -345.16)
(-0.000478074 -0.000276016 -325.423)
(-0.000398047 -0.000229812 -304.387)
(-0.000296183 -0.000171001 -282.281)
(-0.000154952 -8.94611e-05 -259.345)
(4.07622e-05 2.3534e-05 -235.838)
(0.000293301 0.000169337 -212.04)
(0.000584784 0.000337625 -188.266)
(0.00087737 0.000506549 -164.857)
(0.00112091 0.000647155 -142.169)
(0.00127738 0.000737496 -120.554)
(0.00133879 0.000772946 -100.329)
(0.00132743 0.000766392 -81.7659)
(0.00127994 0.000738974 -65.0876)
(0.0012267 0.000708231 -50.4873)
(0.00117479 0.000678264 -38.1542)
(0.00109369 0.000631443 -28.2978)
(0.000909751 0.000525244 -21.1438)
(0.000745581 0.00043046 -16.6355)
)
;

boundaryField
{
    outletCentralUnloaded
    {
        type            zeroGradient;
    }
    inletCentralUnloaded
    {
        type            fixedValue;
        value           uniform (0 0 -15);
    }
    outletFuelElement
    {
        type            zeroGradient;
    }
    inletFuelElement
    {
        type            fixedValue;
        value           uniform (0 0 -15);
    }
    defaultFaces
    {
        type            slip;
    }
    baffle_master
    {
        type            slip;
    }
    baffle_slave
    {
        type            slip;
    }
}


// ************************************************************************* //
