/*--------------------------------*- C++ -*----------------------------------*\
| =========                 |                                                 |
| \\      /  F ield         | OpenFOAM: The Open Source CFD Toolbox           |
|  \\    /   O peration     | Version:  2212                                  |
|   \\  /    A nd           | Website:  www.openfoam.com                      |
|    \\/     M anipulation  |                                                 |
\*---------------------------------------------------------------------------*/
FoamFile
{
    version     2.0;
    format      ascii;
    arch        "LSB;label=32;scalar=64";
    class       volScalarField;
    location    "59/fluidRegion";
    object      alphat;
}
// * * * * * * * * * * * * * * * * * * * * * * * * * * * * * * * * * * * * * //

dimensions      [1 -1 -1 0 0 0 0];

internalField   nonuniform List<scalar> 
350
(
0.0025857
0.00258566
0.00258562
0.00258559
0.00258558
0.00258557
0.00258556
0.00258556
0.00258558
0.00258561
0.00258567
0.00258575
0.00258585
0.00258598
0.00258614
0.00258634
0.00258664
0.00258708
0.00258774
0.00258877
0.00259035
0.00259279
0.00259653
0.00260225
0.002611
0.0025857
0.00258566
0.00258562
0.00258559
0.00258558
0.00258557
0.00258556
0.00258557
0.00258558
0.00258561
0.00258567
0.00258575
0.00258585
0.00258598
0.00258614
0.00258634
0.00258664
0.00258708
0.00258774
0.00258877
0.00259035
0.00259279
0.00259653
0.00260225
0.002611
0.000895871
0.000884264
0.000872852
0.00086128
0.000849441
0.00083723
0.000824542
0.000811279
0.000797355
0.000782706
0.000767301
0.000751145
0.000734282
0.000716782
0.000698726
0.000680209
0.000661406
0.000642774
0.000625492
0.000612395
0.00060988
0.00063133
0.000699563
0.000832296
0.00100219
0.000888014
0.000876421
0.000865044
0.000853515
0.000841726
0.000829574
0.000816952
0.00080376
0.000789912
0.000775344
0.000760024
0.000743965
0.000727219
0.000709867
0.000692002
0.000673729
0.000655223
0.000636927
0.000619996
0.000607242
0.000605041
0.000626819
0.000695616
0.0008296
0.00100145
0.000897125
0.000885505
0.000874083
0.000862499
0.000850647
0.000838422
0.000825719
0.00081244
0.000798499
0.000783833
0.000768409
0.000752232
0.000735345
0.000717815
0.000699722
0.000681159
0.000662303
0.00064361
0.000626264
0.000613103
0.000610526
0.000631915
0.000700066
0.000832644
0.00100232
0.000889818
0.000878226
0.000866844
0.000855307
0.00084351
0.000831346
0.000818711
0.000805504
0.000791639
0.000777053
0.000761714
0.000745632
0.000728858
0.000711471
0.000693562
0.000675233
0.000656658
0.000638283
0.000621271
0.000608437
0.000606163
0.000627865
0.000696531
0.000830226
0.00100162
0.000889818
0.000878226
0.000866844
0.000855307
0.00084351
0.000831346
0.000818711
0.000805504
0.000791639
0.000777053
0.000761714
0.000745632
0.000728858
0.000711471
0.000693562
0.000675232
0.000656657
0.000638283
0.000621271
0.000608437
0.000606162
0.000627865
0.000696532
0.000830227
0.00100162
0.000897125
0.000885505
0.000874083
0.000862498
0.000850646
0.000838421
0.000825719
0.00081244
0.000798499
0.000783832
0.000768408
0.000752231
0.000735344
0.000717814
0.00069972
0.000681157
0.0006623
0.000643607
0.00062626
0.000613098
0.000610519
0.000631907
0.000700056
0.000832633
0.00100231
0.000888014
0.000876421
0.000865045
0.000853515
0.000841727
0.000829574
0.000816952
0.00080376
0.000789912
0.000775344
0.000760024
0.000743965
0.000727219
0.000709867
0.000692002
0.00067373
0.000655223
0.000636926
0.000619996
0.000607241
0.00060504
0.000626819
0.000695615
0.000829602
0.00100145
0.000895871
0.000884265
0.000872852
0.00086128
0.000849441
0.00083723
0.000824542
0.000811279
0.000797355
0.000782706
0.000767301
0.000751145
0.000734282
0.000716782
0.000698726
0.000680208
0.000661405
0.000642773
0.00062549
0.000612392
0.000609873
0.00063132
0.000699544
0.000832267
0.00100215
0.000889818
0.000878226
0.000866844
0.000855307
0.00084351
0.000831346
0.000818711
0.000805504
0.000791639
0.000777053
0.000761714
0.000745632
0.000728858
0.000711471
0.000693562
0.000675232
0.000656658
0.000638283
0.000621271
0.000608436
0.000606161
0.000627862
0.000696525
0.000830216
0.0010016
0.000897125
0.000885505
0.000874083
0.000862499
0.000850647
0.000838422
0.000825719
0.00081244
0.000798499
0.000783833
0.000768409
0.000752232
0.000735345
0.000717816
0.000699723
0.00068116
0.000662304
0.000643612
0.000626268
0.00061311
0.000610538
0.000631936
0.000700102
0.000832699
0.00100239
0.000897125
0.000885505
0.000874082
0.000862498
0.000850646
0.000838421
0.000825718
0.000812439
0.000798498
0.000783832
0.000768407
0.00075223
0.000735343
0.000717813
0.000699719
0.000681156
0.000662299
0.000643605
0.000626258
0.000613096
0.000610518
0.000631907
0.000700059
0.000832642
0.00100233
0.000889818
0.000878226
0.000866844
0.000855307
0.00084351
0.000831346
0.000818711
0.000805504
0.000791639
0.000777053
0.000761713
0.000745631
0.000728857
0.000711471
0.000693561
0.000675231
0.000656656
0.000638281
0.000621267
0.000608431
0.000606152
0.000627848
0.000696502
0.000830182
0.00100156
)
;

boundaryField
{
    outletCentralUnloaded
    {
        type            zeroGradient;
    }
    inletCentralUnloaded
    {
        type            zeroGradient;
    }
    outletFuelElement
    {
        type            zeroGradient;
    }
    inletFuelElement
    {
        type            zeroGradient;
    }
    defaultFaces
    {
        type            zeroGradient;
    }
    baffle_master
    {
        type            calculated;
        value           nonuniform List<scalar> 
150
(
0.0025857
0.0025857
0.0025857
0.00258566
0.00258566
0.00258566
0.00258562
0.00258562
0.00258562
0.00258559
0.00258559
0.00258559
0.00258558
0.00258558
0.00258558
0.00258557
0.00258557
0.00258557
0.00258556
0.00258556
0.00258556
0.00258556
0.00258556
0.00258556
0.00258558
0.00258558
0.00258558
0.00258561
0.00258561
0.00258561
0.00258567
0.00258567
0.00258567
0.00258575
0.00258575
0.00258575
0.00258585
0.00258585
0.00258585
0.00258598
0.00258598
0.00258598
0.00258614
0.00258614
0.00258614
0.00258634
0.00258634
0.00258634
0.00258664
0.00258664
0.00258664
0.00258708
0.00258708
0.00258708
0.00258774
0.00258774
0.00258774
0.00258877
0.00258877
0.00258877
0.00259035
0.00259035
0.00259035
0.00259279
0.00259279
0.00259279
0.00259653
0.00259653
0.00259653
0.00260225
0.00260225
0.00260225
0.002611
0.002611
0.002611
0.0025857
0.0025857
0.0025857
0.00258566
0.00258566
0.00258566
0.00258562
0.00258562
0.00258562
0.00258559
0.00258559
0.00258559
0.00258558
0.00258558
0.00258558
0.00258557
0.00258557
0.00258557
0.00258556
0.00258556
0.00258556
0.00258557
0.00258557
0.00258557
0.00258558
0.00258558
0.00258558
0.00258561
0.00258561
0.00258561
0.00258567
0.00258567
0.00258567
0.00258575
0.00258575
0.00258575
0.00258585
0.00258585
0.00258585
0.00258598
0.00258598
0.00258598
0.00258614
0.00258614
0.00258614
0.00258634
0.00258634
0.00258634
0.00258664
0.00258664
0.00258664
0.00258708
0.00258708
0.00258708
0.00258774
0.00258774
0.00258774
0.00258877
0.00258877
0.00258877
0.00259035
0.00259035
0.00259035
0.00259279
0.00259279
0.00259279
0.00259653
0.00259653
0.00259653
0.00260225
0.00260225
0.00260225
0.002611
0.002611
0.002611
)
;
    }
    baffle_slave
    {
        type            calculated;
        value           nonuniform List<scalar> 
150
(
0.000888014
0.000889818
0.000889818
0.000876421
0.000878226
0.000878226
0.000865044
0.000866844
0.000866844
0.000853515
0.000855307
0.000855307
0.000841726
0.00084351
0.00084351
0.000829574
0.000831346
0.000831346
0.000816952
0.000818711
0.000818711
0.00080376
0.000805504
0.000805504
0.000789912
0.000791639
0.000791639
0.000775344
0.000777053
0.000777053
0.000760024
0.000761714
0.000761713
0.000743965
0.000745632
0.000745631
0.000727219
0.000728858
0.000728857
0.000709867
0.000711471
0.000711471
0.000692002
0.000693562
0.000693561
0.000673729
0.000675233
0.000675231
0.000655223
0.000656658
0.000656656
0.000636927
0.000638283
0.000638281
0.000619996
0.000621271
0.000621267
0.000607242
0.000608437
0.000608431
0.000605041
0.000606163
0.000606152
0.000626819
0.000627865
0.000627848
0.000695616
0.000696531
0.000696502
0.0008296
0.000830226
0.000830182
0.00100145
0.00100162
0.00100156
0.000889818
0.000888014
0.000889818
0.000878226
0.000876421
0.000878226
0.000866844
0.000865045
0.000866844
0.000855307
0.000853515
0.000855307
0.00084351
0.000841727
0.00084351
0.000831346
0.000829574
0.000831346
0.000818711
0.000816952
0.000818711
0.000805504
0.00080376
0.000805504
0.000791639
0.000789912
0.000791639
0.000777053
0.000775344
0.000777053
0.000761714
0.000760024
0.000761714
0.000745632
0.000743965
0.000745632
0.000728858
0.000727219
0.000728858
0.000711471
0.000709867
0.000711471
0.000693562
0.000692002
0.000693562
0.000675232
0.00067373
0.000675232
0.000656657
0.000655223
0.000656658
0.000638283
0.000636926
0.000638283
0.000621271
0.000619996
0.000621271
0.000608437
0.000607241
0.000608436
0.000606162
0.00060504
0.000606161
0.000627865
0.000626819
0.000627862
0.000696532
0.000695615
0.000696525
0.000830227
0.000829602
0.000830216
0.00100162
0.00100145
0.0010016
)
;
    }
}


// ************************************************************************* //
