/*--------------------------------*- C++ -*----------------------------------*\
| =========                 |                                                 |
| \\      /  F ield         | OpenFOAM: The Open Source CFD Toolbox           |
|  \\    /   O peration     | Version:  2212                                  |
|   \\  /    A nd           | Website:  www.openfoam.com                      |
|    \\/     M anipulation  |                                                 |
\*---------------------------------------------------------------------------*/
FoamFile
{
    version     2.0;
    format      ascii;
    arch        "LSB;label=32;scalar=64";
    class       volScalarField;
    location    "59/fluidRegion";
    object      epsilon;
}
// * * * * * * * * * * * * * * * * * * * * * * * * * * * * * * * * * * * * * //

dimensions      [0 2 -3 0 0 0 0];

internalField   nonuniform List<scalar> 
350
(
66.9833
66.9671
66.951
66.9348
66.9186
66.9023
66.886
66.8697
66.8536
66.8376
66.8219
66.8067
66.7922
66.7788
66.767
66.7577
66.7521
66.752
66.7603
66.7817
66.823
66.895
67.0141
67.2052
67.5062
66.9833
66.9671
66.951
66.9348
66.9186
66.9023
66.886
66.8697
66.8536
66.8376
66.8219
66.8067
66.7922
66.7788
66.767
66.7577
66.7521
66.752
66.7603
66.7817
66.823
66.895
67.0141
67.2052
67.5062
7.65163e+06
7.04149e+06
6.36612e+06
5.64673e+06
4.91117e+06
4.18498e+06
3.49033e+06
2.84524e+06
2.26323e+06
1.75315e+06
1.31932e+06
961881
677294
459008
298271
185073
109141
60845.7
31879.7
15616.2
7151.19
3117.23
1385.73
735.659
547.122
7.81729e+06
7.19539e+06
6.50692e+06
5.77298e+06
5.0221e+06
4.28042e+06
3.57063e+06
2.91122e+06
2.31606e+06
1.79425e+06
1.3503e+06
984412
693031
469510
304928
189058
111376
62009.2
32434.9
15854.5
7240.8
3145.59
1392.91
737.103
547.546
7.62453e+06
7.01624e+06
6.34313e+06
5.62619e+06
4.89319e+06
4.16957e+06
3.47741e+06
2.83467e+06
2.2548e+06
1.74661e+06
1.31441e+06
958320
674814
457356
297225
184447
108790
60661.6
31790.9
15577.3
7135.96
3111.95
1384.1
735.167
546.946
7.78059e+06
7.16124e+06
6.47559e+06
5.74482e+06
4.9973e+06
4.25904e+06
3.5526e+06
2.89637e+06
2.30415e+06
1.78496e+06
1.34328e+06
979298
689453
467117
303409
188147
110865
61743
32307.9
15800
7220.37
3139.17
1391.32
736.804
547.466
7.78059e+06
7.16124e+06
6.47559e+06
5.74482e+06
4.9973e+06
4.25904e+06
3.5526e+06
2.89637e+06
2.30415e+06
1.78497e+06
1.34328e+06
979299
689453
467117
303409
188147
110865
61743
32307.9
15800.1
7220.37
3139.17
1391.32
736.804
547.466
7.62454e+06
7.01625e+06
6.34314e+06
5.6262e+06
4.8932e+06
4.16958e+06
3.47741e+06
2.83467e+06
2.2548e+06
1.74662e+06
1.31441e+06
958322
674815
457357
297225
184448
108790
60661.8
31791
15577.3
7135.97
3111.95
1384.09
735.166
546.945
7.81729e+06
7.19539e+06
6.50692e+06
5.77298e+06
5.0221e+06
4.28042e+06
3.57063e+06
2.91122e+06
2.31606e+06
1.79425e+06
1.3503e+06
984412
693031
469510
304928
189058
111376
62009.2
32434.9
15854.6
7240.8
3145.59
1392.91
737.103
547.545
7.65163e+06
7.04149e+06
6.36612e+06
5.64673e+06
4.91117e+06
4.18498e+06
3.49033e+06
2.84524e+06
2.26323e+06
1.75315e+06
1.31932e+06
961881
677294
459008
298271
185073
109141
60845.7
31879.7
15616.2
7151.21
3117.24
1385.74
735.663
547.125
7.78059e+06
7.16124e+06
6.47559e+06
5.74482e+06
4.9973e+06
4.25904e+06
3.5526e+06
2.89637e+06
2.30415e+06
1.78497e+06
1.34328e+06
979299
689453
467117
303409
188147
110865
61743
32307.9
15800.1
7220.37
3139.17
1391.32
736.806
547.467
7.62453e+06
7.01624e+06
6.34313e+06
5.62619e+06
4.89319e+06
4.16957e+06
3.47741e+06
2.83467e+06
2.2548e+06
1.74661e+06
1.31441e+06
958320
674814
457356
297225
184447
108790
60661.6
31790.9
15577.2
7135.92
3111.93
1384.08
735.161
546.942
7.62454e+06
7.01625e+06
6.34314e+06
5.6262e+06
4.8932e+06
4.16958e+06
3.47741e+06
2.83467e+06
2.2548e+06
1.74662e+06
1.31441e+06
958322
674815
457357
297225
184448
108790
60661.8
31791
15577.3
7135.97
3111.96
1384.09
735.165
546.944
7.78059e+06
7.16124e+06
6.47559e+06
5.74482e+06
4.9973e+06
4.25904e+06
3.5526e+06
2.89637e+06
2.30415e+06
1.78497e+06
1.34329e+06
979299
689453
467117
303409
188147
110865
61743.1
32307.9
15800.1
7220.4
3139.19
1391.33
736.811
547.47
)
;

boundaryField
{
    outletCentralUnloaded
    {
        type            zeroGradient;
    }
    inletCentralUnloaded
    {
        type            zeroGradient;
    }
    outletFuelElement
    {
        type            zeroGradient;
    }
    inletFuelElement
    {
        type            zeroGradient;
    }
    defaultFaces
    {
        type            zeroGradient;
    }
    baffle_master
    {
        type            zeroGradient;
    }
    baffle_slave
    {
        type            zeroGradient;
    }
}


// ************************************************************************* //
