/*--------------------------------*- C++ -*----------------------------------*\
| =========                 |                                                 |
| \\      /  F ield         | OpenFOAM: The Open Source CFD Toolbox           |
|  \\    /   O peration     | Version:  2212                                  |
|   \\  /    A nd           | Website:  www.openfoam.com                      |
|    \\/     M anipulation  |                                                 |
\*---------------------------------------------------------------------------*/
FoamFile
{
    version     2.0;
    format      ascii;
    arch        "LSB;label=32;scalar=64";
    class       volScalarField;
    location    "59/fluidRegion";
    object      htc;
}
// * * * * * * * * * * * * * * * * * * * * * * * * * * * * * * * * * * * * * //

dimensions      [1 0 -3 -1 0 0 0];

internalField   nonuniform List<scalar> 
350
(
3101.59
3101.54
3101.46
3101.38
3101.34
3101.35
3101.41
3101.5
3101.59
3101.66
3101.69
3101.66
3101.6
3101.52
3101.46
3101.44
3101.45
3101.5
3101.57
3101.65
3101.71
3101.75
3101.77
3101.77
3106.93
3101.59
3101.54
3101.46
3101.38
3101.34
3101.35
3101.41
3101.5
3101.59
3101.66
3101.69
3101.66
3101.6
3101.52
3101.46
3101.44
3101.45
3101.5
3101.57
3101.65
3101.71
3101.75
3101.77
3101.77
3106.93
27254.4
27172.9
26985.7
26673.5
26237.6
25680.2
25004.3
24213.7
23313.5
22310.9
21215.4
20039.5
18798.4
17508.8
16187.3
14847.8
13500.7
12153.9
10816.7
9505.23
8247.46
7089.99
6103.98
5383.29
4944.04
27343.4
27261.5
27075
26762.7
26326.4
25768
25090.5
24297.5
23394
22387
21285.9
20103
18853.8
17555.5
16225.5
14878.3
13524.7
12172.6
10830.8
9514.8
8252.45
7090.49
6100.94
5379.04
4942.07
27240.3
27158.5
26971.2
26659
26223.3
25666.1
24990.5
24200.2
23300.6
22298.7
21204.2
20029.4
18789.5
17501.3
16181.2
14842.8
13496.6
12150.6
10814.1
9503.21
8246.06
7089.15
6103.57
5383.02
4943.89
27323.6
27241.9
27055.1
26742.8
26306.6
25748.4
25071.2
24278.7
23375.9
22369.9
21270
20088.6
18841.2
17545
16216.9
14871.4
13519.3
12168.4
10827.7
9512.7
8251.4
7090.48
6101.75
5380.14
4942.59
27323.6
27241.9
27055.1
26742.8
26306.6
25748.4
25071.2
24278.7
23375.9
22369.9
21270
20088.6
18841.2
17545
16216.9
14871.4
13519.3
12168.4
10827.7
9512.7
8251.4
7090.48
6101.75
5380.14
4942.59
27240.3
27158.5
26971.2
26659
26223.3
25666.1
24990.5
24200.2
23300.6
22298.7
21204.2
20029.4
18789.6
17501.3
16181.2
14842.8
13496.6
12150.6
10814.1
9503.21
8246.05
7089.15
6103.56
5383.01
4943.89
27343.4
27261.5
27075
26762.7
26326.4
25768
25090.5
24297.5
23394
22387
21285.9
20103
18853.8
17555.5
16225.5
14878.3
13524.7
12172.6
10830.8
9514.8
8252.45
7090.49
6100.94
5379.04
4942.07
27254.4
27172.9
26985.7
26673.5
26237.6
25680.2
25004.3
24213.7
23313.5
22310.9
21215.4
20039.5
18798.4
17508.8
16187.3
14847.8
13500.7
12153.9
10816.7
9505.23
8247.46
7089.99
6103.98
5383.29
4944.04
27323.6
27241.9
27055.1
26742.8
26306.6
25748.4
25071.2
24278.7
23375.9
22369.9
21270
20088.6
18841.2
17545
16216.9
14871.4
13519.3
12168.4
10827.7
9512.7
8251.4
7090.48
6101.75
5380.14
4942.59
27240.3
27158.5
26971.2
26659
26223.3
25666.1
24990.5
24200.2
23300.6
22298.7
21204.2
20029.4
18789.6
17501.3
16181.2
14842.8
13496.6
12150.6
10814.1
9503.22
8246.06
7089.15
6103.57
5383.03
4943.89
27240.3
27158.5
26971.2
26659
26223.3
25666.1
24990.5
24200.2
23300.6
22298.7
21204.2
20029.4
18789.6
17501.3
16181.2
14842.8
13496.6
12150.6
10814.1
9503.21
8246.05
7089.15
6103.56
5383.01
4943.89
27323.6
27241.9
27055.1
26742.8
26306.6
25748.4
25071.2
24278.7
23375.9
22369.9
21270
20088.6
18841.2
17545
16216.9
14871.4
13519.3
12168.4
10827.7
9512.7
8251.4
7090.48
6101.75
5380.14
4942.59
)
;

boundaryField
{
    outletCentralUnloaded
    {
        type            zeroGradient;
    }
    inletCentralUnloaded
    {
        type            zeroGradient;
    }
    outletFuelElement
    {
        type            zeroGradient;
    }
    inletFuelElement
    {
        type            zeroGradient;
    }
    defaultFaces
    {
        type            zeroGradient;
    }
    baffle_master
    {
        type            zeroGradient;
    }
    baffle_slave
    {
        type            zeroGradient;
    }
}


// ************************************************************************* //
