/*--------------------------------*- C++ -*----------------------------------*\
| =========                 |                                                 |
| \\      /  F ield         | OpenFOAM: The Open Source CFD Toolbox           |
|  \\    /   O peration     | Version:  2212                                  |
|   \\  /    A nd           | Website:  www.openfoam.com                      |
|    \\/     M anipulation  |                                                 |
\*---------------------------------------------------------------------------*/
FoamFile
{
    version     2.0;
    format      ascii;
    arch        "LSB;label=32;scalar=64";
    class       volTensorField;
    location    "59/fluidRegion";
    object      Kd;
}
// * * * * * * * * * * * * * * * * * * * * * * * * * * * * * * * * * * * * * //

dimensions      [1 -3 -1 0 0 0 0];

internalField   nonuniform List<tensor> 
350
(
(84.7473 0 0 0 84.7473 0 0 0 84.7473)
(84.7457 0 0 0 84.7457 0 0 0 84.7457)
(84.7432 0 0 0 84.7432 0 0 0 84.7432)
(84.7408 0 0 0 84.7408 0 0 0 84.7408)
(84.7393 0 0 0 84.7393 0 0 0 84.7393)
(84.7391 0 0 0 84.7391 0 0 0 84.7391)
(84.7402 0 0 0 84.7402 0 0 0 84.7402)
(84.7421 0 0 0 84.7421 0 0 0 84.7421)
(84.7441 0 0 0 84.7441 0 0 0 84.7441)
(84.7454 0 0 0 84.7454 0 0 0 84.7454)
(84.7456 0 0 0 84.7456 0 0 0 84.7456)
(84.7445 0 0 0 84.7445 0 0 0 84.7445)
(84.7425 0 0 0 84.7425 0 0 0 84.7425)
(84.7402 0 0 0 84.7402 0 0 0 84.7402)
(84.7382 0 0 0 84.7382 0 0 0 84.7382)
(84.737 0 0 0 84.737 0 0 0 84.737)
(84.737 0 0 0 84.737 0 0 0 84.737)
(84.7378 0 0 0 84.7378 0 0 0 84.7378)
(84.7393 0 0 0 84.7393 0 0 0 84.7393)
(84.7408 0 0 0 84.7408 0 0 0 84.7408)
(84.742 0 0 0 84.742 0 0 0 84.742)
(84.7426 0 0 0 84.7426 0 0 0 84.7426)
(84.7427 0 0 0 84.7427 0 0 0 84.7427)
(84.7424 0 0 0 84.7424 0 0 0 84.7424)
(84.874 0 0 0 84.874 0 0 0 84.874)
(84.7473 0 0 0 84.7473 0 0 0 84.7473)
(84.7457 0 0 0 84.7457 0 0 0 84.7457)
(84.7432 0 0 0 84.7432 0 0 0 84.7432)
(84.7408 0 0 0 84.7408 0 0 0 84.7408)
(84.7393 0 0 0 84.7393 0 0 0 84.7393)
(84.7391 0 0 0 84.7391 0 0 0 84.7391)
(84.7402 0 0 0 84.7402 0 0 0 84.7402)
(84.7421 0 0 0 84.7421 0 0 0 84.7421)
(84.7441 0 0 0 84.7441 0 0 0 84.7441)
(84.7454 0 0 0 84.7454 0 0 0 84.7454)
(84.7456 0 0 0 84.7456 0 0 0 84.7456)
(84.7445 0 0 0 84.7445 0 0 0 84.7445)
(84.7425 0 0 0 84.7425 0 0 0 84.7425)
(84.7402 0 0 0 84.7402 0 0 0 84.7402)
(84.7382 0 0 0 84.7382 0 0 0 84.7382)
(84.737 0 0 0 84.737 0 0 0 84.737)
(84.737 0 0 0 84.737 0 0 0 84.737)
(84.7378 0 0 0 84.7378 0 0 0 84.7378)
(84.7393 0 0 0 84.7393 0 0 0 84.7393)
(84.7408 0 0 0 84.7408 0 0 0 84.7408)
(84.742 0 0 0 84.742 0 0 0 84.742)
(84.7426 0 0 0 84.7426 0 0 0 84.7426)
(84.7427 0 0 0 84.7427 0 0 0 84.7427)
(84.7424 0 0 0 84.7424 0 0 0 84.7424)
(84.874 0 0 0 84.874 0 0 0 84.874)
(682.639 0 0 0 682.639 0 0 0 682.639)
(682.184 0 0 0 682.184 0 0 0 682.184)
(682.196 0 0 0 682.196 0 0 0 682.196)
(682.198 0 0 0 682.198 0 0 0 682.198)
(682.188 0 0 0 682.188 0 0 0 682.188)
(682.166 0 0 0 682.166 0 0 0 682.166)
(682.13 0 0 0 682.13 0 0 0 682.13)
(682.079 0 0 0 682.079 0 0 0 682.079)
(682.009 0 0 0 682.009 0 0 0 682.009)
(681.92 0 0 0 681.92 0 0 0 681.92)
(681.81 0 0 0 681.81 0 0 0 681.81)
(681.679 0 0 0 681.679 0 0 0 681.679)
(681.526 0 0 0 681.526 0 0 0 681.526)
(681.353 0 0 0 681.353 0 0 0 681.353)
(681.157 0 0 0 681.157 0 0 0 681.157)
(680.927 0 0 0 680.927 0 0 0 680.927)
(680.648 0 0 0 680.648 0 0 0 680.648)
(680.301 0 0 0 680.301 0 0 0 680.301)
(679.879 0 0 0 679.879 0 0 0 679.879)
(679.436 0 0 0 679.436 0 0 0 679.436)
(679.152 0 0 0 679.152 0 0 0 679.152)
(679.578 0 0 0 679.578 0 0 0 679.578)
(682.048 0 0 0 682.048 0 0 0 682.048)
(688.929 0 0 0 688.929 0 0 0 688.929)
(693.443 0 0 0 693.443 0 0 0 693.443)
(678.099 0 0 0 678.099 0 0 0 678.099)
(677.573 0 0 0 677.573 0 0 0 677.573)
(677.546 0 0 0 677.546 0 0 0 677.546)
(677.509 0 0 0 677.509 0 0 0 677.509)
(677.464 0 0 0 677.464 0 0 0 677.464)
(677.409 0 0 0 677.409 0 0 0 677.409)
(677.342 0 0 0 677.342 0 0 0 677.342)
(677.262 0 0 0 677.262 0 0 0 677.262)
(677.165 0 0 0 677.165 0 0 0 677.165)
(677.052 0 0 0 677.052 0 0 0 677.052)
(676.922 0 0 0 676.922 0 0 0 676.922)
(676.779 0 0 0 676.779 0 0 0 676.779)
(676.629 0 0 0 676.629 0 0 0 676.629)
(676.482 0 0 0 676.482 0 0 0 676.482)
(676.345 0 0 0 676.345 0 0 0 676.345)
(676.218 0 0 0 676.218 0 0 0 676.218)
(676.089 0 0 0 676.089 0 0 0 676.089)
(675.943 0 0 0 675.943 0 0 0 675.943)
(675.771 0 0 0 675.771 0 0 0 675.771)
(675.633 0 0 0 675.633 0 0 0 675.633)
(675.722 0 0 0 675.722 0 0 0 675.722)
(676.62 0 0 0 676.62 0 0 0 676.62)
(679.718 0 0 0 679.718 0 0 0 679.718)
(687.439 0 0 0 687.439 0 0 0 687.439)
(692.958 0 0 0 692.958 0 0 0 692.958)
(683.397 0 0 0 683.397 0 0 0 683.397)
(682.939 0 0 0 682.939 0 0 0 682.939)
(682.954 0 0 0 682.954 0 0 0 682.954)
(682.959 0 0 0 682.959 0 0 0 682.959)
(682.952 0 0 0 682.952 0 0 0 682.952)
(682.932 0 0 0 682.932 0 0 0 682.932)
(682.897 0 0 0 682.897 0 0 0 682.897)
(682.846 0 0 0 682.846 0 0 0 682.846)
(682.777 0 0 0 682.777 0 0 0 682.777)
(682.688 0 0 0 682.688 0 0 0 682.688)
(682.576 0 0 0 682.576 0 0 0 682.576)
(682.442 0 0 0 682.442 0 0 0 682.442)
(682.283 0 0 0 682.283 0 0 0 682.283)
(682.1 0 0 0 682.1 0 0 0 682.1)
(681.887 0 0 0 681.887 0 0 0 681.887)
(681.634 0 0 0 681.634 0 0 0 681.634)
(681.322 0 0 0 681.322 0 0 0 681.322)
(680.935 0 0 0 680.935 0 0 0 680.935)
(680.463 0 0 0 680.463 0 0 0 680.463)
(679.961 0 0 0 679.961 0 0 0 679.961)
(679.605 0 0 0 679.605 0 0 0 679.605)
(679.941 0 0 0 679.941 0 0 0 679.941)
(682.295 0 0 0 682.295 0 0 0 682.295)
(689.041 0 0 0 689.041 0 0 0 689.041)
(693.46 0 0 0 693.46 0 0 0 693.46)
(679.115 0 0 0 679.115 0 0 0 679.115)
(678.609 0 0 0 678.609 0 0 0 678.609)
(678.593 0 0 0 678.593 0 0 0 678.593)
(678.567 0 0 0 678.567 0 0 0 678.567)
(678.532 0 0 0 678.532 0 0 0 678.532)
(678.486 0 0 0 678.486 0 0 0 678.486)
(678.428 0 0 0 678.428 0 0 0 678.428)
(678.356 0 0 0 678.356 0 0 0 678.356)
(678.268 0 0 0 678.268 0 0 0 678.268)
(678.161 0 0 0 678.161 0 0 0 678.161)
(678.038 0 0 0 678.038 0 0 0 678.038)
(677.899 0 0 0 677.899 0 0 0 677.899)
(677.75 0 0 0 677.75 0 0 0 677.75)
(677.599 0 0 0 677.599 0 0 0 677.599)
(677.451 0 0 0 677.451 0 0 0 677.451)
(677.302 0 0 0 677.302 0 0 0 677.302)
(677.141 0 0 0 677.141 0 0 0 677.141)
(676.95 0 0 0 676.95 0 0 0 676.95)
(676.722 0 0 0 676.722 0 0 0 676.722)
(676.516 0 0 0 676.516 0 0 0 676.516)
(676.521 0 0 0 676.521 0 0 0 676.521)
(677.313 0 0 0 677.313 0 0 0 677.313)
(680.268 0 0 0 680.268 0 0 0 680.268)
(687.798 0 0 0 687.798 0 0 0 687.798)
(693.078 0 0 0 693.078 0 0 0 693.078)
(679.115 0 0 0 679.115 0 0 0 679.115)
(678.609 0 0 0 678.609 0 0 0 678.609)
(678.593 0 0 0 678.593 0 0 0 678.593)
(678.567 0 0 0 678.567 0 0 0 678.567)
(678.532 0 0 0 678.532 0 0 0 678.532)
(678.486 0 0 0 678.486 0 0 0 678.486)
(678.428 0 0 0 678.428 0 0 0 678.428)
(678.356 0 0 0 678.356 0 0 0 678.356)
(678.268 0 0 0 678.268 0 0 0 678.268)
(678.161 0 0 0 678.161 0 0 0 678.161)
(678.038 0 0 0 678.038 0 0 0 678.038)
(677.899 0 0 0 677.899 0 0 0 677.899)
(677.75 0 0 0 677.75 0 0 0 677.75)
(677.599 0 0 0 677.599 0 0 0 677.599)
(677.451 0 0 0 677.451 0 0 0 677.451)
(677.302 0 0 0 677.302 0 0 0 677.302)
(677.141 0 0 0 677.141 0 0 0 677.141)
(676.95 0 0 0 676.95 0 0 0 676.95)
(676.722 0 0 0 676.722 0 0 0 676.722)
(676.516 0 0 0 676.516 0 0 0 676.516)
(676.521 0 0 0 676.521 0 0 0 676.521)
(677.313 0 0 0 677.313 0 0 0 677.313)
(680.268 0 0 0 680.268 0 0 0 680.268)
(687.798 0 0 0 687.798 0 0 0 687.798)
(693.078 0 0 0 693.078 0 0 0 693.078)
(683.397 0 0 0 683.397 0 0 0 683.397)
(682.939 0 0 0 682.939 0 0 0 682.939)
(682.954 0 0 0 682.954 0 0 0 682.954)
(682.959 0 0 0 682.959 0 0 0 682.959)
(682.952 0 0 0 682.952 0 0 0 682.952)
(682.932 0 0 0 682.932 0 0 0 682.932)
(682.897 0 0 0 682.897 0 0 0 682.897)
(682.846 0 0 0 682.846 0 0 0 682.846)
(682.777 0 0 0 682.777 0 0 0 682.777)
(682.688 0 0 0 682.688 0 0 0 682.688)
(682.576 0 0 0 682.576 0 0 0 682.576)
(682.441 0 0 0 682.441 0 0 0 682.441)
(682.283 0 0 0 682.283 0 0 0 682.283)
(682.099 0 0 0 682.099 0 0 0 682.099)
(681.887 0 0 0 681.887 0 0 0 681.887)
(681.633 0 0 0 681.633 0 0 0 681.633)
(681.322 0 0 0 681.322 0 0 0 681.322)
(680.934 0 0 0 680.934 0 0 0 680.934)
(680.462 0 0 0 680.462 0 0 0 680.462)
(679.96 0 0 0 679.96 0 0 0 679.96)
(679.604 0 0 0 679.604 0 0 0 679.604)
(679.939 0 0 0 679.939 0 0 0 679.939)
(682.294 0 0 0 682.294 0 0 0 682.294)
(689.039 0 0 0 689.039 0 0 0 689.039)
(693.459 0 0 0 693.459 0 0 0 693.459)
(678.099 0 0 0 678.099 0 0 0 678.099)
(677.573 0 0 0 677.573 0 0 0 677.573)
(677.546 0 0 0 677.546 0 0 0 677.546)
(677.509 0 0 0 677.509 0 0 0 677.509)
(677.464 0 0 0 677.464 0 0 0 677.464)
(677.409 0 0 0 677.409 0 0 0 677.409)
(677.342 0 0 0 677.342 0 0 0 677.342)
(677.262 0 0 0 677.262 0 0 0 677.262)
(677.165 0 0 0 677.165 0 0 0 677.165)
(677.052 0 0 0 677.052 0 0 0 677.052)
(676.922 0 0 0 676.922 0 0 0 676.922)
(676.779 0 0 0 676.779 0 0 0 676.779)
(676.629 0 0 0 676.629 0 0 0 676.629)
(676.482 0 0 0 676.482 0 0 0 676.482)
(676.345 0 0 0 676.345 0 0 0 676.345)
(676.218 0 0 0 676.218 0 0 0 676.218)
(676.089 0 0 0 676.089 0 0 0 676.089)
(675.943 0 0 0 675.943 0 0 0 675.943)
(675.771 0 0 0 675.771 0 0 0 675.771)
(675.633 0 0 0 675.633 0 0 0 675.633)
(675.722 0 0 0 675.722 0 0 0 675.722)
(676.62 0 0 0 676.62 0 0 0 676.62)
(679.717 0 0 0 679.717 0 0 0 679.717)
(687.439 0 0 0 687.439 0 0 0 687.439)
(692.958 0 0 0 692.958 0 0 0 692.958)
(682.639 0 0 0 682.639 0 0 0 682.639)
(682.184 0 0 0 682.184 0 0 0 682.184)
(682.196 0 0 0 682.196 0 0 0 682.196)
(682.198 0 0 0 682.198 0 0 0 682.198)
(682.188 0 0 0 682.188 0 0 0 682.188)
(682.166 0 0 0 682.166 0 0 0 682.166)
(682.13 0 0 0 682.13 0 0 0 682.13)
(682.079 0 0 0 682.079 0 0 0 682.079)
(682.009 0 0 0 682.009 0 0 0 682.009)
(681.92 0 0 0 681.92 0 0 0 681.92)
(681.81 0 0 0 681.81 0 0 0 681.81)
(681.679 0 0 0 681.679 0 0 0 681.679)
(681.526 0 0 0 681.526 0 0 0 681.526)
(681.353 0 0 0 681.353 0 0 0 681.353)
(681.157 0 0 0 681.157 0 0 0 681.157)
(680.927 0 0 0 680.927 0 0 0 680.927)
(680.648 0 0 0 680.648 0 0 0 680.648)
(680.301 0 0 0 680.301 0 0 0 680.301)
(679.879 0 0 0 679.879 0 0 0 679.879)
(679.436 0 0 0 679.436 0 0 0 679.436)
(679.152 0 0 0 679.152 0 0 0 679.152)
(679.578 0 0 0 679.578 0 0 0 679.578)
(682.047 0 0 0 682.047 0 0 0 682.047)
(688.929 0 0 0 688.929 0 0 0 688.929)
(693.443 0 0 0 693.443 0 0 0 693.443)
(679.115 0 0 0 679.115 0 0 0 679.115)
(678.609 0 0 0 678.609 0 0 0 678.609)
(678.593 0 0 0 678.593 0 0 0 678.593)
(678.567 0 0 0 678.567 0 0 0 678.567)
(678.532 0 0 0 678.532 0 0 0 678.532)
(678.486 0 0 0 678.486 0 0 0 678.486)
(678.428 0 0 0 678.428 0 0 0 678.428)
(678.356 0 0 0 678.356 0 0 0 678.356)
(678.268 0 0 0 678.268 0 0 0 678.268)
(678.161 0 0 0 678.161 0 0 0 678.161)
(678.038 0 0 0 678.038 0 0 0 678.038)
(677.899 0 0 0 677.899 0 0 0 677.899)
(677.75 0 0 0 677.75 0 0 0 677.75)
(677.599 0 0 0 677.599 0 0 0 677.599)
(677.451 0 0 0 677.451 0 0 0 677.451)
(677.302 0 0 0 677.302 0 0 0 677.302)
(677.141 0 0 0 677.141 0 0 0 677.141)
(676.95 0 0 0 676.95 0 0 0 676.95)
(676.722 0 0 0 676.722 0 0 0 676.722)
(676.516 0 0 0 676.516 0 0 0 676.516)
(676.521 0 0 0 676.521 0 0 0 676.521)
(677.313 0 0 0 677.313 0 0 0 677.313)
(680.268 0 0 0 680.268 0 0 0 680.268)
(687.798 0 0 0 687.798 0 0 0 687.798)
(693.078 0 0 0 693.078 0 0 0 693.078)
(683.397 0 0 0 683.397 0 0 0 683.397)
(682.939 0 0 0 682.939 0 0 0 682.939)
(682.954 0 0 0 682.954 0 0 0 682.954)
(682.959 0 0 0 682.959 0 0 0 682.959)
(682.952 0 0 0 682.952 0 0 0 682.952)
(682.932 0 0 0 682.932 0 0 0 682.932)
(682.897 0 0 0 682.897 0 0 0 682.897)
(682.846 0 0 0 682.846 0 0 0 682.846)
(682.777 0 0 0 682.777 0 0 0 682.777)
(682.688 0 0 0 682.688 0 0 0 682.688)
(682.576 0 0 0 682.576 0 0 0 682.576)
(682.442 0 0 0 682.442 0 0 0 682.442)
(682.283 0 0 0 682.283 0 0 0 682.283)
(682.1 0 0 0 682.1 0 0 0 682.1)
(681.887 0 0 0 681.887 0 0 0 681.887)
(681.634 0 0 0 681.634 0 0 0 681.634)
(681.322 0 0 0 681.322 0 0 0 681.322)
(680.935 0 0 0 680.935 0 0 0 680.935)
(680.463 0 0 0 680.463 0 0 0 680.463)
(679.961 0 0 0 679.961 0 0 0 679.961)
(679.605 0 0 0 679.605 0 0 0 679.605)
(679.941 0 0 0 679.941 0 0 0 679.941)
(682.295 0 0 0 682.295 0 0 0 682.295)
(689.041 0 0 0 689.041 0 0 0 689.041)
(693.46 0 0 0 693.46 0 0 0 693.46)
(683.397 0 0 0 683.397 0 0 0 683.397)
(682.939 0 0 0 682.939 0 0 0 682.939)
(682.954 0 0 0 682.954 0 0 0 682.954)
(682.959 0 0 0 682.959 0 0 0 682.959)
(682.952 0 0 0 682.952 0 0 0 682.952)
(682.932 0 0 0 682.932 0 0 0 682.932)
(682.897 0 0 0 682.897 0 0 0 682.897)
(682.846 0 0 0 682.846 0 0 0 682.846)
(682.777 0 0 0 682.777 0 0 0 682.777)
(682.688 0 0 0 682.688 0 0 0 682.688)
(682.576 0 0 0 682.576 0 0 0 682.576)
(682.441 0 0 0 682.441 0 0 0 682.441)
(682.283 0 0 0 682.283 0 0 0 682.283)
(682.1 0 0 0 682.1 0 0 0 682.1)
(681.887 0 0 0 681.887 0 0 0 681.887)
(681.633 0 0 0 681.633 0 0 0 681.633)
(681.322 0 0 0 681.322 0 0 0 681.322)
(680.934 0 0 0 680.934 0 0 0 680.934)
(680.462 0 0 0 680.462 0 0 0 680.462)
(679.96 0 0 0 679.96 0 0 0 679.96)
(679.604 0 0 0 679.604 0 0 0 679.604)
(679.939 0 0 0 679.939 0 0 0 679.939)
(682.294 0 0 0 682.294 0 0 0 682.294)
(689.039 0 0 0 689.039 0 0 0 689.039)
(693.459 0 0 0 693.459 0 0 0 693.459)
(679.115 0 0 0 679.115 0 0 0 679.115)
(678.609 0 0 0 678.609 0 0 0 678.609)
(678.593 0 0 0 678.593 0 0 0 678.593)
(678.567 0 0 0 678.567 0 0 0 678.567)
(678.532 0 0 0 678.532 0 0 0 678.532)
(678.486 0 0 0 678.486 0 0 0 678.486)
(678.428 0 0 0 678.428 0 0 0 678.428)
(678.356 0 0 0 678.356 0 0 0 678.356)
(678.268 0 0 0 678.268 0 0 0 678.268)
(678.161 0 0 0 678.161 0 0 0 678.161)
(678.038 0 0 0 678.038 0 0 0 678.038)
(677.899 0 0 0 677.899 0 0 0 677.899)
(677.75 0 0 0 677.75 0 0 0 677.75)
(677.599 0 0 0 677.599 0 0 0 677.599)
(677.451 0 0 0 677.451 0 0 0 677.451)
(677.302 0 0 0 677.302 0 0 0 677.302)
(677.141 0 0 0 677.141 0 0 0 677.141)
(676.95 0 0 0 676.95 0 0 0 676.95)
(676.722 0 0 0 676.722 0 0 0 676.722)
(676.516 0 0 0 676.516 0 0 0 676.516)
(676.52 0 0 0 676.52 0 0 0 676.52)
(677.313 0 0 0 677.313 0 0 0 677.313)
(680.268 0 0 0 680.268 0 0 0 680.268)
(687.798 0 0 0 687.798 0 0 0 687.798)
(693.078 0 0 0 693.078 0 0 0 693.078)
)
;

boundaryField
{
    outletCentralUnloaded
    {
        type            zeroGradient;
    }
    inletCentralUnloaded
    {
        type            zeroGradient;
    }
    outletFuelElement
    {
        type            zeroGradient;
    }
    inletFuelElement
    {
        type            zeroGradient;
    }
    defaultFaces
    {
        type            zeroGradient;
    }
    baffle_master
    {
        type            zeroGradient;
    }
    baffle_slave
    {
        type            zeroGradient;
    }
}


// ************************************************************************* //
