/*--------------------------------*- C++ -*----------------------------------*\
| =========                 |                                                 |
| \\      /  F ield         | OpenFOAM: The Open Source CFD Toolbox           |
|  \\    /   O peration     | Version:  2212                                  |
|   \\  /    A nd           | Website:  www.openfoam.com                      |
|    \\/     M anipulation  |                                                 |
\*---------------------------------------------------------------------------*/
FoamFile
{
    version     2.0;
    format      ascii;
    arch        "LSB;label=32;scalar=64";
    class       volScalarField;
    location    "49/neutroRegion";
    object      TClad;
}
// * * * * * * * * * * * * * * * * * * * * * * * * * * * * * * * * * * * * * //

dimensions      [0 0 0 1 0 0 0];

internalField   nonuniform List<scalar> 
350
(
0
0
0
0
0
0
0
0
0
0
0
0
0
0
0
0
0
0
0
0
0
0
0
0
0
0
0
0
0
0
0
0
0
0
0
0
0
0
0
0
0
0
0
0
0
0
0
0
0
0
1843.68
1881.89
1907.15
1919.46
1918.95
1905.88
1880.69
1843.94
1796.34
1738.74
1672.11
1597.56
1516.31
1429.69
1339.14
1246.13
1152.03
1057.93
964.204
870.039
772.502
665.314
537.764
377.786
186.998
1872.07
1910.9
1936.55
1949.02
1948.45
1935.09
1909.39
1871.93
1823.42
1764.73
1696.84
1620.88
1538.08
1449.81
1357.51
1262.69
1166.78
1070.9
975.501
879.807
780.881
672.364
543.326
381.4
188.219
1839.07
1877.2
1902.41
1914.72
1914.23
1901.23
1876.14
1839.52
1792.08
1734.66
1668.25
1593.93
1512.92
1426.57
1336.3
1243.58
1149.77
1055.95
962.483
868.556
771.238
664.262
536.946
377.259
186.812
1865.69
1904.36
1929.9
1942.32
1941.75
1928.45
1902.85
1865.54
1817.23
1758.77
1691.17
1615.52
1533.07
1445.17
1353.27
1258.87
1163.37
1067.9
972.889
877.548
778.943
670.732
542.037
380.561
187.937
1865.69
1904.36
1929.9
1942.32
1941.75
1928.45
1902.85
1865.54
1817.23
1758.77
1691.17
1615.52
1533.07
1445.17
1353.27
1258.87
1163.37
1067.9
972.889
877.548
778.943
670.732
542.037
380.561
187.937
1839.07
1877.2
1902.42
1914.72
1914.24
1901.24
1876.14
1839.52
1792.08
1734.67
1668.25
1593.93
1512.93
1426.58
1336.31
1243.58
1149.78
1055.95
962.484
868.557
771.239
664.263
536.947
377.26
186.812
1872.07
1910.9
1936.55
1949.02
1948.45
1935.09
1909.39
1871.93
1823.42
1764.73
1696.84
1620.88
1538.08
1449.81
1357.51
1262.69
1166.78
1070.9
975.501
879.807
780.881
672.364
543.326
381.4
188.219
1843.68
1881.89
1907.15
1919.46
1918.95
1905.88
1880.69
1843.94
1796.34
1738.74
1672.11
1597.56
1516.31
1429.69
1339.14
1246.13
1152.03
1057.93
964.204
870.039
772.501
665.315
537.765
377.786
186.998
1865.69
1904.36
1929.9
1942.32
1941.75
1928.45
1902.85
1865.54
1817.23
1758.77
1691.17
1615.52
1533.07
1445.17
1353.27
1258.87
1163.37
1067.9
972.889
877.548
778.943
670.732
542.037
380.561
187.937
1839.07
1877.2
1902.41
1914.72
1914.23
1901.23
1876.14
1839.52
1792.08
1734.66
1668.25
1593.93
1512.92
1426.57
1336.3
1243.58
1149.77
1055.95
962.483
868.556
771.238
664.263
536.946
377.259
186.812
1839.07
1877.2
1902.42
1914.72
1914.24
1901.24
1876.14
1839.52
1792.08
1734.67
1668.25
1593.93
1512.93
1426.58
1336.31
1243.58
1149.77
1055.95
962.483
868.557
771.238
664.263
536.947
377.26
186.812
1865.69
1904.36
1929.9
1942.32
1941.75
1928.45
1902.85
1865.54
1817.23
1758.77
1691.17
1615.52
1533.07
1445.17
1353.27
1258.87
1163.37
1067.9
972.889
877.548
778.943
670.732
542.037
380.561
187.936
)
;

boundaryField
{
    outletCentralUnloaded
    {
        type            zeroGradient;
    }
    inletCentralUnloaded
    {
        type            zeroGradient;
    }
    outletFuelElement
    {
        type            zeroGradient;
    }
    inletFuelElement
    {
        type            zeroGradient;
    }
    defaultFaces
    {
        type            zeroGradient;
    }
}


// ************************************************************************* //
