/*--------------------------------*- C++ -*----------------------------------*\
| =========                 |                                                 |
| \\      /  F ield         | OpenFOAM: The Open Source CFD Toolbox           |
|  \\    /   O peration     | Version:  2212                                  |
|   \\  /    A nd           | Website:  www.openfoam.com                      |
|    \\/     M anipulation  |                                                 |
\*---------------------------------------------------------------------------*/
FoamFile
{
    version     2.0;
    format      ascii;
    arch        "LSB;label=32;scalar=64";
    class       surfaceScalarField;
    location    "20/fluidRegion";
    object      alphaRhoPhi;
}
// * * * * * * * * * * * * * * * * * * * * * * * * * * * * * * * * * * * * * //

dimensions      [1 0 -1 0 0 0 0];

oriented        oriented;

internalField   nonuniform List<scalar> 
661
(
-0.00584524
-2.60555e-15
-0.00584524
-5.21459e-15
-0.00584524
-3.36754e-15
-0.00584524
3.96147e-17
-0.00584524
-4.56535e-15
-0.00584524
-1.37271e-15
-0.00584524
-2.60286e-15
-0.00584524
-1.41349e-15
-0.00584524
-3.23686e-15
-0.00584524
6.51917e-17
-0.00584524
-4.86757e-15
-0.00584524
-7.01217e-15
-0.00584524
-1.15485e-15
-0.00584524
-7.07294e-17
-0.00584524
-2.16406e-15
-0.00584524
-2.4663e-15
-0.00584524
-1.81413e-15
-0.00584524
-1.13774e-15
-0.00584524
-1.22085e-15
-0.00584524
-2.95193e-15
-0.00584524
9.04632e-16
-0.00584524
-1.98069e-15
-0.00584524
-1.38132e-15
-0.00584524
3.49755e-15
2.6264e-14
-0.00584524
-0.00584524
-0.00584524
-0.00584524
-0.00584524
-0.00584524
-0.00584524
-0.00584524
-0.00584524
-0.00584524
-0.00584524
-0.00584524
-0.00584524
-0.00584524
-0.00584524
-0.00584524
-0.00584524
-0.00584524
-0.00584524
-0.00584524
-0.00584524
-0.00584524
-0.00584524
-0.00584524
-0.00910562
5.49685e-07
-0.00910588
3.56392e-07
-0.0091062
4.08234e-07
-0.0091065
3.74687e-07
-0.00910677
3.47455e-07
-0.00910702
3.21024e-07
-0.00910725
2.94055e-07
-0.00910746
2.62908e-07
-0.00910764
2.22376e-07
-0.00910777
1.64083e-07
-0.00910784
7.81231e-08
-0.00910781
-4.81885e-08
-0.00910764
-2.18585e-07
-0.00910728
-4.37568e-07
-0.00910669
-6.96776e-07
-0.00910583
-9.82102e-07
-0.0091047
-1.28015e-06
-0.00910328
-1.58993e-06
-0.00910153
-1.931e-06
-0.00909937
-2.3465e-06
-0.00909668
-2.89758e-06
-0.00909327
-3.62588e-06
-0.00908901
-4.48694e-06
-0.00908418
-5.06407e-06
-5.67884e-06
-0.00902928
-3.59205e-08
-3.59242e-08
-0.00902875
-1.06199e-07
-1.08149e-07
-0.00902818
-9.88722e-08
-9.88155e-08
-0.00902766
-8.81689e-08
-8.67621e-08
-0.00902719
-7.90376e-08
-7.64794e-08
-0.00902676
-7.01299e-08
-6.72887e-08
-0.00902638
-6.08503e-08
-5.78434e-08
-0.00902605
-5.04538e-08
-4.75749e-08
-0.00902578
-3.71103e-08
-3.42622e-08
-0.0090256
-1.87033e-08
-1.60641e-08
-0.00902555
8.75269e-09
1.1238e-08
-0.0090257
4.63937e-08
4.86486e-08
-0.00902612
1.01314e-07
1.03352e-07
-0.0090269
1.71947e-07
1.73527e-07
-0.00902809
2.57596e-07
2.58648e-07
-0.00902976
3.54066e-07
3.54312e-07
-0.00903193
4.5774e-07
4.56988e-07
-0.00903463
5.68421e-07
5.66352e-07
-0.00903792
6.93304e-07
6.89528e-07
-0.00904194
8.46943e-07
8.41028e-07
-0.00904692
1.04944e-06
1.04109e-06
-0.00905315
1.30821e-06
1.29661e-06
-0.00906081
1.58209e-06
1.5659e-06
-0.00906915
1.62522e-06
1.60315e-06
1.54967e-06
1.52392e-06
-0.00911819
3.25587e-07
-0.00911861
3.79616e-07
-0.00911901
3.72531e-07
-0.00911938
3.3808e-07
-0.00911971
3.07353e-07
-0.00912001
2.77879e-07
-0.00912027
2.47093e-07
-0.0091205
2.11384e-07
-0.00912068
1.64281e-07
-0.00912079
9.70874e-08
-0.00912079
-1.13754e-09
-0.00912064
-1.41844e-07
-0.00912028
-3.32132e-07
-0.00911963
-5.73982e-07
-0.00911864
-8.58646e-07
-0.00911726
-1.17064e-06
-0.00911547
-1.49705e-06
-0.00911324
-1.83819e-06
-0.00911052
-2.21757e-06
-0.00910719
-2.68203e-06
-0.00910306
-3.29348e-06
-0.00909788
-4.0845e-06
-0.00909157
-4.93684e-06
-0.00908485
-5.29758e-06
-5.2566e-06
-0.0090464
1.01373e-09
-0.00904607
-1.87244e-10
-0.00904573
8.65484e-11
-0.00904544
3.74281e-11
-0.00904517
5.66726e-11
-0.00904492
6.2187e-11
-0.00904471
4.38194e-11
-0.00904453
7.07939e-11
-0.00904439
8.41527e-11
-0.00904431
7.47061e-11
-0.00904432
1.24775e-10
-0.00904446
1.61699e-10
-0.00904478
2.41725e-10
-0.00904532
3.07206e-10
-0.00904614
3.22413e-10
-0.00904726
3.06864e-10
-0.0090487
3.11022e-10
-0.00905048
4.61961e-10
-0.00905264
5.49998e-10
-0.00905527
6.97221e-10
-0.00905852
9.43771e-10
-0.00906257
7.07895e-10
-0.0090675
-9.59235e-12
-0.00907283
-1.10312e-09
-4.05782e-09
-0.00904641
-3.23489e-07
-0.00904608
-3.80018e-07
-0.00904575
-3.72247e-07
-0.00904545
-3.37902e-07
-0.00904518
-3.0717e-07
-0.00904493
-2.77721e-07
-0.00904472
-2.46963e-07
-0.00904454
-2.1121e-07
-0.0090444
-1.64083e-07
-0.00904432
-9.68838e-08
-0.00904433
1.44995e-09
-0.00904447
1.42222e-07
-0.00904479
3.32661e-07
-0.00904533
5.74624e-07
-0.00904615
8.59308e-07
-0.00904727
1.17129e-06
-0.00904871
1.49774e-06
-0.00905049
1.83914e-06
-0.00905265
2.21867e-06
-0.00905528
2.68339e-06
-0.00905853
3.29522e-06
-0.00906258
4.08593e-06
-0.00906751
4.93693e-06
-0.00907284
5.29543e-06
5.24873e-06
-0.0091182
3.39099e-08
-0.00911861
1.05595e-07
-0.00911901
9.87411e-08
-0.00911938
8.8573e-08
-0.00911971
8.00506e-08
-0.00912001
7.1063e-08
-0.00912028
6.199e-08
-0.00912051
5.13426e-08
-0.00912068
3.81188e-08
-0.00912079
1.93888e-08
-0.00912079
-7.97409e-09
-0.00912064
-4.59679e-08
-0.00912028
-1.00828e-07
-0.00911963
-1.71831e-07
-0.00911863
-2.57638e-07
-0.00911726
-3.54682e-07
-0.00911547
-4.58728e-07
-0.00911324
-5.70105e-07
-0.00911051
-6.95689e-07
-0.00910718
-8.50507e-07
-0.00910305
-1.05413e-06
-0.00909787
-1.31456e-06
-0.00909156
-1.59001e-06
-0.00908484
-1.63347e-06
-1.55517e-06
-0.00902928
-5.50919e-07
-3.699e-08
-0.00902875
-3.57697e-07
-1.07535e-07
-0.00902818
-4.07857e-07
-9.90968e-08
-0.00902766
-3.73469e-07
-8.71877e-08
-0.00902719
-3.45325e-07
-7.71359e-08
-0.00902676
-3.19056e-07
-6.79096e-08
-0.00902638
-2.918e-07
-5.85144e-08
-0.00902605
-2.61032e-07
-4.81996e-08
-0.00902578
-2.20333e-07
-3.49288e-08
-0.0090256
-1.6248e-07
-1.66453e-08
-0.00902555
-7.63786e-08
1.05602e-08
-0.0090257
4.94489e-08
4.805e-08
-0.00902612
2.19904e-07
1.02668e-07
-0.0090269
4.38328e-07
1.72902e-07
-0.00902809
6.97271e-07
2.58087e-07
-0.00902976
9.8174e-07
3.53944e-07
-0.00903193
1.2792e-06
4.56777e-07
-0.00903463
1.58793e-06
5.6626e-07
-0.00903792
1.92798e-06
6.89634e-07
-0.00904194
2.34189e-06
8.4139e-07
-0.00904692
2.89142e-06
1.04165e-06
-0.00905315
3.61738e-06
1.29787e-06
-0.00906081
4.47568e-06
1.56859e-06
-0.00906915
5.05045e-06
1.60766e-06
5.66455e-06
1.53227e-06
-0.00910562
-0.00910588
-0.0091062
-0.0091065
-0.00910677
-0.00910702
-0.00910725
-0.00910746
-0.00910764
-0.00910777
-0.00910784
-0.00910781
-0.00910764
-0.00910728
-0.00910669
-0.00910583
-0.0091047
-0.00910328
-0.00910153
-0.00909937
-0.00909668
-0.00909327
-0.00908901
-0.00908418
-0.0090464
-3.25744e-07
1.06996e-09
-0.00904607
-3.79592e-07
-3.58423e-10
-0.00904573
-3.72319e-07
1.09703e-10
-0.00904544
-3.37862e-07
1.9541e-11
-0.00904517
-3.07013e-07
4.47109e-11
-0.00904492
-2.77673e-07
-1.69451e-11
-0.00904471
-2.46824e-07
4.71979e-11
-0.00904453
-2.11246e-07
2.52481e-11
-0.00904439
-1.64067e-07
8.14876e-11
-0.00904431
-9.70449e-08
1.17964e-10
-0.00904432
1.26039e-09
1.85994e-10
-0.00904446
1.41816e-07
2.20389e-10
-0.00904478
3.32224e-07
2.57751e-10
-0.00904532
5.73938e-07
2.69357e-10
-0.00904614
8.58559e-07
3.87244e-10
-0.00904726
1.17026e-06
4.93092e-10
-0.0090487
1.49659e-06
6.2792e-10
-0.00905048
1.83758e-06
6.47762e-10
-0.00905264
2.21688e-06
7.95969e-10
-0.00905527
2.68112e-06
9.73159e-10
-0.00905852
3.29248e-06
1.11018e-09
-0.00906257
4.08284e-06
1.45556e-09
-0.0090675
4.93458e-06
1.53199e-09
-0.00907283
5.2956e-06
3.60932e-10
5.25521e-06
-2.6404e-09
-0.00911819
-0.00911861
-0.00911901
-0.00911938
-0.00911971
-0.00912001
-0.00912027
-0.0091205
-0.00912068
-0.00912079
-0.00912079
-0.00912064
-0.00912028
-0.00911963
-0.00911864
-0.00911726
-0.00911547
-0.00911324
-0.00911052
-0.00910719
-0.00910306
-0.00909788
-0.00909157
-0.00908485
-0.0091182
3.21925e-07
-0.00911861
3.78266e-07
-0.00911901
3.72446e-07
-0.00911938
3.39222e-07
-0.00911971
3.09784e-07
-0.00912001
2.80177e-07
-0.00912028
2.49822e-07
-0.00912051
2.13579e-07
-0.00912068
1.66703e-07
-0.00912079
9.88802e-08
-0.00912079
7.69024e-10
-0.00912064
-1.40611e-07
-0.00912028
-3.30938e-07
-0.00911963
-5.73657e-07
-0.00911863
-8.58652e-07
-0.00911726
-1.17184e-06
-0.00911547
-1.49906e-06
-0.00911324
-1.84192e-06
-0.00911051
-2.2229e-06
-0.00910718
-2.68995e-06
-0.00910305
-3.30397e-06
-0.00909787
-4.09839e-06
-0.00909156
-4.95375e-06
-0.00908484
-5.3164e-06
-5.26983e-06
-0.00904641
-0.00904608
-0.00904575
-0.00904545
-0.00904518
-0.00904494
-0.00904472
-0.00904454
-0.0090444
-0.00904432
-0.00904433
-0.00904447
-0.00904479
-0.00904533
-0.00904615
-0.00904727
-0.00904871
-0.00905049
-0.00905265
-0.00905528
-0.00905853
-0.00906258
-0.00906752
-0.00907285
)
;

boundaryField
{
    outletCentralUnloaded
    {
        type            calculated;
        value           nonuniform List<scalar> 2(0.00584524 0.00584524);
    }
    inletCentralUnloaded
    {
        type            calculated;
        value           nonuniform List<scalar> 2(-0.00587367 -0.00587367);
    }
    outletFuelElement
    {
        type            calculated;
        value           nonuniform List<scalar> 
12
(
0.00910515
0.00902988
0.00911791
0.00904668
0.0090467
0.00911791
0.00902988
0.00910515
0.00904668
0.00911791
0.00911791
0.0090467
)
;
    }
    inletFuelElement
    {
        type            calculated;
        value           nonuniform List<scalar> 
12
(
-0.009275
-0.00927501
-0.009275
-0.009275
-0.00927501
-0.009275
-0.00927501
-0.009275
-0.009275
-0.009275
-0.009275
-0.00927501
)
;
    }
    defaultFaces
    {
        type            calculated;
        value           nonuniform List<scalar> 
450
(
1.34863e-23
-9.83568e-24
0
1.33131e-23
-1.1966e-23
0
1.6518e-23
-4.51295e-24
0
-2.63874e-23
-1.32377e-23
0
-1.21202e-23
-2.42119e-23
0
-1.61182e-23
-1.25344e-23
0
-1.76152e-23
-5.96665e-24
0
-1.77268e-23
-7.54735e-24
0
-1.26127e-23
-3.22211e-24
0
-1.43592e-23
-4.06478e-24
0
-5.76139e-24
-1.61719e-24
0
3.28005e-24
7.88368e-25
0
2.0077e-23
1.62383e-24
0
3.53531e-23
1.10309e-23
0
5.27966e-23
2.87808e-23
0
5.75437e-23
2.91769e-23
0
6.95176e-23
-5.14007e-23
0
9.01748e-23
6.32385e-23
0
1.43287e-22
-1.27842e-22
0
-7.01618e-23
-2.12176e-23
0
-1.30538e-22
-7.01405e-24
0
2.14651e-22
-1.27892e-22
0
-1.38508e-22
7.26537e-23
0
-1.7986e-22
-4.32411e-24
0
-1.67817e-22
-1.66759e-22
0
9.59233e-24
0
1.7259e-23
0
8.79529e-24
0
9.02719e-24
0
-4.66537e-24
0
7.28553e-24
0
1.27355e-23
0
8.07685e-24
0
-1.43459e-24
0
3.85575e-24
0
0
0
-3.67072e-24
0
-1.22105e-23
0
-9.13685e-24
0
-4.15707e-23
0
-2.39879e-23
0
7.03192e-23
0
-5.03481e-23
0
2.0421e-23
0
-1.26956e-22
0
-1.61593e-22
0
2.52628e-22
0
5.58083e-23
0
-1.47499e-22
0
-1.85454e-22
0
-4.20622e-24
-8.51256e-24
8.67473e-24
-8.90216e-24
4.60013e-24
-4.78852e-24
-5.02181e-24
-5.30753e-24
2.82791e-24
-1.52004e-24
3.8664e-26
0
4.0119e-24
1.80157e-23
1.02491e-23
2.3667e-23
-5.55351e-23
3.316e-23
-8.07704e-23
0
0
-1.67224e-22
-2.221e-22
0
0
0
0
0
0
0
0
0
0
0
0
0
0
0
0
0
0
0
0
0
0
0
0
0
0
0
-1.1724e-23
8.52651e-24
0
1.29442e-23
8.79528e-24
2.19882e-23
-1.35408e-23
-4.51359e-24
1.16634e-23
-9.33072e-24
-1.21425e-23
-2.42851e-24
-7.6413e-24
-7.6413e-24
-2.69228e-24
-5.38456e-24
1.00421e-23
-7.17292e-24
-3.0846e-24
-1.5423e-24
0
4.18463e-25
3.67072e-24
2.75304e-24
1.62806e-23
1.22105e-23
9.13684e-24
1.37053e-23
3.1178e-23
1.5589e-23
1.19939e-23
2.39879e-23
-4.21915e-23
7.03191e-23
3.35653e-23
5.0348e-23
-1.42947e-22
1.02105e-22
-1.26956e-22
-7.61737e-23
3.23186e-23
-6.46372e-23
-2.10523e-22
1.68418e-22
-1.11617e-22
-1.39521e-22
7.37497e-23
-1.84374e-22
-2.31817e-22
-1.85454e-22
1.21283e-23
0
-8.50643e-24
6.98119e-24
0
0
9.32815e-24
0
-3.50967e-23
-3.19426e-23
0
1.3508e-23
1.01083e-23
0
-4.65401e-24
-2.57457e-23
0
4.84513e-24
-2.07232e-23
0
1.01633e-23
-2.12431e-23
0
1.07425e-23
-1.06146e-23
0
-8.5862e-24
-1.62467e-23
0
3.07696e-24
-6.94889e-24
0
1.66972e-24
4.52701e-24
-0
-1.83085e-24
1.89703e-23
-0
-4.06027e-24
3.50123e-23
-0
-9.11504e-24
5.91643e-23
-0
-1.03685e-23
9.53876e-23
-0
-1.19671e-23
7.28992e-23
-0
0
1.29676e-22
-0
-3.34982e-23
9.77245e-23
-0
-8.15335e-23
-9.52026e-23
-0
5.06987e-23
-4.68615e-23
-0
0
1.98102e-22
-0
0
-1.30415e-22
-0
5.57628e-23
-1.01941e-22
-0
7.3716e-23
-1.63149e-22
-0
9.27139e-23
-4.20622e-24
0
0
-8.90216e-24
4.60013e-24
-9.57704e-24
0
-2.65377e-24
0
0
1.2888e-26
1.8089e-24
0
1.80157e-23
0
2.3667e-23
-5.55351e-23
0
-1.21156e-22
-5.02699e-23
0
-1.67224e-22
-1.1105e-22
0
0
1.06581e-23
0
1.29442e-23
0
0
0
1.35408e-23
0
-6.99805e-24
0
4.85702e-24
0
7.6413e-24
0
8.07685e-24
0
0
0
3.0846e-24
0
0
0
-5.50609e-24
-0
-1.22105e-23
-0
-1.82737e-23
-0
-4.15707e-23
-0
-3.59819e-23
-0
5.62554e-23
-0
-5.03481e-23
-0
1.42947e-22
-0
-7.61738e-23
-0
-1.29275e-22
-0
2.52628e-22
-0
5.58083e-23
-0
-2.21249e-22
-0
-2.31817e-22
-0
-8.52651e-24
0
-1.29442e-23
8.62949e-24
0
8.79528e-24
-9.02719e-24
-2.2568e-23
2.33268e-24
6.99804e-24
-4.85701e-24
-2.18566e-23
-2.5471e-24
-1.52826e-23
-5.38456e-24
-1.07691e-23
0
-5.73834e-24
-1.5423e-24
-4.6269e-24
-4.18463e-25
1.67385e-24
0
1.10122e-23
0
2.6456e-23
0
4.11158e-23
1.03927e-23
6.75523e-23
2.39879e-23
9.59516e-23
-1.40638e-23
7.03191e-23
5.0348e-23
1.67827e-22
0
1.22526e-22
-2.53912e-23
-5.07825e-23
3.23186e-23
-1.29274e-22
4.21046e-23
1.68418e-22
1.67425e-22
-5.58083e-23
-7.37497e-23
-1.84374e-22
-4.63634e-23
-9.27268e-23
-0
-0
-0
-0
-0
-0
-0
-0
-0
-0
-0
0
0
0
0
0
0
0
0
0
0
0
0
0
0
)
;
    }
    baffle_master
    {
        type            calculated;
        value           nonuniform List<scalar> 
150
(
5.24385e-33
0
0
3.91395e-32
0
1.2133e-31
-3.8912e-32
0
0
2.84536e-34
0
-4.74023e-34
-3.09207e-31
0
-1.2136e-31
6.11012e-33
0
0
3.07216e-32
0
-6.06899e-32
1.50828e-32
0
0
4.23563e-32
0
-6.06998e-32
-7.96125e-34
0
-9.48513e-34
-6.12862e-32
0
6.07098e-32
1.95084e-32
0
1.2143e-31
-2.02176e-33
0
0
-2.3152e-34
0
-9.48825e-34
-2.52504e-33
0
3.03649e-32
7.41078e-33
0
0
1.78865e-31
0
1.21479e-31
-2.66753e-33
0
0
7.87503e-32
0
4.55623e-32
3.09297e-32
0
6.07547e-32
5.76976e-33
0
-1.51899e-32
-1.17028e-31
0
-3.03824e-32
4.92017e-33
0
0
3.70174e-33
0
-6.07747e-32
1.16521e-31
0
-9.72473e-31
0
-1.05733e-31
0
0
-1.68472e-31
0
6.06699e-32
-1.27842e-31
0
-4.74023e-34
1.22209e-33
-0
-6.06799e-32
1.76892e-31
0
3.03424e-32
-2.52977e-32
0
6.06899e-32
-9.01828e-32
0
3.03474e-32
-9.16128e-32
0
-1.214e-31
-1.09255e-31
0
-1.89703e-33
2.80108e-33
-0
0
-2.03925e-31
0
0
-2.76404e-31
0
3.03599e-32
-5.56796e-32
0
0
-1.77163e-33
0
0
-9.17396e-32
0
3.03674e-32
-7.78609e-32
0
-6.07397e-32
-6.38094e-32
0
1.51862e-32
-3.82472e-32
0
-6.07497e-32
2.69933e-33
0
-6.07547e-32
9.53965e-32
0
-1.51899e-32
-3.45556e-32
-0
-9.11471e-32
1.59663e-31
0
-6.07697e-32
-4.01101e-32
0
0
-1.15548e-31
-0
0
-9.46572e-31
-0
)
;
    }
    baffle_slave
    {
        type            calculated;
        value           nonuniform List<scalar> 
150
(
1.63269e-25
-0
4.20622e-24
-1.59092e-24
-0
0
-2.11299e-24
-0
0
1.52495e-24
-0
8.90216e-24
-1.61176e-23
-0
-1.38004e-23
-1.64042e-24
-0
0
2.03305e-24
-0
5.02181e-24
1.48753e-24
-0
0
-4.40306e-25
-0
-2.82791e-24
-2.83998e-25
-0
0
-8.21901e-25
0
-1.2888e-26
0
0
0
8.74498e-25
0
4.0119e-24
-1.33242e-24
0
9.00786e-24
5.02717e-24
0
-1.02491e-23
-1.45583e-23
0
-2.3667e-23
-9.21183e-23
0
-5.55351e-23
-7.74836e-25
0
6.63199e-23
-6.8588e-23
0
-8.07704e-23
-1.11645e-23
0
0
-3.24645e-24
0
-6.40716e-23
1.6073e-22
0
1.67224e-22
2.2528e-23
0
0
-4.2486e-23
0
-7.35416e-23
-9.6252e-23
0
0
-6.21313e-24
1.91296e-23
0
1.5945e-24
8.21977e-24
0
2.89533e-24
9.86202e-24
0
-3.03076e-24
1.09519e-23
0
-8.32295e-25
-1.67623e-23
0
6.84048e-24
1.07373e-23
0
5.37936e-25
1.04781e-23
0
-2.52778e-25
8.9252e-24
0
4.06706e-24
6.51652e-24
0
-1.92751e-24
3.31331e-24
0
8.72969e-27
3.69855e-24
0
1.34067e-24
-1.12655e-25
0
8.68184e-25
-3.18567e-24
0
1.50592e-23
-7.99454e-24
0
7.06975e-24
-1.74156e-23
0
4.62553e-23
-1.85895e-23
0
-4.6094e-23
-2.60569e-23
0
-8.38491e-24
-4.14537e-23
0
-5.09722e-23
1.82482e-23
0
-5.77895e-23
2.15455e-23
0
-6.55735e-23
5.04449e-23
0
-1.80911e-22
1.39538e-22
0
-8.17404e-23
-1.16106e-22
0
4.82252e-23
1.30903e-22
0
-6.47431e-23
1.15068e-22
0
)
;
    }
}


// ************************************************************************* //
