/*--------------------------------*- C++ -*----------------------------------*\
| =========                 |                                                 |
| \\      /  F ield         | OpenFOAM: The Open Source CFD Toolbox           |
|  \\    /   O peration     | Version:  2212                                  |
|   \\  /    A nd           | Website:  www.openfoam.com                      |
|    \\/     M anipulation  |                                                 |
\*---------------------------------------------------------------------------*/
FoamFile
{
    version     2.0;
    format      ascii;
    arch        "LSB;label=32;scalar=64";
    class       volScalarField;
    location    "20/fluidRegion";
    object      alphaRhoMagU;
}
// * * * * * * * * * * * * * * * * * * * * * * * * * * * * * * * * * * * * * //

dimensions      [1 -2 -1 0 0 0 0];

internalField   nonuniform List<scalar> 
350
(
36.8037
36.8037
36.8037
36.8037
36.8037
36.8037
36.8037
36.8037
36.8037
36.8037
36.8037
36.8037
36.8037
36.8037
36.8037
36.8037
36.8037
36.8037
36.8037
36.8037
36.8037
36.8038
36.8039
36.804
36.8941
36.8037
36.8037
36.8037
36.8037
36.8037
36.8037
36.8037
36.8037
36.8037
36.8037
36.8037
36.8037
36.8037
36.8037
36.8037
36.8037
36.8037
36.8037
36.8037
36.8037
36.8037
36.8038
36.8039
36.804
36.8941
57.3378
57.2324
57.2347
57.2359
57.2357
57.2341
57.2308
57.2258
57.2189
57.2101
57.1992
57.1862
57.1712
57.1538
57.1337
57.1097
57.0806
57.0456
57.0058
56.9693
56.9572
57.0245
57.2859
57.9168
58.1343
56.8633
56.7499
56.7469
56.7428
56.7377
56.7316
56.7243
56.7157
56.7057
56.6944
56.682
56.669
56.6561
56.6439
56.6326
56.6219
56.6108
56.5987
56.5869
56.5843
56.6137
56.7331
57.0615
57.7773
58.0899
57.4173
57.312
57.315
57.3167
57.3169
57.3156
57.3126
57.3078
57.301
57.2921
57.2809
57.2674
57.2514
57.2326
57.2103
57.1835
57.1507
57.1112
57.0659
57.0229
57.0029
57.0605
57.3099
57.9274
58.1358
56.9695
56.8582
56.8566
56.8539
56.8502
56.8453
56.8391
56.8314
56.8223
56.8118
56.7999
56.7871
56.7739
56.7607
56.7476
56.734
56.719
56.7018
56.6838
56.6736
56.6936
56.8013
57.1145
57.8109
58.1009
56.9695
56.8582
56.8566
56.8539
56.8502
56.8453
56.8391
56.8314
56.8223
56.8118
56.7999
56.7871
56.7739
56.7607
56.7476
56.734
56.719
56.7018
56.6838
56.6736
56.6936
56.8013
57.1145
57.8109
58.1009
57.4173
57.312
57.315
57.3167
57.3169
57.3156
57.3126
57.3077
57.301
57.292
57.2809
57.2674
57.2514
57.2326
57.2103
57.1834
57.1506
57.1111
57.0659
57.0228
57.0028
57.0603
57.3097
57.9273
58.1358
56.8633
56.7499
56.7469
56.7428
56.7377
56.7316
56.7243
56.7157
56.7057
56.6944
56.682
56.669
56.6561
56.6439
56.6326
56.6219
56.6108
56.5987
56.5869
56.5843
56.6137
56.7331
57.0615
57.7773
58.0899
57.3378
57.2324
57.2347
57.2359
57.2357
57.2341
57.2308
57.2258
57.2189
57.2101
57.1992
57.1862
57.1712
57.1538
57.1337
57.1097
57.0806
57.0456
57.0058
56.9693
56.9572
57.0245
57.2859
57.9168
58.1343
56.9695
56.8582
56.8566
56.8539
56.8502
56.8453
56.8391
56.8314
56.8223
56.8118
56.7999
56.7871
56.7739
56.7607
56.7476
56.734
56.719
56.7018
56.6838
56.6736
56.6936
56.8013
57.1145
57.8109
58.1009
57.4173
57.312
57.315
57.3167
57.3169
57.3156
57.3126
57.3078
57.301
57.2921
57.2809
57.2674
57.2514
57.2326
57.2103
57.1835
57.1507
57.1112
57.0659
57.0229
57.0029
57.0605
57.3099
57.9274
58.1358
57.4173
57.312
57.315
57.3167
57.3169
57.3156
57.3126
57.3077
57.301
57.292
57.2809
57.2674
57.2514
57.2326
57.2103
57.1834
57.1507
57.1111
57.0659
57.0228
57.0028
57.0603
57.3097
57.9273
58.1358
56.9695
56.8582
56.8566
56.8539
56.8502
56.8453
56.8391
56.8314
56.8223
56.8118
56.7999
56.7871
56.7739
56.7607
56.7476
56.734
56.719
56.7018
56.6838
56.6736
56.6936
56.8013
57.1145
57.8109
58.1009
)
;

boundaryField
{
    outletCentralUnloaded
    {
        type            calculated;
        value           nonuniform List<scalar> 2(36.8021 36.8021);
    }
    inletCentralUnloaded
    {
        type            calculated;
        value           nonuniform List<scalar> 2(36.9827 36.9827);
    }
    outletFuelElement
    {
        type            calculated;
        value           nonuniform List<scalar> 
12
(
56.9826
56.5111
57.0616
56.6166
56.6166
57.0616
56.5111
56.9826
56.6166
57.0616
57.0616
56.6166
)
;
    }
    inletFuelElement
    {
        type            calculated;
        value           nonuniform List<scalar> 
12
(
58.3988
58.3988
58.3988
58.3988
58.3988
58.3988
58.3988
58.3988
58.3988
58.3988
58.3988
58.3988
)
;
    }
    defaultFaces
    {
        type            calculated;
        value           nonuniform List<scalar> 
450
(
57.3378
57.3378
57.3378
57.2324
57.2324
57.2324
57.2347
57.2347
57.2347
57.2359
57.2359
57.2359
57.2357
57.2357
57.2357
57.2341
57.2341
57.2341
57.2308
57.2308
57.2308
57.2258
57.2258
57.2258
57.2189
57.2189
57.2189
57.2101
57.2101
57.2101
57.1992
57.1992
57.1992
57.1862
57.1862
57.1862
57.1712
57.1712
57.1712
57.1538
57.1538
57.1538
57.1337
57.1337
57.1337
57.1097
57.1097
57.1097
57.0806
57.0806
57.0806
57.0456
57.0456
57.0456
57.0058
57.0058
57.0058
56.9693
56.9693
56.9693
56.9572
56.9572
56.9572
57.0245
57.0245
57.0245
57.2859
57.2859
57.2859
57.9168
57.9168
57.9168
58.1343
58.1343
58.1343
57.4173
57.4173
57.312
57.312
57.315
57.315
57.3167
57.3167
57.3169
57.3169
57.3156
57.3156
57.3126
57.3126
57.3078
57.3078
57.301
57.301
57.2921
57.2921
57.2809
57.2809
57.2674
57.2674
57.2514
57.2514
57.2326
57.2326
57.2103
57.2103
57.1835
57.1835
57.1507
57.1507
57.1112
57.1112
57.0659
57.0659
57.0229
57.0229
57.0029
57.0029
57.0605
57.0605
57.3099
57.3099
57.9274
57.9274
58.1358
58.1358
56.9695
56.8582
56.8566
56.8539
56.8502
56.8453
56.8391
56.8314
56.8223
56.8118
56.7999
56.7871
56.7739
56.7607
56.7476
56.734
56.719
56.7018
56.6838
56.6736
56.6936
56.8013
57.1145
57.8109
58.1009
56.9695
56.8582
56.8566
56.8539
56.8502
56.8453
56.8391
56.8314
56.8223
56.8118
56.7999
56.7871
56.7739
56.7607
56.7476
56.734
56.719
56.7018
56.6838
56.6736
56.6936
56.8013
57.1145
57.8109
58.1009
57.4173
57.4173
57.312
57.312
57.315
57.315
57.3167
57.3167
57.3169
57.3169
57.3156
57.3156
57.3126
57.3126
57.3077
57.3077
57.301
57.301
57.292
57.292
57.2809
57.2809
57.2674
57.2674
57.2514
57.2514
57.2326
57.2326
57.2103
57.2103
57.1834
57.1834
57.1506
57.1506
57.1111
57.1111
57.0659
57.0659
57.0228
57.0228
57.0028
57.0028
57.0603
57.0603
57.3097
57.3097
57.9273
57.9273
58.1358
58.1358
57.3378
57.3378
57.3378
57.2324
57.2324
57.2324
57.2347
57.2347
57.2347
57.2359
57.2359
57.2359
57.2357
57.2357
57.2357
57.2341
57.2341
57.2341
57.2308
57.2308
57.2308
57.2258
57.2258
57.2258
57.2189
57.2189
57.2189
57.2101
57.2101
57.2101
57.1992
57.1992
57.1992
57.1862
57.1862
57.1862
57.1712
57.1712
57.1712
57.1538
57.1538
57.1538
57.1337
57.1337
57.1337
57.1097
57.1097
57.1097
57.0806
57.0806
57.0806
57.0456
57.0456
57.0456
57.0058
57.0058
57.0058
56.9693
56.9693
56.9693
56.9572
56.9572
56.9572
57.0245
57.0245
57.0245
57.2859
57.2859
57.2859
57.9168
57.9168
57.9168
58.1343
58.1343
58.1343
56.9695
56.8582
56.8566
56.8539
56.8502
56.8453
56.8391
56.8314
56.8223
56.8118
56.7999
56.7871
56.7739
56.7607
56.7476
56.734
56.719
56.7018
56.6838
56.6736
56.6936
56.8013
57.1145
57.8109
58.1009
57.4173
57.4173
57.312
57.312
57.315
57.315
57.3167
57.3167
57.3169
57.3169
57.3156
57.3156
57.3126
57.3126
57.3078
57.3078
57.301
57.301
57.2921
57.2921
57.2809
57.2809
57.2674
57.2674
57.2514
57.2514
57.2326
57.2326
57.2103
57.2103
57.1835
57.1835
57.1507
57.1507
57.1112
57.1112
57.0659
57.0659
57.0229
57.0229
57.0029
57.0029
57.0605
57.0605
57.3099
57.3099
57.9274
57.9274
58.1358
58.1358
57.4173
57.4173
57.312
57.312
57.315
57.315
57.3167
57.3167
57.3169
57.3169
57.3156
57.3156
57.3126
57.3126
57.3077
57.3077
57.301
57.301
57.292
57.292
57.2809
57.2809
57.2674
57.2674
57.2514
57.2514
57.2326
57.2326
57.2103
57.2103
57.1834
57.1834
57.1507
57.1507
57.1111
57.1111
57.0659
57.0659
57.0228
57.0228
57.0028
57.0028
57.0603
57.0603
57.3097
57.3097
57.9273
57.9273
58.1358
58.1358
56.9695
56.8582
56.8566
56.8539
56.8502
56.8453
56.8391
56.8314
56.8223
56.8118
56.7999
56.7871
56.7739
56.7607
56.7476
56.734
56.719
56.7018
56.6838
56.6736
56.6936
56.8013
57.1145
57.8109
58.1009
)
;
    }
    baffle_master
    {
        type            calculated;
        value           nonuniform List<scalar> 
150
(
36.8037
36.8037
36.8037
36.8037
36.8037
36.8037
36.8037
36.8037
36.8037
36.8037
36.8037
36.8037
36.8037
36.8037
36.8037
36.8037
36.8037
36.8037
36.8037
36.8037
36.8037
36.8037
36.8037
36.8037
36.8037
36.8037
36.8037
36.8037
36.8037
36.8037
36.8037
36.8037
36.8037
36.8037
36.8037
36.8037
36.8037
36.8037
36.8037
36.8037
36.8037
36.8037
36.8037
36.8037
36.8037
36.8037
36.8037
36.8037
36.8037
36.8037
36.8037
36.8037
36.8037
36.8037
36.8037
36.8037
36.8037
36.8037
36.8037
36.8037
36.8037
36.8037
36.8037
36.8038
36.8038
36.8038
36.8039
36.8039
36.8039
36.804
36.804
36.804
36.8941
36.8941
36.8941
36.8037
36.8037
36.8037
36.8037
36.8037
36.8037
36.8037
36.8037
36.8037
36.8037
36.8037
36.8037
36.8037
36.8037
36.8037
36.8037
36.8037
36.8037
36.8037
36.8037
36.8037
36.8037
36.8037
36.8037
36.8037
36.8037
36.8037
36.8037
36.8037
36.8037
36.8037
36.8037
36.8037
36.8037
36.8037
36.8037
36.8037
36.8037
36.8037
36.8037
36.8037
36.8037
36.8037
36.8037
36.8037
36.8037
36.8037
36.8037
36.8037
36.8037
36.8037
36.8037
36.8037
36.8037
36.8037
36.8037
36.8037
36.8037
36.8037
36.8037
36.8037
36.8037
36.8037
36.8038
36.8038
36.8038
36.8039
36.8039
36.8039
36.804
36.804
36.804
36.8941
36.8941
36.8941
)
;
    }
    baffle_slave
    {
        type            calculated;
        value           nonuniform List<scalar> 
150
(
56.8633
56.9695
56.9695
56.7499
56.8582
56.8582
56.7469
56.8566
56.8566
56.7428
56.8539
56.8539
56.7377
56.8502
56.8502
56.7316
56.8453
56.8453
56.7243
56.8391
56.8391
56.7157
56.8314
56.8314
56.7057
56.8223
56.8223
56.6944
56.8118
56.8118
56.682
56.7999
56.7999
56.669
56.7871
56.7871
56.6561
56.7739
56.7739
56.6439
56.7607
56.7607
56.6326
56.7476
56.7476
56.6219
56.734
56.734
56.6108
56.719
56.719
56.5987
56.7018
56.7018
56.5869
56.6838
56.6838
56.5843
56.6736
56.6736
56.6137
56.6936
56.6936
56.7331
56.8013
56.8013
57.0615
57.1145
57.1145
57.7773
57.8109
57.8109
58.0899
58.1009
58.1009
56.9695
56.8633
56.9695
56.8582
56.7499
56.8582
56.8566
56.7469
56.8566
56.8539
56.7428
56.8539
56.8502
56.7377
56.8502
56.8453
56.7316
56.8453
56.8391
56.7243
56.8391
56.8314
56.7157
56.8314
56.8223
56.7057
56.8223
56.8118
56.6944
56.8118
56.7999
56.682
56.7999
56.7871
56.669
56.7871
56.7739
56.6561
56.7739
56.7607
56.6439
56.7607
56.7476
56.6326
56.7476
56.734
56.6219
56.734
56.719
56.6108
56.719
56.7018
56.5987
56.7018
56.6838
56.5869
56.6838
56.6736
56.5843
56.6736
56.6936
56.6137
56.6936
56.8013
56.7331
56.8013
57.1145
57.0615
57.1145
57.8109
57.7773
57.8109
58.1009
58.0899
58.1009
)
;
    }
}


// ************************************************************************* //
