/*--------------------------------*- C++ -*----------------------------------*\
| =========                 |                                                 |
| \\      /  F ield         | OpenFOAM: The Open Source CFD Toolbox           |
|  \\    /   O peration     | Version:  2212                                  |
|   \\  /    A nd           | Website:  www.openfoam.com                      |
|    \\/     M anipulation  |                                                 |
\*---------------------------------------------------------------------------*/
FoamFile
{
    version     2.0;
    format      ascii;
    arch        "LSB;label=32;scalar=64";
    class       surfaceScalarField;
    location    "58/fluidRegion";
    object      alphaRhoPhi;
}
// * * * * * * * * * * * * * * * * * * * * * * * * * * * * * * * * * * * * * //

dimensions      [1 0 -1 0 0 0 0];

oriented        oriented;

internalField   nonuniform List<scalar> 
661
(
-0.00585
3.58179e-12
-0.00584984
4.57141e-12
-0.00584961
5.44301e-12
-0.00584938
6.44102e-12
-0.00584923
6.76278e-12
-0.00584918
5.52364e-12
-0.00584925
2.11964e-12
-0.00584939
-2.87905e-12
-0.00584954
-8.15977e-12
-0.00584965
-1.21681e-11
-0.00584968
-1.37063e-11
-0.00584965
-1.23652e-11
-0.00584958
-8.5364e-12
-0.00584952
-3.30789e-12
-0.00584951
1.98459e-12
-0.00584958
6.1115e-12
-0.00584973
8.16989e-12
-0.00584994
7.89041e-12
-0.00585015
5.56751e-12
-0.00585033
1.81793e-12
-0.00585041
-2.38996e-12
-0.00585037
-5.87548e-12
-0.00585021
-7.06315e-12
-0.00584995
-2.683e-12
5.5476e-12
-0.00585
-0.00584984
-0.00584961
-0.00584938
-0.00584923
-0.00584918
-0.00584925
-0.00584939
-0.00584954
-0.00584965
-0.00584968
-0.00584965
-0.00584958
-0.00584952
-0.00584951
-0.00584958
-0.00584973
-0.00584994
-0.00585015
-0.00585033
-0.00585041
-0.00585037
-0.00585021
-0.00584995
-0.00939662
6.46012e-07
-0.00939684
3.12811e-07
-0.00939711
3.47374e-07
-0.00939736
3.22473e-07
-0.00939759
3.03126e-07
-0.00939781
2.86173e-07
-0.00939801
2.71323e-07
-0.0093982
2.56962e-07
-0.00939838
2.3913e-07
-0.00939853
2.10145e-07
-0.00939865
1.57777e-07
-0.0093987
6.5002e-08
-0.00939862
-8.54163e-08
-0.00939837
-3.01175e-07
-0.00939786
-5.82742e-07
-0.00939705
-9.11547e-07
-0.00939591
-1.26166e-06
-0.00939443
-1.61668e-06
-0.00939259
-1.98818e-06
-0.00939032
-2.42623e-06
-0.00938746
-3.02213e-06
-0.00938376
-3.87151e-06
-0.00937891
-5.00413e-06
-0.00937317
-5.89438e-06
-7.2036e-06
-0.00931238
-1.65612e-08
-1.78964e-08
-0.00931194
-7.95079e-08
-8.36383e-08
-0.00931146
-7.7068e-08
-8.13971e-08
-0.00931102
-6.83456e-08
-7.30634e-08
-0.00931062
-6.09596e-08
-6.60944e-08
-0.00931024
-5.40453e-08
-5.97204e-08
-0.00930989
-4.75315e-08
-5.38807e-08
-0.00930957
-4.0974e-08
-4.81024e-08
-0.00930928
-3.32616e-08
-4.13539e-08
-0.00930903
-2.21846e-08
-3.14691e-08
-0.00930886
-3.96769e-09
-1.47313e-08
-0.00930884
2.64454e-08
1.3878e-08
-0.00930906
7.38122e-08
5.87337e-08
-0.00930961
1.45463e-07
1.27191e-07
-0.00931062
2.39528e-07
2.1709e-07
-0.00931218
3.51932e-07
3.24049e-07
-0.00931431
4.75091e-07
4.39936e-07
-0.00931705
6.04125e-07
5.59354e-07
-0.00932043
7.43733e-07
6.85919e-07
-0.00932457
9.11337e-07
8.36868e-07
-0.00932975
1.13878e-06
1.04221e-06
-0.00933638
1.45167e-06
1.33088e-06
-0.00934489
1.83262e-06
1.68443e-06
-0.00935455
1.96967e-06
1.81495e-06
1.91847e-06
1.8154e-06
-0.00941042
3.19754e-07
-0.00941075
3.07773e-07
-0.00941107
3.03769e-07
-0.00941136
2.79217e-07
-0.00941163
2.58173e-07
-0.00941187
2.39312e-07
-0.0094121
2.22041e-07
-0.0094123
2.04408e-07
-0.00941248
1.81807e-07
-0.00941262
1.45644e-07
-0.00941269
8.23332e-08
-0.00941265
-2.52765e-08
-0.00941242
-1.95303e-07
-0.00941191
-4.37274e-07
-0.00941103
-7.4897e-07
-0.00940971
-1.11025e-06
-0.00940789
-1.49426e-06
-0.00940558
-1.88588e-06
-0.00940272
-2.30139e-06
-0.00939921
-2.79775e-06
-0.00939481
-3.47121e-06
-0.00938917
-4.41682e-06
-0.00938199
-5.5784e-06
-0.00937395
-6.28267e-06
-6.57008e-06
-0.00933127
2.75492e-09
-0.009331
1.39563e-09
-0.00933074
1.54273e-09
-0.00933049
1.53522e-09
-0.00933027
1.56841e-09
-0.00933006
1.56408e-09
-0.00932987
1.48161e-09
-0.00932969
1.38192e-09
-0.00932954
1.19303e-09
-0.00932942
8.76278e-10
-0.00932935
4.76885e-10
-0.00932937
-7.81539e-11
-0.00932956
-8.79556e-10
-0.00932996
-1.96566e-09
-0.00933066
-3.48478e-09
-0.00933171
-5.51718e-09
-0.00933312
-8.05821e-09
-0.00933493
-1.1051e-08
-0.00933714
-1.46842e-08
-0.00933984
-1.87308e-08
-0.0093432
-2.29776e-08
-0.00934751
-2.74821e-08
-0.00935297
-3.25894e-08
-0.00935914
-3.34228e-08
-3.01581e-08
-0.00933128
-3.1372e-07
-0.00933102
-3.04752e-07
-0.00933075
-3.00287e-07
-0.0093305
-2.75677e-07
-0.00933028
-2.54495e-07
-0.00933007
-2.35556e-07
-0.00932988
-2.18295e-07
-0.00932971
-2.00691e-07
-0.00932955
-1.78242e-07
-0.00932943
-1.42382e-07
-0.00932936
-7.94745e-08
-0.00932939
2.76556e-08
-0.00932957
1.9683e-07
-0.00932997
4.37565e-07
-0.00933067
7.47478e-07
-0.00933172
1.1063e-06
-0.00933313
1.48712e-06
-0.00933494
1.87474e-06
-0.00933715
2.28478e-06
-0.00933985
2.77402e-06
-0.00934321
3.43782e-06
-0.00934752
4.37035e-06
-0.00935298
5.51211e-06
-0.00935915
6.2045e-06
6.48636e-06
-0.00941042
1.55769e-08
-0.00941075
8.09107e-08
-0.00941107
7.84358e-08
-0.00941136
6.98959e-08
-0.00941163
6.2767e-08
-0.00941187
5.61697e-08
-0.0094121
5.00479e-08
-0.0094123
4.40009e-08
-0.00941248
3.6904e-08
-0.00941262
2.65823e-08
-0.00941269
9.34265e-09
-0.00941265
-1.9852e-08
-0.00941242
-6.54789e-08
-0.00941191
-1.35062e-07
-0.00941103
-2.26567e-07
-0.0094097
-3.35837e-07
-0.00940789
-4.55139e-07
-0.00940557
-5.79592e-07
-0.00940271
-7.14111e-07
-0.00939919
-8.76548e-07
-0.0093948
-1.09896e-06
-0.00938915
-1.40853e-06
-0.00938197
-1.79106e-06
-0.00937393
-1.93447e-06
-1.89269e-06
-0.00931238
-6.45703e-07
-2.02789e-08
-0.00931194
-3.1235e-07
-8.40553e-08
-0.00931146
-3.46899e-07
-8.19512e-08
-0.00931102
-3.21981e-07
-7.35242e-08
-0.00931062
-3.02573e-07
-6.64875e-08
-0.00931024
-2.85574e-07
-5.99803e-08
-0.00930989
-2.70691e-07
-5.3912e-08
-0.00930957
-2.56279e-07
-4.78428e-08
-0.00930928
-2.38433e-07
-4.0657e-08
-0.00930903
-2.09459e-07
-3.01545e-08
-0.00930886
-1.57088e-07
-1.26019e-08
-0.00930884
-6.43617e-08
1.69317e-08
-0.00930906
8.58701e-08
6.34348e-08
-0.00930961
3.01262e-07
1.34186e-07
-0.00931062
5.8201e-07
2.2745e-07
-0.00931218
9.09292e-07
3.394e-07
-0.00931431
1.25668e-06
4.62788e-07
-0.00931705
1.60678e-06
5.93551e-07
-0.00932043
1.96896e-06
7.38058e-07
-0.00932457
2.3899e-06
9.16787e-07
-0.00932975
2.9544e-06
1.1651e-06
-0.00933638
3.75289e-06
1.51403e-06
-0.00934489
4.7989e-06
1.9485e-06
-0.00935455
5.60779e-06
2.13893e-06
6.87921e-06
2.12646e-06
-0.00939662
-0.00939685
-0.00939711
-0.00939736
-0.00939759
-0.00939781
-0.00939801
-0.0093982
-0.00939838
-0.00939853
-0.00939865
-0.0093987
-0.00939862
-0.00939837
-0.00939786
-0.00939705
-0.00939591
-0.00939443
-0.00939259
-0.00939032
-0.00938746
-0.00938376
-0.00937891
-0.00937317
-0.00933127
-3.15032e-07
-2.00315e-10
-0.009331
-3.02215e-07
-2.13209e-09
-0.00933074
-2.97853e-07
-2.20546e-09
-0.00933049
-2.72951e-07
-2.41823e-09
-0.00933027
-2.51457e-07
-2.71014e-09
-0.00933006
-2.32105e-07
-3.06203e-09
-0.00932987
-2.14318e-07
-3.47815e-09
-0.00932969
-1.96091e-07
-4.02502e-09
-0.00932954
-1.72865e-07
-4.6942e-09
-0.00932942
-1.36028e-07
-5.50818e-09
-0.00932935
-7.19255e-08
-6.62278e-09
-0.00932937
3.6796e-08
-7.84069e-09
-0.00932955
2.08118e-07
-9.90442e-09
-0.00932996
4.51654e-07
-1.25408e-08
-0.00933066
7.65406e-07
-1.61657e-08
-0.0093317
1.1296e-06
-2.13101e-08
-0.00933312
1.51836e-06
-2.89819e-08
-0.00933492
1.91801e-06
-4.06391e-08
-0.00933714
2.34755e-06
-5.86854e-08
-0.00933984
2.86829e-06
-8.64913e-08
-0.0093432
3.58505e-06
-1.29979e-07
-0.00934751
4.59874e-06
-1.89972e-07
-0.00935297
5.85902e-06
-2.67218e-07
-0.00935914
6.66148e-06
-3.24845e-07
6.9614e-06
-3.09319e-07
-0.00941042
-0.00941075
-0.00941107
-0.00941136
-0.00941163
-0.00941187
-0.0094121
-0.0094123
-0.00941248
-0.00941262
-0.00941269
-0.00941265
-0.00941242
-0.00941191
-0.00941103
-0.00940971
-0.00940789
-0.00940558
-0.00940271
-0.0093992
-0.00939481
-0.00938917
-0.00938199
-0.00937396
-0.00941042
3.15327e-07
-0.00941075
3.06494e-07
-0.00941107
3.02096e-07
-0.00941136
2.77577e-07
-0.00941163
2.56588e-07
-0.00941187
2.37833e-07
-0.0094121
2.20742e-07
-0.0094123
2.03385e-07
-0.00941248
1.81168e-07
-0.00941262
1.45522e-07
-0.00941269
8.29112e-08
-0.00941265
-2.40387e-08
-0.00941242
-1.92544e-07
-0.00941191
-4.32688e-07
-0.00941103
-7.42057e-07
-0.0094097
-1.10041e-06
-0.00940789
-1.48089e-06
-0.00940557
-1.86885e-06
-0.00940271
-2.28153e-06
-0.0093992
-2.7782e-06
-0.0093948
-3.45974e-06
-0.00938915
-4.42721e-06
-0.00938196
-5.6326e-06
-0.00937393
-6.39604e-06
-6.7131e-06
-0.00933129
-0.00933102
-0.00933075
-0.0093305
-0.00933028
-0.00933007
-0.00932988
-0.00932971
-0.00932955
-0.00932943
-0.00932936
-0.00932939
-0.00932957
-0.00932997
-0.00933067
-0.00933172
-0.00933314
-0.00933494
-0.00933715
-0.00933985
-0.00934322
-0.00934752
-0.00935299
-0.00935916
)
;

boundaryField
{
    outletCentralUnloaded
    {
        type            calculated;
        value           nonuniform List<scalar> 2(0.00585006 0.00585006);
    }
    inletCentralUnloaded
    {
        type            calculated;
        value           nonuniform List<scalar> 2(-0.0058737 -0.0058737);
    }
    outletFuelElement
    {
        type            calculated;
        value           nonuniform List<scalar> 
12
(
0.00939604
0.00931304
0.00941015
0.00933156
0.00933157
0.00941015
0.00931304
0.00939604
0.00933156
0.00941015
0.00941015
0.00933157
)
;
    }
    inletFuelElement
    {
        type            calculated;
        value           nonuniform List<scalar> 
12
(
-0.00953858
-0.00953858
-0.00953857
-0.00953857
-0.00953858
-0.00953858
-0.00953858
-0.00953858
-0.00953857
-0.00953857
-0.00953858
-0.00953858
)
;
    }
    defaultFaces
    {
        type            calculated;
        value           nonuniform List<scalar> 
450
(
1.42569e-23
-6.70111e-24
0
7.94498e-24
-6.24819e-24
0
8.31447e-24
4.40481e-24
0
-2.17534e-23
-1.13293e-23
0
-5.18814e-24
-1.77383e-23
0
-1.81046e-23
-9.58969e-24
0
-2.01977e-23
-5.58967e-24
0
-1.65874e-23
-7.58565e-24
0
-1.35097e-23
-1.10785e-23
0
-1.61684e-23
-4.91406e-24
0
-1.26294e-23
-2.86989e-24
0
-3.77516e-24
-1.59703e-24
0
4.31943e-24
2.43554e-24
0
2.44587e-23
9.4688e-24
0
3.72629e-23
8.09256e-24
0
5.80961e-23
3.69356e-23
0
7.47184e-23
4.29938e-24
0
7.29046e-23
3.05805e-23
0
1.16884e-22
-1.26807e-22
0
-8.48438e-23
-7.93961e-23
0
-9.11202e-23
-5.54029e-23
0
2.4049e-22
-8.41958e-23
0
-1.03118e-22
1.78999e-22
0
-2.28461e-22
-1.80553e-22
0
-1.93461e-22
-2.34189e-22
0
7.40521e-24
0
7.54081e-24
0
-3.8644e-24
0
5.97982e-24
0
-2.06987e-24
0
1.082e-23
0
9.11351e-24
0
8.45819e-24
0
-2.58357e-24
0
3.48209e-24
0
3.97895e-24
0
0
0
-1.1118e-23
0
-1.66895e-23
0
-3.80997e-23
0
-2.20758e-23
0
1.04051e-22
0
-6.24478e-23
0
0
0
-9.59987e-23
0
-6.18026e-23
0
1.22669e-22
0
0
0
-2.99997e-22
0
-1.92177e-22
0
-7.29926e-24
0
0
-3.92799e-24
0
0
-8.97684e-24
0
2.5444e-24
-2.74324e-24
-2.98528e-24
0
3.64958e-24
1.64376e-23
1.87672e-23
2.17568e-23
-7.69533e-23
6.16244e-23
-3.77932e-23
0
-6.11957e-23
-2.43352e-22
-2.20073e-22
1.49492e-22
0
0
0
0
0
0
0
0
0
0
0
0
0
0
0
0
0
0
0
0
0
0
0
0
0
0
-7.86803e-24
7.40521e-24
3.7704e-24
1.13112e-23
7.72879e-24
2.31864e-23
-5.97981e-24
-9.96635e-24
8.27947e-24
-6.2096e-24
-6.49199e-24
-6.49199e-24
-6.83513e-24
-2.27838e-24
-4.83325e-24
-7.24987e-24
1.16261e-23
-2.58357e-24
-2.78567e-24
-1.39283e-24
-1.89474e-24
-1.51579e-24
8.3326e-25
9.37417e-25
3.706e-24
7.41201e-24
1.66895e-23
1.25171e-23
1.90498e-23
9.52491e-24
3.31136e-23
3.31136e-23
-2.60127e-23
7.8038e-23
9.36716e-23
4.68358e-23
-1.53054e-22
1.33922e-22
-9.59985e-23
-9.59985e-23
3.09012e-23
-9.27037e-23
-2.04448e-22
2.04448e-22
-5.53463e-23
-2.21385e-22
0
-1.87498e-22
-2.88265e-22
-1.44133e-22
-7.07436e-24
0
0
2.51445e-24
0
3.76089e-24
1.21662e-23
0
-3.08367e-23
-2.79091e-23
0
3.97636e-24
1.29405e-23
0
0
-2.72182e-23
0
0
-2.69699e-23
0
4.54498e-24
-2.40933e-23
0
4.82072e-24
-1.11367e-23
0
-5.15372e-24
-2.03604e-23
0
0
-1.58462e-23
0
6.0474e-24
-5.29425e-24
0
8.31101e-25
6.65424e-24
-0
-1.84824e-24
2.94523e-23
-0
-8.32356e-24
5.59085e-23
-0
-9.50125e-24
9.45133e-23
-0
0
7.75628e-23
-0
-5.19055e-23
1.35491e-22
-0
0
1.05835e-22
-0
-7.63731e-23
-7.0013e-23
-0
4.79121e-23
1.27924e-23
-0
0
1.60071e-22
-0
8.16738e-23
-1.37488e-22
-0
0
-5.69504e-23
-0
7.49587e-23
-1.84255e-22
-0
9.60722e-23
0
-7.43189e-24
3.80809e-24
-7.85597e-24
0
0
-4.48842e-24
-4.76034e-24
-2.5444e-24
0
0
-8.2053e-25
3.64958e-24
8.21882e-24
9.38358e-24
0
-5.13022e-23
3.08122e-23
-1.1338e-22
4.74623e-23
0
-2.43352e-22
-1.10037e-22
0
0
1.29591e-23
0
1.13112e-23
0
0
0
1.19596e-23
0
-6.20961e-24
0
6.492e-24
0
9.11351e-24
0
9.66651e-24
0
-1.29179e-24
0
4.1785e-24
0
1.89474e-24
0
0
-0
-5.55901e-24
-0
-1.66895e-23
-0
-9.52492e-24
-0
-3.31136e-23
-0
9.10445e-23
-0
-3.12239e-23
-0
7.6527e-23
-0
-1.43998e-22
-0
-1.85408e-22
-0
3.27118e-22
-0
5.53463e-23
-0
-2.99997e-22
-0
-1.92177e-22
-0
-1.01822e-23
0
-7.54081e-24
3.7704e-24
-7.72879e-24
7.72879e-24
-3.98654e-24
-2.1926e-23
0
6.2096e-24
-6.49199e-24
-1.7312e-23
-6.83513e-24
-1.36703e-23
-4.83325e-24
-1.69164e-23
2.58357e-24
-7.75071e-24
-2.78567e-24
-8.357e-24
-2.27368e-24
-5.30526e-24
0
2.81225e-24
3.706e-24
1.4824e-23
8.34473e-24
3.33789e-23
1.90498e-23
5.71495e-23
4.41515e-23
7.72651e-23
0
7.8038e-23
3.12239e-23
1.71731e-22
0
9.56586e-23
2.39996e-23
-1.19998e-22
0
-9.27037e-23
0
2.45338e-22
1.66039e-22
-2.76731e-22
0
-2.24997e-22
-9.60884e-23
-1.44133e-22
-0
-0
-0
-0
-0
-0
-0
-0
-0
-0
-0
0
0
0
0
0
0
0
0
0
0
0
0
0
0
)
;
    }
    baffle_master
    {
        type            calculated;
        value           nonuniform List<scalar> 
150
(
-6.23963e-30
0
0
6.52616e-29
0
-6.21203e-29
7.69143e-29
0
0
1.17301e-29
0
-1.24261e-28
4.63116e-28
0
1.24271e-28
-7.27151e-29
0
0
1.15911e-29
0
0
7.67974e-30
0
0
-3.90696e-29
0
0
2.81403e-29
0
2.48646e-28
2.55242e-28
0
-2.48666e-28
-2.83319e-29
0
0
7.11705e-29
0
-1.24354e-28
-2.97143e-29
0
6.2182e-29
1.54742e-30
0
3.10935e-29
1.1366e-28
0
0
-7.98633e-28
0
-4.97578e-28
7.40324e-30
0
0
-4.60437e-28
0
-1.24415e-28
4.6456e-31
0
-3.11064e-29
-1.2881e-29
0
3.1109e-29
-2.47392e-28
0
-1.24447e-28
5.57262e-29
0
1.24457e-28
-8.89371e-30
0
6.22337e-29
1.26563e-29
0
-1.24478e-28
-6.21152e-29
8.38648e-29
-0
-6.21203e-29
1.62832e-28
-0
-1.24251e-28
1.75868e-28
-0
-1.24261e-28
2.69432e-28
-0
0
-1.68193e-28
-0
-1.24282e-28
2.40233e-28
-0
-3.1073e-29
7.63732e-29
-0
0
-1.50754e-28
0
-2.48625e-28
-3.53246e-28
0
0
-4.36113e-28
0
2.48666e-28
-5.1772e-28
0
0
-3.85228e-28
0
1.24354e-28
-3.36102e-28
0
6.2182e-29
-1.2954e-28
0
0
7.7549e-29
-0
0
3.69788e-28
-0
2.48789e-28
3.91688e-28
-0
-1.24405e-28
2.52601e-28
-0
1.24415e-28
2.47271e-29
-0
-3.11064e-29
-6.18365e-29
-0
0
5.20726e-29
0
-3.7334e-28
4.2038e-28
0
-4.97829e-28
-1.94524e-28
0
6.22337e-29
9.3109e-29
0
0
-2.11773e-28
-0
)
;
    }
    baffle_slave
    {
        type            calculated;
        value           nonuniform List<scalar> 
150
(
6.30819e-24
-0
0
8.10047e-25
-0
3.71595e-24
-4.74342e-24
-0
-3.80809e-24
3.18017e-24
-0
0
-1.47315e-23
-0
-8.15695e-24
1.32752e-24
-0
-4.26351e-24
2.51551e-24
-0
0
2.07497e-24
-0
4.76034e-24
0
-0
0
-1.02487e-24
-0
0
7.43513e-25
-0
0
0
0
-4.10265e-25
0
0
0
1.0235e-24
0
0
-1.16861e-24
0
-9.38358e-24
4.06468e-24
0
0
-7.66854e-23
0
-5.13022e-23
5.75816e-24
0
0
-8.94811e-23
0
-7.55864e-23
-5.91603e-24
0
0
3.81522e-24
0
-1.22391e-22
1.26486e-22
0
8.11175e-23
-1.37339e-23
0
1.10037e-22
0
0
0
4.19873e-23
0
0
2.76967e-25
2.88699e-23
0
-3.27218e-24
8.91051e-24
0
-3.03641e-24
9.48684e-24
0
-2.07507e-24
7.58348e-24
0
-2.28587e-24
-1.34615e-23
0
-3.69573e-24
5.44284e-24
0
2.50774e-26
7.26703e-24
0
-6.77205e-25
6.66956e-24
0
4.27305e-24
8.08013e-24
0
-2.38682e-24
6.32002e-24
0
-7.61837e-25
6.78456e-24
0
7.1901e-25
2.04358e-24
0
5.33634e-24
-8.52144e-25
0
1.13397e-23
-6.30093e-24
0
4.91565e-24
-1.51189e-23
0
1.12281e-23
-2.67591e-23
0
-5.95591e-23
-2.59612e-23
0
1.43027e-23
-3.31094e-23
0
-9.33947e-23
-4.70953e-24
0
1.13892e-24
3.84542e-23
0
7.60407e-24
3.05218e-23
0
-1.722e-22
1.41664e-22
0
-1.1074e-22
-1.03004e-22
0
3.49542e-23
7.46823e-23
0
-3.06986e-23
1.43957e-22
0
)
;
    }
}


// ************************************************************************* //
