/*--------------------------------*- C++ -*----------------------------------*\
| =========                 |                                                 |
| \\      /  F ield         | OpenFOAM: The Open Source CFD Toolbox           |
|  \\    /   O peration     | Version:  2212                                  |
|   \\  /    A nd           | Website:  www.openfoam.com                      |
|    \\/     M anipulation  |                                                 |
\*---------------------------------------------------------------------------*/
FoamFile
{
    version     2.0;
    format      ascii;
    arch        "LSB;label=32;scalar=64";
    class       volScalarField;
    location    "58/fluidRegion";
    object      dgdt;
}
// * * * * * * * * * * * * * * * * * * * * * * * * * * * * * * * * * * * * * //

dimensions      [0 0 -1 0 0 0 0];

internalField   nonuniform List<scalar> 
350
(
0.00530925
0.00528046
0.00528074
0.00528689
0.0052962
0.00530483
0.00531146
0.00531756
0.00532454
0.00533068
0.00533102
0.0053206
0.00529861
0.00527069
0.00524764
0.00524131
0.00525957
0.00530255
0.00536101
0.00541704
0.00544817
0.00543675
0.0053608
0.00522971
0.00241839
0.00530925
0.00528046
0.00528074
0.00528689
0.0052962
0.00530483
0.00531146
0.00531756
0.00532454
0.00533068
0.00533103
0.0053206
0.00529861
0.00527069
0.00524764
0.00524131
0.00525957
0.00530255
0.00536101
0.00541704
0.00544817
0.00543675
0.0053608
0.00522971
0.00241839
40.7448
51.0464
64.9276
77.7229
89.3772
99.848
109.102
117.109
123.834
129.227
133.206
135.648
136.389
135.254
132.106
126.915
119.797
111
100.824
89.5032
77.1361
63.652
48.8831
32.8191
20.3924
40.8011
50.9877
64.9983
77.915
89.6831
100.26
109.611
117.709
124.522
130.001
134.069
136.604
137.441
136.395
133.315
128.153
121.017
112.156
101.881
90.4404
77.9438
64.322
49.4015
33.1655
20.6029
40.7225
51.0308
64.892
77.6686
89.3055
99.7602
108.999
116.993
123.705
129.086
133.051
135.479
136.207
135.06
131.903
126.709
119.597
110.811
100.652
89.3509
77.0052
63.5436
48.7995
32.7632
20.3584
40.7984
51.0205
65.0003
77.8884
89.6295
100.181
109.509
117.585
124.377
129.836
133.882
136.395
137.209
136.141
133.044
127.874
120.741
111.894
101.64
90.2267
77.7593
64.1687
49.2828
33.0861
20.5546
40.7984
51.0205
65.0003
77.8884
89.6295
100.181
109.509
117.585
124.377
129.836
133.882
136.395
137.209
136.141
133.044
127.874
120.741
111.894
101.64
90.2267
77.7593
64.1687
49.2828
33.0861
20.5546
40.7225
51.0308
64.8921
77.6686
89.3055
99.7602
108.999
116.993
123.705
129.086
133.051
135.479
136.207
135.06
131.903
126.709
119.597
110.811
100.652
89.3509
77.0052
63.5437
48.7995
32.7632
20.3583
40.8011
50.9877
64.9983
77.915
89.6831
100.26
109.611
117.709
124.522
130.001
134.069
136.604
137.441
136.395
133.315
128.153
121.017
112.156
101.881
90.4404
77.9438
64.322
49.4015
33.1655
20.6029
40.7448
51.0464
64.9276
77.7229
89.3772
99.848
109.102
117.109
123.834
129.227
133.206
135.648
136.389
135.254
132.106
126.915
119.798
111
100.824
89.5032
77.1361
63.652
48.8831
32.8191
20.3924
40.7984
51.0205
65.0003
77.8884
89.6295
100.181
109.509
117.585
124.377
129.836
133.882
136.395
137.209
136.141
133.044
127.874
120.741
111.894
101.64
90.2267
77.7593
64.1687
49.2828
33.0861
20.5546
40.7225
51.0308
64.8921
77.6686
89.3055
99.7602
108.999
116.993
123.705
129.085
133.051
135.479
136.207
135.06
131.903
126.709
119.597
110.811
100.652
89.3509
77.0051
63.5436
48.7995
32.7632
20.3584
40.7225
51.0308
64.8921
77.6686
89.3056
99.7603
108.999
116.993
123.705
129.086
133.051
135.479
136.207
135.06
131.903
126.709
119.597
110.811
100.652
89.351
77.0052
63.5436
48.7995
32.7632
20.3583
40.7984
51.0205
65.0003
77.8884
89.6295
100.181
109.509
117.585
124.377
129.836
133.882
136.395
137.209
136.141
133.044
127.874
120.741
111.894
101.64
90.2267
77.7593
64.1687
49.2828
33.0861
20.5546
)
;

boundaryField
{
    outletCentralUnloaded
    {
        type            calculated;
        value           nonuniform List<scalar> 2(0.00530925 0.00530925);
    }
    inletCentralUnloaded
    {
        type            calculated;
        value           nonuniform List<scalar> 2(0.00241839 0.00241839);
    }
    outletFuelElement
    {
        type            calculated;
        value           nonuniform List<scalar> 
12
(
40.7448
40.8011
40.7225
40.7984
40.7984
40.7225
40.8011
40.7448
40.7984
40.7225
40.7225
40.7984
)
;
    }
    inletFuelElement
    {
        type            calculated;
        value           nonuniform List<scalar> 
12
(
20.3924
20.6029
20.3584
20.5546
20.5546
20.3583
20.6029
20.3924
20.5546
20.3584
20.3583
20.5546
)
;
    }
    defaultFaces
    {
        type            calculated;
        value           nonuniform List<scalar> 
450
(
40.7448
40.7448
40.7448
51.0464
51.0464
51.0464
64.9276
64.9276
64.9276
77.7229
77.7229
77.7229
89.3772
89.3772
89.3772
99.848
99.848
99.848
109.102
109.102
109.102
117.109
117.109
117.109
123.834
123.834
123.834
129.227
129.227
129.227
133.206
133.206
133.206
135.648
135.648
135.648
136.389
136.389
136.389
135.254
135.254
135.254
132.106
132.106
132.106
126.915
126.915
126.915
119.797
119.797
119.797
111
111
111
100.824
100.824
100.824
89.5032
89.5032
89.5032
77.1361
77.1361
77.1361
63.652
63.652
63.652
48.8831
48.8831
48.8831
32.8191
32.8191
32.8191
20.3924
20.3924
20.3924
40.7225
40.7225
51.0308
51.0308
64.892
64.892
77.6686
77.6686
89.3055
89.3055
99.7602
99.7602
108.999
108.999
116.993
116.993
123.705
123.705
129.086
129.086
133.051
133.051
135.479
135.479
136.207
136.207
135.06
135.06
131.903
131.903
126.709
126.709
119.597
119.597
110.811
110.811
100.652
100.652
89.3509
89.3509
77.0052
77.0052
63.5436
63.5436
48.7995
48.7995
32.7632
32.7632
20.3584
20.3584
40.7984
51.0205
65.0003
77.8884
89.6295
100.181
109.509
117.585
124.377
129.836
133.882
136.395
137.209
136.141
133.044
127.874
120.741
111.894
101.64
90.2267
77.7593
64.1687
49.2828
33.0861
20.5546
40.7984
51.0205
65.0003
77.8884
89.6295
100.181
109.509
117.585
124.377
129.836
133.882
136.395
137.209
136.141
133.044
127.874
120.741
111.894
101.64
90.2267
77.7593
64.1687
49.2828
33.0861
20.5546
40.7225
40.7225
51.0308
51.0308
64.8921
64.8921
77.6686
77.6686
89.3055
89.3055
99.7602
99.7602
108.999
108.999
116.993
116.993
123.705
123.705
129.086
129.086
133.051
133.051
135.479
135.479
136.207
136.207
135.06
135.06
131.903
131.903
126.709
126.709
119.597
119.597
110.811
110.811
100.652
100.652
89.3509
89.3509
77.0052
77.0052
63.5437
63.5437
48.7995
48.7995
32.7632
32.7632
20.3583
20.3583
40.7448
40.7448
40.7448
51.0464
51.0464
51.0464
64.9276
64.9276
64.9276
77.7229
77.7229
77.7229
89.3772
89.3772
89.3772
99.848
99.848
99.848
109.102
109.102
109.102
117.109
117.109
117.109
123.834
123.834
123.834
129.227
129.227
129.227
133.206
133.206
133.206
135.648
135.648
135.648
136.389
136.389
136.389
135.254
135.254
135.254
132.106
132.106
132.106
126.915
126.915
126.915
119.798
119.798
119.798
111
111
111
100.824
100.824
100.824
89.5032
89.5032
89.5032
77.1361
77.1361
77.1361
63.652
63.652
63.652
48.8831
48.8831
48.8831
32.8191
32.8191
32.8191
20.3924
20.3924
20.3924
40.7984
51.0205
65.0003
77.8884
89.6295
100.181
109.509
117.585
124.377
129.836
133.882
136.395
137.209
136.141
133.044
127.874
120.741
111.894
101.64
90.2267
77.7593
64.1687
49.2828
33.0861
20.5546
40.7225
40.7225
51.0308
51.0308
64.8921
64.8921
77.6686
77.6686
89.3055
89.3055
99.7602
99.7602
108.999
108.999
116.993
116.993
123.705
123.705
129.085
129.085
133.051
133.051
135.479
135.479
136.207
136.207
135.06
135.06
131.903
131.903
126.709
126.709
119.597
119.597
110.811
110.811
100.652
100.652
89.3509
89.3509
77.0051
77.0051
63.5436
63.5436
48.7995
48.7995
32.7632
32.7632
20.3584
20.3584
40.7225
40.7225
51.0308
51.0308
64.8921
64.8921
77.6686
77.6686
89.3056
89.3056
99.7603
99.7603
108.999
108.999
116.993
116.993
123.705
123.705
129.086
129.086
133.051
133.051
135.479
135.479
136.207
136.207
135.06
135.06
131.903
131.903
126.709
126.709
119.597
119.597
110.811
110.811
100.652
100.652
89.351
89.351
77.0052
77.0052
63.5436
63.5436
48.7995
48.7995
32.7632
32.7632
20.3583
20.3583
40.7984
51.0205
65.0003
77.8884
89.6295
100.181
109.509
117.585
124.377
129.836
133.882
136.395
137.209
136.141
133.044
127.874
120.741
111.894
101.64
90.2267
77.7593
64.1687
49.2828
33.0861
20.5546
)
;
    }
    baffle_master
    {
        type            calculated;
        value           nonuniform List<scalar> 
150
(
0.00530925
0.00530925
0.00530925
0.00528046
0.00528046
0.00528046
0.00528074
0.00528074
0.00528074
0.00528689
0.00528689
0.00528689
0.0052962
0.0052962
0.0052962
0.00530483
0.00530483
0.00530483
0.00531146
0.00531146
0.00531146
0.00531756
0.00531756
0.00531756
0.00532454
0.00532454
0.00532454
0.00533068
0.00533068
0.00533068
0.00533102
0.00533102
0.00533102
0.0053206
0.0053206
0.0053206
0.00529861
0.00529861
0.00529861
0.00527069
0.00527069
0.00527069
0.00524764
0.00524764
0.00524764
0.00524131
0.00524131
0.00524131
0.00525957
0.00525957
0.00525957
0.00530255
0.00530255
0.00530255
0.00536101
0.00536101
0.00536101
0.00541704
0.00541704
0.00541704
0.00544817
0.00544817
0.00544817
0.00543675
0.00543675
0.00543675
0.0053608
0.0053608
0.0053608
0.00522971
0.00522971
0.00522971
0.00241839
0.00241839
0.00241839
0.00530925
0.00530925
0.00530925
0.00528046
0.00528046
0.00528046
0.00528074
0.00528074
0.00528074
0.00528689
0.00528689
0.00528689
0.0052962
0.0052962
0.0052962
0.00530483
0.00530483
0.00530483
0.00531146
0.00531146
0.00531146
0.00531756
0.00531756
0.00531756
0.00532454
0.00532454
0.00532454
0.00533068
0.00533068
0.00533068
0.00533103
0.00533103
0.00533103
0.0053206
0.0053206
0.0053206
0.00529861
0.00529861
0.00529861
0.00527069
0.00527069
0.00527069
0.00524764
0.00524764
0.00524764
0.00524131
0.00524131
0.00524131
0.00525957
0.00525957
0.00525957
0.00530255
0.00530255
0.00530255
0.00536101
0.00536101
0.00536101
0.00541704
0.00541704
0.00541704
0.00544817
0.00544817
0.00544817
0.00543675
0.00543675
0.00543675
0.0053608
0.0053608
0.0053608
0.00522971
0.00522971
0.00522971
0.00241839
0.00241839
0.00241839
)
;
    }
    baffle_slave
    {
        type            calculated;
        value           nonuniform List<scalar> 
150
(
40.8011
40.7984
40.7984
50.9877
51.0205
51.0205
64.9983
65.0003
65.0003
77.915
77.8884
77.8884
89.6831
89.6295
89.6295
100.26
100.181
100.181
109.611
109.509
109.509
117.709
117.585
117.585
124.522
124.377
124.377
130.001
129.836
129.836
134.069
133.882
133.882
136.604
136.395
136.395
137.441
137.209
137.209
136.395
136.141
136.141
133.315
133.044
133.044
128.153
127.874
127.874
121.017
120.741
120.741
112.156
111.894
111.894
101.881
101.64
101.64
90.4404
90.2267
90.2267
77.9438
77.7593
77.7593
64.322
64.1687
64.1687
49.4015
49.2828
49.2828
33.1655
33.0861
33.0861
20.6029
20.5546
20.5546
40.7984
40.8011
40.7984
51.0205
50.9877
51.0205
65.0003
64.9983
65.0003
77.8884
77.915
77.8884
89.6295
89.6831
89.6295
100.181
100.26
100.181
109.509
109.611
109.509
117.585
117.709
117.585
124.377
124.522
124.377
129.836
130.001
129.836
133.882
134.069
133.882
136.395
136.604
136.395
137.209
137.441
137.209
136.141
136.395
136.141
133.044
133.315
133.044
127.874
128.153
127.874
120.741
121.017
120.741
111.894
112.156
111.894
101.64
101.881
101.64
90.2267
90.4404
90.2267
77.7593
77.9438
77.7593
64.1687
64.322
64.1687
49.2828
49.4015
49.2828
33.0861
33.1655
33.0861
20.5546
20.6029
20.5546
)
;
    }
}


// ************************************************************************* //
