/*--------------------------------*- C++ -*----------------------------------*\
| =========                 |                                                 |
| \\      /  F ield         | OpenFOAM: The Open Source CFD Toolbox           |
|  \\    /   O peration     | Version:  2212                                  |
|   \\  /    A nd           | Website:  www.openfoam.com                      |
|    \\/     M anipulation  |                                                 |
\*---------------------------------------------------------------------------*/
FoamFile
{
    version     2.0;
    format      ascii;
    arch        "LSB;label=32;scalar=64";
    class       volScalarField;
    location    "58/fluidRegion";
    object      hdeltaT;
}
// * * * * * * * * * * * * * * * * * * * * * * * * * * * * * * * * * * * * * //

dimensions      [1 0 -3 0 0 0 0];

internalField   nonuniform List<scalar> 
350
(
0
0
0
0
0
0
0
0
0
0
0
0
0
0
0
0
0
0
0
0
0
0
0
0
0
0
0
0
0
0
0
0
0
0
0
0
0
0
0
0
0
0
0
0
0
0
0
0
0
0
448393
1.34219e+06
2.21479e+06
3.05243e+06
3.84191e+06
4.57078e+06
5.22753e+06
5.80182e+06
6.28459e+06
6.66823e+06
6.94669e+06
7.11557e+06
7.17223e+06
7.11575e+06
6.94705e+06
6.66877e+06
6.2853e+06
5.8027e+06
5.22854e+06
4.57196e+06
3.84323e+06
3.05392e+06
2.21639e+06
1.34398e+06
450527
453501
1.35754e+06
2.24014e+06
3.08738e+06
3.8859e+06
4.62311e+06
5.28739e+06
5.86826e+06
6.35656e+06
6.7446e+06
7.02624e+06
7.19707e+06
7.25437e+06
7.19725e+06
7.02661e+06
6.74515e+06
6.35729e+06
5.86916e+06
5.28843e+06
4.62433e+06
3.88725e+06
3.0889e+06
2.24178e+06
1.35937e+06
455685
447579
1.33975e+06
2.21075e+06
3.04687e+06
3.83491e+06
4.56244e+06
5.218e+06
5.79124e+06
6.27313e+06
6.65607e+06
6.93402e+06
7.1026e+06
7.15915e+06
7.10278e+06
6.93438e+06
6.6566e+06
6.27384e+06
5.79212e+06
5.21901e+06
4.56362e+06
3.83622e+06
3.04835e+06
2.21235e+06
1.34153e+06
449706
452325
1.35401e+06
2.2343e+06
3.07933e+06
3.87577e+06
4.61107e+06
5.27361e+06
5.85297e+06
6.33999e+06
6.72702e+06
7.00793e+06
7.17831e+06
7.23546e+06
7.17849e+06
7.0083e+06
6.72757e+06
6.34072e+06
5.85386e+06
5.27465e+06
4.61227e+06
3.87712e+06
3.08084e+06
2.23593e+06
1.35583e+06
454498
452325
1.35401e+06
2.2343e+06
3.07933e+06
3.87577e+06
4.61107e+06
5.27361e+06
5.85297e+06
6.33999e+06
6.72702e+06
7.00793e+06
7.17831e+06
7.23546e+06
7.17849e+06
7.0083e+06
6.72757e+06
6.34072e+06
5.85386e+06
5.27465e+06
4.61227e+06
3.87712e+06
3.08084e+06
2.23593e+06
1.35583e+06
454498
447579
1.33975e+06
2.21076e+06
3.04687e+06
3.83491e+06
4.56244e+06
5.218e+06
5.79124e+06
6.27313e+06
6.65607e+06
6.93402e+06
7.1026e+06
7.15915e+06
7.10278e+06
6.93438e+06
6.65661e+06
6.27384e+06
5.79212e+06
5.21901e+06
4.56362e+06
3.83622e+06
3.04835e+06
2.21235e+06
1.34153e+06
449706
453501
1.35754e+06
2.24014e+06
3.08738e+06
3.8859e+06
4.62311e+06
5.28739e+06
5.86826e+06
6.35656e+06
6.7446e+06
7.02624e+06
7.19707e+06
7.25437e+06
7.19725e+06
7.02661e+06
6.74515e+06
6.35729e+06
5.86916e+06
5.28843e+06
4.62433e+06
3.88725e+06
3.0889e+06
2.24178e+06
1.35937e+06
455685
448392
1.34219e+06
2.21479e+06
3.05244e+06
3.84191e+06
4.57078e+06
5.22753e+06
5.80182e+06
6.28459e+06
6.66823e+06
6.94668e+06
7.11557e+06
7.17222e+06
7.11575e+06
6.94705e+06
6.66877e+06
6.2853e+06
5.8027e+06
5.22854e+06
4.57196e+06
3.84323e+06
3.05392e+06
2.21639e+06
1.34398e+06
450527
452325
1.35401e+06
2.2343e+06
3.07933e+06
3.87577e+06
4.61107e+06
5.27361e+06
5.85297e+06
6.33999e+06
6.72702e+06
7.00793e+06
7.17831e+06
7.23546e+06
7.17849e+06
7.0083e+06
6.72757e+06
6.34072e+06
5.85386e+06
5.27465e+06
4.61227e+06
3.87712e+06
3.08084e+06
2.23593e+06
1.35583e+06
454498
447579
1.33975e+06
2.21076e+06
3.04687e+06
3.83491e+06
4.56244e+06
5.218e+06
5.79124e+06
6.27313e+06
6.65607e+06
6.93402e+06
7.10259e+06
7.15914e+06
7.10278e+06
6.93438e+06
6.6566e+06
6.27384e+06
5.79212e+06
5.21901e+06
4.56362e+06
3.83622e+06
3.04835e+06
2.21235e+06
1.34153e+06
449706
447579
1.33975e+06
2.21076e+06
3.04687e+06
3.83491e+06
4.56244e+06
5.218e+06
5.79124e+06
6.27313e+06
6.65607e+06
6.93402e+06
7.1026e+06
7.15915e+06
7.10278e+06
6.93438e+06
6.6566e+06
6.27384e+06
5.79212e+06
5.21901e+06
4.56362e+06
3.83622e+06
3.04835e+06
2.21235e+06
1.34153e+06
449706
452325
1.35401e+06
2.2343e+06
3.07933e+06
3.87577e+06
4.61107e+06
5.27361e+06
5.85297e+06
6.33999e+06
6.72702e+06
7.00793e+06
7.17831e+06
7.23546e+06
7.17849e+06
7.0083e+06
6.72757e+06
6.34072e+06
5.85386e+06
5.27465e+06
4.61227e+06
3.87712e+06
3.08084e+06
2.23593e+06
1.35583e+06
454498
)
;

boundaryField
{
    outletCentralUnloaded
    {
        type            calculated;
        value           uniform 0;
    }
    inletCentralUnloaded
    {
        type            calculated;
        value           uniform 0;
    }
    outletFuelElement
    {
        type            calculated;
        value           uniform 0;
    }
    inletFuelElement
    {
        type            calculated;
        value           nonuniform List<scalar> 
12
(
3.04897e+06
3.04776e+06
3.04888e+06
3.04808e+06
3.04808e+06
3.04888e+06
3.04776e+06
3.04897e+06
3.04808e+06
3.04888e+06
3.04888e+06
3.04808e+06
)
;
    }
    defaultFaces
    {
        type            calculated;
        value           nonuniform List<scalar> 
450
(
0
0
0
0
0
0
0
0
0
0
0
0
0
0
0
0
0
0
0
0
0
0
0
0
0
0
0
0
0
0
0
0
0
0
0
0
0
0
0
0
0
0
0
0
0
0
0
0
1.25145e+06
1.25145e+06
1.25145e+06
2.34111e+06
2.34111e+06
2.34111e+06
3.08341e+06
3.08341e+06
3.08341e+06
3.50331e+06
3.50331e+06
3.50331e+06
3.64446e+06
3.64446e+06
3.64446e+06
3.57222e+06
3.57222e+06
3.57222e+06
3.3767e+06
3.3767e+06
3.3767e+06
3.16962e+06
3.16962e+06
3.16962e+06
3.01542e+06
3.01542e+06
3.01542e+06
0
0
0
0
0
0
0
0
0
0
0
0
0
0
0
0
0
0
0
0
0
0
0
0
0
0
0
0
0
0
0
0
1.27007e+06
1.27007e+06
2.35394e+06
2.35394e+06
3.09172e+06
3.09172e+06
3.50829e+06
3.50829e+06
3.64718e+06
3.64718e+06
3.57355e+06
3.57355e+06
3.37726e+06
3.37726e+06
3.16975e+06
3.16975e+06
3.01539e+06
3.01539e+06
0
0
0
0
0
0
0
0
0
0
0
0
0
0
0
0
1.15601e+06
2.27459e+06
3.03956e+06
3.47616e+06
3.62861e+06
3.56316e+06
3.37123e+06
3.16626e+06
3.01424e+06
0
0
0
0
0
0
0
0
0
0
0
0
0
0
0
0
1.15601e+06
2.27459e+06
3.03956e+06
3.47616e+06
3.62861e+06
3.56316e+06
3.37123e+06
3.16626e+06
3.01424e+06
0
0
0
0
0
0
0
0
0
0
0
0
0
0
0
0
0
0
0
0
0
0
0
0
0
0
0
0
0
0
0
0
1.27006e+06
1.27006e+06
2.35393e+06
2.35393e+06
3.09171e+06
3.09171e+06
3.50829e+06
3.50829e+06
3.64717e+06
3.64717e+06
3.57354e+06
3.57354e+06
3.37726e+06
3.37726e+06
3.16974e+06
3.16974e+06
3.01539e+06
3.01539e+06
0
0
0
0
0
0
0
0
0
0
0
0
0
0
0
0
0
0
0
0
0
0
0
0
0
0
0
0
0
0
0
0
0
0
0
0
0
0
0
0
0
0
0
0
0
0
0
0
1.25145e+06
1.25145e+06
1.25145e+06
2.34111e+06
2.34111e+06
2.34111e+06
3.08341e+06
3.08341e+06
3.08341e+06
3.50331e+06
3.50331e+06
3.50331e+06
3.64446e+06
3.64446e+06
3.64446e+06
3.57222e+06
3.57222e+06
3.57222e+06
3.3767e+06
3.3767e+06
3.3767e+06
3.16962e+06
3.16962e+06
3.16962e+06
3.01542e+06
3.01542e+06
3.01542e+06
0
0
0
0
0
0
0
0
0
0
0
0
0
0
0
0
1.15601e+06
2.27459e+06
3.03956e+06
3.47616e+06
3.6286e+06
3.56315e+06
3.37123e+06
3.16626e+06
3.01424e+06
0
0
0
0
0
0
0
0
0
0
0
0
0
0
0
0
0
0
0
0
0
0
0
0
0
0
0
0
0
0
0
0
1.27007e+06
1.27007e+06
2.35394e+06
2.35394e+06
3.09171e+06
3.09171e+06
3.50829e+06
3.50829e+06
3.64718e+06
3.64718e+06
3.57355e+06
3.57355e+06
3.37726e+06
3.37726e+06
3.16975e+06
3.16975e+06
3.01539e+06
3.01539e+06
0
0
0
0
0
0
0
0
0
0
0
0
0
0
0
0
0
0
0
0
0
0
0
0
0
0
0
0
0
0
0
0
1.27006e+06
1.27006e+06
2.35393e+06
2.35393e+06
3.09171e+06
3.09171e+06
3.50829e+06
3.50829e+06
3.64717e+06
3.64717e+06
3.57354e+06
3.57354e+06
3.37726e+06
3.37726e+06
3.16974e+06
3.16974e+06
3.01539e+06
3.01539e+06
0
0
0
0
0
0
0
0
0
0
0
0
0
0
0
0
1.15601e+06
2.27459e+06
3.03956e+06
3.47616e+06
3.62861e+06
3.56316e+06
3.37124e+06
3.16626e+06
3.01425e+06
)
;
    }
    baffle_master
    {
        type            calculated;
        value           uniform 0;
    }
    baffle_slave
    {
        type            calculated;
        value           nonuniform List<scalar> 
150
(
0
0
0
0
0
0
0
0
0
0
0
0
0
0
0
0
0
0
0
0
0
0
0
0
0
0
0
0
0
0
0
0
0
0
0
0
0
0
0
0
0
0
0
0
0
0
0
0
1.12726e+06
1.15601e+06
1.15601e+06
2.25451e+06
2.27459e+06
2.27459e+06
3.02628e+06
3.03956e+06
3.03956e+06
3.46791e+06
3.47616e+06
3.47616e+06
3.62375e+06
3.62861e+06
3.62861e+06
3.56035e+06
3.56316e+06
3.56316e+06
3.36951e+06
3.37123e+06
3.37124e+06
3.16516e+06
3.16626e+06
3.16626e+06
3.01384e+06
3.01424e+06
3.01425e+06
0
0
0
0
0
0
0
0
0
0
0
0
0
0
0
0
0
0
0
0
0
0
0
0
0
0
0
0
0
0
0
0
0
0
0
0
0
0
0
0
0
0
0
0
0
0
0
0
1.15601e+06
1.12726e+06
1.15601e+06
2.27459e+06
2.25451e+06
2.27459e+06
3.03956e+06
3.02628e+06
3.03956e+06
3.47616e+06
3.46791e+06
3.47616e+06
3.62861e+06
3.62375e+06
3.6286e+06
3.56316e+06
3.56035e+06
3.56315e+06
3.37123e+06
3.36951e+06
3.37123e+06
3.16626e+06
3.16516e+06
3.16626e+06
3.01424e+06
3.01384e+06
3.01424e+06
)
;
    }
}


// ************************************************************************* //
