/*--------------------------------*- C++ -*----------------------------------*\
| =========                 |                                                 |
| \\      /  F ield         | OpenFOAM: The Open Source CFD Toolbox           |
|  \\    /   O peration     | Version:  2212                                  |
|   \\  /    A nd           | Website:  www.openfoam.com                      |
|    \\/     M anipulation  |                                                 |
\*---------------------------------------------------------------------------*/
FoamFile
{
    version     2.0;
    format      ascii;
    arch        "LSB;label=32;scalar=64";
    class       volTensorField;
    location    "58/fluidRegion";
    object      Kd;
}
// * * * * * * * * * * * * * * * * * * * * * * * * * * * * * * * * * * * * * //

dimensions      [1 -3 -1 0 0 0 0];

internalField   nonuniform List<tensor> 
350
(
(84.7462 0 0 0 84.7462 0 0 0 84.7462)
(84.7449 0 0 0 84.7449 0 0 0 84.7449)
(84.7428 0 0 0 84.7428 0 0 0 84.7428)
(84.7403 0 0 0 84.7403 0 0 0 84.7403)
(84.7382 0 0 0 84.7382 0 0 0 84.7382)
(84.7372 0 0 0 84.7372 0 0 0 84.7372)
(84.7373 0 0 0 84.7373 0 0 0 84.7373)
(84.7384 0 0 0 84.7384 0 0 0 84.7384)
(84.74 0 0 0 84.74 0 0 0 84.74)
(84.7414 0 0 0 84.7414 0 0 0 84.7414)
(84.7421 0 0 0 84.7421 0 0 0 84.7421)
(84.7422 0 0 0 84.7422 0 0 0 84.7422)
(84.7416 0 0 0 84.7416 0 0 0 84.7416)
(84.7409 0 0 0 84.7409 0 0 0 84.7409)
(84.7405 0 0 0 84.7405 0 0 0 84.7405)
(84.7408 0 0 0 84.7408 0 0 0 84.7408)
(84.742 0 0 0 84.742 0 0 0 84.742)
(84.744 0 0 0 84.744 0 0 0 84.744)
(84.7463 0 0 0 84.7463 0 0 0 84.7463)
(84.7484 0 0 0 84.7484 0 0 0 84.7484)
(84.7498 0 0 0 84.7498 0 0 0 84.7498)
(84.75 0 0 0 84.75 0 0 0 84.75)
(84.749 0 0 0 84.749 0 0 0 84.749)
(84.7467 0 0 0 84.7467 0 0 0 84.7467)
(84.8756 0 0 0 84.8756 0 0 0 84.8756)
(84.7462 0 0 0 84.7462 0 0 0 84.7462)
(84.7449 0 0 0 84.7449 0 0 0 84.7449)
(84.7428 0 0 0 84.7428 0 0 0 84.7428)
(84.7403 0 0 0 84.7403 0 0 0 84.7403)
(84.7382 0 0 0 84.7382 0 0 0 84.7382)
(84.7372 0 0 0 84.7372 0 0 0 84.7372)
(84.7373 0 0 0 84.7373 0 0 0 84.7373)
(84.7384 0 0 0 84.7384 0 0 0 84.7384)
(84.74 0 0 0 84.74 0 0 0 84.74)
(84.7414 0 0 0 84.7414 0 0 0 84.7414)
(84.7421 0 0 0 84.7421 0 0 0 84.7421)
(84.7422 0 0 0 84.7422 0 0 0 84.7422)
(84.7416 0 0 0 84.7416 0 0 0 84.7416)
(84.7409 0 0 0 84.7409 0 0 0 84.7409)
(84.7405 0 0 0 84.7405 0 0 0 84.7405)
(84.7408 0 0 0 84.7408 0 0 0 84.7408)
(84.742 0 0 0 84.742 0 0 0 84.742)
(84.744 0 0 0 84.744 0 0 0 84.744)
(84.7463 0 0 0 84.7463 0 0 0 84.7463)
(84.7484 0 0 0 84.7484 0 0 0 84.7484)
(84.7498 0 0 0 84.7498 0 0 0 84.7498)
(84.75 0 0 0 84.75 0 0 0 84.75)
(84.749 0 0 0 84.749 0 0 0 84.749)
(84.7467 0 0 0 84.7467 0 0 0 84.7467)
(84.8756 0 0 0 84.8756 0 0 0 84.8756)
(682.636 0 0 0 682.636 0 0 0 682.636)
(682.182 0 0 0 682.182 0 0 0 682.182)
(682.193 0 0 0 682.193 0 0 0 682.193)
(682.195 0 0 0 682.195 0 0 0 682.195)
(682.186 0 0 0 682.186 0 0 0 682.186)
(682.164 0 0 0 682.164 0 0 0 682.164)
(682.128 0 0 0 682.128 0 0 0 682.128)
(682.076 0 0 0 682.076 0 0 0 682.076)
(682.006 0 0 0 682.006 0 0 0 682.006)
(681.917 0 0 0 681.917 0 0 0 681.917)
(681.807 0 0 0 681.807 0 0 0 681.807)
(681.676 0 0 0 681.676 0 0 0 681.676)
(681.523 0 0 0 681.523 0 0 0 681.523)
(681.351 0 0 0 681.351 0 0 0 681.351)
(681.154 0 0 0 681.154 0 0 0 681.154)
(680.925 0 0 0 680.925 0 0 0 680.925)
(680.645 0 0 0 680.645 0 0 0 680.645)
(680.298 0 0 0 680.298 0 0 0 680.298)
(679.876 0 0 0 679.876 0 0 0 679.876)
(679.433 0 0 0 679.433 0 0 0 679.433)
(679.149 0 0 0 679.149 0 0 0 679.149)
(679.576 0 0 0 679.576 0 0 0 679.576)
(682.045 0 0 0 682.045 0 0 0 682.045)
(688.926 0 0 0 688.926 0 0 0 688.926)
(693.439 0 0 0 693.439 0 0 0 693.439)
(678.097 0 0 0 678.097 0 0 0 678.097)
(677.57 0 0 0 677.57 0 0 0 677.57)
(677.543 0 0 0 677.543 0 0 0 677.543)
(677.506 0 0 0 677.506 0 0 0 677.506)
(677.461 0 0 0 677.461 0 0 0 677.461)
(677.406 0 0 0 677.406 0 0 0 677.406)
(677.339 0 0 0 677.339 0 0 0 677.339)
(677.259 0 0 0 677.259 0 0 0 677.259)
(677.163 0 0 0 677.163 0 0 0 677.163)
(677.049 0 0 0 677.049 0 0 0 677.049)
(676.919 0 0 0 676.919 0 0 0 676.919)
(676.776 0 0 0 676.776 0 0 0 676.776)
(676.626 0 0 0 676.626 0 0 0 676.626)
(676.48 0 0 0 676.48 0 0 0 676.48)
(676.343 0 0 0 676.343 0 0 0 676.343)
(676.215 0 0 0 676.215 0 0 0 676.215)
(676.087 0 0 0 676.087 0 0 0 676.087)
(675.94 0 0 0 675.94 0 0 0 675.94)
(675.769 0 0 0 675.769 0 0 0 675.769)
(675.63 0 0 0 675.63 0 0 0 675.63)
(675.719 0 0 0 675.719 0 0 0 675.719)
(676.618 0 0 0 676.618 0 0 0 676.618)
(679.715 0 0 0 679.715 0 0 0 679.715)
(687.436 0 0 0 687.436 0 0 0 687.436)
(692.954 0 0 0 692.954 0 0 0 692.954)
(683.395 0 0 0 683.395 0 0 0 683.395)
(682.936 0 0 0 682.936 0 0 0 682.936)
(682.952 0 0 0 682.952 0 0 0 682.952)
(682.956 0 0 0 682.956 0 0 0 682.956)
(682.949 0 0 0 682.949 0 0 0 682.949)
(682.929 0 0 0 682.929 0 0 0 682.929)
(682.894 0 0 0 682.894 0 0 0 682.894)
(682.843 0 0 0 682.843 0 0 0 682.843)
(682.774 0 0 0 682.774 0 0 0 682.774)
(682.685 0 0 0 682.685 0 0 0 682.685)
(682.574 0 0 0 682.574 0 0 0 682.574)
(682.439 0 0 0 682.439 0 0 0 682.439)
(682.28 0 0 0 682.28 0 0 0 682.28)
(682.097 0 0 0 682.097 0 0 0 682.097)
(681.884 0 0 0 681.884 0 0 0 681.884)
(681.631 0 0 0 681.631 0 0 0 681.631)
(681.32 0 0 0 681.32 0 0 0 681.32)
(680.932 0 0 0 680.932 0 0 0 680.932)
(680.461 0 0 0 680.461 0 0 0 680.461)
(679.958 0 0 0 679.958 0 0 0 679.958)
(679.602 0 0 0 679.602 0 0 0 679.602)
(679.938 0 0 0 679.938 0 0 0 679.938)
(682.292 0 0 0 682.292 0 0 0 682.292)
(689.038 0 0 0 689.038 0 0 0 689.038)
(693.456 0 0 0 693.456 0 0 0 693.456)
(679.112 0 0 0 679.112 0 0 0 679.112)
(678.607 0 0 0 678.607 0 0 0 678.607)
(678.59 0 0 0 678.59 0 0 0 678.59)
(678.564 0 0 0 678.564 0 0 0 678.564)
(678.529 0 0 0 678.529 0 0 0 678.529)
(678.483 0 0 0 678.483 0 0 0 678.483)
(678.426 0 0 0 678.426 0 0 0 678.426)
(678.353 0 0 0 678.353 0 0 0 678.353)
(678.265 0 0 0 678.265 0 0 0 678.265)
(678.159 0 0 0 678.159 0 0 0 678.159)
(678.035 0 0 0 678.035 0 0 0 678.035)
(677.896 0 0 0 677.896 0 0 0 677.896)
(677.748 0 0 0 677.748 0 0 0 677.748)
(677.597 0 0 0 677.597 0 0 0 677.597)
(677.448 0 0 0 677.448 0 0 0 677.448)
(677.299 0 0 0 677.299 0 0 0 677.299)
(677.138 0 0 0 677.138 0 0 0 677.138)
(676.947 0 0 0 676.947 0 0 0 676.947)
(676.72 0 0 0 676.72 0 0 0 676.72)
(676.513 0 0 0 676.513 0 0 0 676.513)
(676.518 0 0 0 676.518 0 0 0 676.518)
(677.31 0 0 0 677.31 0 0 0 677.31)
(680.265 0 0 0 680.265 0 0 0 680.265)
(687.795 0 0 0 687.795 0 0 0 687.795)
(693.074 0 0 0 693.074 0 0 0 693.074)
(679.112 0 0 0 679.112 0 0 0 679.112)
(678.607 0 0 0 678.607 0 0 0 678.607)
(678.59 0 0 0 678.59 0 0 0 678.59)
(678.564 0 0 0 678.564 0 0 0 678.564)
(678.529 0 0 0 678.529 0 0 0 678.529)
(678.483 0 0 0 678.483 0 0 0 678.483)
(678.426 0 0 0 678.426 0 0 0 678.426)
(678.353 0 0 0 678.353 0 0 0 678.353)
(678.265 0 0 0 678.265 0 0 0 678.265)
(678.159 0 0 0 678.159 0 0 0 678.159)
(678.035 0 0 0 678.035 0 0 0 678.035)
(677.896 0 0 0 677.896 0 0 0 677.896)
(677.748 0 0 0 677.748 0 0 0 677.748)
(677.597 0 0 0 677.597 0 0 0 677.597)
(677.448 0 0 0 677.448 0 0 0 677.448)
(677.299 0 0 0 677.299 0 0 0 677.299)
(677.138 0 0 0 677.138 0 0 0 677.138)
(676.947 0 0 0 676.947 0 0 0 676.947)
(676.72 0 0 0 676.72 0 0 0 676.72)
(676.513 0 0 0 676.513 0 0 0 676.513)
(676.518 0 0 0 676.518 0 0 0 676.518)
(677.31 0 0 0 677.31 0 0 0 677.31)
(680.265 0 0 0 680.265 0 0 0 680.265)
(687.795 0 0 0 687.795 0 0 0 687.795)
(693.074 0 0 0 693.074 0 0 0 693.074)
(683.395 0 0 0 683.395 0 0 0 683.395)
(682.936 0 0 0 682.936 0 0 0 682.936)
(682.952 0 0 0 682.952 0 0 0 682.952)
(682.956 0 0 0 682.956 0 0 0 682.956)
(682.949 0 0 0 682.949 0 0 0 682.949)
(682.929 0 0 0 682.929 0 0 0 682.929)
(682.894 0 0 0 682.894 0 0 0 682.894)
(682.843 0 0 0 682.843 0 0 0 682.843)
(682.774 0 0 0 682.774 0 0 0 682.774)
(682.685 0 0 0 682.685 0 0 0 682.685)
(682.573 0 0 0 682.573 0 0 0 682.573)
(682.439 0 0 0 682.439 0 0 0 682.439)
(682.28 0 0 0 682.28 0 0 0 682.28)
(682.097 0 0 0 682.097 0 0 0 682.097)
(681.884 0 0 0 681.884 0 0 0 681.884)
(681.63 0 0 0 681.63 0 0 0 681.63)
(681.319 0 0 0 681.319 0 0 0 681.319)
(680.931 0 0 0 680.931 0 0 0 680.931)
(680.46 0 0 0 680.46 0 0 0 680.46)
(679.957 0 0 0 679.957 0 0 0 679.957)
(679.601 0 0 0 679.601 0 0 0 679.601)
(679.937 0 0 0 679.937 0 0 0 679.937)
(682.291 0 0 0 682.291 0 0 0 682.291)
(689.036 0 0 0 689.036 0 0 0 689.036)
(693.455 0 0 0 693.455 0 0 0 693.455)
(678.097 0 0 0 678.097 0 0 0 678.097)
(677.57 0 0 0 677.57 0 0 0 677.57)
(677.543 0 0 0 677.543 0 0 0 677.543)
(677.506 0 0 0 677.506 0 0 0 677.506)
(677.461 0 0 0 677.461 0 0 0 677.461)
(677.406 0 0 0 677.406 0 0 0 677.406)
(677.339 0 0 0 677.339 0 0 0 677.339)
(677.259 0 0 0 677.259 0 0 0 677.259)
(677.163 0 0 0 677.163 0 0 0 677.163)
(677.049 0 0 0 677.049 0 0 0 677.049)
(676.919 0 0 0 676.919 0 0 0 676.919)
(676.776 0 0 0 676.776 0 0 0 676.776)
(676.626 0 0 0 676.626 0 0 0 676.626)
(676.48 0 0 0 676.48 0 0 0 676.48)
(676.343 0 0 0 676.343 0 0 0 676.343)
(676.215 0 0 0 676.215 0 0 0 676.215)
(676.087 0 0 0 676.087 0 0 0 676.087)
(675.94 0 0 0 675.94 0 0 0 675.94)
(675.769 0 0 0 675.769 0 0 0 675.769)
(675.63 0 0 0 675.63 0 0 0 675.63)
(675.719 0 0 0 675.719 0 0 0 675.719)
(676.618 0 0 0 676.618 0 0 0 676.618)
(679.715 0 0 0 679.715 0 0 0 679.715)
(687.436 0 0 0 687.436 0 0 0 687.436)
(692.954 0 0 0 692.954 0 0 0 692.954)
(682.636 0 0 0 682.636 0 0 0 682.636)
(682.182 0 0 0 682.182 0 0 0 682.182)
(682.193 0 0 0 682.193 0 0 0 682.193)
(682.195 0 0 0 682.195 0 0 0 682.195)
(682.186 0 0 0 682.186 0 0 0 682.186)
(682.164 0 0 0 682.164 0 0 0 682.164)
(682.128 0 0 0 682.128 0 0 0 682.128)
(682.076 0 0 0 682.076 0 0 0 682.076)
(682.006 0 0 0 682.006 0 0 0 682.006)
(681.917 0 0 0 681.917 0 0 0 681.917)
(681.807 0 0 0 681.807 0 0 0 681.807)
(681.676 0 0 0 681.676 0 0 0 681.676)
(681.524 0 0 0 681.524 0 0 0 681.524)
(681.351 0 0 0 681.351 0 0 0 681.351)
(681.154 0 0 0 681.154 0 0 0 681.154)
(680.925 0 0 0 680.925 0 0 0 680.925)
(680.645 0 0 0 680.645 0 0 0 680.645)
(680.298 0 0 0 680.298 0 0 0 680.298)
(679.876 0 0 0 679.876 0 0 0 679.876)
(679.433 0 0 0 679.433 0 0 0 679.433)
(679.149 0 0 0 679.149 0 0 0 679.149)
(679.576 0 0 0 679.576 0 0 0 679.576)
(682.045 0 0 0 682.045 0 0 0 682.045)
(688.926 0 0 0 688.926 0 0 0 688.926)
(693.439 0 0 0 693.439 0 0 0 693.439)
(679.112 0 0 0 679.112 0 0 0 679.112)
(678.607 0 0 0 678.607 0 0 0 678.607)
(678.59 0 0 0 678.59 0 0 0 678.59)
(678.564 0 0 0 678.564 0 0 0 678.564)
(678.529 0 0 0 678.529 0 0 0 678.529)
(678.483 0 0 0 678.483 0 0 0 678.483)
(678.426 0 0 0 678.426 0 0 0 678.426)
(678.353 0 0 0 678.353 0 0 0 678.353)
(678.265 0 0 0 678.265 0 0 0 678.265)
(678.159 0 0 0 678.159 0 0 0 678.159)
(678.035 0 0 0 678.035 0 0 0 678.035)
(677.896 0 0 0 677.896 0 0 0 677.896)
(677.748 0 0 0 677.748 0 0 0 677.748)
(677.597 0 0 0 677.597 0 0 0 677.597)
(677.448 0 0 0 677.448 0 0 0 677.448)
(677.299 0 0 0 677.299 0 0 0 677.299)
(677.138 0 0 0 677.138 0 0 0 677.138)
(676.947 0 0 0 676.947 0 0 0 676.947)
(676.72 0 0 0 676.72 0 0 0 676.72)
(676.513 0 0 0 676.513 0 0 0 676.513)
(676.518 0 0 0 676.518 0 0 0 676.518)
(677.31 0 0 0 677.31 0 0 0 677.31)
(680.265 0 0 0 680.265 0 0 0 680.265)
(687.795 0 0 0 687.795 0 0 0 687.795)
(693.074 0 0 0 693.074 0 0 0 693.074)
(683.395 0 0 0 683.395 0 0 0 683.395)
(682.936 0 0 0 682.936 0 0 0 682.936)
(682.952 0 0 0 682.952 0 0 0 682.952)
(682.956 0 0 0 682.956 0 0 0 682.956)
(682.949 0 0 0 682.949 0 0 0 682.949)
(682.929 0 0 0 682.929 0 0 0 682.929)
(682.894 0 0 0 682.894 0 0 0 682.894)
(682.843 0 0 0 682.843 0 0 0 682.843)
(682.774 0 0 0 682.774 0 0 0 682.774)
(682.685 0 0 0 682.685 0 0 0 682.685)
(682.574 0 0 0 682.574 0 0 0 682.574)
(682.439 0 0 0 682.439 0 0 0 682.439)
(682.28 0 0 0 682.28 0 0 0 682.28)
(682.097 0 0 0 682.097 0 0 0 682.097)
(681.884 0 0 0 681.884 0 0 0 681.884)
(681.631 0 0 0 681.631 0 0 0 681.631)
(681.32 0 0 0 681.32 0 0 0 681.32)
(680.932 0 0 0 680.932 0 0 0 680.932)
(680.46 0 0 0 680.46 0 0 0 680.46)
(679.958 0 0 0 679.958 0 0 0 679.958)
(679.602 0 0 0 679.602 0 0 0 679.602)
(679.938 0 0 0 679.938 0 0 0 679.938)
(682.292 0 0 0 682.292 0 0 0 682.292)
(689.038 0 0 0 689.038 0 0 0 689.038)
(693.456 0 0 0 693.456 0 0 0 693.456)
(683.395 0 0 0 683.395 0 0 0 683.395)
(682.936 0 0 0 682.936 0 0 0 682.936)
(682.952 0 0 0 682.952 0 0 0 682.952)
(682.956 0 0 0 682.956 0 0 0 682.956)
(682.949 0 0 0 682.949 0 0 0 682.949)
(682.929 0 0 0 682.929 0 0 0 682.929)
(682.894 0 0 0 682.894 0 0 0 682.894)
(682.843 0 0 0 682.843 0 0 0 682.843)
(682.774 0 0 0 682.774 0 0 0 682.774)
(682.685 0 0 0 682.685 0 0 0 682.685)
(682.573 0 0 0 682.573 0 0 0 682.573)
(682.439 0 0 0 682.439 0 0 0 682.439)
(682.28 0 0 0 682.28 0 0 0 682.28)
(682.097 0 0 0 682.097 0 0 0 682.097)
(681.884 0 0 0 681.884 0 0 0 681.884)
(681.63 0 0 0 681.63 0 0 0 681.63)
(681.319 0 0 0 681.319 0 0 0 681.319)
(680.931 0 0 0 680.931 0 0 0 680.931)
(680.46 0 0 0 680.46 0 0 0 680.46)
(679.957 0 0 0 679.957 0 0 0 679.957)
(679.601 0 0 0 679.601 0 0 0 679.601)
(679.937 0 0 0 679.937 0 0 0 679.937)
(682.291 0 0 0 682.291 0 0 0 682.291)
(689.036 0 0 0 689.036 0 0 0 689.036)
(693.455 0 0 0 693.455 0 0 0 693.455)
(679.112 0 0 0 679.112 0 0 0 679.112)
(678.607 0 0 0 678.607 0 0 0 678.607)
(678.59 0 0 0 678.59 0 0 0 678.59)
(678.564 0 0 0 678.564 0 0 0 678.564)
(678.529 0 0 0 678.529 0 0 0 678.529)
(678.483 0 0 0 678.483 0 0 0 678.483)
(678.426 0 0 0 678.426 0 0 0 678.426)
(678.353 0 0 0 678.353 0 0 0 678.353)
(678.265 0 0 0 678.265 0 0 0 678.265)
(678.159 0 0 0 678.159 0 0 0 678.159)
(678.035 0 0 0 678.035 0 0 0 678.035)
(677.896 0 0 0 677.896 0 0 0 677.896)
(677.748 0 0 0 677.748 0 0 0 677.748)
(677.597 0 0 0 677.597 0 0 0 677.597)
(677.448 0 0 0 677.448 0 0 0 677.448)
(677.299 0 0 0 677.299 0 0 0 677.299)
(677.138 0 0 0 677.138 0 0 0 677.138)
(676.947 0 0 0 676.947 0 0 0 676.947)
(676.72 0 0 0 676.72 0 0 0 676.72)
(676.513 0 0 0 676.513 0 0 0 676.513)
(676.518 0 0 0 676.518 0 0 0 676.518)
(677.31 0 0 0 677.31 0 0 0 677.31)
(680.265 0 0 0 680.265 0 0 0 680.265)
(687.796 0 0 0 687.796 0 0 0 687.796)
(693.074 0 0 0 693.074 0 0 0 693.074)
)
;

boundaryField
{
    outletCentralUnloaded
    {
        type            zeroGradient;
    }
    inletCentralUnloaded
    {
        type            zeroGradient;
    }
    outletFuelElement
    {
        type            zeroGradient;
    }
    inletFuelElement
    {
        type            zeroGradient;
    }
    defaultFaces
    {
        type            zeroGradient;
    }
    baffle_master
    {
        type            zeroGradient;
    }
    baffle_slave
    {
        type            zeroGradient;
    }
}


// ************************************************************************* //
