/*--------------------------------*- C++ -*----------------------------------*\
| =========                 |                                                 |
| \\      /  F ield         | OpenFOAM: The Open Source CFD Toolbox           |
|  \\    /   O peration     | Version:  2212                                  |
|   \\  /    A nd           | Website:  www.openfoam.com                      |
|    \\/     M anipulation  |                                                 |
\*---------------------------------------------------------------------------*/
FoamFile
{
    version     2.0;
    format      ascii;
    arch        "LSB;label=32;scalar=64";
    class       volScalarField;
    location    "58/fluidRegion";
    object      nut;
}
// * * * * * * * * * * * * * * * * * * * * * * * * * * * * * * * * * * * * * //

dimensions      [0 2 -1 0 0 0 0];

internalField   nonuniform List<scalar> 
350
(
0.000537635
0.000537581
0.000537522
0.000537463
0.000537406
0.000537355
0.00053731
0.000537271
0.000537235
0.0005372
0.000537164
0.000537128
0.000537091
0.000537056
0.000537027
0.000537005
0.000536995
0.000537
0.000537027
0.000537085
0.000537191
0.00053737
0.000537663
0.000538134
0.000539502
0.000537635
0.000537581
0.000537522
0.000537463
0.000537406
0.000537355
0.00053731
0.000537271
0.000537235
0.0005372
0.000537164
0.000537128
0.000537091
0.000537056
0.000537027
0.000537005
0.000536995
0.000537
0.000537027
0.000537085
0.000537191
0.00053737
0.000537663
0.000538134
0.000539502
0.0104205
0.0102011
0.00992956
0.00960214
0.00922377
0.00879964
0.00833508
0.00783558
0.0073068
0.0067546
0.00618512
0.00560495
0.00502123
0.0044417
0.00387463
0.00332851
0.00281152
0.00233102
0.00189325
0.00150343
0.00116615
0.000885885
0.000666887
0.000511764
0.000416365
0.0104878
0.0102673
0.00999484
0.00966595
0.0092857
0.00885929
0.00839208
0.0078896
0.00735753
0.00680174
0.0062284
0.00564414
0.00505611
0.00447214
0.0039006
0.00335008
0.00282888
0.0023445
0.00190325
0.00151043
0.00117066
0.000888445
0.000668075
0.000512145
0.000416431
0.0104096
0.0101902
0.00991889
0.00959174
0.00921372
0.00878999
0.00832589
0.0078269
0.00729868
0.00674707
0.00617823
0.00559873
0.0050157
0.00443688
0.00387053
0.0033251
0.00280876
0.00232886
0.00189163
0.00150227
0.00116537
0.000885396
0.000666606
0.000511616
0.000416316
0.0104729
0.0102527
0.00998035
0.00965175
0.00927189
0.00884596
0.00837932
0.00787748
0.00734613
0.00679112
0.00621863
0.00563528
0.00504821
0.00446524
0.0038947
0.00334517
0.00282493
0.00234142
0.00190097
0.00150883
0.00116964
0.000887868
0.000667813
0.000512069
0.000416422
0.0104729
0.0102527
0.00998035
0.00965175
0.00927189
0.00884596
0.00837932
0.00787748
0.00734613
0.00679112
0.00621863
0.00563528
0.00504821
0.00446524
0.0038947
0.00334517
0.00282493
0.00234142
0.00190097
0.00150883
0.00116964
0.000887868
0.000667813
0.000512069
0.000416422
0.0104096
0.0101902
0.0099189
0.00959175
0.00921372
0.00878999
0.00832589
0.0078269
0.00729868
0.00674707
0.00617823
0.00559873
0.0050157
0.00443688
0.00387053
0.0033251
0.00280876
0.00232886
0.00189163
0.00150226
0.00116537
0.000885394
0.000666603
0.000511614
0.000416315
0.0104878
0.0102673
0.00999484
0.00966595
0.0092857
0.00885929
0.00839208
0.0078896
0.00735753
0.00680174
0.0062284
0.00564414
0.00505611
0.00447215
0.0039006
0.00335008
0.00282888
0.0023445
0.00190325
0.00151043
0.00117066
0.000888445
0.000668076
0.000512145
0.000416432
0.0104205
0.0102011
0.00992956
0.00960214
0.00922377
0.00879964
0.00833508
0.00783558
0.0073068
0.0067546
0.00618512
0.00560495
0.00502123
0.0044417
0.00387463
0.00332851
0.00281152
0.00233102
0.00189325
0.00150342
0.00116615
0.000885883
0.000666884
0.000511761
0.000416362
0.0104729
0.0102527
0.00998035
0.00965175
0.00927189
0.00884596
0.00837932
0.00787748
0.00734613
0.00679112
0.00621863
0.00563528
0.00504821
0.00446524
0.0038947
0.00334517
0.00282493
0.00234142
0.00190097
0.00150883
0.00116964
0.000887867
0.000667812
0.000512068
0.000416421
0.0104096
0.0101902
0.00991889
0.00959174
0.00921372
0.00878999
0.00832589
0.0078269
0.00729868
0.00674707
0.00617823
0.00559873
0.0050157
0.00443688
0.00387053
0.0033251
0.00280876
0.00232886
0.00189163
0.00150227
0.00116538
0.000885401
0.000666611
0.000511622
0.000416322
0.0104096
0.0101902
0.00991889
0.00959175
0.00921372
0.00878999
0.00832589
0.0078269
0.00729868
0.00674707
0.00617823
0.00559873
0.0050157
0.00443688
0.00387052
0.0033251
0.00280876
0.00232886
0.00189163
0.00150226
0.00116537
0.000885394
0.000666604
0.000511615
0.000416316
0.0104729
0.0102527
0.00998035
0.00965175
0.00927189
0.00884596
0.00837932
0.00787748
0.00734612
0.00679112
0.00621863
0.00563527
0.00504821
0.00446523
0.0038947
0.00334517
0.00282493
0.00234142
0.00190097
0.00150883
0.00116963
0.000887864
0.000667809
0.000512064
0.000416417
)
;

boundaryField
{
    outletCentralUnloaded
    {
        type            zeroGradient;
    }
    inletCentralUnloaded
    {
        type            zeroGradient;
    }
    outletFuelElement
    {
        type            zeroGradient;
    }
    inletFuelElement
    {
        type            zeroGradient;
    }
    defaultFaces
    {
        type            zeroGradient;
    }
    baffle_master
    {
        type            calculated;
        value           nonuniform List<scalar> 
150
(
0.000537635
0.000537635
0.000537635
0.000537581
0.000537581
0.000537581
0.000537522
0.000537522
0.000537522
0.000537463
0.000537463
0.000537463
0.000537406
0.000537406
0.000537406
0.000537355
0.000537355
0.000537355
0.00053731
0.00053731
0.00053731
0.000537271
0.000537271
0.000537271
0.000537235
0.000537235
0.000537235
0.0005372
0.0005372
0.0005372
0.000537164
0.000537164
0.000537164
0.000537128
0.000537128
0.000537128
0.000537091
0.000537091
0.000537091
0.000537056
0.000537056
0.000537056
0.000537027
0.000537027
0.000537027
0.000537005
0.000537005
0.000537005
0.000536995
0.000536995
0.000536995
0.000537
0.000537
0.000537
0.000537027
0.000537027
0.000537027
0.000537085
0.000537085
0.000537085
0.000537191
0.000537191
0.000537191
0.00053737
0.00053737
0.00053737
0.000537663
0.000537663
0.000537663
0.000538134
0.000538134
0.000538134
0.000539502
0.000539502
0.000539502
0.000537635
0.000537635
0.000537635
0.000537581
0.000537581
0.000537581
0.000537522
0.000537522
0.000537522
0.000537463
0.000537463
0.000537463
0.000537406
0.000537406
0.000537406
0.000537355
0.000537355
0.000537355
0.00053731
0.00053731
0.00053731
0.000537271
0.000537271
0.000537271
0.000537235
0.000537235
0.000537235
0.0005372
0.0005372
0.0005372
0.000537164
0.000537164
0.000537164
0.000537128
0.000537128
0.000537128
0.000537091
0.000537091
0.000537091
0.000537056
0.000537056
0.000537056
0.000537027
0.000537027
0.000537027
0.000537005
0.000537005
0.000537005
0.000536995
0.000536995
0.000536995
0.000537
0.000537
0.000537
0.000537027
0.000537027
0.000537027
0.000537085
0.000537085
0.000537085
0.000537191
0.000537191
0.000537191
0.00053737
0.00053737
0.00053737
0.000537663
0.000537663
0.000537663
0.000538134
0.000538134
0.000538134
0.000539502
0.000539502
0.000539502
)
;
    }
    baffle_slave
    {
        type            calculated;
        value           nonuniform List<scalar> 
150
(
0.0104878
0.0104729
0.0104729
0.0102673
0.0102527
0.0102527
0.00999484
0.00998035
0.00998035
0.00966595
0.00965175
0.00965175
0.0092857
0.00927189
0.00927189
0.00885929
0.00884596
0.00884596
0.00839208
0.00837932
0.00837932
0.0078896
0.00787748
0.00787748
0.00735753
0.00734613
0.00734612
0.00680174
0.00679112
0.00679112
0.0062284
0.00621863
0.00621863
0.00564414
0.00563528
0.00563527
0.00505611
0.00504821
0.00504821
0.00447214
0.00446524
0.00446523
0.0039006
0.0038947
0.0038947
0.00335008
0.00334517
0.00334517
0.00282888
0.00282493
0.00282493
0.0023445
0.00234142
0.00234142
0.00190325
0.00190097
0.00190097
0.00151043
0.00150883
0.00150883
0.00117066
0.00116964
0.00116963
0.000888445
0.000887868
0.000887864
0.000668075
0.000667813
0.000667809
0.000512145
0.000512069
0.000512064
0.000416431
0.000416422
0.000416417
0.0104729
0.0104878
0.0104729
0.0102527
0.0102673
0.0102527
0.00998035
0.00999484
0.00998035
0.00965175
0.00966595
0.00965175
0.00927189
0.0092857
0.00927189
0.00884596
0.00885929
0.00884596
0.00837932
0.00839208
0.00837932
0.00787748
0.0078896
0.00787748
0.00734613
0.00735753
0.00734613
0.00679112
0.00680174
0.00679112
0.00621863
0.0062284
0.00621863
0.00563528
0.00564414
0.00563528
0.00504821
0.00505611
0.00504821
0.00446524
0.00447215
0.00446524
0.0038947
0.0039006
0.0038947
0.00334517
0.00335008
0.00334517
0.00282493
0.00282888
0.00282493
0.00234142
0.0023445
0.00234142
0.00190097
0.00190325
0.00190097
0.00150883
0.00151043
0.00150883
0.00116964
0.00117066
0.00116964
0.000887868
0.000888445
0.000887867
0.000667813
0.000668076
0.000667812
0.000512069
0.000512145
0.000512068
0.000416422
0.000416432
0.000416421
)
;
    }
}


// ************************************************************************* //
