/*--------------------------------*- C++ -*----------------------------------*\
| =========                 |                                                 |
| \\      /  F ield         | OpenFOAM: The Open Source CFD Toolbox           |
|  \\    /   O peration     | Version:  2212                                  |
|   \\  /    A nd           | Website:  www.openfoam.com                      |
|    \\/     M anipulation  |                                                 |
\*---------------------------------------------------------------------------*/
FoamFile
{
    version     2.0;
    format      ascii;
    arch        "LSB;label=32;scalar=64";
    class       volScalarField;
    location    "58/fluidRegion";
    object      Re;
}
// * * * * * * * * * * * * * * * * * * * * * * * * * * * * * * * * * * * * * //

dimensions      [0 0 0 0 0 0 0];

internalField   nonuniform List<scalar> 
350
(
174044
174040
174034
174028
174022
174019
174019
174022
174027
174030
174033
174033
174031
174029
174028
174029
174032
174038
174044
174050
174054
174054
174051
174045
174398
174044
174040
174034
174028
174022
174019
174019
174022
174027
174030
174033
174033
174031
174029
174028
174029
174032
174038
174044
174050
174054
174054
174051
174045
174398
55430.1
55380.9
55382.1
55382.4
55381.3
55379
55375.1
55369.5
55362
55352.3
55340.4
55326.2
55309.7
55291
55269.7
55244.9
55214.7
55177.1
55131.5
55083.6
55052.9
55099
55366.1
56112.1
56602.8
54939.2
54882.3
54879.4
54875.4
54870.6
54864.6
54857.4
54848.7
54838.3
54826.1
54812
54796.6
54780.4
54764.6
54749.8
54736.1
54722.2
54706.4
54687.9
54672.9
54682.5
54779.5
55114.1
55950.4
56550
55512.3
55462.6
55464.3
55464.8
55464
55461.8
55458.1
55452.6
55445.1
55435.4
55423.3
55408.8
55391.6
55371.8
55348.7
55321.3
55287.6
55245.7
55194.7
55140.4
55101.9
55138.2
55392.9
56124.3
56604.6
55048.9
54994.3
54992.5
54989.7
54985.9
54981
54974.7
54966.9
54957.4
54945.9
54932.5
54917.5
54901.5
54885.2
54869.2
54853.1
54835.7
54815
54790.5
54768.2
54768.7
54854.3
55173.6
55989.4
56563.1
55048.9
54994.3
54992.5
54989.7
54985.9
54981
54974.7
54966.9
54957.4
54945.9
54932.5
54917.5
54901.5
54885.2
54869.2
54853.1
54835.7
54815
54790.5
54768.2
54768.7
54854.3
55173.6
55989.4
56563.1
55512.3
55462.6
55464.3
55464.8
55464
55461.8
55458.1
55452.5
55445.1
55435.4
55423.3
55408.7
55391.6
55371.7
55348.7
55321.3
55287.6
55245.6
55194.6
55140.3
55101.8
55138.1
55392.8
56124.1
56604.5
54939.2
54882.3
54879.4
54875.4
54870.6
54864.6
54857.4
54848.7
54838.3
54826.1
54812
54796.6
54780.4
54764.6
54749.8
54736.1
54722.2
54706.4
54687.9
54672.9
54682.5
54779.5
55114.1
55950.4
56550
55430.1
55380.9
55382.1
55382.4
55381.3
55379
55375.1
55369.5
55362
55352.3
55340.4
55326.2
55309.7
55291
55269.7
55244.9
55214.7
55177.1
55131.5
55083.6
55053
55099.1
55366.1
56112.2
56602.8
55048.9
54994.3
54992.5
54989.7
54985.9
54981
54974.7
54966.9
54957.4
54945.9
54932.5
54917.5
54901.5
54885.2
54869.2
54853.1
54835.6
54815
54790.5
54768.2
54768.7
54854.2
55173.6
55989.4
56563.1
55512.3
55462.6
55464.3
55464.8
55464
55461.8
55458.1
55452.6
55445.1
55435.4
55423.3
55408.8
55391.6
55371.8
55348.7
55321.3
55287.6
55245.7
55194.7
55140.4
55101.9
55138.2
55392.9
56124.3
56604.6
55512.3
55462.6
55464.3
55464.8
55464
55461.8
55458.1
55452.6
55445.1
55435.4
55423.3
55408.7
55391.6
55371.7
55348.7
55321.3
55287.6
55245.6
55194.6
55140.3
55101.8
55138.1
55392.8
56124.1
56604.5
55048.9
54994.3
54992.5
54989.7
54985.9
54981
54974.7
54966.9
54957.4
54945.9
54932.5
54917.5
54901.5
54885.2
54869.2
54853.1
54835.7
54815
54790.5
54768.2
54768.7
54854.3
55173.6
55989.4
56563.1
)
;

boundaryField
{
    outletCentralUnloaded
    {
        type            zeroGradient;
    }
    inletCentralUnloaded
    {
        type            zeroGradient;
    }
    outletFuelElement
    {
        type            zeroGradient;
    }
    inletFuelElement
    {
        type            zeroGradient;
    }
    defaultFaces
    {
        type            zeroGradient;
    }
    baffle_master
    {
        type            zeroGradient;
    }
    baffle_slave
    {
        type            zeroGradient;
    }
}


// ************************************************************************* //
