/*--------------------------------*- C++ -*----------------------------------*\
| =========                 |                                                 |
| \\      /  F ield         | OpenFOAM: The Open Source CFD Toolbox           |
|  \\    /   O peration     | Version:  2212                                  |
|   \\  /    A nd           | Website:  www.openfoam.com                      |
|    \\/     M anipulation  |                                                 |
\*---------------------------------------------------------------------------*/
FoamFile
{
    version     2.0;
    format      ascii;
    arch        "LSB;label=32;scalar=64";
    class       volScalarField;
    location    "58/fluidRegion";
    object      T;
}
// * * * * * * * * * * * * * * * * * * * * * * * * * * * * * * * * * * * * * //

dimensions      [0 0 0 1 0 0 0];

internalField   nonuniform List<scalar> 
350
(
83.2889
83.2894
83.2899
83.2904
83.2909
83.2914
83.2918
83.2923
83.2927
83.2932
83.2937
83.2941
83.2946
83.2951
83.2956
83.2961
83.2966
83.2971
83.2976
83.2979
83.2983
83.2986
83.299
83.2994
83.2998
83.2889
83.2894
83.2899
83.2904
83.2909
83.2914
83.2918
83.2923
83.2927
83.2932
83.2937
83.2941
83.2946
83.2951
83.2956
83.2961
83.2966
83.2971
83.2976
83.2979
83.2983
83.2986
83.299
83.2994
83.2998
1823.27
1817.11
1798.55
1767.79
1725.2
1671.25
1606.58
1531.93
1448.17
1356.32
1257.53
1153.12
1044.62
933.774
822.538
713.012
607.304
507.375
414.938
331.429
258.107
196.156
146.8
111.208
90.086
1851.52
1845.58
1827.01
1796.03
1753
1698.41
1632.89
1557.2
1472.22
1378.97
1278.62
1172.5
1062.14
949.319
836.023
724.408
616.651
514.785
420.582
335.521
260.883
197.865
147.703
111.572
90.1633
1818.68
1812.51
1793.97
1763.26
1720.76
1666.93
1602.41
1527.94
1444.39
1352.78
1254.25
1150.12
1041.92
931.391
820.482
711.285
605.896
506.267
414.1
330.827
257.702
195.909
146.67
111.155
90.0736
1845.16
1839.16
1820.58
1789.64
1746.69
1692.24
1626.9
1551.43
1466.73
1373.79
1273.79
1168.05
1058.12
945.741
832.914
721.778
614.491
513.071
419.275
334.573
260.239
197.469
147.493
111.488
90.1456
1845.16
1839.16
1820.58
1789.64
1746.69
1692.24
1626.9
1551.43
1466.73
1373.79
1273.79
1168.05
1058.12
945.741
832.914
721.778
614.491
513.071
419.275
334.573
260.239
197.469
147.493
111.488
90.1456
1818.68
1812.51
1793.97
1763.26
1720.76
1666.93
1602.41
1527.94
1444.39
1352.78
1254.25
1150.12
1041.92
931.392
820.483
711.286
605.897
506.268
414.101
330.827
257.702
195.909
146.67
111.155
90.0736
1851.52
1845.58
1827.01
1796.03
1753
1698.41
1632.89
1557.2
1472.22
1378.97
1278.62
1172.5
1062.14
949.319
836.023
724.408
616.651
514.785
420.582
335.521
260.883
197.865
147.703
111.572
90.1633
1823.27
1817.11
1798.55
1767.79
1725.2
1671.25
1606.58
1531.93
1448.17
1356.32
1257.53
1153.12
1044.62
933.774
822.538
713.012
607.304
507.375
414.938
331.429
258.107
196.156
146.8
111.208
90.086
1845.16
1839.16
1820.58
1789.64
1746.69
1692.24
1626.9
1551.43
1466.73
1373.79
1273.79
1168.05
1058.12
945.741
832.914
721.778
614.491
513.071
419.275
334.573
260.239
197.469
147.493
111.488
90.1456
1818.68
1812.51
1793.97
1763.26
1720.76
1666.93
1602.41
1527.94
1444.39
1352.78
1254.25
1150.12
1041.92
931.391
820.482
711.285
605.896
506.267
414.1
330.827
257.702
195.909
146.67
111.155
90.0736
1818.68
1812.51
1793.97
1763.26
1720.76
1666.93
1602.41
1527.94
1444.39
1352.78
1254.25
1150.12
1041.92
931.392
820.483
711.286
605.897
506.268
414.101
330.827
257.702
195.909
146.67
111.155
90.0736
1845.16
1839.16
1820.58
1789.64
1746.69
1692.24
1626.9
1551.43
1466.73
1373.79
1273.79
1168.05
1058.12
945.741
832.914
721.778
614.491
513.071
419.275
334.572
260.239
197.469
147.493
111.488
90.1456
)
;

boundaryField
{
    outletCentralUnloaded
    {
        type            zeroGradient;
    }
    inletCentralUnloaded
    {
        type            fixedValue;
        value           uniform 83.3;
    }
    outletFuelElement
    {
        type            zeroGradient;
    }
    inletFuelElement
    {
        type            fixedValue;
        value           uniform 83.3;
    }
    defaultFaces
    {
        type            zeroGradient;
    }
    baffle_master
    {
        type            zeroGradient;
    }
    baffle_slave
    {
        type            zeroGradient;
    }
}


// ************************************************************************* //
