/*--------------------------------*- C++ -*----------------------------------*\
| =========                 |                                                 |
| \\      /  F ield         | OpenFOAM: The Open Source CFD Toolbox           |
|  \\    /   O peration     | Version:  2206                                  |
|   \\  /    A nd           | Website:  www.openfoam.com                      |
|    \\/     M anipulation  |                                                 |
\*---------------------------------------------------------------------------*/
FoamFile
{
    version     2.0;
    format      ascii;
    arch        "LSB;label=32;scalar=64";
    note        "nPoints:624  nCells:350  nFaces:1289  nInternalFaces:811";
    class       labelList;
    location    "constant/polyMesh";
    object      neighbour;
}
// * * * * * * * * * * * * * * * * * * * * * * * * * * * * * * * * * * * * * //


811
(
1
25
75
125
325
2
26
76
126
326
3
27
77
127
327
4
28
78
128
328
5
29
79
129
329
6
30
80
130
330
7
31
81
131
331
8
32
82
132
332
9
33
83
133
333
10
34
84
134
334
11
35
85
135
335
12
36
86
136
336
13
37
87
137
337
14
38
88
138
338
15
39
89
139
339
16
40
90
140
340
17
41
91
141
341
18
42
92
142
342
19
43
93
143
343
20
44
94
144
344
21
45
95
145
345
22
46
96
146
346
23
47
97
147
347
24
48
98
148
348
49
99
149
349
26
150
200
250
27
151
201
251
28
152
202
252
29
153
203
253
30
154
204
254
31
155
205
255
32
156
206
256
33
157
207
257
34
158
208
258
35
159
209
259
36
160
210
260
37
161
211
261
38
162
212
262
39
163
213
263
40
164
214
264
41
165
215
265
42
166
216
266
43
167
217
267
44
168
218
268
45
169
219
269
46
170
220
270
47
171
221
271
48
172
222
272
49
173
223
273
174
224
274
51
75
52
76
53
77
54
78
55
79
56
80
57
81
58
82
59
83
60
84
61
85
62
86
63
87
64
88
65
89
66
90
67
91
68
92
69
93
70
94
71
95
72
96
73
97
74
98
99
76
100
300
77
101
301
78
102
302
79
103
303
80
104
304
81
105
305
82
106
306
83
107
307
84
108
308
85
109
309
86
110
310
87
111
311
88
112
312
89
113
313
90
114
314
91
115
315
92
116
316
93
117
317
94
118
318
95
119
319
96
120
320
97
121
321
98
122
322
99
123
323
124
324
101
125
102
126
103
127
104
128
105
129
106
130
107
131
108
132
109
133
110
134
111
135
112
136
113
137
114
138
115
139
116
140
117
141
118
142
119
143
120
144
121
145
122
146
123
147
124
148
149
126
150
127
151
128
152
129
153
130
154
131
155
132
156
133
157
134
158
135
159
136
160
137
161
138
162
139
163
140
164
141
165
142
166
143
167
144
168
145
169
146
170
147
171
148
172
149
173
174
151
175
152
176
153
177
154
178
155
179
156
180
157
181
158
182
159
183
160
184
161
185
162
186
163
187
164
188
165
189
166
190
167
191
168
192
169
193
170
194
171
195
172
196
173
197
174
198
199
176
200
177
201
178
202
179
203
180
204
181
205
182
206
183
207
184
208
185
209
186
210
187
211
188
212
189
213
190
214
191
215
192
216
193
217
194
218
195
219
196
220
197
221
198
222
199
223
224
201
225
275
202
226
276
203
227
277
204
228
278
205
229
279
206
230
280
207
231
281
208
232
282
209
233
283
210
234
284
211
235
285
212
236
286
213
237
287
214
238
288
215
239
289
216
240
290
217
241
291
218
242
292
219
243
293
220
244
294
221
245
295
222
246
296
223
247
297
224
248
298
249
299
226
227
228
229
230
231
232
233
234
235
236
237
238
239
240
241
242
243
244
245
246
247
248
249
251
275
325
252
276
326
253
277
327
254
278
328
255
279
329
256
280
330
257
281
331
258
282
332
259
283
333
260
284
334
261
285
335
262
286
336
263
287
337
264
288
338
265
289
339
266
290
340
267
291
341
268
292
342
269
293
343
270
294
344
271
295
345
272
296
346
273
297
347
274
298
348
299
349
276
277
278
279
280
281
282
283
284
285
286
287
288
289
290
291
292
293
294
295
296
297
298
299
301
325
302
326
303
327
304
328
305
329
306
330
307
331
308
332
309
333
310
334
311
335
312
336
313
337
314
338
315
339
316
340
317
341
318
342
319
343
320
344
321
345
322
346
323
347
324
348
349
326
327
328
329
330
331
332
333
334
335
336
337
338
339
340
341
342
343
344
345
346
347
348
349
)


// ************************************************************************* //
