/*--------------------------------*- C++ -*----------------------------------*\
| =========                 |                                                 |
| \\      /  F ield         | OpenFOAM: The Open Source CFD Toolbox           |
|  \\    /   O peration     | Version:  2206                                  |
|   \\  /    A nd           | Website:  www.openfoam.com                      |
|    \\/     M anipulation  |                                                 |
\*---------------------------------------------------------------------------*/
FoamFile
{
    version     2.0;
    format      ascii;
    arch        "LSB;label=32;scalar=64";
    class       vectorField;
    location    "constant/neutroRegion/polyMesh";
    object      points;
}
// * * * * * * * * * * * * * * * * * * * * * * * * * * * * * * * * * * * * * //


624
(
(0.01105718142 0 0)
(0.005528590708 0.0095758 0)
(-0.005528590708 0.0095758 0)
(-0.01105718142 1.354114183e-18 0)
(-0.005528590708 -0.0095758 0)
(0.005528590708 -0.0095758 0)
(0.01105718142 0 0.052832)
(0.01105718142 0 0.105664)
(0.01105718142 0 0.158496)
(0.01105718142 0 0.211328)
(0.01105718142 0 0.26416)
(0.01105718142 0 0.316992)
(0.01105718142 0 0.369824)
(0.01105718142 0 0.422656)
(0.01105718142 0 0.475488)
(0.01105718142 0 0.52832)
(0.01105718142 0 0.581152)
(0.01105718142 0 0.633984)
(0.01105718142 0 0.686816)
(0.01105718142 0 0.739648)
(0.01105718142 0 0.79248)
(0.01105718142 0 0.845312)
(0.01105718142 0 0.898144)
(0.01105718142 0 0.950976)
(0.01105718142 0 1.003808)
(0.01105718142 0 1.05664)
(0.01105718142 0 1.109472)
(0.01105718142 0 1.162304)
(0.01105718142 0 1.215136)
(0.01105718142 0 1.267968)
(0.01105718142 0 1.3208)
(0.005528590708 0.0095758 0.052832)
(0.005528590708 0.0095758 0.105664)
(0.005528590708 0.0095758 0.158496)
(0.005528590708 0.0095758 0.211328)
(0.005528590708 0.0095758 0.26416)
(0.005528590708 0.0095758 0.316992)
(0.005528590708 0.0095758 0.369824)
(0.005528590708 0.0095758 0.422656)
(0.005528590708 0.0095758 0.475488)
(0.005528590708 0.0095758 0.52832)
(0.005528590708 0.0095758 0.581152)
(0.005528590708 0.0095758 0.633984)
(0.005528590708 0.0095758 0.686816)
(0.005528590708 0.0095758 0.739648)
(0.005528590708 0.0095758 0.79248)
(0.005528590708 0.0095758 0.845312)
(0.005528590708 0.0095758 0.898144)
(0.005528590708 0.0095758 0.950976)
(0.005528590708 0.0095758 1.003808)
(0.005528590708 0.0095758 1.05664)
(0.005528590708 0.0095758 1.109472)
(0.005528590708 0.0095758 1.162304)
(0.005528590708 0.0095758 1.215136)
(0.005528590708 0.0095758 1.267968)
(0.005528590708 0.0095758 1.3208)
(-0.005528590708 0.0095758 0.052832)
(-0.005528590708 0.0095758 0.105664)
(-0.005528590708 0.0095758 0.158496)
(-0.005528590708 0.0095758 0.211328)
(-0.005528590708 0.0095758 0.26416)
(-0.005528590708 0.0095758 0.316992)
(-0.005528590708 0.0095758 0.369824)
(-0.005528590708 0.0095758 0.422656)
(-0.005528590708 0.0095758 0.475488)
(-0.005528590708 0.0095758 0.52832)
(-0.005528590708 0.0095758 0.581152)
(-0.005528590708 0.0095758 0.633984)
(-0.005528590708 0.0095758 0.686816)
(-0.005528590708 0.0095758 0.739648)
(-0.005528590708 0.0095758 0.79248)
(-0.005528590708 0.0095758 0.845312)
(-0.005528590708 0.0095758 0.898144)
(-0.005528590708 0.0095758 0.950976)
(-0.005528590708 0.0095758 1.003808)
(-0.005528590708 0.0095758 1.05664)
(-0.005528590708 0.0095758 1.109472)
(-0.005528590708 0.0095758 1.162304)
(-0.005528590708 0.0095758 1.215136)
(-0.005528590708 0.0095758 1.267968)
(-0.005528590708 0.0095758 1.3208)
(-0.01105718142 1.354114183e-18 0.052832)
(-0.01105718142 1.354114183e-18 0.105664)
(-0.01105718142 1.354114183e-18 0.158496)
(-0.01105718142 1.354114183e-18 0.211328)
(-0.01105718142 1.354114183e-18 0.26416)
(-0.01105718142 1.354114183e-18 0.316992)
(-0.01105718142 1.354114183e-18 0.369824)
(-0.01105718142 1.354114183e-18 0.422656)
(-0.01105718142 1.354114183e-18 0.475488)
(-0.01105718142 1.354114183e-18 0.52832)
(-0.01105718142 1.354114183e-18 0.581152)
(-0.01105718142 1.354114183e-18 0.633984)
(-0.01105718142 1.354114183e-18 0.686816)
(-0.01105718142 1.354114183e-18 0.739648)
(-0.01105718142 1.354114183e-18 0.79248)
(-0.01105718142 1.354114183e-18 0.845312)
(-0.01105718142 1.354114183e-18 0.898144)
(-0.01105718142 1.354114183e-18 0.950976)
(-0.01105718142 1.354114183e-18 1.003808)
(-0.01105718142 1.354114183e-18 1.05664)
(-0.01105718142 1.354114183e-18 1.109472)
(-0.01105718142 1.354114183e-18 1.162304)
(-0.01105718142 1.354114183e-18 1.215136)
(-0.01105718142 1.354114183e-18 1.267968)
(-0.01105718142 1.354114183e-18 1.3208)
(-0.005528590708 -0.0095758 0.052832)
(-0.005528590708 -0.0095758 0.105664)
(-0.005528590708 -0.0095758 0.158496)
(-0.005528590708 -0.0095758 0.211328)
(-0.005528590708 -0.0095758 0.26416)
(-0.005528590708 -0.0095758 0.316992)
(-0.005528590708 -0.0095758 0.369824)
(-0.005528590708 -0.0095758 0.422656)
(-0.005528590708 -0.0095758 0.475488)
(-0.005528590708 -0.0095758 0.52832)
(-0.005528590708 -0.0095758 0.581152)
(-0.005528590708 -0.0095758 0.633984)
(-0.005528590708 -0.0095758 0.686816)
(-0.005528590708 -0.0095758 0.739648)
(-0.005528590708 -0.0095758 0.79248)
(-0.005528590708 -0.0095758 0.845312)
(-0.005528590708 -0.0095758 0.898144)
(-0.005528590708 -0.0095758 0.950976)
(-0.005528590708 -0.0095758 1.003808)
(-0.005528590708 -0.0095758 1.05664)
(-0.005528590708 -0.0095758 1.109472)
(-0.005528590708 -0.0095758 1.162304)
(-0.005528590708 -0.0095758 1.215136)
(-0.005528590708 -0.0095758 1.267968)
(-0.005528590708 -0.0095758 1.3208)
(0.005528590708 -0.0095758 0.052832)
(0.005528590708 -0.0095758 0.105664)
(0.005528590708 -0.0095758 0.158496)
(0.005528590708 -0.0095758 0.211328)
(0.005528590708 -0.0095758 0.26416)
(0.005528590708 -0.0095758 0.316992)
(0.005528590708 -0.0095758 0.369824)
(0.005528590708 -0.0095758 0.422656)
(0.005528590708 -0.0095758 0.475488)
(0.005528590708 -0.0095758 0.52832)
(0.005528590708 -0.0095758 0.581152)
(0.005528590708 -0.0095758 0.633984)
(0.005528590708 -0.0095758 0.686816)
(0.005528590708 -0.0095758 0.739648)
(0.005528590708 -0.0095758 0.79248)
(0.005528590708 -0.0095758 0.845312)
(0.005528590708 -0.0095758 0.898144)
(0.005528590708 -0.0095758 0.950976)
(0.005528590708 -0.0095758 1.003808)
(0.005528590708 -0.0095758 1.05664)
(0.005528590708 -0.0095758 1.109472)
(0.005528590708 -0.0095758 1.162304)
(0.005528590708 -0.0095758 1.215136)
(0.005528590708 -0.0095758 1.267968)
(0.005528590708 -0.0095758 1.3208)
(0.02764295354 0.0095758 0)
(0.02211436283 0.0191516 0)
(0.01105718142 0.0191516 0)
(0.02211436283 -5.551115123e-18 0)
(0.02211436283 0.0191516 0.052832)
(0.02764295354 0.0095758 0.052832)
(0.02211436283 0.0191516 0.105664)
(0.02764295354 0.0095758 0.105664)
(0.02211436283 0.0191516 0.158496)
(0.02764295354 0.0095758 0.158496)
(0.02211436283 0.0191516 0.211328)
(0.02764295354 0.0095758 0.211328)
(0.02211436283 0.0191516 0.26416)
(0.02764295354 0.0095758 0.26416)
(0.02211436283 0.0191516 0.316992)
(0.02764295354 0.0095758 0.316992)
(0.02211436283 0.0191516 0.369824)
(0.02764295354 0.0095758 0.369824)
(0.02211436283 0.0191516 0.422656)
(0.02764295354 0.0095758 0.422656)
(0.02211436283 0.0191516 0.475488)
(0.02764295354 0.0095758 0.475488)
(0.02211436283 0.0191516 0.52832)
(0.02764295354 0.0095758 0.52832)
(0.02211436283 0.0191516 0.581152)
(0.02764295354 0.0095758 0.581152)
(0.02211436283 0.0191516 0.633984)
(0.02764295354 0.0095758 0.633984)
(0.02211436283 0.0191516 0.686816)
(0.02764295354 0.0095758 0.686816)
(0.02211436283 0.0191516 0.739648)
(0.02764295354 0.0095758 0.739648)
(0.02211436283 0.0191516 0.79248)
(0.02764295354 0.0095758 0.79248)
(0.02211436283 0.0191516 0.845312)
(0.02764295354 0.0095758 0.845312)
(0.02211436283 0.0191516 0.898144)
(0.02764295354 0.0095758 0.898144)
(0.02211436283 0.0191516 0.950976)
(0.02764295354 0.0095758 0.950976)
(0.02211436283 0.0191516 1.003808)
(0.02764295354 0.0095758 1.003808)
(0.02211436283 0.0191516 1.05664)
(0.02764295354 0.0095758 1.05664)
(0.02211436283 0.0191516 1.109472)
(0.02764295354 0.0095758 1.109472)
(0.02211436283 0.0191516 1.162304)
(0.02764295354 0.0095758 1.162304)
(0.02211436283 0.0191516 1.215136)
(0.02764295354 0.0095758 1.215136)
(0.02211436283 0.0191516 1.267968)
(0.02764295354 0.0095758 1.267968)
(0.02211436283 0.0191516 1.3208)
(0.02764295354 0.0095758 1.3208)
(0.01105718142 0.0191516 0.052832)
(0.01105718142 0.0191516 0.105664)
(0.01105718142 0.0191516 0.158496)
(0.01105718142 0.0191516 0.211328)
(0.01105718142 0.0191516 0.26416)
(0.01105718142 0.0191516 0.316992)
(0.01105718142 0.0191516 0.369824)
(0.01105718142 0.0191516 0.422656)
(0.01105718142 0.0191516 0.475488)
(0.01105718142 0.0191516 0.52832)
(0.01105718142 0.0191516 0.581152)
(0.01105718142 0.0191516 0.633984)
(0.01105718142 0.0191516 0.686816)
(0.01105718142 0.0191516 0.739648)
(0.01105718142 0.0191516 0.79248)
(0.01105718142 0.0191516 0.845312)
(0.01105718142 0.0191516 0.898144)
(0.01105718142 0.0191516 0.950976)
(0.01105718142 0.0191516 1.003808)
(0.01105718142 0.0191516 1.05664)
(0.01105718142 0.0191516 1.109472)
(0.01105718142 0.0191516 1.162304)
(0.01105718142 0.0191516 1.215136)
(0.01105718142 0.0191516 1.267968)
(0.01105718142 0.0191516 1.3208)
(0.02211436283 -5.551115123e-18 0.052832)
(0.02211436283 -5.551115123e-18 0.105664)
(0.02211436283 -5.551115123e-18 0.158496)
(0.02211436283 -5.551115123e-18 0.211328)
(0.02211436283 -5.551115123e-18 0.26416)
(0.02211436283 -5.551115123e-18 0.316992)
(0.02211436283 -5.551115123e-18 0.369824)
(0.02211436283 -5.551115123e-18 0.422656)
(0.02211436283 -5.551115123e-18 0.475488)
(0.02211436283 -5.551115123e-18 0.52832)
(0.02211436283 -5.551115123e-18 0.581152)
(0.02211436283 -5.551115123e-18 0.633984)
(0.02211436283 -5.551115123e-18 0.686816)
(0.02211436283 -5.551115123e-18 0.739648)
(0.02211436283 -5.551115123e-18 0.79248)
(0.02211436283 -5.551115123e-18 0.845312)
(0.02211436283 -5.551115123e-18 0.898144)
(0.02211436283 -5.551115123e-18 0.950976)
(0.02211436283 -5.551115123e-18 1.003808)
(0.02211436283 -5.551115123e-18 1.05664)
(0.02211436283 -5.551115123e-18 1.109472)
(0.02211436283 -5.551115123e-18 1.162304)
(0.02211436283 -5.551115123e-18 1.215136)
(0.02211436283 -5.551115123e-18 1.267968)
(0.02211436283 -5.551115123e-18 1.3208)
(0.005528590708 0.0287274 0)
(-0.005528590708 0.0287274 0)
(-0.01105718142 0.0191516 0)
(0.005528590708 0.0287274 0.052832)
(0.005528590708 0.0287274 0.105664)
(0.005528590708 0.0287274 0.158496)
(0.005528590708 0.0287274 0.211328)
(0.005528590708 0.0287274 0.26416)
(0.005528590708 0.0287274 0.316992)
(0.005528590708 0.0287274 0.369824)
(0.005528590708 0.0287274 0.422656)
(0.005528590708 0.0287274 0.475488)
(0.005528590708 0.0287274 0.52832)
(0.005528590708 0.0287274 0.581152)
(0.005528590708 0.0287274 0.633984)
(0.005528590708 0.0287274 0.686816)
(0.005528590708 0.0287274 0.739648)
(0.005528590708 0.0287274 0.79248)
(0.005528590708 0.0287274 0.845312)
(0.005528590708 0.0287274 0.898144)
(0.005528590708 0.0287274 0.950976)
(0.005528590708 0.0287274 1.003808)
(0.005528590708 0.0287274 1.05664)
(0.005528590708 0.0287274 1.109472)
(0.005528590708 0.0287274 1.162304)
(0.005528590708 0.0287274 1.215136)
(0.005528590708 0.0287274 1.267968)
(0.005528590708 0.0287274 1.3208)
(-0.005528590708 0.0287274 0.052832)
(-0.005528590708 0.0287274 0.105664)
(-0.005528590708 0.0287274 0.158496)
(-0.005528590708 0.0287274 0.211328)
(-0.005528590708 0.0287274 0.26416)
(-0.005528590708 0.0287274 0.316992)
(-0.005528590708 0.0287274 0.369824)
(-0.005528590708 0.0287274 0.422656)
(-0.005528590708 0.0287274 0.475488)
(-0.005528590708 0.0287274 0.52832)
(-0.005528590708 0.0287274 0.581152)
(-0.005528590708 0.0287274 0.633984)
(-0.005528590708 0.0287274 0.686816)
(-0.005528590708 0.0287274 0.739648)
(-0.005528590708 0.0287274 0.79248)
(-0.005528590708 0.0287274 0.845312)
(-0.005528590708 0.0287274 0.898144)
(-0.005528590708 0.0287274 0.950976)
(-0.005528590708 0.0287274 1.003808)
(-0.005528590708 0.0287274 1.05664)
(-0.005528590708 0.0287274 1.109472)
(-0.005528590708 0.0287274 1.162304)
(-0.005528590708 0.0287274 1.215136)
(-0.005528590708 0.0287274 1.267968)
(-0.005528590708 0.0287274 1.3208)
(-0.01105718142 0.0191516 0.052832)
(-0.01105718142 0.0191516 0.105664)
(-0.01105718142 0.0191516 0.158496)
(-0.01105718142 0.0191516 0.211328)
(-0.01105718142 0.0191516 0.26416)
(-0.01105718142 0.0191516 0.316992)
(-0.01105718142 0.0191516 0.369824)
(-0.01105718142 0.0191516 0.422656)
(-0.01105718142 0.0191516 0.475488)
(-0.01105718142 0.0191516 0.52832)
(-0.01105718142 0.0191516 0.581152)
(-0.01105718142 0.0191516 0.633984)
(-0.01105718142 0.0191516 0.686816)
(-0.01105718142 0.0191516 0.739648)
(-0.01105718142 0.0191516 0.79248)
(-0.01105718142 0.0191516 0.845312)
(-0.01105718142 0.0191516 0.898144)
(-0.01105718142 0.0191516 0.950976)
(-0.01105718142 0.0191516 1.003808)
(-0.01105718142 0.0191516 1.05664)
(-0.01105718142 0.0191516 1.109472)
(-0.01105718142 0.0191516 1.162304)
(-0.01105718142 0.0191516 1.215136)
(-0.01105718142 0.0191516 1.267968)
(-0.01105718142 0.0191516 1.3208)
(-0.02211436283 0.0191516 0)
(-0.02764295354 0.0095758 0)
(-0.02211436283 8.881784197e-18 0)
(-0.02211436283 0.0191516 0.052832)
(-0.02211436283 0.0191516 0.105664)
(-0.02211436283 0.0191516 0.158496)
(-0.02211436283 0.0191516 0.211328)
(-0.02211436283 0.0191516 0.26416)
(-0.02211436283 0.0191516 0.316992)
(-0.02211436283 0.0191516 0.369824)
(-0.02211436283 0.0191516 0.422656)
(-0.02211436283 0.0191516 0.475488)
(-0.02211436283 0.0191516 0.52832)
(-0.02211436283 0.0191516 0.581152)
(-0.02211436283 0.0191516 0.633984)
(-0.02211436283 0.0191516 0.686816)
(-0.02211436283 0.0191516 0.739648)
(-0.02211436283 0.0191516 0.79248)
(-0.02211436283 0.0191516 0.845312)
(-0.02211436283 0.0191516 0.898144)
(-0.02211436283 0.0191516 0.950976)
(-0.02211436283 0.0191516 1.003808)
(-0.02211436283 0.0191516 1.05664)
(-0.02211436283 0.0191516 1.109472)
(-0.02211436283 0.0191516 1.162304)
(-0.02211436283 0.0191516 1.215136)
(-0.02211436283 0.0191516 1.267968)
(-0.02211436283 0.0191516 1.3208)
(-0.02764295354 0.0095758 0.052832)
(-0.02764295354 0.0095758 0.105664)
(-0.02764295354 0.0095758 0.158496)
(-0.02764295354 0.0095758 0.211328)
(-0.02764295354 0.0095758 0.26416)
(-0.02764295354 0.0095758 0.316992)
(-0.02764295354 0.0095758 0.369824)
(-0.02764295354 0.0095758 0.422656)
(-0.02764295354 0.0095758 0.475488)
(-0.02764295354 0.0095758 0.52832)
(-0.02764295354 0.0095758 0.581152)
(-0.02764295354 0.0095758 0.633984)
(-0.02764295354 0.0095758 0.686816)
(-0.02764295354 0.0095758 0.739648)
(-0.02764295354 0.0095758 0.79248)
(-0.02764295354 0.0095758 0.845312)
(-0.02764295354 0.0095758 0.898144)
(-0.02764295354 0.0095758 0.950976)
(-0.02764295354 0.0095758 1.003808)
(-0.02764295354 0.0095758 1.05664)
(-0.02764295354 0.0095758 1.109472)
(-0.02764295354 0.0095758 1.162304)
(-0.02764295354 0.0095758 1.215136)
(-0.02764295354 0.0095758 1.267968)
(-0.02764295354 0.0095758 1.3208)
(-0.02211436283 8.881784197e-18 0.052832)
(-0.02211436283 8.881784197e-18 0.105664)
(-0.02211436283 8.881784197e-18 0.158496)
(-0.02211436283 8.881784197e-18 0.211328)
(-0.02211436283 8.881784197e-18 0.26416)
(-0.02211436283 8.881784197e-18 0.316992)
(-0.02211436283 8.881784197e-18 0.369824)
(-0.02211436283 8.881784197e-18 0.422656)
(-0.02211436283 8.881784197e-18 0.475488)
(-0.02211436283 8.881784197e-18 0.52832)
(-0.02211436283 8.881784197e-18 0.581152)
(-0.02211436283 8.881784197e-18 0.633984)
(-0.02211436283 8.881784197e-18 0.686816)
(-0.02211436283 8.881784197e-18 0.739648)
(-0.02211436283 8.881784197e-18 0.79248)
(-0.02211436283 8.881784197e-18 0.845312)
(-0.02211436283 8.881784197e-18 0.898144)
(-0.02211436283 8.881784197e-18 0.950976)
(-0.02211436283 8.881784197e-18 1.003808)
(-0.02211436283 8.881784197e-18 1.05664)
(-0.02211436283 8.881784197e-18 1.109472)
(-0.02211436283 8.881784197e-18 1.162304)
(-0.02211436283 8.881784197e-18 1.215136)
(-0.02211436283 8.881784197e-18 1.267968)
(-0.02211436283 8.881784197e-18 1.3208)
(-0.02764295354 -0.0095758 0)
(-0.02211436283 -0.0191516 0)
(-0.01105718142 -0.0191516 0)
(-0.02764295354 -0.0095758 0.052832)
(-0.02764295354 -0.0095758 0.105664)
(-0.02764295354 -0.0095758 0.158496)
(-0.02764295354 -0.0095758 0.211328)
(-0.02764295354 -0.0095758 0.26416)
(-0.02764295354 -0.0095758 0.316992)
(-0.02764295354 -0.0095758 0.369824)
(-0.02764295354 -0.0095758 0.422656)
(-0.02764295354 -0.0095758 0.475488)
(-0.02764295354 -0.0095758 0.52832)
(-0.02764295354 -0.0095758 0.581152)
(-0.02764295354 -0.0095758 0.633984)
(-0.02764295354 -0.0095758 0.686816)
(-0.02764295354 -0.0095758 0.739648)
(-0.02764295354 -0.0095758 0.79248)
(-0.02764295354 -0.0095758 0.845312)
(-0.02764295354 -0.0095758 0.898144)
(-0.02764295354 -0.0095758 0.950976)
(-0.02764295354 -0.0095758 1.003808)
(-0.02764295354 -0.0095758 1.05664)
(-0.02764295354 -0.0095758 1.109472)
(-0.02764295354 -0.0095758 1.162304)
(-0.02764295354 -0.0095758 1.215136)
(-0.02764295354 -0.0095758 1.267968)
(-0.02764295354 -0.0095758 1.3208)
(-0.02211436283 -0.0191516 0.052832)
(-0.02211436283 -0.0191516 0.105664)
(-0.02211436283 -0.0191516 0.158496)
(-0.02211436283 -0.0191516 0.211328)
(-0.02211436283 -0.0191516 0.26416)
(-0.02211436283 -0.0191516 0.316992)
(-0.02211436283 -0.0191516 0.369824)
(-0.02211436283 -0.0191516 0.422656)
(-0.02211436283 -0.0191516 0.475488)
(-0.02211436283 -0.0191516 0.52832)
(-0.02211436283 -0.0191516 0.581152)
(-0.02211436283 -0.0191516 0.633984)
(-0.02211436283 -0.0191516 0.686816)
(-0.02211436283 -0.0191516 0.739648)
(-0.02211436283 -0.0191516 0.79248)
(-0.02211436283 -0.0191516 0.845312)
(-0.02211436283 -0.0191516 0.898144)
(-0.02211436283 -0.0191516 0.950976)
(-0.02211436283 -0.0191516 1.003808)
(-0.02211436283 -0.0191516 1.05664)
(-0.02211436283 -0.0191516 1.109472)
(-0.02211436283 -0.0191516 1.162304)
(-0.02211436283 -0.0191516 1.215136)
(-0.02211436283 -0.0191516 1.267968)
(-0.02211436283 -0.0191516 1.3208)
(-0.01105718142 -0.0191516 0.052832)
(-0.01105718142 -0.0191516 0.105664)
(-0.01105718142 -0.0191516 0.158496)
(-0.01105718142 -0.0191516 0.211328)
(-0.01105718142 -0.0191516 0.26416)
(-0.01105718142 -0.0191516 0.316992)
(-0.01105718142 -0.0191516 0.369824)
(-0.01105718142 -0.0191516 0.422656)
(-0.01105718142 -0.0191516 0.475488)
(-0.01105718142 -0.0191516 0.52832)
(-0.01105718142 -0.0191516 0.581152)
(-0.01105718142 -0.0191516 0.633984)
(-0.01105718142 -0.0191516 0.686816)
(-0.01105718142 -0.0191516 0.739648)
(-0.01105718142 -0.0191516 0.79248)
(-0.01105718142 -0.0191516 0.845312)
(-0.01105718142 -0.0191516 0.898144)
(-0.01105718142 -0.0191516 0.950976)
(-0.01105718142 -0.0191516 1.003808)
(-0.01105718142 -0.0191516 1.05664)
(-0.01105718142 -0.0191516 1.109472)
(-0.01105718142 -0.0191516 1.162304)
(-0.01105718142 -0.0191516 1.215136)
(-0.01105718142 -0.0191516 1.267968)
(-0.01105718142 -0.0191516 1.3208)
(0.01105718142 -0.0191516 0)
(-0.005528590708 -0.0287274 0)
(0.005528590708 -0.0287274 0)
(0.01105718142 -0.0191516 0.052832)
(0.01105718142 -0.0191516 0.105664)
(0.01105718142 -0.0191516 0.158496)
(0.01105718142 -0.0191516 0.211328)
(0.01105718142 -0.0191516 0.26416)
(0.01105718142 -0.0191516 0.316992)
(0.01105718142 -0.0191516 0.369824)
(0.01105718142 -0.0191516 0.422656)
(0.01105718142 -0.0191516 0.475488)
(0.01105718142 -0.0191516 0.52832)
(0.01105718142 -0.0191516 0.581152)
(0.01105718142 -0.0191516 0.633984)
(0.01105718142 -0.0191516 0.686816)
(0.01105718142 -0.0191516 0.739648)
(0.01105718142 -0.0191516 0.79248)
(0.01105718142 -0.0191516 0.845312)
(0.01105718142 -0.0191516 0.898144)
(0.01105718142 -0.0191516 0.950976)
(0.01105718142 -0.0191516 1.003808)
(0.01105718142 -0.0191516 1.05664)
(0.01105718142 -0.0191516 1.109472)
(0.01105718142 -0.0191516 1.162304)
(0.01105718142 -0.0191516 1.215136)
(0.01105718142 -0.0191516 1.267968)
(0.01105718142 -0.0191516 1.3208)
(-0.005528590708 -0.0287274 0.052832)
(-0.005528590708 -0.0287274 0.105664)
(-0.005528590708 -0.0287274 0.158496)
(-0.005528590708 -0.0287274 0.211328)
(-0.005528590708 -0.0287274 0.26416)
(-0.005528590708 -0.0287274 0.316992)
(-0.005528590708 -0.0287274 0.369824)
(-0.005528590708 -0.0287274 0.422656)
(-0.005528590708 -0.0287274 0.475488)
(-0.005528590708 -0.0287274 0.52832)
(-0.005528590708 -0.0287274 0.581152)
(-0.005528590708 -0.0287274 0.633984)
(-0.005528590708 -0.0287274 0.686816)
(-0.005528590708 -0.0287274 0.739648)
(-0.005528590708 -0.0287274 0.79248)
(-0.005528590708 -0.0287274 0.845312)
(-0.005528590708 -0.0287274 0.898144)
(-0.005528590708 -0.0287274 0.950976)
(-0.005528590708 -0.0287274 1.003808)
(-0.005528590708 -0.0287274 1.05664)
(-0.005528590708 -0.0287274 1.109472)
(-0.005528590708 -0.0287274 1.162304)
(-0.005528590708 -0.0287274 1.215136)
(-0.005528590708 -0.0287274 1.267968)
(-0.005528590708 -0.0287274 1.3208)
(0.005528590708 -0.0287274 0.052832)
(0.005528590708 -0.0287274 0.105664)
(0.005528590708 -0.0287274 0.158496)
(0.005528590708 -0.0287274 0.211328)
(0.005528590708 -0.0287274 0.26416)
(0.005528590708 -0.0287274 0.316992)
(0.005528590708 -0.0287274 0.369824)
(0.005528590708 -0.0287274 0.422656)
(0.005528590708 -0.0287274 0.475488)
(0.005528590708 -0.0287274 0.52832)
(0.005528590708 -0.0287274 0.581152)
(0.005528590708 -0.0287274 0.633984)
(0.005528590708 -0.0287274 0.686816)
(0.005528590708 -0.0287274 0.739648)
(0.005528590708 -0.0287274 0.79248)
(0.005528590708 -0.0287274 0.845312)
(0.005528590708 -0.0287274 0.898144)
(0.005528590708 -0.0287274 0.950976)
(0.005528590708 -0.0287274 1.003808)
(0.005528590708 -0.0287274 1.05664)
(0.005528590708 -0.0287274 1.109472)
(0.005528590708 -0.0287274 1.162304)
(0.005528590708 -0.0287274 1.215136)
(0.005528590708 -0.0287274 1.267968)
(0.005528590708 -0.0287274 1.3208)
(0.02764295354 -0.0095758 0)
(0.02211436283 -0.0191516 0)
(0.02764295354 -0.0095758 0.052832)
(0.02764295354 -0.0095758 0.105664)
(0.02764295354 -0.0095758 0.158496)
(0.02764295354 -0.0095758 0.211328)
(0.02764295354 -0.0095758 0.26416)
(0.02764295354 -0.0095758 0.316992)
(0.02764295354 -0.0095758 0.369824)
(0.02764295354 -0.0095758 0.422656)
(0.02764295354 -0.0095758 0.475488)
(0.02764295354 -0.0095758 0.52832)
(0.02764295354 -0.0095758 0.581152)
(0.02764295354 -0.0095758 0.633984)
(0.02764295354 -0.0095758 0.686816)
(0.02764295354 -0.0095758 0.739648)
(0.02764295354 -0.0095758 0.79248)
(0.02764295354 -0.0095758 0.845312)
(0.02764295354 -0.0095758 0.898144)
(0.02764295354 -0.0095758 0.950976)
(0.02764295354 -0.0095758 1.003808)
(0.02764295354 -0.0095758 1.05664)
(0.02764295354 -0.0095758 1.109472)
(0.02764295354 -0.0095758 1.162304)
(0.02764295354 -0.0095758 1.215136)
(0.02764295354 -0.0095758 1.267968)
(0.02764295354 -0.0095758 1.3208)
(0.02211436283 -0.0191516 0.052832)
(0.02211436283 -0.0191516 0.105664)
(0.02211436283 -0.0191516 0.158496)
(0.02211436283 -0.0191516 0.211328)
(0.02211436283 -0.0191516 0.26416)
(0.02211436283 -0.0191516 0.316992)
(0.02211436283 -0.0191516 0.369824)
(0.02211436283 -0.0191516 0.422656)
(0.02211436283 -0.0191516 0.475488)
(0.02211436283 -0.0191516 0.52832)
(0.02211436283 -0.0191516 0.581152)
(0.02211436283 -0.0191516 0.633984)
(0.02211436283 -0.0191516 0.686816)
(0.02211436283 -0.0191516 0.739648)
(0.02211436283 -0.0191516 0.79248)
(0.02211436283 -0.0191516 0.845312)
(0.02211436283 -0.0191516 0.898144)
(0.02211436283 -0.0191516 0.950976)
(0.02211436283 -0.0191516 1.003808)
(0.02211436283 -0.0191516 1.05664)
(0.02211436283 -0.0191516 1.109472)
(0.02211436283 -0.0191516 1.162304)
(0.02211436283 -0.0191516 1.215136)
(0.02211436283 -0.0191516 1.267968)
(0.02211436283 -0.0191516 1.3208)
)


// ************************************************************************* //
