/*--------------------------------*- C++ -*----------------------------------*\
| =========                 |                                                 |
| \\      /  F ield         | OpenFOAM: The Open Source CFD Toolbox           |
|  \\    /   O peration     | Version:  2212                                  |
|   \\  /    A nd           | Website:  www.openfoam.com                      |
|    \\/     M anipulation  |                                                 |
\*---------------------------------------------------------------------------*/
FoamFile
{
    version     2.0;
    format      ascii;
    arch        "LSB;label=32;scalar=64";
    class       surfaceScalarField;
    location    "64/fluidRegion";
    object      alphaRhoPhi;
}
// * * * * * * * * * * * * * * * * * * * * * * * * * * * * * * * * * * * * * //

dimensions      [1 0 -1 0 0 0 0];

oriented        oriented;

internalField   nonuniform List<scalar> 
661
(
-0.00584921
1.39303e-11
-0.00584925
1.58182e-11
-0.00584932
1.20029e-11
-0.00584942
6.6575e-12
-0.00584955
9.52858e-13
-0.00584969
-3.96581e-12
-0.00584982
-7.63418e-12
-0.00584993
-1.0656e-11
-0.00585
-1.35739e-11
-0.00585002
-1.62666e-11
-0.00585
-1.77243e-11
-0.00584995
-1.68813e-11
-0.00584989
-1.27868e-11
-0.00584982
-5.6582e-12
-0.00584976
3.09604e-12
-0.0058497
1.11504e-11
-0.00584964
1.60375e-11
-0.00584959
1.62766e-11
-0.00584954
1.20275e-11
-0.00584952
5.26406e-12
-0.00584952
-1.23799e-12
-0.00584955
-5.47166e-12
-0.00584959
-6.59509e-12
-0.00584962
-3.45019e-12
5.53635e-13
-0.00584921
-0.00584925
-0.00584932
-0.00584942
-0.00584955
-0.00584969
-0.00584982
-0.00584993
-0.00585
-0.00585002
-0.00585
-0.00584995
-0.00584989
-0.00584982
-0.00584976
-0.0058497
-0.00584964
-0.00584959
-0.00584954
-0.00584952
-0.00584952
-0.00584955
-0.00584959
-0.00584962
-0.00939687
6.45876e-07
-0.0093971
3.12331e-07
-0.00939737
3.46811e-07
-0.00939762
3.21917e-07
-0.00939785
3.02573e-07
-0.00939806
2.85627e-07
-0.00939826
2.70795e-07
-0.00939845
2.56467e-07
-0.00939863
2.38696e-07
-0.00939879
2.09812e-07
-0.00939891
1.57608e-07
-0.00939895
6.50985e-08
-0.00939888
-8.4939e-08
-0.00939862
-3.00085e-07
-0.00939812
-5.80717e-07
-0.00939731
-9.08077e-07
-0.00939617
-1.25602e-06
-0.00939469
-1.60779e-06
-0.00939285
-1.97483e-06
-0.00939058
-2.407e-06
-0.00938772
-2.99657e-06
-0.00938401
-3.841e-06
-0.00937917
-4.97199e-06
-0.00937343
-5.87385e-06
-7.18911e-06
-0.00931263
-1.89257e-08
-1.62983e-08
-0.00931218
-8.24567e-08
-8.16741e-08
-0.0093117
-8.03678e-08
-7.92124e-08
-0.00931127
-7.19926e-08
-7.06315e-08
-0.00931086
-6.50047e-08
-6.3364e-08
-0.00931049
-5.85614e-08
-5.66178e-08
-0.00931014
-5.26044e-08
-5.03126e-08
-0.00930982
-4.67088e-08
-4.39474e-08
-0.00930952
-3.97841e-08
-3.64528e-08
-0.00930928
-2.96387e-08
-2.56275e-08
-0.00930911
-1.25632e-08
-7.64027e-09
-0.00930909
1.64439e-08
2.2615e-08
-0.0093093
6.18674e-08
6.9867e-08
-0.00930986
1.31136e-07
1.41672e-07
-0.00931087
2.22097e-07
2.36327e-07
-0.00931242
3.30437e-07
3.50215e-07
-0.00931456
4.48151e-07
4.76344e-07
-0.0093173
5.69912e-07
6.11063e-07
-0.00932068
6.99434e-07
7.6052e-07
-0.00932482
8.53585e-07
9.44749e-07
-0.00932999
1.06166e-06
1.19668e-06
-0.00933663
1.35118e-06
1.54092e-06
-0.00934514
1.70104e-06
1.95274e-06
-0.0093548
1.82065e-06
2.09711e-06
1.79101e-06
1.98632e-06
-0.00941068
3.17009e-07
-0.009411
3.04385e-07
-0.00941133
3.00177e-07
-0.00941162
2.75478e-07
-0.00941189
2.54296e-07
-0.00941213
2.35315e-07
-0.00941235
2.1796e-07
-0.00941256
2.00303e-07
-0.00941273
1.77766e-07
-0.00941288
1.41778e-07
-0.00941295
7.8806e-08
-0.00941291
-2.8392e-08
-0.00941268
-1.97595e-07
-0.00941217
-4.38434e-07
-0.00941129
-7.48549e-07
-0.00940996
-1.10763e-06
-0.00940815
-1.48852e-06
-0.00940583
-1.87579e-06
-0.00940297
-2.28498e-06
-0.00939946
-2.77212e-06
-0.00939507
-3.43087e-06
-0.00938943
-4.35328e-06
-0.00938224
-5.47807e-06
-0.00937421
-6.14713e-06
-6.40933e-06
-0.00933152
1.21164e-09
-0.00933125
-4.39259e-10
-0.00933098
-3.75539e-10
-0.00933074
-4.2574e-10
-0.00933052
-4.05817e-10
-0.00933031
-3.81699e-10
-0.00933012
-3.76083e-10
-0.00932994
-3.02816e-10
-0.00932979
-2.01506e-10
-0.00932966
-7.42271e-11
-0.0093296
1.83613e-10
-0.00932962
5.68754e-10
-0.0093298
1.13891e-09
-0.00933021
1.90321e-09
-0.00933091
2.93888e-09
-0.00933195
4.38548e-09
-0.00933337
6.54499e-09
-0.00933517
9.86029e-09
-0.00933739
1.46018e-08
-0.00934009
2.14458e-08
-0.00934345
3.10048e-08
-0.00934776
4.21936e-08
-0.00935322
5.33349e-08
-0.00935939
5.76409e-08
4.71711e-08
-0.00933153
-3.14462e-07
-0.00933126
-3.05419e-07
-0.009331
-3.00975e-07
-0.00933075
-2.76389e-07
-0.00933053
-2.5521e-07
-0.00933032
-2.36244e-07
-0.00933013
-2.18921e-07
-0.00932995
-2.01204e-07
-0.0093298
-1.78577e-07
-0.00932968
-1.42456e-07
-0.00932961
-7.91723e-08
-0.00932963
2.85122e-08
-0.00932982
1.98431e-07
-0.00933022
4.40212e-07
-0.00933092
7.51598e-07
-0.00933196
1.11249e-06
-0.00933338
1.49626e-06
-0.00933518
1.8882e-06
-0.0093374
2.30466e-06
-0.0093401
2.80338e-06
-0.00934346
3.48048e-06
-0.00934777
4.42855e-06
-0.00935323
5.58766e-06
-0.0093594
6.28388e-06
6.54909e-06
-0.00941068
1.67552e-08
-0.00941101
8.22716e-08
-0.00941133
7.98839e-08
-0.00941162
7.13938e-08
-0.00941189
6.42907e-08
-0.00941213
5.76909e-08
-0.00941236
5.15255e-08
-0.00941256
4.53773e-08
-0.00941274
3.81042e-08
-0.00941288
2.75036e-08
-0.00941295
9.85697e-09
-0.00941291
-1.98996e-08
-0.00941268
-6.63793e-08
-0.00941217
-1.37129e-07
-0.00941129
-2.30232e-07
-0.00940996
-3.4165e-07
-0.00940815
-4.63782e-07
-0.00940583
-5.91721e-07
-0.00940296
-7.30085e-07
-0.00939945
-8.9588e-07
-0.00939505
-1.11858e-06
-0.00938941
-1.42352e-06
-0.00938222
-1.78562e-06
-0.00937419
-1.90056e-06
-1.81402e-06
-0.00931263
-6.45948e-07
-1.81519e-08
-0.00931218
-3.12473e-07
-8.1392e-08
-0.0093117
-3.4701e-07
-7.90965e-08
-0.00931127
-3.22154e-07
-7.0508e-08
-0.00931086
-3.02809e-07
-6.33103e-08
-0.00931049
-2.85881e-07
-5.66436e-08
-0.00931014
-2.71079e-07
-5.04254e-08
-0.00930982
-2.56762e-07
-4.42286e-08
-0.00930952
-2.39025e-07
-3.69516e-08
-0.00930928
-2.10177e-07
-2.64077e-08
-0.00930911
-1.57934e-07
-8.91603e-09
-0.00930909
-6.53336e-08
2.0637e-08
-0.0093093
8.48939e-08
6.6788e-08
-0.00930986
3.00363e-07
1.36984e-07
-0.00931087
5.8161e-07
2.29142e-07
-0.00931242
9.10275e-07
3.38941e-07
-0.00931456
1.26096e-06
4.58027e-07
-0.0093173
1.61859e-06
5.80275e-07
-0.00932068
1.99743e-06
7.07626e-07
-0.00932482
2.45376e-06
8.52796e-07
-0.00932999
3.09192e-06
1.03544e-06
-0.00933663
4.02485e-06
1.26839e-06
-0.00934514
5.30864e-06
1.51655e-06
-0.0093548
6.39067e-06
1.50265e-06
7.83872e-06
1.39091e-06
-0.00939687
-0.0093971
-0.00939737
-0.00939762
-0.00939785
-0.00939806
-0.00939826
-0.00939845
-0.00939863
-0.00939879
-0.00939891
-0.00939895
-0.00939888
-0.00939862
-0.00939812
-0.00939731
-0.00939617
-0.00939469
-0.00939285
-0.00939057
-0.00938771
-0.00938401
-0.00937916
-0.00937342
-0.00933152
-3.18032e-07
1.85544e-09
-0.00933125
-3.05726e-07
4.18312e-10
-0.00933098
-3.01777e-07
6.65866e-10
-0.00933074
-2.77335e-07
8.05907e-10
-0.00933052
-2.56374e-07
9.37835e-10
-0.00933031
-2.37659e-07
1.10922e-09
-0.00933012
-2.20633e-07
1.34428e-09
-0.00932994
-2.03322e-07
1.61446e-09
-0.00932979
-1.81197e-07
1.9772e-09
-0.00932966
-1.45689e-07
2.45738e-09
-0.0093296
-8.32375e-08
3.10752e-09
-0.00932962
2.32901e-08
3.92236e-09
-0.0093298
1.91529e-07
5.16163e-09
-0.00933021
4.30918e-07
6.9948e-09
-0.00933091
7.3867e-07
9.86287e-09
-0.00933195
1.09383e-06
1.44959e-08
-0.00933337
1.46809e-06
2.21013e-08
-0.00933517
1.84385e-06
3.49398e-08
-0.00933738
2.23188e-06
5.74361e-08
-0.00934009
2.68077e-06
9.67669e-08
-0.00934345
3.2679e-06
1.6527e-07
-0.00934776
4.06587e-06
2.75523e-07
-0.00935323
4.99198e-06
4.39974e-07
-0.00935939
5.42881e-06
5.96531e-07
5.65027e-06
5.94215e-07
-0.00941068
-0.009411
-0.00941133
-0.00941162
-0.00941189
-0.00941213
-0.00941235
-0.00941256
-0.00941273
-0.00941288
-0.00941295
-0.00941291
-0.00941268
-0.00941217
-0.00941129
-0.00940996
-0.00940815
-0.00940583
-0.00940297
-0.00939946
-0.00939507
-0.00938943
-0.00938225
-0.00937423
-0.00941068
3.14083e-07
-0.00941101
3.04959e-07
-0.00941133
3.00406e-07
-0.00941162
2.75719e-07
-0.00941189
2.5451e-07
-0.00941213
2.35471e-07
-0.00941236
2.18023e-07
-0.00941256
2.00218e-07
-0.00941274
1.77457e-07
-0.00941288
1.41167e-07
-0.00941295
7.77453e-08
-0.00941291
-3.00845e-08
-0.00941268
-2.00209e-07
-0.00941217
-4.42329e-07
-0.00941129
-7.54275e-07
-0.00940996
-1.11592e-06
-0.00940815
-1.50047e-06
-0.00940583
-1.89243e-06
-0.00940296
-2.30713e-06
-0.00939945
-2.79745e-06
-0.00939505
-3.45276e-06
-0.00938941
-4.35128e-06
-0.00938222
-5.41167e-06
-0.00937419
-5.96723e-06
-6.07487e-06
-0.00933153
-0.00933126
-0.009331
-0.00933075
-0.00933053
-0.00933032
-0.00933013
-0.00932995
-0.0093298
-0.00932968
-0.00932961
-0.00932963
-0.00932982
-0.00933022
-0.00933092
-0.00933196
-0.00933338
-0.00933518
-0.00933739
-0.00934009
-0.00934346
-0.00934776
-0.00935323
-0.00935941
)
;

boundaryField
{
    outletCentralUnloaded
    {
        type            calculated;
        value           nonuniform List<scalar> 2(0.00584919 0.00584919);
    }
    inletCentralUnloaded
    {
        type            calculated;
        value           nonuniform List<scalar> 2(-0.00587369 -0.00587369);
    }
    outletFuelElement
    {
        type            calculated;
        value           nonuniform List<scalar> 
12
(
0.0093963
0.00931328
0.0094104
0.0093318
0.00933181
0.00941041
0.00931328
0.0093963
0.0093318
0.0094104
0.00941041
0.00933181
)
;
    }
    inletFuelElement
    {
        type            calculated;
        value           nonuniform List<scalar> 
12
(
-0.00953881
-0.00953882
-0.00953881
-0.00953881
-0.00953882
-0.00953881
-0.00953882
-0.00953881
-0.00953881
-0.00953881
-0.00953881
-0.00953882
)
;
    }
    defaultFaces
    {
        type            calculated;
        value           nonuniform List<scalar> 
450
(
3.97429e-24
-1.99786e-23
0
1.10168e-23
-5.94721e-24
0
1.48493e-23
3.30876e-24
0
-2.31447e-23
-9.83759e-24
0
-7.77393e-24
-2.16322e-23
0
-2.16714e-23
-6.31035e-24
0
-1.56175e-23
-7.93867e-24
0
-1.41071e-23
-6.49667e-24
0
-1.08337e-23
-5.99346e-24
0
-1.22676e-23
-3.44636e-24
0
-1.08406e-23
-5.54975e-24
0
-3.96231e-24
-8.43593e-25
0
6.20521e-24
1.93527e-24
0
1.9397e-23
9.577e-24
0
3.65478e-23
6.71714e-24
0
6.94455e-23
2.27241e-23
0
7.34921e-23
-4.01222e-23
0
1.23509e-22
3.77052e-23
0
8.8975e-23
-1.20075e-22
0
-5.44532e-23
-7.31487e-23
0
-1.29567e-22
-1.11513e-22
0
1.3063e-22
-7.95943e-23
0
-2.10763e-22
7.14691e-23
0
-1.56287e-22
-2.95769e-23
0
-2.20016e-22
-3.30345e-22
0
1.48084e-23
0
1.13098e-23
0
-3.86395e-24
0
7.97224e-24
0
-2.06967e-24
0
8.65521e-24
0
4.55637e-24
0
9.66574e-24
0
-3.87507e-24
0
5.57094e-24
0
1.51569e-24
0
-8.33208e-25
0
-1.85289e-24
0
-2.08607e-23
0
-1.90488e-23
0
-3.3112e-23
0
7.80344e-23
0
-6.24451e-23
0
3.8262e-23
0
-9.59953e-23
0
-6.18007e-23
0
1.63556e-22
0
-5.53461e-23
0
-2.25001e-22
0
-2.88276e-22
0
-7.29825e-24
-3.71547e-24
3.80765e-24
-7.85513e-24
4.07807e-24
-4.26311e-24
-4.48803e-24
-4.75996e-24
7.63261e-24
-2.74305e-24
-1.49254e-24
8.20477e-25
3.64936e-24
8.21835e-24
1.87661e-23
4.35113e-23
-5.12997e-23
3.08108e-23
-3.77916e-23
0
0
-1.62231e-22
-1.10036e-22
0
0
0
0
0
0
0
0
0
0
0
0
0
0
0
0
0
0
0
0
0
0
0
0
0
0
0
-7.40419e-24
7.40419e-24
7.53986e-24
3.76993e-24
1.15919e-23
2.31837e-23
-7.97224e-24
-7.97224e-24
1.03483e-23
-6.20899e-24
-6.4914e-24
-4.3276e-24
-4.55636e-24
-6.83455e-24
-4.83286e-24
-2.41643e-24
1.16252e-23
-5.16675e-24
-4.1782e-24
-2.78547e-24
-2.65246e-24
-1.51569e-24
1.66641e-24
4.16604e-25
3.70578e-24
3.70578e-24
2.08606e-23
1.25164e-23
1.90488e-23
1.90488e-23
4.41492e-23
2.20746e-23
-3.90171e-23
6.50286e-23
6.2445e-23
4.68337e-23
-1.14786e-22
1.14786e-22
-1.43993e-22
-9.59951e-23
-6.18006e-23
-1.23601e-22
-2.04444e-22
2.04444e-22
-1.10692e-22
-1.66038e-22
7.50005e-23
-1.87501e-22
-3.84368e-22
-1.92184e-22
1.60229e-24
0
0
4.03988e-24
0
0
1.44663e-23
0
-2.31248e-23
-2.74316e-23
0
3.97594e-24
9.64581e-24
0
0
-2.63567e-23
0
0
-2.48916e-23
0
0
-2.54012e-23
0
4.82034e-24
-6.70525e-24
0
-5.15333e-24
-1.66214e-23
0
2.77823e-24
-1.15652e-23
0
3.0235e-24
-5.97944e-24
0
2.49315e-24
8.67889e-24
-0
0
2.47447e-23
-0
-8.32308e-24
3.95732e-23
-0
-9.50074e-24
8.1896e-23
-0
-1.10107e-23
6.22049e-23
-0
-2.59515e-23
1.76019e-22
-0
0
9.41238e-23
-0
-7.637e-23
-7.48647e-23
-0
4.79104e-23
-1.14236e-23
-0
6.1703e-23
1.9393e-22
-0
8.16721e-23
-1.14925e-22
-0
1.10588e-22
-1.23508e-22
-0
1.4992e-22
-2.5432e-22
-0
9.60758e-23
0
0
0
-3.92756e-24
0
-4.26311e-24
-4.48803e-24
-4.75996e-24
-2.5442e-24
-2.74305e-24
-1.49254e-24
0
0
1.64367e-23
0
0
-5.12997e-23
6.16216e-23
-1.13375e-22
-4.74605e-23
0
-1.62231e-22
-1.65054e-22
0
0
8.32972e-24
0
3.76993e-24
0
3.86395e-24
0
1.19584e-23
0
-6.209e-24
0
4.3276e-24
0
9.11274e-24
0
7.2493e-24
0
1.29169e-24
0
5.57094e-24
0
2.27354e-24
0
-1.66642e-24
0
-3.70579e-24
-0
-4.17213e-24
-0
-2.85732e-23
-0
-3.31119e-23
-0
7.80344e-23
-0
-3.12225e-23
-0
1.14786e-22
-0
-9.59952e-23
-0
-1.23601e-22
-0
2.04444e-22
-0
5.5346e-23
-0
-1.50001e-22
-0
-1.92184e-22
-0
-1.11063e-23
0
-7.53986e-24
7.53986e-24
-7.7279e-24
7.7279e-24
-5.97918e-24
-2.19236e-23
0
8.27866e-24
-2.1638e-24
-1.94742e-23
-6.83455e-24
-1.82255e-23
-4.83286e-24
-1.20822e-23
0
-1.03335e-23
-5.57094e-24
-8.35641e-24
-1.51569e-24
-3.03138e-24
0
4.89509e-24
3.70578e-24
1.85289e-23
0
3.75492e-23
1.90488e-23
6.19086e-23
2.20746e-23
8.82984e-23
2.60114e-23
9.104e-23
6.2445e-23
1.87335e-22
0
9.56547e-23
0
-1.19994e-22
6.18006e-23
-9.2701e-23
0
2.45333e-22
1.66038e-22
-1.93711e-22
0
-2.25001e-22
0
-1.92184e-22
-0
-0
-0
-0
-0
-0
-0
-0
-0
-0
-0
0
0
0
0
0
0
0
0
0
0
0
0
0
0
)
;
    }
    baffle_master
    {
        type            calculated;
        value           nonuniform List<scalar> 
150
(
1.48111e-28
0
-2.48461e-28
3.79807e-29
0
0
1.42288e-28
0
0
-1.74022e-29
0
0
5.7431e-29
0
4.66019e-29
4.70739e-29
0
6.2141e-29
4.09251e-29
0
0
-2.7927e-29
0
2.48605e-28
-5.95234e-29
0
0
9.62629e-29
0
-2.48645e-28
-8.21445e-29
0
4.97331e-28
3.05109e-29
0
-2.48686e-28
-2.57671e-28
0
0
-1.10063e-30
0
1.24364e-28
4.20851e-29
0
-6.2187e-29
-3.13736e-29
0
0
-1.63411e-27
0
-9.95157e-28
-1.79819e-28
0
2.4881e-28
-8.87044e-28
0
-4.97662e-28
7.41874e-30
0
0
-2.55661e-30
0
0
-3.50668e-28
0
-1.24447e-28
-5.30675e-29
0
-1.24457e-28
-7.03519e-30
0
0
-1.20218e-30
0
-7.77982e-30
-4.96922e-28
4.63887e-28
-0
0
4.93477e-28
-0
2.48502e-28
5.66469e-28
-0
-1.24261e-28
2.80661e-28
-0
0
-2.0621e-29
-0
1.24282e-28
-1.23731e-28
0
1.24292e-28
-3.08883e-28
0
0
-4.95512e-28
0
-2.48625e-28
-4.90972e-28
0
2.48645e-28
-4.83821e-28
0
4.97331e-28
-7.00689e-28
0
2.48686e-28
-5.62174e-28
0
2.48707e-28
-4.3045e-28
0
2.48727e-28
-1.39326e-28
0
6.2187e-29
1.38323e-28
-0
-2.48769e-28
3.59548e-28
-0
7.46367e-28
5.31598e-28
-0
0
4.50797e-28
-0
2.48831e-28
-1.0048e-28
-0
0
-9.44323e-29
-0
0
3.73307e-29
0
-2.48894e-28
3.51016e-28
0
-3.73372e-28
-2.04223e-28
0
0
4.41806e-29
0
0
-1.03588e-29
-0
)
;
    }
    baffle_slave
    {
        type            calculated;
        value           nonuniform List<scalar> 
150
(
-3.97758e-24
-0
0
-7.5209e-25
-0
3.71547e-24
-1.71929e-24
-0
7.61529e-24
-3.24097e-24
-0
0
-1.37141e-23
-0
-8.15613e-24
-1.06192e-24
-0
4.26311e-24
3.56333e-24
-0
4.48803e-24
9.63302e-25
-0
0
1.58422e-24
-0
0
5.12397e-25
-0
-2.74305e-24
0
-0
-1.49254e-24
6.13035e-25
0
4.10239e-25
0
0
-3.64936e-24
0
0
0
-4.08991e-24
0
0
-9.48375e-24
0
0
-7.74804e-23
0
-5.12997e-23
-1.9193e-24
0
3.08108e-23
-8.00587e-23
0
-1.13375e-22
-1.18316e-23
0
0
7.63021e-24
0
0
1.31542e-22
0
1.62231e-22
-2.74676e-23
0
0
-2.80063e-23
0
-1.49495e-22
1.79952e-23
0
-9.59978e-23
-5.40091e-24
2.14789e-23
0
-6.55535e-24
5.84316e-24
0
3.62446e-24
1.11161e-23
0
-4.40884e-24
9.44775e-24
0
2.13825e-24
-1.60633e-23
0
-4.60998e-24
7.0684e-24
0
-2.18899e-24
5.03058e-24
0
-4.26e-24
6.85427e-24
0
4.30365e-24
9.18846e-24
0
-8.41406e-25
5.84987e-24
0
-1.82091e-24
7.29523e-24
0
3.24624e-25
2.93746e-24
0
6.758e-24
-8.09487e-25
0
3.3174e-24
-3.73396e-24
0
3.6445e-24
-1.50085e-23
0
4.07849e-23
-1.7274e-23
0
-5.20811e-23
-2.97541e-23
0
-9.38523e-24
-4.60631e-23
0
-8.66617e-23
-7.064e-24
0
7.39122e-24
2.21843e-23
0
7.44036e-23
7.63021e-23
0
-1.67575e-22
1.72017e-22
0
-1.07652e-22
-1.37338e-22
0
-3.87183e-23
1.30696e-22
0
-3.07738e-23
2.39936e-22
0
)
;
    }
}


// ************************************************************************* //
