/*--------------------------------*- C++ -*----------------------------------*\
| =========                 |                                                 |
| \\      /  F ield         | OpenFOAM: The Open Source CFD Toolbox           |
|  \\    /   O peration     | Version:  2212                                  |
|   \\  /    A nd           | Website:  www.openfoam.com                      |
|    \\/     M anipulation  |                                                 |
\*---------------------------------------------------------------------------*/
FoamFile
{
    version     2.0;
    format      ascii;
    arch        "LSB;label=32;scalar=64";
    class       surfaceScalarField;
    location    "64/fluidRegion";
    object      alphaPhi;
}
// * * * * * * * * * * * * * * * * * * * * * * * * * * * * * * * * * * * * * //

dimensions      [0 3 -1 0 0 0 0];

oriented        oriented;

internalField   nonuniform List<scalar> 
661
(
-0.000538928
1.28355e-12
-0.000538887
1.45738e-12
-0.000538849
1.10577e-12
-0.000538814
6.13275e-13
-0.000538781
8.77679e-14
-0.00053875
-3.65261e-13
-0.000538718
-7.0307e-13
-0.000538684
-9.81286e-13
-0.000538646
-1.24988e-12
-0.000538603
-1.49771e-12
-0.000538557
-1.63179e-12
-0.000538508
-1.55405e-12
-0.000538458
-1.17702e-12
-0.000538407
-5.20792e-13
-0.000538357
2.84942e-13
-0.000538307
1.02613e-12
-0.000538257
1.47576e-12
-0.000538207
1.49763e-12
-0.000538157
1.10657e-12
-0.00053811
4.84272e-13
-0.000538065
-1.13881e-13
-0.000538022
-5.03285e-13
-0.000537981
-6.06569e-13
-0.000537941
-3.17298e-13
5.09113e-14
-0.000538928
-0.000538887
-0.000538849
-0.000538814
-0.000538781
-0.00053875
-0.000538718
-0.000538684
-0.000538646
-0.000538603
-0.000538557
-0.000538508
-0.000538458
-0.000538407
-0.000538357
-0.000538307
-0.000538257
-0.000538207
-0.000538157
-0.00053811
-0.000538065
-0.000538022
-0.000537981
-0.000537941
-0.0202297
1.41393e-06
-0.0198016
6.71509e-07
-0.0192571
7.27565e-07
-0.0186052
6.54697e-07
-0.0178554
5.92629e-07
-0.0170178
5.3514e-07
-0.0161025
4.81911e-07
-0.01512
4.30328e-07
-0.014081
3.7465e-07
-0.0129968
3.05436e-07
-0.0118791
2.10833e-07
-0.0107408
7.92066e-08
-0.00959613
-9.29425e-08
-0.00846085
-2.91629e-07
-0.00735181
-4.94338e-07
-0.00628618
-6.66861e-07
-0.00528017
-7.82469e-07
-0.00434792
-8.34019e-07
-0.00350103
-8.35408e-07
-0.00274922
-8.11055e-07
-0.0021012
-7.83434e-07
-0.00156634
-7.57963e-07
-0.00115536
-7.23743e-07
-0.00087935
-6.29818e-07
-6.00635e-07
-0.0203597
-4.1379e-08
-3.56345e-08
-0.0199306
-1.77055e-07
-1.75375e-07
-0.019384
-1.68385e-07
-1.65964e-07
-0.018729
-1.46226e-07
-1.43462e-07
-0.0179755
-1.27155e-07
-1.23946e-07
-0.0171333
-1.09575e-07
-1.05939e-07
-0.0162127
-9.34935e-08
-8.94203e-08
-0.0152243
-7.82704e-08
-7.36432e-08
-0.0141788
-6.23618e-08
-5.714e-08
-0.0130875
-4.30902e-08
-3.72585e-08
-0.0119622
-1.67838e-08
-1.0207e-08
-0.0108158
1.99815e-08
2.74801e-08
-0.00966261
6.76091e-08
7.63512e-08
-0.00851854
1.27277e-07
1.37504e-07
-0.00740066
1.88824e-07
2.00922e-07
-0.00632637
2.42367e-07
2.56874e-07
-0.00531216
2.78863e-07
2.96406e-07
-0.00437241
2.9531e-07
3.16633e-07
-0.00351885
2.95581e-07
3.21396e-07
-0.00276133
2.87359e-07
3.18049e-07
-0.00210864
2.77344e-07
3.12615e-07
-0.0015702
2.66461e-07
3.0388e-07
-0.00115681
2.47493e-07
2.84115e-07
-0.000879545
1.95165e-07
2.248e-07
1.49623e-07
1.65938e-07
-0.0202084
6.91931e-07
-0.0197807
6.52467e-07
-0.0192366
6.27831e-07
-0.0185852
5.58546e-07
-0.0178361
4.96541e-07
-0.0169993
4.39513e-07
-0.0160849
3.86676e-07
-0.0151034
3.35036e-07
-0.0140655
2.78136e-07
-0.0129824
2.0574e-07
-0.0118659
1.05084e-07
-0.0107289
-3.44353e-08
-0.00958567
-2.15528e-07
-0.00845178
-4.24743e-07
-0.00734413
-6.35239e-07
-0.00627984
-8.10962e-07
-0.0052751
-9.24636e-07
-0.00434401
-9.70375e-07
-0.00349813
-9.64148e-07
-0.00274718
-9.31923e-07
-0.00209986
-8.95157e-07
-0.00156554
-8.57616e-07
-0.00115492
-7.96436e-07
-0.000879132
-6.58661e-07
-5.35376e-07
-0.0203308
2.66382e-09
-0.0199018
-9.48477e-10
-0.0193556
-7.91259e-10
-0.0187013
-8.69645e-10
-0.0179485
-7.98356e-10
-0.0171073
-7.18314e-10
-0.0161879
-6.72278e-10
-0.0152008
-5.10383e-10
-0.0141567
-3.17707e-10
-0.0130669
-1.08547e-10
-0.0119433
2.46739e-10
-0.0107987
6.95165e-10
-0.00964747
1.25188e-09
-0.00850539
1.8579e-09
-0.00738951
2.5128e-09
-0.0063172
3.23441e-09
-0.00530485
4.09426e-09
-0.00436681
5.13496e-09
-0.00351478
6.19955e-09
-0.00275857
7.25038e-09
-0.00210695
8.12966e-09
-0.00156934
8.34626e-09
-0.0011565
7.77728e-09
-0.000879527
6.18663e-09
3.94217e-09
-0.0203308
-6.86371e-07
-0.0199018
-6.54683e-07
-0.0193556
-6.29499e-07
-0.0187013
-5.60393e-07
-0.0179485
-4.98326e-07
-0.0171073
-4.41248e-07
-0.0161879
-3.88381e-07
-0.0152008
-3.36544e-07
-0.0141567
-2.79405e-07
-0.0130669
-2.06725e-07
-0.0119433
-1.05573e-07
-0.0107987
3.4581e-08
-0.00964749
2.1644e-07
-0.0085054
4.26466e-07
-0.00738952
6.37827e-07
-0.0063172
8.14523e-07
-0.00530486
9.29439e-07
-0.00436682
9.76796e-07
-0.00351479
9.72452e-07
-0.00275858
9.42431e-07
-0.00210695
9.08101e-07
-0.00156934
8.72447e-07
-0.0011565
8.12368e-07
-0.000879528
6.73314e-07
5.4705e-07
-0.0202085
3.66335e-08
-0.0197807
1.76658e-07
-0.0192366
1.67371e-07
-0.0185852
1.4501e-07
-0.0178362
1.25759e-07
-0.0169993
1.07947e-07
-0.0160849
9.1576e-08
-0.0151034
7.60392e-08
-0.0140655
5.97286e-08
-0.0129824
3.9986e-08
-0.0118659
1.31685e-08
-0.010729
-2.41806e-08
-0.00958568
-7.25398e-08
-0.00845178
-1.33095e-07
-0.00734413
-1.9574e-07
-0.00627985
-2.50592e-07
-0.0052751
-2.88589e-07
-0.00434401
-3.06611e-07
-0.00349814
-3.08534e-07
-0.00274718
-3.01598e-07
-0.00209986
-2.92213e-07
-0.00156553
-2.80729e-07
-0.00115492
-2.598e-07
-0.00087913
-2.03731e-07
-1.51545e-07
-0.0203597
-1.41409e-06
-3.96872e-08
-0.0199306
-6.71813e-07
-1.74769e-07
-0.019384
-7.27982e-07
-1.65721e-07
-0.018729
-6.5518e-07
-1.43211e-07
-0.0179755
-5.93091e-07
-1.23841e-07
-0.0171333
-5.35615e-07
-1.05987e-07
-0.0162127
-4.82417e-07
-8.96208e-08
-0.0152243
-4.30823e-07
-7.41143e-08
-0.0141788
-3.75165e-07
-5.79219e-08
-0.0130875
-3.05968e-07
-3.83927e-08
-0.0119622
-2.1127e-07
-1.19114e-08
-0.0108158
-7.94926e-08
2.50766e-08
-0.00966261
9.28932e-08
7.29863e-08
-0.00851854
2.919e-07
1.32954e-07
-0.00740066
4.95098e-07
1.94814e-07
-0.00632637
6.68475e-07
2.48605e-07
-0.00531216
7.85548e-07
2.85009e-07
-0.00437241
8.39618e-07
3.0068e-07
-0.00351885
8.4497e-07
2.99043e-07
-0.00276133
8.26815e-07
2.87093e-07
-0.00210864
8.08363e-07
2.70493e-07
-0.0015702
7.94242e-07
2.50135e-07
-0.00115681
7.72748e-07
2.2065e-07
-0.000879545
6.85234e-07
1.61076e-07
6.54908e-07
1.16198e-07
-0.0202297
-0.0198016
-0.0192571
-0.0186052
-0.0178554
-0.0170178
-0.0161025
-0.01512
-0.014081
-0.0129968
-0.0118791
-0.0107408
-0.00959613
-0.00846085
-0.00735181
-0.00628618
-0.00528017
-0.00434792
-0.00350103
-0.00274922
-0.0021012
-0.00156634
-0.00115536
-0.00087935
-0.0203308
-6.94164e-07
4.07923e-09
-0.0199018
-6.55342e-07
9.03248e-10
-0.0193556
-6.31176e-07
1.40298e-09
-0.0187013
-5.62311e-07
1.6462e-09
-0.0179485
-5.00599e-07
1.84498e-09
-0.0171073
-4.4389e-07
2.08743e-09
-0.0161879
-3.91419e-07
2.40301e-09
-0.0152008
-3.40085e-07
2.72109e-09
-0.0141567
-2.83503e-07
3.11738e-09
-0.0130669
-2.11416e-07
3.59359e-09
-0.0119433
-1.10994e-07
4.17588e-09
-0.0107987
2.82475e-08
4.79415e-09
-0.00964747
2.08913e-07
5.67363e-09
-0.00850539
4.17461e-07
6.82828e-09
-0.00738951
6.26856e-07
8.43294e-09
-0.0063172
8.00859e-07
1.06911e-08
-0.00530485
9.1194e-07
1.38256e-08
-0.00436681
9.53854e-07
1.81957e-08
-0.00351478
9.41741e-07
2.4386e-08
-0.00275857
9.01213e-07
3.27148e-08
-0.00210695
8.52637e-07
4.33349e-08
-0.00156934
8.00996e-07
5.45008e-08
-0.0011565
7.25764e-07
6.41567e-08
-0.000879527
5.81693e-07
6.4026e-08
4.71972e-07
4.96596e-08
-0.0202084
-0.0197807
-0.0192366
-0.0185852
-0.0178361
-0.0169993
-0.0160849
-0.0151034
-0.0140655
-0.0129824
-0.0118659
-0.0107289
-0.00958567
-0.00845178
-0.00734413
-0.00627985
-0.0052751
-0.00434401
-0.00349814
-0.00274718
-0.00209986
-0.00156554
-0.00115492
-0.000879134
-0.0202085
6.85545e-07
-0.0197807
6.53696e-07
-0.0192366
6.28308e-07
-0.0185852
5.59035e-07
-0.0178362
4.9696e-07
-0.0169993
4.39803e-07
-0.0160849
3.86788e-07
-0.0151034
3.34895e-07
-0.0140655
2.77652e-07
-0.0129824
2.04854e-07
-0.0118659
1.0367e-07
-0.010729
-3.6488e-08
-0.00958568
-2.18381e-07
-0.00845178
-4.28516e-07
-0.00734413
-6.40099e-07
-0.00627985
-8.17035e-07
-0.0052751
-9.32059e-07
-0.00434401
-9.78986e-07
-0.00349814
-9.73493e-07
-0.00274718
-9.40439e-07
-0.00209986
-9.00869e-07
-0.00156553
-8.57224e-07
-0.00115492
-7.86782e-07
-0.000879131
-6.39385e-07
-5.07438e-07
-0.0203308
-0.0199018
-0.0193556
-0.0187013
-0.0179485
-0.0171073
-0.0161879
-0.0152008
-0.0141567
-0.0130669
-0.0119433
-0.0107987
-0.00964749
-0.0085054
-0.00738952
-0.0063172
-0.00530486
-0.00436682
-0.00351479
-0.00275857
-0.00210695
-0.00156934
-0.0011565
-0.000879529
)
;

boundaryField
{
    outletCentralUnloaded
    {
        type            calculated;
        value           nonuniform List<scalar> 2(0.000538971 0.000538971);
    }
    inletCentralUnloaded
    {
        type            calculated;
        value           uniform -0.000540134;
    }
    outletFuelElement
    {
        type            calculated;
        value           nonuniform List<scalar> 
12
(
0.0205705
0.0207037
0.0205497
0.0206739
0.020674
0.0205498
0.0207037
0.0205705
0.0206739
0.0205497
0.0205498
0.020674
)
;
    }
    inletFuelElement
    {
        type            calculated;
        value           nonuniform List<scalar> 
12
(
-0.000722059
-0.00072206
-0.000722059
-0.000722059
-0.00072206
-0.000722059
-0.00072206
-0.000722059
-0.000722059
-0.000722059
-0.000722059
-0.00072206
)
;
    }
    defaultFaces
    {
        type            calculated;
        value           nonuniform List<scalar> 
450
(
8.63422e-24
-4.3404e-23
0
2.35039e-23
-1.26881e-23
0
3.091e-23
6.88745e-24
0
-4.67017e-23
-1.98504e-23
0
-1.51059e-23
-4.20345e-23
0
-4.02791e-23
-1.17286e-23
0
-2.757e-23
-1.40144e-23
0
-2.34791e-23
-1.08127e-23
0
-1.68659e-23
-9.33062e-24
0
-1.77127e-23
-4.97604e-24
0
-1.43824e-23
-7.36298e-24
0
-4.78137e-24
-1.01797e-24
0
6.73419e-24
2.10025e-24
0
1.8697e-23
9.23137e-24
0
3.0862e-23
5.67215e-24
0
5.05997e-23
1.65574e-23
0
4.54389e-23
-2.48069e-23
0
6.36102e-23
1.94191e-23
0
3.73874e-23
-5.04555e-23
0
-1.82366e-23
-2.44978e-23
0
-3.36928e-23
-2.89981e-23
0
2.56637e-23
-1.56372e-23
0
-3.058e-23
1.03696e-23
0
-1.67269e-23
-3.16552e-24
0
-1.83722e-23
-2.75851e-23
0
3.20908e-23
0
2.40681e-23
0
-8.0227e-24
0
1.60454e-23
0
-4.01135e-24
0
1.60454e-23
0
8.0227e-24
0
1.60454e-23
0
-6.01702e-24
0
8.0227e-24
0
2.00567e-24
0
-1.00284e-24
0
-2.00567e-24
0
-2.00567e-23
0
-1.60454e-23
0
-2.40681e-23
0
4.81362e-23
0
-3.20908e-23
0
1.60454e-23
0
-3.20908e-23
0
-1.60454e-23
0
3.20908e-23
0
-8.0227e-24
0
-2.40681e-23
0
-2.40681e-23
0
-1.60454e-23
-8.0227e-24
8.0227e-24
-1.60454e-23
8.0227e-24
-8.0227e-24
-8.0227e-24
-8.0227e-24
1.2034e-23
-4.01135e-24
-2.00567e-24
1.00284e-24
4.01135e-24
8.0227e-24
1.60454e-23
3.20908e-23
-3.20908e-23
1.60454e-23
-1.60454e-23
0
0
-3.20908e-23
-1.60454e-23
0
0
0
0
0
0
0
0
0
0
0
0
0
0
0
0
0
0
0
0
0
0
0
0
0
0
0
-1.60454e-23
1.60454e-23
1.60454e-23
8.0227e-24
2.40681e-23
4.81362e-23
-1.60454e-23
-1.60454e-23
2.00567e-23
-1.2034e-23
-1.2034e-23
-8.0227e-24
-8.0227e-24
-1.2034e-23
-8.0227e-24
-4.01135e-24
1.80511e-23
-8.0227e-24
-6.01702e-24
-4.01135e-24
-3.50993e-24
-2.00567e-24
2.00567e-24
5.01419e-25
4.01135e-24
4.01135e-24
2.00567e-23
1.2034e-23
1.60454e-23
1.60454e-23
3.20908e-23
1.60454e-23
-2.40681e-23
4.01135e-23
3.20908e-23
2.40681e-23
-4.81362e-23
4.81362e-23
-4.81362e-23
-3.20908e-23
-1.60454e-23
-3.20908e-23
-4.01135e-23
4.01135e-23
-1.60454e-23
-2.40681e-23
8.0227e-24
-2.00567e-23
-3.20908e-23
-1.60454e-23
3.481e-24
0
0
8.61893e-24
0
0
3.01127e-23
0
-4.81362e-23
-5.53518e-23
0
8.0227e-24
1.87432e-23
0
0
-4.89874e-23
0
0
-4.39419e-23
0
0
-4.22763e-23
0
8.0227e-24
-1.04387e-23
0
-8.0227e-24
-2.39989e-23
0
4.01135e-24
-1.53439e-23
0
4.01135e-24
-7.21546e-24
0
3.00851e-24
9.41874e-24
-0
0
2.38516e-23
-0
-8.0227e-24
3.34168e-23
-0
-8.0227e-24
5.96715e-23
-0
-8.0227e-24
3.84603e-23
-0
-1.60454e-23
9.06539e-23
-0
0
3.9551e-23
-0
-3.20908e-23
-2.50725e-23
-0
1.60454e-23
-2.97062e-24
-0
1.60454e-23
3.80997e-23
-0
1.60454e-23
-1.66747e-23
-0
1.60454e-23
-1.32186e-23
-0
1.60454e-23
-2.12367e-23
-0
8.0227e-24
0
0
0
-8.0227e-24
0
-8.0227e-24
-8.0227e-24
-8.0227e-24
-4.01135e-24
-4.01135e-24
-2.00567e-24
0
0
1.60454e-23
0
0
-3.20908e-23
3.20908e-23
-4.81362e-23
-1.60454e-23
0
-3.20908e-23
-2.40681e-23
0
0
1.80511e-23
0
8.0227e-24
0
8.0227e-24
0
2.40681e-23
0
-1.2034e-23
0
8.0227e-24
0
1.60454e-23
0
1.2034e-23
0
2.00567e-24
0
8.0227e-24
0
3.00851e-24
0
-2.00567e-24
0
-4.01135e-24
-0
-4.01135e-24
-0
-2.40681e-23
-0
-2.40681e-23
-0
4.81362e-23
-0
-1.60454e-23
-0
4.81362e-23
-0
-3.20908e-23
-0
-3.20908e-23
-0
4.01135e-23
-0
8.0227e-24
-0
-1.60454e-23
-0
-1.60454e-23
-0
-2.40681e-23
0
-1.60454e-23
1.60454e-23
-1.60454e-23
1.60454e-23
-1.2034e-23
-4.41248e-23
0
1.60454e-23
-4.01135e-24
-3.61021e-23
-1.2034e-23
-3.20908e-23
-8.0227e-24
-2.00567e-23
0
-1.60454e-23
-8.0227e-24
-1.2034e-23
-2.00567e-24
-4.01135e-24
0
5.89167e-24
4.01135e-24
2.00567e-23
0
3.61021e-23
1.60454e-23
5.21475e-23
1.60454e-23
6.41816e-23
1.60454e-23
5.61589e-23
3.20908e-23
9.62724e-23
0
4.01135e-23
0
-4.01135e-23
1.60454e-23
-2.40681e-23
0
4.81362e-23
2.40681e-23
-2.80794e-23
0
-2.40681e-23
0
-1.60454e-23
-0
-0
-0
-0
-0
-0
-0
-0
-0
-0
-0
0
0
0
0
0
0
0
0
0
0
0
0
0
0
)
;
    }
    baffle_master
    {
        type            calculated;
        value           nonuniform List<scalar> 
150
(
1.36471e-29
0
-2.28934e-29
3.49928e-30
0
0
1.31083e-29
0
0
-1.60305e-30
0
0
5.28998e-30
0
4.29251e-30
4.33563e-30
0
5.72334e-30
3.769e-30
0
0
-2.57173e-30
0
2.28934e-29
-5.48091e-30
0
0
8.86317e-30
0
-2.28934e-29
-7.56263e-30
0
4.57867e-29
2.80875e-30
0
-2.28934e-29
-2.37186e-29
0
0
-1.01304e-31
0
1.14467e-29
3.87327e-30
0
-5.72334e-30
-2.88722e-30
0
0
-1.50369e-28
0
-9.15735e-29
-1.65454e-29
0
2.28934e-29
-8.16114e-29
0
-4.57867e-29
6.82494e-31
0
0
-2.35178e-31
0
0
-3.22546e-29
0
-1.14467e-29
-4.88077e-30
0
-1.14467e-29
-6.46994e-31
0
0
-1.10551e-31
0
-7.15418e-31
-4.57867e-29
4.27429e-29
-0
0
4.54656e-29
-0
2.28934e-29
5.21862e-29
-0
-1.14467e-29
2.58539e-29
-0
0
-1.89941e-30
-0
1.14467e-29
-1.13959e-29
0
1.14467e-29
-2.84466e-29
0
0
-4.56304e-29
0
-2.28934e-29
-4.52087e-29
0
2.28934e-29
-4.45466e-29
0
4.57867e-29
-6.45088e-29
0
2.28934e-29
-5.17522e-29
0
2.28934e-29
-3.96228e-29
0
2.28934e-29
-1.28239e-29
0
5.72334e-30
1.27304e-29
-0
-2.28934e-29
3.3088e-29
-0
6.86801e-29
4.89172e-29
-0
0
4.14786e-29
-0
2.28934e-29
-9.24452e-30
-0
0
-8.68739e-30
-0
0
3.43398e-30
0
-2.28934e-29
3.22866e-29
0
-3.43401e-29
-1.8783e-29
0
0
4.06309e-30
0
0
-9.5258e-31
-0
)
;
    }
    baffle_slave
    {
        type            calculated;
        value           nonuniform List<scalar> 
150
(
-8.77483e-24
-0
0
-1.62961e-24
-0
8.0227e-24
-3.63529e-24
-0
1.60454e-23
-6.6438e-24
-0
0
-2.70766e-23
-0
-1.60454e-23
-2.00567e-24
-0
8.0227e-24
6.39309e-24
-0
8.0227e-24
1.62961e-24
-0
0
2.50709e-24
-0
0
7.52128e-25
-0
-4.01135e-24
0
-0
-2.00567e-24
7.52128e-25
0
5.01419e-25
0
0
-4.01135e-24
0
0
0
-3.50993e-24
0
0
-7.01986e-24
0
0
-4.86376e-23
0
-3.20908e-23
-1.00284e-24
0
1.60454e-23
-3.40965e-23
0
-4.81362e-23
-4.01135e-24
0
0
2.00567e-24
0
0
2.60738e-23
0
3.20908e-23
-4.01135e-24
0
0
-3.00851e-24
0
-1.60454e-23
1.50426e-24
0
-8.0227e-24
-1.1874e-23
4.73841e-23
0
-1.41547e-23
1.26608e-23
0
7.63672e-24
2.3504e-23
0
-9.00578e-24
1.93673e-23
0
4.20654e-24
-3.17147e-23
0
-8.67547e-24
1.33503e-23
0
-3.91299e-24
9.02554e-24
0
-7.18005e-24
1.15953e-23
0
6.78541e-24
1.45411e-23
0
-1.23045e-24
8.5868e-24
0
-2.44694e-24
9.84034e-24
0
3.96775e-25
3.60395e-24
0
7.42836e-24
-8.93152e-25
0
3.23843e-24
-3.65879e-24
0
3.11611e-24
-1.28802e-23
0
3.008e-23
-1.27862e-23
0
-3.25796e-23
-1.86778e-23
0
-4.88756e-24
-2.40681e-23
0
-3.67945e-23
-3.00851e-24
0
2.49881e-24
7.52128e-24
0
1.95091e-23
2.00567e-23
0
-3.31477e-23
3.40965e-23
0
-1.56977e-23
-2.00567e-23
0
-4.15566e-24
1.40397e-23
0
-2.57182e-24
2.00567e-23
0
)
;
    }
}


// ************************************************************************* //
