/*--------------------------------*- C++ -*----------------------------------*\
| =========                 |                                                 |
| \\      /  F ield         | OpenFOAM: The Open Source CFD Toolbox           |
|  \\    /   O peration     | Version:  2212                                  |
|   \\  /    A nd           | Website:  www.openfoam.com                      |
|    \\/     M anipulation  |                                                 |
\*---------------------------------------------------------------------------*/
FoamFile
{
    version     2.0;
    format      ascii;
    arch        "LSB;label=32;scalar=64";
    class       volScalarField;
    location    "64/fluidRegion";
    object      dgdt;
}
// * * * * * * * * * * * * * * * * * * * * * * * * * * * * * * * * * * * * * //

dimensions      [0 0 -1 0 0 0 0];

internalField   nonuniform List<scalar> 
350
(
0.00535555
0.00532759
0.00532222
0.00531537
0.00530125
0.00527921
0.00525607
0.00524284
0.00524716
0.00526739
0.00529311
0.00531179
0.00531676
0.00531125
0.00530607
0.0053129
0.00533712
0.00537405
0.00540989
0.005427
0.0054117
0.00536087
0.00526001
0.00511981
0.00244649
0.00535555
0.00532759
0.00532222
0.00531537
0.00530125
0.00527921
0.00525607
0.00524284
0.00524716
0.00526739
0.00529311
0.00531179
0.00531676
0.00531125
0.00530607
0.0053129
0.00533712
0.00537405
0.00540989
0.005427
0.0054117
0.00536087
0.00526001
0.00511981
0.00244649
40.7694
51.0801
64.9592
77.7524
89.4048
99.8736
109.126
117.131
123.855
129.247
133.224
135.664
136.405
135.269
132.12
126.927
119.809
111.011
100.833
89.5108
77.1427
63.6577
48.8877
32.8219
20.3921
40.8259
51.0218
65.0302
77.9448
89.711
100.286
109.635
117.732
124.543
130.021
134.087
136.621
137.457
136.41
133.328
128.165
121.029
112.166
101.89
90.4482
77.9505
64.3278
49.4062
33.1683
20.6025
40.747
51.0644
64.9235
77.698
89.333
99.7858
109.023
117.015
123.726
129.105
133.069
135.496
136.223
135.074
131.917
126.722
119.608
110.821
100.661
89.3586
77.0118
63.5494
48.8041
32.766
20.358
40.8232
51.0545
65.0322
77.9182
89.6574
100.207
109.533
117.608
124.398
129.855
133.9
136.412
137.225
136.156
133.058
127.887
120.753
111.904
101.649
90.2344
77.766
64.1745
49.2875
33.0889
20.5543
40.8232
51.0545
65.0322
77.9182
89.6574
100.207
109.533
117.608
124.398
129.855
133.9
136.412
137.225
136.156
133.058
127.887
120.753
111.904
101.649
90.2344
77.766
64.1745
49.2875
33.0889
20.5543
40.747
51.0644
64.9235
77.6981
89.333
99.7858
109.023
117.015
123.726
129.105
133.069
135.496
136.223
135.074
131.917
126.722
119.608
110.821
100.661
89.3585
77.0118
63.5493
48.8041
32.766
20.358
40.8259
51.0218
65.0302
77.9448
89.711
100.285
109.635
117.732
124.543
130.021
134.087
136.621
137.457
136.41
133.328
128.165
121.029
112.166
101.89
90.4482
77.9505
64.3278
49.4062
33.1683
20.6025
40.7694
51.0801
64.9592
77.7524
89.4048
99.8736
109.126
117.131
123.855
129.247
133.224
135.664
136.405
135.269
132.12
126.927
119.809
111.01
100.833
89.5108
77.1427
63.6576
48.8877
32.8219
20.392
40.8232
51.0545
65.0322
77.9182
89.6574
100.207
109.533
117.608
124.398
129.855
133.9
136.412
137.225
136.156
133.058
127.887
120.753
111.904
101.649
90.2344
77.766
64.1746
49.2876
33.089
20.5543
40.747
51.0644
64.9235
77.6981
89.333
99.7858
109.023
117.015
123.726
129.105
133.069
135.496
136.223
135.074
131.917
126.722
119.608
110.821
100.661
89.3586
77.0119
63.5494
48.8042
32.7661
20.358
40.747
51.0644
64.9235
77.6981
89.333
99.7858
109.023
117.015
123.726
129.105
133.069
135.496
136.223
135.074
131.917
126.722
119.608
110.821
100.661
89.3585
77.0117
63.5493
48.8041
32.766
20.358
40.8232
51.0545
65.0322
77.9182
89.6574
100.207
109.533
117.608
124.398
129.855
133.9
136.412
137.225
136.156
133.058
127.887
120.753
111.904
101.649
90.2344
77.766
64.1745
49.2875
33.0889
20.5543
)
;

boundaryField
{
    outletCentralUnloaded
    {
        type            calculated;
        value           nonuniform List<scalar> 2(0.00535555 0.00535555);
    }
    inletCentralUnloaded
    {
        type            calculated;
        value           nonuniform List<scalar> 2(0.00244649 0.00244649);
    }
    outletFuelElement
    {
        type            calculated;
        value           nonuniform List<scalar> 
12
(
40.7694
40.8259
40.747
40.8232
40.8232
40.747
40.8259
40.7694
40.8232
40.747
40.747
40.8232
)
;
    }
    inletFuelElement
    {
        type            calculated;
        value           nonuniform List<scalar> 
12
(
20.3921
20.6025
20.358
20.5543
20.5543
20.358
20.6025
20.392
20.5543
20.358
20.358
20.5543
)
;
    }
    defaultFaces
    {
        type            calculated;
        value           nonuniform List<scalar> 
450
(
40.7694
40.7694
40.7694
51.0801
51.0801
51.0801
64.9592
64.9592
64.9592
77.7524
77.7524
77.7524
89.4048
89.4048
89.4048
99.8736
99.8736
99.8736
109.126
109.126
109.126
117.131
117.131
117.131
123.855
123.855
123.855
129.247
129.247
129.247
133.224
133.224
133.224
135.664
135.664
135.664
136.405
136.405
136.405
135.269
135.269
135.269
132.12
132.12
132.12
126.927
126.927
126.927
119.809
119.809
119.809
111.011
111.011
111.011
100.833
100.833
100.833
89.5108
89.5108
89.5108
77.1427
77.1427
77.1427
63.6577
63.6577
63.6577
48.8877
48.8877
48.8877
32.8219
32.8219
32.8219
20.3921
20.3921
20.3921
40.747
40.747
51.0644
51.0644
64.9235
64.9235
77.698
77.698
89.333
89.333
99.7858
99.7858
109.023
109.023
117.015
117.015
123.726
123.726
129.105
129.105
133.069
133.069
135.496
135.496
136.223
136.223
135.074
135.074
131.917
131.917
126.722
126.722
119.608
119.608
110.821
110.821
100.661
100.661
89.3586
89.3586
77.0118
77.0118
63.5494
63.5494
48.8041
48.8041
32.766
32.766
20.358
20.358
40.8232
51.0545
65.0322
77.9182
89.6574
100.207
109.533
117.608
124.398
129.855
133.9
136.412
137.225
136.156
133.058
127.887
120.753
111.904
101.649
90.2344
77.766
64.1745
49.2875
33.0889
20.5543
40.8232
51.0545
65.0322
77.9182
89.6574
100.207
109.533
117.608
124.398
129.855
133.9
136.412
137.225
136.156
133.058
127.887
120.753
111.904
101.649
90.2344
77.766
64.1745
49.2875
33.0889
20.5543
40.747
40.747
51.0644
51.0644
64.9235
64.9235
77.6981
77.6981
89.333
89.333
99.7858
99.7858
109.023
109.023
117.015
117.015
123.726
123.726
129.105
129.105
133.069
133.069
135.496
135.496
136.223
136.223
135.074
135.074
131.917
131.917
126.722
126.722
119.608
119.608
110.821
110.821
100.661
100.661
89.3585
89.3585
77.0118
77.0118
63.5493
63.5493
48.8041
48.8041
32.766
32.766
20.358
20.358
40.7694
40.7694
40.7694
51.0801
51.0801
51.0801
64.9592
64.9592
64.9592
77.7524
77.7524
77.7524
89.4048
89.4048
89.4048
99.8736
99.8736
99.8736
109.126
109.126
109.126
117.131
117.131
117.131
123.855
123.855
123.855
129.247
129.247
129.247
133.224
133.224
133.224
135.664
135.664
135.664
136.405
136.405
136.405
135.269
135.269
135.269
132.12
132.12
132.12
126.927
126.927
126.927
119.809
119.809
119.809
111.01
111.01
111.01
100.833
100.833
100.833
89.5108
89.5108
89.5108
77.1427
77.1427
77.1427
63.6576
63.6576
63.6576
48.8877
48.8877
48.8877
32.8219
32.8219
32.8219
20.392
20.392
20.392
40.8232
51.0545
65.0322
77.9182
89.6574
100.207
109.533
117.608
124.398
129.855
133.9
136.412
137.225
136.156
133.058
127.887
120.753
111.904
101.649
90.2344
77.766
64.1746
49.2876
33.089
20.5543
40.747
40.747
51.0644
51.0644
64.9235
64.9235
77.6981
77.6981
89.333
89.333
99.7858
99.7858
109.023
109.023
117.015
117.015
123.726
123.726
129.105
129.105
133.069
133.069
135.496
135.496
136.223
136.223
135.074
135.074
131.917
131.917
126.722
126.722
119.608
119.608
110.821
110.821
100.661
100.661
89.3586
89.3586
77.0119
77.0119
63.5494
63.5494
48.8042
48.8042
32.7661
32.7661
20.358
20.358
40.747
40.747
51.0644
51.0644
64.9235
64.9235
77.6981
77.6981
89.333
89.333
99.7858
99.7858
109.023
109.023
117.015
117.015
123.726
123.726
129.105
129.105
133.069
133.069
135.496
135.496
136.223
136.223
135.074
135.074
131.917
131.917
126.722
126.722
119.608
119.608
110.821
110.821
100.661
100.661
89.3585
89.3585
77.0117
77.0117
63.5493
63.5493
48.8041
48.8041
32.766
32.766
20.358
20.358
40.8232
51.0545
65.0322
77.9182
89.6574
100.207
109.533
117.608
124.398
129.855
133.9
136.412
137.225
136.156
133.058
127.887
120.753
111.904
101.649
90.2344
77.766
64.1745
49.2875
33.0889
20.5543
)
;
    }
    baffle_master
    {
        type            calculated;
        value           nonuniform List<scalar> 
150
(
0.00535555
0.00535555
0.00535555
0.00532759
0.00532759
0.00532759
0.00532222
0.00532222
0.00532222
0.00531537
0.00531537
0.00531537
0.00530125
0.00530125
0.00530125
0.00527921
0.00527921
0.00527921
0.00525607
0.00525607
0.00525607
0.00524284
0.00524284
0.00524284
0.00524716
0.00524716
0.00524716
0.00526739
0.00526739
0.00526739
0.00529311
0.00529311
0.00529311
0.00531179
0.00531179
0.00531179
0.00531676
0.00531676
0.00531676
0.00531125
0.00531125
0.00531125
0.00530607
0.00530607
0.00530607
0.0053129
0.0053129
0.0053129
0.00533712
0.00533712
0.00533712
0.00537405
0.00537405
0.00537405
0.00540989
0.00540989
0.00540989
0.005427
0.005427
0.005427
0.0054117
0.0054117
0.0054117
0.00536087
0.00536087
0.00536087
0.00526001
0.00526001
0.00526001
0.00511981
0.00511981
0.00511981
0.00244649
0.00244649
0.00244649
0.00535555
0.00535555
0.00535555
0.00532759
0.00532759
0.00532759
0.00532222
0.00532222
0.00532222
0.00531537
0.00531537
0.00531537
0.00530125
0.00530125
0.00530125
0.00527921
0.00527921
0.00527921
0.00525607
0.00525607
0.00525607
0.00524284
0.00524284
0.00524284
0.00524716
0.00524716
0.00524716
0.00526739
0.00526739
0.00526739
0.00529311
0.00529311
0.00529311
0.00531179
0.00531179
0.00531179
0.00531676
0.00531676
0.00531676
0.00531125
0.00531125
0.00531125
0.00530607
0.00530607
0.00530607
0.0053129
0.0053129
0.0053129
0.00533712
0.00533712
0.00533712
0.00537405
0.00537405
0.00537405
0.00540989
0.00540989
0.00540989
0.005427
0.005427
0.005427
0.0054117
0.0054117
0.0054117
0.00536087
0.00536087
0.00536087
0.00526001
0.00526001
0.00526001
0.00511981
0.00511981
0.00511981
0.00244649
0.00244649
0.00244649
)
;
    }
    baffle_slave
    {
        type            calculated;
        value           nonuniform List<scalar> 
150
(
40.8259
40.8232
40.8232
51.0218
51.0545
51.0545
65.0302
65.0322
65.0322
77.9448
77.9182
77.9182
89.711
89.6574
89.6574
100.286
100.207
100.207
109.635
109.533
109.533
117.732
117.608
117.608
124.543
124.398
124.398
130.021
129.855
129.855
134.087
133.9
133.9
136.621
136.412
136.412
137.457
137.225
137.225
136.41
136.156
136.156
133.328
133.058
133.058
128.165
127.887
127.887
121.029
120.753
120.753
112.166
111.904
111.904
101.89
101.649
101.649
90.4482
90.2344
90.2344
77.9505
77.766
77.766
64.3278
64.1745
64.1745
49.4062
49.2875
49.2875
33.1683
33.0889
33.0889
20.6025
20.5543
20.5543
40.8232
40.8259
40.8232
51.0545
51.0218
51.0545
65.0322
65.0302
65.0322
77.9182
77.9448
77.9182
89.6574
89.711
89.6574
100.207
100.285
100.207
109.533
109.635
109.533
117.608
117.732
117.608
124.398
124.543
124.398
129.855
130.021
129.855
133.9
134.087
133.9
136.412
136.621
136.412
137.225
137.457
137.225
136.156
136.41
136.156
133.058
133.328
133.058
127.887
128.165
127.887
120.753
121.029
120.753
111.904
112.166
111.904
101.649
101.89
101.649
90.2344
90.4482
90.2344
77.766
77.9505
77.766
64.1745
64.3278
64.1746
49.2875
49.4062
49.2876
33.0889
33.1683
33.089
20.5543
20.6025
20.5543
)
;
    }
}


// ************************************************************************* //
