/*--------------------------------*- C++ -*----------------------------------*\
| =========                 |                                                 |
| \\      /  F ield         | OpenFOAM: The Open Source CFD Toolbox           |
|  \\    /   O peration     | Version:  2212                                  |
|   \\  /    A nd           | Website:  www.openfoam.com                      |
|    \\/     M anipulation  |                                                 |
\*---------------------------------------------------------------------------*/
FoamFile
{
    version     2.0;
    format      ascii;
    arch        "LSB;label=32;scalar=64";
    class       volScalarField;
    location    "64/fluidRegion";
    object      nut;
}
// * * * * * * * * * * * * * * * * * * * * * * * * * * * * * * * * * * * * * //

dimensions      [0 2 -1 0 0 0 0];

internalField   nonuniform List<scalar> 
350
(
0.00053758
0.000537533
0.000537491
0.000537453
0.000537418
0.000537383
0.000537347
0.000537309
0.000537271
0.000537232
0.000537193
0.000537154
0.000537115
0.000537076
0.00053704
0.000537009
0.000536987
0.000536979
0.000536993
0.000537041
0.000537142
0.000537323
0.000537624
0.00053811
0.000539495
0.00053758
0.000537533
0.000537491
0.000537453
0.000537418
0.000537383
0.000537347
0.000537309
0.000537271
0.000537232
0.000537192
0.000537154
0.000537115
0.000537076
0.00053704
0.000537009
0.000536987
0.000536979
0.000536993
0.000537042
0.000537142
0.000537323
0.000537624
0.00053811
0.000539495
0.0104221
0.0102026
0.00993094
0.00960339
0.0092249
0.00880066
0.00833599
0.0078364
0.00730753
0.00675524
0.00618569
0.00560545
0.00502166
0.00444206
0.00387494
0.00332877
0.00281172
0.00233118
0.00189337
0.00150352
0.00116622
0.000885922
0.000666904
0.000511768
0.000416364
0.0104895
0.0102689
0.00999624
0.00966722
0.00928684
0.00886032
0.00839301
0.00789043
0.00735827
0.00680239
0.00622898
0.00564464
0.00505655
0.00447252
0.00390092
0.00335034
0.00282909
0.00234466
0.00190338
0.00151052
0.00117072
0.000888482
0.000668093
0.000512149
0.00041643
0.0104112
0.0101917
0.00992027
0.00959299
0.00921485
0.008791
0.0083268
0.00782772
0.00729941
0.00674772
0.0061788
0.00559923
0.00501613
0.00443724
0.00387083
0.00332535
0.00280897
0.00232902
0.00189175
0.00150236
0.00116543
0.000885432
0.000666622
0.000511618
0.000416314
0.0104746
0.0102542
0.00998174
0.00965301
0.00927303
0.00884699
0.00838024
0.00787831
0.00734686
0.00679177
0.00621921
0.00563578
0.00504864
0.00446561
0.00389501
0.00334543
0.00282514
0.00234159
0.0019011
0.00150892
0.0011697
0.000887906
0.000667831
0.000512073
0.000416421
0.0104746
0.0102542
0.00998174
0.00965301
0.00927303
0.00884699
0.00838024
0.00787831
0.00734686
0.00679177
0.00621921
0.00563578
0.00504864
0.00446561
0.00389501
0.00334543
0.00282514
0.00234159
0.0019011
0.00150892
0.0011697
0.000887906
0.000667831
0.000512073
0.000416421
0.0104112
0.0101917
0.00992027
0.00959299
0.00921485
0.00879101
0.0083268
0.00782772
0.00729941
0.00674772
0.0061788
0.00559923
0.00501613
0.00443725
0.00387084
0.00332535
0.00280897
0.00232902
0.00189175
0.00150236
0.00116543
0.000885432
0.000666622
0.000511618
0.000416314
0.0104895
0.0102689
0.00999624
0.00966722
0.00928684
0.00886032
0.00839301
0.00789043
0.00735827
0.00680239
0.00622898
0.00564464
0.00505655
0.00447252
0.00390092
0.00335034
0.00282909
0.00234466
0.00190338
0.00151052
0.00117072
0.000888482
0.000668093
0.000512149
0.00041643
0.0104221
0.0102026
0.00993094
0.00960339
0.0092249
0.00880066
0.00833599
0.0078364
0.00730753
0.00675524
0.00618569
0.00560545
0.00502166
0.00444206
0.00387494
0.00332877
0.00281172
0.00233118
0.00189337
0.00150352
0.00116622
0.000885923
0.000666906
0.000511769
0.000416365
0.0104746
0.0102542
0.00998174
0.00965301
0.00927303
0.00884699
0.00838024
0.00787831
0.00734686
0.00679177
0.00621921
0.00563578
0.00504864
0.00446561
0.00389501
0.00334543
0.00282514
0.00234159
0.0019011
0.00150892
0.0011697
0.000887906
0.000667832
0.000512074
0.000416422
0.0104112
0.0101917
0.00992027
0.00959299
0.00921485
0.008791
0.0083268
0.00782772
0.00729941
0.00674772
0.0061788
0.00559923
0.00501613
0.00443724
0.00387083
0.00332535
0.00280897
0.00232902
0.00189175
0.00150235
0.00116543
0.000885429
0.000666619
0.000511617
0.000416313
0.0104112
0.0101917
0.00992027
0.00959299
0.00921485
0.00879101
0.0083268
0.00782772
0.00729941
0.00674772
0.0061788
0.00559923
0.00501613
0.00443725
0.00387084
0.00332536
0.00280897
0.00232903
0.00189175
0.00150236
0.00116543
0.000885432
0.000666622
0.000511618
0.000416314
0.0104746
0.0102542
0.00998174
0.00965301
0.00927303
0.00884699
0.00838024
0.00787831
0.00734686
0.00679177
0.00621921
0.00563578
0.00504864
0.00446561
0.00389501
0.00334543
0.00282514
0.00234159
0.0019011
0.00150892
0.0011697
0.000887908
0.000667833
0.000512075
0.000416423
)
;

boundaryField
{
    outletCentralUnloaded
    {
        type            zeroGradient;
    }
    inletCentralUnloaded
    {
        type            zeroGradient;
    }
    outletFuelElement
    {
        type            zeroGradient;
    }
    inletFuelElement
    {
        type            zeroGradient;
    }
    defaultFaces
    {
        type            zeroGradient;
    }
    baffle_master
    {
        type            calculated;
        value           nonuniform List<scalar> 
150
(
0.00053758
0.00053758
0.00053758
0.000537533
0.000537533
0.000537533
0.000537491
0.000537491
0.000537491
0.000537453
0.000537453
0.000537453
0.000537418
0.000537418
0.000537418
0.000537383
0.000537383
0.000537383
0.000537347
0.000537347
0.000537347
0.000537309
0.000537309
0.000537309
0.000537271
0.000537271
0.000537271
0.000537232
0.000537232
0.000537232
0.000537193
0.000537193
0.000537193
0.000537154
0.000537154
0.000537154
0.000537115
0.000537115
0.000537115
0.000537076
0.000537076
0.000537076
0.00053704
0.00053704
0.00053704
0.000537009
0.000537009
0.000537009
0.000536987
0.000536987
0.000536987
0.000536979
0.000536979
0.000536979
0.000536993
0.000536993
0.000536993
0.000537041
0.000537041
0.000537041
0.000537142
0.000537142
0.000537142
0.000537323
0.000537323
0.000537323
0.000537624
0.000537624
0.000537624
0.00053811
0.00053811
0.00053811
0.000539495
0.000539495
0.000539495
0.00053758
0.00053758
0.00053758
0.000537533
0.000537533
0.000537533
0.000537491
0.000537491
0.000537491
0.000537453
0.000537453
0.000537453
0.000537418
0.000537418
0.000537418
0.000537383
0.000537383
0.000537383
0.000537347
0.000537347
0.000537347
0.000537309
0.000537309
0.000537309
0.000537271
0.000537271
0.000537271
0.000537232
0.000537232
0.000537232
0.000537192
0.000537192
0.000537192
0.000537154
0.000537154
0.000537154
0.000537115
0.000537115
0.000537115
0.000537076
0.000537076
0.000537076
0.00053704
0.00053704
0.00053704
0.000537009
0.000537009
0.000537009
0.000536987
0.000536987
0.000536987
0.000536979
0.000536979
0.000536979
0.000536993
0.000536993
0.000536993
0.000537042
0.000537042
0.000537042
0.000537142
0.000537142
0.000537142
0.000537323
0.000537323
0.000537323
0.000537624
0.000537624
0.000537624
0.00053811
0.00053811
0.00053811
0.000539495
0.000539495
0.000539495
)
;
    }
    baffle_slave
    {
        type            calculated;
        value           nonuniform List<scalar> 
150
(
0.0104895
0.0104746
0.0104746
0.0102689
0.0102542
0.0102542
0.00999624
0.00998174
0.00998174
0.00966722
0.00965301
0.00965301
0.00928684
0.00927303
0.00927303
0.00886032
0.00884699
0.00884699
0.00839301
0.00838024
0.00838024
0.00789043
0.00787831
0.00787831
0.00735827
0.00734686
0.00734686
0.00680239
0.00679177
0.00679177
0.00622898
0.00621921
0.00621921
0.00564464
0.00563578
0.00563578
0.00505655
0.00504864
0.00504864
0.00447252
0.00446561
0.00446561
0.00390092
0.00389501
0.00389501
0.00335034
0.00334543
0.00334543
0.00282909
0.00282514
0.00282514
0.00234466
0.00234159
0.00234159
0.00190338
0.0019011
0.0019011
0.00151052
0.00150892
0.00150892
0.00117072
0.0011697
0.0011697
0.000888482
0.000887906
0.000887908
0.000668093
0.000667831
0.000667833
0.000512149
0.000512073
0.000512075
0.00041643
0.000416421
0.000416423
0.0104746
0.0104895
0.0104746
0.0102542
0.0102689
0.0102542
0.00998174
0.00999624
0.00998174
0.00965301
0.00966722
0.00965301
0.00927303
0.00928684
0.00927303
0.00884699
0.00886032
0.00884699
0.00838024
0.00839301
0.00838024
0.00787831
0.00789043
0.00787831
0.00734686
0.00735827
0.00734686
0.00679177
0.00680239
0.00679177
0.00621921
0.00622898
0.00621921
0.00563578
0.00564464
0.00563578
0.00504864
0.00505655
0.00504864
0.00446561
0.00447252
0.00446561
0.00389501
0.00390092
0.00389501
0.00334543
0.00335034
0.00334543
0.00282514
0.00282909
0.00282514
0.00234159
0.00234466
0.00234159
0.0019011
0.00190338
0.0019011
0.00150892
0.00151052
0.00150892
0.0011697
0.00117072
0.0011697
0.000887906
0.000888482
0.000887906
0.000667831
0.000668093
0.000667832
0.000512073
0.000512149
0.000512074
0.000416421
0.00041643
0.000416422
)
;
    }
}


// ************************************************************************* //
