/*--------------------------------*- C++ -*----------------------------------*\
| =========                 |                                                 |
| \\      /  F ield         | OpenFOAM: The Open Source CFD Toolbox           |
|  \\    /   O peration     | Version:  2212                                  |
|   \\  /    A nd           | Website:  www.openfoam.com                      |
|    \\/     M anipulation  |                                                 |
\*---------------------------------------------------------------------------*/
FoamFile
{
    version     2.0;
    format      ascii;
    arch        "LSB;label=32;scalar=64";
    class       volVectorField;
    location    "64/fluidRegion";
    object      U;
}
// * * * * * * * * * * * * * * * * * * * * * * * * * * * * * * * * * * * * * //

dimensions      [0 1 -1 0 0 0 0];

internalField   nonuniform List<vector> 
350
(
(-4.13324e-11 -2.38632e-11 -14.9676)
(-2.08371e-10 -1.20303e-10 -14.9664)
(-4.3422e-10 -2.50696e-10 -14.9651)
(-6.21353e-10 -3.58737e-10 -14.9639)
(-6.48834e-10 -3.74603e-10 -14.9628)
(-4.80543e-10 -2.77441e-10 -14.9617)
(-1.61873e-10 -9.34571e-11 -14.9607)
(2.06244e-10 1.19075e-10 -14.9597)
(5.02804e-10 2.90293e-10 -14.9587)
(6.51018e-10 3.75865e-10 -14.9577)
(6.54361e-10 3.77795e-10 -14.9566)
(5.81193e-10 3.35551e-10 -14.9554)
(5.08671e-10 2.93681e-10 -14.9542)
(4.79116e-10 2.76617e-10 -14.9529)
(4.73573e-10 2.73417e-10 -14.9516)
(4.24665e-10 2.4518e-10 -14.9502)
(2.58717e-10 1.4937e-10 -14.9488)
(-3.89549e-11 -2.24905e-11 -14.9474)
(-4.01627e-10 -2.31879e-10 -14.9459)
(-7.0454e-10 -4.06765e-10 -14.9445)
(-8.3951e-10 -4.8469e-10 -14.9431)
(-7.80349e-10 -4.50534e-10 -14.9418)
(-5.71183e-10 -3.29772e-10 -14.9407)
(-1.31118e-10 -7.57008e-11 -14.9396)
(7.08473e-10 4.09036e-10 -14.9695)
(-4.13324e-11 -2.38632e-11 -14.9676)
(-2.08371e-10 -1.20303e-10 -14.9664)
(-4.3422e-10 -2.50696e-10 -14.9651)
(-6.21353e-10 -3.58737e-10 -14.9639)
(-6.48834e-10 -3.74603e-10 -14.9628)
(-4.80543e-10 -2.77441e-10 -14.9617)
(-1.61873e-10 -9.34571e-11 -14.9607)
(2.06244e-10 1.19075e-10 -14.9597)
(5.02804e-10 2.90293e-10 -14.9587)
(6.51018e-10 3.75865e-10 -14.9577)
(6.54361e-10 3.77795e-10 -14.9566)
(5.81193e-10 3.35551e-10 -14.9554)
(5.08671e-10 2.93681e-10 -14.9542)
(4.79116e-10 2.76617e-10 -14.9529)
(4.73573e-10 2.73417e-10 -14.9516)
(4.24665e-10 2.4518e-10 -14.9502)
(2.58717e-10 1.4937e-10 -14.9488)
(-3.89549e-11 -2.24906e-11 -14.9474)
(-4.01627e-10 -2.31879e-10 -14.9459)
(-7.0454e-10 -4.06765e-10 -14.9445)
(-8.3951e-10 -4.8469e-10 -14.9431)
(-7.80349e-10 -4.50534e-10 -14.9418)
(-5.71183e-10 -3.29772e-10 -14.9407)
(-1.31118e-10 -7.57008e-11 -14.9396)
(7.08473e-10 4.09036e-10 -14.9695)
(-0.00197607 -0.00114088 -423.79)
(-0.000938671 -0.000541941 -415.803)
(-0.00101705 -0.000587194 -405.701)
(-0.000915243 -0.000528415 -393.274)
(-0.000828521 -0.000478346 -378.715)
(-0.00074819 -0.000431967 -362.227)
(-0.000673799 -0.000389018 -344.02)
(-0.000601691 -0.000347386 -324.307)
(-0.000523837 -0.000302437 -303.31)
(-0.000427039 -0.000246551 -281.256)
(-0.000294712 -0.000170152 -258.384)
(-0.00011059 -6.38489e-05 -234.951)
(0.000130242 7.51954e-05 -211.238)
(0.000408266 0.000235712 -187.557)
(0.000692038 0.000399548 -164.245)
(0.00093379 0.000539123 -141.657)
(0.00109616 0.000632867 -120.139)
(0.00116917 0.000675023 -100.007)
(0.00117208 0.000676699 -81.5267)
(0.00113908 0.000657648 -64.921)
(0.0011009 0.000635603 -50.381)
(0.00106496 0.000614854 -38.0946)
(0.0010158 0.000586473 -28.2702)
(0.000882274 0.00050938 -21.1345)
(0.000840599 0.00048532 -16.6338)
(-0.00191629 -0.00112088 -426.523)
(-0.000694406 -0.000397414 -418.494)
(-0.000785004 -0.000450836 -408.359)
(-0.000714566 -0.00040991 -395.878)
(-0.000654813 -0.000375496 -381.248)
(-0.000599425 -0.000343418 -364.673)
(-0.000547912 -0.000313493 -346.364)
(-0.000497436 -0.000284415 -326.535)
(-0.000442215 -0.000252509 -305.409)
(-0.000372841 -0.000212176 -283.214)
(-0.000277846 -0.000156996 -260.189)
(-0.000145713 -8.04467e-05 -236.593)
(2.78346e-05 1.99368e-05 -212.708)
(0.000221557 0.000132253 -188.847)
(0.000418189 0.000246424 -165.352)
(0.00058382 0.000342676 -142.582)
(0.000693719 0.0004067 -120.889)
(0.000742252 0.000434982 -100.593)
(0.000743211 0.000435612 -81.9661)
(0.000720473 0.000421818 -65.232)
(0.000695045 0.000406668 -50.5842)
(0.000674046 0.00039417 -38.2119)
(0.000651075 0.000382081 -28.3253)
(0.000592937 0.000348465 -21.1515)
(0.000619985 0.000361977 -16.6358)
(-0.000875133 -0.000656644 -423.354)
(-0.000505631 -0.000952383 -415.365)
(-0.000492293 -0.000911018 -405.27)
(-0.000447836 -0.000801006 -392.853)
(-0.000406312 -0.000704312 -378.307)
(-0.00036823 -0.000615189 -361.835)
(-0.000332455 -0.000533016 -343.644)
(-0.000296289 -0.000453807 -323.952)
(-0.000254298 -0.000368604 -302.976)
(-0.000198444 -0.000262652 -280.945)
(-0.000119466 -0.000116694 -258.099)
(-1.05319e-05 8.60984e-05 -234.692)
(0.000131109 0.000349035 -211.007)
(0.000283904 0.00066407 -187.354)
(0.000433947 0.000985048 -164.071)
(0.000553879 0.00125897 -141.512)
(0.000626671 0.00144198 -120.021)
(0.000651223 0.00152194 -99.9133)
(0.000640833 0.00152113 -81.4561)
(0.000614513 0.00147874 -64.8699)
(0.000586375 0.00142844 -50.3461)
(0.000560985 0.00137378 -38.0724)
(0.000521904 0.00127988 -28.2573)
(0.000455377 0.00103838 -21.1276)
(0.000395893 0.000820282 -16.6315)
(-0.000973631 -0.000562124 -425.914)
(-0.000914324 -0.000527884 -417.894)
(-0.000880505 -0.000508358 -407.765)
(-0.000783826 -0.000452541 -395.295)
(-0.000697432 -0.000402661 -380.68)
(-0.000617882 -0.000356733 -364.124)
(-0.000543991 -0.000314073 -345.836)
(-0.000471752 -0.000272366 -326.033)
(-0.000392 -0.000226321 -304.935)
(-0.000290409 -0.000167667 -282.771)
(-0.000149276 -8.61846e-05 -259.78)
(4.62656e-05 2.67114e-05 -236.22)
(0.000300028 0.000173221 -212.374)
(0.000593259 0.000342517 -188.553)
(0.000888475 0.00051296 -165.1)
(0.00113529 0.000655458 -142.371)
(0.00129553 0.000747973 -120.718)
(0.00136092 0.000785722 -100.459)
(0.00135391 0.00078168 -81.8658)
(0.00131089 0.000756838 -65.1611)
(0.00126171 0.000728446 -50.538)
(0.00121168 0.000699564 -38.1854)
(0.0011287 0.000651652 -28.3132)
(0.000936232 0.000540532 -21.1482)
(0.000762872 0.000440443 -16.6356)
(0.000953739 0.00055064 -425.914)
(0.000914067 0.000527736 -417.894)
(0.000878497 0.0005072 -407.765)
(0.000781958 0.000451463 -395.295)
(0.000695118 0.000401326 -380.68)
(0.000615335 0.000355263 -364.124)
(0.000541598 0.000312691 -345.836)
(0.000469285 0.000270941 -326.033)
(0.00038968 0.000224981 -304.935)
(0.000288512 0.000166572 -282.771)
(0.000147553 8.51895e-05 -259.78)
(-4.78368e-05 -2.76185e-05 -236.221)
(-0.000301444 -0.000174038 -212.374)
(-0.000594249 -0.000343089 -188.553)
(-0.000888739 -0.000513113 -165.1)
(-0.00113458 -0.000655047 -142.371)
(-0.00129394 -0.000747056 -120.718)
(-0.00135874 -0.000784467 -100.459)
(-0.00135094 -0.000779962 -81.8658)
(-0.00130725 -0.000754742 -65.1611)
(-0.00125766 -0.000726109 -50.538)
(-0.00120697 -0.000696841 -38.1854)
(-0.00112279 -0.00064824 -28.3132)
(-0.000931411 -0.000537749 -21.1482)
(-0.000758627 -0.000437992 -16.6356)
(0.000992209 0.00043698 -423.354)
(0.00107813 -4.00208e-05 -415.365)
(0.00103418 -3.01538e-05 -405.271)
(0.000916727 -1.36245e-05 -392.854)
(0.000812055 -1.53e-06 -378.307)
(0.000715756 9.87105e-06 -361.835)
(0.000626755 1.9928e-05 -343.645)
(0.000540058 2.80393e-05 -323.952)
(0.000445325 3.42725e-05 -302.976)
(0.00032578 3.89459e-05 -280.946)
(0.00015997 4.33507e-05 -258.099)
(-7.00434e-05 5.02106e-05 -234.692)
(-0.000368475 5.88341e-05 -211.007)
(-0.000717497 8.40082e-05 -187.354)
(-0.00107018 0.000114722 -164.072)
(-0.00136695 0.000148156 -141.512)
(-0.00156146 0.000176929 -120.021)
(-0.00164271 0.000195944 -99.9134)
(-0.00163649 0.000205233 -81.4561)
(-0.00158642 0.00020783 -64.8699)
(-0.00152861 0.00020789 -50.3461)
(-0.00146836 0.000203635 -38.0723)
(-0.00136693 0.000191576 -28.2572)
(-0.00112478 0.000127435 -21.1276)
(-0.00090493 6.49732e-05 -16.6315)
(0.00191496 0.00112288 -426.523)
(0.000692276 0.000400458 -418.494)
(0.000782661 0.000454493 -408.359)
(0.000712147 0.000413854 -395.878)
(0.000652269 0.000379268 -381.248)
(0.000596739 0.000347268 -364.673)
(0.000545171 0.000317474 -346.364)
(0.000494737 0.000288163 -326.535)
(0.000439627 0.000256187 -305.409)
(0.000370273 0.000216089 -283.214)
(0.00027508 0.000161134 -260.189)
(0.000142793 8.46858e-05 -236.593)
(-3.07869e-05 -1.57334e-05 -212.708)
(-0.000224573 -0.000127678 -188.847)
(-0.000421172 -0.000241259 -165.352)
(-0.000586564 -0.000336968 -142.582)
(-0.000696121 -0.000400596 -120.889)
(-0.000744082 -0.000428857 -100.593)
(-0.000743904 -0.000429627 -81.9661)
(-0.000719185 -0.000416762 -65.232)
(-0.000691294 -0.00040257 -50.5842)
(-0.000668072 -0.000390452 -38.2119)
(-0.000642701 -0.000377089 -28.3253)
(-0.000585092 -0.000343582 -21.1515)
(-0.00060724 -0.000367185 -16.6358)
(0.00197608 0.00114089 -423.79)
(0.000938635 0.000541921 -415.803)
(0.00101709 0.000587215 -405.701)
(0.000915313 0.000528456 -393.274)
(0.000828507 0.000478338 -378.715)
(0.000748147 0.000431943 -362.227)
(0.000673762 0.000388996 -344.02)
(0.00060162 0.000347345 -324.307)
(0.000523798 0.000302415 -303.31)
(0.000427058 0.000246562 -281.256)
(0.000294703 0.000170147 -258.384)
(0.000110536 6.3818e-05 -234.951)
(-0.000130319 -7.52399e-05 -211.238)
(-0.000408278 -0.000235719 -187.557)
(-0.000691896 -0.000399466 -164.245)
(-0.000933429 -0.000538915 -141.657)
(-0.00109558 -0.000632532 -120.139)
(-0.00116836 -0.000674552 -100.007)
(-0.00117084 -0.000675982 -81.5267)
(-0.00113722 -0.000656574 -64.921)
(-0.00109815 -0.000634015 -50.381)
(-0.00106123 -0.000612703 -38.0945)
(-0.00101045 -0.000583381 -28.2702)
(-0.000876989 -0.00050633 -21.1345)
(-0.000835534 -0.000482396 -16.6338)
(0.00097208 0.000561229 -425.914)
(0.000912123 0.000526613 -417.894)
(0.000878234 0.000507047 -407.765)
(0.000781539 0.000451221 -395.295)
(0.000694735 0.000401104 -380.68)
(0.000614907 0.000355016 -364.124)
(0.000541029 0.000312362 -345.836)
(0.000468645 0.000270571 -326.033)
(0.000388908 0.000224536 -304.935)
(0.000287459 0.000165964 -282.771)
(0.000146209 8.44133e-05 -259.78)
(-4.95033e-05 -2.85806e-05 -236.221)
(-0.000303479 -0.000175213 -212.374)
(-0.000596851 -0.000344591 -188.553)
(-0.000892134 -0.000515072 -165.1)
(-0.00113898 -0.000657589 -142.371)
(-0.00129961 -0.000750327 -120.718)
(-0.00136582 -0.000788555 -100.459)
(-0.00135981 -0.000785082 -81.8658)
(-0.00131789 -0.000760883 -65.1611)
(-0.00127065 -0.00073361 -50.538)
(-0.00122163 -0.000705307 -38.1854)
(-0.00113939 -0.000657825 -28.3132)
(-0.00094623 -0.000546304 -21.1482)
(-0.000774966 -0.000447425 -16.6356)
(0.000873189 0.000657292 -423.354)
(0.00050268 0.000953472 -415.365)
(0.000489107 0.000912248 -405.27)
(0.000444564 0.000802262 -392.853)
(0.00040275 0.000705577 -378.307)
(0.000364431 0.000616515 -361.835)
(0.00032862 0.000534378 -343.644)
(0.000292443 0.000455132 -323.952)
(0.000250569 0.00036987 -302.976)
(0.000194782 0.000263912 -280.945)
(0.000115575 0.000118051 -258.099)
(6.46199e-06 -8.46747e-05 -234.692)
(-0.000135255 -0.000347621 -211.007)
(-0.000288131 -0.000662628 -187.354)
(-0.000438138 -0.000983641 -164.071)
(-0.000557851 -0.00125776 -141.512)
(-0.000630497 -0.00144115 -120.021)
(-0.000654935 -0.00152175 -99.9134)
(-0.000644132 -0.00152208 -81.4561)
(-0.000616942 -0.00148148 -64.8699)
(-0.000588222 -0.00143349 -50.3461)
(-0.000562136 -0.00138068 -38.0724)
(-0.00052261 -0.00128853 -28.2573)
(-0.000456718 -0.00104629 -21.1276)
(-0.000395322 -0.000832269 -16.6315)
(-0.00099278 -0.000436309 -423.354)
(-0.00107888 4.1065e-05 -415.365)
(-0.00103496 3.16439e-05 -405.271)
(-0.000917529 1.53572e-05 -392.854)
(-0.000812974 2.9175e-06 -378.307)
(-0.000716747 -8.56329e-06 -361.835)
(-0.000627747 -1.85126e-05 -343.645)
(-0.000541072 -2.68632e-05 -323.952)
(-0.000446323 -3.30948e-05 -302.976)
(-0.000326756 -3.74892e-05 -280.946)
(-0.000161022 -4.18268e-05 -258.099)
(6.89397e-05 -4.86961e-05 -234.692)
(0.000367299 -5.74133e-05 -211.007)
(0.000716277 -8.2279e-05 -187.354)
(0.00106894 -0.000112375 -164.072)
(0.00136575 -0.000145061 -141.512)
(0.00156023 -0.000173191 -120.021)
(0.00164143 -0.000191837 -99.9134)
(0.00163531 -0.000200487 -81.4561)
(0.0015855 -0.000202711 -64.8699)
(0.00152823 -0.000202193 -50.3461)
(0.00146907 -0.000196721 -38.0723)
(0.00136905 -0.000181961 -28.2572)
(0.00112779 -0.000118211 -21.1276)
(0.000907633 -6.36627e-05 -16.6315)
(-0.000954764 -0.000551232 -425.914)
(-0.000915434 -0.000528525 -417.894)
(-0.00087978 -0.00050794 -407.765)
(-0.000783177 -0.000452166 -395.295)
(-0.000696752 -0.000402269 -380.68)
(-0.000617214 -0.000356348 -364.124)
(-0.000543438 -0.000313753 -345.836)
(-0.000471317 -0.000272115 -326.033)
(-0.000391722 -0.00022616 -304.935)
(-0.000290365 -0.000167642 -282.771)
(-0.000149483 -8.63041e-05 -259.78)
(4.57636e-05 2.64215e-05 -236.22)
(0.000299127 0.000172701 -212.374)
(0.000591865 0.000341713 -188.553)
(0.000886425 0.000511776 -165.1)
(0.00113243 0.000653804 -142.371)
(0.00129168 0.000745748 -120.718)
(0.00135602 0.000782898 -100.459)
(0.00134791 0.000778215 -81.8658)
(0.00130399 0.000752856 -65.1611)
(0.00125411 0.000724062 -50.538)
(0.00120434 0.000695327 -38.1854)
(0.00112209 0.000647837 -28.3132)
(0.000932025 0.000538104 -21.1482)
(0.000756222 0.000436604 -16.6356)
)
;

boundaryField
{
    outletCentralUnloaded
    {
        type            zeroGradient;
    }
    inletCentralUnloaded
    {
        type            fixedValue;
        value           uniform (0 0 -15);
    }
    outletFuelElement
    {
        type            zeroGradient;
    }
    inletFuelElement
    {
        type            fixedValue;
        value           uniform (0 0 -15);
    }
    defaultFaces
    {
        type            slip;
    }
    baffle_master
    {
        type            slip;
    }
    baffle_slave
    {
        type            slip;
    }
}


// ************************************************************************* //
