/*--------------------------------*- C++ -*----------------------------------*\
| =========                 |                                                 |
| \\      /  F ield         | OpenFOAM: The Open Source CFD Toolbox           |
|  \\    /   O peration     | Version:  2212                                  |
|   \\  /    A nd           | Website:  www.openfoam.com                      |
|    \\/     M anipulation  |                                                 |
\*---------------------------------------------------------------------------*/
FoamFile
{
    version     2.0;
    format      ascii;
    arch        "LSB;label=32;scalar=64";
    class       surfaceScalarField;
    location    "83/fluidRegion";
    object      alphaRhoPhi;
}
// * * * * * * * * * * * * * * * * * * * * * * * * * * * * * * * * * * * * * //

dimensions      [1 0 -1 0 0 0 0];

oriented        oriented;

internalField   nonuniform List<scalar> 
661
(
-0.00584972
1.59724e-11
-0.00584975
9.33729e-12
-0.00584977
-4.04265e-12
-0.00584976
-1.18812e-11
-0.00584971
-9.80335e-12
-0.00584962
-2.55993e-12
-0.00584955
2.07377e-12
-0.0058495
-1.91708e-13
-0.00584949
-7.84884e-12
-0.0058495
-1.56337e-11
-0.00584951
-1.81934e-11
-0.00584951
-1.30606e-11
-0.0058495
-2.05098e-12
-0.00584951
9.8931e-12
-0.00584954
1.75027e-11
-0.00584961
1.81067e-11
-0.00584969
1.30001e-11
-0.00584978
5.9402e-12
-0.00584985
6.03671e-13
-0.00584989
-1.7535e-12
-0.00584989
-2.3286e-12
-0.00584986
-2.73368e-12
-0.0058498
-3.34168e-12
-0.00584972
-3.0906e-12
-2.37984e-12
-0.00584972
-0.00584975
-0.00584977
-0.00584976
-0.00584971
-0.00584962
-0.00584955
-0.0058495
-0.00584949
-0.0058495
-0.00584951
-0.00584951
-0.0058495
-0.00584951
-0.00584954
-0.00584961
-0.00584969
-0.00584978
-0.00584985
-0.00584989
-0.00584989
-0.00584986
-0.0058498
-0.00584972
-0.00939702
6.4592e-07
-0.00939725
3.12263e-07
-0.00939751
3.4672e-07
-0.00939776
3.21843e-07
-0.00939799
3.02513e-07
-0.0093982
2.85578e-07
-0.00939841
2.70754e-07
-0.0093986
2.56432e-07
-0.00939877
2.38665e-07
-0.00939893
2.09784e-07
-0.00939905
1.57578e-07
-0.0093991
6.50655e-08
-0.00939902
-8.49828e-08
-0.00939876
-3.00147e-07
-0.00939826
-5.80804e-07
-0.00939745
-9.08188e-07
-0.00939631
-1.25614e-06
-0.00939483
-1.60789e-06
-0.00939299
-1.97486e-06
-0.00939072
-2.40694e-06
-0.00938786
-2.99623e-06
-0.00938416
-3.84027e-06
-0.00937931
-4.97045e-06
-0.00937357
-5.87279e-06
-7.18777e-06
-0.00931276
-1.86471e-08
-1.64661e-08
-0.00931232
-8.20738e-08
-8.18828e-08
-0.00931184
-7.99342e-08
-7.94696e-08
-0.0093114
-7.15029e-08
-7.09378e-08
-0.009311
-6.44519e-08
-6.37252e-08
-0.00931063
-5.79424e-08
-5.70383e-08
-0.00931028
-5.19201e-08
-5.07954e-08
-0.00930995
-4.5959e-08
-4.44969e-08
-0.00930966
-3.89782e-08
-3.70702e-08
-0.00930941
-2.88163e-08
-2.62813e-08
-0.00930925
-1.17652e-08
-8.30954e-09
-0.00930923
1.72017e-08
2.19433e-08
-0.00930944
6.2579e-08
6.91937e-08
-0.00931
1.31773e-07
1.41025e-07
-0.00931101
2.22665e-07
2.35715e-07
-0.00931256
3.30966e-07
3.49627e-07
-0.0093147
4.48744e-07
4.75717e-07
-0.00931744
5.70778e-07
6.10252e-07
-0.00932082
7.00924e-07
7.593e-07
-0.00932496
8.56268e-07
9.42691e-07
-0.00933013
1.06587e-06
1.19405e-06
-0.00933677
1.35704e-06
1.53831e-06
-0.00934528
1.7067e-06
1.95399e-06
-0.00935494
1.82187e-06
2.10531e-06
1.77769e-06
2.00748e-06
-0.00941082
3.17204e-07
-0.00941115
3.04577e-07
-0.00941147
3.00419e-07
-0.00941176
2.75776e-07
-0.00941203
2.54644e-07
-0.00941227
2.35707e-07
-0.0094125
2.18383e-07
-0.0094127
2.00739e-07
-0.00941288
1.7819e-07
-0.00941302
1.42162e-07
-0.00941309
7.91077e-08
-0.00941305
-2.82118e-08
-0.00941282
-1.97582e-07
-0.00941231
-4.38622e-07
-0.00941143
-7.48945e-07
-0.00941011
-1.10818e-06
-0.0094083
-1.48911e-06
-0.00940598
-1.87614e-06
-0.00940312
-2.28469e-06
-0.00939961
-2.7706e-06
-0.00939521
-3.42734e-06
-0.00938957
-4.34694e-06
-0.00938239
-5.46746e-06
-0.00937435
-6.13644e-06
-6.39112e-06
-0.00933166
1.3365e-09
-0.00933139
-2.72336e-10
-0.00933112
-1.86499e-10
-0.00933088
-2.20321e-10
-0.00933065
-1.89033e-10
-0.00933045
-1.60258e-10
-0.00933026
-1.59428e-10
-0.00933008
-1.06065e-10
-0.00932993
-4.48902e-11
-0.0093298
2.72003e-11
-0.00932973
2.07514e-10
-0.00932976
4.86019e-10
-0.00932994
9.20556e-10
-0.00933035
1.53872e-09
-0.00933105
2.44226e-09
-0.00933209
3.81581e-09
-0.00933351
6.02806e-09
-0.00933531
9.6171e-09
-0.00933752
1.49713e-08
-0.00934023
2.28747e-08
-0.00934359
3.42364e-08
-0.0093479
4.79835e-08
-0.00935336
6.31551e-08
-0.00935953
6.82891e-08
5.48313e-08
-0.00933167
-3.14371e-07
-0.0093314
-3.05244e-07
-0.00933113
-3.00799e-07
-0.00933089
-2.76225e-07
-0.00933067
-2.55057e-07
-0.00933046
-2.36106e-07
-0.00933027
-2.188e-07
-0.00933009
-2.01109e-07
-0.00932994
-1.78516e-07
-0.00932981
-1.42429e-07
-0.00932975
-7.91779e-08
-0.00932977
2.84718e-08
-0.00932995
1.98357e-07
-0.00933036
4.40128e-07
-0.00933106
7.51538e-07
-0.0093321
1.11252e-06
-0.00933352
1.49645e-06
-0.00933532
1.88869e-06
-0.00933754
2.3056e-06
-0.00934024
2.80495e-06
-0.0093436
3.48328e-06
-0.00934791
4.43346e-06
-0.00935337
5.59648e-06
-0.00935954
6.29412e-06
6.55451e-06
-0.00941083
1.65649e-08
-0.00941115
8.20128e-08
-0.00941147
7.9605e-08
-0.00941177
7.10966e-08
-0.00941203
6.39791e-08
-0.00941228
5.73726e-08
-0.0094125
5.1213e-08
-0.0094127
4.5089e-08
-0.00941288
3.7864e-08
-0.00941302
2.73489e-08
-0.00941309
9.83339e-09
-0.00941305
-1.9752e-08
-0.00941282
-6.60233e-08
-0.00941231
-1.36524e-07
-0.00941143
-2.29347e-07
-0.0094101
-3.40466e-07
-0.00940829
-4.62292e-07
-0.00940597
-5.89943e-07
-0.00940311
-7.28055e-07
-0.00939959
-8.93658e-07
-0.00939519
-1.11594e-06
-0.00938955
-1.4202e-06
-0.00938236
-1.7796e-06
-0.00937433
-1.89239e-06
-1.80871e-06
-0.00931276
-6.45982e-07
-1.83492e-08
-0.00931232
-3.12378e-07
-8.16478e-08
-0.00931184
-3.46883e-07
-7.94032e-08
-0.0093114
-3.22037e-07
-7.08585e-08
-0.009311
-3.027e-07
-6.37032e-08
-0.00931063
-2.85777e-07
-5.70736e-08
-0.00931028
-2.70979e-07
-5.08822e-08
-0.00930995
-2.56665e-07
-4.4699e-08
-0.00930966
-2.38931e-07
-3.74137e-08
-0.00930941
-2.10084e-07
-2.6825e-08
-0.00930925
-1.57848e-07
-9.22007e-09
-0.00930923
-6.52438e-08
2.04759e-08
-0.00930944
8.49933e-08
6.68142e-08
-0.00931
3.0049e-07
1.37254e-07
-0.00931101
5.81765e-07
2.29711e-07
-0.00931256
9.1044e-07
3.39854e-07
-0.0093147
1.26105e-06
4.59324e-07
-0.00931744
1.61842e-06
5.81981e-07
-0.00932082
1.99667e-06
7.09732e-07
-0.00932496
2.45186e-06
8.55138e-07
-0.00933013
3.08862e-06
1.03799e-06
-0.00933676
4.02257e-06
1.2691e-06
-0.00934528
5.32083e-06
1.50651e-06
-0.00935494
6.4301e-06
1.47367e-06
7.93534e-06
1.31288e-06
-0.00939702
-0.00939725
-0.00939751
-0.00939776
-0.00939799
-0.0093982
-0.00939841
-0.0093986
-0.00939877
-0.00939893
-0.00939905
-0.0093991
-0.00939902
-0.00939876
-0.00939826
-0.00939745
-0.00939631
-0.00939483
-0.00939299
-0.00939072
-0.00938786
-0.00938415
-0.0093793
-0.00937356
-0.00933166
-3.17688e-07
1.6829e-09
-0.00933139
-3.05216e-07
1.83508e-10
-0.00933112
-3.01204e-07
3.83668e-10
-0.00933088
-2.76703e-07
4.71032e-10
-0.00933065
-2.5567e-07
5.42473e-10
-0.00933045
-2.36875e-07
6.44133e-10
-0.00933026
-2.19766e-07
7.99338e-10
-0.00933008
-2.02364e-07
9.81585e-10
-0.00932993
-1.80156e-07
1.25144e-09
-0.0093298
-1.44616e-07
1.65774e-09
-0.00932973
-8.21807e-08
2.20142e-09
-0.00932976
2.43095e-08
2.94351e-09
-0.00932994
1.92509e-07
4.12352e-09
-0.00933035
4.31805e-07
5.94674e-09
-0.00933105
7.39451e-07
8.85319e-09
-0.00933209
1.09452e-06
1.35971e-08
-0.00933351
1.46878e-06
2.13845e-08
-0.00933531
1.8448e-06
3.44702e-08
-0.00933752
2.23344e-06
5.73693e-08
-0.00934023
2.68342e-06
9.71104e-08
-0.00934359
3.27209e-06
1.66934e-07
-0.0093479
4.0693e-06
2.80859e-07
-0.00935337
4.97953e-06
4.57958e-07
-0.00935954
5.38174e-06
6.37341e-07
5.49534e-06
6.91153e-07
-0.00941082
-0.00941115
-0.00941147
-0.00941176
-0.00941203
-0.00941227
-0.0094125
-0.0094127
-0.00941288
-0.00941302
-0.00941309
-0.00941305
-0.00941282
-0.00941231
-0.00941143
-0.00941011
-0.00940829
-0.00940598
-0.00940312
-0.00939961
-0.00939521
-0.00938958
-0.0093824
-0.00937437
-0.00941083
3.1408e-07
-0.00941115
3.04875e-07
-0.00941147
3.00338e-07
-0.00941177
2.75688e-07
-0.00941203
2.54522e-07
-0.00941228
2.35533e-07
-0.0094125
2.18145e-07
-0.0094127
2.00417e-07
-0.00941288
1.77742e-07
-0.00941302
1.41527e-07
-0.00941309
7.81874e-08
-0.00941305
-2.95367e-08
-0.00941282
-1.99546e-07
-0.00941231
-4.41567e-07
-0.00941143
-7.53439e-07
-0.0094101
-1.11506e-06
-0.00940829
-1.49967e-06
-0.00940597
-1.89187e-06
-0.00940311
-2.30711e-06
-0.00939959
-2.7986e-06
-0.00939519
-3.45482e-06
-0.00938955
-4.35374e-06
-0.00938236
-5.406e-06
-0.00937433
-5.94201e-06
-6.00389e-06
-0.00933167
-0.0093314
-0.00933113
-0.00933089
-0.00933067
-0.00933046
-0.00933027
-0.00933009
-0.00932994
-0.00932981
-0.00932975
-0.00932977
-0.00932995
-0.00933036
-0.00933106
-0.0093321
-0.00933352
-0.00933532
-0.00933753
-0.00934023
-0.0093436
-0.0093479
-0.00935337
-0.00935956
)
;

boundaryField
{
    outletCentralUnloaded
    {
        type            calculated;
        value           nonuniform List<scalar> 2(0.00584971 0.00584971);
    }
    inletCentralUnloaded
    {
        type            calculated;
        value           nonuniform List<scalar> 2(-0.00587368 -0.00587368);
    }
    outletFuelElement
    {
        type            calculated;
        value           nonuniform List<scalar> 
12
(
0.00939644
0.00931342
0.00941055
0.00933194
0.00933195
0.00941056
0.00931342
0.00939644
0.00933194
0.00941055
0.00941056
0.00933195
)
;
    }
    inletFuelElement
    {
        type            calculated;
        value           nonuniform List<scalar> 
12
(
-0.00953894
-0.00953894
-0.00953893
-0.00953893
-0.00953894
-0.00953894
-0.00953894
-0.00953894
-0.00953893
-0.00953893
-0.00953894
-0.00953894
)
;
    }
    defaultFaces
    {
        type            calculated;
        value           nonuniform List<scalar> 
450
(
5.70189e-24
-1.15148e-23
0
8.95228e-24
-1.74315e-24
0
8.7004e-24
1.07194e-23
0
-1.81826e-23
-6.89044e-24
0
-1.11822e-23
-1.51408e-23
0
-1.6938e-23
-4.51857e-24
0
-1.5436e-23
-6.71369e-24
0
-2.11828e-23
-1.06675e-23
0
-1.6302e-23
-5.94243e-24
0
-1.57513e-23
-4.03347e-24
0
-7.9145e-24
-7.89483e-25
0
-3.62819e-24
-2.08846e-24
0
4.74416e-24
2.63921e-24
0
2.10363e-23
1.38146e-23
0
3.18481e-23
1.07969e-23
0
6.0552e-23
1.56349e-23
0
7.84557e-23
-1.04103e-23
0
1.45051e-22
4.12951e-23
0
1.10107e-22
-7.84824e-23
0
-6.3018e-23
-6.99633e-23
0
-1.1692e-22
-1.08632e-22
0
1.4701e-22
-7.71909e-23
0
-1.47916e-22
7.31034e-23
0
-2.11904e-22
-1.7889e-22
0
-2.84192e-22
-3.30357e-22
0
9.2546e-24
0
1.13091e-23
0
-3.86373e-24
0
1.19577e-23
0
-4.13913e-24
0
6.49111e-24
0
4.55618e-24
0
7.24902e-24
0
-2.58328e-24
0
5.57075e-24
0
2.65237e-24
0
-8.33183e-25
0
-3.70568e-24
0
-8.34404e-24
0
-3.80967e-23
0
-4.41482e-23
0
6.50272e-23
0
-9.36657e-23
0
7.65225e-23
0
-9.59936e-23
0
-1.545e-22
0
2.45331e-22
0
5.53459e-23
0
-1.50002e-22
0
-1.92188e-22
0
0
-3.71523e-24
0
0
8.15573e-24
-8.52583e-24
-4.48784e-24
-4.75977e-24
5.08821e-24
0
-1.49249e-24
4.10226e-25
3.64925e-24
1.64362e-23
0
0
-7.69477e-23
3.08101e-23
0
4.74597e-23
6.11929e-23
-1.6223e-22
-2.20071e-22
-7.47482e-23
-9.59997e-23
0
0
0
0
0
0
0
0
0
0
0
0
0
0
0
0
0
0
0
0
0
0
0
0
0
-9.25459e-24
7.40367e-24
0
7.53938e-24
1.54549e-23
1.93186e-23
-5.97886e-24
-5.97886e-24
8.27825e-24
-6.20868e-24
-6.49111e-24
-4.3274e-24
-4.55617e-24
-4.55617e-24
-4.83267e-24
-7.24901e-24
1.42081e-23
-5.16657e-24
-2.78537e-24
-2.78537e-24
-2.65237e-24
-1.51564e-24
8.33182e-25
1.97881e-24
5.55851e-24
5.55851e-24
8.34403e-24
1.2516e-23
1.90483e-23
1.90483e-23
4.41481e-23
2.20741e-23
-2.60108e-23
5.20217e-23
9.36655e-23
4.68328e-23
-1.53045e-22
1.14784e-22
-9.59935e-23
-9.59935e-23
0
-9.26996e-23
-2.45331e-22
2.04442e-22
-5.53459e-23
-2.21384e-22
-7.50012e-23
-3.00005e-22
-3.84375e-22
-1.92188e-22
5.94523e-24
0
0
3.5823e-24
0
0
6.41633e-24
0
-1.54156e-23
-2.83058e-23
0
3.97573e-24
3.88784e-24
0
0
-2.62407e-23
0
8.63252e-24
-3.01897e-23
0
4.5444e-24
-2.65256e-23
0
4.82015e-24
-1.51458e-23
0
-5.15314e-24
-2.08671e-23
0
5.55626e-24
-1.3169e-23
0
3.0234e-24
-4.9165e-24
0
8.31023e-25
6.62545e-24
-0
-3.69615e-24
2.54405e-23
-0
-4.16143e-24
5.76148e-23
-0
-1.9001e-23
8.36533e-23
-0
0
7.82151e-23
-0
-2.5951e-23
1.54139e-22
-0
-3.11541e-23
9.57431e-23
-0
-7.63686e-23
-7.71162e-23
-0
9.58192e-23
4.20358e-24
-0
6.17022e-23
2.1964e-22
-0
8.16713e-23
-7.32524e-23
-0
0
-1.42974e-22
-0
1.49921e-22
-1.98812e-22
-0
1.92155e-22
-7.29773e-24
0
3.80742e-24
-7.8547e-24
0
-8.52583e-24
0
-4.75977e-24
-2.54411e-24
2.74295e-24
-1.49249e-24
4.10226e-25
3.64925e-24
8.21812e-24
9.38282e-24
2.17551e-23
-7.69477e-23
0
-7.55817e-23
4.74597e-23
6.11929e-23
-8.11149e-23
-5.50179e-23
0
0
1.01801e-23
0
1.50788e-23
0
3.86373e-24
0
5.97886e-24
0
-6.20869e-24
0
8.65481e-24
0
6.83426e-24
0
9.66536e-24
0
-2.58328e-24
0
5.57075e-24
0
1.89455e-24
0
-1.66636e-24
0
-7.41136e-24
-0
-1.66881e-23
-0
0
-0
-2.20741e-23
-0
5.20218e-23
-0
-6.24438e-23
-0
1.53045e-22
-0
-1.19992e-22
-0
-1.236e-22
-0
1.63554e-22
-0
0
-0
-2.25004e-22
-0
-9.60939e-23
-0
-8.79186e-24
0
-7.53938e-24
1.13091e-23
-7.72745e-24
1.15912e-23
-5.97886e-24
-2.19225e-23
0
1.03478e-23
-4.3274e-24
-1.73096e-23
-4.55617e-24
-1.59466e-23
-4.83268e-24
-1.20817e-23
2.58328e-24
-5.16657e-24
-4.17806e-24
-1.11415e-23
-2.27346e-24
-3.03128e-24
8.33182e-25
3.74932e-24
7.41135e-24
1.66755e-23
8.34403e-24
3.75481e-23
9.52415e-24
5.23828e-23
1.1037e-23
8.82963e-23
-2.60108e-23
9.1038e-23
6.24437e-23
1.7172e-22
-3.82612e-23
9.56529e-23
-4.79967e-23
-1.19992e-22
0
-9.26997e-23
8.17769e-23
1.63554e-22
1.66038e-22
-1.66038e-22
0
-1.87503e-22
0
-9.60939e-23
-0
-0
-0
-0
-0
-0
-0
-0
-0
-0
-0
0
0
0
0
0
0
0
0
0
0
0
0
0
0
)
;
    }
    baffle_master
    {
        type            calculated;
        value           nonuniform List<scalar> 
150
(
8.83181e-29
0
-2.48461e-28
6.64923e-29
0
0
2.57347e-30
0
6.21253e-29
-1.56448e-28
0
2.48521e-28
-6.48799e-28
0
-2.48542e-28
-2.4244e-29
0
0
-4.43659e-30
0
0
-1.60263e-31
0
0
6.16762e-30
0
-1.24312e-28
-7.79113e-29
0
2.48645e-28
7.04971e-29
0
-2.48666e-28
6.09841e-29
0
0
-1.5829e-29
0
0
-1.11749e-28
0
1.24364e-28
-2.63567e-29
0
2.48749e-28
8.39269e-29
0
0
-1.29458e-27
0
-4.9758e-28
2.54478e-29
0
0
-2.94776e-29
0
-7.77597e-30
1.48536e-29
0
3.11065e-29
-7.75602e-30
0
6.22181e-29
-1.60316e-28
0
-6.22233e-29
-4.59738e-30
0
0
-1.06327e-29
0
0
-6.03593e-30
0
-3.11191e-29
-2.48461e-28
8.45414e-28
-0
-1.2424e-28
3.93751e-28
-0
1.24251e-28
-1.13877e-28
0
2.48521e-28
-4.5732e-28
0
1.24271e-28
1.177e-28
0
-3.10703e-29
-6.61103e-29
0
-3.10729e-29
6.82699e-29
-0
7.76887e-30
-4.8496e-30
0
-3.72937e-28
-1.8243e-28
0
2.48645e-28
-6.08539e-28
0
2.48666e-28
-4.25665e-28
0
2.48687e-28
-5.46417e-28
0
3.10885e-29
-3.07745e-29
0
-1.24364e-28
4.11653e-28
-0
-2.48749e-28
7.23607e-28
-0
0
6.93091e-28
-0
7.4637e-28
6.81527e-28
-0
0
3.21645e-28
-0
1.55519e-29
5.92168e-30
-0
3.11065e-29
5.27887e-29
0
-3.11091e-29
7.1043e-29
0
-1.24447e-28
2.20791e-28
0
-1.24457e-28
-1.83783e-28
0
6.22333e-29
1.00743e-28
0
6.22383e-29
6.95821e-29
0
)
;
    }
    baffle_slave
    {
        type            calculated;
        value           nonuniform List<scalar> 
150
(
-1.02273e-24
-0
7.29773e-24
-2.31397e-25
-0
3.71523e-24
2.5195e-24
-0
-3.80742e-24
-1.34524e-24
-0
-3.92735e-24
-1.43801e-23
-0
-1.63115e-23
4.64568e-25
-0
0
3.03918e-24
-0
-4.48784e-24
-4.22354e-24
-0
2.37988e-24
-2.13861e-24
-0
2.54411e-24
8.53965e-26
-0
0
-8.36368e-25
-0
0
0
0
-4.10226e-25
-2.27218e-25
0
3.64925e-24
-1.79097e-24
0
0
2.92129e-24
0
0
-6.09654e-24
0
0
-7.02898e-23
0
-7.69478e-23
7.67703e-24
0
0
-8.47663e-23
0
-7.55817e-23
-1.18314e-23
0
-4.74597e-23
3.81505e-24
0
0
1.16363e-22
0
1.6223e-22
6.86687e-24
0
-1.10036e-22
0
0
0
2.39941e-23
0
-9.59997e-23
-4.26029e-24
1.9091e-23
0
-2.33029e-24
9.53068e-24
0
-4.09491e-25
1.07968e-23
0
-5.36156e-24
1.17326e-23
0
4.53608e-25
-1.41023e-23
0
-7.04553e-24
6.76112e-24
0
-5.41193e-24
7.91234e-24
0
-3.56553e-24
7.3912e-24
0
4.40529e-24
8.0198e-24
0
1.37199e-24
6.81037e-24
0
-1.54969e-24
4.04244e-24
0
7.84526e-25
3.21833e-24
0
3.85079e-24
-6.81653e-25
0
-6.70034e-25
-6.14048e-24
0
1.71017e-23
-1.2379e-23
0
4.47018e-23
-1.31668e-23
0
-7.39713e-23
-4.02369e-23
0
2.50153e-23
-2.92687e-23
0
-8.32529e-23
1.17731e-24
0
-3.68808e-23
5.32414e-23
0
7.72879e-23
3.81505e-23
0
-2.46277e-22
1.51778e-22
0
-2.16045e-22
-1.92272e-22
0
-3.81024e-23
5.60132e-23
0
-3.07745e-23
7.19823e-23
0
)
;
    }
}


// ************************************************************************* //
