/*--------------------------------*- C++ -*----------------------------------*\
|       ______          _   __           ______                               |
|      / ____/  ___    / | / /          / ____/  ____   ____ _   ____ ___     |
|     / / __   / _ \  /  |/ /  ______  / /_     / __ \ / __ `/  / __ `__ \    |
|    / /_/ /  /  __/ / /|  /  /_____/ / __/    / /_/ // /_/ /  / / / / / /    |
|    \____/   \___/ /_/ |_/          /_/       \____/ \__,_/  /_/ /_/ /_/     |
|    Copyright (C) 2015 - 2022 EPFL                                           |
\*---------------------------------------------------------------------------*/
FoamFile
{
    version     2.0;
    format      ascii;
    class       vectorField;
    object      points;
}
// * * * * * * * * * * * * * * * * * * * * * * * * * * * * * * * * * * * * * //

488
(
(0 0 0)
(0.1 0 0)
(0 0.1 0)
(0.1 0.1 0)
(0 0 0.05)
(0.1 0 0.05)
(0 0.1 0.05)
(0.1 0.1 0.05)
(0 0 0.1)
(0.1 0 0.1)
(0 0.1 0.1)
(0.1 0.1 0.1)
(0 0 0.15)
(0.1 0 0.15)
(0 0.1 0.15)
(0.1 0.1 0.15)
(0 0 0.2)
(0.1 0 0.2)
(0 0.1 0.2)
(0.1 0.1 0.2)
(0 0 0.25)
(0.1 0 0.25)
(0 0.1 0.25)
(0.1 0.1 0.25)
(0 0 0.3)
(0.1 0 0.3)
(0 0.1 0.3)
(0.1 0.1 0.3)
(0 0 0.35)
(0.1 0 0.35)
(0 0.1 0.35)
(0.1 0.1 0.35)
(0 0 0.4)
(0.1 0 0.4)
(0 0.1 0.4)
(0.1 0.1 0.4)
(0 0 0.45)
(0.1 0 0.45)
(0 0.1 0.45)
(0.1 0.1 0.45)
(0 0 0.5)
(0.1 0 0.5)
(0 0.1 0.5)
(0.1 0.1 0.5)
(0 0 0.55)
(0.1 0 0.55)
(0 0.1 0.55)
(0.1 0.1 0.55)
(0 0 0.6)
(0.1 0 0.6)
(0 0.1 0.6)
(0.1 0.1 0.6)
(0 0 0.65)
(0.1 0 0.65)
(0 0.1 0.65)
(0.1 0.1 0.65)
(0 0 0.7)
(0.1 0 0.7)
(0 0.1 0.7)
(0.1 0.1 0.7)
(0 0 0.75)
(0.1 0 0.75)
(0 0.1 0.75)
(0.1 0.1 0.75)
(0 0 0.8)
(0.1 0 0.8)
(0 0.1 0.8)
(0.1 0.1 0.8)
(0 0 0.85)
(0.1 0 0.85)
(0 0.1 0.85)
(0.1 0.1 0.85)
(0 0 0.9)
(0.1 0 0.9)
(0 0.1 0.9)
(0.1 0.1 0.9)
(0 0 0.95)
(0.1 0 0.95)
(0 0.1 0.95)
(0.1 0.1 0.95)
(0 0 1)
(0.1 0 1)
(0 0.1 1)
(0.1 0.1 1)
(0 0 1.05)
(0.1 0 1.05)
(0 0.1 1.05)
(0.1 0.1 1.05)
(0 0 1.1)
(0.1 0 1.1)
(0 0.1 1.1)
(0.1 0.1 1.1)
(0 0 1.15)
(0.1 0 1.15)
(0 0.1 1.15)
(0.1 0.1 1.15)
(0 0 1.2)
(0.1 0 1.2)
(0 0.1 1.2)
(0.1 0.1 1.2)
(0 0 1.25)
(0.1 0 1.25)
(0 0.1 1.25)
(0.1 0.1 1.25)
(0 0 1.3)
(0.1 0 1.3)
(0 0.1 1.3)
(0.1 0.1 1.3)
(0 0 1.35)
(0.1 0 1.35)
(0 0.1 1.35)
(0.1 0.1 1.35)
(0 0 1.4)
(0.1 0 1.4)
(0 0.1 1.4)
(0.1 0.1 1.4)
(0 0 1.45)
(0.1 0 1.45)
(0 0.1 1.45)
(0.1 0.1 1.45)
(0 0 1.5)
(0.1 0 1.5)
(0 0.1 1.5)
(0.1 0.1 1.5)
(0 0 1.55)
(0.1 0 1.55)
(0 0.1 1.55)
(0.1 0.1 1.55)
(0 0 1.6)
(0.1 0 1.6)
(0 0.1 1.6)
(0.1 0.1 1.6)
(0 0 1.65)
(0.1 0 1.65)
(0 0.1 1.65)
(0.1 0.1 1.65)
(0 0 1.7)
(0.1 0 1.7)
(0 0.1 1.7)
(0.1 0.1 1.7)
(0 0 1.75)
(0.1 0 1.75)
(0 0.1 1.75)
(0.1 0.1 1.75)
(0 0 1.8)
(0.1 0 1.8)
(0 0.1 1.8)
(0.1 0.1 1.8)
(0 0 1.85)
(0.1 0 1.85)
(0 0.1 1.85)
(0.1 0.1 1.85)
(0 0 1.9)
(0.1 0 1.9)
(0 0.1 1.9)
(0.1 0.1 1.9)
(0 0 1.95)
(0.1 0 1.95)
(0 0.1 1.95)
(0.1 0.1 1.95)
(0 0 2)
(0.1 0 2)
(0 0.1 2)
(0.1 0.1 2)
(0 0 2.05)
(0.1 0 2.05)
(0 0.1 2.05)
(0.1 0.1 2.05)
(0 0 2.1)
(0.1 0 2.1)
(0 0.1 2.1)
(0.1 0.1 2.1)
(0 0 2.15)
(0.1 0 2.15)
(0 0.1 2.15)
(0.1 0.1 2.15)
(0 0 2.2)
(0.1 0 2.2)
(0 0.1 2.2)
(0.1 0.1 2.2)
(0 0 2.25)
(0.1 0 2.25)
(0 0.1 2.25)
(0.1 0.1 2.25)
(0 0 2.3)
(0.1 0 2.3)
(0 0.1 2.3)
(0.1 0.1 2.3)
(0 0 2.35)
(0.1 0 2.35)
(0 0.1 2.35)
(0.1 0.1 2.35)
(0 0 2.4)
(0.1 0 2.4)
(0 0.1 2.4)
(0.1 0.1 2.4)
(0 0 2.45)
(0.1 0 2.45)
(0 0.1 2.45)
(0.1 0.1 2.45)
(0 0 2.5)
(0.1 0 2.5)
(0 0.1 2.5)
(0.1 0.1 2.5)
(0 0 2.55)
(0.1 0 2.55)
(0 0.1 2.55)
(0.1 0.1 2.55)
(0 0 2.6)
(0.1 0 2.6)
(0 0.1 2.6)
(0.1 0.1 2.6)
(0 0 2.65)
(0.1 0 2.65)
(0 0.1 2.65)
(0.1 0.1 2.65)
(0 0 2.7)
(0.1 0 2.7)
(0 0.1 2.7)
(0.1 0.1 2.7)
(0 0 2.75)
(0.1 0 2.75)
(0 0.1 2.75)
(0.1 0.1 2.75)
(0 0 2.8)
(0.1 0 2.8)
(0 0.1 2.8)
(0.1 0.1 2.8)
(0 0 2.85)
(0.1 0 2.85)
(0 0.1 2.85)
(0.1 0.1 2.85)
(0 0 2.9)
(0.1 0 2.9)
(0 0.1 2.9)
(0.1 0.1 2.9)
(0 0 2.95)
(0.1 0 2.95)
(0 0.1 2.95)
(0.1 0.1 2.95)
(0 0 3)
(0.1 0 3)
(0 0.1 3)
(0.1 0.1 3)
(0.2 0 0)
(0.3 0 0)
(0.2 0.1 0)
(0.3 0.1 0)
(0.2 0 0.05)
(0.3 0 0.05)
(0.2 0.1 0.05)
(0.3 0.1 0.05)
(0.2 0 0.1)
(0.3 0 0.1)
(0.2 0.1 0.1)
(0.3 0.1 0.1)
(0.2 0 0.15)
(0.3 0 0.15)
(0.2 0.1 0.15)
(0.3 0.1 0.15)
(0.2 0 0.2)
(0.3 0 0.2)
(0.2 0.1 0.2)
(0.3 0.1 0.2)
(0.2 0 0.25)
(0.3 0 0.25)
(0.2 0.1 0.25)
(0.3 0.1 0.25)
(0.2 0 0.3)
(0.3 0 0.3)
(0.2 0.1 0.3)
(0.3 0.1 0.3)
(0.2 0 0.35)
(0.3 0 0.35)
(0.2 0.1 0.35)
(0.3 0.1 0.35)
(0.2 0 0.4)
(0.3 0 0.4)
(0.2 0.1 0.4)
(0.3 0.1 0.4)
(0.2 0 0.45)
(0.3 0 0.45)
(0.2 0.1 0.45)
(0.3 0.1 0.45)
(0.2 0 0.5)
(0.3 0 0.5)
(0.2 0.1 0.5)
(0.3 0.1 0.5)
(0.2 0 0.55)
(0.3 0 0.55)
(0.2 0.1 0.55)
(0.3 0.1 0.55)
(0.2 0 0.6)
(0.3 0 0.6)
(0.2 0.1 0.6)
(0.3 0.1 0.6)
(0.2 0 0.65)
(0.3 0 0.65)
(0.2 0.1 0.65)
(0.3 0.1 0.65)
(0.2 0 0.7)
(0.3 0 0.7)
(0.2 0.1 0.7)
(0.3 0.1 0.7)
(0.2 0 0.75)
(0.3 0 0.75)
(0.2 0.1 0.75)
(0.3 0.1 0.75)
(0.2 0 0.8)
(0.3 0 0.8)
(0.2 0.1 0.8)
(0.3 0.1 0.8)
(0.2 0 0.85)
(0.3 0 0.85)
(0.2 0.1 0.85)
(0.3 0.1 0.85)
(0.2 0 0.9)
(0.3 0 0.9)
(0.2 0.1 0.9)
(0.3 0.1 0.9)
(0.2 0 0.95)
(0.3 0 0.95)
(0.2 0.1 0.95)
(0.3 0.1 0.95)
(0.2 0 1)
(0.3 0 1)
(0.2 0.1 1)
(0.3 0.1 1)
(0.2 0 1.05)
(0.3 0 1.05)
(0.2 0.1 1.05)
(0.3 0.1 1.05)
(0.2 0 1.1)
(0.3 0 1.1)
(0.2 0.1 1.1)
(0.3 0.1 1.1)
(0.2 0 1.15)
(0.3 0 1.15)
(0.2 0.1 1.15)
(0.3 0.1 1.15)
(0.2 0 1.2)
(0.3 0 1.2)
(0.2 0.1 1.2)
(0.3 0.1 1.2)
(0.2 0 1.25)
(0.3 0 1.25)
(0.2 0.1 1.25)
(0.3 0.1 1.25)
(0.2 0 1.3)
(0.3 0 1.3)
(0.2 0.1 1.3)
(0.3 0.1 1.3)
(0.2 0 1.35)
(0.3 0 1.35)
(0.2 0.1 1.35)
(0.3 0.1 1.35)
(0.2 0 1.4)
(0.3 0 1.4)
(0.2 0.1 1.4)
(0.3 0.1 1.4)
(0.2 0 1.45)
(0.3 0 1.45)
(0.2 0.1 1.45)
(0.3 0.1 1.45)
(0.2 0 1.5)
(0.3 0 1.5)
(0.2 0.1 1.5)
(0.3 0.1 1.5)
(0.2 0 1.55)
(0.3 0 1.55)
(0.2 0.1 1.55)
(0.3 0.1 1.55)
(0.2 0 1.6)
(0.3 0 1.6)
(0.2 0.1 1.6)
(0.3 0.1 1.6)
(0.2 0 1.65)
(0.3 0 1.65)
(0.2 0.1 1.65)
(0.3 0.1 1.65)
(0.2 0 1.7)
(0.3 0 1.7)
(0.2 0.1 1.7)
(0.3 0.1 1.7)
(0.2 0 1.75)
(0.3 0 1.75)
(0.2 0.1 1.75)
(0.3 0.1 1.75)
(0.2 0 1.8)
(0.3 0 1.8)
(0.2 0.1 1.8)
(0.3 0.1 1.8)
(0.2 0 1.85)
(0.3 0 1.85)
(0.2 0.1 1.85)
(0.3 0.1 1.85)
(0.2 0 1.9)
(0.3 0 1.9)
(0.2 0.1 1.9)
(0.3 0.1 1.9)
(0.2 0 1.95)
(0.3 0 1.95)
(0.2 0.1 1.95)
(0.3 0.1 1.95)
(0.2 0 2)
(0.3 0 2)
(0.2 0.1 2)
(0.3 0.1 2)
(0.2 0 2.05)
(0.3 0 2.05)
(0.2 0.1 2.05)
(0.3 0.1 2.05)
(0.2 0 2.1)
(0.3 0 2.1)
(0.2 0.1 2.1)
(0.3 0.1 2.1)
(0.2 0 2.15)
(0.3 0 2.15)
(0.2 0.1 2.15)
(0.3 0.1 2.15)
(0.2 0 2.2)
(0.3 0 2.2)
(0.2 0.1 2.2)
(0.3 0.1 2.2)
(0.2 0 2.25)
(0.3 0 2.25)
(0.2 0.1 2.25)
(0.3 0.1 2.25)
(0.2 0 2.3)
(0.3 0 2.3)
(0.2 0.1 2.3)
(0.3 0.1 2.3)
(0.2 0 2.35)
(0.3 0 2.35)
(0.2 0.1 2.35)
(0.3 0.1 2.35)
(0.2 0 2.4)
(0.3 0 2.4)
(0.2 0.1 2.4)
(0.3 0.1 2.4)
(0.2 0 2.45)
(0.3 0 2.45)
(0.2 0.1 2.45)
(0.3 0.1 2.45)
(0.2 0 2.5)
(0.3 0 2.5)
(0.2 0.1 2.5)
(0.3 0.1 2.5)
(0.2 0 2.55)
(0.3 0 2.55)
(0.2 0.1 2.55)
(0.3 0.1 2.55)
(0.2 0 2.6)
(0.3 0 2.6)
(0.2 0.1 2.6)
(0.3 0.1 2.6)
(0.2 0 2.65)
(0.3 0 2.65)
(0.2 0.1 2.65)
(0.3 0.1 2.65)
(0.2 0 2.7)
(0.3 0 2.7)
(0.2 0.1 2.7)
(0.3 0.1 2.7)
(0.2 0 2.75)
(0.3 0 2.75)
(0.2 0.1 2.75)
(0.3 0.1 2.75)
(0.2 0 2.8)
(0.3 0 2.8)
(0.2 0.1 2.8)
(0.3 0.1 2.8)
(0.2 0 2.85)
(0.3 0 2.85)
(0.2 0.1 2.85)
(0.3 0.1 2.85)
(0.2 0 2.9)
(0.3 0 2.9)
(0.2 0.1 2.9)
(0.3 0.1 2.9)
(0.2 0 2.95)
(0.3 0 2.95)
(0.2 0.1 2.95)
(0.3 0.1 2.95)
(0.2 0 3)
(0.3 0 3)
(0.2 0.1 3)
(0.3 0.1 3)
)

// ************************************************************************* //
