/*--------------------------------*- C++ -*----------------------------------*\
| =========                 |                                                 |
| \\      /  F ield         | OpenFOAM: The Open Source CFD Toolbox           |
|  \\    /   O peration     | Version:  2212                                  |
|   \\  /    A nd           | Website:  www.openfoam.com                      |
|    \\/     M anipulation  |                                                 |
\*---------------------------------------------------------------------------*/
FoamFile
{
    version     2.0;
    format      ascii;
    arch        "LSB;label=32;scalar=64";
    class       volScalarField;
    location    "41/neutroRegion";
    object      TClad;
}
// * * * * * * * * * * * * * * * * * * * * * * * * * * * * * * * * * * * * * //

dimensions      [0 0 0 1 0 0 0];

internalField   nonuniform List<scalar> 
350
(
0
0
0
0
0
0
0
0
0
0
0
0
0
0
0
0
0
0
0
0
0
0
0
0
0
0
0
0
0
0
0
0
0
0
0
0
0
0
0
0
0
0
0
0
0
0
0
0
0
0
1837.52
1876.01
1901.55
1914.14
1913.91
1901.13
1876.21
1839.74
1792.42
1735.09
1668.74
1594.45
1513.47
1427.11
1336.82
1244.05
1150.19
1056.3
962.772
868.768
771.36
664.291
536.919
377.337
187.23
1865.75
1904.87
1930.81
1943.57
1943.28
1930.21
1904.8
1867.62
1819.4
1760.98
1693.38
1617.69
1535.17
1447.16
1355.13
1260.56
1164.89
1069.23
974.037
878.509
779.717
671.32
542.461
380.936
188.446
1832.93
1871.34
1896.84
1909.42
1909.22
1896.5
1871.68
1835.33
1788.17
1731.03
1664.88
1590.83
1510.09
1424.01
1333.99
1241.51
1147.94
1054.33
961.055
867.289
770.1
663.242
536.104
376.812
187.044
1859.4
1898.36
1924.19
1936.9
1936.61
1923.59
1898.28
1861.25
1813.22
1755.05
1687.73
1612.36
1530.18
1442.55
1350.91
1256.75
1161.5
1066.25
971.432
876.256
777.784
669.692
541.177
380.101
188.165
1859.4
1898.36
1924.19
1936.9
1936.61
1923.59
1898.28
1861.25
1813.22
1755.05
1687.73
1612.36
1530.18
1442.55
1350.91
1256.75
1161.5
1066.25
971.432
876.256
777.784
669.692
541.177
380.101
188.165
1832.93
1871.34
1896.84
1909.43
1909.22
1896.5
1871.68
1835.34
1788.17
1731.03
1664.89
1590.83
1510.1
1424.01
1333.99
1241.51
1147.94
1054.33
961.055
867.29
770.101
663.243
536.104
376.813
187.044
1865.75
1904.87
1930.81
1943.57
1943.28
1930.21
1904.8
1867.62
1819.4
1760.98
1693.38
1617.69
1535.17
1447.16
1355.13
1260.56
1164.89
1069.23
974.037
878.509
779.717
671.32
542.461
380.936
188.446
1837.52
1876.01
1901.55
1914.14
1913.91
1901.13
1876.21
1839.74
1792.42
1735.09
1668.74
1594.45
1513.47
1427.11
1336.82
1244.05
1150.19
1056.3
962.772
868.768
771.36
664.291
536.919
377.337
187.23
1859.4
1898.36
1924.19
1936.9
1936.61
1923.59
1898.28
1861.25
1813.22
1755.05
1687.73
1612.36
1530.18
1442.55
1350.91
1256.75
1161.5
1066.25
971.432
876.256
777.784
669.692
541.177
380.101
188.165
1832.93
1871.34
1896.84
1909.42
1909.22
1896.5
1871.68
1835.33
1788.17
1731.03
1664.88
1590.83
1510.09
1424.01
1333.99
1241.51
1147.94
1054.33
961.055
867.289
770.1
663.242
536.104
376.812
187.044
1832.93
1871.34
1896.84
1909.43
1909.22
1896.5
1871.68
1835.34
1788.17
1731.03
1664.89
1590.83
1510.1
1424.01
1333.99
1241.51
1147.94
1054.33
961.055
867.29
770.101
663.242
536.104
376.813
187.044
1859.4
1898.36
1924.19
1936.9
1936.61
1923.59
1898.28
1861.25
1813.22
1755.05
1687.73
1612.36
1530.18
1442.55
1350.91
1256.75
1161.5
1066.25
971.432
876.256
777.784
669.692
541.177
380.1
188.165
)
;

boundaryField
{
    outletCentralUnloaded
    {
        type            zeroGradient;
    }
    inletCentralUnloaded
    {
        type            zeroGradient;
    }
    outletFuelElement
    {
        type            zeroGradient;
    }
    inletFuelElement
    {
        type            zeroGradient;
    }
    defaultFaces
    {
        type            zeroGradient;
    }
}


// ************************************************************************* //
