/*--------------------------------*- C++ -*----------------------------------*\
| =========                 |                                                 |
| \\      /  F ield         | OpenFOAM: The Open Source CFD Toolbox           |
|  \\    /   O peration     | Version:  2212                                  |
|   \\  /    A nd           | Website:  www.openfoam.com                      |
|    \\/     M anipulation  |                                                 |
\*---------------------------------------------------------------------------*/
FoamFile
{
    version     2.0;
    format      ascii;
    arch        "LSB;label=32;scalar=64";
    class       surfaceScalarField;
    location    "15/fluidRegion";
    object      alphaRhoPhi;
}
// * * * * * * * * * * * * * * * * * * * * * * * * * * * * * * * * * * * * * //

dimensions      [1 0 -1 0 0 0 0];

oriented        oriented;

internalField   nonuniform List<scalar> 
661
(
-0.00583639
4.02838e-15
-0.00583639
3.88498e-15
-0.00583639
5.43015e-15
-0.00583639
2.35482e-15
-0.00583639
9.18998e-15
-0.00583639
6.57854e-15
-0.00583639
3.40486e-15
-0.00583639
7.8345e-15
-0.00583639
3.92821e-15
-0.00583639
4.89269e-15
-0.00583639
4.09999e-15
-0.00583639
2.89766e-15
-0.00583639
2.6303e-15
-0.00583639
2.75699e-15
-0.00583639
1.49405e-15
-0.00583639
1.57563e-15
-0.00583639
2.60821e-15
-0.00583639
5.23822e-15
-0.00583639
-4.63257e-15
-0.00583639
1.45434e-15
-0.00583639
1.75636e-15
-0.00583639
4.57483e-15
-0.00583639
8.09291e-15
-0.00583639
2.38715e-16
-3.94185e-14
-0.00583639
-0.00583639
-0.00583639
-0.00583639
-0.00583639
-0.00583639
-0.00583639
-0.00583639
-0.00583639
-0.00583639
-0.00583639
-0.00583639
-0.00583639
-0.00583639
-0.00583639
-0.00583639
-0.00583639
-0.00583639
-0.00583639
-0.00583639
-0.00583639
-0.00583639
-0.00583639
-0.00583639
-0.00869905
4.51765e-07
-0.00869937
4.1072e-07
-0.00869974
4.60441e-07
-0.00870007
4.07842e-07
-0.00870036
3.60632e-07
-0.00870062
3.11108e-07
-0.00870084
2.56574e-07
-0.008701
1.92682e-07
-0.00870111
1.15092e-07
-0.00870114
1.77213e-08
-0.00870108
-1.01783e-07
-0.0087009
-2.46771e-07
-0.00870057
-4.17053e-07
-0.00870008
-6.09506e-07
-0.0086994
-8.18559e-07
-0.00869852
-1.04047e-06
-0.00869742
-1.27545e-06
-0.00869608
-1.53245e-06
-0.00869446
-1.82852e-06
-0.00869249
-2.18742e-06
-0.00869009
-2.62882e-06
-0.00868719
-3.14181e-06
-0.00868378
-3.64095e-06
-0.00868013
-3.85926e-06
-3.70655e-06
-0.00863357
-5.49736e-08
-5.56713e-08
-0.00863293
-1.32282e-07
-1.34442e-07
-0.00863228
-1.17459e-07
-1.18059e-07
-0.00863171
-1.01543e-07
-1.01195e-07
-0.00863121
-8.70646e-08
-8.57276e-08
-0.00863079
-7.19842e-08
-7.0397e-08
-0.00863045
-5.53147e-08
-5.34639e-08
-0.00863022
-3.59968e-08
-3.42189e-08
-0.0086301
-1.21894e-08
-1.03043e-08
-0.00863013
1.6689e-08
1.8423e-08
-0.00863035
5.3554e-08
5.5389e-08
-0.0086308
9.89077e-08
1.00574e-07
-0.00863153
1.53111e-07
1.54894e-07
-0.00863256
2.15502e-07
2.17039e-07
-0.00863394
2.8498e-07
2.86484e-07
-0.00863569
3.60278e-07
3.6134e-07
-0.00863784
4.42079e-07
4.42864e-07
-0.00864043
5.33265e-07
5.33269e-07
-0.00864353
6.40156e-07
6.39381e-07
-0.00864726
7.70301e-07
7.68088e-07
-0.00865175
9.29488e-07
9.25917e-07
-0.00865712
1.10754e-06
1.10175e-06
-0.0086633
1.25571e-06
1.24683e-06
-0.00866963
1.21589e-06
1.20226e-06
1.12946e-06
1.11495e-06
-0.0087099
3.375e-07
-0.00871041
4.61239e-07
-0.00871089
4.39223e-07
-0.00871132
3.84392e-07
-0.00871169
3.31756e-07
-0.008712
2.77008e-07
-0.00871225
2.16249e-07
-0.00871243
1.45242e-07
-0.00871251
5.8532e-08
-0.00871247
-4.88486e-08
-0.00871229
-1.81109e-07
-0.00871193
-3.40927e-07
-0.00871136
-5.28291e-07
-0.00871054
-7.39044e-07
-0.00870944
-9.68035e-07
-0.00870804
-1.21087e-06
-0.00870632
-1.46924e-06
-0.00870424
-1.75261e-06
-0.00870173
-2.08077e-06
-0.00869871
-2.4774e-06
-0.00869506
-2.9602e-06
-0.00869068
-3.50418e-06
-0.00868567
-3.97322e-06
-0.00868065
-3.99199e-06
-3.65741e-06
-0.00864826
5.39423e-10
-0.00864785
-2.64093e-10
-0.00864746
6.26864e-11
-0.00864712
1.561e-11
-0.00864683
4.59941e-11
-0.00864659
5.43994e-11
-0.00864641
4.19468e-11
-0.00864629
6.45536e-11
-0.00864625
7.89145e-11
-0.00864631
6.98665e-11
-0.00864649
8.88988e-11
-0.00864682
1.49172e-10
-0.00864733
2.12169e-10
-0.00864804
2.60622e-10
-0.00864897
2.74844e-10
-0.00865014
2.55084e-10
-0.00865156
2.6178e-10
-0.00865327
3.87819e-10
-0.00865531
4.57609e-10
-0.00865775
5.5773e-10
-0.00866068
7.17109e-10
-0.00866417
4.86008e-10
-0.00866816
-1.83455e-10
-0.00867219
-1.08804e-09
-1.80113e-09
-0.00864827
-3.36452e-07
-0.00864786
-4.6179e-07
-0.00864747
-4.39011e-07
-0.00864713
-3.84279e-07
-0.00864684
-3.31611e-07
-0.0086466
-2.7688e-07
-0.00864642
-2.16136e-07
-0.0086463
-1.45092e-07
-0.00864626
-5.83581e-08
-0.00864632
4.90273e-08
-0.0086465
1.81332e-07
-0.00864683
3.4127e-07
-0.00864734
5.28749e-07
-0.00864805
7.39586e-07
-0.00864898
9.68599e-07
-0.00865015
1.21142e-06
-0.00865157
1.46983e-06
-0.00865328
1.75341e-06
-0.00865532
2.08169e-06
-0.00865776
2.47849e-06
-0.00866069
2.96152e-06
-0.00866418
3.50515e-06
-0.00866817
3.97292e-06
-0.0086722
3.98977e-06
3.65407e-06
-0.0087099
5.36036e-08
-0.00871041
1.31714e-07
-0.0087109
1.17005e-07
-0.00871133
1.01462e-07
-0.0087117
8.7492e-08
-0.00871201
7.23587e-08
-0.00871226
5.59246e-08
-0.00871243
3.64016e-08
-0.00871251
1.27763e-08
-0.00871248
-1.63879e-08
-0.0087123
-5.30816e-08
-0.00871194
-9.86593e-08
-0.00871136
-1.52647e-07
-0.00871054
-2.15325e-07
-0.00870944
-2.8467e-07
-0.00870804
-3.60403e-07
-0.00870632
-4.42162e-07
-0.00870423
-5.33865e-07
-0.00870173
-6.40908e-07
-0.0086987
-7.71964e-07
-0.00869505
-9.31562e-07
-0.00869067
-1.11084e-06
-0.00868566
-1.25962e-06
-0.00868065
-1.22059e-06
-1.1339e-06
-0.00863357
-4.53051e-07
-5.61016e-08
-0.00863293
-4.12106e-07
-1.33755e-07
-0.00863228
-4.6057e-07
-1.18212e-07
-0.00863171
-4.07332e-07
-1.01431e-07
-0.00863121
-3.59309e-07
-8.6192e-08
-0.00863079
-3.099e-07
-7.08248e-08
-0.00863045
-2.55018e-07
-5.39708e-08
-0.00863022
-1.91455e-07
-3.46753e-08
-0.0086301
-1.13595e-07
-1.08312e-08
-0.00863013
-1.66451e-08
1.7967e-08
-0.00863035
1.03131e-07
5.48617e-08
-0.00863081
2.47753e-07
1.00074e-07
-0.00863153
4.1834e-07
1.54261e-07
-0.00863256
6.10308e-07
2.16481e-07
-0.00863394
8.19536e-07
2.85878e-07
-0.00863569
1.04074e-06
3.60914e-07
-0.00863784
1.27577e-06
4.42432e-07
-0.00864043
1.53191e-06
5.32942e-07
-0.00864353
1.82779e-06
6.39064e-07
-0.00864726
2.18537e-06
7.68013e-07
-0.00865175
2.62622e-06
9.25881e-07
-0.00865712
3.13736e-06
1.1023e-06
-0.0086633
3.63517e-06
1.24841e-06
-0.00866963
3.85109e-06
1.20521e-06
3.69793e-06
1.11886e-06
-0.00869905
-0.00869937
-0.00869974
-0.00870007
-0.00870037
-0.00870062
-0.00870084
-0.008701
-0.00870111
-0.00870114
-0.00870108
-0.0087009
-0.00870057
-0.00870008
-0.0086994
-0.00869852
-0.00869742
-0.00869608
-0.00869446
-0.00869249
-0.00869009
-0.00868719
-0.00868378
-0.00868013
-0.00864826
-3.3765e-07
6.41408e-10
-0.00864785
-4.61274e-07
-3.9221e-10
-0.00864746
-4.39095e-07
8.67057e-11
-0.00864712
-3.8424e-07
-2.86968e-11
-0.00864683
-3.31475e-07
9.95859e-12
-0.00864659
-2.76823e-07
-7.55493e-11
-0.00864641
-2.15994e-07
4.21159e-12
-0.00864629
-1.45104e-07
-4.246e-11
-0.00864625
-5.83051e-08
2.60672e-11
-0.00864631
4.88772e-08
5.56233e-11
-0.00864649
1.8123e-07
1.57391e-10
-0.00864682
3.40969e-07
9.41189e-11
-0.00864733
5.28443e-07
2.09846e-10
-0.00864804
7.39054e-07
1.71585e-10
-0.00864897
9.68055e-07
3.57028e-10
-0.00865014
1.21061e-06
3.9683e-10
-0.00865156
1.46896e-06
6.2399e-10
-0.00865327
1.75215e-06
5.83224e-10
-0.00865531
2.08032e-06
8.33913e-10
-0.00865775
2.47667e-06
9.19483e-10
-0.00866068
2.95947e-06
1.14585e-09
-0.00866417
3.50278e-06
1.35525e-09
-0.00866816
3.97147e-06
1.45059e-09
-0.00867219
3.98984e-06
8.88629e-10
3.6559e-06
-5.94781e-10
-0.0087099
-0.00871041
-0.00871089
-0.00871132
-0.00871169
-0.008712
-0.00871225
-0.00871243
-0.00871251
-0.00871247
-0.00871229
-0.00871194
-0.00871136
-0.00871054
-0.00870944
-0.00870804
-0.00870632
-0.00870424
-0.00870173
-0.00869871
-0.00869506
-0.00869068
-0.00868567
-0.00868065
-0.0087099
3.34853e-07
-0.00871041
4.59939e-07
-0.0087109
4.38534e-07
-0.00871133
3.84604e-07
-0.0087117
3.3305e-07
-0.00871201
2.7821e-07
-0.00871226
2.17941e-07
-0.00871243
1.46485e-07
-0.00871251
6.01245e-08
-0.00871248
-4.77979e-08
-0.0087123
-1.79715e-07
-0.00871194
-3.40142e-07
-0.00871136
-5.27141e-07
-0.00871054
-7.38622e-07
-0.00870944
-9.6734e-07
-0.00870804
-1.21115e-06
-0.00870632
-1.46945e-06
-0.00870423
-1.75421e-06
-0.00870173
-2.08278e-06
-0.0086987
-2.48153e-06
-0.00869505
-2.96535e-06
-0.00869067
-3.5119e-06
-0.00868566
-3.98205e-06
-0.00868065
-4.00275e-06
-3.66728e-06
-0.00864827
-0.00864786
-0.00864747
-0.00864713
-0.00864684
-0.0086466
-0.00864642
-0.0086463
-0.00864626
-0.00864632
-0.0086465
-0.00864683
-0.00864734
-0.00864805
-0.00864898
-0.00865015
-0.00865157
-0.00865328
-0.00865532
-0.00865776
-0.00866069
-0.00866418
-0.00866817
-0.0086722
)
;

boundaryField
{
    outletCentralUnloaded
    {
        type            calculated;
        value           nonuniform List<scalar> 2(0.00583639 0.00583639);
    }
    inletCentralUnloaded
    {
        type            calculated;
        value           nonuniform List<scalar> 2(-0.00587363 -0.00587363);
    }
    outletFuelElement
    {
        type            calculated;
        value           nonuniform List<scalar> 
12
(
0.00869869
0.0086341
0.00870959
0.00864854
0.00864855
0.0087096
0.0086341
0.00869869
0.00864854
0.00870959
0.0087096
0.00864855
)
;
    }
    inletFuelElement
    {
        type            calculated;
        value           nonuniform List<scalar> 
12
(
-0.00892024
-0.00892024
-0.00892023
-0.00892023
-0.00892024
-0.00892024
-0.00892024
-0.00892024
-0.00892023
-0.00892023
-0.00892024
-0.00892024
)
;
    }
    defaultFaces
    {
        type            calculated;
        value           nonuniform List<scalar> 
450
(
7.7819e-24
-2.09889e-23
0
1.58126e-23
-1.20331e-24
0
1.50644e-23
3.96097e-24
0
-3.03299e-23
-9.02238e-24
0
-1.45068e-23
-2.5507e-23
0
-1.90176e-23
-1.04043e-23
0
-1.79245e-23
-1.00536e-23
0
-8.49658e-24
-1.04365e-23
0
-4.61998e-24
-3.60847e-24
0
-1.0029e-24
-5.07054e-25
0
6.21486e-24
4.86858e-24
0
1.79244e-23
8.31503e-24
0
3.08461e-23
-2.45247e-24
0
3.6443e-23
1.69393e-23
0
5.46605e-23
9.89807e-24
0
7.78693e-23
3.5323e-23
0
8.35342e-23
-1.87915e-23
0
1.05733e-22
7.19387e-23
0
9.96833e-23
-1.17667e-22
0
-3.9855e-23
-8.66973e-23
0
-1.00443e-22
-4.52688e-23
0
1.90831e-22
-6.31687e-23
0
-1.18002e-22
1.07978e-23
0
-1.59898e-22
-1.45165e-22
0
-1.15307e-22
-1.31938e-22
0
5.41598e-24
0
2.17883e-23
0
-5.51911e-24
0
5.63342e-24
0
0
0
9.00219e-24
0
4.6993e-24
0
1.64851e-24
0
-1.31205e-24
0
-1.87287e-24
0
-2.02381e-24
0
-1.767e-23
0
-9.74525e-24
0
-2.17446e-23
0
-4.91157e-23
0
-4.21555e-23
0
8.15628e-23
0
-5.77031e-23
0
2.30672e-23
0
-1.12685e-22
0
-1.05158e-22
0
1.77454e-22
0
0
0
-1.8037e-22
0
-1.32517e-22
0
-5.35093e-24
-1.0761e-23
0
-5.56258e-24
5.71906e-24
-5.92437e-24
0
-3.25409e-24
1.72656e-24
1.84841e-24
3.99499e-24
8.72111e-24
9.62147e-24
2.14744e-23
0
2.77785e-23
-3.22671e-23
3.80745e-23
-4.57018e-23
0
0
-4.4116e-23
-1.69559e-22
0
0
0
0
0
0
0
0
0
0
0
0
0
0
0
0
0
0
0
0
0
0
0
0
0
0
0
-1.0832e-23
1.0832e-23
0
1.63412e-23
1.10382e-23
2.75956e-23
-1.12668e-23
-8.45012e-24
5.79275e-24
-5.79275e-24
-9.00218e-24
-6.00146e-24
-3.13286e-24
-6.26573e-24
-4.94552e-24
-3.29701e-24
3.49881e-24
-1.31205e-24
1.40465e-24
4.68217e-25
6.07144e-24
4.04763e-24
1.32525e-23
8.835e-24
2.43631e-23
1.94905e-23
2.17445e-23
2.71807e-23
1.22789e-23
3.06973e-23
4.21555e-23
4.21555e-23
-4.89376e-23
8.15627e-23
3.84687e-23
5.7703e-23
-1.38403e-22
1.15336e-22
-1.12685e-22
-5.63427e-23
0
-7.01051e-23
-1.77453e-22
1.55272e-22
-1.13478e-22
-1.41847e-22
-7.21478e-23
-1.44296e-22
-1.32517e-22
-8.83447e-23
1.07271e-23
0
0
4.95574e-24
0
-5.43535e-24
2.03575e-23
0
-3.30425e-23
-3.90122e-23
0
5.621e-24
1.05894e-23
0
0
-2.7576e-23
0
5.98802e-24
-2.46548e-23
0
6.25163e-24
-1.49876e-23
0
0
-5.00185e-24
0
-3.49091e-24
-1.38284e-24
0
0
8.37821e-24
-0
0
1.83413e-23
-0
-4.40775e-24
3.90874e-23
-0
-9.72412e-24
5.22551e-23
-0
-1.08493e-23
8.34913e-23
-0
0
9.15681e-23
-0
-1.40244e-23
7.67848e-23
-0
1.62825e-23
1.32984e-22
-0
-1.92014e-23
1.02208e-22
-0
-6.90936e-23
-7.97027e-23
-0
5.62652e-23
-3.18948e-23
-0
7.00237e-23
1.60311e-22
-0
4.4323e-23
-1.14767e-22
-0
0
-7.49942e-23
-0
7.21231e-23
-8.19437e-23
-0
4.41679e-23
-5.35093e-24
0
1.09013e-23
-5.56258e-24
1.14381e-23
0
0
0
-8.6328e-25
9.24206e-25
3.99499e-24
4.36056e-24
0
1.07372e-23
1.2131e-23
2.77785e-23
-3.22671e-23
3.80745e-23
-1.37105e-22
-5.58736e-23
6.96096e-23
-1.32348e-22
-1.69559e-22
-7.19978e-23
0
1.6248e-23
0
5.44709e-24
0
-5.51911e-24
0
1.69002e-23
0
-5.79275e-24
0
6.00146e-24
0
9.3986e-24
0
4.94552e-24
0
-4.37351e-25
0
-1.87287e-24
-0
-8.09526e-24
-0
-4.4175e-24
-0
-1.46179e-23
-0
-3.26168e-23
-0
-6.13947e-23
-0
-1.40518e-23
-0
9.78753e-23
-0
-3.84687e-23
-0
9.22686e-23
-0
-8.45141e-23
-0
-1.4021e-22
-0
1.77454e-22
-0
5.67389e-23
-0
-1.08222e-22
-0
-1.76689e-22
-0
-8.12397e-24
5.41598e-24
-1.08942e-23
1.08942e-23
-1.10382e-23
1.65573e-23
-1.12668e-23
-2.81671e-23
-5.79275e-24
1.44819e-23
-6.00146e-24
-1.80044e-23
-6.26573e-24
-1.56643e-23
-3.29701e-24
-9.89103e-24
0
-3.49881e-24
9.36433e-25
3.97984e-24
4.04763e-24
1.51786e-23
4.4175e-24
2.42962e-23
9.74524e-24
4.87262e-23
1.08723e-23
6.52336e-23
2.45578e-23
6.75341e-23
2.81037e-23
9.83628e-23
0
8.15627e-23
3.84687e-23
1.53875e-22
0
1.15336e-22
-2.81713e-23
-8.4514e-23
0
-1.05158e-22
0
1.77453e-22
1.70217e-22
-1.41847e-22
-3.60739e-23
-7.21478e-23
0
-1.10431e-22
-0
-0
-0
-0
-0
-0
-0
-0
-0
0
0
0
0
0
0
0
0
0
0
0
0
0
0
0
0
)
;
    }
    baffle_master
    {
        type            calculated;
        value           nonuniform List<scalar> 
150
(
-8.02315e-32
0
0
9.14467e-32
0
-1.2133e-31
-9.05738e-32
0
0
1.2763e-32
0
-6.06751e-32
2.63888e-31
0
1.2136e-31
3.37705e-33
0
0
-1.15752e-32
0
0
-3.11898e-33
0
-1.2139e-31
2.67021e-32
0
2.428e-31
1.41379e-32
0
0
-9.74992e-34
0
3.03549e-32
-2.03715e-32
0
-6.07148e-32
2.31634e-32
0
0
3.54078e-32
0
0
-4.6024e-32
0
0
5.45663e-33
0
0
-6.9167e-31
0
-3.64437e-31
6.07923e-33
0
0
-1.68206e-31
0
-6.07495e-32
-6.32513e-33
0
0
-3.47379e-35
0
1.51899e-32
1.31422e-31
0
9.11466e-32
-5.96124e-32
0
-6.07694e-32
9.11554e-33
0
6.07743e-32
2.625e-31
0
0
-1.2132e-31
2.33125e-31
-0
-1.2133e-31
2.34189e-31
-0
0
1.77885e-31
-0
0
1.76507e-31
-0
6.06801e-32
-9.60052e-32
-0
-1.2137e-31
1.74277e-31
-0
-1.2138e-31
6.90393e-32
-0
0
1.36653e-31
-0
3.64199e-31
3.70349e-31
-0
-6.07049e-32
9.96087e-32
-0
3.03549e-32
8.17122e-32
-0
0
8.17782e-32
-0
-6.07197e-32
2.34548e-31
-0
-6.07247e-32
2.27688e-31
-0
-1.21459e-31
2.85767e-31
-0
0
1.11305e-31
-0
2.42958e-31
2.88246e-31
-0
-6.07445e-32
1.03448e-31
-0
0
-1.25103e-32
-0
1.51886e-32
1.65903e-32
0
0
1.66287e-32
0
9.11466e-32
-1.32373e-31
-0
6.07694e-32
1.38408e-31
-0
6.07743e-32
1.15614e-31
0
0
7.43432e-31
0
)
;
    }
    baffle_slave
    {
        type            calculated;
        value           nonuniform List<scalar> 
150
(
-1.70906e-24
-0
5.35093e-24
-2.01179e-24
-0
1.0761e-23
4.92492e-24
-0
5.45063e-24
-1.90634e-24
-0
0
-2.14697e-23
-0
-1.14381e-23
1.19964e-24
-0
0
1.92661e-25
-0
3.09231e-24
-8.10942e-25
-0
3.25409e-24
1.82862e-24
-0
0
4.60625e-25
0
0
1.24445e-25
0
3.99499e-24
8.1501e-25
0
4.36056e-24
-4.1962e-24
0
0
3.17781e-24
0
0
-8.50409e-25
0
2.42619e-23
1.43092e-23
0
0
-7.49165e-23
0
-6.45341e-23
8.15914e-25
0
0
-8.83396e-23
0
-4.57018e-23
1.17612e-23
0
-5.58736e-23
6.24289e-24
0
0
1.01875e-22
0
1.32348e-22
-1.58807e-23
0
0
-1.01194e-23
0
-7.19978e-23
-1.37939e-23
0
-8.82934e-23
-9.69592e-24
1.56734e-23
0
8.21952e-25
8.88543e-24
0
-2.90755e-24
1.82562e-23
0
-7.17762e-24
1.06149e-23
0
-1.08885e-24
-1.72826e-23
0
-7.43558e-24
1.10736e-23
0
-3.04266e-24
6.55049e-24
0
4.22297e-25
5.06839e-24
0
1.58845e-24
2.36645e-24
0
5.0602e-25
1.61219e-24
0
-6.36535e-25
-2.73778e-24
0
9.81786e-24
-5.8409e-24
0
7.3851e-24
-7.9428e-24
0
2.42827e-23
-1.56382e-23
0
1.41481e-23
-1.85673e-23
0
-1.873e-23
-2.37122e-23
0
-4.84185e-23
-2.94135e-23
0
-1.37277e-23
-1.76534e-23
0
-1.70212e-23
1.42483e-23
0
-9.98349e-24
4.7045e-23
0
-5.6245e-23
3.58288e-23
0
-5.07557e-23
1.25279e-22
0
-7.10242e-23
-9.1755e-23
0
3.56817e-23
6.74627e-23
0
-3.68922e-23
6.48312e-23
0
)
;
    }
}


// ************************************************************************* //
