/*--------------------------------*- C++ -*----------------------------------*\
| =========                 |                                                 |
| \\      /  F ield         | OpenFOAM: The Open Source CFD Toolbox           |
|  \\    /   O peration     | Version:  2212                                  |
|   \\  /    A nd           | Website:  www.openfoam.com                      |
|    \\/     M anipulation  |                                                 |
\*---------------------------------------------------------------------------*/
FoamFile
{
    version     2.0;
    format      ascii;
    arch        "LSB;label=32;scalar=64";
    class       volScalarField;
    location    "15/fluidRegion";
    object      dgdt;
}
// * * * * * * * * * * * * * * * * * * * * * * * * * * * * * * * * * * * * * //

dimensions      [0 0 -1 0 0 0 0];

internalField   nonuniform List<scalar> 
350
(
0.00528557
0.00526295
0.00525349
0.0052465
0.0052413
0.00523732
0.00523412
0.00523137
0.00522879
0.00522615
0.00522322
0.00521972
0.00521533
0.00520965
0.00520218
0.00519233
0.00517945
0.00516291
0.0051422
0.00511716
0.00508826
0.00505696
0.00499127
0.00488162
0.00230602
0.00528557
0.00526295
0.00525349
0.0052465
0.0052413
0.00523732
0.00523412
0.00523137
0.00522879
0.00522615
0.00522322
0.00521972
0.00521533
0.00520965
0.00520218
0.00519232
0.00517945
0.00516291
0.0051422
0.00511716
0.00508826
0.00505697
0.00499129
0.00488162
0.002306
11.2495
14.3884
25.3628
35.7712
45.5123
54.4931
62.6255
69.8235
75.9994
81.063
84.9233
87.4959
88.7145
88.546
87.0022
84.1432
80.0674
74.8904
68.7237
61.647
53.7136
44.9635
35.4729
25.4033
19.9884
11.1224
14.1128
25.1903
35.6998
45.5402
54.6182
62.8461
70.1379
76.4057
81.558
85.5017
88.1488
89.4285
89.3029
87.7802
84.919
80.8193
75.5998
69.3763
62.2317
54.2207
45.3832
35.7948
25.6183
20.1192
11.2633
14.4201
25.3779
35.7701
45.4955
54.4608
62.5783
69.7617
75.9234
80.9734
84.8212
87.3828
88.5926
88.4183
86.8721
84.0144
79.9434
74.7738
68.6168
61.5515
53.6309
44.8951
35.4205
25.3682
19.9671
11.1561
14.1849
25.2387
35.7249
45.5424
54.5979
62.8037
70.0736
76.3199
81.4514
85.3754
88.0047
89.2697
89.1334
87.6052
84.7438
80.6489
75.4387
69.2278
62.0984
54.1049
45.2872
35.7211
25.5691
20.0893
11.1561
14.1849
25.2387
35.7249
45.5424
54.5979
62.8037
70.0736
76.3199
81.4514
85.3754
88.0047
89.2696
89.1334
87.6052
84.7438
80.6489
75.4387
69.2278
62.0984
54.1049
45.2872
35.7211
25.5691
20.0893
11.2633
14.4201
25.3779
35.7701
45.4955
54.4608
62.5783
69.7616
75.9234
80.9734
84.8212
87.3828
88.5926
88.4182
86.8721
84.0144
79.9434
74.7738
68.6168
61.5515
53.6309
44.8951
35.4205
25.3682
19.9671
11.1224
14.1128
25.1903
35.6998
45.5402
54.6182
62.8461
70.1379
76.4057
81.558
85.5017
88.1488
89.4285
89.3028
87.7802
84.919
80.8193
75.5998
69.3763
62.2317
54.2207
45.3832
35.7948
25.6183
20.1192
11.2495
14.3884
25.3628
35.7712
45.5123
54.4931
62.6255
69.8235
75.9994
81.063
84.9233
87.4959
88.7145
88.546
87.0022
84.1432
80.0674
74.8904
68.7237
61.647
53.7135
44.9635
35.4729
25.4033
19.9884
11.1561
14.1849
25.2387
35.7249
45.5424
54.5979
62.8037
70.0736
76.3199
81.4514
85.3754
88.0047
89.2696
89.1334
87.6052
84.7438
80.6489
75.4387
69.2278
62.0984
54.1049
45.2872
35.7211
25.5691
20.0893
11.2634
14.4201
25.378
35.7701
45.4955
54.4608
62.5783
69.7617
75.9234
80.9734
84.8212
87.3828
88.5926
88.4182
86.8721
84.0144
79.9434
74.7738
68.6168
61.5515
53.6309
44.8951
35.4205
25.3682
19.9671
11.2633
14.4201
25.3779
35.7701
45.4955
54.4608
62.5783
69.7616
75.9234
80.9734
84.8212
87.3828
88.5926
88.4182
86.8721
84.0144
79.9433
74.7738
68.6168
61.5515
53.6309
44.8951
35.4205
25.3682
19.9671
11.1561
14.1849
25.2387
35.7249
45.5424
54.5979
62.8037
70.0736
76.3199
81.4514
85.3754
88.0047
89.2696
89.1334
87.6052
84.7438
80.6489
75.4387
69.2278
62.0984
54.1049
45.2872
35.7211
25.5691
20.0893
)
;

boundaryField
{
    outletCentralUnloaded
    {
        type            calculated;
        value           nonuniform List<scalar> 2(0.00528557 0.00528557);
    }
    inletCentralUnloaded
    {
        type            calculated;
        value           nonuniform List<scalar> 2(0.00230602 0.002306);
    }
    outletFuelElement
    {
        type            calculated;
        value           nonuniform List<scalar> 
12
(
11.2495
11.1224
11.2633
11.1561
11.1561
11.2633
11.1224
11.2495
11.1561
11.2634
11.2633
11.1561
)
;
    }
    inletFuelElement
    {
        type            calculated;
        value           nonuniform List<scalar> 
12
(
19.9884
20.1192
19.9671
20.0893
20.0893
19.9671
20.1192
19.9884
20.0893
19.9671
19.9671
20.0893
)
;
    }
    defaultFaces
    {
        type            calculated;
        value           nonuniform List<scalar> 
450
(
11.2495
11.2495
11.2495
14.3884
14.3884
14.3884
25.3628
25.3628
25.3628
35.7712
35.7712
35.7712
45.5123
45.5123
45.5123
54.4931
54.4931
54.4931
62.6255
62.6255
62.6255
69.8235
69.8235
69.8235
75.9994
75.9994
75.9994
81.063
81.063
81.063
84.9233
84.9233
84.9233
87.4959
87.4959
87.4959
88.7145
88.7145
88.7145
88.546
88.546
88.546
87.0022
87.0022
87.0022
84.1432
84.1432
84.1432
80.0674
80.0674
80.0674
74.8904
74.8904
74.8904
68.7237
68.7237
68.7237
61.647
61.647
61.647
53.7136
53.7136
53.7136
44.9635
44.9635
44.9635
35.4729
35.4729
35.4729
25.4033
25.4033
25.4033
19.9884
19.9884
19.9884
11.2633
11.2633
14.4201
14.4201
25.3779
25.3779
35.7701
35.7701
45.4955
45.4955
54.4608
54.4608
62.5783
62.5783
69.7617
69.7617
75.9234
75.9234
80.9734
80.9734
84.8212
84.8212
87.3828
87.3828
88.5926
88.5926
88.4183
88.4183
86.8721
86.8721
84.0144
84.0144
79.9434
79.9434
74.7738
74.7738
68.6168
68.6168
61.5515
61.5515
53.6309
53.6309
44.8951
44.8951
35.4205
35.4205
25.3682
25.3682
19.9671
19.9671
11.1561
14.1849
25.2387
35.7249
45.5424
54.5979
62.8037
70.0736
76.3199
81.4514
85.3754
88.0047
89.2697
89.1334
87.6052
84.7438
80.6489
75.4387
69.2278
62.0984
54.1049
45.2872
35.7211
25.5691
20.0893
11.1561
14.1849
25.2387
35.7249
45.5424
54.5979
62.8037
70.0736
76.3199
81.4514
85.3754
88.0047
89.2696
89.1334
87.6052
84.7438
80.6489
75.4387
69.2278
62.0984
54.1049
45.2872
35.7211
25.5691
20.0893
11.2633
11.2633
14.4201
14.4201
25.3779
25.3779
35.7701
35.7701
45.4955
45.4955
54.4608
54.4608
62.5783
62.5783
69.7616
69.7616
75.9234
75.9234
80.9734
80.9734
84.8212
84.8212
87.3828
87.3828
88.5926
88.5926
88.4182
88.4182
86.8721
86.8721
84.0144
84.0144
79.9434
79.9434
74.7738
74.7738
68.6168
68.6168
61.5515
61.5515
53.6309
53.6309
44.8951
44.8951
35.4205
35.4205
25.3682
25.3682
19.9671
19.9671
11.2495
11.2495
11.2495
14.3884
14.3884
14.3884
25.3628
25.3628
25.3628
35.7712
35.7712
35.7712
45.5123
45.5123
45.5123
54.4931
54.4931
54.4931
62.6255
62.6255
62.6255
69.8235
69.8235
69.8235
75.9994
75.9994
75.9994
81.063
81.063
81.063
84.9233
84.9233
84.9233
87.4959
87.4959
87.4959
88.7145
88.7145
88.7145
88.546
88.546
88.546
87.0022
87.0022
87.0022
84.1432
84.1432
84.1432
80.0674
80.0674
80.0674
74.8904
74.8904
74.8904
68.7237
68.7237
68.7237
61.647
61.647
61.647
53.7135
53.7135
53.7135
44.9635
44.9635
44.9635
35.4729
35.4729
35.4729
25.4033
25.4033
25.4033
19.9884
19.9884
19.9884
11.1561
14.1849
25.2387
35.7249
45.5424
54.5979
62.8037
70.0736
76.3199
81.4514
85.3754
88.0047
89.2696
89.1334
87.6052
84.7438
80.6489
75.4387
69.2278
62.0984
54.1049
45.2872
35.7211
25.5691
20.0893
11.2634
11.2634
14.4201
14.4201
25.378
25.378
35.7701
35.7701
45.4955
45.4955
54.4608
54.4608
62.5783
62.5783
69.7617
69.7617
75.9234
75.9234
80.9734
80.9734
84.8212
84.8212
87.3828
87.3828
88.5926
88.5926
88.4182
88.4182
86.8721
86.8721
84.0144
84.0144
79.9434
79.9434
74.7738
74.7738
68.6168
68.6168
61.5515
61.5515
53.6309
53.6309
44.8951
44.8951
35.4205
35.4205
25.3682
25.3682
19.9671
19.9671
11.2633
11.2633
14.4201
14.4201
25.3779
25.3779
35.7701
35.7701
45.4955
45.4955
54.4608
54.4608
62.5783
62.5783
69.7616
69.7616
75.9234
75.9234
80.9734
80.9734
84.8212
84.8212
87.3828
87.3828
88.5926
88.5926
88.4182
88.4182
86.8721
86.8721
84.0144
84.0144
79.9433
79.9433
74.7738
74.7738
68.6168
68.6168
61.5515
61.5515
53.6309
53.6309
44.8951
44.8951
35.4205
35.4205
25.3682
25.3682
19.9671
19.9671
11.1561
14.1849
25.2387
35.7249
45.5424
54.5979
62.8037
70.0736
76.3199
81.4514
85.3754
88.0047
89.2696
89.1334
87.6052
84.7438
80.6489
75.4387
69.2278
62.0984
54.1049
45.2872
35.7211
25.5691
20.0893
)
;
    }
    baffle_master
    {
        type            calculated;
        value           nonuniform List<scalar> 
150
(
0.00528557
0.00528557
0.00528557
0.00526295
0.00526295
0.00526295
0.00525349
0.00525349
0.00525349
0.0052465
0.0052465
0.0052465
0.0052413
0.0052413
0.0052413
0.00523732
0.00523732
0.00523732
0.00523412
0.00523412
0.00523412
0.00523137
0.00523137
0.00523137
0.00522879
0.00522879
0.00522879
0.00522615
0.00522615
0.00522615
0.00522322
0.00522322
0.00522322
0.00521972
0.00521972
0.00521972
0.00521533
0.00521533
0.00521533
0.00520965
0.00520965
0.00520965
0.00520218
0.00520218
0.00520218
0.00519233
0.00519233
0.00519233
0.00517945
0.00517945
0.00517945
0.00516291
0.00516291
0.00516291
0.0051422
0.0051422
0.0051422
0.00511716
0.00511716
0.00511716
0.00508826
0.00508826
0.00508826
0.00505696
0.00505696
0.00505696
0.00499127
0.00499127
0.00499127
0.00488162
0.00488162
0.00488162
0.00230602
0.00230602
0.00230602
0.00528557
0.00528557
0.00528557
0.00526295
0.00526295
0.00526295
0.00525349
0.00525349
0.00525349
0.0052465
0.0052465
0.0052465
0.0052413
0.0052413
0.0052413
0.00523732
0.00523732
0.00523732
0.00523412
0.00523412
0.00523412
0.00523137
0.00523137
0.00523137
0.00522879
0.00522879
0.00522879
0.00522615
0.00522615
0.00522615
0.00522322
0.00522322
0.00522322
0.00521972
0.00521972
0.00521972
0.00521533
0.00521533
0.00521533
0.00520965
0.00520965
0.00520965
0.00520218
0.00520218
0.00520218
0.00519232
0.00519232
0.00519232
0.00517945
0.00517945
0.00517945
0.00516291
0.00516291
0.00516291
0.0051422
0.0051422
0.0051422
0.00511716
0.00511716
0.00511716
0.00508826
0.00508826
0.00508826
0.00505697
0.00505697
0.00505697
0.00499129
0.00499129
0.00499129
0.00488162
0.00488162
0.00488162
0.002306
0.002306
0.002306
)
;
    }
    baffle_slave
    {
        type            calculated;
        value           nonuniform List<scalar> 
150
(
11.1224
11.1561
11.1561
14.1128
14.1849
14.1849
25.1903
25.2387
25.2387
35.6998
35.7249
35.7249
45.5402
45.5424
45.5424
54.6182
54.5979
54.5979
62.8461
62.8037
62.8037
70.1379
70.0736
70.0736
76.4057
76.3199
76.3199
81.558
81.4514
81.4514
85.5017
85.3754
85.3754
88.1488
88.0047
88.0047
89.4285
89.2697
89.2696
89.3029
89.1334
89.1334
87.7802
87.6052
87.6052
84.919
84.7438
84.7438
80.8193
80.6489
80.6489
75.5998
75.4387
75.4387
69.3763
69.2278
69.2278
62.2317
62.0984
62.0984
54.2207
54.1049
54.1049
45.3832
45.2872
45.2872
35.7948
35.7211
35.7211
25.6183
25.5691
25.5691
20.1192
20.0893
20.0893
11.1561
11.1224
11.1561
14.1849
14.1128
14.1849
25.2387
25.1903
25.2387
35.7249
35.6998
35.7249
45.5424
45.5402
45.5424
54.5979
54.6182
54.5979
62.8037
62.8461
62.8037
70.0736
70.1379
70.0736
76.3199
76.4057
76.3199
81.4514
81.558
81.4514
85.3754
85.5017
85.3754
88.0047
88.1488
88.0047
89.2696
89.4285
89.2696
89.1334
89.3028
89.1334
87.6052
87.7802
87.6052
84.7438
84.919
84.7438
80.6489
80.8193
80.6489
75.4387
75.5998
75.4387
69.2278
69.3763
69.2278
62.0984
62.2317
62.0984
54.1049
54.2207
54.1049
45.2872
45.3832
45.2872
35.7211
35.7948
35.7211
25.5691
25.6183
25.5691
20.0893
20.1192
20.0893
)
;
    }
}


// ************************************************************************* //
