/*--------------------------------*- C++ -*----------------------------------*\
| =========                 |                                                 |
| \\      /  F ield         | OpenFOAM: The Open Source CFD Toolbox           |
|  \\    /   O peration     | Version:  2212                                  |
|   \\  /    A nd           | Website:  www.openfoam.com                      |
|    \\/     M anipulation  |                                                 |
\*---------------------------------------------------------------------------*/
FoamFile
{
    version     2.0;
    format      ascii;
    arch        "LSB;label=32;scalar=64";
    class       volScalarField;
    location    "15/fluidRegion";
    object      nut;
}
// * * * * * * * * * * * * * * * * * * * * * * * * * * * * * * * * * * * * * //

dimensions      [0 2 -1 0 0 0 0];

internalField   nonuniform List<scalar> 
350
(
0.000536452
0.000536408
0.000536364
0.000536321
0.000536277
0.000536234
0.00053619
0.000536148
0.000536105
0.000536064
0.000536023
0.000535984
0.000535948
0.000535916
0.00053589
0.000535874
0.000535872
0.000535892
0.000535946
0.000536052
0.000536236
0.000536541
0.00053703
0.000537802
0.000539961
0.000536452
0.000536408
0.000536364
0.000536321
0.000536277
0.000536234
0.00053619
0.000536148
0.000536105
0.000536064
0.000536023
0.000535984
0.000535948
0.000535916
0.00053589
0.000535874
0.000535872
0.000535892
0.000535946
0.000536052
0.000536236
0.000536541
0.00053703
0.000537802
0.000539961
0.00663909
0.00656844
0.0064656
0.00631751
0.00612702
0.00589745
0.00563246
0.00533612
0.00501283
0.00466736
0.00430485
0.00393075
0.0035508
0.00317086
0.0027968
0.00243426
0.00208856
0.00176453
0.00146653
0.00119858
0.000964421
0.000767471
0.000610449
0.000494588
0.000416012
0.00667506
0.00660451
0.00650176
0.00635336
0.00616224
0.00593171
0.00566546
0.00536755
0.00504243
0.00469488
0.00433007
0.00395351
0.00357097
0.00318839
0.00281169
0.0024466
0.00209848
0.00177221
0.00147222
0.00120255
0.000966963
0.000768913
0.000611126
0.000494818
0.000416066
0.00663314
0.00656247
0.00645966
0.00631163
0.00612127
0.00589187
0.0056271
0.00533102
0.00500804
0.00466292
0.00430078
0.00392709
0.00354756
0.00316804
0.0027944
0.00243227
0.00208695
0.00176327
0.00146558
0.0011979
0.000963959
0.000767179
0.00061028
0.000494502
0.000415989
0.00666712
0.00659653
0.00649374
0.00634539
0.00615439
0.00592405
0.00565807
0.0053605
0.00503577
0.00468868
0.00432438
0.00394837
0.0035664
0.00318441
0.00280831
0.0024438
0.00209622
0.00177046
0.00147093
0.00120165
0.000966388
0.00076859
0.000610978
0.000494772
0.000416056
0.00666712
0.00659653
0.00649374
0.00634539
0.00615439
0.00592405
0.00565807
0.0053605
0.00503577
0.00468868
0.00432438
0.00394837
0.0035664
0.00318441
0.00280831
0.0024438
0.00209622
0.00177046
0.00147093
0.00120165
0.000966388
0.00076859
0.000610978
0.000494772
0.000416056
0.00663315
0.00656247
0.00645966
0.00631164
0.00612127
0.00589187
0.0056271
0.00533102
0.00500804
0.00466292
0.00430079
0.00392709
0.00354756
0.00316804
0.0027944
0.00243227
0.00208695
0.00176327
0.00146558
0.0011979
0.000963958
0.000767178
0.000610279
0.000494501
0.000415989
0.00667506
0.00660451
0.00650176
0.00635336
0.00616224
0.00593171
0.00566546
0.00536755
0.00504243
0.00469488
0.00433007
0.00395351
0.00357097
0.00318839
0.00281169
0.0024466
0.00209848
0.00177221
0.00147222
0.00120255
0.000966963
0.000768913
0.000611126
0.000494818
0.000416066
0.00663909
0.00656844
0.0064656
0.00631751
0.00612702
0.00589745
0.00563246
0.00533612
0.00501283
0.00466736
0.00430485
0.00393075
0.0035508
0.00317086
0.0027968
0.00243426
0.00208856
0.00176453
0.00146653
0.00119858
0.000964421
0.000767471
0.000610449
0.000494588
0.000416012
0.00666712
0.00659653
0.00649374
0.00634539
0.00615439
0.00592405
0.00565807
0.0053605
0.00503577
0.00468868
0.00432438
0.00394836
0.0035664
0.00318441
0.00280831
0.0024438
0.00209622
0.00177046
0.00147093
0.00120165
0.000966388
0.00076859
0.000610978
0.000494772
0.000416056
0.00663314
0.00656247
0.00645966
0.00631163
0.00612127
0.00589187
0.0056271
0.00533102
0.00500804
0.00466292
0.00430078
0.00392709
0.00354756
0.00316804
0.0027944
0.00243227
0.00208695
0.00176327
0.00146558
0.0011979
0.000963958
0.000767179
0.000610279
0.000494501
0.000415989
0.00663315
0.00656247
0.00645966
0.00631164
0.00612127
0.00589187
0.0056271
0.00533102
0.00500804
0.00466292
0.00430079
0.00392709
0.00354756
0.00316804
0.0027944
0.00243227
0.00208695
0.00176327
0.00146558
0.0011979
0.000963958
0.000767178
0.000610279
0.000494501
0.000415989
0.00666712
0.00659653
0.00649374
0.00634539
0.00615439
0.00592405
0.00565807
0.0053605
0.00503577
0.00468868
0.00432438
0.00394837
0.0035664
0.00318441
0.00280831
0.0024438
0.00209622
0.00177046
0.00147093
0.00120165
0.000966388
0.00076859
0.000610978
0.000494771
0.000416056
)
;

boundaryField
{
    outletCentralUnloaded
    {
        type            zeroGradient;
    }
    inletCentralUnloaded
    {
        type            zeroGradient;
    }
    outletFuelElement
    {
        type            zeroGradient;
    }
    inletFuelElement
    {
        type            zeroGradient;
    }
    defaultFaces
    {
        type            zeroGradient;
    }
    baffle_master
    {
        type            calculated;
        value           nonuniform List<scalar> 
150
(
0.000536452
0.000536452
0.000536452
0.000536408
0.000536408
0.000536408
0.000536364
0.000536364
0.000536364
0.000536321
0.000536321
0.000536321
0.000536277
0.000536277
0.000536277
0.000536234
0.000536234
0.000536234
0.00053619
0.00053619
0.00053619
0.000536148
0.000536148
0.000536148
0.000536105
0.000536105
0.000536105
0.000536064
0.000536064
0.000536064
0.000536023
0.000536023
0.000536023
0.000535984
0.000535984
0.000535984
0.000535948
0.000535948
0.000535948
0.000535916
0.000535916
0.000535916
0.00053589
0.00053589
0.00053589
0.000535874
0.000535874
0.000535874
0.000535872
0.000535872
0.000535872
0.000535892
0.000535892
0.000535892
0.000535946
0.000535946
0.000535946
0.000536052
0.000536052
0.000536052
0.000536236
0.000536236
0.000536236
0.000536541
0.000536541
0.000536541
0.00053703
0.00053703
0.00053703
0.000537802
0.000537802
0.000537802
0.000539961
0.000539961
0.000539961
0.000536452
0.000536452
0.000536452
0.000536408
0.000536408
0.000536408
0.000536364
0.000536364
0.000536364
0.000536321
0.000536321
0.000536321
0.000536277
0.000536277
0.000536277
0.000536234
0.000536234
0.000536234
0.00053619
0.00053619
0.00053619
0.000536148
0.000536148
0.000536148
0.000536105
0.000536105
0.000536105
0.000536064
0.000536064
0.000536064
0.000536023
0.000536023
0.000536023
0.000535984
0.000535984
0.000535984
0.000535948
0.000535948
0.000535948
0.000535916
0.000535916
0.000535916
0.00053589
0.00053589
0.00053589
0.000535874
0.000535874
0.000535874
0.000535872
0.000535872
0.000535872
0.000535892
0.000535892
0.000535892
0.000535946
0.000535946
0.000535946
0.000536052
0.000536052
0.000536052
0.000536236
0.000536236
0.000536236
0.000536541
0.000536541
0.000536541
0.00053703
0.00053703
0.00053703
0.000537802
0.000537802
0.000537802
0.000539961
0.000539961
0.000539961
)
;
    }
    baffle_slave
    {
        type            calculated;
        value           nonuniform List<scalar> 
150
(
0.00667506
0.00666712
0.00666712
0.00660451
0.00659653
0.00659653
0.00650176
0.00649374
0.00649374
0.00635336
0.00634539
0.00634539
0.00616224
0.00615439
0.00615439
0.00593171
0.00592405
0.00592405
0.00566546
0.00565807
0.00565807
0.00536755
0.0053605
0.0053605
0.00504243
0.00503577
0.00503577
0.00469488
0.00468868
0.00468868
0.00433007
0.00432438
0.00432438
0.00395351
0.00394837
0.00394837
0.00357097
0.0035664
0.0035664
0.00318839
0.00318441
0.00318441
0.00281169
0.00280831
0.00280831
0.0024466
0.0024438
0.0024438
0.00209848
0.00209622
0.00209622
0.00177221
0.00177046
0.00177046
0.00147222
0.00147093
0.00147093
0.00120255
0.00120165
0.00120165
0.000966963
0.000966388
0.000966388
0.000768913
0.00076859
0.00076859
0.000611126
0.000610978
0.000610978
0.000494818
0.000494772
0.000494771
0.000416066
0.000416056
0.000416056
0.00666712
0.00667506
0.00666712
0.00659653
0.00660451
0.00659653
0.00649374
0.00650176
0.00649374
0.00634539
0.00635336
0.00634539
0.00615439
0.00616224
0.00615439
0.00592405
0.00593171
0.00592405
0.00565807
0.00566546
0.00565807
0.0053605
0.00536755
0.0053605
0.00503577
0.00504243
0.00503577
0.00468868
0.00469488
0.00468868
0.00432438
0.00433007
0.00432438
0.00394837
0.00395351
0.00394836
0.0035664
0.00357097
0.0035664
0.00318441
0.00318839
0.00318441
0.00280831
0.00281169
0.00280831
0.0024438
0.0024466
0.0024438
0.00209622
0.00209848
0.00209622
0.00177046
0.00177221
0.00177046
0.00147093
0.00147222
0.00147093
0.00120165
0.00120255
0.00120165
0.000966388
0.000966963
0.000966388
0.00076859
0.000768913
0.00076859
0.000610978
0.000611126
0.000610978
0.000494772
0.000494818
0.000494772
0.000416056
0.000416066
0.000416056
)
;
    }
}


// ************************************************************************* //
