/*--------------------------------*- C++ -*----------------------------------*\
| =========                 |                                                 |
| \\      /  F ield         | OpenFOAM: The Open Source CFD Toolbox           |
|  \\    /   O peration     | Version:  2212                                  |
|   \\  /    A nd           | Website:  www.openfoam.com                      |
|    \\/     M anipulation  |                                                 |
\*---------------------------------------------------------------------------*/
FoamFile
{
    version     2.0;
    format      ascii;
    arch        "LSB;label=32;scalar=64";
    class       volScalarField;
    location    "15/fluidRegion";
    object      p;
}
// * * * * * * * * * * * * * * * * * * * * * * * * * * * * * * * * * * * * * //

dimensions      [1 -1 -2 0 0 0 0];

internalField   nonuniform List<scalar> 
350
(
3.44743e+06
3.44772e+06
3.44802e+06
3.44831e+06
3.44861e+06
3.4489e+06
3.44919e+06
3.44949e+06
3.44978e+06
3.45008e+06
3.45037e+06
3.45067e+06
3.45096e+06
3.45126e+06
3.45155e+06
3.45184e+06
3.45214e+06
3.45243e+06
3.45273e+06
3.45302e+06
3.45332e+06
3.45361e+06
3.4539e+06
3.4542e+06
3.45448e+06
3.44743e+06
3.44772e+06
3.44802e+06
3.44831e+06
3.44861e+06
3.4489e+06
3.44919e+06
3.44949e+06
3.44978e+06
3.45008e+06
3.45037e+06
3.45067e+06
3.45096e+06
3.45126e+06
3.45155e+06
3.45184e+06
3.45214e+06
3.45243e+06
3.45273e+06
3.45302e+06
3.45332e+06
3.45361e+06
3.4539e+06
3.4542e+06
3.45448e+06
3.46272e+06
3.4933e+06
3.52392e+06
3.55437e+06
3.58441e+06
3.61385e+06
3.64247e+06
3.67008e+06
3.69651e+06
3.72161e+06
3.74522e+06
3.76725e+06
3.78758e+06
3.80617e+06
3.82296e+06
3.83794e+06
3.85114e+06
3.8626e+06
3.87239e+06
3.88061e+06
3.88736e+06
3.89279e+06
3.89704e+06
3.90031e+06
3.90276e+06
3.46272e+06
3.4933e+06
3.52392e+06
3.55437e+06
3.58441e+06
3.61385e+06
3.64247e+06
3.67008e+06
3.69651e+06
3.72161e+06
3.74522e+06
3.76725e+06
3.78758e+06
3.80617e+06
3.82296e+06
3.83794e+06
3.85114e+06
3.8626e+06
3.87239e+06
3.88061e+06
3.88736e+06
3.89279e+06
3.89704e+06
3.90031e+06
3.90276e+06
3.46272e+06
3.4933e+06
3.52392e+06
3.55437e+06
3.58441e+06
3.61385e+06
3.64247e+06
3.67008e+06
3.69651e+06
3.72161e+06
3.74522e+06
3.76725e+06
3.78758e+06
3.80617e+06
3.82296e+06
3.83794e+06
3.85114e+06
3.8626e+06
3.87239e+06
3.88061e+06
3.88736e+06
3.89279e+06
3.89704e+06
3.90031e+06
3.90276e+06
3.46272e+06
3.4933e+06
3.52392e+06
3.55437e+06
3.58441e+06
3.61385e+06
3.64247e+06
3.67008e+06
3.69651e+06
3.72161e+06
3.74522e+06
3.76725e+06
3.78758e+06
3.80617e+06
3.82296e+06
3.83794e+06
3.85114e+06
3.8626e+06
3.87239e+06
3.88061e+06
3.88736e+06
3.89279e+06
3.89704e+06
3.90031e+06
3.90276e+06
3.46272e+06
3.4933e+06
3.52392e+06
3.55437e+06
3.58441e+06
3.61385e+06
3.64247e+06
3.67008e+06
3.69651e+06
3.72161e+06
3.74522e+06
3.76725e+06
3.78758e+06
3.80617e+06
3.82296e+06
3.83794e+06
3.85114e+06
3.8626e+06
3.87239e+06
3.88061e+06
3.88736e+06
3.89279e+06
3.89704e+06
3.90031e+06
3.90276e+06
3.46272e+06
3.4933e+06
3.52392e+06
3.55437e+06
3.58441e+06
3.61385e+06
3.64247e+06
3.67008e+06
3.69651e+06
3.72161e+06
3.74522e+06
3.76725e+06
3.78758e+06
3.80617e+06
3.82296e+06
3.83794e+06
3.85114e+06
3.8626e+06
3.87239e+06
3.88061e+06
3.88736e+06
3.89279e+06
3.89704e+06
3.90031e+06
3.90276e+06
3.46272e+06
3.4933e+06
3.52392e+06
3.55437e+06
3.58441e+06
3.61385e+06
3.64247e+06
3.67008e+06
3.69651e+06
3.72161e+06
3.74522e+06
3.76725e+06
3.78758e+06
3.80617e+06
3.82296e+06
3.83794e+06
3.85114e+06
3.8626e+06
3.87239e+06
3.88061e+06
3.88736e+06
3.89279e+06
3.89704e+06
3.90031e+06
3.90276e+06
3.46272e+06
3.4933e+06
3.52392e+06
3.55437e+06
3.58441e+06
3.61385e+06
3.64247e+06
3.67008e+06
3.69651e+06
3.72161e+06
3.74522e+06
3.76725e+06
3.78758e+06
3.80617e+06
3.82296e+06
3.83794e+06
3.85114e+06
3.8626e+06
3.87239e+06
3.88061e+06
3.88736e+06
3.89279e+06
3.89704e+06
3.90031e+06
3.90276e+06
3.46272e+06
3.4933e+06
3.52392e+06
3.55437e+06
3.58441e+06
3.61385e+06
3.64247e+06
3.67008e+06
3.69651e+06
3.72161e+06
3.74522e+06
3.76725e+06
3.78758e+06
3.80617e+06
3.82296e+06
3.83794e+06
3.85114e+06
3.8626e+06
3.87239e+06
3.88061e+06
3.88736e+06
3.89279e+06
3.89704e+06
3.90031e+06
3.90276e+06
3.46272e+06
3.4933e+06
3.52392e+06
3.55437e+06
3.58441e+06
3.61385e+06
3.64247e+06
3.67008e+06
3.69651e+06
3.72161e+06
3.74522e+06
3.76725e+06
3.78758e+06
3.80617e+06
3.82296e+06
3.83794e+06
3.85114e+06
3.8626e+06
3.87239e+06
3.88061e+06
3.88736e+06
3.89279e+06
3.89704e+06
3.90031e+06
3.90276e+06
3.46272e+06
3.4933e+06
3.52392e+06
3.55437e+06
3.58441e+06
3.61385e+06
3.64247e+06
3.67008e+06
3.69651e+06
3.72161e+06
3.74522e+06
3.76725e+06
3.78758e+06
3.80617e+06
3.82296e+06
3.83794e+06
3.85114e+06
3.8626e+06
3.87239e+06
3.88061e+06
3.88736e+06
3.89279e+06
3.89704e+06
3.90031e+06
3.90276e+06
3.46272e+06
3.4933e+06
3.52392e+06
3.55437e+06
3.58441e+06
3.61385e+06
3.64247e+06
3.67008e+06
3.69651e+06
3.72161e+06
3.74522e+06
3.76725e+06
3.78758e+06
3.80617e+06
3.82296e+06
3.83794e+06
3.85114e+06
3.8626e+06
3.87239e+06
3.88061e+06
3.88736e+06
3.89279e+06
3.89704e+06
3.90031e+06
3.90276e+06
)
;

boundaryField
{
    outletCentralUnloaded
    {
        type            fixedValue;
        value           uniform 3.44728e+06;
    }
    inletCentralUnloaded
    {
        type            zeroGradient;
    }
    outletFuelElement
    {
        type            fixedValue;
        value           uniform 3.44728e+06;
    }
    inletFuelElement
    {
        type            zeroGradient;
    }
    defaultFaces
    {
        type            zeroGradient;
    }
    baffle_master
    {
        type            zeroGradient;
    }
    baffle_slave
    {
        type            zeroGradient;
    }
}


// ************************************************************************* //
