/*--------------------------------*- C++ -*----------------------------------*\
| =========                 |                                                 |
| \\      /  F ield         | OpenFOAM: The Open Source CFD Toolbox           |
|  \\    /   O peration     | Version:  2212                                  |
|   \\  /    A nd           | Website:  www.openfoam.com                      |
|    \\/     M anipulation  |                                                 |
\*---------------------------------------------------------------------------*/
FoamFile
{
    version     2.0;
    format      ascii;
    arch        "LSB;label=32;scalar=64";
    class       volScalarField;
    location    "15/fluidRegion";
    object      Re;
}
// * * * * * * * * * * * * * * * * * * * * * * * * * * * * * * * * * * * * * //

dimensions      [0 0 0 0 0 0 0];

internalField   nonuniform List<scalar> 
350
(
173638
173638
173638
173638
173638
173638
173638
173638
173638
173638
173638
173638
173638
173638
173638
173638
173638
173638
173638
173638
173638
173638
173638
173638
174195
173638
173638
173638
173638
173638
173638
173638
173638
173638
173638
173638
173638
173638
173638
173638
173638
173638
173638
173638
173638
173638
173638
173638
173638
174195
51392.6
51258
51260.6
51262.3
51262.7
51261.9
51259.7
51256.2
51251.2
51244.9
51237
51227.5
51216.3
51203.1
51187.4
51168.8
51147
51122.8
51098.7
51082.8
51091.2
51159.2
51346.5
51730.2
51675.3
51011.4
50869
50865.9
50861.9
50857.3
50852.1
50846.3
50839.9
50833
50825.9
50818.7
50811.8
50805.4
50799.6
50794.3
50789.3
50784.6
50781.1
50781.8
50795.6
50840
50951.8
51192.5
51638.5
51647.3
51456.5
51322.5
51326.1
51328.4
51329.3
51328.9
51327
51323.6
51318.6
51311.9
51303.5
51293.2
51280.8
51265.9
51248.1
51226.7
51201.6
51173.5
51144.7
51123.2
51125
51185
51363
51737.3
51676.4
51096.8
50956.4
50954.7
50952.1
50948.9
50944.8
50940
50934.4
50928.1
50921.3
50914.1
50906.8
50899.4
50892.1
50884.5
50876.5
50868
50859.9
50855
50862.1
50898.4
51000.3
51228.8
51660.6
51654.2
51096.8
50956.4
50954.7
50952.1
50948.9
50944.8
50940
50934.4
50928.1
50921.3
50914.1
50906.8
50899.4
50892.1
50884.5
50876.5
50868
50859.9
50855
50862.1
50898.4
51000.3
51228.8
51660.6
51654.2
51456.5
51322.5
51326.1
51328.4
51329.3
51328.8
51326.9
51323.5
51318.6
51311.9
51303.5
51293.2
51280.8
51265.9
51248
51226.7
51201.6
51173.4
51144.6
51123.1
51124.9
51185
51363
51737.2
51676.3
51011.4
50869
50865.9
50861.9
50857.3
50852.1
50846.3
50839.9
50833
50825.9
50818.7
50811.8
50805.4
50799.6
50794.3
50789.3
50784.6
50781.1
50781.8
50795.6
50840
50951.8
51192.5
51638.5
51647.3
51392.6
51258
51260.6
51262.3
51262.7
51261.9
51259.7
51256.2
51251.2
51244.9
51237
51227.5
51216.3
51203.1
51187.4
51168.8
51147
51122.8
51098.7
51082.8
51091.2
51159.2
51346.5
51730.2
51675.3
51096.8
50956.4
50954.7
50952.1
50948.9
50944.8
50940
50934.4
50928.1
50921.3
50914.1
50906.8
50899.4
50892.1
50884.5
50876.5
50868
50859.9
50855
50862.1
50898.4
51000.3
51228.8
51660.6
51654.2
51456.5
51322.5
51326.1
51328.4
51329.3
51328.9
51327
51323.6
51318.6
51311.9
51303.5
51293.2
51280.8
51265.9
51248.1
51226.7
51201.6
51173.5
51144.7
51123.2
51125
51185
51363
51737.3
51676.4
51456.5
51322.5
51326.1
51328.4
51329.3
51328.8
51326.9
51323.5
51318.6
51311.9
51303.5
51293.2
51280.8
51265.9
51248
51226.7
51201.6
51173.4
51144.6
51123.1
51124.9
51185
51363
51737.2
51676.3
51096.8
50956.4
50954.7
50952.1
50948.9
50944.8
50940
50934.4
50928.1
50921.3
50914.1
50906.8
50899.4
50892.1
50884.5
50876.5
50868
50859.9
50855
50862.1
50898.4
51000.3
51228.8
51660.6
51654.2
)
;

boundaryField
{
    outletCentralUnloaded
    {
        type            zeroGradient;
    }
    inletCentralUnloaded
    {
        type            zeroGradient;
    }
    outletFuelElement
    {
        type            zeroGradient;
    }
    inletFuelElement
    {
        type            zeroGradient;
    }
    defaultFaces
    {
        type            zeroGradient;
    }
    baffle_master
    {
        type            zeroGradient;
    }
    baffle_slave
    {
        type            zeroGradient;
    }
}


// ************************************************************************* //
