/*--------------------------------*- C++ -*----------------------------------*\
| =========                 |                                                 |
| \\      /  F ield         | OpenFOAM: The Open Source CFD Toolbox           |
|  \\    /   O peration     | Version:  2212                                  |
|   \\  /    A nd           | Website:  www.openfoam.com                      |
|    \\/     M anipulation  |                                                 |
\*---------------------------------------------------------------------------*/
FoamFile
{
    version     2.0;
    format      ascii;
    arch        "LSB;label=32;scalar=64";
    class       volVectorField;
    location    "15/fluidRegion";
    object      U;
}
// * * * * * * * * * * * * * * * * * * * * * * * * * * * * * * * * * * * * * //

dimensions      [0 1 -1 0 0 0 0];

internalField   nonuniform List<vector> 
350
(
(1.93785e-11 1.11881e-11 -14.9341)
(3.07059e-11 1.7728e-11 -14.9329)
(4.3456e-11 2.50893e-11 -14.9317)
(6.27975e-11 3.6256e-11 -14.9305)
(9.44228e-11 5.45149e-11 -14.9292)
(1.45638e-10 8.40837e-11 -14.928)
(2.2179e-10 1.2805e-10 -14.9268)
(3.38396e-10 1.95372e-10 -14.9256)
(5.1461e-10 2.97109e-10 -14.9244)
(7.77507e-10 4.48893e-10 -14.9231)
(1.16698e-09 6.73752e-10 -14.9219)
(1.73796e-09 1.00341e-09 -14.9207)
(2.56627e-09 1.48163e-09 -14.9195)
(3.74754e-09 2.16364e-09 -14.9183)
(5.40319e-09 3.11953e-09 -14.9171)
(7.66623e-09 4.42608e-09 -14.9158)
(1.06712e-08 6.16098e-09 -14.9146)
(1.45162e-08 8.38092e-09 -14.9134)
(1.92395e-08 1.11079e-08 -14.9122)
(2.48625e-08 1.43543e-08 -14.911)
(3.15592e-08 1.82206e-08 -14.9098)
(3.90718e-08 2.2558e-08 -14.9087)
(4.12018e-08 2.37878e-08 -14.9075)
(5.80665e-09 3.35246e-09 -14.9063)
(-1.09097e-07 -6.29867e-08 -14.9529)
(1.93785e-11 1.11881e-11 -14.9341)
(3.07059e-11 1.7728e-11 -14.9329)
(4.3456e-11 2.50893e-11 -14.9317)
(6.27975e-11 3.6256e-11 -14.9305)
(9.44228e-11 5.45149e-11 -14.9292)
(1.45638e-10 8.40837e-11 -14.928)
(2.2179e-10 1.2805e-10 -14.9268)
(3.38396e-10 1.95372e-10 -14.9256)
(5.1461e-10 2.97109e-10 -14.9244)
(7.77507e-10 4.48893e-10 -14.9231)
(1.16698e-09 6.73752e-10 -14.9219)
(1.73796e-09 1.00341e-09 -14.9207)
(2.56627e-09 1.48163e-09 -14.9195)
(3.74754e-09 2.16364e-09 -14.9183)
(5.40319e-09 3.11953e-09 -14.9171)
(7.66623e-09 4.42608e-09 -14.9158)
(1.06712e-08 6.16098e-09 -14.9146)
(1.45162e-08 8.38092e-09 -14.9134)
(1.92395e-08 1.11079e-08 -14.9122)
(2.48625e-08 1.43543e-08 -14.911)
(3.15592e-08 1.82206e-08 -14.9098)
(3.90718e-08 2.2558e-08 -14.9087)
(4.12018e-08 2.37878e-08 -14.9075)
(5.80665e-09 3.35246e-09 -14.9063)
(-1.09097e-07 -6.29867e-08 -14.9529)
(-0.000942673 -0.000544252 -268.476)
(-0.000852058 -0.000491936 -266.252)
(-0.000943181 -0.000544545 -262.798)
(-0.000818668 -0.000472658 -257.48)
(-0.000704125 -0.000406527 -250.405)
(-0.00058625 -0.000338471 -241.697)
(-0.000463042 -0.000267337 -231.495)
(-0.000330237 -0.000190662 -219.956)
(-0.000185679 -0.000107202 -207.25)
(-2.62319e-05 -1.5145e-05 -193.562)
(0.000142844 8.24707e-05 -179.095)
(0.00031665 0.000182818 -164.065)
(0.000484722 0.000279854 -148.702)
(0.000634721 0.000366456 -133.246)
(0.000754374 0.000435538 -117.937)
(0.000837604 0.00048359 -103.01)
(0.000883932 0.000510338 -88.6869)
(0.00090022 0.000519742 -75.1695)
(0.000894807 0.000516617 -62.6403)
(0.000875723 0.000505599 -51.2656)
(0.000844569 0.000487612 -41.1998)
(0.000796332 0.000459762 -32.5883)
(0.000720088 0.000415742 -25.5667)
(0.000599519 0.000346132 -20.2511)
(0.000470145 0.000271438 -16.5164)
(-0.000829563 -0.000473146 -269.925)
(-0.000581665 -0.000320566 -267.707)
(-0.00070409 -0.000401397 -264.262)
(-0.000614788 -0.000355914 -258.936)
(-0.00053258 -0.00031436 -251.84)
(-0.000448844 -0.000266623 -243.097)
(-0.000361326 -0.000216665 -232.849)
(-0.000267075 -0.000160492 -221.251)
(-0.00016473 -0.000100879 -208.474)
(-5.07274e-05 -3.29513e-05 -194.705)
(6.86022e-05 3.63853e-05 -180.147)
(0.000190132 0.000108499 -165.018)
(0.000307119 0.000176155 -149.552)
(0.000410231 0.000237549 -133.988)
(0.000491626 0.000284689 -118.571)
(0.000547032 0.000318516 -103.539)
(0.000577019 0.000335755 -89.1149)
(0.000586073 0.000342459 -75.504)
(0.00058083 0.000338621 -62.8905)
(0.000566569 0.000330708 -51.442)
(0.000545816 0.000316077 -41.3144)
(0.000515939 0.000297234 -32.6542)
(0.000472613 0.000269953 -25.5977)
(0.000411511 0.00023527 -20.261)
(0.000327401 0.000188195 -16.5178)
(-0.000511951 -0.000604194 -268.239)
(-0.000498388 -0.00102644 -266.013)
(-0.00049727 -0.000934686 -262.56)
(-0.000430392 -0.000797158 -257.244)
(-0.000362983 -0.00066718 -250.173)
(-0.000294839 -0.000535451 -241.47)
(-0.000223255 -0.000397581 -231.277)
(-0.000146057 -0.000250306 -219.748)
(-6.21331e-05 -8.84681e-05 -207.054)
(3.0844e-05 8.62486e-05 -193.379)
(0.000126913 0.000275449 -178.927)
(0.000223414 0.000470715 -163.913)
(0.000314515 0.000660874 -148.567)
(0.000392247 0.00083084 -133.127)
(0.000450951 0.000967714 -117.835)
(0.000487785 0.00106272 -102.925)
(0.000504247 0.0011163 -88.6179)
(0.000504267 0.00113482 -75.1151)
(0.000493633 0.00112876 -62.5989)
(0.000475967 0.00110535 -51.2356)
(0.000452695 0.00106566 -41.1791)
(0.000420808 0.000998845 -32.575)
(0.000373592 0.000884405 -25.5589)
(0.000307552 0.000685657 -20.247)
(0.000226924 0.000516163 -16.5151)
(-0.000703984 -0.000406444 -269.603)
(-0.000954781 -0.000551241 -267.383)
(-0.000898016 -0.000518468 -263.935)
(-0.000769834 -0.000444463 -258.61)
(-0.000646148 -0.000373053 -251.518)
(-0.000520855 -0.000300715 -242.782)
(-0.000389525 -0.000224892 -232.544)
(-0.000248826 -0.000143659 -220.959)
(-9.47853e-05 -5.47241e-05 -208.197)
(7.30808e-05 4.21931e-05 -194.446)
(0.000251859 0.00014541 -179.909)
(0.000434621 0.000250928 -164.802)
(0.000610748 0.000352614 -149.359)
(0.000765842 0.000442158 -133.819)
(0.000888252 0.000512831 -118.427)
(0.000970759 0.000560467 -103.419)
(0.00101449 0.000585716 -89.0174)
(0.00102593 0.000592317 -75.4278)
(0.00101532 0.000586192 -62.8335)
(0.000989492 0.000571282 -51.402)
(0.000949936 0.000548444 -41.2885)
(0.000888232 0.000512819 -32.6395)
(0.000787262 0.000454525 -25.591)
(0.00062205 0.00035914 -20.2591)
(0.000465522 0.000268769 -16.5176)
(0.000699591 0.000403908 -269.603)
(0.000957039 0.000552545 -267.383)
(0.00089721 0.000518003 -263.935)
(0.000769508 0.000444275 -258.61)
(0.000645687 0.000372787 -251.518)
(0.00052047 0.000300493 -242.782)
(0.000389232 0.000224723 -232.544)
(0.000248425 0.000143428 -220.959)
(9.43077e-05 5.44485e-05 -208.197)
(-7.35227e-05 -4.24482e-05 -194.446)
(-0.000252378 -0.00014571 -179.909)
(-0.000435395 -0.000251375 -164.802)
(-0.000611775 -0.000353208 -149.359)
(-0.000766918 -0.000442779 -133.819)
(-0.000889305 -0.000513439 -118.427)
(-0.000971593 -0.000560948 -103.419)
(-0.00101533 -0.000586198 -89.0174)
(-0.00102688 -0.000592868 -75.4278)
(-0.00101638 -0.000586803 -62.8336)
(-0.000990516 -0.000571873 -51.402)
(-0.000951111 -0.000549123 -41.2885)
(-0.000888947 -0.000513233 -32.6395)
(-0.000787274 -0.000454532 -25.591)
(-0.000621257 -0.000358682 -20.2591)
(-0.000464121 -0.00026796 -16.5176)
(0.00077495 0.000147401 -268.24)
(0.00113811 -7.69452e-05 -266.014)
(0.00105679 -3.41689e-05 -262.56)
(0.000905095 -2.52525e-05 -257.244)
(0.000759575 -2.13643e-05 -250.173)
(0.000611309 -1.382e-05 -241.471)
(0.000456422 -7.76974e-06 -231.277)
(0.000289806 4.67104e-07 -219.748)
(0.000107819 8.1174e-06 -207.054)
(-9.04593e-05 1.66262e-05 -193.38)
(-0.000302244 2.75104e-05 -178.927)
(-0.000520078 4.27118e-05 -163.913)
(-0.000730225 5.81287e-05 -148.567)
(-0.000916651 7.69864e-05 -133.127)
(-0.00106436 9.40153e-05 -117.835)
(-0.0011653 0.000110908 -102.925)
(-0.00121976 0.000122798 -88.6179)
(-0.00123612 0.00013292 -75.1151)
(-0.00122536 0.000138193 -62.5989)
(-0.00119641 0.000142347 -51.2355)
(-0.00115002 0.000141082 -41.1791)
(-0.00107593 0.000135162 -32.575)
(-0.000952381 0.000117367 -25.5588)
(-0.000746865 7.5641e-05 -20.247)
(-0.000559511 6.10678e-05 -16.5151)
(0.000824496 0.000492448 -269.925)
(0.000573924 0.000346708 -267.707)
(0.000699015 0.000412681 -264.262)
(0.000613826 0.000355469 -258.936)
(0.000534896 0.000302161 -251.84)
(0.00045241 0.000254197 -243.097)
(0.000364955 0.00020237 -232.849)
(0.000270234 0.000150558 -221.251)
(0.000167195 9.11185e-05 -208.474)
(5.2417e-05 2.82933e-05 -194.705)
(-6.75168e-05 -4.09425e-05 -180.147)
(-0.000189843 -0.000108686 -165.018)
(-0.000307387 -0.000176827 -149.552)
(-0.000411101 -0.0002341 -133.988)
(-0.000492926 -0.000281664 -118.571)
(-0.000548815 -0.000311488 -103.539)
(-0.000579158 -0.000329553 -89.1149)
(-0.000588717 -0.000333043 -75.504)
(-0.000583516 -0.000331373 -62.8905)
(-0.000569084 -0.000322471 -51.442)
(-0.0005473 -0.000313486 -41.3144)
(-0.000515982 -0.000297507 -32.6542)
(-0.000471386 -0.00027571 -25.5977)
(-0.000410155 -0.000240035 -20.261)
(-0.000326446 -0.000190721 -16.5178)
(0.000946009 0.000546178 -268.476)
(0.00085586 0.000494131 -266.252)
(0.000943783 0.000544893 -262.798)
(0.000817813 0.000472164 -257.48)
(0.000701471 0.000404994 -250.405)
(0.000584203 0.000337289 -241.697)
(0.000460486 0.000265862 -231.495)
(0.000328783 0.000189823 -219.956)
(0.000183939 0.000106197 -207.25)
(2.56436e-05 1.48053e-05 -193.562)
(-0.000143707 -8.29695e-05 -179.095)
(-0.000316572 -0.000182773 -164.065)
(-0.00048504 -0.000280038 -148.702)
(-0.00063409 -0.000366092 -133.246)
(-0.000754085 -0.000435371 -117.937)
(-0.000836365 -0.000482875 -103.01)
(-0.000883129 -0.000509874 -88.6869)
(-0.000898695 -0.000518862 -75.1695)
(-0.00089397 -0.000516133 -62.6403)
(-0.000874522 -0.000504905 -51.2656)
(-0.000844551 -0.000487601 -41.1998)
(-0.00079646 -0.000459836 -32.5883)
(-0.000721228 -0.000416401 -25.5667)
(-0.000600271 -0.000346566 -20.2511)
(-0.000470397 -0.000271584 -16.5164)
(0.000704617 0.00040681 -269.603)
(0.000954555 0.000551111 -267.383)
(0.000897813 0.000518351 -263.935)
(0.000769447 0.000444239 -258.61)
(0.000645575 0.000372722 -251.518)
(0.00052038 0.000300441 -242.782)
(0.000389141 0.00022467 -232.544)
(0.000248606 0.000143533 -220.959)
(9.45205e-05 5.45713e-05 -208.197)
(-7.28893e-05 -4.20826e-05 -194.446)
(-0.00025166 -0.000145295 -179.909)
(-0.00043448 -0.000250846 -164.802)
(-0.000610661 -0.000352564 -149.359)
(-0.000765683 -0.000442066 -133.819)
(-0.000887936 -0.000512649 -118.427)
(-0.000970188 -0.000560137 -103.419)
(-0.00101382 -0.000585326 -89.0174)
(-0.00102536 -0.00059199 -75.4278)
(-0.0010148 -0.000585892 -62.8336)
(-0.000989062 -0.000571033 -51.402)
(-0.000949727 -0.000548323 -41.2885)
(-0.000887876 -0.000512614 -32.6395)
(-0.000786757 -0.000454233 -25.591)
(-0.000621129 -0.000358608 -20.2591)
(-0.000464651 -0.000268266 -16.5176)
(0.000507535 0.000609468 -268.239)
(0.000491899 0.00103338 -266.013)
(0.000493394 0.00093827 -262.56)
(0.000429956 0.00079712 -257.244)
(0.000365131 0.000664051 -250.173)
(0.000297961 0.000531785 -241.47)
(0.00022642 0.000393672 -231.277)
(0.000148818 0.00024731 -219.748)
(6.4285e-05 8.58353e-05 -207.054)
(-2.92082e-05 -8.76857e-05 -193.379)
(-0.000125797 -0.000276601 -178.927)
(-0.000223039 -0.000470831 -163.913)
(-0.000314648 -0.000660742 -148.567)
(-0.000392901 -0.000829806 -133.127)
(-0.000451895 -0.000966495 -117.835)
(-0.000489062 -0.00106069 -102.925)
(-0.000505752 -0.0011142 -88.6179)
(-0.000506253 -0.00113203 -75.1151)
(-0.000495615 -0.00112628 -62.5989)
(-0.00047784 -0.00110288 -51.2356)
(-0.000453729 -0.00106451 -41.1791)
(-0.000420596 -0.000998786 -32.575)
(-0.000372216 -0.000885679 -25.5589)
(-0.000305916 -0.000686696 -20.247)
(-0.000225677 -0.000516643 -16.5151)
(-0.000774384 -0.000132669 -268.24)
(-0.00113799 9.69305e-05 -266.014)
(-0.00105735 4.22388e-05 -262.56)
(-0.000905424 2.49586e-05 -257.244)
(-0.000760176 1.18496e-05 -250.173)
(-0.000611293 4.81232e-06 -241.471)
(-0.000456746 -3.07133e-06 -231.277)
(-0.000289607 -7.52104e-06 -219.748)
(-0.000108019 -1.55413e-05 -207.054)
(9.07363e-05 -1.97182e-05 -193.38)
(0.000302114 -3.09733e-05 -178.927)
(0.000520363 -4.25684e-05 -163.913)
(0.000730062 -5.89486e-05 -148.567)
(0.000916934 -7.42829e-05 -133.127)
(0.00106426 -9.20581e-05 -117.835)
(0.0011657 -0.000105394 -102.925)
(0.00121977 -0.00011833 -88.6179)
(0.00123648 -0.000125706 -75.1151)
(0.0012253 -0.000133057 -62.5989)
(0.00119668 -0.000136052 -51.2355)
(0.00114987 -0.000139471 -41.1791)
(0.00107615 -0.000135221 -32.575)
(0.000952358 -0.000121778 -25.5588)
(0.000747169 -7.90302e-05 -20.247)
(0.000559881 -6.27314e-05 -16.5151)
(-0.000695251 -0.000401402 -269.603)
(-0.000952346 -0.000549836 -267.383)
(-0.00089562 -0.000517085 -263.935)
(-0.000769946 -0.000444528 -258.61)
(-0.000648576 -0.000374455 -251.518)
(-0.000522898 -0.000301895 -242.782)
(-0.000392193 -0.000226432 -232.544)
(-0.000250141 -0.000144419 -220.959)
(-9.6336e-05 -5.56195e-05 -208.197)
(7.3024e-05 4.21603e-05 -194.446)
(0.000251604 0.000145263 -179.909)
(0.000435647 0.00025152 -164.802)
(0.000611522 0.000353062 -149.359)
(0.00076777 0.000443271 -133.819)
(0.000889879 0.00051377 -118.427)
(0.000973429 0.000562008 -103.418)
(0.00101678 0.000587036 -89.0174)
(0.00102909 0.000594141 -75.4278)
(0.00101785 0.000587656 -62.8335)
(0.000992413 0.000572969 -51.402)
(0.000951544 0.000549373 -41.2885)
(0.000889303 0.000513438 -32.6395)
(0.000786572 0.000454126 -25.591)
(0.00062119 0.000358644 -20.2591)
(0.000464393 0.000268117 -16.5176)
)
;

boundaryField
{
    outletCentralUnloaded
    {
        type            zeroGradient;
    }
    inletCentralUnloaded
    {
        type            fixedValue;
        value           uniform (0 0 -15);
    }
    outletFuelElement
    {
        type            zeroGradient;
    }
    inletFuelElement
    {
        type            fixedValue;
        value           uniform (0 0 -15);
    }
    defaultFaces
    {
        type            slip;
    }
    baffle_master
    {
        type            slip;
    }
    baffle_slave
    {
        type            slip;
    }
}


// ************************************************************************* //
