/*--------------------------------*- C++ -*----------------------------------*\
| =========                 |                                                 |
| \\      /  F ield         | OpenFOAM: The Open Source CFD Toolbox           |
|  \\    /   O peration     | Version:  2212                                  |
|   \\  /    A nd           | Website:  www.openfoam.com                      |
|    \\/     M anipulation  |                                                 |
\*---------------------------------------------------------------------------*/
FoamFile
{
    version     2.0;
    format      ascii;
    arch        "LSB;label=32;scalar=64";
    class       volScalarField;
    location    "11/fluidRegion";
    object      alphaRhoMagU;
}
// * * * * * * * * * * * * * * * * * * * * * * * * * * * * * * * * * * * * * //

dimensions      [1 -2 -1 0 0 0 0];

internalField   nonuniform List<scalar> 
350
(
36.491
36.491
36.491
36.491
36.491
36.4911
36.4911
36.4911
36.4912
36.4913
36.4913
36.4914
36.4915
36.4917
36.4918
36.492
36.4922
36.4925
36.4927
36.493
36.4934
36.4938
36.4942
36.4946
36.7388
36.491
36.491
36.491
36.491
36.491
36.4911
36.4911
36.4911
36.4912
36.4913
36.4913
36.4914
36.4915
36.4917
36.4918
36.492
36.4922
36.4925
36.4927
36.493
36.4934
36.4938
36.4942
36.4946
36.7388
49.7141
49.6539
49.6547
49.6553
49.6556
49.6554
49.6547
49.6534
49.6516
49.6491
49.646
49.6422
49.6377
49.6325
49.6267
49.6205
49.6141
49.6083
49.6035
49.6015
49.6038
49.6134
49.6331
49.6703
49.3867
49.5517
49.4815
49.475
49.4691
49.464
49.4596
49.4559
49.4529
49.4505
49.4488
49.4478
49.4476
49.4482
49.4496
49.4521
49.4559
49.4614
49.4692
49.4799
49.4954
49.5168
49.5469
49.588
49.646
49.38
49.7419
49.6831
49.6851
49.6867
49.6877
49.688
49.6877
49.6866
49.6847
49.6819
49.6783
49.6737
49.6682
49.6617
49.6543
49.6463
49.6378
49.6295
49.6219
49.6169
49.6159
49.6221
49.6384
49.6726
49.3871
49.5882
49.5204
49.5155
49.5112
49.5074
49.504
49.501
49.4985
49.4963
49.4945
49.4931
49.4921
49.4915
49.4915
49.4922
49.4937
49.4965
49.5012
49.5085
49.5199
49.537
49.5624
49.5986
49.6516
49.3815
49.5882
49.5204
49.5155
49.5112
49.5074
49.504
49.501
49.4985
49.4963
49.4945
49.4931
49.4921
49.4915
49.4915
49.4922
49.4937
49.4965
49.5012
49.5085
49.5199
49.537
49.5624
49.5986
49.6516
49.3815
49.742
49.6832
49.6851
49.6867
49.6877
49.688
49.6877
49.6866
49.6847
49.6819
49.6783
49.6737
49.6682
49.6617
49.6543
49.6463
49.6378
49.6294
49.6219
49.6169
49.6159
49.622
49.6384
49.6726
49.3871
49.5517
49.4815
49.475
49.4691
49.464
49.4596
49.4559
49.4529
49.4505
49.4488
49.4478
49.4476
49.4482
49.4496
49.4521
49.4559
49.4614
49.4692
49.4799
49.4954
49.5168
49.5469
49.588
49.646
49.38
49.7142
49.6539
49.6547
49.6553
49.6556
49.6554
49.6547
49.6534
49.6516
49.6491
49.646
49.6422
49.6377
49.6325
49.6267
49.6205
49.6141
49.6083
49.6035
49.6015
49.6038
49.6134
49.6331
49.6703
49.3867
49.5882
49.5204
49.5155
49.5112
49.5074
49.504
49.501
49.4985
49.4963
49.4945
49.4931
49.4921
49.4915
49.4915
49.4922
49.4937
49.4965
49.5012
49.5084
49.5199
49.537
49.5624
49.5986
49.6516
49.3816
49.742
49.6831
49.6851
49.6867
49.6877
49.688
49.6877
49.6866
49.6847
49.6819
49.6783
49.6737
49.6682
49.6617
49.6543
49.6463
49.6378
49.6295
49.6219
49.6169
49.6159
49.6221
49.6384
49.6726
49.3871
49.742
49.6832
49.6851
49.6867
49.6877
49.688
49.6877
49.6866
49.6847
49.6819
49.6783
49.6737
49.6682
49.6617
49.6543
49.6463
49.6378
49.6294
49.6219
49.6169
49.6159
49.622
49.6384
49.6726
49.3871
49.5882
49.5204
49.5155
49.5112
49.5074
49.504
49.501
49.4985
49.4963
49.4945
49.4931
49.4921
49.4915
49.4915
49.4922
49.4937
49.4965
49.5012
49.5084
49.5199
49.537
49.5624
49.5986
49.6516
49.3816
)
;

boundaryField
{
    outletCentralUnloaded
    {
        type            calculated;
        value           nonuniform List<scalar> 2(36.4895 36.4895);
    }
    inletCentralUnloaded
    {
        type            calculated;
        value           nonuniform List<scalar> 2(36.9814 36.9814);
    }
    outletFuelElement
    {
        type            calculated;
        value           nonuniform List<scalar> 
12
(
49.6234
49.4612
49.6511
49.4976
49.4976
49.6511
49.4612
49.6234
49.4977
49.6511
49.6511
49.4977
)
;
    }
    inletFuelElement
    {
        type            calculated;
        value           nonuniform List<scalar> 
12
(
52.4545
52.4545
52.4545
52.4545
52.4545
52.4545
52.4545
52.4545
52.4545
52.4545
52.4545
52.4545
)
;
    }
    defaultFaces
    {
        type            calculated;
        value           nonuniform List<scalar> 
450
(
49.7141
49.7141
49.7141
49.6539
49.6539
49.6539
49.6547
49.6547
49.6547
49.6553
49.6553
49.6553
49.6556
49.6556
49.6556
49.6554
49.6554
49.6554
49.6547
49.6547
49.6547
49.6534
49.6534
49.6534
49.6516
49.6516
49.6516
49.6491
49.6491
49.6491
49.646
49.646
49.646
49.6422
49.6422
49.6422
49.6377
49.6377
49.6377
49.6325
49.6325
49.6325
49.6267
49.6267
49.6267
49.6205
49.6205
49.6205
49.6141
49.6141
49.6141
49.6083
49.6083
49.6083
49.6035
49.6035
49.6035
49.6015
49.6015
49.6015
49.6038
49.6038
49.6038
49.6134
49.6134
49.6134
49.6331
49.6331
49.6331
49.6703
49.6703
49.6703
49.3867
49.3867
49.3867
49.7419
49.7419
49.6831
49.6831
49.6851
49.6851
49.6867
49.6867
49.6877
49.6877
49.688
49.688
49.6877
49.6877
49.6866
49.6866
49.6847
49.6847
49.6819
49.6819
49.6783
49.6783
49.6737
49.6737
49.6682
49.6682
49.6617
49.6617
49.6543
49.6543
49.6463
49.6463
49.6378
49.6378
49.6295
49.6295
49.6219
49.6219
49.6169
49.6169
49.6159
49.6159
49.6221
49.6221
49.6384
49.6384
49.6726
49.6726
49.3871
49.3871
49.5882
49.5204
49.5155
49.5112
49.5074
49.504
49.501
49.4985
49.4963
49.4945
49.4931
49.4921
49.4915
49.4915
49.4922
49.4937
49.4965
49.5012
49.5085
49.5199
49.537
49.5624
49.5986
49.6516
49.3815
49.5882
49.5204
49.5155
49.5112
49.5074
49.504
49.501
49.4985
49.4963
49.4945
49.4931
49.4921
49.4915
49.4915
49.4922
49.4937
49.4965
49.5012
49.5085
49.5199
49.537
49.5624
49.5986
49.6516
49.3815
49.742
49.742
49.6832
49.6832
49.6851
49.6851
49.6867
49.6867
49.6877
49.6877
49.688
49.688
49.6877
49.6877
49.6866
49.6866
49.6847
49.6847
49.6819
49.6819
49.6783
49.6783
49.6737
49.6737
49.6682
49.6682
49.6617
49.6617
49.6543
49.6543
49.6463
49.6463
49.6378
49.6378
49.6294
49.6294
49.6219
49.6219
49.6169
49.6169
49.6159
49.6159
49.622
49.622
49.6384
49.6384
49.6726
49.6726
49.3871
49.3871
49.7142
49.7142
49.7142
49.6539
49.6539
49.6539
49.6547
49.6547
49.6547
49.6553
49.6553
49.6553
49.6556
49.6556
49.6556
49.6554
49.6554
49.6554
49.6547
49.6547
49.6547
49.6534
49.6534
49.6534
49.6516
49.6516
49.6516
49.6491
49.6491
49.6491
49.646
49.646
49.646
49.6422
49.6422
49.6422
49.6377
49.6377
49.6377
49.6325
49.6325
49.6325
49.6267
49.6267
49.6267
49.6205
49.6205
49.6205
49.6141
49.6141
49.6141
49.6083
49.6083
49.6083
49.6035
49.6035
49.6035
49.6015
49.6015
49.6015
49.6038
49.6038
49.6038
49.6134
49.6134
49.6134
49.6331
49.6331
49.6331
49.6703
49.6703
49.6703
49.3867
49.3867
49.3867
49.5882
49.5204
49.5155
49.5112
49.5074
49.504
49.501
49.4985
49.4963
49.4945
49.4931
49.4921
49.4915
49.4915
49.4922
49.4937
49.4965
49.5012
49.5084
49.5199
49.537
49.5624
49.5986
49.6516
49.3816
49.742
49.742
49.6831
49.6831
49.6851
49.6851
49.6867
49.6867
49.6877
49.6877
49.688
49.688
49.6877
49.6877
49.6866
49.6866
49.6847
49.6847
49.6819
49.6819
49.6783
49.6783
49.6737
49.6737
49.6682
49.6682
49.6617
49.6617
49.6543
49.6543
49.6463
49.6463
49.6378
49.6378
49.6295
49.6295
49.6219
49.6219
49.6169
49.6169
49.6159
49.6159
49.6221
49.6221
49.6384
49.6384
49.6726
49.6726
49.3871
49.3871
49.742
49.742
49.6832
49.6832
49.6851
49.6851
49.6867
49.6867
49.6877
49.6877
49.688
49.688
49.6877
49.6877
49.6866
49.6866
49.6847
49.6847
49.6819
49.6819
49.6783
49.6783
49.6737
49.6737
49.6682
49.6682
49.6617
49.6617
49.6543
49.6543
49.6463
49.6463
49.6378
49.6378
49.6294
49.6294
49.6219
49.6219
49.6169
49.6169
49.6159
49.6159
49.622
49.622
49.6384
49.6384
49.6726
49.6726
49.3871
49.3871
49.5882
49.5204
49.5155
49.5112
49.5074
49.504
49.501
49.4985
49.4963
49.4945
49.4931
49.4921
49.4915
49.4915
49.4922
49.4937
49.4965
49.5012
49.5084
49.5199
49.537
49.5624
49.5986
49.6516
49.3816
)
;
    }
    baffle_master
    {
        type            calculated;
        value           nonuniform List<scalar> 
150
(
36.491
36.491
36.491
36.491
36.491
36.491
36.491
36.491
36.491
36.491
36.491
36.491
36.491
36.491
36.491
36.4911
36.4911
36.4911
36.4911
36.4911
36.4911
36.4911
36.4911
36.4911
36.4912
36.4912
36.4912
36.4913
36.4913
36.4913
36.4913
36.4913
36.4913
36.4914
36.4914
36.4914
36.4915
36.4915
36.4915
36.4917
36.4917
36.4917
36.4918
36.4918
36.4918
36.492
36.492
36.492
36.4922
36.4922
36.4922
36.4925
36.4925
36.4925
36.4927
36.4927
36.4927
36.493
36.493
36.493
36.4934
36.4934
36.4934
36.4938
36.4938
36.4938
36.4942
36.4942
36.4942
36.4946
36.4946
36.4946
36.7388
36.7388
36.7388
36.491
36.491
36.491
36.491
36.491
36.491
36.491
36.491
36.491
36.491
36.491
36.491
36.491
36.491
36.491
36.4911
36.4911
36.4911
36.4911
36.4911
36.4911
36.4911
36.4911
36.4911
36.4912
36.4912
36.4912
36.4913
36.4913
36.4913
36.4913
36.4913
36.4913
36.4914
36.4914
36.4914
36.4915
36.4915
36.4915
36.4917
36.4917
36.4917
36.4918
36.4918
36.4918
36.492
36.492
36.492
36.4922
36.4922
36.4922
36.4925
36.4925
36.4925
36.4927
36.4927
36.4927
36.493
36.493
36.493
36.4934
36.4934
36.4934
36.4938
36.4938
36.4938
36.4942
36.4942
36.4942
36.4946
36.4946
36.4946
36.7388
36.7388
36.7388
)
;
    }
    baffle_slave
    {
        type            calculated;
        value           nonuniform List<scalar> 
150
(
49.5517
49.5882
49.5882
49.4815
49.5204
49.5204
49.475
49.5155
49.5155
49.4691
49.5112
49.5112
49.464
49.5074
49.5074
49.4596
49.504
49.504
49.4559
49.501
49.501
49.4529
49.4985
49.4985
49.4505
49.4963
49.4963
49.4488
49.4945
49.4945
49.4478
49.4931
49.4931
49.4476
49.4921
49.4921
49.4482
49.4915
49.4915
49.4496
49.4915
49.4915
49.4521
49.4922
49.4922
49.4559
49.4937
49.4937
49.4614
49.4965
49.4965
49.4692
49.5012
49.5012
49.4799
49.5085
49.5084
49.4954
49.5199
49.5199
49.5168
49.537
49.537
49.5469
49.5624
49.5624
49.588
49.5986
49.5986
49.646
49.6516
49.6516
49.38
49.3815
49.3816
49.5882
49.5517
49.5882
49.5204
49.4815
49.5204
49.5155
49.475
49.5155
49.5112
49.4691
49.5112
49.5074
49.464
49.5074
49.504
49.4596
49.504
49.501
49.4559
49.501
49.4985
49.4529
49.4985
49.4963
49.4505
49.4963
49.4945
49.4488
49.4945
49.4931
49.4478
49.4931
49.4921
49.4476
49.4921
49.4915
49.4482
49.4915
49.4915
49.4496
49.4915
49.4922
49.4521
49.4922
49.4937
49.4559
49.4937
49.4965
49.4614
49.4965
49.5012
49.4692
49.5012
49.5085
49.4799
49.5084
49.5199
49.4954
49.5199
49.537
49.5168
49.537
49.5624
49.5469
49.5624
49.5986
49.588
49.5986
49.6516
49.646
49.6516
49.3815
49.38
49.3816
)
;
    }
}


// ************************************************************************* //
