/*--------------------------------*- C++ -*----------------------------------*\
| =========                 |                                                 |
| \\      /  F ield         | OpenFOAM: The Open Source CFD Toolbox           |
|  \\    /   O peration     | Version:  2212                                  |
|   \\  /    A nd           | Website:  www.openfoam.com                      |
|    \\/     M anipulation  |                                                 |
\*---------------------------------------------------------------------------*/
FoamFile
{
    version     2.0;
    format      ascii;
    arch        "LSB;label=32;scalar=64";
    class       volScalarField;
    location    "11/fluidRegion";
    object      deltaT;
}
// * * * * * * * * * * * * * * * * * * * * * * * * * * * * * * * * * * * * * //

dimensions      [0 0 0 1 0 0 0];

internalField   nonuniform List<scalar> 
350
(
0
0
0
0
0
0
0
0
0
0
0
0
0
0
0
0
0
0
0
0
0
0
0
0
0
0
0
0
0
0
0
0
0
0
0
0
0
0
0
0
0
0
0
0
0
0
0
0
0
0
1.69395
16.666
31.9244
47.3527
62.838
78.2687
93.532
108.513
123.091
137.142
150.53
163.111
174.725
185.196
194.327
201.89
207.628
211.244
212.402
210.736
205.856
197.396
185.06
168.717
149.645
1.1105
16.2241
31.627
47.2016
62.8345
78.4129
93.8233
108.949
123.67
137.859
151.379
164.084
175.813
186.386
195.602
203.231
209.013
212.643
213.783
212.056
207.067
198.441
185.88
169.248
149.833
1.79153
16.7407
31.9757
47.3802
62.8417
78.2483
93.4877
108.445
123
137.028
150.395
162.956
174.552
185.007
194.124
201.677
207.408
211.022
212.184
210.528
205.666
197.232
184.933
168.634
149.615
1.24094
16.3221
31.6919
47.2331
62.8322
78.3768
93.7536
108.846
123.535
137.692
151.182
163.859
175.561
186.111
195.307
202.922
208.693
212.321
213.464
211.752
206.788
198.2
185.691
169.126
149.79
1.24094
16.3221
31.6919
47.2331
62.8322
78.3768
93.7536
108.846
123.535
137.692
151.182
163.859
175.561
186.111
195.307
202.922
208.693
212.321
213.464
211.752
206.788
198.2
185.691
169.126
149.79
1.79152
16.7407
31.9757
47.3802
62.8416
78.2483
93.4877
108.445
123
137.028
150.395
162.956
174.552
185.007
194.124
201.677
207.408
211.022
212.184
210.528
205.666
197.232
184.933
168.634
149.615
1.1105
16.2241
31.627
47.2017
62.8345
78.4129
93.8233
108.949
123.67
137.859
151.379
164.084
175.813
186.386
195.602
203.232
209.013
212.643
213.783
212.056
207.067
198.441
185.88
169.248
149.833
1.69395
16.666
31.9244
47.3527
62.838
78.2687
93.532
108.513
123.091
137.142
150.53
163.111
174.725
185.196
194.327
201.89
207.628
211.244
212.402
210.736
205.856
197.396
185.06
168.717
149.645
1.24094
16.3221
31.6919
47.2331
62.8322
78.3768
93.7536
108.846
123.535
137.692
151.182
163.859
175.561
186.111
195.307
202.922
208.693
212.321
213.464
211.752
206.788
198.2
185.691
169.126
149.79
1.79153
16.7407
31.9757
47.3802
62.8417
78.2483
93.4877
108.445
123
137.028
150.395
162.956
174.552
185.007
194.124
201.677
207.408
211.022
212.184
210.528
205.666
197.232
184.933
168.634
149.615
1.79152
16.7407
31.9757
47.3802
62.8416
78.2483
93.4877
108.445
123
137.028
150.395
162.956
174.552
185.007
194.124
201.676
207.408
211.022
212.184
210.528
205.666
197.232
184.933
168.634
149.615
1.24093
16.3221
31.6919
47.2331
62.8322
78.3768
93.7536
108.846
123.535
137.692
151.182
163.859
175.561
186.111
195.307
202.922
208.693
212.321
213.464
211.752
206.788
198.2
185.691
169.126
149.79
)
;

boundaryField
{
    outletCentralUnloaded
    {
        type            calculated;
        value           uniform 0;
    }
    inletCentralUnloaded
    {
        type            calculated;
        value           uniform 0;
    }
    outletFuelElement
    {
        type            calculated;
        value           nonuniform List<scalar> 
12
(
92.82
89.2932
93.4089
90.0853
90.0853
93.409
89.2932
92.82
90.0853
93.409
93.409
90.0853
)
;
    }
    inletFuelElement
    {
        type            calculated;
        value           uniform 616.7;
    }
    defaultFaces
    {
        type            calculated;
        value           nonuniform List<scalar> 
450
(
92.8216
92.8216
92.8216
93.1052
93.1052
93.1052
96.7153
96.7153
96.7153
103.692
103.692
103.692
114.018
114.018
114.018
127.616
127.616
127.616
144.351
144.351
144.351
164.033
164.033
164.033
186.417
186.417
186.417
211.212
211.212
211.212
238.081
238.081
238.081
266.651
266.651
266.651
296.521
296.521
296.521
327.266
327.266
327.266
358.45
358.45
358.45
389.632
389.632
389.632
420.374
420.374
420.374
450.249
450.249
450.249
478.85
478.85
478.85
505.794
505.794
505.794
530.736
530.736
530.736
553.377
553.377
553.377
573.477
573.477
573.477
590.872
590.872
590.872
605.471
605.471
605.471
93.4106
93.4106
93.7201
93.7201
97.3489
97.3489
104.337
104.337
114.666
114.666
128.259
128.259
144.981
144.981
164.642
164.642
187
187
211.761
211.761
238.591
238.591
267.118
267.118
296.94
296.94
327.636
327.636
358.771
358.771
389.903
389.903
420.597
420.597
450.427
450.427
478.986
478.986
505.894
505.894
530.804
530.804
553.42
553.42
573.501
573.501
590.882
590.882
605.473
605.473
90.0869
90.2389
93.7517
100.668
110.97
124.582
141.37
161.14
183.646
208.594
235.643
264.416
294.505
325.481
356.901
388.318
419.289
449.382
478.182
505.306
530.401
553.167
573.364
590.824
605.46
90.087
90.2389
93.7517
100.668
110.97
124.582
141.37
161.14
183.646
208.594
235.643
264.416
294.505
325.481
356.901
388.318
419.289
449.382
478.182
505.306
530.401
553.167
573.364
590.824
605.46
93.4106
93.4106
93.7202
93.7202
97.349
97.349
104.337
104.337
114.666
114.666
128.259
128.259
144.981
144.981
164.642
164.642
187
187
211.761
211.761
238.591
238.591
267.118
267.118
296.94
296.94
327.636
327.636
358.771
358.771
389.903
389.903
420.597
420.597
450.427
450.427
478.986
478.986
505.894
505.894
530.804
530.804
553.42
553.42
573.501
573.501
590.882
590.882
605.473
605.473
92.8216
92.8216
92.8216
93.1052
93.1052
93.1052
96.7153
96.7153
96.7153
103.692
103.692
103.692
114.018
114.018
114.018
127.616
127.616
127.616
144.351
144.351
144.351
164.033
164.033
164.033
186.417
186.417
186.417
211.212
211.212
211.212
238.081
238.081
238.081
266.651
266.651
266.651
296.521
296.521
296.521
327.266
327.266
327.266
358.45
358.45
358.45
389.632
389.632
389.632
420.374
420.374
420.374
450.249
450.249
450.249
478.85
478.85
478.85
505.794
505.794
505.794
530.736
530.736
530.736
553.377
553.377
553.377
573.477
573.477
573.477
590.872
590.872
590.872
605.471
605.471
605.471
90.0869
90.2389
93.7517
100.668
110.97
124.582
141.37
161.14
183.646
208.594
235.643
264.416
294.505
325.481
356.901
388.318
419.289
449.382
478.182
505.306
530.401
553.167
573.364
590.824
605.46
93.4106
93.4106
93.7201
93.7201
97.3489
97.3489
104.337
104.337
114.666
114.666
128.259
128.259
144.981
144.981
164.642
164.642
187
187
211.761
211.761
238.591
238.591
267.118
267.118
296.94
296.94
327.637
327.637
358.771
358.771
389.903
389.903
420.597
420.597
450.427
450.427
478.986
478.986
505.894
505.894
530.804
530.804
553.42
553.42
573.501
573.501
590.882
590.882
605.473
605.473
93.4107
93.4107
93.7202
93.7202
97.349
97.349
104.337
104.337
114.666
114.666
128.259
128.259
144.981
144.981
164.642
164.642
187
187
211.761
211.761
238.591
238.591
267.118
267.118
296.94
296.94
327.636
327.636
358.771
358.771
389.903
389.903
420.597
420.597
450.427
450.427
478.986
478.986
505.894
505.894
530.804
530.804
553.42
553.42
573.501
573.501
590.882
590.882
605.473
605.473
90.0869
90.2389
93.7517
100.668
110.97
124.582
141.37
161.14
183.646
208.594
235.643
264.416
294.505
325.481
356.901
388.318
419.289
449.382
478.182
505.306
530.401
553.167
573.364
590.824
605.46
)
;
    }
    baffle_master
    {
        type            calculated;
        value           uniform 0;
    }
    baffle_slave
    {
        type            calculated;
        value           nonuniform List<scalar> 
150
(
89.2948
90.0869
90.0869
89.4063
90.2389
90.2389
92.8885
93.7517
93.7517
99.7845
100.668
100.668
110.078
110.97
110.97
123.693
124.582
124.582
140.494
141.37
141.37
160.288
161.14
161.14
182.83
183.646
183.646
207.821
208.594
208.594
234.923
235.643
235.643
263.754
264.416
264.416
293.907
294.505
294.505
324.951
325.481
325.481
356.441
356.901
356.901
387.928
388.318
388.318
418.967
419.289
419.289
449.123
449.382
449.382
477.983
478.182
478.182
505.16
505.306
505.306
530.301
530.401
530.401
553.105
553.167
553.167
573.33
573.364
573.364
590.81
590.824
590.824
605.457
605.46
605.46
90.087
89.2949
90.0869
90.2389
89.4063
90.2389
93.7517
92.8885
93.7517
100.668
99.7845
100.668
110.97
110.078
110.97
124.582
123.693
124.582
141.37
140.494
141.37
161.14
160.288
161.14
183.646
182.83
183.646
208.594
207.821
208.594
235.643
234.923
235.643
264.416
263.754
264.416
294.505
293.907
294.505
325.481
324.951
325.481
356.901
356.441
356.901
388.318
387.928
388.318
419.289
418.967
419.289
449.382
449.123
449.382
478.182
477.983
478.182
505.306
505.16
505.306
530.401
530.301
530.401
553.167
553.105
553.167
573.364
573.33
573.364
590.824
590.81
590.824
605.46
605.457
605.46
)
;
    }
}


// ************************************************************************* //
