/*--------------------------------*- C++ -*----------------------------------*\
| =========                 |                                                 |
| \\      /  F ield         | OpenFOAM: The Open Source CFD Toolbox           |
|  \\    /   O peration     | Version:  2212                                  |
|   \\  /    A nd           | Website:  www.openfoam.com                      |
|    \\/     M anipulation  |                                                 |
\*---------------------------------------------------------------------------*/
FoamFile
{
    version     2.0;
    format      ascii;
    arch        "LSB;label=32;scalar=64";
    class       volScalarField;
    location    "11/fluidRegion";
    object      dgdt;
}
// * * * * * * * * * * * * * * * * * * * * * * * * * * * * * * * * * * * * * //

dimensions      [0 0 -1 0 0 0 0];

internalField   nonuniform List<scalar> 
350
(
0.00517276
0.00512844
0.00509845
0.00507122
0.00504557
0.00502046
0.00499507
0.00496879
0.00494118
0.00491192
0.00488082
0.00484781
0.00481294
0.00477641
0.00473863
0.00470017
0.00466184
0.00462461
0.00458955
0.00455776
0.00453025
0.00450782
0.00441942
0.00423687
0.00180291
0.00517276
0.00512844
0.00509845
0.00507122
0.00504556
0.00502045
0.00499507
0.00496879
0.00494118
0.00491192
0.00488082
0.00484781
0.00481293
0.00477641
0.00473863
0.00470017
0.00466185
0.00462462
0.00458956
0.00455778
0.00453027
0.00450784
0.00441944
0.00423688
0.00180287
2.66743
4.67798
8.38928
12.0616
15.6313
19.0378
22.2235
25.1356
27.7261
29.9538
31.7843
33.1912
34.1564
34.6703
34.7317
34.3476
33.5322
32.3071
30.7023
28.753
26.504
24.0083
21.3295
18.5285
22.2626
2.57639
4.50847
8.25756
11.9687
15.5777
19.0231
22.2468
25.195
27.8194
30.0777
31.935
33.3644
34.3473
34.8738
34.9426
34.5606
33.742
32.5086
30.8905
28.9234
26.6525
24.1313
21.424
18.5921
22.3006
2.68121
4.70348
8.40857
12.0745
15.6379
19.0381
22.2177
25.124
27.7092
29.9321
31.7584
33.1618
34.1242
34.6362
34.6966
34.3123
33.4976
32.274
30.6714
28.725
26.4796
23.9881
21.314
18.518
22.2563
2.59782
4.54851
8.28905
11.9914
15.5914
19.0279
22.2429
25.1828
27.7994
30.0506
31.9017
33.3258
34.3045
34.828
34.895
34.5123
33.6944
32.4628
30.8477
28.8846
26.6186
24.1032
21.4024
18.5776
22.2919
2.59782
4.54851
8.28905
11.9914
15.5914
19.0279
22.2429
25.1828
27.7994
30.0506
31.9017
33.3258
34.3045
34.828
34.895
34.5123
33.6944
32.4628
30.8477
28.8846
26.6186
24.1032
21.4024
18.5776
22.2919
2.68121
4.70348
8.40857
12.0745
15.6379
19.0381
22.2177
25.124
27.7092
29.9321
31.7584
33.1617
34.1242
34.6362
34.6966
34.3123
33.4976
32.274
30.6714
28.725
26.4796
23.9881
21.314
18.518
22.2562
2.57639
4.50847
8.25756
11.9687
15.5777
19.0231
22.2468
25.195
27.8194
30.0777
31.935
33.3644
34.3473
34.8738
34.9426
34.5606
33.742
32.5086
30.8905
28.9234
26.6525
24.1313
21.424
18.5921
22.3006
2.66744
4.67798
8.38928
12.0616
15.6313
19.0378
22.2235
25.1356
27.7261
29.9538
31.7843
33.1912
34.1564
34.6703
34.7317
34.3476
33.5322
32.3071
30.7023
28.753
26.5039
24.0083
21.3295
18.5285
22.2626
2.59783
4.54851
8.28905
11.9914
15.5914
19.0279
22.2429
25.1828
27.7994
30.0506
31.9017
33.3258
34.3045
34.828
34.895
34.5123
33.6944
32.4628
30.8477
28.8846
26.6186
24.1032
21.4024
18.5776
22.2919
2.68122
4.70349
8.40857
12.0745
15.6379
19.0381
22.2177
25.124
27.7092
29.9321
31.7584
33.1617
34.1242
34.6362
34.6966
34.3123
33.4976
32.274
30.6714
28.725
26.4796
23.9881
21.314
18.518
22.2563
2.68122
4.70348
8.40857
12.0745
15.6379
19.0381
22.2177
25.124
27.7092
29.9321
31.7584
33.1617
34.1242
34.6362
34.6966
34.3123
33.4976
32.274
30.6714
28.725
26.4796
23.9881
21.314
18.518
22.2562
2.59783
4.54851
8.28905
11.9914
15.5914
19.0279
22.2429
25.1828
27.7994
30.0506
31.9017
33.3258
34.3045
34.828
34.895
34.5123
33.6944
32.4628
30.8477
28.8846
26.6186
24.1031
21.4024
18.5776
22.2919
)
;

boundaryField
{
    outletCentralUnloaded
    {
        type            calculated;
        value           nonuniform List<scalar> 2(0.00517276 0.00517276);
    }
    inletCentralUnloaded
    {
        type            calculated;
        value           nonuniform List<scalar> 2(0.00180291 0.00180287);
    }
    outletFuelElement
    {
        type            calculated;
        value           nonuniform List<scalar> 
12
(
2.66743
2.57639
2.68121
2.59782
2.59782
2.68121
2.57639
2.66744
2.59783
2.68122
2.68122
2.59783
)
;
    }
    inletFuelElement
    {
        type            calculated;
        value           nonuniform List<scalar> 
12
(
22.2626
22.3006
22.2563
22.2919
22.2919
22.2562
22.3006
22.2626
22.2919
22.2563
22.2562
22.2919
)
;
    }
    defaultFaces
    {
        type            calculated;
        value           nonuniform List<scalar> 
450
(
2.66743
2.66743
2.66743
4.67798
4.67798
4.67798
8.38928
8.38928
8.38928
12.0616
12.0616
12.0616
15.6313
15.6313
15.6313
19.0378
19.0378
19.0378
22.2235
22.2235
22.2235
25.1356
25.1356
25.1356
27.7261
27.7261
27.7261
29.9538
29.9538
29.9538
31.7843
31.7843
31.7843
33.1912
33.1912
33.1912
34.1564
34.1564
34.1564
34.6703
34.6703
34.6703
34.7317
34.7317
34.7317
34.3476
34.3476
34.3476
33.5322
33.5322
33.5322
32.3071
32.3071
32.3071
30.7023
30.7023
30.7023
28.753
28.753
28.753
26.504
26.504
26.504
24.0083
24.0083
24.0083
21.3295
21.3295
21.3295
18.5285
18.5285
18.5285
22.2626
22.2626
22.2626
2.68121
2.68121
4.70348
4.70348
8.40857
8.40857
12.0745
12.0745
15.6379
15.6379
19.0381
19.0381
22.2177
22.2177
25.124
25.124
27.7092
27.7092
29.9321
29.9321
31.7584
31.7584
33.1618
33.1618
34.1242
34.1242
34.6362
34.6362
34.6966
34.6966
34.3123
34.3123
33.4976
33.4976
32.274
32.274
30.6714
30.6714
28.725
28.725
26.4796
26.4796
23.9881
23.9881
21.314
21.314
18.518
18.518
22.2563
22.2563
2.59782
4.54851
8.28905
11.9914
15.5914
19.0279
22.2429
25.1828
27.7994
30.0506
31.9017
33.3258
34.3045
34.828
34.895
34.5123
33.6944
32.4628
30.8477
28.8846
26.6186
24.1032
21.4024
18.5776
22.2919
2.59782
4.54851
8.28905
11.9914
15.5914
19.0279
22.2429
25.1828
27.7994
30.0506
31.9017
33.3258
34.3045
34.828
34.895
34.5123
33.6944
32.4628
30.8477
28.8846
26.6186
24.1032
21.4024
18.5776
22.2919
2.68121
2.68121
4.70348
4.70348
8.40857
8.40857
12.0745
12.0745
15.6379
15.6379
19.0381
19.0381
22.2177
22.2177
25.124
25.124
27.7092
27.7092
29.9321
29.9321
31.7584
31.7584
33.1617
33.1617
34.1242
34.1242
34.6362
34.6362
34.6966
34.6966
34.3123
34.3123
33.4976
33.4976
32.274
32.274
30.6714
30.6714
28.725
28.725
26.4796
26.4796
23.9881
23.9881
21.314
21.314
18.518
18.518
22.2562
22.2562
2.66744
2.66744
2.66744
4.67798
4.67798
4.67798
8.38928
8.38928
8.38928
12.0616
12.0616
12.0616
15.6313
15.6313
15.6313
19.0378
19.0378
19.0378
22.2235
22.2235
22.2235
25.1356
25.1356
25.1356
27.7261
27.7261
27.7261
29.9538
29.9538
29.9538
31.7843
31.7843
31.7843
33.1912
33.1912
33.1912
34.1564
34.1564
34.1564
34.6703
34.6703
34.6703
34.7317
34.7317
34.7317
34.3476
34.3476
34.3476
33.5322
33.5322
33.5322
32.3071
32.3071
32.3071
30.7023
30.7023
30.7023
28.753
28.753
28.753
26.5039
26.5039
26.5039
24.0083
24.0083
24.0083
21.3295
21.3295
21.3295
18.5285
18.5285
18.5285
22.2626
22.2626
22.2626
2.59783
4.54851
8.28905
11.9914
15.5914
19.0279
22.2429
25.1828
27.7994
30.0506
31.9017
33.3258
34.3045
34.828
34.895
34.5123
33.6944
32.4628
30.8477
28.8846
26.6186
24.1032
21.4024
18.5776
22.2919
2.68122
2.68122
4.70349
4.70349
8.40857
8.40857
12.0745
12.0745
15.6379
15.6379
19.0381
19.0381
22.2177
22.2177
25.124
25.124
27.7092
27.7092
29.9321
29.9321
31.7584
31.7584
33.1617
33.1617
34.1242
34.1242
34.6362
34.6362
34.6966
34.6966
34.3123
34.3123
33.4976
33.4976
32.274
32.274
30.6714
30.6714
28.725
28.725
26.4796
26.4796
23.9881
23.9881
21.314
21.314
18.518
18.518
22.2563
22.2563
2.68122
2.68122
4.70348
4.70348
8.40857
8.40857
12.0745
12.0745
15.6379
15.6379
19.0381
19.0381
22.2177
22.2177
25.124
25.124
27.7092
27.7092
29.9321
29.9321
31.7584
31.7584
33.1617
33.1617
34.1242
34.1242
34.6362
34.6362
34.6966
34.6966
34.3123
34.3123
33.4976
33.4976
32.274
32.274
30.6714
30.6714
28.725
28.725
26.4796
26.4796
23.9881
23.9881
21.314
21.314
18.518
18.518
22.2562
22.2562
2.59783
4.54851
8.28905
11.9914
15.5914
19.0279
22.2429
25.1828
27.7994
30.0506
31.9017
33.3258
34.3045
34.828
34.895
34.5123
33.6944
32.4628
30.8477
28.8846
26.6186
24.1031
21.4024
18.5776
22.2919
)
;
    }
    baffle_master
    {
        type            calculated;
        value           nonuniform List<scalar> 
150
(
0.00517276
0.00517276
0.00517276
0.00512844
0.00512844
0.00512844
0.00509845
0.00509845
0.00509845
0.00507122
0.00507122
0.00507122
0.00504557
0.00504557
0.00504557
0.00502046
0.00502046
0.00502046
0.00499507
0.00499507
0.00499507
0.00496879
0.00496879
0.00496879
0.00494118
0.00494118
0.00494118
0.00491192
0.00491192
0.00491192
0.00488082
0.00488082
0.00488082
0.00484781
0.00484781
0.00484781
0.00481294
0.00481294
0.00481294
0.00477641
0.00477641
0.00477641
0.00473863
0.00473863
0.00473863
0.00470017
0.00470017
0.00470017
0.00466184
0.00466184
0.00466184
0.00462461
0.00462461
0.00462461
0.00458955
0.00458955
0.00458955
0.00455776
0.00455776
0.00455776
0.00453025
0.00453025
0.00453025
0.00450782
0.00450782
0.00450782
0.00441942
0.00441942
0.00441942
0.00423687
0.00423687
0.00423687
0.00180291
0.00180291
0.00180291
0.00517276
0.00517276
0.00517276
0.00512844
0.00512844
0.00512844
0.00509845
0.00509845
0.00509845
0.00507122
0.00507122
0.00507122
0.00504556
0.00504556
0.00504556
0.00502045
0.00502045
0.00502045
0.00499507
0.00499507
0.00499507
0.00496879
0.00496879
0.00496879
0.00494118
0.00494118
0.00494118
0.00491192
0.00491192
0.00491192
0.00488082
0.00488082
0.00488082
0.00484781
0.00484781
0.00484781
0.00481293
0.00481293
0.00481293
0.00477641
0.00477641
0.00477641
0.00473863
0.00473863
0.00473863
0.00470017
0.00470017
0.00470017
0.00466185
0.00466185
0.00466185
0.00462462
0.00462462
0.00462462
0.00458956
0.00458956
0.00458956
0.00455778
0.00455778
0.00455778
0.00453027
0.00453027
0.00453027
0.00450784
0.00450784
0.00450784
0.00441944
0.00441944
0.00441944
0.00423688
0.00423688
0.00423688
0.00180287
0.00180287
0.00180287
)
;
    }
    baffle_slave
    {
        type            calculated;
        value           nonuniform List<scalar> 
150
(
2.57639
2.59782
2.59783
4.50847
4.54851
4.54851
8.25756
8.28905
8.28905
11.9687
11.9914
11.9914
15.5777
15.5914
15.5914
19.0231
19.0279
19.0279
22.2468
22.2429
22.2429
25.195
25.1828
25.1828
27.8194
27.7994
27.7994
30.0777
30.0506
30.0506
31.935
31.9017
31.9017
33.3644
33.3258
33.3258
34.3473
34.3045
34.3045
34.8738
34.828
34.828
34.9426
34.895
34.895
34.5606
34.5123
34.5123
33.742
33.6944
33.6944
32.5086
32.4628
32.4628
30.8905
30.8477
30.8477
28.9234
28.8846
28.8846
26.6525
26.6186
26.6186
24.1313
24.1032
24.1031
21.424
21.4024
21.4024
18.5921
18.5776
18.5776
22.3006
22.2919
22.2919
2.59782
2.57639
2.59783
4.54851
4.50847
4.54851
8.28905
8.25756
8.28905
11.9914
11.9687
11.9914
15.5914
15.5777
15.5914
19.0279
19.0231
19.0279
22.2429
22.2468
22.2429
25.1828
25.195
25.1828
27.7994
27.8194
27.7994
30.0506
30.0777
30.0506
31.9017
31.935
31.9017
33.3258
33.3644
33.3258
34.3045
34.3473
34.3045
34.828
34.8738
34.828
34.895
34.9426
34.895
34.5123
34.5606
34.5123
33.6944
33.742
33.6944
32.4628
32.5086
32.4628
30.8477
30.8905
30.8477
28.8846
28.9234
28.8846
26.6186
26.6525
26.6186
24.1032
24.1313
24.1032
21.4024
21.424
21.4024
18.5776
18.5921
18.5776
22.2919
22.3006
22.2919
)
;
    }
}


// ************************************************************************* //
