/*--------------------------------*- C++ -*----------------------------------*\
| =========                 |                                                 |
| \\      /  F ield         | OpenFOAM: The Open Source CFD Toolbox           |
|  \\    /   O peration     | Version:  2212                                  |
|   \\  /    A nd           | Website:  www.openfoam.com                      |
|    \\/     M anipulation  |                                                 |
\*---------------------------------------------------------------------------*/
FoamFile
{
    version     2.0;
    format      ascii;
    arch        "LSB;label=32;scalar=64";
    class       volScalarField;
    location    "11/fluidRegion";
    object      epsilon;
}
// * * * * * * * * * * * * * * * * * * * * * * * * * * * * * * * * * * * * * //

dimensions      [0 2 -3 0 0 0 0];

internalField   nonuniform List<scalar> 
350
(
65.3692
65.3534
65.3377
65.3221
65.3065
65.2911
65.2758
65.2608
65.2462
65.2322
65.2192
65.2075
65.198
65.1917
65.1904
65.1968
65.2148
65.2506
65.3137
65.4183
65.5865
65.8518
66.2657
66.9064
67.8936
65.3692
65.3534
65.3377
65.3221
65.3065
65.2911
65.2758
65.2608
65.2462
65.2322
65.2192
65.2075
65.198
65.1917
65.1904
65.1968
65.2148
65.2506
65.3137
65.4183
65.5865
65.8518
66.2657
66.9064
67.8936
197914
190133
179978
167585
153424
138034
121977
105810
90047
75130.5
61413.2
49144.8
38469.5
29431.7
21989.5
16031.7
11398.5
7901.88
5344.29
3534.66
2300.22
1493.79
998.027
726.027
620.166
199604
191807
181607
169133
154864
139341
123136
106813
90892
75823.7
61966.1
49572.6
38789.8
29663.4
22150.8
16139.3
11466.9
7943.02
5367.51
3546.79
2305.98
1496.25
998.994
726.495
620.607
197632
189855
179708
167329
153187
137818
121786
105645
89908.1
75016.6
61322.4
49074.5
38416.7
29393.5
21962.8
16013.8
11387
7894.84
5340.24
3532.48
2299.15
1493.34
997.897
726.07
620.315
199233
191437
181246
168789
154543
139049
122877
106588
90702
75667.6
61841.3
49475.9
38717.3
29610.9
22114.2
16114.8
11451.4
7933.66
5362.23
3544.03
2304.68
1495.69
998.768
726.374
620.483
199233
191437
181246
168789
154543
139049
122877
106588
90702
75667.6
61841.3
49475.9
38717.3
29610.9
22114.2
16114.8
11451.4
7933.66
5362.23
3544.03
2304.68
1495.69
998.768
726.374
620.483
197633
189855
179709
167329
153187
137819
121787
105646
89908.2
75016.6
61322.4
49074.6
38416.8
29393.5
21962.8
16013.8
11387
7894.84
5340.23
3532.48
2299.15
1493.33
997.896
726.071
620.318
199604
191807
181607
169133
154864
139341
123136
106813
90892
75823.7
61966.1
49572.6
38789.8
29663.4
22150.8
16139.3
11466.9
7943.02
5367.51
3546.79
2305.98
1496.25
998.994
726.495
620.607
197914
190133
179978
167585
153424
138034
121977
105810
90046.9
75130.4
61413.2
49144.8
38469.5
29431.7
21989.5
16031.7
11398.5
7901.88
5344.3
3534.67
2300.22
1493.79
998.028
726.027
620.165
199233
191437
181246
168789
154543
139049
122877
106588
90702
75667.6
61841.3
49475.9
38717.3
29610.9
22114.2
16114.8
11451.4
7933.66
5362.23
3544.03
2304.67
1495.69
998.768
726.374
620.483
197632
189855
179708
167329
153187
137818
121786
105645
89908
75016.5
61322.3
49074.5
38416.7
29393.5
21962.8
16013.8
11387
7894.85
5340.24
3532.49
2299.15
1493.34
997.896
726.069
620.314
197632
189855
179709
167329
153187
137818
121787
105646
89908.1
75016.6
61322.4
49074.5
38416.7
29393.5
21962.8
16013.8
11387
7894.84
5340.24
3532.48
2299.15
1493.34
997.897
726.072
620.318
199232
191437
181246
168789
154543
139049
122877
106588
90701.9
75667.5
61841.3
49475.9
38717.3
29610.9
22114.2
16114.8
11451.4
7933.67
5362.23
3544.03
2304.68
1495.69
998.77
726.374
620.482
)
;

boundaryField
{
    outletCentralUnloaded
    {
        type            zeroGradient;
    }
    inletCentralUnloaded
    {
        type            zeroGradient;
    }
    outletFuelElement
    {
        type            zeroGradient;
    }
    inletFuelElement
    {
        type            zeroGradient;
    }
    defaultFaces
    {
        type            zeroGradient;
    }
    baffle_master
    {
        type            zeroGradient;
    }
    baffle_slave
    {
        type            zeroGradient;
    }
}


// ************************************************************************* //
