/*--------------------------------*- C++ -*----------------------------------*\
| =========                 |                                                 |
| \\      /  F ield         | OpenFOAM: The Open Source CFD Toolbox           |
|  \\    /   O peration     | Version:  2212                                  |
|   \\  /    A nd           | Website:  www.openfoam.com                      |
|    \\/     M anipulation  |                                                 |
\*---------------------------------------------------------------------------*/
FoamFile
{
    version     2.0;
    format      ascii;
    arch        "LSB;label=32;scalar=64";
    class       volScalarField;
    location    "11/fluidRegion";
    object      hdeltaT;
}
// * * * * * * * * * * * * * * * * * * * * * * * * * * * * * * * * * * * * * //

dimensions      [1 0 -3 0 0 0 0];

internalField   nonuniform List<scalar> 
350
(
0
0
0
0
0
0
0
0
0
0
0
0
0
0
0
0
0
0
0
0
0
0
0
0
0
0
0
0
0
0
0
0
0
0
0
0
0
0
0
0
0
0
0
0
0
0
0
0
0
0
19961.3
196146
374420
551606
724564
890212
1.04558e+06
1.18787e+06
1.31451e+06
1.42318e+06
1.51189e+06
1.579e+06
1.6233e+06
1.64401e+06
1.64084e+06
1.61404e+06
1.56443e+06
1.49342e+06
1.40308e+06
1.29608e+06
1.17568e+06
1.04568e+06
910145
773211
640133
13096.1
191094
371228
550294
725118
892584
1.04969e+06
1.19361e+06
1.32173e+06
1.43171e+06
1.52153e+06
1.58953e+06
1.63446e+06
1.65554e+06
1.65248e+06
1.6255e+06
1.57545e+06
1.50373e+06
1.41243e+06
1.30427e+06
1.18255e+06
1.0511e+06
914039
775545
640905
21108.7
197001
374975
551858
724513
889866
1.04495e+06
1.18698e+06
1.31338e+06
1.42183e+06
1.51036e+06
1.57733e+06
1.62152e+06
1.64216e+06
1.63897e+06
1.6122e+06
1.56266e+06
1.49177e+06
1.40157e+06
1.29476e+06
1.17457e+06
1.0448e+06
909511
772825
640003
14631.9
192215
371924
550561
724959
892010
1.04872e+06
1.19227e+06
1.32005e+06
1.42973e+06
1.5193e+06
1.58709e+06
1.63189e+06
1.65288e+06
1.6498e+06
1.62286e+06
1.57291e+06
1.50136e+06
1.41028e+06
1.30239e+06
1.18097e+06
1.04985e+06
913144
775009
640728
14631.9
192215
371925
550561
724959
892010
1.04872e+06
1.19227e+06
1.32005e+06
1.42973e+06
1.5193e+06
1.58709e+06
1.63189e+06
1.65288e+06
1.6498e+06
1.62286e+06
1.57291e+06
1.50136e+06
1.41028e+06
1.30239e+06
1.18097e+06
1.04985e+06
913144
775009
640728
21108.6
197001
374975
551858
724513
889866
1.04495e+06
1.18698e+06
1.31338e+06
1.42183e+06
1.51036e+06
1.57733e+06
1.62152e+06
1.64216e+06
1.63897e+06
1.6122e+06
1.56266e+06
1.49177e+06
1.40157e+06
1.29476e+06
1.17457e+06
1.0448e+06
909511
772825
640003
13096.2
191094
371229
550294
725118
892584
1.04969e+06
1.19361e+06
1.32173e+06
1.43171e+06
1.52153e+06
1.58952e+06
1.63446e+06
1.65554e+06
1.65248e+06
1.6255e+06
1.57545e+06
1.50373e+06
1.41243e+06
1.30427e+06
1.18255e+06
1.0511e+06
914039
775545
640905
19961.4
196146
374420
551607
724564
890212
1.04558e+06
1.18787e+06
1.31451e+06
1.42318e+06
1.51189e+06
1.579e+06
1.6233e+06
1.64401e+06
1.64084e+06
1.61404e+06
1.56443e+06
1.49342e+06
1.40308e+06
1.29608e+06
1.17568e+06
1.04568e+06
910145
773211
640133
14631.9
192215
371925
550561
724959
892010
1.04872e+06
1.19227e+06
1.32005e+06
1.42973e+06
1.5193e+06
1.58709e+06
1.63189e+06
1.65288e+06
1.6498e+06
1.62286e+06
1.57291e+06
1.50136e+06
1.41028e+06
1.30239e+06
1.18097e+06
1.04985e+06
913144
775009
640728
21108.8
197001
374975
551858
724513
889866
1.04495e+06
1.18698e+06
1.31338e+06
1.42183e+06
1.51036e+06
1.57733e+06
1.62152e+06
1.64216e+06
1.63897e+06
1.6122e+06
1.56266e+06
1.49177e+06
1.40157e+06
1.29476e+06
1.17457e+06
1.0448e+06
909511
772825
640003
21108.6
197001
374975
551858
724513
889866
1.04495e+06
1.18698e+06
1.31338e+06
1.42183e+06
1.51036e+06
1.57733e+06
1.62152e+06
1.64216e+06
1.63897e+06
1.6122e+06
1.56266e+06
1.49177e+06
1.40157e+06
1.29476e+06
1.17457e+06
1.0448e+06
909511
772825
640003
14631.9
192215
371924
550561
724959
892010
1.04872e+06
1.19227e+06
1.32005e+06
1.42973e+06
1.5193e+06
1.58709e+06
1.63189e+06
1.65288e+06
1.6498e+06
1.62286e+06
1.57291e+06
1.50136e+06
1.41028e+06
1.30239e+06
1.18097e+06
1.04985e+06
913144
775009
640728
)
;

boundaryField
{
    outletCentralUnloaded
    {
        type            calculated;
        value           uniform 0;
    }
    inletCentralUnloaded
    {
        type            calculated;
        value           uniform 0;
    }
    outletFuelElement
    {
        type            calculated;
        value           nonuniform List<scalar> 
12
(
1.09378e+06
1.05304e+06
1.10059e+06
1.0622e+06
1.0622e+06
1.10059e+06
1.05304e+06
1.09378e+06
1.0622e+06
1.10059e+06
1.10059e+06
1.0622e+06
)
;
    }
    inletFuelElement
    {
        type            calculated;
        value           nonuniform List<scalar> 
12
(
2.63804e+06
2.63792e+06
2.63804e+06
2.63795e+06
2.63795e+06
2.63803e+06
2.63792e+06
2.63804e+06
2.63795e+06
2.63804e+06
2.63803e+06
2.63795e+06
)
;
    }
    defaultFaces
    {
        type            calculated;
        value           nonuniform List<scalar> 
450
(
1.0938e+06
1.0938e+06
1.0938e+06
1.09578e+06
1.09578e+06
1.09578e+06
1.13431e+06
1.13431e+06
1.13431e+06
1.2079e+06
1.2079e+06
1.2079e+06
1.3147e+06
1.3147e+06
1.3147e+06
1.45148e+06
1.45148e+06
1.45148e+06
1.61368e+06
1.61368e+06
1.61368e+06
1.79564e+06
1.79564e+06
1.79564e+06
1.99078e+06
1.99078e+06
1.99078e+06
2.19184e+06
2.19184e+06
2.19184e+06
2.39123e+06
2.39123e+06
2.39123e+06
2.58133e+06
2.58133e+06
2.58133e+06
2.75486e+06
2.75486e+06
2.75486e+06
2.90517e+06
2.90517e+06
2.90517e+06
3.02665e+06
3.02665e+06
3.02665e+06
3.11497e+06
3.11497e+06
3.11497e+06
3.16742e+06
3.16742e+06
3.16742e+06
3.18312e+06
3.18312e+06
3.18312e+06
3.16316e+06
3.16316e+06
3.16316e+06
3.11075e+06
3.11075e+06
3.11075e+06
3.03112e+06
3.03112e+06
3.03112e+06
2.93145e+06
2.93145e+06
2.93145e+06
2.82042e+06
2.82042e+06
2.82042e+06
2.7079e+06
2.7079e+06
2.7079e+06
2.59001e+06
2.59001e+06
2.59001e+06
1.10061e+06
1.10061e+06
1.10288e+06
1.10288e+06
1.1416e+06
1.1416e+06
1.21526e+06
1.21526e+06
1.322e+06
1.322e+06
1.4586e+06
1.4586e+06
1.62052e+06
1.62052e+06
1.80209e+06
1.80209e+06
1.99675e+06
1.99675e+06
2.19727e+06
2.19727e+06
2.39607e+06
2.39607e+06
2.58556e+06
2.58556e+06
2.75846e+06
2.75846e+06
2.90818e+06
2.90818e+06
3.02908e+06
3.02908e+06
3.11689e+06
3.11689e+06
3.16888e+06
3.16888e+06
3.18419e+06
3.18419e+06
3.16392e+06
3.16392e+06
3.11127e+06
3.11127e+06
3.03145e+06
3.03145e+06
2.93164e+06
2.93164e+06
2.82051e+06
2.82051e+06
2.70793e+06
2.70793e+06
2.59001e+06
2.59001e+06
1.06222e+06
1.06268e+06
1.10024e+06
1.17341e+06
1.28037e+06
1.41788e+06
1.58135e+06
1.76507e+06
1.96238e+06
2.16595e+06
2.36808e+06
2.56107e+06
2.7375e+06
2.89065e+06
3.01481e+06
3.10557e+06
3.16016e+06
3.17767e+06
3.15918e+06
3.1079e+06
3.02913e+06
2.93009e+06
2.81954e+06
2.70742e+06
2.58987e+06
1.06222e+06
1.06268e+06
1.10024e+06
1.17341e+06
1.28037e+06
1.41788e+06
1.58135e+06
1.76507e+06
1.96238e+06
2.16595e+06
2.36808e+06
2.56107e+06
2.7375e+06
2.89065e+06
3.01481e+06
3.10557e+06
3.16016e+06
3.17767e+06
3.15918e+06
3.1079e+06
3.02913e+06
2.93009e+06
2.81954e+06
2.70742e+06
2.58987e+06
1.10061e+06
1.10061e+06
1.10288e+06
1.10288e+06
1.1416e+06
1.1416e+06
1.21526e+06
1.21526e+06
1.322e+06
1.322e+06
1.4586e+06
1.4586e+06
1.62052e+06
1.62052e+06
1.80209e+06
1.80209e+06
1.99675e+06
1.99675e+06
2.19727e+06
2.19727e+06
2.39607e+06
2.39607e+06
2.58556e+06
2.58556e+06
2.75846e+06
2.75846e+06
2.90818e+06
2.90818e+06
3.02908e+06
3.02908e+06
3.11689e+06
3.11689e+06
3.16888e+06
3.16888e+06
3.18419e+06
3.18419e+06
3.16392e+06
3.16392e+06
3.11126e+06
3.11126e+06
3.03145e+06
3.03145e+06
2.93164e+06
2.93164e+06
2.82051e+06
2.82051e+06
2.70793e+06
2.70793e+06
2.59001e+06
2.59001e+06
1.0938e+06
1.0938e+06
1.0938e+06
1.09578e+06
1.09578e+06
1.09578e+06
1.13431e+06
1.13431e+06
1.13431e+06
1.2079e+06
1.2079e+06
1.2079e+06
1.3147e+06
1.3147e+06
1.3147e+06
1.45148e+06
1.45148e+06
1.45148e+06
1.61368e+06
1.61368e+06
1.61368e+06
1.79564e+06
1.79564e+06
1.79564e+06
1.99078e+06
1.99078e+06
1.99078e+06
2.19184e+06
2.19184e+06
2.19184e+06
2.39123e+06
2.39123e+06
2.39123e+06
2.58133e+06
2.58133e+06
2.58133e+06
2.75486e+06
2.75486e+06
2.75486e+06
2.90517e+06
2.90517e+06
2.90517e+06
3.02665e+06
3.02665e+06
3.02665e+06
3.11497e+06
3.11497e+06
3.11497e+06
3.16742e+06
3.16742e+06
3.16742e+06
3.18312e+06
3.18312e+06
3.18312e+06
3.16316e+06
3.16316e+06
3.16316e+06
3.11075e+06
3.11075e+06
3.11075e+06
3.03112e+06
3.03112e+06
3.03112e+06
2.93145e+06
2.93145e+06
2.93145e+06
2.82042e+06
2.82042e+06
2.82042e+06
2.7079e+06
2.7079e+06
2.7079e+06
2.59001e+06
2.59001e+06
2.59001e+06
1.06222e+06
1.06268e+06
1.10024e+06
1.17341e+06
1.28037e+06
1.41788e+06
1.58135e+06
1.76507e+06
1.96238e+06
2.16595e+06
2.36808e+06
2.56107e+06
2.7375e+06
2.89065e+06
3.01481e+06
3.10557e+06
3.16016e+06
3.17767e+06
3.15918e+06
3.10791e+06
3.02913e+06
2.93009e+06
2.81954e+06
2.70742e+06
2.58987e+06
1.10061e+06
1.10061e+06
1.10288e+06
1.10288e+06
1.1416e+06
1.1416e+06
1.21526e+06
1.21526e+06
1.322e+06
1.322e+06
1.4586e+06
1.4586e+06
1.62052e+06
1.62052e+06
1.80209e+06
1.80209e+06
1.99675e+06
1.99675e+06
2.19727e+06
2.19727e+06
2.39607e+06
2.39607e+06
2.58556e+06
2.58556e+06
2.75846e+06
2.75846e+06
2.90818e+06
2.90818e+06
3.02908e+06
3.02908e+06
3.11689e+06
3.11689e+06
3.16888e+06
3.16888e+06
3.18419e+06
3.18419e+06
3.16392e+06
3.16392e+06
3.11127e+06
3.11127e+06
3.03145e+06
3.03145e+06
2.93164e+06
2.93164e+06
2.82052e+06
2.82052e+06
2.70793e+06
2.70793e+06
2.59001e+06
2.59001e+06
1.10061e+06
1.10061e+06
1.10288e+06
1.10288e+06
1.1416e+06
1.1416e+06
1.21526e+06
1.21526e+06
1.322e+06
1.322e+06
1.4586e+06
1.4586e+06
1.62052e+06
1.62052e+06
1.80209e+06
1.80209e+06
1.99675e+06
1.99675e+06
2.19727e+06
2.19727e+06
2.39607e+06
2.39607e+06
2.58556e+06
2.58556e+06
2.75846e+06
2.75846e+06
2.90818e+06
2.90818e+06
3.02908e+06
3.02908e+06
3.11689e+06
3.11689e+06
3.16888e+06
3.16888e+06
3.18419e+06
3.18419e+06
3.16392e+06
3.16392e+06
3.11126e+06
3.11126e+06
3.03145e+06
3.03145e+06
2.93164e+06
2.93164e+06
2.82051e+06
2.82051e+06
2.70793e+06
2.70793e+06
2.59001e+06
2.59001e+06
1.06222e+06
1.06268e+06
1.10024e+06
1.17341e+06
1.28037e+06
1.41788e+06
1.58135e+06
1.76507e+06
1.96238e+06
2.16595e+06
2.36808e+06
2.56107e+06
2.7375e+06
2.89065e+06
3.01481e+06
3.10557e+06
3.16016e+06
3.17767e+06
3.15918e+06
3.10791e+06
3.02913e+06
2.93009e+06
2.81954e+06
2.70742e+06
2.58987e+06
)
;
    }
    baffle_master
    {
        type            calculated;
        value           uniform 0;
    }
    baffle_slave
    {
        type            calculated;
        value           nonuniform List<scalar> 
150
(
1.05306e+06
1.06222e+06
1.06222e+06
1.05306e+06
1.06268e+06
1.06268e+06
1.0903e+06
1.10024e+06
1.10024e+06
1.16332e+06
1.17341e+06
1.17341e+06
1.27031e+06
1.28037e+06
1.28037e+06
1.40801e+06
1.41788e+06
1.41788e+06
1.57184e+06
1.58135e+06
1.58135e+06
1.75606e+06
1.76507e+06
1.76507e+06
1.95399e+06
1.96238e+06
1.96238e+06
2.15829e+06
2.16595e+06
2.16595e+06
2.36122e+06
2.36808e+06
2.36808e+06
2.55505e+06
2.56107e+06
2.56107e+06
2.73234e+06
2.7375e+06
2.7375e+06
2.88633e+06
2.89065e+06
2.89065e+06
3.01127e+06
3.01481e+06
3.01481e+06
3.10276e+06
3.10557e+06
3.10557e+06
3.15799e+06
3.16016e+06
3.16016e+06
3.17603e+06
3.17767e+06
3.17767e+06
3.15797e+06
3.15918e+06
3.15918e+06
3.10704e+06
3.1079e+06
3.10791e+06
3.02852e+06
3.02913e+06
3.02913e+06
2.92967e+06
2.93009e+06
2.93009e+06
2.81926e+06
2.81954e+06
2.81954e+06
2.70727e+06
2.70742e+06
2.70742e+06
2.58983e+06
2.58987e+06
2.58987e+06
1.06222e+06
1.05306e+06
1.06222e+06
1.06268e+06
1.05306e+06
1.06268e+06
1.10024e+06
1.0903e+06
1.10024e+06
1.17341e+06
1.16332e+06
1.17341e+06
1.28037e+06
1.27031e+06
1.28037e+06
1.41788e+06
1.40801e+06
1.41788e+06
1.58135e+06
1.57184e+06
1.58135e+06
1.76507e+06
1.75606e+06
1.76507e+06
1.96238e+06
1.95399e+06
1.96238e+06
2.16595e+06
2.15829e+06
2.16595e+06
2.36808e+06
2.36122e+06
2.36808e+06
2.56107e+06
2.55505e+06
2.56107e+06
2.7375e+06
2.73234e+06
2.7375e+06
2.89065e+06
2.88633e+06
2.89065e+06
3.01481e+06
3.01127e+06
3.01481e+06
3.10557e+06
3.10276e+06
3.10557e+06
3.16016e+06
3.15799e+06
3.16016e+06
3.17767e+06
3.17603e+06
3.17767e+06
3.15918e+06
3.15797e+06
3.15918e+06
3.1079e+06
3.10704e+06
3.10791e+06
3.02913e+06
3.02852e+06
3.02913e+06
2.93009e+06
2.92967e+06
2.93009e+06
2.81954e+06
2.81926e+06
2.81954e+06
2.70742e+06
2.70727e+06
2.70742e+06
2.58987e+06
2.58983e+06
2.58987e+06
)
;
    }
}


// ************************************************************************* //
