/*--------------------------------*- C++ -*----------------------------------*\
| =========                 |                                                 |
| \\      /  F ield         | OpenFOAM: The Open Source CFD Toolbox           |
|  \\    /   O peration     | Version:  2212                                  |
|   \\  /    A nd           | Website:  www.openfoam.com                      |
|    \\/     M anipulation  |                                                 |
\*---------------------------------------------------------------------------*/
FoamFile
{
    version     2.0;
    format      ascii;
    arch        "LSB;label=32;scalar=64";
    class       volScalarField;
    location    "11/fluidRegion";
    object      htc;
}
// * * * * * * * * * * * * * * * * * * * * * * * * * * * * * * * * * * * * * //

dimensions      [1 0 -3 -1 0 0 0];

internalField   nonuniform List<scalar> 
350
(
3078.4
3078.41
3078.43
3078.45
3078.46
3078.48
3078.5
3078.52
3078.53
3078.55
3078.57
3078.59
3078.6
3078.62
3078.64
3078.65
3078.67
3078.69
3078.71
3078.72
3078.74
3078.76
3078.77
3078.79
3095.39
3078.4
3078.41
3078.43
3078.45
3078.46
3078.48
3078.5
3078.52
3078.53
3078.55
3078.57
3078.59
3078.6
3078.62
3078.64
3078.65
3078.67
3078.69
3078.71
3078.72
3078.74
3078.76
3078.77
3078.79
3095.39
11783.9
11769.2
11728.3
11648.9
11530.7
11373.8
11178.9
10946.9
10679.1
10377.4
10043.8
9680.56
9290.61
8877.1
8443.71
7994.64
7534.77
7069.68
6605.75
6150.23
5711.17
5297.38
4918.1
4582.89
4277.68
11793
11778.4
11737.7
11658.4
11540.1
11383.1
11188
10955.6
10687.5
10385.3
10051.1
9687.25
9296.61
8882.37
8448.18
7998.29
7537.56
7071.62
6606.87
6150.61
5710.95
5296.77
4917.35
4582.3
4277.48
11782.5
11767.8
11726.9
11647.4
11529.2
11372.3
11177.4
10945.5
10677.8
10376.2
10042.6
9679.48
9289.63
8876.22
8442.94
7993.99
7534.24
7069.27
6605.45
6150.03
5711.06
5297.33
4918.07
4582.86
4277.66
11791
11776.3
11735.6
11656.3
11538
11381
11185.9
10953.7
10685.6
10383.5
10049.4
9685.75
9295.27
8881.19
8447.19
7997.48
7536.95
7071.2
6606.63
6150.54
5711.03
5296.93
4917.54
4582.44
4277.52
11791
11776.3
11735.6
11656.3
11538
11381
11185.9
10953.7
10685.6
10383.5
10049.4
9685.75
9295.27
8881.19
8447.19
7997.48
7536.95
7071.2
6606.63
6150.54
5711.03
5296.93
4917.54
4582.44
4277.52
11782.5
11767.8
11726.9
11647.4
11529.2
11372.3
11177.4
10945.5
10677.8
10376.2
10042.6
9679.48
9289.63
8876.23
8442.94
7993.99
7534.24
7069.27
6605.45
6150.03
5711.06
5297.32
4918.07
4582.86
4277.66
11793
11778.4
11737.7
11658.4
11540.1
11383.1
11188
10955.6
10687.5
10385.3
10051.1
9687.25
9296.61
8882.37
8448.18
7998.29
7537.56
7071.62
6606.87
6150.61
5710.95
5296.77
4917.35
4582.3
4277.48
11783.9
11769.2
11728.3
11648.9
11530.7
11373.8
11178.9
10946.9
10679.1
10377.4
10043.8
9680.56
9290.61
8877.1
8443.71
7994.64
7534.77
7069.68
6605.75
6150.23
5711.17
5297.38
4918.1
4582.89
4277.68
11791
11776.3
11735.6
11656.3
11538
11381
11185.9
10953.7
10685.6
10383.5
10049.4
9685.75
9295.27
8881.19
8447.19
7997.48
7536.95
7071.2
6606.63
6150.54
5711.03
5296.93
4917.54
4582.44
4277.52
11782.5
11767.8
11726.9
11647.4
11529.2
11372.3
11177.4
10945.5
10677.8
10376.2
10042.6
9679.48
9289.63
8876.22
8442.94
7993.99
7534.24
7069.27
6605.45
6150.03
5711.06
5297.33
4918.07
4582.86
4277.66
11782.5
11767.8
11726.9
11647.4
11529.2
11372.3
11177.4
10945.5
10677.8
10376.2
10042.6
9679.48
9289.63
8876.23
8442.94
7993.99
7534.24
7069.27
6605.45
6150.03
5711.06
5297.32
4918.07
4582.86
4277.66
11791
11776.3
11735.6
11656.3
11538
11381
11185.9
10953.7
10685.6
10383.5
10049.4
9685.75
9295.27
8881.19
8447.19
7997.48
7536.95
7071.2
6606.63
6150.54
5711.03
5296.93
4917.54
4582.44
4277.52
)
;

boundaryField
{
    outletCentralUnloaded
    {
        type            zeroGradient;
    }
    inletCentralUnloaded
    {
        type            zeroGradient;
    }
    outletFuelElement
    {
        type            zeroGradient;
    }
    inletFuelElement
    {
        type            zeroGradient;
    }
    defaultFaces
    {
        type            zeroGradient;
    }
    baffle_master
    {
        type            zeroGradient;
    }
    baffle_slave
    {
        type            zeroGradient;
    }
}


// ************************************************************************* //
