/*--------------------------------*- C++ -*----------------------------------*\
| =========                 |                                                 |
| \\      /  F ield         | OpenFOAM: The Open Source CFD Toolbox           |
|  \\    /   O peration     | Version:  2212                                  |
|   \\  /    A nd           | Website:  www.openfoam.com                      |
|    \\/     M anipulation  |                                                 |
\*---------------------------------------------------------------------------*/
FoamFile
{
    version     2.0;
    format      ascii;
    arch        "LSB;label=32;scalar=64";
    class       volScalarField;
    location    "11/fluidRegion";
    object      k;
}
// * * * * * * * * * * * * * * * * * * * * * * * * * * * * * * * * * * * * * //

dimensions      [0 2 -2 0 0 0 0];

internalField   nonuniform List<scalar> 
350
(
0.414295
0.414228
0.414162
0.414096
0.41403
0.413966
0.413902
0.413839
0.413779
0.413722
0.41367
0.413626
0.413593
0.413578
0.413591
0.413645
0.413762
0.413977
0.41434
0.414931
0.415868
0.417335
0.419612
0.423127
0.428532
0.414295
0.414228
0.414162
0.414096
0.41403
0.413966
0.413902
0.413839
0.413779
0.413722
0.41367
0.413626
0.413593
0.413578
0.413591
0.413645
0.413762
0.413977
0.41434
0.414931
0.415868
0.417335
0.419612
0.423127
0.428532
35.6982
34.72
33.4301
31.8304
29.961
27.8702
25.6119
23.2433
20.8224
18.4058
16.0459
13.7895
11.6756
9.73506
7.98936
6.45105
5.12409
4.00477
3.08309
2.3443
1.77087
1.34431
1.04751
0.867068
0.795946
35.8968
34.9191
33.6271
32.0218
30.1438
28.0417
25.7699
23.3861
20.9489
18.5156
16.1391
13.8668
11.7381
9.78415
8.02675
6.47855
5.14351
4.01786
3.09143
2.34926
1.77359
1.34569
1.04821
0.86753
0.796462
35.6647
34.6866
33.3971
31.7984
29.9306
27.8417
25.5856
23.2196
20.8014
18.3875
16.0304
13.7766
11.6652
9.72687
7.98309
6.44642
5.12078
4.00252
3.08163
2.34342
1.77039
1.34409
1.04748
0.867163
0.79615
35.8535
34.8755
33.5838
31.9796
30.1034
28.0037
25.7347
23.3542
20.9206
18.491
16.1182
13.8493
11.724
9.77304
8.01827
6.4723
5.13909
4.01488
3.08952
2.34813
1.77297
1.34537
1.04804
0.867408
0.796317
35.8535
34.8755
33.5838
31.9796
30.1034
28.0037
25.7347
23.3542
20.9206
18.491
16.1182
13.8493
11.724
9.77304
8.01827
6.4723
5.13909
4.01488
3.08952
2.34813
1.77297
1.34537
1.04804
0.867408
0.796317
35.6648
34.6866
33.3972
31.7984
29.9306
27.8417
25.5857
23.2196
20.8014
18.3876
16.0304
13.7766
11.6652
9.72687
7.98309
6.44642
5.12078
4.00252
3.08163
2.34342
1.77039
1.34409
1.04748
0.867165
0.796153
35.8968
34.9191
33.6271
32.0218
30.1438
28.0417
25.7699
23.3861
20.9489
18.5156
16.1391
13.8668
11.7381
9.78414
8.02675
6.47855
5.14351
4.01786
3.09143
2.34926
1.77359
1.34568
1.04821
0.867529
0.796462
35.6981
34.72
33.4301
31.8303
29.961
27.8702
25.6119
23.2432
20.8224
18.4058
16.0459
13.7895
11.6756
9.73505
7.98936
6.45105
5.12409
4.00478
3.0831
2.3443
1.77087
1.34431
1.04751
0.867068
0.795945
35.8535
34.8755
33.5838
31.9796
30.1034
28.0037
25.7347
23.3542
20.9206
18.491
16.1182
13.8493
11.724
9.77304
8.01827
6.4723
5.13909
4.01488
3.08952
2.34813
1.77297
1.34537
1.04804
0.867408
0.796317
35.6647
34.6865
33.3971
31.7984
29.9305
27.8417
25.5856
23.2195
20.8014
18.3875
16.0304
13.7766
11.6652
9.72686
7.98309
6.44641
5.12078
4.00252
3.08163
2.34342
1.77039
1.34409
1.04748
0.867162
0.796148
35.6647
34.6866
33.3971
31.7984
29.9306
27.8417
25.5857
23.2196
20.8014
18.3876
16.0304
13.7766
11.6652
9.72687
7.98309
6.44642
5.12078
4.00252
3.08163
2.34342
1.77039
1.34409
1.04748
0.867166
0.796154
35.8535
34.8755
33.5838
31.9796
30.1034
28.0036
25.7347
23.3542
20.9206
18.4909
16.1182
13.8493
11.724
9.77303
8.01827
6.4723
5.13909
4.01488
3.08953
2.34813
1.77297
1.34537
1.04804
0.867408
0.796316
)
;

boundaryField
{
    outletCentralUnloaded
    {
        type            zeroGradient;
    }
    inletCentralUnloaded
    {
        type            zeroGradient;
    }
    outletFuelElement
    {
        type            zeroGradient;
    }
    inletFuelElement
    {
        type            zeroGradient;
    }
    defaultFaces
    {
        type            zeroGradient;
    }
    baffle_master
    {
        type            zeroGradient;
    }
    baffle_slave
    {
        type            zeroGradient;
    }
}


// ************************************************************************* //
