/*--------------------------------*- C++ -*----------------------------------*\
| =========                 |                                                 |
| \\      /  F ield         | OpenFOAM: The Open Source CFD Toolbox           |
|  \\    /   O peration     | Version:  2212                                  |
|   \\  /    A nd           | Website:  www.openfoam.com                      |
|    \\/     M anipulation  |                                                 |
\*---------------------------------------------------------------------------*/
FoamFile
{
    version     2.0;
    format      ascii;
    arch        "LSB;label=32;scalar=64";
    class       volScalarField;
    location    "11/fluidRegion";
    object      T;
}
// * * * * * * * * * * * * * * * * * * * * * * * * * * * * * * * * * * * * * //

dimensions      [0 0 0 1 0 0 0];

internalField   nonuniform List<scalar> 
350
(
83.2879
83.2884
83.2889
83.2894
83.2899
83.2904
83.291
83.2915
83.292
83.2926
83.2931
83.2936
83.2942
83.2947
83.2952
83.2957
83.2963
83.2968
83.2973
83.2978
83.2983
83.2989
83.2994
83.2999
83.3002
83.2879
83.2884
83.2889
83.2894
83.2899
83.2904
83.291
83.2915
83.292
83.2926
83.2931
83.2936
83.2942
83.2947
83.2952
83.2957
83.2963
83.2968
83.2973
83.2978
83.2983
83.2989
83.2994
83.2999
83.3002
607.178
606.895
603.285
596.308
585.982
572.384
555.649
535.967
513.583
488.788
461.919
433.349
403.479
372.734
341.55
310.368
279.626
249.751
221.15
194.206
169.264
146.623
126.523
109.128
94.5292
610.705
610.594
607.112
600.216
589.922
576.307
559.506
539.712
517.17
492.179
465.077
436.246
406.093
375.049
343.559
312.072
281.033
250.877
222.017
194.84
169.699
146.895
126.67
109.19
94.5426
606.589
606.28
602.651
595.663
585.334
571.741
555.019
535.358
513
488.239
461.409
432.882
403.06
372.364
341.229
310.097
279.403
249.573
221.014
194.106
169.196
146.58
126.499
109.118
94.5269
609.913
609.761
606.248
599.332
589.03
575.418
558.63
538.86
516.354
491.406
464.357
435.584
405.495
374.519
343.099
311.682
280.711
250.618
221.818
194.694
169.599
146.833
126.636
109.176
94.5396
609.913
609.761
606.248
599.332
589.03
575.418
558.63
538.86
516.354
491.406
464.357
435.584
405.495
374.519
343.099
311.682
280.711
250.618
221.818
194.694
169.599
146.833
126.636
109.176
94.5396
606.589
606.28
602.651
595.663
585.334
571.741
555.019
535.358
513
488.239
461.409
432.882
403.06
372.364
341.229
310.097
279.403
249.573
221.014
194.106
169.196
146.58
126.499
109.118
94.5269
610.705
610.594
607.112
600.216
589.922
576.307
559.506
539.712
517.17
492.179
465.077
436.246
406.093
375.049
343.559
312.072
281.033
250.877
222.017
194.84
169.699
146.895
126.67
109.19
94.5426
607.178
606.895
603.285
596.308
585.982
572.384
555.649
535.967
513.583
488.788
461.919
433.349
403.479
372.734
341.55
310.368
279.626
249.751
221.15
194.206
169.264
146.623
126.523
109.128
94.5292
609.913
609.761
606.248
599.332
589.03
575.418
558.63
538.86
516.354
491.406
464.357
435.584
405.495
374.519
343.099
311.682
280.711
250.618
221.818
194.694
169.599
146.833
126.636
109.176
94.5396
606.589
606.28
602.651
595.663
585.334
571.741
555.019
535.358
513
488.239
461.409
432.882
403.06
372.363
341.229
310.097
279.403
249.573
221.014
194.106
169.196
146.58
126.499
109.118
94.5269
606.589
606.28
602.651
595.663
585.334
571.741
555.019
535.358
513
488.239
461.409
432.882
403.06
372.364
341.229
310.097
279.403
249.573
221.014
194.106
169.196
146.58
126.499
109.118
94.5269
609.913
609.761
606.248
599.332
589.03
575.418
558.63
538.86
516.354
491.406
464.357
435.584
405.495
374.519
343.099
311.682
280.711
250.618
221.818
194.694
169.599
146.833
126.636
109.176
94.5396
)
;

boundaryField
{
    outletCentralUnloaded
    {
        type            zeroGradient;
    }
    inletCentralUnloaded
    {
        type            fixedValue;
        value           uniform 83.3;
    }
    outletFuelElement
    {
        type            zeroGradient;
    }
    inletFuelElement
    {
        type            fixedValue;
        value           uniform 83.3;
    }
    defaultFaces
    {
        type            zeroGradient;
    }
    baffle_master
    {
        type            zeroGradient;
    }
    baffle_slave
    {
        type            zeroGradient;
    }
}


// ************************************************************************* //
