/*--------------------------------*- C++ -*----------------------------------*\
| =========                 |                                                 |
| \\      /  F ield         | OpenFOAM: The Open Source CFD Toolbox           |
|  \\    /   O peration     | Version:  2212                                  |
|   \\  /    A nd           | Website:  www.openfoam.com                      |
|    \\/     M anipulation  |                                                 |
\*---------------------------------------------------------------------------*/
FoamFile
{
    version     2.0;
    format      ascii;
    arch        "LSB;label=32;scalar=64";
    class       surfaceScalarField;
    location    "55/fluidRegion";
    object      alphaRhoPhi;
}
// * * * * * * * * * * * * * * * * * * * * * * * * * * * * * * * * * * * * * //

dimensions      [1 0 -1 0 0 0 0];

oriented        oriented;

internalField   nonuniform List<scalar> 
661
(
-0.00584958
6.17208e-12
-0.00584963
7.06379e-12
-0.00584967
5.01117e-12
-0.0058497
2.24083e-12
-0.00584969
-4.45274e-13
-0.00584965
-2.77669e-12
-0.00584959
-4.57874e-12
-0.00584954
-5.72716e-12
-0.00584949
-6.31098e-12
-0.00584947
-6.26879e-12
-0.00584947
-5.71902e-12
-0.0058495
-4.6776e-12
-0.00584954
-3.12675e-12
-0.0058496
-1.28427e-12
-0.00584966
6.64115e-13
-0.00584974
2.3688e-12
-0.00584982
3.62954e-12
-0.00584989
4.2932e-12
-0.00584995
4.39536e-12
-0.00584998
4.09748e-12
-0.00584997
3.5387e-12
-0.00584993
2.84672e-12
-0.00584986
1.94284e-12
-0.00584975
-5.10355e-13
-5.17893e-12
-0.00584958
-0.00584963
-0.00584967
-0.0058497
-0.00584969
-0.00584965
-0.00584959
-0.00584954
-0.00584949
-0.00584947
-0.00584947
-0.0058495
-0.00584954
-0.0058496
-0.00584966
-0.00584974
-0.00584982
-0.00584989
-0.00584995
-0.00584998
-0.00584997
-0.00584993
-0.00584986
-0.00584975
-0.00939632
6.45788e-07
-0.00939655
3.12748e-07
-0.00939682
3.47349e-07
-0.00939706
3.22418e-07
-0.00939729
3.03049e-07
-0.00939751
2.86079e-07
-0.00939771
2.71218e-07
-0.0093979
2.56852e-07
-0.00939808
2.39023e-07
-0.00939824
2.10054e-07
-0.00939835
1.57723e-07
-0.0093984
6.50375e-08
-0.00939833
-8.52491e-08
-0.00939807
-3.00755e-07
-0.00939756
-5.81936e-07
-0.00939675
-9.10186e-07
-0.00939562
-1.25956e-06
-0.00939414
-1.61368e-06
-0.0093923
-1.98421e-06
-0.00939002
-2.4214e-06
-0.00938716
-3.01668e-06
-0.00938346
-3.86607e-06
-0.00937862
-4.99977e-06
-0.00937288
-5.89123e-06
-7.20243e-06
-0.0093121
-1.85824e-08
-1.66163e-08
-0.00931165
-8.20012e-08
-8.21272e-08
-0.00931117
-7.97625e-08
-7.97159e-08
-0.00931074
-7.12409e-08
-7.12087e-08
-0.00931033
-6.40871e-08
-6.40369e-08
-0.00930996
-5.74463e-08
-5.74159e-08
-0.00930961
-5.1253e-08
-5.12776e-08
-0.00930928
-4.50644e-08
-4.51387e-08
-0.00930899
-3.7776e-08
-3.79537e-08
-0.00930874
-2.71869e-08
-2.75348e-08
-0.00930858
-9.56257e-09
-1.01144e-08
-0.00930856
2.01727e-08
1.93293e-08
-0.00930877
6.66342e-08
6.53073e-08
-0.00930933
1.37283e-07
1.3522e-07
-0.00931034
2.30165e-07
2.26992e-07
-0.00931189
3.41212e-07
3.36403e-07
-0.00931403
4.62812e-07
4.55545e-07
-0.00931677
5.90153e-07
5.79151e-07
-0.00932014
7.27944e-07
7.1094e-07
-0.00932428
8.93869e-07
8.67489e-07
-0.00932946
1.12012e-06
1.07767e-06
-0.00933609
1.43349e-06
1.36668e-06
-0.0093446
1.82081e-06
1.70878e-06
-0.00935426
1.97099e-06
1.81375e-06
1.93828e-06
1.79195e-06
-0.00941012
3.17717e-07
-0.00941045
3.05538e-07
-0.00941077
3.01416e-07
-0.00941106
2.76756e-07
-0.00941133
2.55617e-07
-0.00941157
2.36678e-07
-0.0094118
2.19352e-07
-0.009412
2.01699e-07
-0.00941218
1.79127e-07
-0.00941232
1.43053e-07
-0.00941239
7.99162e-08
-0.00941235
-2.7503e-08
-0.00941212
-1.97064e-07
-0.00941162
-4.38401e-07
-0.00941073
-7.49247e-07
-0.00940941
-1.10945e-06
-0.0094076
-1.49217e-06
-0.00940528
-1.88242e-06
-0.00940242
-2.29658e-06
-0.00939891
-2.79195e-06
-0.00939451
-3.4652e-06
-0.00938887
-4.41233e-06
-0.00938169
-5.5789e-06
-0.00937366
-6.2911e-06
-6.59795e-06
-0.00933099
1.5325e-09
-0.00933072
-1.96386e-11
-0.00933045
9.08497e-11
-0.0093302
7.59891e-11
-0.00932998
1.22311e-10
-0.00932977
1.58196e-10
-0.00932958
1.52887e-10
-0.00932941
1.79877e-10
-0.00932925
1.83835e-10
-0.00932913
1.46541e-10
-0.00932906
1.44227e-10
-0.00932908
1.2558e-10
-0.00932927
8.19789e-11
-0.00932967
-5.61227e-11
-0.00933037
-3.46478e-10
-0.00933142
-8.60638e-10
-0.00933283
-1.60387e-09
-0.00933464
-2.61145e-09
-0.00933685
-4.27446e-09
-0.00933955
-6.7803e-09
-0.00934291
-1.05795e-08
-0.00934722
-1.68151e-08
-0.00935268
-2.77286e-08
-0.00935885
-3.64173e-08
-4.30322e-08
-0.009331
-3.14426e-07
-0.00933073
-3.0563e-07
-0.00933046
-3.01157e-07
-0.00933022
-2.76507e-07
-0.00932999
-2.55276e-07
-0.00932978
-2.36271e-07
-0.00932959
-2.18924e-07
-0.00932942
-2.01205e-07
-0.00932926
-1.78603e-07
-0.00932914
-1.42542e-07
-0.00932907
-7.93717e-08
-0.0093291
2.81009e-08
-0.00932928
1.97651e-07
-0.00932968
4.38844e-07
-0.00933038
7.49319e-07
-0.00933143
1.10883e-06
-0.00933285
1.49051e-06
-0.00933465
1.87921e-06
-0.00933686
2.29055e-06
-0.00933956
2.78111e-06
-0.00934293
3.44591e-06
-0.00934723
4.3778e-06
-0.00935269
5.5148e-06
-0.00935886
6.19975e-06
6.47616e-06
-0.00941012
1.66682e-08
-0.00941045
8.21897e-08
-0.00941077
7.97452e-08
-0.00941106
7.12195e-08
-0.00941133
6.40908e-08
-0.00941158
5.7476e-08
-0.0094118
5.13071e-08
-0.009412
4.51724e-08
-0.00941218
3.79336e-08
-0.00941232
2.74043e-08
-0.00941239
9.88266e-09
-0.00941235
-1.96935e-08
-0.00941212
-6.58811e-08
-0.00941161
-1.36178e-07
-0.00941073
-2.28571e-07
-0.0094094
-3.38911e-07
-0.00940759
-4.59401e-07
-0.00940527
-5.8507e-07
-0.00940241
-7.20561e-07
-0.0093989
-8.83502e-07
-0.0093945
-1.10519e-06
-0.00938885
-1.41336e-06
-0.00938167
-1.79667e-06
-0.00937364
-1.94452e-06
-1.90146e-06
-0.0093121
-6.45745e-07
-1.86098e-08
-0.00931165
-3.12689e-07
-8.20563e-08
-0.00931117
-3.47312e-07
-7.9819e-08
-0.00931074
-3.22385e-07
-7.12943e-08
-0.00931033
-3.02978e-07
-6.41653e-08
-0.00930996
-2.85984e-07
-5.75694e-08
-0.00930961
-2.71112e-07
-5.14232e-08
-0.00930928
-2.56715e-07
-4.52974e-08
-0.00930899
-2.38888e-07
-3.80873e-08
-0.00930874
-2.09937e-07
-2.75976e-08
-0.00930858
-1.57593e-07
-1.01066e-08
-0.00930856
-6.49029e-08
1.94179e-08
-0.00930877
8.53422e-08
6.56194e-08
-0.00930933
3.00696e-07
1.35967e-07
-0.00931034
5.81512e-07
2.28559e-07
-0.00931189
9.09038e-07
3.39438e-07
-0.00931403
1.25709e-06
4.61136e-07
-0.00931676
1.60854e-06
5.89281e-07
-0.00932014
1.97332e-06
7.29833e-07
-0.00932428
2.39822e-06
9.02941e-07
-0.00932946
2.96761e-06
1.14538e-06
-0.00933609
3.76629e-06
1.49223e-06
-0.0093446
4.79434e-06
1.94017e-06
-0.00935426
5.55025e-06
2.1694e-06
6.73223e-06
2.24575e-06
-0.00939632
-0.00939655
-0.00939682
-0.00939706
-0.00939729
-0.00939751
-0.00939771
-0.0093979
-0.00939808
-0.00939824
-0.00939835
-0.0093984
-0.00939833
-0.00939807
-0.00939756
-0.00939675
-0.00939562
-0.00939414
-0.0093923
-0.00939002
-0.00938717
-0.00938346
-0.00937862
-0.00937288
-0.00933099
-3.17616e-07
1.4405e-09
-0.00933072
-3.05413e-07
-1.34881e-10
-0.00933045
-3.013e-07
-5.49565e-12
-0.0093302
-2.76635e-07
-3.86746e-13
-0.00932998
-2.55423e-07
-3.30092e-11
-0.00932977
-2.36411e-07
-6.64951e-11
-0.00932958
-2.19032e-07
-8.98965e-11
-0.00932941
-2.01278e-07
-1.4882e-10
-0.00932925
-1.78602e-07
-2.11477e-10
-0.00932913
-1.42411e-07
-2.75404e-10
-0.00932906
-7.91053e-08
-4.23167e-10
-0.00932908
2.85898e-08
-6.12409e-10
-0.00932927
1.9854e-07
-9.77394e-10
-0.00932967
4.40364e-07
-1.50799e-09
-0.00933037
7.51871e-07
-2.34031e-09
-0.00933142
1.11309e-06
-3.72571e-09
-0.00933283
1.49775e-06
-6.2083e-09
-0.00933464
1.89176e-06
-1.07801e-08
-0.00933685
2.31345e-06
-1.91743e-08
-0.00933955
2.82408e-06
-3.49056e-08
-0.00934291
3.5307e-06
-6.61676e-08
-0.00934722
4.54199e-06
-1.21217e-07
-0.00935268
5.83124e-06
-2.19968e-07
-0.00935885
6.71953e-06
-3.41416e-07
7.1764e-06
-4.50664e-07
-0.00941012
-0.00941045
-0.00941077
-0.00941106
-0.00941133
-0.00941157
-0.0094118
-0.009412
-0.00941218
-0.00941232
-0.00941239
-0.00941235
-0.00941212
-0.00941162
-0.00941073
-0.00940941
-0.0094076
-0.00940528
-0.00940242
-0.00939891
-0.00939451
-0.00938887
-0.00938169
-0.00937366
-0.00941012
3.14553e-07
-0.00941045
3.0578e-07
-0.00941077
3.01281e-07
-0.00941106
2.76626e-07
-0.00941133
2.55476e-07
-0.00941158
2.36526e-07
-0.0094118
2.19195e-07
-0.009412
2.01548e-07
-0.00941218
1.78983e-07
-0.00941232
1.42927e-07
-0.00941239
7.98125e-08
-0.00941235
-2.76126e-08
-0.00941212
-1.97016e-07
-0.00941161
-4.38142e-07
-0.00941073
-7.48612e-07
-0.0094094
-1.1082e-06
-0.00940759
-1.48993e-06
-0.00940527
-1.87891e-06
-0.00940241
-2.29175e-06
-0.0093989
-2.7872e-06
-0.0093945
-3.46483e-06
-0.00938886
-4.42851e-06
-0.00938167
-5.63937e-06
-0.00937364
-6.43546e-06
-6.81313e-06
-0.009331
-0.00933073
-0.00933046
-0.00933022
-0.00932999
-0.00932978
-0.00932959
-0.00932942
-0.00932926
-0.00932914
-0.00932907
-0.0093291
-0.00932928
-0.00932968
-0.00933038
-0.00933143
-0.00933285
-0.00933465
-0.00933686
-0.00933956
-0.00934293
-0.00934723
-0.0093527
-0.00935887
)
;

boundaryField
{
    outletCentralUnloaded
    {
        type            calculated;
        value           nonuniform List<scalar> 2(0.00584954 0.00584954);
    }
    inletCentralUnloaded
    {
        type            calculated;
        value           nonuniform List<scalar> 2(-0.0058737 -0.0058737);
    }
    outletFuelElement
    {
        type            calculated;
        value           nonuniform List<scalar> 
12
(
0.00939575
0.00931275
0.00940985
0.00933127
0.00933128
0.00940985
0.00931275
0.00939575
0.00933127
0.00940985
0.00940985
0.00933128
)
;
    }
    inletFuelElement
    {
        type            calculated;
        value           nonuniform List<scalar> 
12
(
-0.00953832
-0.00953832
-0.00953831
-0.00953831
-0.00953832
-0.00953832
-0.00953832
-0.00953832
-0.00953831
-0.00953831
-0.00953832
-0.00953832
)
;
    }
    defaultFaces
    {
        type            calculated;
        value           nonuniform List<scalar> 
450
(
1.05639e-23
-2.39464e-23
0
5.69219e-24
-3.74597e-24
0
1.45904e-23
4.55787e-24
0
-2.29171e-23
-9.77276e-24
0
-9.70045e-24
-2.30159e-23
0
-1.82077e-23
-5.13319e-24
0
-1.5504e-23
-8.66907e-24
0
-1.52184e-23
-9.54411e-24
0
-1.08472e-23
-6.71188e-24
0
-1.61585e-23
-7.22454e-24
0
-8.29585e-24
-4.04334e-24
0
-5.16384e-24
-2.33613e-24
0
4.6683e-24
2.13287e-24
0
2.1756e-23
1.27346e-23
0
4.53829e-23
1.81991e-23
0
6.55807e-23
2.83739e-23
0
6.98243e-23
2.20433e-23
0
8.62228e-23
5.39121e-23
0
7.70809e-23
-9.60194e-23
0
-5.03555e-23
-3.83543e-23
0
-1.09759e-22
-6.15577e-23
0
1.68807e-22
-8.92711e-23
0
-1.47798e-22
-4.56e-23
0
-2.27725e-22
-2.56823e-22
0
-7.83546e-23
-2.34225e-22
0
1.20352e-23
0
1.13127e-23
0
-7.72973e-24
0
3.98699e-24
0
-4.14017e-24
0
4.32842e-24
0
9.11433e-24
0
9.66732e-24
0
-3.87567e-24
0
4.17881e-24
0
1.5159e-24
0
0
0
-3.70624e-24
0
-1.66905e-23
0
-2.85764e-23
0
-2.2077e-23
0
5.2028e-23
0
-3.12254e-23
0
3.82651e-23
0
-1.44003e-22
0
-6.18045e-23
0
2.04453e-22
0
5.53466e-23
0
-1.49995e-22
0
-1.92169e-22
0
0
-7.43287e-24
0
0
8.1578e-24
-4.26392e-24
-4.48883e-24
0
7.6338e-24
-2.74345e-24
-1.49275e-24
0
3.64982e-24
8.21933e-24
9.38413e-24
0
-7.69573e-23
0
-3.77948e-23
0
0
-2.43358e-22
-2.20075e-22
1.4949e-22
9.59905e-23
0
0
0
0
0
0
0
0
0
0
0
0
0
0
0
0
0
0
0
0
0
0
0
0
0
-1.11094e-23
1.11094e-23
3.7709e-24
1.13127e-23
1.15946e-23
1.93243e-23
-7.97397e-24
-7.97397e-24
8.28032e-24
-4.14016e-24
-8.65682e-24
-4.32841e-24
-6.83574e-24
-4.55716e-24
-4.83365e-24
-7.25048e-24
1.1627e-23
-5.16755e-24
-2.78587e-24
-1.39294e-24
-1.13692e-24
-2.27385e-24
8.33315e-25
1.7708e-24
9.2656e-24
5.55936e-24
1.25179e-23
1.25179e-23
1.90509e-23
1.42882e-23
2.20769e-23
1.10385e-23
-2.6014e-23
6.50349e-23
3.12253e-23
3.12253e-23
-1.5306e-22
1.14795e-22
-9.60021e-23
-1.20003e-22
0
-9.27066e-23
-2.04453e-22
2.04453e-22
-1.10693e-22
-1.6604e-22
0
-1.87494e-22
-1.92169e-22
-2.40212e-22
1.28805e-23
0
0
3.36959e-24
0
0
1.86983e-23
0
-3.08404e-23
-2.85552e-23
0
3.97681e-24
8.78077e-24
0
-4.12954e-24
-2.39159e-23
0
4.31727e-24
-2.54283e-23
0
4.54538e-24
-1.88288e-23
0
0
-9.48073e-24
0
-1.03083e-23
-1.65377e-23
0
2.77863e-24
-1.55116e-23
0
0
-5.45179e-24
0
0
6.6044e-24
-0
-1.84836e-24
2.60484e-23
-0
-4.16203e-24
6.14571e-23
-0
0
9.03959e-23
-0
-3.30357e-23
4.86724e-23
-0
0
1.50889e-22
-0
0
6.33776e-23
-0
-1.14565e-22
-7.13397e-23
-0
4.7914e-23
-1.38016e-23
-0
6.17068e-23
2.10468e-22
-0
8.16755e-23
-1.61053e-22
-0
0
-1.12821e-22
-0
7.49572e-23
-1.49859e-22
-0
1.92137e-22
0
-7.43287e-24
-3.80856e-24
-7.85686e-24
4.0789e-24
0
-4.48883e-24
-7.14112e-24
0
-5.4869e-24
-1.49275e-24
8.20586e-25
3.64982e-24
0
0
2.1758e-23
-7.69573e-23
6.16273e-23
-1.13385e-22
0
-6.11976e-23
-2.43358e-22
-1.10037e-22
0
0
1.11094e-23
0
7.5418e-24
0
3.86486e-24
0
1.1961e-23
0
-4.14017e-24
0
1.0821e-23
0
6.83575e-24
0
9.66732e-24
0
-1.29189e-24
0
4.17881e-24
0
3.41077e-24
0
-8.33316e-25
0
-9.26561e-24
-0
-1.25179e-23
-0
-9.52547e-24
-0
-5.51924e-23
-0
1.04056e-22
-0
-6.24507e-23
-0
1.14795e-22
-0
-1.44003e-22
-0
-1.85413e-22
-0
1.63562e-22
-0
1.10693e-22
-0
-3.74989e-22
-0
-2.88254e-22
-0
-9.25783e-24
7.40626e-24
-7.54179e-24
7.54179e-24
-7.72972e-24
7.72972e-24
-3.98698e-24
-1.99349e-23
0
8.28032e-24
-4.32841e-24
-1.94779e-23
-6.83574e-24
-1.59501e-23
-7.25048e-24
-1.20841e-23
2.58377e-24
-7.75132e-24
-4.17881e-24
-8.35762e-24
-2.65282e-24
-4.54769e-24
8.33316e-25
3.85408e-24
1.85312e-24
1.4825e-23
1.25179e-23
3.75536e-23
9.52545e-24
5.71527e-23
4.41538e-23
8.83077e-23
1.3007e-23
7.80419e-23
6.24507e-23
1.71739e-22
0
9.56627e-23
0
-9.60022e-23
-3.09022e-23
-1.23609e-22
4.08905e-23
2.45343e-22
1.6604e-22
-2.21386e-22
0
-1.49995e-22
0
-1.92169e-22
-0
-0
-0
-0
-0
-0
-0
-0
-0
-0
-0
0
0
0
0
0
0
0
0
0
0
0
0
0
0
)
;
    }
    baffle_master
    {
        type            calculated;
        value           nonuniform List<scalar> 
150
(
4.34165e-29
0
0
-2.49189e-29
0
0
-3.13737e-29
0
-6.21255e-29
-7.90201e-30
0
0
-2.2973e-29
0
-2.33009e-29
1.00915e-29
0
0
2.35645e-29
0
0
-2.84012e-29
0
0
9.48367e-29
0
0
-1.79221e-30
0
0
3.18796e-29
0
0
5.37056e-29
0
6.21717e-29
3.81412e-29
0
0
5.42934e-30
0
0
1.23832e-30
0
0
1.47503e-29
0
-3.10961e-29
-3.75201e-28
0
-1.86592e-28
3.90467e-29
0
6.22025e-29
-3.2388e-28
0
-1.24415e-28
2.71308e-29
0
-1.24426e-28
-3.38712e-30
0
0
1.30992e-28
0
1.24447e-28
-1.13664e-29
0
3.11142e-29
2.81847e-30
0
0
3.4758e-29
0
6.22386e-29
0
1.84606e-28
-0
0
2.07177e-28
-0
-6.21255e-29
1.03175e-28
-0
0
5.35863e-29
-0
7.76696e-30
1.79486e-29
0
0
-1.03172e-28
0
6.21459e-29
-1.89454e-28
0
-1.24302e-28
-2.07022e-28
0
-2.48625e-28
-1.3254e-28
0
1.24323e-28
-2.45051e-28
0
0
-2.42183e-28
0
1.24343e-28
-2.53514e-28
0
6.21769e-29
-6.37469e-29
0
3.1091e-29
-4.38109e-29
0
-1.55468e-29
2.21212e-29
-0
-3.10961e-29
5.28677e-29
-0
6.21974e-29
1.09782e-28
-0
-1.24405e-28
2.0776e-28
-0
1.24415e-28
3.7988e-29
-0
-6.22128e-29
-1.02508e-28
-0
0
-8.70322e-29
-0
1.24447e-28
-1.87307e-28
-0
6.22285e-29
6.38318e-29
-0
0
1.52635e-29
0
6.22386e-29
7.78533e-29
0
)
;
    }
    baffle_slave
    {
        type            calculated;
        value           nonuniform List<scalar> 
150
(
5.11548e-24
-0
0
2.85362e-24
-0
7.43287e-24
-4.34743e-24
-0
7.61711e-24
-6.7376e-25
-0
-3.92843e-24
-1.62651e-23
-0
-8.1578e-24
1.7135e-24
-0
-4.26392e-24
1.39872e-24
-0
4.48883e-24
-3.28874e-24
-0
0
-2.7233e-25
-0
0
-1.06765e-26
-0
-2.74345e-24
-1.2083e-24
-0
0
7.66396e-26
0
0
2.27253e-25
0
0
-3.83837e-25
0
8.21933e-24
0
0
0
1.01623e-24
0
-2.1758e-23
-7.52914e-23
0
-7.69573e-23
3.35909e-24
0
-3.08137e-23
-7.00574e-23
0
-7.55897e-23
7.39533e-25
0
-4.74641e-23
-7.63069e-24
0
-6.11976e-23
1.51786e-22
0
2.43358e-22
1.71674e-23
0
0
-3.26729e-23
0
-7.47448e-23
2.39918e-23
0
-9.59905e-23
-2.30975e-24
2.24513e-23
0
-4.65559e-24
1.01631e-23
0
-3.01841e-24
7.93508e-24
0
3.26592e-24
1.00156e-23
0
5.40228e-25
-1.89124e-23
0
-3.67313e-24
8.53431e-24
0
1.36219e-24
4.74758e-24
0
-5.09834e-24
9.37524e-24
0
5.93705e-24
4.82272e-24
0
-2.02615e-24
7.84724e-24
0
-5.27181e-25
4.63567e-24
0
3.01754e-25
2.84844e-24
0
3.11636e-24
-7.66979e-25
0
2.14083e-24
-6.21336e-24
0
2.41883e-23
-1.20029e-23
0
2.67857e-24
-1.60056e-23
0
-4.21107e-23
-3.06058e-23
0
3.72946e-23
-4.17487e-23
0
-2.52044e-23
6.47589e-24
0
-5.73574e-24
3.62371e-23
0
-5.97577e-23
6.67686e-23
0
-1.77294e-22
1.1131e-22
0
-1.14183e-22
-1.30472e-22
0
1.08365e-22
6.53458e-23
0
6.52431e-23
1.19959e-22
0
)
;
    }
}


// ************************************************************************* //
