/*--------------------------------*- C++ -*----------------------------------*\
| =========                 |                                                 |
| \\      /  F ield         | OpenFOAM: The Open Source CFD Toolbox           |
|  \\    /   O peration     | Version:  2212                                  |
|   \\  /    A nd           | Website:  www.openfoam.com                      |
|    \\/     M anipulation  |                                                 |
\*---------------------------------------------------------------------------*/
FoamFile
{
    version     2.0;
    format      ascii;
    arch        "LSB;label=32;scalar=64";
    class       volScalarField;
    location    "55/fluidRegion";
    object      alphat;
}
// * * * * * * * * * * * * * * * * * * * * * * * * * * * * * * * * * * * * * //

dimensions      [1 -1 -1 0 0 0 0];

internalField   nonuniform List<scalar> 
350
(
0.00258572
0.0025857
0.00258568
0.00258565
0.00258562
0.00258559
0.00258558
0.00258558
0.00258559
0.00258562
0.00258565
0.00258571
0.00258579
0.0025859
0.00258605
0.00258627
0.00258658
0.00258704
0.00258773
0.00258876
0.00259034
0.00259277
0.00259651
0.00260224
0.00261102
0.00258572
0.0025857
0.00258568
0.00258565
0.00258562
0.00258559
0.00258558
0.00258558
0.00258559
0.00258562
0.00258565
0.00258571
0.00258579
0.0025859
0.00258605
0.00258627
0.00258658
0.00258704
0.00258773
0.00258876
0.00259034
0.00259277
0.00259651
0.00260224
0.00261102
0.000895855
0.000884245
0.000872832
0.000861258
0.000849419
0.000837207
0.000824518
0.000811255
0.000797331
0.000782682
0.000767277
0.000751121
0.000734259
0.00071676
0.000698705
0.000680189
0.000661387
0.000642757
0.000625477
0.000612384
0.000609873
0.000631328
0.000699561
0.000832281
0.00100215
0.000887999
0.000876403
0.000865025
0.000853494
0.000841705
0.000829552
0.000816929
0.000803737
0.000789889
0.00077532
0.000760001
0.000743943
0.000727197
0.000709845
0.000691982
0.00067371
0.000655205
0.00063691
0.000619982
0.00060723
0.000605034
0.000626817
0.000695613
0.000829584
0.00100141
0.000897108
0.000885486
0.000874062
0.000862477
0.000850624
0.000838398
0.000825695
0.000812416
0.000798475
0.000783808
0.000768384
0.000752208
0.000735321
0.000717792
0.0006997
0.000681138
0.000662283
0.000643591
0.000626247
0.000613089
0.000610515
0.000631909
0.000700058
0.00083262
0.00100227
0.000889803
0.000878208
0.000866825
0.000855287
0.000843489
0.000831324
0.000818688
0.000805481
0.000791616
0.000777029
0.00076169
0.000745609
0.000728836
0.00071145
0.000693542
0.000675213
0.000656639
0.000638266
0.000621257
0.000608426
0.000606157
0.000627865
0.000696531
0.000830214
0.00100159
0.000889803
0.000878208
0.000866825
0.000855287
0.000843489
0.000831324
0.000818688
0.000805481
0.000791616
0.000777029
0.00076169
0.000745609
0.000728836
0.00071145
0.000693542
0.000675213
0.000656639
0.000638267
0.000621257
0.000608426
0.000606157
0.000627865
0.000696532
0.000830214
0.00100159
0.000897108
0.000885486
0.000874062
0.000862477
0.000850624
0.000838398
0.000825695
0.000812415
0.000798475
0.000783808
0.000768384
0.000752207
0.000735321
0.000717792
0.000699699
0.000681137
0.000662282
0.00064359
0.000626246
0.000613088
0.000610514
0.000631908
0.000700057
0.000832619
0.00100227
0.000887999
0.000876403
0.000865025
0.000853494
0.000841705
0.000829552
0.000816929
0.000803737
0.000789889
0.00077532
0.000760001
0.000743943
0.000727197
0.000709845
0.000691982
0.00067371
0.000655205
0.00063691
0.000619982
0.00060723
0.000605034
0.000626817
0.000695613
0.000829584
0.00100141
0.000895855
0.000884245
0.000872832
0.000861258
0.000849419
0.000837207
0.000824518
0.000811255
0.000797331
0.000782682
0.000767277
0.000751121
0.000734259
0.00071676
0.000698705
0.000680189
0.000661387
0.000642757
0.000625477
0.000612384
0.000609873
0.000631328
0.000699561
0.00083228
0.00100215
0.000889803
0.000878208
0.000866825
0.000855287
0.000843489
0.000831324
0.000818688
0.000805481
0.000791616
0.000777029
0.00076169
0.000745609
0.000728836
0.00071145
0.000693542
0.000675213
0.000656639
0.000638266
0.000621257
0.000608426
0.000606157
0.000627864
0.000696531
0.000830213
0.00100158
0.000897108
0.000885486
0.000874062
0.000862477
0.000850624
0.000838398
0.000825695
0.000812416
0.000798475
0.000783809
0.000768384
0.000752208
0.000735321
0.000717792
0.0006997
0.000681138
0.000662282
0.000643591
0.000626246
0.000613088
0.000610515
0.000631908
0.000700058
0.000832621
0.00100227
0.000897108
0.000885486
0.000874062
0.000862477
0.000850624
0.000838398
0.000825695
0.000812415
0.000798475
0.000783808
0.000768384
0.000752207
0.000735321
0.000717792
0.0006997
0.000681137
0.000662282
0.000643591
0.000626246
0.000613088
0.000610515
0.000631908
0.000700057
0.000832619
0.00100227
0.000889803
0.000878208
0.000866825
0.000855287
0.000843489
0.000831324
0.000818688
0.000805481
0.000791616
0.000777029
0.00076169
0.000745609
0.000728836
0.00071145
0.000693542
0.000675213
0.00065664
0.000638267
0.000621257
0.000608427
0.000606158
0.000627866
0.000696533
0.000830215
0.00100159
)
;

boundaryField
{
    outletCentralUnloaded
    {
        type            zeroGradient;
    }
    inletCentralUnloaded
    {
        type            zeroGradient;
    }
    outletFuelElement
    {
        type            zeroGradient;
    }
    inletFuelElement
    {
        type            zeroGradient;
    }
    defaultFaces
    {
        type            zeroGradient;
    }
    baffle_master
    {
        type            calculated;
        value           nonuniform List<scalar> 
150
(
0.00258572
0.00258572
0.00258572
0.0025857
0.0025857
0.0025857
0.00258568
0.00258568
0.00258568
0.00258565
0.00258565
0.00258565
0.00258562
0.00258562
0.00258562
0.00258559
0.00258559
0.00258559
0.00258558
0.00258558
0.00258558
0.00258558
0.00258558
0.00258558
0.00258559
0.00258559
0.00258559
0.00258562
0.00258562
0.00258562
0.00258565
0.00258565
0.00258565
0.00258571
0.00258571
0.00258571
0.00258579
0.00258579
0.00258579
0.0025859
0.0025859
0.0025859
0.00258605
0.00258605
0.00258605
0.00258627
0.00258627
0.00258627
0.00258658
0.00258658
0.00258658
0.00258704
0.00258704
0.00258704
0.00258773
0.00258773
0.00258773
0.00258876
0.00258876
0.00258876
0.00259034
0.00259034
0.00259034
0.00259277
0.00259277
0.00259277
0.00259651
0.00259651
0.00259651
0.00260224
0.00260224
0.00260224
0.00261102
0.00261102
0.00261102
0.00258572
0.00258572
0.00258572
0.0025857
0.0025857
0.0025857
0.00258568
0.00258568
0.00258568
0.00258565
0.00258565
0.00258565
0.00258562
0.00258562
0.00258562
0.00258559
0.00258559
0.00258559
0.00258558
0.00258558
0.00258558
0.00258558
0.00258558
0.00258558
0.00258559
0.00258559
0.00258559
0.00258562
0.00258562
0.00258562
0.00258565
0.00258565
0.00258565
0.00258571
0.00258571
0.00258571
0.00258579
0.00258579
0.00258579
0.0025859
0.0025859
0.0025859
0.00258605
0.00258605
0.00258605
0.00258627
0.00258627
0.00258627
0.00258658
0.00258658
0.00258658
0.00258704
0.00258704
0.00258704
0.00258773
0.00258773
0.00258773
0.00258876
0.00258876
0.00258876
0.00259034
0.00259034
0.00259034
0.00259277
0.00259277
0.00259277
0.00259651
0.00259651
0.00259651
0.00260224
0.00260224
0.00260224
0.00261102
0.00261102
0.00261102
)
;
    }
    baffle_slave
    {
        type            calculated;
        value           nonuniform List<scalar> 
150
(
0.000887999
0.000889803
0.000889803
0.000876403
0.000878208
0.000878208
0.000865025
0.000866825
0.000866825
0.000853494
0.000855287
0.000855287
0.000841705
0.000843489
0.000843489
0.000829552
0.000831324
0.000831324
0.000816929
0.000818688
0.000818688
0.000803737
0.000805481
0.000805481
0.000789889
0.000791616
0.000791616
0.00077532
0.000777029
0.000777029
0.000760001
0.00076169
0.00076169
0.000743943
0.000745609
0.000745609
0.000727197
0.000728836
0.000728836
0.000709845
0.00071145
0.00071145
0.000691982
0.000693542
0.000693542
0.00067371
0.000675213
0.000675213
0.000655205
0.000656639
0.00065664
0.00063691
0.000638266
0.000638267
0.000619982
0.000621257
0.000621257
0.00060723
0.000608426
0.000608427
0.000605034
0.000606157
0.000606158
0.000626817
0.000627865
0.000627866
0.000695613
0.000696531
0.000696533
0.000829584
0.000830214
0.000830215
0.00100141
0.00100159
0.00100159
0.000889803
0.000887999
0.000889803
0.000878208
0.000876403
0.000878208
0.000866825
0.000865025
0.000866825
0.000855287
0.000853494
0.000855287
0.000843489
0.000841705
0.000843489
0.000831324
0.000829552
0.000831324
0.000818688
0.000816929
0.000818688
0.000805481
0.000803737
0.000805481
0.000791616
0.000789889
0.000791616
0.000777029
0.00077532
0.000777029
0.00076169
0.000760001
0.00076169
0.000745609
0.000743943
0.000745609
0.000728836
0.000727197
0.000728836
0.00071145
0.000709845
0.00071145
0.000693542
0.000691982
0.000693542
0.000675213
0.00067371
0.000675213
0.000656639
0.000655205
0.000656639
0.000638267
0.00063691
0.000638266
0.000621257
0.000619982
0.000621257
0.000608426
0.00060723
0.000608426
0.000606157
0.000605034
0.000606157
0.000627865
0.000626817
0.000627864
0.000696532
0.000695613
0.000696531
0.000830214
0.000829584
0.000830213
0.00100159
0.00100141
0.00100158
)
;
    }
}


// ************************************************************************* //
