/*--------------------------------*- C++ -*----------------------------------*\
| =========                 |                                                 |
| \\      /  F ield         | OpenFOAM: The Open Source CFD Toolbox           |
|  \\    /   O peration     | Version:  2212                                  |
|   \\  /    A nd           | Website:  www.openfoam.com                      |
|    \\/     M anipulation  |                                                 |
\*---------------------------------------------------------------------------*/
FoamFile
{
    version     2.0;
    format      ascii;
    arch        "LSB;label=32;scalar=64";
    class       volScalarField;
    location    "55/fluidRegion";
    object      hdeltaT;
}
// * * * * * * * * * * * * * * * * * * * * * * * * * * * * * * * * * * * * * //

dimensions      [1 0 -3 0 0 0 0];

internalField   nonuniform List<scalar> 
350
(
0
0
0
0
0
0
0
0
0
0
0
0
0
0
0
0
0
0
0
0
0
0
0
0
0
0
0
0
0
0
0
0
0
0
0
0
0
0
0
0
0
0
0
0
0
0
0
0
0
0
447168
1.34095e+06
2.21354e+06
3.05117e+06
3.84065e+06
4.56952e+06
5.22628e+06
5.80059e+06
6.28338e+06
6.66705e+06
6.94554e+06
7.11448e+06
7.17118e+06
7.11477e+06
6.94613e+06
6.66792e+06
6.28453e+06
5.802e+06
5.22792e+06
4.57142e+06
3.84277e+06
3.05353e+06
2.21611e+06
1.34384e+06
450575
452248
1.35627e+06
2.23886e+06
3.08609e+06
3.88461e+06
4.62183e+06
5.28612e+06
5.867e+06
6.35533e+06
6.74339e+06
7.02508e+06
7.19595e+06
7.25331e+06
7.19625e+06
7.02568e+06
6.74428e+06
6.35651e+06
5.86845e+06
5.2878e+06
4.62378e+06
3.88678e+06
3.08851e+06
2.24149e+06
1.35922e+06
455732
446359
1.33851e+06
2.20951e+06
3.04561e+06
3.83365e+06
4.56119e+06
5.21675e+06
5.79001e+06
6.27192e+06
6.65489e+06
6.93288e+06
7.1015e+06
7.1581e+06
7.10179e+06
6.93346e+06
6.65576e+06
6.27307e+06
5.79142e+06
5.21839e+06
4.56308e+06
3.83576e+06
3.04796e+06
2.21206e+06
1.34139e+06
449754
451078
1.35274e+06
2.23303e+06
3.07805e+06
3.87449e+06
4.60978e+06
5.27234e+06
5.85171e+06
6.33877e+06
6.72582e+06
7.00677e+06
7.17719e+06
7.2344e+06
7.17749e+06
7.00737e+06
6.72671e+06
6.33994e+06
5.85316e+06
5.27402e+06
4.61172e+06
3.87665e+06
3.08045e+06
2.23564e+06
1.35568e+06
454545
451078
1.35274e+06
2.23303e+06
3.07805e+06
3.87449e+06
4.60978e+06
5.27234e+06
5.85171e+06
6.33877e+06
6.72582e+06
7.00677e+06
7.17719e+06
7.2344e+06
7.17749e+06
7.00737e+06
6.72671e+06
6.33994e+06
5.85316e+06
5.27402e+06
4.61172e+06
3.87665e+06
3.08046e+06
2.23564e+06
1.35568e+06
454545
446359
1.33851e+06
2.20951e+06
3.04562e+06
3.83365e+06
4.56119e+06
5.21675e+06
5.79001e+06
6.27192e+06
6.65489e+06
6.93288e+06
7.1015e+06
7.1581e+06
7.10179e+06
6.93346e+06
6.65576e+06
6.27307e+06
5.79142e+06
5.21839e+06
4.56308e+06
3.83576e+06
3.04796e+06
2.21207e+06
1.34139e+06
449754
452248
1.35627e+06
2.23886e+06
3.08609e+06
3.88461e+06
4.62183e+06
5.28612e+06
5.867e+06
6.35533e+06
6.74339e+06
7.02508e+06
7.19595e+06
7.25331e+06
7.19625e+06
7.02568e+06
6.74428e+06
6.35651e+06
5.86845e+06
5.2878e+06
4.62378e+06
3.88678e+06
3.08851e+06
2.24149e+06
1.35922e+06
455732
447168
1.34095e+06
2.21354e+06
3.05118e+06
3.84065e+06
4.56952e+06
5.22628e+06
5.80059e+06
6.28338e+06
6.66705e+06
6.94554e+06
7.11448e+06
7.17118e+06
7.11477e+06
6.94613e+06
6.66792e+06
6.28453e+06
5.802e+06
5.22792e+06
4.57142e+06
3.84277e+06
3.05353e+06
2.21611e+06
1.34384e+06
450575
451078
1.35274e+06
2.23303e+06
3.07805e+06
3.87449e+06
4.60978e+06
5.27234e+06
5.85171e+06
6.33877e+06
6.72582e+06
7.00677e+06
7.17719e+06
7.2344e+06
7.17749e+06
7.00737e+06
6.72671e+06
6.33994e+06
5.85316e+06
5.27402e+06
4.61172e+06
3.87665e+06
3.08045e+06
2.23564e+06
1.35568e+06
454545
446359
1.33851e+06
2.20951e+06
3.04561e+06
3.83365e+06
4.56119e+06
5.21675e+06
5.79001e+06
6.27192e+06
6.65489e+06
6.93288e+06
7.1015e+06
7.1581e+06
7.10179e+06
6.93346e+06
6.65576e+06
6.27307e+06
5.79142e+06
5.21839e+06
4.56308e+06
3.83576e+06
3.04796e+06
2.21206e+06
1.34139e+06
449754
446359
1.33851e+06
2.20951e+06
3.04561e+06
3.83365e+06
4.56119e+06
5.21675e+06
5.79001e+06
6.27192e+06
6.65489e+06
6.93288e+06
7.1015e+06
7.1581e+06
7.10179e+06
6.93346e+06
6.65576e+06
6.27307e+06
5.79142e+06
5.21839e+06
4.56308e+06
3.83576e+06
3.04796e+06
2.21207e+06
1.34139e+06
449754
451078
1.35274e+06
2.23303e+06
3.07805e+06
3.87449e+06
4.60978e+06
5.27234e+06
5.85171e+06
6.33876e+06
6.72582e+06
7.00677e+06
7.17719e+06
7.2344e+06
7.17749e+06
7.00737e+06
6.72671e+06
6.33994e+06
5.85316e+06
5.27402e+06
4.61173e+06
3.87665e+06
3.08046e+06
2.23565e+06
1.35568e+06
454545
)
;

boundaryField
{
    outletCentralUnloaded
    {
        type            calculated;
        value           uniform 0;
    }
    inletCentralUnloaded
    {
        type            calculated;
        value           uniform 0;
    }
    outletFuelElement
    {
        type            calculated;
        value           uniform 0;
    }
    inletFuelElement
    {
        type            calculated;
        value           nonuniform List<scalar> 
12
(
3.04889e+06
3.04767e+06
3.0488e+06
3.04799e+06
3.04799e+06
3.04879e+06
3.04767e+06
3.04889e+06
3.04799e+06
3.0488e+06
3.04879e+06
3.04799e+06
)
;
    }
    defaultFaces
    {
        type            calculated;
        value           nonuniform List<scalar> 
450
(
0
0
0
0
0
0
0
0
0
0
0
0
0
0
0
0
0
0
0
0
0
0
0
0
0
0
0
0
0
0
0
0
0
0
0
0
0
0
0
0
0
0
0
0
0
0
0
0
1.25198e+06
1.25198e+06
1.25198e+06
2.3414e+06
2.3414e+06
2.3414e+06
3.08351e+06
3.08351e+06
3.08351e+06
3.5033e+06
3.5033e+06
3.5033e+06
3.64437e+06
3.64437e+06
3.64437e+06
3.57211e+06
3.57211e+06
3.57211e+06
3.3766e+06
3.3766e+06
3.3766e+06
3.16953e+06
3.16953e+06
3.16953e+06
3.01533e+06
3.01533e+06
3.01533e+06
0
0
0
0
0
0
0
0
0
0
0
0
0
0
0
0
0
0
0
0
0
0
0
0
0
0
0
0
0
0
0
0
1.2706e+06
1.2706e+06
2.35423e+06
2.35423e+06
3.09182e+06
3.09182e+06
3.50828e+06
3.50828e+06
3.64709e+06
3.64709e+06
3.57344e+06
3.57344e+06
3.37716e+06
3.37716e+06
3.16966e+06
3.16966e+06
3.0153e+06
3.0153e+06
0
0
0
0
0
0
0
0
0
0
0
0
0
0
0
0
1.15657e+06
2.2749e+06
3.03967e+06
3.47615e+06
3.62852e+06
3.56305e+06
3.37113e+06
3.16617e+06
3.01415e+06
0
0
0
0
0
0
0
0
0
0
0
0
0
0
0
0
1.15657e+06
2.2749e+06
3.03967e+06
3.47615e+06
3.62852e+06
3.56305e+06
3.37113e+06
3.16617e+06
3.01415e+06
0
0
0
0
0
0
0
0
0
0
0
0
0
0
0
0
0
0
0
0
0
0
0
0
0
0
0
0
0
0
0
0
1.27059e+06
1.27059e+06
2.35421e+06
2.35421e+06
3.09181e+06
3.09181e+06
3.50827e+06
3.50827e+06
3.64708e+06
3.64708e+06
3.57343e+06
3.57343e+06
3.37715e+06
3.37715e+06
3.16965e+06
3.16965e+06
3.0153e+06
3.0153e+06
0
0
0
0
0
0
0
0
0
0
0
0
0
0
0
0
0
0
0
0
0
0
0
0
0
0
0
0
0
0
0
0
0
0
0
0
0
0
0
0
0
0
0
0
0
0
0
0
1.25198e+06
1.25198e+06
1.25198e+06
2.3414e+06
2.3414e+06
2.3414e+06
3.08351e+06
3.08351e+06
3.08351e+06
3.5033e+06
3.5033e+06
3.5033e+06
3.64437e+06
3.64437e+06
3.64437e+06
3.57211e+06
3.57211e+06
3.57211e+06
3.3766e+06
3.3766e+06
3.3766e+06
3.16953e+06
3.16953e+06
3.16953e+06
3.01533e+06
3.01533e+06
3.01533e+06
0
0
0
0
0
0
0
0
0
0
0
0
0
0
0
0
1.15657e+06
2.2749e+06
3.03967e+06
3.47615e+06
3.62852e+06
3.56304e+06
3.37113e+06
3.16617e+06
3.01415e+06
0
0
0
0
0
0
0
0
0
0
0
0
0
0
0
0
0
0
0
0
0
0
0
0
0
0
0
0
0
0
0
0
1.2706e+06
1.2706e+06
2.35422e+06
2.35422e+06
3.09182e+06
3.09182e+06
3.50828e+06
3.50828e+06
3.64709e+06
3.64709e+06
3.57343e+06
3.57343e+06
3.37716e+06
3.37716e+06
3.16966e+06
3.16966e+06
3.0153e+06
3.0153e+06
0
0
0
0
0
0
0
0
0
0
0
0
0
0
0
0
0
0
0
0
0
0
0
0
0
0
0
0
0
0
0
0
1.27059e+06
1.27059e+06
2.35422e+06
2.35422e+06
3.09181e+06
3.09181e+06
3.50827e+06
3.50827e+06
3.64708e+06
3.64708e+06
3.57343e+06
3.57343e+06
3.37715e+06
3.37715e+06
3.16965e+06
3.16965e+06
3.0153e+06
3.0153e+06
0
0
0
0
0
0
0
0
0
0
0
0
0
0
0
0
1.15657e+06
2.2749e+06
3.03967e+06
3.47615e+06
3.62852e+06
3.56305e+06
3.37113e+06
3.16618e+06
3.01416e+06
)
;
    }
    baffle_master
    {
        type            calculated;
        value           uniform 0;
    }
    baffle_slave
    {
        type            calculated;
        value           nonuniform List<scalar> 
150
(
0
0
0
0
0
0
0
0
0
0
0
0
0
0
0
0
0
0
0
0
0
0
0
0
0
0
0
0
0
0
0
0
0
0
0
0
0
0
0
0
0
0
0
0
0
0
0
0
1.12782e+06
1.15657e+06
1.15657e+06
2.25482e+06
2.2749e+06
2.2749e+06
3.0264e+06
3.03967e+06
3.03967e+06
3.4679e+06
3.47615e+06
3.47615e+06
3.62367e+06
3.62852e+06
3.62852e+06
3.56024e+06
3.56305e+06
3.56305e+06
3.3694e+06
3.37113e+06
3.37113e+06
3.16507e+06
3.16617e+06
3.16618e+06
3.01375e+06
3.01415e+06
3.01416e+06
0
0
0
0
0
0
0
0
0
0
0
0
0
0
0
0
0
0
0
0
0
0
0
0
0
0
0
0
0
0
0
0
0
0
0
0
0
0
0
0
0
0
0
0
0
0
0
0
1.15657e+06
1.12782e+06
1.15657e+06
2.2749e+06
2.25482e+06
2.2749e+06
3.03967e+06
3.0264e+06
3.03967e+06
3.47615e+06
3.4679e+06
3.47615e+06
3.62852e+06
3.62367e+06
3.62852e+06
3.56305e+06
3.56024e+06
3.56304e+06
3.37113e+06
3.3694e+06
3.37113e+06
3.16617e+06
3.16507e+06
3.16617e+06
3.01415e+06
3.01375e+06
3.01415e+06
)
;
    }
}


// ************************************************************************* //
