/*--------------------------------*- C++ -*----------------------------------*\
| =========                 |                                                 |
| \\      /  F ield         | OpenFOAM: The Open Source CFD Toolbox           |
|  \\    /   O peration     | Version:  2212                                  |
|   \\  /    A nd           | Website:  www.openfoam.com                      |
|    \\/     M anipulation  |                                                 |
\*---------------------------------------------------------------------------*/
FoamFile
{
    version     2.0;
    format      ascii;
    arch        "LSB;label=32;scalar=64";
    class       volScalarField;
    location    "55/fluidRegion";
    object      htc;
}
// * * * * * * * * * * * * * * * * * * * * * * * * * * * * * * * * * * * * * //

dimensions      [1 0 -3 -1 0 0 0];

internalField   nonuniform List<scalar> 
350
(
3101.34
3101.37
3101.41
3101.44
3101.46
3101.47
3101.47
3101.46
3101.45
3101.46
3101.47
3101.49
3101.52
3101.56
3101.6
3101.65
3101.7
3101.75
3101.79
3101.83
3101.85
3101.85
3101.84
3101.82
3106.94
3101.34
3101.37
3101.41
3101.44
3101.46
3101.47
3101.47
3101.46
3101.45
3101.46
3101.47
3101.49
3101.52
3101.56
3101.6
3101.65
3101.7
3101.75
3101.79
3101.83
3101.85
3101.85
3101.84
3101.82
3106.94
27250.4
27169.1
26982.1
26670
26234.3
25677.2
25001.4
24210.9
23310.9
22308.5
21213.2
20037.5
18796.5
17507.2
16185.9
14846.6
13499.6
12152.9
10815.9
9504.54
8246.91
7089.58
6103.7
5383.1
4943.87
27339.4
27257.7
27071.3
26759.2
26323.1
25764.9
25087.5
24294.7
23391.4
22384.6
21283.7
20101
18851.9
17553.9
16224
14877
13523.6
12171.6
10830
9514.1
8251.9
7090.08
6100.66
5378.86
4941.9
27236.4
27154.6
26967.6
26655.6
26220
25663
24987.6
24197.5
23298.1
22296.4
21202
20027.4
18787.7
17499.7
16179.7
14841.5
13495.5
12149.6
10813.3
9502.52
8245.51
7088.74
6103.29
5382.84
4943.73
27319.6
27238.1
27051.5
26739.4
26303.3
25745.3
25068.2
24275.9
23373.3
22367.5
21267.8
20086.6
18839.4
17543.3
16215.4
14870.2
13518.2
12167.4
10826.8
9512
8250.85
7090.07
6101.47
5379.95
4942.42
27319.6
27238.1
27051.5
26739.4
26303.3
25745.3
25068.2
24275.9
23373.3
22367.5
21267.8
20086.6
18839.4
17543.3
16215.4
14870.2
13518.2
12167.4
10826.8
9512
8250.85
7090.07
6101.47
5379.95
4942.42
27236.4
27154.6
26967.6
26655.6
26220
25663
24987.6
24197.5
23298.1
22296.4
21202
20027.4
18787.7
17499.7
16179.7
14841.5
13495.5
12149.6
10813.3
9502.52
8245.5
7088.73
6103.28
5382.83
4943.72
27339.4
27257.7
27071.3
26759.2
26323.1
25764.9
25087.5
24294.7
23391.4
22384.6
21283.7
20101
18851.9
17553.9
16224
14877
13523.6
12171.6
10830
9514.1
8251.9
7090.08
6100.66
5378.86
4941.9
27250.4
27169.1
26982.1
26670
26234.3
25677.2
25001.4
24210.9
23310.9
22308.5
21213.2
20037.5
18796.5
17507.2
16185.9
14846.6
13499.6
12152.9
10815.9
9504.54
8246.91
7089.58
6103.71
5383.1
4943.87
27319.6
27238.1
27051.5
26739.4
26303.3
25745.3
25068.2
24275.9
23373.3
22367.5
21267.8
20086.6
18839.4
17543.3
16215.4
14870.2
13518.2
12167.4
10826.8
9512
8250.84
7090.06
6101.47
5379.95
4942.42
27236.4
27154.6
26967.6
26655.6
26220
25663
24987.6
24197.5
23298.1
22296.4
21202
20027.4
18787.7
17499.7
16179.7
14841.5
13495.5
12149.6
10813.3
9502.52
8245.5
7088.74
6103.28
5382.84
4943.72
27236.4
27154.6
26967.6
26655.6
26220
25663
24987.6
24197.5
23298.1
22296.4
21202
20027.4
18787.7
17499.7
16179.7
14841.5
13495.5
12149.6
10813.3
9502.52
8245.5
7088.73
6103.28
5382.83
4943.72
27319.6
27238.1
27051.5
26739.4
26303.3
25745.3
25068.2
24275.9
23373.3
22367.5
21267.8
20086.6
18839.4
17543.3
16215.4
14870.2
13518.2
12167.4
10826.8
9512
8250.85
7090.07
6101.47
5379.96
4942.43
)
;

boundaryField
{
    outletCentralUnloaded
    {
        type            zeroGradient;
    }
    inletCentralUnloaded
    {
        type            zeroGradient;
    }
    outletFuelElement
    {
        type            zeroGradient;
    }
    inletFuelElement
    {
        type            zeroGradient;
    }
    defaultFaces
    {
        type            zeroGradient;
    }
    baffle_master
    {
        type            zeroGradient;
    }
    baffle_slave
    {
        type            zeroGradient;
    }
}


// ************************************************************************* //
