/*--------------------------------*- C++ -*----------------------------------*\
| =========                 |                                                 |
| \\      /  F ield         | OpenFOAM: The Open Source CFD Toolbox           |
|  \\    /   O peration     | Version:  2212                                  |
|   \\  /    A nd           | Website:  www.openfoam.com                      |
|    \\/     M anipulation  |                                                 |
\*---------------------------------------------------------------------------*/
FoamFile
{
    version     2.0;
    format      ascii;
    arch        "LSB;label=32;scalar=64";
    class       volScalarField;
    location    "55/fluidRegion";
    object      k;
}
// * * * * * * * * * * * * * * * * * * * * * * * * * * * * * * * * * * * * * //

dimensions      [0 2 -2 0 0 0 0];

internalField   nonuniform List<scalar> 
350
(
0.421094
0.421024
0.420954
0.420884
0.420814
0.420744
0.420674
0.420605
0.420537
0.42047
0.420406
0.420344
0.420287
0.420236
0.420194
0.420164
0.420154
0.420173
0.420237
0.420372
0.420614
0.421021
0.421683
0.422734
0.424377
0.421094
0.421024
0.420954
0.420884
0.420814
0.420744
0.420674
0.420605
0.420537
0.42047
0.420406
0.420344
0.420287
0.420236
0.420194
0.420164
0.420154
0.420173
0.420237
0.420372
0.420614
0.421021
0.421683
0.422734
0.424377
406.606
384.033
358.359
330.092
300.016
268.909
237.519
206.547
176.63
148.332
122.128
98.4002
77.4212
59.3473
44.2103
31.9177
22.2646
14.9573
9.64716
5.9645
3.5494
2.07248
1.25007
0.853306
0.713285
412.324
389.487
363.509
334.887
304.419
272.894
241.07
209.659
179.308
150.589
123.988
99.8938
78.5852
60.2244
44.8463
32.3594
22.5565
15.1395
9.75334
6.0213
3.57659
2.08367
1.25384
0.854334
0.713672
405.659
383.129
357.509
329.303
299.294
268.258
236.942
206.043
176.198
147.968
121.83
98.1615
77.2356
59.2078
44.1092
31.8475
22.2181
14.9282
9.62996
5.95509
3.54469
2.07034
1.24919
0.852965
0.713153
411.068
388.287
362.373
333.826
303.443
272.009
240.279
208.964
178.709
150.083
123.57
99.5571
78.3223
60.0258
44.702
32.259
22.49
15.098
9.72914
6.00836
3.57041
2.08114
1.253
0.854119
0.713597
411.068
388.287
362.373
333.826
303.443
272.009
240.279
208.964
178.709
150.083
123.57
99.5571
78.3223
60.0258
44.702
32.259
22.49
15.098
9.72914
6.00836
3.57041
2.08114
1.253
0.854119
0.713597
405.66
383.129
357.509
329.303
299.294
268.259
236.942
206.043
176.198
147.969
121.83
98.1616
77.2357
59.2078
44.1093
31.8476
22.2181
14.9282
9.62996
5.95509
3.54468
2.07033
1.24919
0.852962
0.713152
412.324
389.487
363.509
334.887
304.419
272.894
241.07
209.659
179.308
150.589
123.988
99.8938
78.5852
60.2244
44.8463
32.3594
22.5565
15.1395
9.75334
6.0213
3.57659
2.08367
1.25384
0.854334
0.713673
406.606
384.033
358.359
330.092
300.016
268.909
237.519
206.547
176.63
148.332
122.128
98.4002
77.4212
59.3473
44.2103
31.9177
22.2646
14.9573
9.64715
5.9645
3.5494
2.07247
1.25007
0.853304
0.713284
411.068
388.287
362.373
333.826
303.443
272.009
240.279
208.964
178.709
150.083
123.57
99.5571
78.3223
60.0258
44.702
32.259
22.49
15.098
9.72914
6.00836
3.5704
2.08114
1.253
0.854118
0.713596
405.659
383.129
357.509
329.303
299.294
268.258
236.942
206.043
176.198
147.968
121.83
98.1615
77.2357
59.2078
44.1092
31.8475
22.2181
14.9282
9.62997
5.95509
3.54469
2.07034
1.2492
0.852969
0.713156
405.66
383.129
357.509
329.303
299.294
268.259
236.942
206.043
176.198
147.968
121.83
98.1615
77.2357
59.2078
44.1093
31.8475
22.2181
14.9282
9.62995
5.95508
3.54468
2.07033
1.24919
0.852963
0.713153
411.068
388.287
362.373
333.826
303.443
272.009
240.279
208.964
178.709
150.083
123.57
99.5571
78.3223
60.0258
44.702
32.259
22.49
15.098
9.72913
6.00836
3.5704
2.08114
1.253
0.854118
0.713596
)
;

boundaryField
{
    outletCentralUnloaded
    {
        type            zeroGradient;
    }
    inletCentralUnloaded
    {
        type            zeroGradient;
    }
    outletFuelElement
    {
        type            zeroGradient;
    }
    inletFuelElement
    {
        type            zeroGradient;
    }
    defaultFaces
    {
        type            zeroGradient;
    }
    baffle_master
    {
        type            zeroGradient;
    }
    baffle_slave
    {
        type            zeroGradient;
    }
}


// ************************************************************************* //
