/*--------------------------------*- C++ -*----------------------------------*\
| =========                 |                                                 |
| \\      /  F ield         | OpenFOAM: The Open Source CFD Toolbox           |
|  \\    /   O peration     | Version:  2212                                  |
|   \\  /    A nd           | Website:  www.openfoam.com                      |
|    \\/     M anipulation  |                                                 |
\*---------------------------------------------------------------------------*/
FoamFile
{
    version     2.0;
    format      ascii;
    arch        "LSB;label=32;scalar=64";
    class       volTensorField;
    location    "55/fluidRegion";
    object      Kd;
}
// * * * * * * * * * * * * * * * * * * * * * * * * * * * * * * * * * * * * * //

dimensions      [1 -3 -1 0 0 0 0];

internalField   nonuniform List<tensor> 
350
(
(84.741 0 0 0 84.741 0 0 0 84.741)
(84.7415 0 0 0 84.7415 0 0 0 84.7415)
(84.742 0 0 0 84.742 0 0 0 84.742)
(84.7424 0 0 0 84.7424 0 0 0 84.7424)
(84.7424 0 0 0 84.7424 0 0 0 84.7424)
(84.7422 0 0 0 84.7422 0 0 0 84.7422)
(84.7417 0 0 0 84.7417 0 0 0 84.7417)
(84.7411 0 0 0 84.7411 0 0 0 84.7411)
(84.7405 0 0 0 84.7405 0 0 0 84.7405)
(84.7402 0 0 0 84.7402 0 0 0 84.7402)
(84.7401 0 0 0 84.7401 0 0 0 84.7401)
(84.7402 0 0 0 84.7402 0 0 0 84.7402)
(84.7406 0 0 0 84.7406 0 0 0 84.7406)
(84.7411 0 0 0 84.7411 0 0 0 84.7411)
(84.7418 0 0 0 84.7418 0 0 0 84.7418)
(84.7426 0 0 0 84.7426 0 0 0 84.7426)
(84.7434 0 0 0 84.7434 0 0 0 84.7434)
(84.7442 0 0 0 84.7442 0 0 0 84.7442)
(84.7449 0 0 0 84.7449 0 0 0 84.7449)
(84.7454 0 0 0 84.7454 0 0 0 84.7454)
(84.7455 0 0 0 84.7455 0 0 0 84.7455)
(84.7453 0 0 0 84.7453 0 0 0 84.7453)
(84.7447 0 0 0 84.7447 0 0 0 84.7447)
(84.7437 0 0 0 84.7437 0 0 0 84.7437)
(84.8745 0 0 0 84.8745 0 0 0 84.8745)
(84.741 0 0 0 84.741 0 0 0 84.741)
(84.7415 0 0 0 84.7415 0 0 0 84.7415)
(84.742 0 0 0 84.742 0 0 0 84.742)
(84.7424 0 0 0 84.7424 0 0 0 84.7424)
(84.7424 0 0 0 84.7424 0 0 0 84.7424)
(84.7422 0 0 0 84.7422 0 0 0 84.7422)
(84.7417 0 0 0 84.7417 0 0 0 84.7417)
(84.7411 0 0 0 84.7411 0 0 0 84.7411)
(84.7405 0 0 0 84.7405 0 0 0 84.7405)
(84.7402 0 0 0 84.7402 0 0 0 84.7402)
(84.7401 0 0 0 84.7401 0 0 0 84.7401)
(84.7402 0 0 0 84.7402 0 0 0 84.7402)
(84.7406 0 0 0 84.7406 0 0 0 84.7406)
(84.7411 0 0 0 84.7411 0 0 0 84.7411)
(84.7418 0 0 0 84.7418 0 0 0 84.7418)
(84.7426 0 0 0 84.7426 0 0 0 84.7426)
(84.7434 0 0 0 84.7434 0 0 0 84.7434)
(84.7442 0 0 0 84.7442 0 0 0 84.7442)
(84.7449 0 0 0 84.7449 0 0 0 84.7449)
(84.7454 0 0 0 84.7454 0 0 0 84.7454)
(84.7455 0 0 0 84.7455 0 0 0 84.7455)
(84.7453 0 0 0 84.7453 0 0 0 84.7453)
(84.7447 0 0 0 84.7447 0 0 0 84.7447)
(84.7437 0 0 0 84.7437 0 0 0 84.7437)
(84.8745 0 0 0 84.8745 0 0 0 84.8745)
(682.621 0 0 0 682.621 0 0 0 682.621)
(682.165 0 0 0 682.165 0 0 0 682.165)
(682.177 0 0 0 682.177 0 0 0 682.177)
(682.179 0 0 0 682.179 0 0 0 682.179)
(682.169 0 0 0 682.169 0 0 0 682.169)
(682.147 0 0 0 682.147 0 0 0 682.147)
(682.111 0 0 0 682.111 0 0 0 682.111)
(682.06 0 0 0 682.06 0 0 0 682.06)
(681.99 0 0 0 681.99 0 0 0 681.99)
(681.901 0 0 0 681.901 0 0 0 681.901)
(681.791 0 0 0 681.791 0 0 0 681.791)
(681.66 0 0 0 681.66 0 0 0 681.66)
(681.507 0 0 0 681.507 0 0 0 681.507)
(681.334 0 0 0 681.334 0 0 0 681.334)
(681.138 0 0 0 681.138 0 0 0 681.138)
(680.908 0 0 0 680.908 0 0 0 680.908)
(680.629 0 0 0 680.629 0 0 0 680.629)
(680.282 0 0 0 680.282 0 0 0 680.282)
(679.86 0 0 0 679.86 0 0 0 679.86)
(679.417 0 0 0 679.417 0 0 0 679.417)
(679.134 0 0 0 679.134 0 0 0 679.134)
(679.561 0 0 0 679.561 0 0 0 679.561)
(682.03 0 0 0 682.03 0 0 0 682.03)
(688.909 0 0 0 688.909 0 0 0 688.909)
(693.418 0 0 0 693.418 0 0 0 693.418)
(678.082 0 0 0 678.082 0 0 0 678.082)
(677.554 0 0 0 677.554 0 0 0 677.554)
(677.527 0 0 0 677.527 0 0 0 677.527)
(677.491 0 0 0 677.491 0 0 0 677.491)
(677.446 0 0 0 677.446 0 0 0 677.446)
(677.39 0 0 0 677.39 0 0 0 677.39)
(677.324 0 0 0 677.324 0 0 0 677.324)
(677.243 0 0 0 677.243 0 0 0 677.243)
(677.147 0 0 0 677.147 0 0 0 677.147)
(677.033 0 0 0 677.033 0 0 0 677.033)
(676.903 0 0 0 676.903 0 0 0 676.903)
(676.76 0 0 0 676.76 0 0 0 676.76)
(676.611 0 0 0 676.611 0 0 0 676.611)
(676.464 0 0 0 676.464 0 0 0 676.464)
(676.327 0 0 0 676.327 0 0 0 676.327)
(676.2 0 0 0 676.2 0 0 0 676.2)
(676.071 0 0 0 676.071 0 0 0 676.071)
(675.925 0 0 0 675.925 0 0 0 675.925)
(675.753 0 0 0 675.753 0 0 0 675.753)
(675.615 0 0 0 675.615 0 0 0 675.615)
(675.704 0 0 0 675.704 0 0 0 675.704)
(676.603 0 0 0 676.603 0 0 0 676.603)
(679.7 0 0 0 679.7 0 0 0 679.7)
(687.42 0 0 0 687.42 0 0 0 687.42)
(692.933 0 0 0 692.933 0 0 0 692.933)
(683.379 0 0 0 683.379 0 0 0 683.379)
(682.92 0 0 0 682.92 0 0 0 682.92)
(682.935 0 0 0 682.935 0 0 0 682.935)
(682.94 0 0 0 682.94 0 0 0 682.94)
(682.933 0 0 0 682.933 0 0 0 682.933)
(682.913 0 0 0 682.913 0 0 0 682.913)
(682.878 0 0 0 682.878 0 0 0 682.878)
(682.827 0 0 0 682.827 0 0 0 682.827)
(682.758 0 0 0 682.758 0 0 0 682.758)
(682.669 0 0 0 682.669 0 0 0 682.669)
(682.557 0 0 0 682.557 0 0 0 682.557)
(682.423 0 0 0 682.423 0 0 0 682.423)
(682.264 0 0 0 682.264 0 0 0 682.264)
(682.081 0 0 0 682.081 0 0 0 682.081)
(681.868 0 0 0 681.868 0 0 0 681.868)
(681.615 0 0 0 681.615 0 0 0 681.615)
(681.303 0 0 0 681.303 0 0 0 681.303)
(680.916 0 0 0 680.916 0 0 0 680.916)
(680.444 0 0 0 680.444 0 0 0 680.444)
(679.942 0 0 0 679.942 0 0 0 679.942)
(679.586 0 0 0 679.586 0 0 0 679.586)
(679.923 0 0 0 679.923 0 0 0 679.923)
(682.277 0 0 0 682.277 0 0 0 682.277)
(689.021 0 0 0 689.021 0 0 0 689.021)
(693.435 0 0 0 693.435 0 0 0 693.435)
(679.098 0 0 0 679.098 0 0 0 679.098)
(678.591 0 0 0 678.591 0 0 0 678.591)
(678.574 0 0 0 678.574 0 0 0 678.574)
(678.548 0 0 0 678.548 0 0 0 678.548)
(678.513 0 0 0 678.513 0 0 0 678.513)
(678.468 0 0 0 678.468 0 0 0 678.468)
(678.41 0 0 0 678.41 0 0 0 678.41)
(678.338 0 0 0 678.338 0 0 0 678.338)
(678.249 0 0 0 678.249 0 0 0 678.249)
(678.143 0 0 0 678.143 0 0 0 678.143)
(678.019 0 0 0 678.019 0 0 0 678.019)
(677.88 0 0 0 677.88 0 0 0 677.88)
(677.732 0 0 0 677.732 0 0 0 677.732)
(677.581 0 0 0 677.581 0 0 0 677.581)
(677.432 0 0 0 677.432 0 0 0 677.432)
(677.284 0 0 0 677.284 0 0 0 677.284)
(677.122 0 0 0 677.122 0 0 0 677.122)
(676.931 0 0 0 676.931 0 0 0 676.931)
(676.704 0 0 0 676.704 0 0 0 676.704)
(676.498 0 0 0 676.498 0 0 0 676.498)
(676.503 0 0 0 676.503 0 0 0 676.503)
(677.295 0 0 0 677.295 0 0 0 677.295)
(680.25 0 0 0 680.25 0 0 0 680.25)
(687.779 0 0 0 687.779 0 0 0 687.779)
(693.054 0 0 0 693.054 0 0 0 693.054)
(679.098 0 0 0 679.098 0 0 0 679.098)
(678.591 0 0 0 678.591 0 0 0 678.591)
(678.574 0 0 0 678.574 0 0 0 678.574)
(678.548 0 0 0 678.548 0 0 0 678.548)
(678.513 0 0 0 678.513 0 0 0 678.513)
(678.468 0 0 0 678.468 0 0 0 678.468)
(678.41 0 0 0 678.41 0 0 0 678.41)
(678.338 0 0 0 678.338 0 0 0 678.338)
(678.249 0 0 0 678.249 0 0 0 678.249)
(678.143 0 0 0 678.143 0 0 0 678.143)
(678.019 0 0 0 678.019 0 0 0 678.019)
(677.88 0 0 0 677.88 0 0 0 677.88)
(677.732 0 0 0 677.732 0 0 0 677.732)
(677.581 0 0 0 677.581 0 0 0 677.581)
(677.432 0 0 0 677.432 0 0 0 677.432)
(677.284 0 0 0 677.284 0 0 0 677.284)
(677.122 0 0 0 677.122 0 0 0 677.122)
(676.931 0 0 0 676.931 0 0 0 676.931)
(676.704 0 0 0 676.704 0 0 0 676.704)
(676.498 0 0 0 676.498 0 0 0 676.498)
(676.503 0 0 0 676.503 0 0 0 676.503)
(677.295 0 0 0 677.295 0 0 0 677.295)
(680.25 0 0 0 680.25 0 0 0 680.25)
(687.779 0 0 0 687.779 0 0 0 687.779)
(693.054 0 0 0 693.054 0 0 0 693.054)
(683.379 0 0 0 683.379 0 0 0 683.379)
(682.92 0 0 0 682.92 0 0 0 682.92)
(682.935 0 0 0 682.935 0 0 0 682.935)
(682.94 0 0 0 682.94 0 0 0 682.94)
(682.933 0 0 0 682.933 0 0 0 682.933)
(682.912 0 0 0 682.912 0 0 0 682.912)
(682.878 0 0 0 682.878 0 0 0 682.878)
(682.827 0 0 0 682.827 0 0 0 682.827)
(682.758 0 0 0 682.758 0 0 0 682.758)
(682.668 0 0 0 682.668 0 0 0 682.668)
(682.557 0 0 0 682.557 0 0 0 682.557)
(682.422 0 0 0 682.422 0 0 0 682.422)
(682.264 0 0 0 682.264 0 0 0 682.264)
(682.081 0 0 0 682.081 0 0 0 682.081)
(681.868 0 0 0 681.868 0 0 0 681.868)
(681.614 0 0 0 681.614 0 0 0 681.614)
(681.303 0 0 0 681.303 0 0 0 681.303)
(680.915 0 0 0 680.915 0 0 0 680.915)
(680.444 0 0 0 680.444 0 0 0 680.444)
(679.941 0 0 0 679.941 0 0 0 679.941)
(679.585 0 0 0 679.585 0 0 0 679.585)
(679.921 0 0 0 679.921 0 0 0 679.921)
(682.276 0 0 0 682.276 0 0 0 682.276)
(689.02 0 0 0 689.02 0 0 0 689.02)
(693.434 0 0 0 693.434 0 0 0 693.434)
(678.082 0 0 0 678.082 0 0 0 678.082)
(677.554 0 0 0 677.554 0 0 0 677.554)
(677.527 0 0 0 677.527 0 0 0 677.527)
(677.491 0 0 0 677.491 0 0 0 677.491)
(677.446 0 0 0 677.446 0 0 0 677.446)
(677.39 0 0 0 677.39 0 0 0 677.39)
(677.324 0 0 0 677.324 0 0 0 677.324)
(677.243 0 0 0 677.243 0 0 0 677.243)
(677.147 0 0 0 677.147 0 0 0 677.147)
(677.033 0 0 0 677.033 0 0 0 677.033)
(676.903 0 0 0 676.903 0 0 0 676.903)
(676.76 0 0 0 676.76 0 0 0 676.76)
(676.611 0 0 0 676.611 0 0 0 676.611)
(676.464 0 0 0 676.464 0 0 0 676.464)
(676.327 0 0 0 676.327 0 0 0 676.327)
(676.2 0 0 0 676.2 0 0 0 676.2)
(676.071 0 0 0 676.071 0 0 0 676.071)
(675.925 0 0 0 675.925 0 0 0 675.925)
(675.753 0 0 0 675.753 0 0 0 675.753)
(675.615 0 0 0 675.615 0 0 0 675.615)
(675.704 0 0 0 675.704 0 0 0 675.704)
(676.603 0 0 0 676.603 0 0 0 676.603)
(679.7 0 0 0 679.7 0 0 0 679.7)
(687.42 0 0 0 687.42 0 0 0 687.42)
(692.933 0 0 0 692.933 0 0 0 692.933)
(682.621 0 0 0 682.621 0 0 0 682.621)
(682.165 0 0 0 682.165 0 0 0 682.165)
(682.177 0 0 0 682.177 0 0 0 682.177)
(682.179 0 0 0 682.179 0 0 0 682.179)
(682.169 0 0 0 682.169 0 0 0 682.169)
(682.147 0 0 0 682.147 0 0 0 682.147)
(682.111 0 0 0 682.111 0 0 0 682.111)
(682.06 0 0 0 682.06 0 0 0 682.06)
(681.99 0 0 0 681.99 0 0 0 681.99)
(681.901 0 0 0 681.901 0 0 0 681.901)
(681.791 0 0 0 681.791 0 0 0 681.791)
(681.66 0 0 0 681.66 0 0 0 681.66)
(681.507 0 0 0 681.507 0 0 0 681.507)
(681.334 0 0 0 681.334 0 0 0 681.334)
(681.138 0 0 0 681.138 0 0 0 681.138)
(680.908 0 0 0 680.908 0 0 0 680.908)
(680.629 0 0 0 680.629 0 0 0 680.629)
(680.282 0 0 0 680.282 0 0 0 680.282)
(679.86 0 0 0 679.86 0 0 0 679.86)
(679.417 0 0 0 679.417 0 0 0 679.417)
(679.134 0 0 0 679.134 0 0 0 679.134)
(679.561 0 0 0 679.561 0 0 0 679.561)
(682.03 0 0 0 682.03 0 0 0 682.03)
(688.91 0 0 0 688.91 0 0 0 688.91)
(693.418 0 0 0 693.418 0 0 0 693.418)
(679.098 0 0 0 679.098 0 0 0 679.098)
(678.591 0 0 0 678.591 0 0 0 678.591)
(678.574 0 0 0 678.574 0 0 0 678.574)
(678.548 0 0 0 678.548 0 0 0 678.548)
(678.513 0 0 0 678.513 0 0 0 678.513)
(678.468 0 0 0 678.468 0 0 0 678.468)
(678.41 0 0 0 678.41 0 0 0 678.41)
(678.338 0 0 0 678.338 0 0 0 678.338)
(678.249 0 0 0 678.249 0 0 0 678.249)
(678.143 0 0 0 678.143 0 0 0 678.143)
(678.019 0 0 0 678.019 0 0 0 678.019)
(677.88 0 0 0 677.88 0 0 0 677.88)
(677.732 0 0 0 677.732 0 0 0 677.732)
(677.581 0 0 0 677.581 0 0 0 677.581)
(677.432 0 0 0 677.432 0 0 0 677.432)
(677.284 0 0 0 677.284 0 0 0 677.284)
(677.122 0 0 0 677.122 0 0 0 677.122)
(676.931 0 0 0 676.931 0 0 0 676.931)
(676.704 0 0 0 676.704 0 0 0 676.704)
(676.497 0 0 0 676.497 0 0 0 676.497)
(676.503 0 0 0 676.503 0 0 0 676.503)
(677.295 0 0 0 677.295 0 0 0 677.295)
(680.25 0 0 0 680.25 0 0 0 680.25)
(687.779 0 0 0 687.779 0 0 0 687.779)
(693.054 0 0 0 693.054 0 0 0 693.054)
(683.379 0 0 0 683.379 0 0 0 683.379)
(682.92 0 0 0 682.92 0 0 0 682.92)
(682.935 0 0 0 682.935 0 0 0 682.935)
(682.94 0 0 0 682.94 0 0 0 682.94)
(682.933 0 0 0 682.933 0 0 0 682.933)
(682.913 0 0 0 682.913 0 0 0 682.913)
(682.878 0 0 0 682.878 0 0 0 682.878)
(682.827 0 0 0 682.827 0 0 0 682.827)
(682.758 0 0 0 682.758 0 0 0 682.758)
(682.669 0 0 0 682.669 0 0 0 682.669)
(682.557 0 0 0 682.557 0 0 0 682.557)
(682.423 0 0 0 682.423 0 0 0 682.423)
(682.264 0 0 0 682.264 0 0 0 682.264)
(682.081 0 0 0 682.081 0 0 0 682.081)
(681.868 0 0 0 681.868 0 0 0 681.868)
(681.615 0 0 0 681.615 0 0 0 681.615)
(681.303 0 0 0 681.303 0 0 0 681.303)
(680.916 0 0 0 680.916 0 0 0 680.916)
(680.444 0 0 0 680.444 0 0 0 680.444)
(679.942 0 0 0 679.942 0 0 0 679.942)
(679.586 0 0 0 679.586 0 0 0 679.586)
(679.922 0 0 0 679.922 0 0 0 679.922)
(682.277 0 0 0 682.277 0 0 0 682.277)
(689.021 0 0 0 689.021 0 0 0 689.021)
(693.435 0 0 0 693.435 0 0 0 693.435)
(683.379 0 0 0 683.379 0 0 0 683.379)
(682.92 0 0 0 682.92 0 0 0 682.92)
(682.935 0 0 0 682.935 0 0 0 682.935)
(682.94 0 0 0 682.94 0 0 0 682.94)
(682.933 0 0 0 682.933 0 0 0 682.933)
(682.912 0 0 0 682.912 0 0 0 682.912)
(682.878 0 0 0 682.878 0 0 0 682.878)
(682.827 0 0 0 682.827 0 0 0 682.827)
(682.758 0 0 0 682.758 0 0 0 682.758)
(682.669 0 0 0 682.669 0 0 0 682.669)
(682.557 0 0 0 682.557 0 0 0 682.557)
(682.422 0 0 0 682.422 0 0 0 682.422)
(682.264 0 0 0 682.264 0 0 0 682.264)
(682.081 0 0 0 682.081 0 0 0 682.081)
(681.868 0 0 0 681.868 0 0 0 681.868)
(681.614 0 0 0 681.614 0 0 0 681.614)
(681.303 0 0 0 681.303 0 0 0 681.303)
(680.915 0 0 0 680.915 0 0 0 680.915)
(680.444 0 0 0 680.444 0 0 0 680.444)
(679.941 0 0 0 679.941 0 0 0 679.941)
(679.585 0 0 0 679.585 0 0 0 679.585)
(679.921 0 0 0 679.921 0 0 0 679.921)
(682.276 0 0 0 682.276 0 0 0 682.276)
(689.02 0 0 0 689.02 0 0 0 689.02)
(693.434 0 0 0 693.434 0 0 0 693.434)
(679.098 0 0 0 679.098 0 0 0 679.098)
(678.591 0 0 0 678.591 0 0 0 678.591)
(678.574 0 0 0 678.574 0 0 0 678.574)
(678.548 0 0 0 678.548 0 0 0 678.548)
(678.513 0 0 0 678.513 0 0 0 678.513)
(678.468 0 0 0 678.468 0 0 0 678.468)
(678.41 0 0 0 678.41 0 0 0 678.41)
(678.338 0 0 0 678.338 0 0 0 678.338)
(678.249 0 0 0 678.249 0 0 0 678.249)
(678.143 0 0 0 678.143 0 0 0 678.143)
(678.019 0 0 0 678.019 0 0 0 678.019)
(677.88 0 0 0 677.88 0 0 0 677.88)
(677.732 0 0 0 677.732 0 0 0 677.732)
(677.581 0 0 0 677.581 0 0 0 677.581)
(677.433 0 0 0 677.433 0 0 0 677.433)
(677.284 0 0 0 677.284 0 0 0 677.284)
(677.122 0 0 0 677.122 0 0 0 677.122)
(676.931 0 0 0 676.931 0 0 0 676.931)
(676.704 0 0 0 676.704 0 0 0 676.704)
(676.498 0 0 0 676.498 0 0 0 676.498)
(676.503 0 0 0 676.503 0 0 0 676.503)
(677.295 0 0 0 677.295 0 0 0 677.295)
(680.251 0 0 0 680.251 0 0 0 680.251)
(687.779 0 0 0 687.779 0 0 0 687.779)
(693.054 0 0 0 693.054 0 0 0 693.054)
)
;

boundaryField
{
    outletCentralUnloaded
    {
        type            zeroGradient;
    }
    inletCentralUnloaded
    {
        type            zeroGradient;
    }
    outletFuelElement
    {
        type            zeroGradient;
    }
    inletFuelElement
    {
        type            zeroGradient;
    }
    defaultFaces
    {
        type            zeroGradient;
    }
    baffle_master
    {
        type            zeroGradient;
    }
    baffle_slave
    {
        type            zeroGradient;
    }
}


// ************************************************************************* //
