/*--------------------------------*- C++ -*----------------------------------*\
| =========                 |                                                 |
| \\      /  F ield         | OpenFOAM: The Open Source CFD Toolbox           |
|  \\    /   O peration     | Version:  2212                                  |
|   \\  /    A nd           | Website:  www.openfoam.com                      |
|    \\/     M anipulation  |                                                 |
\*---------------------------------------------------------------------------*/
FoamFile
{
    version     2.0;
    format      ascii;
    arch        "LSB;label=32;scalar=64";
    class       volScalarField;
    location    "55/fluidRegion";
    object      T;
}
// * * * * * * * * * * * * * * * * * * * * * * * * * * * * * * * * * * * * * //

dimensions      [0 0 0 1 0 0 0];

internalField   nonuniform List<scalar> 
350
(
83.2889
83.2894
83.2898
83.2903
83.2908
83.2913
83.2918
83.2923
83.2928
83.2932
83.2937
83.2941
83.2946
83.2951
83.2955
83.296
83.2965
83.297
83.2975
83.2979
83.2983
83.2987
83.299
83.2995
83.2999
83.2889
83.2894
83.2898
83.2903
83.2908
83.2913
83.2918
83.2923
83.2928
83.2932
83.2937
83.2941
83.2946
83.2951
83.2955
83.296
83.2965
83.297
83.2975
83.2979
83.2983
83.2987
83.299
83.2995
83.2999
1823.01
1816.87
1798.32
1767.58
1725
1671.07
1606.41
1531.77
1448.03
1356.19
1257.42
1153.02
1044.53
933.696
822.471
712.956
607.258
507.339
414.91
331.408
258.092
196.147
146.796
111.208
90.0869
1851.24
1845.32
1826.77
1795.81
1752.79
1698.22
1632.71
1557.03
1472.07
1378.84
1278.5
1172.4
1062.05
949.238
835.953
724.35
616.603
514.747
420.553
335.499
260.868
197.856
147.699
111.572
90.1642
1818.42
1812.27
1793.74
1763.05
1720.56
1666.75
1602.24
1527.78
1444.25
1352.65
1254.13
1150.02
1041.83
931.312
820.415
711.229
605.85
506.23
414.072
330.806
257.687
195.9
146.666
111.155
90.0745
1844.9
1838.91
1820.34
1789.42
1746.49
1692.05
1626.73
1551.27
1466.58
1373.66
1273.67
1167.95
1058.02
945.66
832.845
721.72
614.443
513.033
419.246
334.551
260.224
197.459
147.489
111.487
90.1464
1844.9
1838.91
1820.34
1789.42
1746.49
1692.05
1626.73
1551.27
1466.58
1373.66
1273.67
1167.95
1058.02
945.66
832.845
721.72
614.443
513.033
419.246
334.551
260.224
197.459
147.489
111.487
90.1464
1818.42
1812.27
1793.74
1763.05
1720.56
1666.75
1602.24
1527.78
1444.25
1352.65
1254.13
1150.02
1041.83
931.313
820.416
711.23
605.851
506.231
414.072
330.806
257.688
195.9
146.666
111.155
90.0745
1851.24
1845.32
1826.77
1795.81
1752.79
1698.22
1632.71
1557.03
1472.07
1378.84
1278.5
1172.4
1062.05
949.238
835.953
724.35
616.603
514.747
420.553
335.499
260.868
197.856
147.699
111.572
90.1642
1823.01
1816.87
1798.32
1767.58
1725
1671.07
1606.41
1531.77
1448.03
1356.19
1257.42
1153.02
1044.53
933.696
822.471
712.956
607.258
507.339
414.91
331.408
258.092
196.147
146.796
111.208
90.0869
1844.9
1838.91
1820.34
1789.42
1746.49
1692.05
1626.73
1551.27
1466.58
1373.66
1273.67
1167.95
1058.02
945.66
832.845
721.72
614.443
513.034
419.246
334.551
260.224
197.459
147.489
111.487
90.1464
1818.42
1812.27
1793.74
1763.05
1720.56
1666.75
1602.24
1527.78
1444.25
1352.65
1254.13
1150.02
1041.83
931.312
820.415
711.229
605.85
506.23
414.072
330.806
257.687
195.9
146.666
111.155
90.0745
1818.42
1812.27
1793.74
1763.05
1720.56
1666.75
1602.24
1527.78
1444.25
1352.65
1254.13
1150.02
1041.83
931.313
820.416
711.23
605.851
506.231
414.072
330.806
257.688
195.9
146.666
111.155
90.0745
1844.9
1838.91
1820.34
1789.42
1746.49
1692.05
1626.73
1551.27
1466.58
1373.66
1273.67
1167.95
1058.02
945.66
832.845
721.72
614.443
513.033
419.246
334.551
260.224
197.459
147.489
111.487
90.1464
)
;

boundaryField
{
    outletCentralUnloaded
    {
        type            zeroGradient;
    }
    inletCentralUnloaded
    {
        type            fixedValue;
        value           uniform 83.3;
    }
    outletFuelElement
    {
        type            zeroGradient;
    }
    inletFuelElement
    {
        type            fixedValue;
        value           uniform 83.3;
    }
    defaultFaces
    {
        type            zeroGradient;
    }
    baffle_master
    {
        type            zeroGradient;
    }
    baffle_slave
    {
        type            zeroGradient;
    }
}


// ************************************************************************* //
