/*--------------------------------*- C++ -*----------------------------------*\
| =========                 |                                                 |
| \\      /  F ield         | OpenFOAM: The Open Source CFD Toolbox           |
|  \\    /   O peration     | Version:  2212                                  |
|   \\  /    A nd           | Website:  www.openfoam.com                      |
|    \\/     M anipulation  |                                                 |
\*---------------------------------------------------------------------------*/
FoamFile
{
    version     2.0;
    format      ascii;
    arch        "LSB;label=32;scalar=64";
    class       volScalarField;
    location    "98/fluidRegion";
    object      nut;
}
// * * * * * * * * * * * * * * * * * * * * * * * * * * * * * * * * * * * * * //

dimensions      [0 2 -1 0 0 0 0];

internalField   nonuniform List<scalar> 
350
(
0.00053762
0.000537569
0.000537518
0.000537468
0.000537419
0.000537371
0.000537325
0.00053728
0.000537237
0.000537196
0.000537157
0.000537119
0.000537085
0.000537055
0.000537032
0.000537016
0.00053701
0.000537015
0.000537037
0.000537089
0.000537188
0.000537363
0.000537656
0.00053813
0.000539503
0.00053762
0.000537569
0.000537518
0.000537468
0.000537419
0.000537371
0.000537325
0.00053728
0.000537237
0.000537196
0.000537157
0.000537119
0.000537085
0.000537055
0.000537032
0.000537016
0.00053701
0.000537015
0.000537037
0.000537089
0.000537188
0.000537363
0.000537656
0.00053813
0.000539503
0.010423
0.0102035
0.00993172
0.0096041
0.00922554
0.00880123
0.00833651
0.00783686
0.00730794
0.00675561
0.00618601
0.00560573
0.0050219
0.00444227
0.00387511
0.00332891
0.00281184
0.00233127
0.00189344
0.00150357
0.00116625
0.000885944
0.000666915
0.00051177
0.000416363
0.0104904
0.0102698
0.00999703
0.00966794
0.00928749
0.0088609
0.00839353
0.0078909
0.00735868
0.00680276
0.0062293
0.00564492
0.00505679
0.00447272
0.00390109
0.00335048
0.00282921
0.00234475
0.00190345
0.00151057
0.00117076
0.000888504
0.000668103
0.000512151
0.00041643
0.0104121
0.0101926
0.00992105
0.0095937
0.00921549
0.00879158
0.00832731
0.00782818
0.00729981
0.00674808
0.00617912
0.0055995
0.00501637
0.00443745
0.003871
0.00332549
0.00280908
0.00232911
0.00189182
0.00150241
0.00116547
0.000885454
0.000666632
0.000511621
0.000416314
0.0104755
0.0102551
0.00998253
0.00965373
0.00927368
0.00884757
0.00838076
0.00787878
0.00734728
0.00679214
0.00621953
0.00563606
0.00504888
0.00446581
0.00389519
0.00334557
0.00282525
0.00234168
0.00190117
0.00150897
0.00116974
0.000887928
0.000667842
0.000512075
0.000416421
0.0104755
0.0102551
0.00998253
0.00965373
0.00927368
0.00884757
0.00838076
0.00787878
0.00734728
0.00679214
0.00621953
0.00563606
0.00504888
0.00446581
0.00389519
0.00334557
0.00282525
0.00234168
0.00190117
0.00150897
0.00116974
0.000887928
0.000667842
0.000512075
0.000416421
0.0104121
0.0101926
0.00992106
0.0095937
0.00921549
0.00879158
0.00832732
0.00782818
0.00729982
0.00674808
0.00617912
0.00559951
0.00501637
0.00443745
0.00387101
0.0033255
0.00280908
0.00232911
0.00189182
0.00150241
0.00116547
0.000885453
0.000666632
0.00051162
0.000416313
0.0104904
0.0102698
0.00999703
0.00966794
0.00928749
0.0088609
0.00839353
0.0078909
0.00735868
0.00680276
0.0062293
0.00564492
0.00505679
0.00447272
0.00390109
0.00335048
0.00282921
0.00234475
0.00190345
0.00151057
0.00117076
0.000888504
0.000668104
0.000512151
0.00041643
0.010423
0.0102035
0.00993172
0.0096041
0.00922554
0.00880123
0.00833651
0.00783686
0.00730794
0.00675561
0.00618601
0.00560573
0.0050219
0.00444227
0.00387511
0.00332891
0.00281184
0.00233127
0.00189344
0.00150357
0.00116625
0.000885945
0.000666916
0.000511771
0.000416364
0.0104755
0.0102551
0.00998253
0.00965373
0.00927368
0.00884757
0.00838076
0.00787878
0.00734728
0.00679214
0.00621953
0.00563606
0.00504888
0.00446581
0.00389519
0.00334557
0.00282525
0.00234168
0.00190117
0.00150897
0.00116974
0.000887928
0.000667842
0.000512076
0.000416421
0.0104121
0.0101926
0.00992105
0.0095937
0.00921549
0.00879158
0.00832732
0.00782818
0.00729981
0.00674808
0.00617912
0.0055995
0.00501637
0.00443745
0.003871
0.00332549
0.00280908
0.00232911
0.00189182
0.00150241
0.00116547
0.000885452
0.000666631
0.00051162
0.000416313
0.0104122
0.0101926
0.00992106
0.00959371
0.00921549
0.00879158
0.00832732
0.00782818
0.00729982
0.00674808
0.00617912
0.00559951
0.00501637
0.00443745
0.00387101
0.0033255
0.00280908
0.00232911
0.00189182
0.00150241
0.00116547
0.000885453
0.000666632
0.00051162
0.000416313
0.0104755
0.0102551
0.00998254
0.00965373
0.00927368
0.00884757
0.00838076
0.00787878
0.00734728
0.00679214
0.00621953
0.00563606
0.00504888
0.00446581
0.00389519
0.00334557
0.00282525
0.00234168
0.00190117
0.00150898
0.00116974
0.000887929
0.000667843
0.000512077
0.000416422
)
;

boundaryField
{
    outletCentralUnloaded
    {
        type            zeroGradient;
    }
    inletCentralUnloaded
    {
        type            zeroGradient;
    }
    outletFuelElement
    {
        type            zeroGradient;
    }
    inletFuelElement
    {
        type            zeroGradient;
    }
    defaultFaces
    {
        type            zeroGradient;
    }
    baffle_master
    {
        type            calculated;
        value           nonuniform List<scalar> 
150
(
0.00053762
0.00053762
0.00053762
0.000537569
0.000537569
0.000537569
0.000537518
0.000537518
0.000537518
0.000537468
0.000537468
0.000537468
0.000537419
0.000537419
0.000537419
0.000537371
0.000537371
0.000537371
0.000537325
0.000537325
0.000537325
0.00053728
0.00053728
0.00053728
0.000537237
0.000537237
0.000537237
0.000537196
0.000537196
0.000537196
0.000537157
0.000537157
0.000537157
0.000537119
0.000537119
0.000537119
0.000537085
0.000537085
0.000537085
0.000537055
0.000537055
0.000537055
0.000537032
0.000537032
0.000537032
0.000537016
0.000537016
0.000537016
0.00053701
0.00053701
0.00053701
0.000537015
0.000537015
0.000537015
0.000537037
0.000537037
0.000537037
0.000537089
0.000537089
0.000537089
0.000537188
0.000537188
0.000537188
0.000537363
0.000537363
0.000537363
0.000537656
0.000537656
0.000537656
0.00053813
0.00053813
0.00053813
0.000539503
0.000539503
0.000539503
0.00053762
0.00053762
0.00053762
0.000537569
0.000537569
0.000537569
0.000537518
0.000537518
0.000537518
0.000537468
0.000537468
0.000537468
0.000537419
0.000537419
0.000537419
0.000537371
0.000537371
0.000537371
0.000537325
0.000537325
0.000537325
0.00053728
0.00053728
0.00053728
0.000537237
0.000537237
0.000537237
0.000537196
0.000537196
0.000537196
0.000537157
0.000537157
0.000537157
0.000537119
0.000537119
0.000537119
0.000537085
0.000537085
0.000537085
0.000537055
0.000537055
0.000537055
0.000537032
0.000537032
0.000537032
0.000537016
0.000537016
0.000537016
0.00053701
0.00053701
0.00053701
0.000537015
0.000537015
0.000537015
0.000537037
0.000537037
0.000537037
0.000537089
0.000537089
0.000537089
0.000537188
0.000537188
0.000537188
0.000537363
0.000537363
0.000537363
0.000537656
0.000537656
0.000537656
0.00053813
0.00053813
0.00053813
0.000539503
0.000539503
0.000539503
)
;
    }
    baffle_slave
    {
        type            calculated;
        value           nonuniform List<scalar> 
150
(
0.0104904
0.0104755
0.0104755
0.0102698
0.0102551
0.0102551
0.00999703
0.00998253
0.00998254
0.00966794
0.00965373
0.00965373
0.00928749
0.00927368
0.00927368
0.0088609
0.00884757
0.00884757
0.00839353
0.00838076
0.00838076
0.0078909
0.00787878
0.00787878
0.00735868
0.00734728
0.00734728
0.00680276
0.00679214
0.00679214
0.0062293
0.00621953
0.00621953
0.00564492
0.00563606
0.00563606
0.00505679
0.00504888
0.00504888
0.00447272
0.00446581
0.00446581
0.00390109
0.00389519
0.00389519
0.00335048
0.00334557
0.00334557
0.00282921
0.00282525
0.00282525
0.00234475
0.00234168
0.00234168
0.00190345
0.00190117
0.00190117
0.00151057
0.00150897
0.00150898
0.00117076
0.00116974
0.00116974
0.000888504
0.000887928
0.000887929
0.000668103
0.000667842
0.000667843
0.000512151
0.000512075
0.000512077
0.00041643
0.000416421
0.000416422
0.0104755
0.0104904
0.0104755
0.0102551
0.0102698
0.0102551
0.00998253
0.00999703
0.00998253
0.00965373
0.00966794
0.00965373
0.00927368
0.00928749
0.00927368
0.00884757
0.0088609
0.00884757
0.00838076
0.00839353
0.00838076
0.00787878
0.0078909
0.00787878
0.00734728
0.00735868
0.00734728
0.00679214
0.00680276
0.00679214
0.00621953
0.0062293
0.00621953
0.00563606
0.00564492
0.00563606
0.00504888
0.00505679
0.00504888
0.00446581
0.00447272
0.00446581
0.00389519
0.00390109
0.00389519
0.00334557
0.00335048
0.00334557
0.00282525
0.00282921
0.00282525
0.00234168
0.00234475
0.00234168
0.00190117
0.00190345
0.00190117
0.00150897
0.00151057
0.00150897
0.00116974
0.00117076
0.00116974
0.000887928
0.000888504
0.000887928
0.000667842
0.000668104
0.000667842
0.000512075
0.000512151
0.000512076
0.000416421
0.00041643
0.000416421
)
;
    }
}


// ************************************************************************* //
