/*--------------------------------*- C++ -*----------------------------------*\
| =========                 |                                                 |
| \\      /  F ield         | OpenFOAM: The Open Source CFD Toolbox           |
|  \\    /   O peration     | Version:  2212                                  |
|   \\  /    A nd           | Website:  www.openfoam.com                      |
|    \\/     M anipulation  |                                                 |
\*---------------------------------------------------------------------------*/
FoamFile
{
    version     2.0;
    format      ascii;
    arch        "LSB;label=32;scalar=64";
    class       volScalarField;
    location    "17/neutroRegion";
    object      TClad;
}
// * * * * * * * * * * * * * * * * * * * * * * * * * * * * * * * * * * * * * //

dimensions      [0 0 0 1 0 0 0];

internalField   nonuniform List<scalar> 
350
(
0
0
0
0
0
0
0
0
0
0
0
0
0
0
0
0
0
0
0
0
0
0
0
0
0
0
0
0
0
0
0
0
0
0
0
0
0
0
0
0
0
0
0
0
0
0
0
0
0
0
1405.71
1447.61
1478.58
1498.59
1507.72
1506.18
1494.3
1472.54
1441.48
1401.83
1354.41
1300.14
1240.06
1175.26
1106.88
1035.98
963.472
889.902
815.236
738.514
657.379
567.679
463.654
340.375
200.481
1424.82
1467.42
1498.93
1519.29
1528.58
1527.01
1514.93
1492.8
1461.2
1420.84
1372.57
1317.32
1256.14
1190.15
1120.5
1048.31
974.509
899.686
823.832
745.996
663.795
573.007
467.746
342.966
201.361
1402.58
1444.38
1475.28
1495.24
1504.36
1502.83
1491
1469.31
1438.35
1398.82
1351.54
1297.44
1237.54
1172.94
1104.76
1034.07
961.762
888.39
813.911
737.366
656.4
566.873
463.041
339.989
200.347
1420.52
1462.96
1494.33
1514.6
1523.84
1522.27
1510.23
1488.17
1456.69
1416.49
1368.4
1313.37
1252.44
1186.72
1117.36
1045.47
971.963
897.428
821.847
744.268
662.313
571.775
466.799
342.366
201.157
1420.52
1462.96
1494.33
1514.6
1523.84
1522.27
1510.23
1488.17
1456.69
1416.49
1368.4
1313.37
1252.44
1186.72
1117.36
1045.47
971.963
897.427
821.847
744.268
662.313
571.775
466.799
342.366
201.157
1402.58
1444.38
1475.28
1495.24
1504.36
1502.83
1491
1469.31
1438.35
1398.82
1351.54
1297.44
1237.54
1172.94
1104.76
1034.07
961.762
888.39
813.912
737.367
656.4
566.873
463.041
339.989
200.347
1424.82
1467.42
1498.93
1519.29
1528.58
1527.01
1514.93
1492.8
1461.2
1420.84
1372.57
1317.32
1256.14
1190.15
1120.5
1048.31
974.509
899.686
823.832
745.996
663.795
573.007
467.746
342.966
201.361
1405.71
1447.61
1478.58
1498.59
1507.72
1506.18
1494.3
1472.54
1441.48
1401.83
1354.41
1300.14
1240.06
1175.26
1106.88
1035.98
963.472
889.902
815.236
738.514
657.379
567.679
463.654
340.375
200.481
1420.52
1462.96
1494.33
1514.6
1523.84
1522.27
1510.23
1488.17
1456.69
1416.49
1368.4
1313.37
1252.44
1186.72
1117.36
1045.47
971.963
897.427
821.847
744.268
662.313
571.775
466.799
342.366
201.157
1402.58
1444.38
1475.28
1495.24
1504.36
1502.83
1491
1469.31
1438.35
1398.82
1351.54
1297.44
1237.54
1172.94
1104.76
1034.07
961.761
888.39
813.911
737.366
656.4
566.873
463.041
339.989
200.347
1402.58
1444.38
1475.28
1495.24
1504.36
1502.83
1491
1469.31
1438.35
1398.82
1351.54
1297.44
1237.54
1172.94
1104.76
1034.07
961.762
888.39
813.912
737.367
656.4
566.873
463.041
339.989
200.347
1420.52
1462.96
1494.33
1514.6
1523.84
1522.27
1510.23
1488.17
1456.69
1416.49
1368.4
1313.37
1252.44
1186.72
1117.36
1045.47
971.963
897.427
821.847
744.268
662.313
571.775
466.799
342.366
201.157
)
;

boundaryField
{
    outletCentralUnloaded
    {
        type            zeroGradient;
    }
    inletCentralUnloaded
    {
        type            zeroGradient;
    }
    outletFuelElement
    {
        type            zeroGradient;
    }
    inletFuelElement
    {
        type            zeroGradient;
    }
    defaultFaces
    {
        type            zeroGradient;
    }
}


// ************************************************************************* //
