/*--------------------------------*- C++ -*----------------------------------*\
| =========                 |                                                 |
| \\      /  F ield         | OpenFOAM: The Open Source CFD Toolbox           |
|  \\    /   O peration     | Version:  2212                                  |
|   \\  /    A nd           | Website:  www.openfoam.com                      |
|    \\/     M anipulation  |                                                 |
\*---------------------------------------------------------------------------*/
FoamFile
{
    version     2.0;
    format      ascii;
    arch        "LSB;label=32;scalar=64";
    class       volScalarField;
    location    "17/neutroRegion";
    object      TCool;
}
// * * * * * * * * * * * * * * * * * * * * * * * * * * * * * * * * * * * * * //

dimensions      [0 0 0 1 0 0 0];

internalField   nonuniform List<scalar> 
350
(
83.2882
83.2887
83.2892
83.2897
83.2902
83.2907
83.2912
83.2917
83.2922
83.2927
83.2932
83.2937
83.2942
83.2947
83.2952
83.2957
83.2962
83.2967
83.2972
83.2977
83.2982
83.2987
83.2992
83.2996
83.3
83.2882
83.2887
83.2892
83.2897
83.2902
83.2907
83.2912
83.2917
83.2922
83.2927
83.2932
83.2937
83.2942
83.2947
83.2952
83.2957
83.2962
83.2967
83.2972
83.2977
83.2982
83.2987
83.2992
83.2996
83.3
1414.41
1416.8
1408.71
1390.29
1361.8
1323.62
1276.25
1220.31
1156.58
1085.93
1009.41
928.21
843.677
757.29
670.618
585.255
502.741
424.501
351.822
285.856
227.664
178.265
138.605
109.423
91.0243
1433.92
1436.66
1428.75
1410.33
1381.66
1343.13
1295.23
1238.61
1174.02
1102.36
1024.69
942.204
856.277
768.415
680.226
593.348
509.368
429.753
355.822
288.754
229.627
179.471
139.243
109.682
91.0802
1411.21
1413.56
1405.45
1387.05
1358.6
1320.48
1273.21
1217.4
1153.81
1083.33
1007.01
926.018
841.712
755.564
669.135
584.012
501.728
423.704
351.218
285.421
227.372
178.087
138.511
109.385
91.0153
1429.53
1432.19
1424.22
1405.79
1377.16
1338.7
1290.91
1234.44
1170.04
1098.61
1021.19
938.996
853.383
765.857
678.014
591.483
507.839
428.541
354.898
288.084
229.173
179.192
139.095
109.623
91.0673
1429.53
1432.19
1424.22
1405.79
1377.16
1338.7
1290.91
1234.44
1170.04
1098.61
1021.19
938.996
853.383
765.857
678.014
591.483
507.839
428.541
354.898
288.084
229.173
179.192
139.095
109.623
91.0673
1411.21
1413.56
1405.46
1387.05
1358.6
1320.48
1273.21
1217.4
1153.81
1083.34
1007.01
926.019
841.713
755.564
669.136
584.013
501.729
423.704
351.218
285.421
227.372
178.087
138.511
109.385
91.0153
1433.92
1436.66
1428.75
1410.33
1381.66
1343.13
1295.23
1238.61
1174.02
1102.36
1024.69
942.204
856.277
768.415
680.226
593.348
509.368
429.753
355.822
288.754
229.627
179.471
139.243
109.682
91.0802
1414.41
1416.8
1408.71
1390.29
1361.8
1323.62
1276.25
1220.31
1156.58
1085.93
1009.41
928.21
843.677
757.29
670.618
585.255
502.741
424.501
351.822
285.856
227.664
178.265
138.605
109.423
91.0243
1429.53
1432.19
1424.22
1405.79
1377.16
1338.7
1290.91
1234.44
1170.04
1098.61
1021.19
938.996
853.383
765.857
678.014
591.483
507.839
428.541
354.898
288.084
229.173
179.192
139.095
109.623
91.0673
1411.21
1413.56
1405.45
1387.05
1358.6
1320.48
1273.21
1217.4
1153.81
1083.33
1007.01
926.018
841.712
755.564
669.135
584.012
501.728
423.704
351.218
285.421
227.372
178.087
138.511
109.385
91.0153
1411.21
1413.56
1405.46
1387.05
1358.6
1320.48
1273.21
1217.4
1153.81
1083.34
1007.01
926.019
841.713
755.564
669.136
584.013
501.729
423.704
351.218
285.421
227.372
178.087
138.511
109.385
91.0153
1429.53
1432.19
1424.22
1405.79
1377.16
1338.7
1290.91
1234.44
1170.04
1098.61
1021.19
938.996
853.383
765.857
678.014
591.483
507.839
428.541
354.898
288.084
229.173
179.192
139.095
109.623
91.0673
)
;

boundaryField
{
    outletCentralUnloaded
    {
        type            zeroGradient;
    }
    inletCentralUnloaded
    {
        type            zeroGradient;
    }
    outletFuelElement
    {
        type            zeroGradient;
    }
    inletFuelElement
    {
        type            zeroGradient;
    }
    defaultFaces
    {
        type            zeroGradient;
    }
}


// ************************************************************************* //
