/*--------------------------------*- C++ -*----------------------------------*\
| =========                 |                                                 |
| \\      /  F ield         | OpenFOAM: The Open Source CFD Toolbox           |
|  \\    /   O peration     | Version:  2212                                  |
|   \\  /    A nd           | Website:  www.openfoam.com                      |
|    \\/     M anipulation  |                                                 |
\*---------------------------------------------------------------------------*/
FoamFile
{
    version     2.0;
    format      ascii;
    arch        "LSB;label=32;scalar=64";
    class       volScalarField;
    location    "75/neutroRegion";
    object      TCool;
}
// * * * * * * * * * * * * * * * * * * * * * * * * * * * * * * * * * * * * * //

dimensions      [0 0 0 1 0 0 0];

internalField   nonuniform List<scalar> 
350
(
83.289
83.2895
83.29
83.2905
83.291
83.2915
83.292
83.2924
83.2929
83.2933
83.2937
83.2941
83.2945
83.295
83.2955
83.296
83.2965
83.297
83.2974
83.2977
83.2981
83.2986
83.2991
83.2996
83.3001
83.289
83.2895
83.29
83.2905
83.291
83.2915
83.292
83.2924
83.2929
83.2933
83.2937
83.2941
83.2945
83.295
83.2955
83.296
83.2965
83.297
83.2974
83.2977
83.2981
83.2986
83.2991
83.2996
83.3001
1823.64
1817.46
1798.87
1768.09
1725.47
1671.51
1606.81
1532.14
1448.36
1356.5
1257.69
1153.26
1044.74
933.88
822.629
713.088
607.365
507.425
414.976
331.46
258.124
196.164
146.806
111.212
90.0854
1851.9
1845.93
1827.34
1796.34
1753.28
1698.67
1633.13
1557.42
1472.42
1379.15
1278.79
1172.65
1062.27
949.429
836.117
724.487
616.715
514.836
420.622
335.553
260.901
197.874
147.709
111.576
90.1628
1819.05
1812.85
1794.28
1763.56
1721.03
1667.18
1602.64
1528.15
1444.58
1352.95
1254.4
1150.26
1042.04
931.496
820.572
711.36
605.957
506.316
414.138
330.858
257.719
195.917
146.675
111.159
90.0731
1845.54
1839.51
1820.91
1789.94
1746.98
1692.5
1627.14
1551.65
1466.92
1373.97
1273.95
1168.2
1058.24
945.85
833.007
721.855
614.554
513.122
419.315
334.605
260.257
197.477
147.499
111.492
90.1451
1845.54
1839.51
1820.91
1789.94
1746.98
1692.5
1627.14
1551.65
1466.92
1373.97
1273.95
1168.2
1058.24
945.85
833.007
721.855
614.554
513.122
419.315
334.605
260.257
197.477
147.499
111.492
90.1451
1819.05
1812.86
1794.29
1763.56
1721.03
1667.19
1602.64
1528.15
1444.59
1352.95
1254.4
1150.26
1042.04
931.497
820.573
711.361
605.958
506.317
414.139
330.858
257.72
195.917
146.676
111.159
90.0731
1851.9
1845.93
1827.34
1796.34
1753.28
1698.67
1633.13
1557.42
1472.42
1379.15
1278.79
1172.65
1062.27
949.429
836.117
724.487
616.715
514.837
420.622
335.553
260.901
197.874
147.709
111.576
90.1628
1823.64
1817.46
1798.87
1768.09
1725.47
1671.51
1606.81
1532.14
1448.36
1356.5
1257.69
1153.26
1044.74
933.88
822.629
713.088
607.365
507.425
414.976
331.46
258.124
196.164
146.806
111.212
90.0854
1845.54
1839.51
1820.91
1789.94
1746.98
1692.5
1627.14
1551.65
1466.92
1373.97
1273.95
1168.2
1058.24
945.85
833.007
721.855
614.554
513.122
419.315
334.605
260.257
197.477
147.499
111.492
90.1451
1819.05
1812.85
1794.28
1763.56
1721.03
1667.18
1602.64
1528.15
1444.58
1352.95
1254.4
1150.26
1042.04
931.496
820.572
711.36
605.957
506.316
414.138
330.858
257.719
195.917
146.676
111.159
90.0731
1819.05
1812.86
1794.29
1763.56
1721.03
1667.19
1602.64
1528.15
1444.59
1352.95
1254.4
1150.26
1042.04
931.497
820.573
711.361
605.958
506.317
414.139
330.858
257.72
195.917
146.676
111.159
90.0731
1845.54
1839.51
1820.91
1789.94
1746.98
1692.5
1627.14
1551.65
1466.92
1373.97
1273.95
1168.2
1058.24
945.849
833.007
721.855
614.554
513.122
419.315
334.605
260.257
197.477
147.499
111.492
90.1451
)
;

boundaryField
{
    outletCentralUnloaded
    {
        type            zeroGradient;
    }
    inletCentralUnloaded
    {
        type            zeroGradient;
    }
    outletFuelElement
    {
        type            zeroGradient;
    }
    inletFuelElement
    {
        type            zeroGradient;
    }
    defaultFaces
    {
        type            zeroGradient;
    }
}


// ************************************************************************* //
