/*--------------------------------*- C++ -*----------------------------------*\
| =========                 |                                                 |
| \\      /  F ield         | OpenFOAM: The Open Source CFD Toolbox           |
|  \\    /   O peration     | Version:  2212                                  |
|   \\  /    A nd           | Website:  www.openfoam.com                      |
|    \\/     M anipulation  |                                                 |
\*---------------------------------------------------------------------------*/
FoamFile
{
    version     2.0;
    format      ascii;
    arch        "LSB;label=32;scalar=64";
    class       volScalarField;
    location    "75/neutroRegion";
    object      TFuel;
}
// * * * * * * * * * * * * * * * * * * * * * * * * * * * * * * * * * * * * * //

dimensions      [0 0 0 1 0 0 0];

internalField   nonuniform List<scalar> 
350
(
0
0
0
0
0
0
0
0
0
0
0
0
0
0
0
0
0
0
0
0
0
0
0
0
0
0
0
0
0
0
0
0
0
0
0
0
0
0
0
0
0
0
0
0
0
0
0
0
0
0
2223.2
3010.23
3766.56
4480.65
5141.55
5739.11
6264.11
6708.44
7065.24
7328.96
7495.52
7562.33
7528.39
7394.29
7162.21
6835.84
6420.26
5921.6
5346.61
4702.15
3993.8
3225.06
2395.61
1504.36
564.39
2255.97
3052.2
3817.29
4539.58
5207.99
5812.25
6343.04
6792.18
7152.69
7419
7586.97
7653.99
7619.05
7482.75
7247.29
6916.45
6495.36
5990.29
5408.11
4755.82
4039.09
3261.44
2422.46
1520.88
569.938
2217.89
3003.48
3758.43
4471.23
5130.96
5727.46
6251.56
6695.14
7051.36
7314.69
7481.03
7547.81
7514.04
7380.29
7148.75
6823.1
6408.39
5910.74
5336.89
4693.67
3986.66
3219.34
2391.4
1501.77
563.516
2248.58
3042.68
3805.74
4526.12
5192.79
5795.49
6324.94
6772.95
7132.6
7398.3
7565.94
7632.9
7598.18
7462.38
7227.7
6897.88
6478.06
5974.46
5393.94
4743.45
4028.65
3253.06
2416.27
1517.07
568.659
2248.58
3042.68
3805.74
4526.12
5192.79
5795.49
6324.94
6772.95
7132.6
7398.3
7565.94
7632.9
7598.18
7462.38
7227.7
6897.88
6478.06
5974.46
5393.94
4743.45
4028.65
3253.06
2416.27
1517.07
568.659
2217.89
3003.48
3758.43
4471.23
5130.96
5727.46
6251.56
6695.15
7051.36
7314.69
7481.03
7547.81
7514.04
7380.29
7148.75
6823.1
6408.39
5910.74
5336.89
4693.67
3986.66
3219.34
2391.4
1501.77
563.516
2255.97
3052.2
3817.3
4539.58
5207.99
5812.25
6343.04
6792.18
7152.69
7419
7586.97
7653.99
7619.05
7482.74
7247.29
6916.45
6495.36
5990.29
5408.11
4755.82
4039.09
3261.44
2422.46
1520.88
569.938
2223.2
3010.23
3766.56
4480.65
5141.55
5739.1
6264.11
6708.44
7065.24
7328.96
7495.52
7562.33
7528.39
7394.29
7162.2
6835.84
6420.26
5921.6
5346.61
4702.15
3993.8
3225.06
2395.61
1504.36
564.391
2248.58
3042.68
3805.74
4526.12
5192.79
5795.49
6324.94
6772.95
7132.6
7398.3
7565.94
7632.9
7598.18
7462.38
7227.7
6897.88
6478.06
5974.46
5393.94
4743.45
4028.65
3253.06
2416.27
1517.07
568.659
2217.89
3003.48
3758.43
4471.23
5130.95
5727.46
6251.56
6695.14
7051.36
7314.69
7481.03
7547.81
7514.04
7380.29
7148.75
6823.1
6408.39
5910.74
5336.89
4693.67
3986.66
3219.34
2391.4
1501.77
563.516
2217.89
3003.48
3758.43
4471.23
5130.96
5727.46
6251.56
6695.15
7051.36
7314.69
7481.03
7547.81
7514.04
7380.29
7148.75
6823.1
6408.39
5910.74
5336.89
4693.67
3986.66
3219.34
2391.4
1501.78
563.516
2248.58
3042.68
3805.74
4526.12
5192.79
5795.49
6324.94
6772.95
7132.6
7398.3
7565.94
7632.9
7598.18
7462.38
7227.7
6897.88
6478.06
5974.46
5393.94
4743.45
4028.65
3253.06
2416.27
1517.07
568.659
)
;

boundaryField
{
    outletCentralUnloaded
    {
        type            zeroGradient;
    }
    inletCentralUnloaded
    {
        type            zeroGradient;
    }
    outletFuelElement
    {
        type            zeroGradient;
    }
    inletFuelElement
    {
        type            zeroGradient;
    }
    defaultFaces
    {
        type            zeroGradient;
    }
}


// ************************************************************************* //
