/*--------------------------------*- C++ -*----------------------------------*\
| =========                 |                                                 |
| \\      /  F ield         | OpenFOAM: The Open Source CFD Toolbox           |
|  \\    /   O peration     | Version:  2212                                  |
|   \\  /    A nd           | Website:  www.openfoam.com                      |
|    \\/     M anipulation  |                                                 |
\*---------------------------------------------------------------------------*/
FoamFile
{
    version     2.0;
    format      ascii;
    arch        "LSB;label=32;scalar=64";
    class       volScalarField;
    location    "53/neutroRegion";
    object      TFuel;
}
// * * * * * * * * * * * * * * * * * * * * * * * * * * * * * * * * * * * * * //

dimensions      [0 0 0 1 0 0 0];

internalField   nonuniform List<scalar> 
350
(
0
0
0
0
0
0
0
0
0
0
0
0
0
0
0
0
0
0
0
0
0
0
0
0
0
0
0
0
0
0
0
0
0
0
0
0
0
0
0
0
0
0
0
0
0
0
0
0
0
0
2218.23
3005.3
3761.66
4475.8
5136.76
5734.39
6259.49
6703.94
7060.87
7324.74
7491.47
7558.47
7524.74
7390.87
7159.03
6832.93
6417.62
5919.23
5344.51
4700.31
3992.22
3223.74
2394.6
1503.84
564.588
2250.89
3047.15
3812.28
4534.62
5203.09
5807.43
6338.32
6787.57
7148.23
7414.69
7582.83
7650.05
7615.33
7479.26
7244.06
6913.48
6492.67
5987.87
5405.97
4753.94
4037.47
3260.09
2421.43
1520.35
570.13
2212.94
2998.56
3753.55
4466.4
5126.18
5722.77
6246.95
6690.65
7047
7310.48
7476.99
7543.97
7510.4
7376.88
7145.58
6820.19
6405.75
5908.38
5334.8
4691.84
3985.08
3218.02
2390.4
1501.26
563.714
2243.52
3037.65
3800.75
4521.18
5187.91
5790.69
6320.24
6768.37
7128.15
7394.01
7561.82
7628.98
7594.48
7458.91
7224.48
6894.92
6475.38
5972.06
5391.81
4741.58
4027.05
3251.71
2415.24
1516.54
568.853
2243.52
3037.65
3800.75
4521.18
5187.91
5790.69
6320.24
6768.37
7128.15
7394.01
7561.82
7628.98
7594.48
7458.91
7224.48
6894.92
6475.38
5972.06
5391.81
4741.58
4027.04
3251.71
2415.24
1516.54
568.853
2212.94
2998.56
3753.55
4466.4
5126.19
5722.77
6246.96
6690.66
7047.01
7310.48
7476.99
7543.97
7510.4
7376.89
7145.59
6820.2
6405.76
5908.38
5334.8
4691.84
3985.08
3218.02
2390.4
1501.26
563.714
2250.89
3047.15
3812.28
4534.62
5203.09
5807.43
6338.32
6787.57
7148.23
7414.69
7582.83
7650.05
7615.33
7479.26
7244.05
6913.48
6492.67
5987.87
5405.97
4753.94
4037.47
3260.09
2421.43
1520.35
570.13
2218.23
3005.3
3761.67
4475.8
5136.76
5734.39
6259.49
6703.94
7060.87
7324.74
7491.47
7558.47
7524.74
7390.87
7159.03
6832.93
6417.62
5919.23
5344.51
4700.31
3992.22
3223.74
2394.6
1503.84
564.588
2243.52
3037.65
3800.75
4521.18
5187.91
5790.69
6320.24
6768.37
7128.15
7394.01
7561.82
7628.98
7594.48
7458.91
7224.48
6894.93
6475.38
5972.06
5391.81
4741.58
4027.04
3251.71
2415.24
1516.54
568.853
2212.94
2998.56
3753.55
4466.4
5126.18
5722.77
6246.95
6690.65
7047
7310.48
7476.99
7543.97
7510.4
7376.88
7145.58
6820.19
6405.75
5908.38
5334.8
4691.84
3985.08
3218.02
2390.4
1501.26
563.714
2212.94
2998.56
3753.55
4466.4
5126.19
5722.77
6246.96
6690.66
7047.01
7310.48
7476.99
7543.97
7510.4
7376.89
7145.59
6820.2
6405.76
5908.38
5334.8
4691.84
3985.08
3218.02
2390.4
1501.26
563.714
2243.52
3037.65
3800.75
4521.18
5187.91
5790.69
6320.24
6768.37
7128.15
7394.01
7561.82
7628.98
7594.48
7458.91
7224.48
6894.92
6475.38
5972.06
5391.81
4741.58
4027.04
3251.71
2415.24
1516.54
568.853
)
;

boundaryField
{
    outletCentralUnloaded
    {
        type            zeroGradient;
    }
    inletCentralUnloaded
    {
        type            zeroGradient;
    }
    outletFuelElement
    {
        type            zeroGradient;
    }
    inletFuelElement
    {
        type            zeroGradient;
    }
    defaultFaces
    {
        type            zeroGradient;
    }
}


// ************************************************************************* //
