/*--------------------------------*- C++ -*----------------------------------*\
| =========                 |                                                 |
| \\      /  F ield         | OpenFOAM: The Open Source CFD Toolbox           |
|  \\    /   O peration     | Version:  2212                                  |
|   \\  /    A nd           | Website:  www.openfoam.com                      |
|    \\/     M anipulation  |                                                 |
\*---------------------------------------------------------------------------*/
FoamFile
{
    version     2.0;
    format      ascii;
    arch        "LSB;label=32;scalar=64";
    class       surfaceScalarField;
    location    "69/fluidRegion";
    object      alphaRhoPhi;
}
// * * * * * * * * * * * * * * * * * * * * * * * * * * * * * * * * * * * * * //

dimensions      [1 0 -1 0 0 0 0];

oriented        oriented;

internalField   nonuniform List<scalar> 
661
(
-0.00585038
-1.0321e-11
-0.00585025
-1.13084e-11
-0.00585009
-7.35552e-12
-0.00584993
-2.80811e-12
-0.00584977
1.03834e-12
-0.00584962
4.15181e-12
-0.0058495
6.79211e-12
-0.0058494
9.07687e-12
-0.00584933
1.06082e-11
-0.00584931
1.08296e-11
-0.00584933
9.03373e-12
-0.00584939
5.13528e-12
-0.00584946
-3.81041e-13
-0.00584953
-6.41892e-12
-0.00584957
-1.14126e-11
-0.00584956
-1.39804e-11
-0.0058495
-1.29606e-11
-0.00584938
-8.13188e-12
-0.00584925
-4.50364e-14
-0.00584913
9.71144e-12
-0.00584906
1.86206e-11
-0.00584908
2.41311e-11
-0.0058492
2.25629e-11
-0.0058494
5.16332e-12
-2.32074e-11
-0.00585038
-0.00585025
-0.00585009
-0.00584993
-0.00584977
-0.00584962
-0.0058495
-0.0058494
-0.00584933
-0.00584931
-0.00584933
-0.00584939
-0.00584946
-0.00584953
-0.00584957
-0.00584956
-0.0058495
-0.00584938
-0.00584925
-0.00584913
-0.00584906
-0.00584908
-0.0058492
-0.0058494
-0.00939696
6.45786e-07
-0.00939719
3.1213e-07
-0.00939746
3.46592e-07
-0.00939771
3.21707e-07
-0.00939794
3.02372e-07
-0.00939815
2.85436e-07
-0.00939836
2.70615e-07
-0.00939855
2.56302e-07
-0.00939872
2.38552e-07
-0.00939888
2.097e-07
-0.009399
1.57538e-07
-0.00939905
6.50871e-08
-0.00939897
-8.48398e-08
-0.00939871
-2.99852e-07
-0.00939821
-5.80286e-07
-0.0093974
-9.07385e-07
-0.00939626
-1.25502e-06
-0.00939478
-1.60653e-06
-0.00939294
-1.97352e-06
-0.00939067
-2.40632e-06
-0.00938781
-2.9976e-06
-0.00938411
-3.84442e-06
-0.00937926
-4.97757e-06
-0.00937352
-5.87742e-06
-7.1904e-06
-0.00931272
-2.02446e-08
-1.54001e-08
-0.00931227
-8.40073e-08
-8.06289e-08
-0.00931179
-8.2015e-08
-7.80936e-08
-0.00931136
-7.37326e-08
-6.94325e-08
-0.00931095
-6.68549e-08
-6.20673e-08
-0.00931058
-6.05431e-08
-5.52014e-08
-0.00931023
-5.47413e-08
-4.87526e-08
-0.0093099
-4.90302e-08
-4.22103e-08
-0.00930961
-4.23448e-08
-3.44816e-08
-0.00930936
-3.25157e-08
-2.33329e-08
-0.0093092
-1.58053e-08
-4.94461e-09
-0.00930918
1.28258e-08
2.56875e-08
-0.00930939
5.76775e-08
7.36442e-08
-0.00930995
1.26422e-07
1.46191e-07
-0.00931096
2.16854e-07
2.41755e-07
-0.00931251
3.24751e-07
3.56682e-07
-0.00931465
4.42222e-07
4.83921e-07
-0.00931739
5.64176e-07
6.19494e-07
-0.00932077
6.94638e-07
7.68971e-07
-0.00932491
8.51089e-07
9.50632e-07
-0.00933008
1.06359e-06
1.19468e-06
-0.00933672
1.35958e-06
1.52482e-06
-0.00934523
1.71899e-06
1.91622e-06
-0.00935489
1.84651e-06
2.04749e-06
1.81587e-06
1.95932e-06
-0.00941077
3.15514e-07
-0.0094111
3.02666e-07
-0.00941142
2.98435e-07
-0.00941171
2.73729e-07
-0.00941198
2.52542e-07
-0.00941222
2.33561e-07
-0.00941245
2.16211e-07
-0.00941265
1.98572e-07
-0.00941283
1.76075e-07
-0.00941297
1.40162e-07
-0.00941304
7.73262e-08
-0.009413
-2.98142e-08
-0.00941277
-1.9871e-07
-0.00941226
-4.39158e-07
-0.00941138
-7.48736e-07
-0.00941006
-1.10712e-06
-0.00940824
-1.48719e-06
-0.00940593
-1.8736e-06
-0.00940307
-2.28207e-06
-0.00939956
-2.76892e-06
-0.00939516
-3.42828e-06
-0.00938952
-4.3534e-06
-0.00938233
-5.48495e-06
-0.0093743
-6.16601e-06
-6.4442e-06
-0.00933161
3.5676e-10
-0.00933134
-1.39178e-09
-0.00933107
-1.32505e-09
-0.00933083
-1.35727e-09
-0.0093306
-1.31091e-09
-0.0093304
-1.25057e-09
-0.00933021
-1.19561e-09
-0.00933003
-1.05417e-09
-0.00932988
-8.54417e-10
-0.00932975
-5.75793e-10
-0.00932968
-1.19159e-10
-0.00932971
5.72148e-10
-0.00932989
1.51515e-09
-0.0093303
2.8032e-09
-0.009331
4.51875e-09
-0.00933204
6.7924e-09
-0.00933346
9.87159e-09
-0.00933526
1.40262e-08
-0.00933747
1.92253e-08
-0.00934018
2.56054e-08
-0.00934354
3.30051e-08
-0.00934785
4.01185e-08
-0.00935331
4.51525e-08
-0.00935948
4.42723e-08
3.04907e-08
-0.00933162
-3.14892e-07
-0.00933135
-3.05809e-07
-0.00933108
-3.01356e-07
-0.00933084
-2.76759e-07
-0.00933062
-2.55563e-07
-0.00933041
-2.36575e-07
-0.00933022
-2.19221e-07
-0.00933004
-2.01467e-07
-0.00932989
-1.78786e-07
-0.00932976
-1.42582e-07
-0.0093297
-7.91865e-08
-0.00932972
2.86756e-08
-0.0093299
1.98766e-07
-0.00933031
4.40807e-07
-0.00933101
7.52539e-07
-0.00933205
1.11386e-06
-0.00933347
1.49813e-06
-0.00933527
1.89055e-06
-0.00933749
2.30727e-06
-0.00934019
2.80549e-06
-0.00934355
3.48052e-06
-0.00934786
4.42503e-06
-0.00935332
5.57893e-06
-0.00935949
6.2722e-06
6.53792e-06
-0.00941078
1.74359e-08
-0.0094111
8.30225e-08
-0.00941142
8.06433e-08
-0.00941171
7.21485e-08
-0.00941198
6.50322e-08
-0.00941223
5.84101e-08
-0.00941245
5.22078e-08
-0.00941265
4.60044e-08
-0.00941283
3.86526e-08
-0.00941297
2.79441e-08
-0.00941304
1.01537e-08
-0.009413
-1.97934e-08
-0.00941277
-6.65957e-08
-0.00941226
-1.37772e-07
-0.00941138
-2.31401e-07
-0.00941005
-3.43429e-07
-0.00940824
-4.66133e-07
-0.00940592
-5.94472e-07
-0.00940306
-7.32748e-07
-0.00939954
-8.9793e-07
-0.00939514
-1.11978e-06
-0.0093895
-1.42305e-06
-0.00938231
-1.78569e-06
-0.00937428
-1.90303e-06
-1.82653e-06
-0.00931272
-6.46062e-07
-1.69815e-08
-0.00931227
-3.1255e-07
-8.00205e-08
-0.00931179
-3.47084e-07
-7.76886e-08
-0.00931136
-3.22244e-07
-6.90775e-08
-0.00931095
-3.02917e-07
-6.18579e-08
-0.00931058
-2.86008e-07
-5.51709e-08
-0.00931023
-2.71229e-07
-4.89394e-08
-0.0093099
-2.56938e-07
-4.27397e-08
-0.00930961
-2.39234e-07
-3.54672e-08
-0.00930936
-2.10424e-07
-2.49386e-08
-0.0093092
-1.58237e-07
-7.48757e-09
-0.00930918
-6.56721e-08
2.20672e-08
-0.00930939
8.45507e-08
6.80281e-08
-0.00930995
3.0001e-07
1.37904e-07
-0.00931096
5.81363e-07
2.29551e-07
-0.00931251
9.10285e-07
3.38555e-07
-0.00931465
1.26153e-06
4.56459e-07
-0.00931739
1.62007e-06
5.77066e-07
-0.00932077
2.00032e-06
7.02376e-07
-0.00932491
2.4578e-06
8.45619e-07
-0.00933008
3.09499e-06
1.02753e-06
-0.00933672
4.01726e-06
1.26945e-06
-0.00934523
5.267e-06
1.54638e-06
-0.00935489
6.28204e-06
1.59071e-06
7.65106e-06
1.54447e-06
-0.00939696
-0.00939719
-0.00939746
-0.00939771
-0.00939794
-0.00939815
-0.00939836
-0.00939855
-0.00939872
-0.00939888
-0.009399
-0.00939905
-0.00939897
-0.00939871
-0.00939821
-0.0093974
-0.00939626
-0.00939478
-0.00939294
-0.00939067
-0.00938781
-0.0093841
-0.00937926
-0.00937352
-0.00933161
-3.19721e-07
2.98815e-09
-0.00933134
-3.07617e-07
1.74137e-09
-0.00933107
-3.03782e-07
2.08111e-09
-0.00933083
-2.79465e-07
2.32028e-09
-0.0093306
-2.58652e-07
2.57444e-09
-0.0093304
-2.40111e-07
2.90049e-09
-0.00933021
-2.2329e-07
3.33209e-09
-0.00933003
-2.06223e-07
3.85643e-09
-0.00932988
-1.84422e-07
4.55111e-09
-0.00932975
-1.49352e-07
5.46802e-09
-0.00932968
-8.73948e-08
6.66746e-09
-0.00932971
1.856e-08
7.87246e-09
-0.00932989
1.8592e-07
1.01672e-08
-0.0093303
4.24427e-07
1.30815e-08
-0.009331
7.31176e-07
1.72997e-08
-0.00933204
1.08528e-06
2.35514e-08
-0.00933346
1.45852e-06
3.30248e-08
-0.00933526
1.83358e-06
4.77172e-08
-0.00933747
2.22183e-06
7.15269e-08
-0.00934018
2.67388e-06
1.09577e-07
-0.00934354
3.27031e-06
1.70854e-07
-0.00934785
4.09544e-06
2.58122e-07
-0.00935331
5.08198e-06
3.73836e-07
-0.00935948
5.62311e-06
4.57712e-07
5.90888e-06
4.13834e-07
-0.00941077
-0.0094111
-0.00941142
-0.00941171
-0.00941198
-0.00941222
-0.00941245
-0.00941265
-0.00941283
-0.00941297
-0.00941304
-0.009413
-0.00941277
-0.00941226
-0.00941138
-0.00941006
-0.00940824
-0.00940593
-0.00940307
-0.00939956
-0.00939516
-0.00938952
-0.00938234
-0.0093743
-0.00941078
3.13436e-07
-0.0094111
3.04228e-07
-0.00941142
2.99628e-07
-0.00941172
2.74892e-07
-0.00941198
2.53615e-07
-0.00941223
2.34492e-07
-0.00941245
2.16941e-07
-0.00941265
1.99009e-07
-0.00941283
1.76068e-07
-0.00941297
1.39526e-07
-0.00941304
7.58268e-08
-0.009413
-3.2135e-08
-0.00941277
-2.02853e-07
-0.00941226
-4.45548e-07
-0.00941138
-7.58098e-07
-0.00941005
-1.12034e-06
-0.00940824
-1.50526e-06
-0.00940592
-1.89714e-06
-0.00940306
-2.3107e-06
-0.00939954
-2.79924e-06
-0.00939515
-3.45356e-06
-0.0093895
-4.35508e-06
-0.00938232
-5.433e-06
-0.00937428
-6.03021e-06
-6.19467e-06
-0.00933162
-0.00933135
-0.00933109
-0.00933084
-0.00933062
-0.00933041
-0.00933022
-0.00933004
-0.00932989
-0.00932977
-0.0093297
-0.00932972
-0.0093299
-0.00933031
-0.00933101
-0.00933205
-0.00933347
-0.00933527
-0.00933749
-0.00934019
-0.00934355
-0.00934786
-0.00935333
-0.0093595
)
;

boundaryField
{
    outletCentralUnloaded
    {
        type            calculated;
        value           nonuniform List<scalar> 2(0.00585043 0.00585043);
    }
    inletCentralUnloaded
    {
        type            calculated;
        value           nonuniform List<scalar> 2(-0.00587369 -0.00587369);
    }
    outletFuelElement
    {
        type            calculated;
        value           nonuniform List<scalar> 
12
(
0.00939639
0.00931337
0.0094105
0.00933189
0.0093319
0.00941051
0.00931337
0.00939639
0.00933189
0.0094105
0.00941051
0.0093319
)
;
    }
    inletFuelElement
    {
        type            calculated;
        value           nonuniform List<scalar> 
12
(
-0.00953889
-0.00953889
-0.00953888
-0.00953888
-0.00953889
-0.00953889
-0.00953889
-0.00953889
-0.00953888
-0.00953888
-0.00953889
-0.00953889
)
;
    }
    defaultFaces
    {
        type            calculated;
        value           nonuniform List<scalar> 
450
(
2.75353e-23
-1.51559e-23
0
9.36939e-24
-1.40225e-24
0
1.98632e-23
7.54659e-24
0
-1.85047e-23
-1.77982e-23
0
-4.39614e-24
-1.79054e-23
0
-1.76034e-23
-1.14298e-23
0
-1.59122e-23
-4.6144e-24
0
-1.94504e-23
-1.29804e-23
0
-1.18971e-23
-8.13838e-24
0
-1.50143e-23
-1.16825e-23
0
-1.25712e-23
-5.81385e-24
0
-4.33775e-24
-1.51415e-24
0
6.7331e-24
7.95542e-25
0
2.28625e-23
3.7187e-24
0
3.51465e-23
1.8593e-23
0
5.45379e-23
1.39988e-23
0
7.55403e-23
-1.19765e-23
0
1.23098e-22
3.98033e-23
0
9.05026e-23
-7.98938e-23
0
-4.5914e-23
-2.33658e-23
0
-1.0177e-22
1.35954e-23
0
1.23524e-22
-7.8159e-23
0
-1.2753e-22
1.83061e-22
0
-2.06777e-22
-1.04105e-22
0
-1.5472e-22
-2.34222e-22
0
6.47842e-24
0
1.13094e-23
0
-3.86383e-24
0
7.97201e-24
0
-6.20883e-24
0
6.49124e-24
0
4.55626e-24
0
7.24915e-24
0
-2.58333e-24
0
2.78542e-24
0
3.03133e-24
0
-4.16597e-25
0
-7.41145e-24
0
-8.34414e-24
0
-2.85728e-23
0
-5.51859e-23
0
7.80334e-23
0
-6.24444e-23
0
3.82616e-23
0
-7.19958e-23
0
-9.27004e-23
0
2.04443e-22
0
0
0
-1.50002e-22
0
-1.92186e-22
0
0
-7.43068e-24
0
0
4.07795e-24
-8.526e-24
-8.97585e-24
-4.75985e-24
2.54415e-24
0
-1.49251e-24
0
0
0
1.87659e-23
-2.17554e-23
-7.69486e-23
3.08104e-23
-3.77912e-23
4.74601e-23
6.11933e-23
-1.62231e-22
0
0
-9.59989e-23
0
0
0
0
0
0
0
0
0
0
0
0
0
0
0
0
0
0
0
0
0
0
0
0
0
-8.32939e-24
3.70195e-24
0
1.13094e-23
1.15915e-23
1.93191e-23
-7.972e-24
-5.979e-24
6.20882e-24
-2.06961e-24
-6.49124e-24
-4.32749e-24
-2.27813e-24
-4.55626e-24
-7.24914e-24
-4.83276e-24
1.1625e-23
-5.16665e-24
-4.17812e-24
-4.17812e-24
-2.27349e-24
-1.51566e-24
0
1.66639e-24
3.70572e-24
5.55858e-24
1.66883e-23
1.25162e-23
1.90485e-23
2.85728e-23
2.20743e-23
3.31115e-23
-2.60111e-23
9.10389e-23
6.24443e-23
4.68332e-23
-1.14785e-22
1.14785e-22
-1.43991e-22
-4.79971e-23
6.18002e-23
-1.236e-22
-2.04443e-22
2.45332e-22
-1.10692e-22
-2.21384e-22
-7.50009e-23
-2.25003e-22
-3.84372e-22
-2.40233e-22
2.01418e-23
0
0
5.19871e-24
0
3.76028e-24
6.93696e-24
0
-2.31241e-23
-2.94517e-23
0
7.95165e-24
8.71472e-24
0
0
-2.32497e-23
0
8.63269e-24
-2.12951e-23
0
9.08896e-24
-1.98878e-23
0
4.82023e-24
-1.0488e-23
0
-1.03065e-23
-1.79892e-23
0
5.55635e-24
-1.53827e-23
0
3.02345e-24
-5.13991e-24
0
8.31035e-25
9.61121e-24
-0
0
2.8412e-23
-0
-4.16148e-24
4.90903e-23
-0
-9.5006e-24
8.47391e-23
-0
-2.20212e-23
6.19094e-23
-0
-2.59512e-23
1.56397e-22
-0
-3.11544e-23
9.34899e-23
-0
-3.81846e-23
-3.60301e-23
-0
9.582e-23
-4.31219e-23
-0
6.17026e-23
1.87973e-22
-0
8.16717e-23
-1.76924e-22
-0
0
-1.01315e-22
-0
7.49604e-23
-1.62496e-22
-0
1.92154e-22
0
-3.71534e-24
7.61504e-24
-3.92744e-24
4.07795e-24
0
0
-4.75985e-24
0
-5.48599e-24
-1.49251e-24
2.05116e-25
7.29859e-24
8.21822e-24
-9.38293e-24
2.17554e-23
-7.69486e-23
6.16209e-23
-7.55824e-23
0
6.11933e-23
-8.11153e-23
-1.10036e-22
7.47479e-23
-9.59989e-23
6.47842e-24
0
7.5396e-24
0
0
0
9.96501e-24
0
-8.27844e-24
0
8.65499e-24
0
4.55626e-24
0
4.83276e-24
0
-2.58333e-24
0
5.57084e-24
0
2.2735e-24
0
-8.33194e-25
0
0
-0
-8.34414e-24
-0
-9.52427e-24
-0
-3.31115e-23
-0
6.50279e-23
-0
-9.36665e-23
-0
1.53046e-22
-0
-1.6799e-22
-0
-9.27004e-23
-0
1.63555e-22
-0
5.5346e-23
-0
-1.50002e-22
-0
-2.40233e-22
-0
-8.3294e-24
3.70195e-24
-7.5396e-24
7.5396e-24
-3.86383e-24
7.72765e-24
-5.979e-24
-1.993e-23
0
6.20882e-24
-4.32749e-24
-1.51462e-23
-9.11252e-24
-1.36688e-23
-4.83276e-24
-1.20819e-23
1.29166e-24
-5.16665e-24
-3.48177e-24
-8.35625e-24
-2.65241e-24
-3.03132e-24
0
5.62405e-24
3.70572e-24
2.22343e-23
8.34413e-24
4.17207e-23
1.90485e-23
6.66698e-23
3.31115e-23
1.10372e-22
-2.60111e-23
7.80333e-23
6.24443e-23
1.56111e-22
0
1.14785e-22
0
-7.19957e-23
0
-1.236e-22
0
2.45332e-22
1.66038e-22
-1.93711e-22
7.50009e-23
-1.87502e-22
0
-1.4414e-22
-0
-0
-0
-0
-0
-0
-0
-0
-0
-0
-0
0
0
0
0
0
0
0
0
0
0
0
0
0
0
)
;
    }
    baffle_master
    {
        type            calculated;
        value           nonuniform List<scalar> 
150
(
-5.36656e-29
0
0
2.24105e-28
0
0
8.39086e-29
0
1.24251e-28
4.25193e-29
0
0
5.64598e-29
0
4.66018e-29
3.1692e-29
0
0
-8.96141e-29
0
-1.24292e-28
-5.49631e-29
0
0
-1.22313e-28
0
0
-1.35906e-28
0
-2.48646e-28
-1.10889e-28
0
0
1.751e-30
0
0
3.23492e-31
0
-7.77212e-30
-2.18746e-29
0
0
-1.95763e-28
0
-2.48749e-28
9.63375e-29
0
2.48769e-28
1.11983e-27
0
4.97579e-28
-7.48906e-29
0
-2.4881e-28
2.51178e-30
0
1.94399e-30
-1.62804e-30
0
-1.24426e-28
1.03437e-28
0
-2.48873e-28
1.60436e-27
0
9.95573e-28
1.40949e-28
0
0
-5.0432e-29
0
-6.22334e-29
2.17268e-28
0
4.97907e-28
0
-3.92161e-28
0
0
-3.75497e-28
0
1.24251e-28
-2.37712e-28
0
0
-9.4344e-29
0
0
-2.09785e-29
-0
-6.21409e-29
1.40047e-28
-0
-1.24292e-28
3.03208e-28
-0
0
3.80056e-28
-0
4.9725e-28
5.20945e-28
-0
0
3.89103e-28
-0
-1.24333e-28
4.17702e-28
-0
0
1.59511e-28
-0
7.77212e-30
-1.17785e-29
0
2.48728e-28
-2.81494e-28
0
0
-3.35933e-28
0
4.97538e-28
-6.90389e-28
0
-7.46369e-28
-4.17226e-28
0
0
-3.46149e-28
0
-9.71995e-31
-1.39646e-31
0
1.24426e-28
-3.38951e-28
-0
0
-5.08019e-28
-0
4.97786e-28
-1.70861e-27
-0
9.95655e-28
8.86845e-28
-0
0
-9.19826e-29
-0
0
4.20191e-28
0
)
;
    }
    baffle_slave
    {
        type            calculated;
        value           nonuniform List<scalar> 
150
(
-6.59116e-24
-0
7.29796e-24
3.00825e-24
-0
-3.71534e-24
1.89708e-24
-0
0
0
-0
3.92744e-24
-1.8285e-23
-0
-8.15591e-24
1.85831e-24
-0
0
3.91258e-24
-0
4.48792e-24
0
-0
2.37993e-24
6.33674e-25
-0
0
1.70796e-24
-0
-2.743e-24
-1.11517e-24
-0
0
4.08683e-25
0
0
-4.54441e-25
0
3.6493e-24
3.07028e-24
0
-8.21822e-24
-3.50559e-24
0
-9.38293e-24
-4.06441e-24
0
2.17554e-23
-8.30707e-23
0
-1.02598e-22
0
0
0
-8.24125e-23
0
-7.55824e-23
8.87364e-24
0
-9.49202e-23
-1.52603e-23
0
-6.11933e-23
1.31542e-22
0
1.62231e-22
6.86688e-24
0
-1.10036e-22
-3.7342e-23
0
-1.49496e-22
6.59832e-23
0
0
-5.92716e-25
2.5001e-23
0
-2.0248e-24
9.25616e-24
0
-7.38138e-24
9.72255e-24
0
-4.54812e-25
9.78378e-24
0
1.77459e-24
-1.56184e-23
0
3.15515e-24
1.08844e-23
0
-3.3631e-24
6.84702e-24
0
-5.87282e-24
1.00774e-23
0
4.75859e-24
6.49516e-24
0
-3.45923e-24
7.42961e-24
0
-5.62004e-25
6.59811e-24
0
5.09524e-25
2.75861e-24
0
5.65848e-24
-7.95272e-25
0
5.77615e-24
-5.49692e-24
0
1.53973e-23
-1.1101e-23
0
2.13099e-23
-1.96446e-23
0
-7.55399e-23
-3.43465e-23
0
2.35208e-23
-3.07084e-23
0
-4.68761e-23
-4.70928e-24
0
1.04184e-22
3.84524e-23
0
1.49151e-23
4.57809e-23
0
-1.66134e-22
1.82134e-22
0
-1.06643e-22
-8.92695e-23
0
-3.8281e-23
7.46839e-23
0
-3.07201e-23
1.67957e-22
0
)
;
    }
}


// ************************************************************************* //
