/*--------------------------------*- C++ -*----------------------------------*\
| =========                 |                                                 |
| \\      /  F ield         | OpenFOAM: The Open Source CFD Toolbox           |
|  \\    /   O peration     | Version:  2212                                  |
|   \\  /    A nd           | Website:  www.openfoam.com                      |
|    \\/     M anipulation  |                                                 |
\*---------------------------------------------------------------------------*/
FoamFile
{
    version     2.0;
    format      ascii;
    arch        "LSB;label=32;scalar=64";
    class       volScalarField;
    location    "69/fluidRegion";
    object      dgdt;
}
// * * * * * * * * * * * * * * * * * * * * * * * * * * * * * * * * * * * * * //

dimensions      [0 0 -1 0 0 0 0];

internalField   nonuniform List<scalar> 
350
(
0.00533013
0.0053005
0.00530226
0.00530773
0.00530864
0.0053017
0.0052931
0.00529361
0.00530827
0.00533047
0.00534581
0.00534232
0.00531914
0.00528754
0.00526445
0.00526306
0.00528605
0.00532421
0.00536002
0.00537469
0.00535627
0.00530537
0.00521351
0.00510778
0.00261548
0.00533013
0.0053005
0.00530226
0.00530773
0.00530864
0.0053017
0.0052931
0.00529361
0.00530827
0.00533047
0.00534581
0.00534232
0.00531914
0.00528754
0.00526445
0.00526306
0.00528605
0.00532421
0.00536002
0.00537469
0.00535627
0.00530537
0.00521351
0.00510778
0.00261548
40.7767
51.0902
64.9686
77.7612
89.413
99.8813
109.133
117.137
123.861
129.252
133.229
135.669
136.409
135.273
132.124
126.931
119.812
111.013
100.836
89.5131
77.1446
63.6593
48.8891
32.8227
20.392
40.8334
51.032
65.0398
77.9538
89.7193
100.293
109.643
117.739
124.549
130.026
134.092
136.626
137.462
136.414
133.332
128.169
121.032
112.169
101.892
90.4504
77.9524
64.3295
49.4076
33.1692
20.6025
40.7543
51.0744
64.9329
77.7069
89.3412
99.7935
109.03
117.021
123.732
129.11
133.074
135.501
136.227
135.079
131.921
126.725
119.611
110.824
100.663
89.3608
77.0137
63.551
48.8055
32.7668
20.3579
40.8306
51.0647
65.0417
77.9271
89.6657
100.214
109.54
117.615
124.404
129.861
133.906
136.417
137.23
136.161
133.062
127.89
120.756
111.907
101.652
90.2366
77.7679
64.1762
49.2889
33.0898
20.5542
40.8306
51.0647
65.0417
77.9271
89.6657
100.214
109.54
117.615
124.404
129.861
133.906
136.417
137.23
136.161
133.062
127.89
120.756
111.907
101.652
90.2366
77.7679
64.1762
49.2889
33.0898
20.5542
40.7543
51.0745
64.933
77.7069
89.3412
99.7935
109.03
117.021
123.732
129.11
133.074
135.501
136.227
135.079
131.921
126.725
119.611
110.824
100.663
89.3607
77.0137
63.551
48.8055
32.7668
20.3579
40.8334
51.032
65.0398
77.9538
89.7193
100.293
109.643
117.739
124.549
130.026
134.092
136.626
137.462
136.414
133.332
128.169
121.032
112.169
101.892
90.4504
77.9524
64.3295
49.4076
33.1692
20.6024
40.7767
51.0902
64.9686
77.7612
89.413
99.8813
109.133
117.137
123.861
129.252
133.229
135.669
136.409
135.273
132.124
126.931
119.812
111.013
100.836
89.513
77.1446
63.6593
48.889
32.8227
20.3919
40.8306
51.0647
65.0417
77.9271
89.6657
100.214
109.54
117.615
124.404
129.861
133.906
136.417
137.23
136.161
133.062
127.89
120.756
111.907
101.652
90.2367
77.768
64.1762
49.2889
33.0898
20.5542
40.7543
51.0744
64.9329
77.7069
89.3412
99.7935
109.03
117.021
123.732
129.11
133.074
135.501
136.227
135.079
131.921
126.725
119.611
110.824
100.664
89.3608
77.0138
63.5511
48.8055
32.7669
20.3579
40.7543
51.0744
64.9329
77.7068
89.3412
99.7935
109.03
117.021
123.732
129.11
133.074
135.501
136.227
135.079
131.921
126.725
119.611
110.824
100.663
89.3607
77.0137
63.551
48.8054
32.7668
20.3579
40.8306
51.0647
65.0417
77.9271
89.6657
100.214
109.54
117.615
124.404
129.861
133.906
136.417
137.23
136.161
133.062
127.89
120.756
111.907
101.652
90.2366
77.7679
64.1762
49.2889
33.0898
20.5542
)
;

boundaryField
{
    outletCentralUnloaded
    {
        type            calculated;
        value           nonuniform List<scalar> 2(0.00533013 0.00533013);
    }
    inletCentralUnloaded
    {
        type            calculated;
        value           nonuniform List<scalar> 2(0.00261548 0.00261548);
    }
    outletFuelElement
    {
        type            calculated;
        value           nonuniform List<scalar> 
12
(
40.7767
40.8334
40.7543
40.8306
40.8306
40.7543
40.8334
40.7767
40.8306
40.7543
40.7543
40.8306
)
;
    }
    inletFuelElement
    {
        type            calculated;
        value           nonuniform List<scalar> 
12
(
20.392
20.6025
20.3579
20.5542
20.5542
20.3579
20.6024
20.3919
20.5542
20.3579
20.3579
20.5542
)
;
    }
    defaultFaces
    {
        type            calculated;
        value           nonuniform List<scalar> 
450
(
40.7767
40.7767
40.7767
51.0902
51.0902
51.0902
64.9686
64.9686
64.9686
77.7612
77.7612
77.7612
89.413
89.413
89.413
99.8813
99.8813
99.8813
109.133
109.133
109.133
117.137
117.137
117.137
123.861
123.861
123.861
129.252
129.252
129.252
133.229
133.229
133.229
135.669
135.669
135.669
136.409
136.409
136.409
135.273
135.273
135.273
132.124
132.124
132.124
126.931
126.931
126.931
119.812
119.812
119.812
111.013
111.013
111.013
100.836
100.836
100.836
89.5131
89.5131
89.5131
77.1446
77.1446
77.1446
63.6593
63.6593
63.6593
48.8891
48.8891
48.8891
32.8227
32.8227
32.8227
20.392
20.392
20.392
40.7543
40.7543
51.0744
51.0744
64.9329
64.9329
77.7069
77.7069
89.3412
89.3412
99.7935
99.7935
109.03
109.03
117.021
117.021
123.732
123.732
129.11
129.11
133.074
133.074
135.501
135.501
136.227
136.227
135.079
135.079
131.921
131.921
126.725
126.725
119.611
119.611
110.824
110.824
100.663
100.663
89.3608
89.3608
77.0137
77.0137
63.551
63.551
48.8055
48.8055
32.7668
32.7668
20.3579
20.3579
40.8306
51.0647
65.0417
77.9271
89.6657
100.214
109.54
117.615
124.404
129.861
133.906
136.417
137.23
136.161
133.062
127.89
120.756
111.907
101.652
90.2366
77.7679
64.1762
49.2889
33.0898
20.5542
40.8306
51.0647
65.0417
77.9271
89.6657
100.214
109.54
117.615
124.404
129.861
133.906
136.417
137.23
136.161
133.062
127.89
120.756
111.907
101.652
90.2366
77.7679
64.1762
49.2889
33.0898
20.5542
40.7543
40.7543
51.0745
51.0745
64.933
64.933
77.7069
77.7069
89.3412
89.3412
99.7935
99.7935
109.03
109.03
117.021
117.021
123.732
123.732
129.11
129.11
133.074
133.074
135.501
135.501
136.227
136.227
135.079
135.079
131.921
131.921
126.725
126.725
119.611
119.611
110.824
110.824
100.663
100.663
89.3607
89.3607
77.0137
77.0137
63.551
63.551
48.8055
48.8055
32.7668
32.7668
20.3579
20.3579
40.7767
40.7767
40.7767
51.0902
51.0902
51.0902
64.9686
64.9686
64.9686
77.7612
77.7612
77.7612
89.413
89.413
89.413
99.8813
99.8813
99.8813
109.133
109.133
109.133
117.137
117.137
117.137
123.861
123.861
123.861
129.252
129.252
129.252
133.229
133.229
133.229
135.669
135.669
135.669
136.409
136.409
136.409
135.273
135.273
135.273
132.124
132.124
132.124
126.931
126.931
126.931
119.812
119.812
119.812
111.013
111.013
111.013
100.836
100.836
100.836
89.513
89.513
89.513
77.1446
77.1446
77.1446
63.6593
63.6593
63.6593
48.889
48.889
48.889
32.8227
32.8227
32.8227
20.3919
20.3919
20.3919
40.8306
51.0647
65.0417
77.9271
89.6657
100.214
109.54
117.615
124.404
129.861
133.906
136.417
137.23
136.161
133.062
127.89
120.756
111.907
101.652
90.2367
77.768
64.1762
49.2889
33.0898
20.5542
40.7543
40.7543
51.0744
51.0744
64.9329
64.9329
77.7069
77.7069
89.3412
89.3412
99.7935
99.7935
109.03
109.03
117.021
117.021
123.732
123.732
129.11
129.11
133.074
133.074
135.501
135.501
136.227
136.227
135.079
135.079
131.921
131.921
126.725
126.725
119.611
119.611
110.824
110.824
100.664
100.664
89.3608
89.3608
77.0138
77.0138
63.5511
63.5511
48.8055
48.8055
32.7669
32.7669
20.3579
20.3579
40.7543
40.7543
51.0744
51.0744
64.9329
64.9329
77.7068
77.7068
89.3412
89.3412
99.7935
99.7935
109.03
109.03
117.021
117.021
123.732
123.732
129.11
129.11
133.074
133.074
135.501
135.501
136.227
136.227
135.079
135.079
131.921
131.921
126.725
126.725
119.611
119.611
110.824
110.824
100.663
100.663
89.3607
89.3607
77.0137
77.0137
63.551
63.551
48.8054
48.8054
32.7668
32.7668
20.3579
20.3579
40.8306
51.0647
65.0417
77.9271
89.6657
100.214
109.54
117.615
124.404
129.861
133.906
136.417
137.23
136.161
133.062
127.89
120.756
111.907
101.652
90.2366
77.7679
64.1762
49.2889
33.0898
20.5542
)
;
    }
    baffle_master
    {
        type            calculated;
        value           nonuniform List<scalar> 
150
(
0.00533013
0.00533013
0.00533013
0.0053005
0.0053005
0.0053005
0.00530226
0.00530226
0.00530226
0.00530773
0.00530773
0.00530773
0.00530864
0.00530864
0.00530864
0.0053017
0.0053017
0.0053017
0.0052931
0.0052931
0.0052931
0.00529361
0.00529361
0.00529361
0.00530827
0.00530827
0.00530827
0.00533047
0.00533047
0.00533047
0.00534581
0.00534581
0.00534581
0.00534232
0.00534232
0.00534232
0.00531914
0.00531914
0.00531914
0.00528754
0.00528754
0.00528754
0.00526445
0.00526445
0.00526445
0.00526306
0.00526306
0.00526306
0.00528605
0.00528605
0.00528605
0.00532421
0.00532421
0.00532421
0.00536002
0.00536002
0.00536002
0.00537469
0.00537469
0.00537469
0.00535627
0.00535627
0.00535627
0.00530537
0.00530537
0.00530537
0.00521351
0.00521351
0.00521351
0.00510778
0.00510778
0.00510778
0.00261548
0.00261548
0.00261548
0.00533013
0.00533013
0.00533013
0.0053005
0.0053005
0.0053005
0.00530226
0.00530226
0.00530226
0.00530773
0.00530773
0.00530773
0.00530864
0.00530864
0.00530864
0.0053017
0.0053017
0.0053017
0.0052931
0.0052931
0.0052931
0.00529361
0.00529361
0.00529361
0.00530827
0.00530827
0.00530827
0.00533047
0.00533047
0.00533047
0.00534581
0.00534581
0.00534581
0.00534232
0.00534232
0.00534232
0.00531914
0.00531914
0.00531914
0.00528754
0.00528754
0.00528754
0.00526445
0.00526445
0.00526445
0.00526306
0.00526306
0.00526306
0.00528605
0.00528605
0.00528605
0.00532421
0.00532421
0.00532421
0.00536002
0.00536002
0.00536002
0.00537469
0.00537469
0.00537469
0.00535627
0.00535627
0.00535627
0.00530537
0.00530537
0.00530537
0.00521351
0.00521351
0.00521351
0.00510778
0.00510778
0.00510778
0.00261548
0.00261548
0.00261548
)
;
    }
    baffle_slave
    {
        type            calculated;
        value           nonuniform List<scalar> 
150
(
40.8334
40.8306
40.8306
51.032
51.0647
51.0647
65.0398
65.0417
65.0417
77.9538
77.9271
77.9271
89.7193
89.6657
89.6657
100.293
100.214
100.214
109.643
109.54
109.54
117.739
117.615
117.615
124.549
124.404
124.404
130.026
129.861
129.861
134.092
133.906
133.906
136.626
136.417
136.417
137.462
137.23
137.23
136.414
136.161
136.161
133.332
133.062
133.062
128.169
127.89
127.89
121.032
120.756
120.756
112.169
111.907
111.907
101.892
101.652
101.652
90.4504
90.2366
90.2366
77.9524
77.7679
77.7679
64.3295
64.1762
64.1762
49.4076
49.2889
49.2889
33.1692
33.0898
33.0898
20.6025
20.5542
20.5542
40.8306
40.8334
40.8306
51.0647
51.032
51.0647
65.0417
65.0398
65.0417
77.9271
77.9538
77.9271
89.6657
89.7193
89.6657
100.214
100.293
100.214
109.54
109.643
109.54
117.615
117.739
117.615
124.404
124.549
124.404
129.861
130.026
129.861
133.906
134.092
133.906
136.417
136.626
136.417
137.23
137.462
137.23
136.161
136.414
136.161
133.062
133.332
133.062
127.89
128.169
127.89
120.756
121.032
120.756
111.907
112.169
111.907
101.652
101.892
101.652
90.2366
90.4504
90.2367
77.7679
77.9524
77.768
64.1762
64.3295
64.1762
49.2889
49.4076
49.2889
33.0898
33.1692
33.0898
20.5542
20.6024
20.5542
)
;
    }
}


// ************************************************************************* //
