/*--------------------------------*- C++ -*----------------------------------*\
| =========                 |                                                 |
| \\      /  F ield         | OpenFOAM: The Open Source CFD Toolbox           |
|  \\    /   O peration     | Version:  2212                                  |
|   \\  /    A nd           | Website:  www.openfoam.com                      |
|    \\/     M anipulation  |                                                 |
\*---------------------------------------------------------------------------*/
FoamFile
{
    version     2.0;
    format      ascii;
    arch        "LSB;label=32;scalar=64";
    class       volScalarField;
    location    "69/fluidRegion";
    object      nut;
}
// * * * * * * * * * * * * * * * * * * * * * * * * * * * * * * * * * * * * * //

dimensions      [0 2 -1 0 0 0 0];

internalField   nonuniform List<scalar> 
350
(
0.000537643
0.000537592
0.000537541
0.000537492
0.000537442
0.000537391
0.000537339
0.000537288
0.000537239
0.000537194
0.000537153
0.000537116
0.000537082
0.000537051
0.000537022
0.000536996
0.000536977
0.00053697
0.000536982
0.000537026
0.000537124
0.000537302
0.000537606
0.000538097
0.000539491
0.000537643
0.000537592
0.000537541
0.000537492
0.000537442
0.000537391
0.000537339
0.000537288
0.000537239
0.000537194
0.000537153
0.000537116
0.000537082
0.000537051
0.000537022
0.000536996
0.000536977
0.00053697
0.000536982
0.000537026
0.000537124
0.000537302
0.000537606
0.000538097
0.000539491
0.0104226
0.0102031
0.00993136
0.00960377
0.00922525
0.00880097
0.00833627
0.00783665
0.00730775
0.00675544
0.00618586
0.0056056
0.00502179
0.00444217
0.00387503
0.00332884
0.00281179
0.00233123
0.00189341
0.00150354
0.00116623
0.000885934
0.00066691
0.000511769
0.000416364
0.01049
0.0102693
0.00999667
0.0096676
0.00928719
0.00886063
0.00839329
0.00789069
0.00735849
0.00680259
0.00622915
0.00564479
0.00505668
0.00447263
0.00390101
0.00335042
0.00282916
0.00234471
0.00190342
0.00151055
0.00117074
0.000888494
0.000668099
0.000512151
0.00041643
0.0104117
0.0101922
0.00992069
0.00959337
0.00921519
0.00879131
0.00832708
0.00782797
0.00729963
0.00674791
0.00617897
0.00559938
0.00501626
0.00443736
0.00387093
0.00332543
0.00280903
0.00232907
0.00189179
0.00150238
0.00116545
0.000885444
0.000666628
0.00051162
0.000416314
0.0104751
0.0102547
0.00998217
0.0096534
0.00927338
0.0088473
0.00838052
0.00787856
0.00734709
0.00679197
0.00621938
0.00563593
0.00504877
0.00446572
0.00389511
0.00334551
0.0028252
0.00234164
0.00190113
0.00150895
0.00116972
0.000887918
0.000667837
0.000512075
0.000416421
0.0104751
0.0102547
0.00998217
0.0096534
0.00927338
0.0088473
0.00838052
0.00787856
0.00734709
0.00679197
0.00621938
0.00563593
0.00504877
0.00446572
0.00389511
0.00334551
0.0028252
0.00234164
0.00190113
0.00150895
0.00116972
0.000887918
0.000667837
0.000512075
0.000416421
0.0104117
0.0101922
0.00992069
0.00959338
0.00921519
0.00879132
0.00832708
0.00782797
0.00729963
0.00674791
0.00617897
0.00559938
0.00501626
0.00443736
0.00387093
0.00332543
0.00280903
0.00232907
0.00189179
0.00150238
0.00116545
0.000885444
0.000666627
0.00051162
0.000416314
0.01049
0.0102693
0.00999666
0.0096676
0.00928719
0.00886063
0.00839329
0.00789069
0.00735849
0.00680259
0.00622915
0.00564479
0.00505668
0.00447263
0.00390101
0.00335042
0.00282916
0.00234471
0.00190342
0.00151055
0.00117074
0.000888495
0.000668099
0.000512151
0.00041643
0.0104226
0.0102031
0.00993136
0.00960377
0.00922525
0.00880097
0.00833627
0.00783665
0.00730775
0.00675544
0.00618586
0.0056056
0.00502179
0.00444217
0.00387503
0.00332884
0.00281179
0.00233123
0.00189341
0.00150354
0.00116624
0.000885935
0.000666911
0.00051177
0.000416365
0.0104751
0.0102547
0.00998217
0.0096534
0.00927338
0.0088473
0.00838052
0.00787856
0.00734709
0.00679197
0.00621938
0.00563593
0.00504877
0.00446572
0.00389511
0.00334551
0.0028252
0.00234164
0.00190113
0.00150895
0.00116972
0.000887918
0.000667838
0.000512075
0.000416421
0.0104117
0.0101922
0.00992069
0.00959337
0.00921519
0.00879131
0.00832708
0.00782797
0.00729963
0.00674791
0.00617897
0.00559938
0.00501626
0.00443736
0.00387093
0.00332543
0.00280903
0.00232907
0.00189179
0.00150238
0.00116545
0.000885442
0.000666626
0.000511618
0.000416312
0.0104117
0.0101922
0.00992069
0.00959338
0.0092152
0.00879132
0.00832708
0.00782797
0.00729963
0.00674792
0.00617897
0.00559938
0.00501626
0.00443736
0.00387093
0.00332543
0.00280903
0.00232907
0.00189179
0.00150238
0.00116545
0.000885444
0.000666627
0.000511619
0.000416313
0.0104751
0.0102547
0.00998217
0.0096534
0.00927338
0.0088473
0.00838052
0.00787856
0.00734709
0.00679197
0.00621938
0.00563593
0.00504877
0.00446572
0.00389511
0.00334551
0.0028252
0.00234164
0.00190113
0.00150895
0.00116972
0.000887919
0.000667839
0.000512077
0.000416423
)
;

boundaryField
{
    outletCentralUnloaded
    {
        type            zeroGradient;
    }
    inletCentralUnloaded
    {
        type            zeroGradient;
    }
    outletFuelElement
    {
        type            zeroGradient;
    }
    inletFuelElement
    {
        type            zeroGradient;
    }
    defaultFaces
    {
        type            zeroGradient;
    }
    baffle_master
    {
        type            calculated;
        value           nonuniform List<scalar> 
150
(
0.000537643
0.000537643
0.000537643
0.000537592
0.000537592
0.000537592
0.000537541
0.000537541
0.000537541
0.000537492
0.000537492
0.000537492
0.000537442
0.000537442
0.000537442
0.000537391
0.000537391
0.000537391
0.000537339
0.000537339
0.000537339
0.000537288
0.000537288
0.000537288
0.000537239
0.000537239
0.000537239
0.000537194
0.000537194
0.000537194
0.000537153
0.000537153
0.000537153
0.000537116
0.000537116
0.000537116
0.000537082
0.000537082
0.000537082
0.000537051
0.000537051
0.000537051
0.000537022
0.000537022
0.000537022
0.000536996
0.000536996
0.000536996
0.000536977
0.000536977
0.000536977
0.00053697
0.00053697
0.00053697
0.000536982
0.000536982
0.000536982
0.000537026
0.000537026
0.000537026
0.000537124
0.000537124
0.000537124
0.000537302
0.000537302
0.000537302
0.000537606
0.000537606
0.000537606
0.000538097
0.000538097
0.000538097
0.000539491
0.000539491
0.000539491
0.000537643
0.000537643
0.000537643
0.000537592
0.000537592
0.000537592
0.000537541
0.000537541
0.000537541
0.000537492
0.000537492
0.000537492
0.000537442
0.000537442
0.000537442
0.000537391
0.000537391
0.000537391
0.000537339
0.000537339
0.000537339
0.000537288
0.000537288
0.000537288
0.000537239
0.000537239
0.000537239
0.000537194
0.000537194
0.000537194
0.000537153
0.000537153
0.000537153
0.000537116
0.000537116
0.000537116
0.000537082
0.000537082
0.000537082
0.000537051
0.000537051
0.000537051
0.000537022
0.000537022
0.000537022
0.000536996
0.000536996
0.000536996
0.000536977
0.000536977
0.000536977
0.00053697
0.00053697
0.00053697
0.000536982
0.000536982
0.000536982
0.000537026
0.000537026
0.000537026
0.000537124
0.000537124
0.000537124
0.000537302
0.000537302
0.000537302
0.000537606
0.000537606
0.000537606
0.000538097
0.000538097
0.000538097
0.000539491
0.000539491
0.000539491
)
;
    }
    baffle_slave
    {
        type            calculated;
        value           nonuniform List<scalar> 
150
(
0.01049
0.0104751
0.0104751
0.0102693
0.0102547
0.0102547
0.00999667
0.00998217
0.00998217
0.0096676
0.0096534
0.0096534
0.00928719
0.00927338
0.00927338
0.00886063
0.0088473
0.0088473
0.00839329
0.00838052
0.00838052
0.00789069
0.00787856
0.00787856
0.00735849
0.00734709
0.00734709
0.00680259
0.00679197
0.00679197
0.00622915
0.00621938
0.00621938
0.00564479
0.00563593
0.00563593
0.00505668
0.00504877
0.00504877
0.00447263
0.00446572
0.00446572
0.00390101
0.00389511
0.00389511
0.00335042
0.00334551
0.00334551
0.00282916
0.0028252
0.0028252
0.00234471
0.00234164
0.00234164
0.00190342
0.00190113
0.00190113
0.00151055
0.00150895
0.00150895
0.00117074
0.00116972
0.00116972
0.000888494
0.000887918
0.000887919
0.000668099
0.000667837
0.000667839
0.000512151
0.000512075
0.000512077
0.00041643
0.000416421
0.000416423
0.0104751
0.01049
0.0104751
0.0102547
0.0102693
0.0102547
0.00998217
0.00999666
0.00998217
0.0096534
0.0096676
0.0096534
0.00927338
0.00928719
0.00927338
0.0088473
0.00886063
0.0088473
0.00838052
0.00839329
0.00838052
0.00787856
0.00789069
0.00787856
0.00734709
0.00735849
0.00734709
0.00679197
0.00680259
0.00679197
0.00621938
0.00622915
0.00621938
0.00563593
0.00564479
0.00563593
0.00504877
0.00505668
0.00504877
0.00446572
0.00447263
0.00446572
0.00389511
0.00390101
0.00389511
0.00334551
0.00335042
0.00334551
0.0028252
0.00282916
0.0028252
0.00234164
0.00234471
0.00234164
0.00190113
0.00190342
0.00190113
0.00150895
0.00151055
0.00150895
0.00116972
0.00117074
0.00116972
0.000887918
0.000888495
0.000887918
0.000667837
0.000668099
0.000667838
0.000512075
0.000512151
0.000512075
0.000416421
0.00041643
0.000416421
)
;
    }
}


// ************************************************************************* //
