/*--------------------------------*- C++ -*----------------------------------*\
| =========                 |                                                 |
| \\      /  F ield         | OpenFOAM: The Open Source CFD Toolbox           |
|  \\    /   O peration     | Version:  2212                                  |
|   \\  /    A nd           | Website:  www.openfoam.com                      |
|    \\/     M anipulation  |                                                 |
\*---------------------------------------------------------------------------*/
FoamFile
{
    version     2.0;
    format      ascii;
    arch        "LSB;label=32;scalar=64";
    class       surfaceScalarField;
    location    "33/fluidRegion";
    object      alphaRhoPhi;
}
// * * * * * * * * * * * * * * * * * * * * * * * * * * * * * * * * * * * * * //

dimensions      [1 0 -1 0 0 0 0];

oriented        oriented;

internalField   nonuniform List<scalar> 
661
(
-0.00584962
4.70527e-10
-0.00584955
5.68272e-10
-0.00584946
4.40907e-10
-0.00584934
2.46499e-10
-0.00584921
3.06223e-11
-0.00584909
-1.65123e-10
-0.00584898
-3.24645e-10
-0.0058489
-4.46935e-10
-0.00584885
-5.32602e-10
-0.00584883
-5.75495e-10
-0.00584886
-5.65475e-10
-0.00584892
-4.97368e-10
-0.005849
-3.75941e-10
-0.00584911
-2.14668e-10
-0.00584922
-3.14798e-11
-0.00584933
1.52943e-10
-0.00584942
3.15959e-10
-0.00584948
4.36022e-10
-0.00584952
4.99303e-10
-0.00584952
5.04676e-10
-0.0058495
4.62943e-10
-0.00584945
3.93536e-10
-0.00584938
2.85139e-10
-0.0058493
-2.71919e-11
-6.68082e-10
-0.00584962
-0.00584955
-0.00584946
-0.00584934
-0.00584921
-0.00584909
-0.00584898
-0.0058489
-0.00584885
-0.00584883
-0.00584886
-0.00584892
-0.005849
-0.00584911
-0.00584922
-0.00584933
-0.00584942
-0.00584948
-0.00584952
-0.00584952
-0.0058495
-0.00584945
-0.00584938
-0.0058493
-0.00936579
6.35515e-07
-0.00936602
3.21539e-07
-0.0093663
3.60024e-07
-0.00936656
3.33813e-07
-0.0093668
3.13293e-07
-0.00936702
2.95021e-07
-0.00936723
2.78695e-07
-0.00936743
2.6248e-07
-0.00936761
2.42277e-07
-0.00936778
2.10245e-07
-0.0093679
1.54362e-07
-0.00936794
5.78623e-08
-0.00936786
-9.49827e-08
-0.0093676
-3.11453e-07
-0.00936709
-5.90858e-07
-0.00936629
-9.14988e-07
-0.00936516
-1.25911e-06
-0.0093637
-1.60882e-06
-0.00936187
-1.9768e-06
-0.00935962
-2.41313e-06
-0.00935679
-3.00601e-06
-0.00935312
-3.84489e-06
-0.00934835
-4.94852e-06
-0.00934273
-5.80226e-06
-7.02886e-06
-0.00928261
-2.17839e-08
-1.93041e-08
-0.00928214
-8.68836e-08
-8.59726e-08
-0.00928165
-8.39665e-08
-8.19028e-08
-0.0092812
-7.51518e-08
-7.2569e-08
-0.00928078
-6.76704e-08
-6.50101e-08
-0.00928039
-6.06686e-08
-5.83277e-08
-0.00928003
-5.40151e-08
-5.21599e-08
-0.0092797
-4.72877e-08
-4.59616e-08
-0.00927941
-3.92761e-08
-3.85191e-08
-0.00927916
-2.77843e-08
-2.76767e-08
-0.009279
-8.98119e-09
-9.57351e-09
-0.009279
2.17984e-08
2.04015e-08
-0.00927923
6.9441e-08
6.70871e-08
-0.0092798
1.40476e-07
1.36853e-07
-0.00928083
2.32991e-07
2.27886e-07
-0.0092824
3.42853e-07
3.35688e-07
-0.00928454
4.62836e-07
4.5314e-07
-0.00928727
5.88613e-07
5.75311e-07
-0.00929065
7.25293e-07
7.06913e-07
-0.00929478
8.90075e-07
8.64371e-07
-0.00929995
1.1141e-06
1.07599e-06
-0.00930656
1.42088e-06
1.36521e-06
-0.009315
1.79284e-06
1.7025e-06
-0.00932453
1.9264e-06
1.8014e-06
1.88831e-06
1.76092e-06
-0.00937943
3.21185e-07
-0.00937977
3.19074e-07
-0.00938011
3.14546e-07
-0.00938042
2.8826e-07
-0.0093807
2.65783e-07
-0.00938096
2.4566e-07
-0.00938119
2.2701e-07
-0.0093814
2.07694e-07
-0.00938159
1.82843e-07
-0.00938174
1.43807e-07
-0.00938181
7.7119e-08
-0.00938177
-3.3898e-08
-0.00938153
-2.06049e-07
-0.00938102
-4.48063e-07
-0.00938014
-7.56905e-07
-0.00937881
-1.11272e-06
-0.00937701
-1.49027e-06
-0.00937471
-1.87634e-06
-0.00937188
-2.28866e-06
-0.00936839
-2.78353e-06
-0.00936403
-3.45393e-06
-0.00935845
-4.38663e-06
-0.00935136
-5.51543e-06
-0.00934349
-6.1776e-06
-6.43044e-06
-0.00930126
1.53102e-09
-0.00930098
3.79185e-11
-0.0093007
1.88333e-10
-0.00930044
1.6309e-10
-0.00930021
1.97026e-10
-0.0093
2.34439e-10
-0.0092998
2.34385e-10
-0.00929962
2.73534e-10
-0.00929947
2.84181e-10
-0.00929934
2.50796e-10
-0.00929928
2.2841e-10
-0.00929932
1.75132e-10
-0.00929951
5.9976e-11
-0.00929993
-1.66446e-10
-0.00930064
-5.84788e-10
-0.0093017
-1.28498e-09
-0.00930312
-2.24551e-09
-0.00930492
-3.50848e-09
-0.00930713
-5.39934e-09
-0.00930984
-7.99835e-09
-0.0093132
-1.16166e-08
-0.0093175
-1.67471e-08
-0.00932292
-2.51914e-08
-0.00932901
-3.0635e-08
-3.52953e-08
-0.00930127
-3.17879e-07
-0.00930099
-3.18975e-07
-0.00930071
-3.14007e-07
-0.00930046
-2.87777e-07
-0.00930022
-2.65262e-07
-0.00930001
-2.45093e-07
-0.00929981
-2.26421e-07
-0.00929963
-2.07018e-07
-0.00929948
-1.82117e-07
-0.00929935
-1.43073e-07
-0.00929929
-7.63604e-08
-0.00929933
3.47133e-08
-0.00929952
2.06754e-07
-0.00929994
4.48536e-07
-0.00930065
7.56844e-07
-0.00930171
1.11169e-06
-0.00930313
1.48784e-06
-0.00930493
1.87187e-06
-0.00930715
2.28079e-06
-0.00930985
2.77039e-06
-0.00931322
3.43231e-06
-0.00931751
4.3518e-06
-0.00932293
5.4571e-06
-0.00932902
6.10101e-06
6.33497e-06
-0.00937944
1.98494e-08
-0.00937978
8.7126e-08
-0.00938011
8.44375e-08
-0.00938042
7.58554e-08
-0.0093807
6.8486e-08
-0.00938096
6.13568e-08
-0.00938119
5.4619e-08
-0.00938141
4.7761e-08
-0.00938159
3.9705e-08
-0.00938174
2.81419e-08
-0.00938181
9.45067e-09
-0.00938177
-2.11918e-08
-0.00938153
-6.84955e-08
-0.00938102
-1.39048e-07
-0.00938013
-2.30785e-07
-0.00937881
-3.39738e-07
-0.009377
-4.58251e-07
-0.0093747
-5.82353e-07
-0.00937187
-7.16785e-07
-0.00936838
-8.79576e-07
-0.00936402
-1.10081e-06
-0.00935843
-1.4056e-06
-0.00935134
-1.77712e-06
-0.00934348
-1.90973e-06
-1.85997e-06
-0.00928261
-6.35513e-07
-2.13224e-08
-0.00928214
-3.21218e-07
-8.60674e-08
-0.00928165
-3.58895e-07
-8.24628e-08
-0.0092812
-3.32364e-07
-7.31799e-08
-0.00928078
-3.11758e-07
-6.56475e-08
-0.00928039
-2.93737e-07
-5.89265e-08
-0.00928003
-2.77622e-07
-5.26945e-08
-0.0092797
-2.61692e-07
-4.64492e-08
-0.00927941
-2.41696e-07
-3.89297e-08
-0.00927916
-2.09952e-07
-2.79468e-08
-0.009279
-1.54202e-07
-9.68415e-09
-0.009279
-5.79195e-08
2.04383e-08
-0.00927923
9.47265e-08
6.75835e-08
-0.0092798
3.10825e-07
1.3806e-07
-0.00928083
5.89801e-07
2.3027e-07
-0.00928239
9.12817e-07
3.4015e-07
-0.00928454
1.25542e-06
4.60844e-07
-0.00928727
1.60177e-06
5.88411e-07
-0.00929065
1.96376e-06
7.29253e-07
-0.00929478
2.38782e-06
9.02483e-07
-0.00929995
2.95758e-06
1.14199e-06
-0.00930656
3.75583e-06
1.47589e-06
-0.009315
4.7793e-06
1.89109e-06
-0.00932453
5.53982e-06
2.07424e-06
6.67859e-06
2.10712e-06
-0.00936579
-0.00936602
-0.0093663
-0.00936656
-0.0093668
-0.00936702
-0.00936723
-0.00936743
-0.00936762
-0.00936778
-0.0093679
-0.00936794
-0.00936786
-0.0093676
-0.00936709
-0.00936629
-0.00936516
-0.00936369
-0.00936187
-0.00935962
-0.00935679
-0.00935312
-0.00934835
-0.00934273
-0.00930126
-3.214e-07
1.37935e-09
-0.00930098
-3.19261e-07
-2.42241e-10
-0.0093007
-3.1468e-07
-2.52932e-11
-0.00930044
-2.88393e-07
-2.72169e-11
-0.00930021
-2.65822e-07
-5.69187e-11
-0.0093
-2.45661e-07
-7.0594e-11
-0.0092998
-2.26924e-07
-7.92734e-11
-0.00929962
-2.07509e-07
-1.26376e-10
-0.00929947
-1.82504e-07
-2.00251e-10
-0.00929934
-1.43323e-07
-3.04906e-10
-0.00929928
-7.63212e-08
-5.45679e-10
-0.00929932
3.5009e-08
-8.03828e-10
-0.00929951
2.07755e-07
-1.3814e-09
-0.00929993
4.50511e-07
-2.28226e-09
-0.00930064
7.60384e-07
-3.54869e-09
-0.0093017
1.11761e-06
-5.63685e-09
-0.00930312
1.49761e-06
-8.89784e-09
-0.00930492
1.88772e-06
-1.43925e-08
-0.00930713
2.30742e-06
-2.33405e-08
-0.00930984
2.8154e-06
-3.82373e-08
-0.0093132
3.51246e-06
-6.49754e-08
-0.0093175
4.49151e-06
-1.06787e-07
-0.00932292
5.70476e-06
-1.77955e-07
-0.00932901
6.48263e-06
-2.58759e-07
6.84447e-06
-3.39309e-07
-0.00937943
-0.00937977
-0.00938011
-0.00938042
-0.0093807
-0.00938096
-0.00938119
-0.0093814
-0.00938159
-0.00938174
-0.00938181
-0.00938177
-0.00938154
-0.00938102
-0.00938014
-0.00937881
-0.00937701
-0.00937471
-0.00937188
-0.00936839
-0.00936403
-0.00935844
-0.00935136
-0.0093435
-0.00937944
3.18265e-07
-0.00937978
3.19844e-07
-0.00938011
3.15911e-07
-0.00938042
2.90135e-07
-0.0093807
2.67799e-07
-0.00938096
2.47312e-07
-0.00938119
2.28356e-07
-0.00938141
2.08584e-07
-0.00938159
1.83432e-07
-0.00938174
1.44021e-07
-0.00938181
7.718e-08
-0.00938177
-3.40446e-08
-0.00938153
-2.06069e-07
-0.00938102
-4.47916e-07
-0.00938013
-7.56012e-07
-0.00937881
-1.11099e-06
-0.009377
-1.48679e-06
-0.0093747
-1.87119e-06
-0.00937187
-2.28107e-06
-0.00936838
-2.77518e-06
-0.00936402
-3.44752e-06
-0.00935843
-4.39135e-06
-0.00935134
-5.55004e-06
-0.00934348
-6.26738e-06
-6.56572e-06
-0.00930127
-0.00930099
-0.00930071
-0.00930046
-0.00930022
-0.00930001
-0.00929981
-0.00929963
-0.00929948
-0.00929935
-0.00929929
-0.00929933
-0.00929952
-0.00929994
-0.00930065
-0.00930171
-0.00930313
-0.00930493
-0.00930715
-0.00930985
-0.00931322
-0.00931751
-0.00932293
-0.00932903
)
;

boundaryField
{
    outletCentralUnloaded
    {
        type            calculated;
        value           nonuniform List<scalar> 2(0.00584964 0.00584964);
    }
    inletCentralUnloaded
    {
        type            calculated;
        value           nonuniform List<scalar> 2(-0.0058737 -0.0058737);
    }
    outletFuelElement
    {
        type            calculated;
        value           nonuniform List<scalar> 
12
(
0.00936523
0.00928326
0.00937915
0.00930155
0.00930156
0.00937916
0.00928326
0.00936523
0.00930155
0.00937915
0.00937916
0.00930156
)
;
    }
    inletFuelElement
    {
        type            calculated;
        value           nonuniform List<scalar> 
12
(
-0.00951069
-0.00951069
-0.00951068
-0.00951068
-0.00951069
-0.00951069
-0.00951069
-0.00951069
-0.00951068
-0.00951068
-0.00951069
-0.00951069
)
;
    }
    defaultFaces
    {
        type            calculated;
        value           nonuniform List<scalar> 
450
(
3.89496e-24
-1.78556e-23
0
1.01281e-23
-4.86733e-24
0
1.12082e-23
9.84347e-25
0
-2.23782e-23
-7.52557e-24
0
-9.83259e-24
-1.83867e-23
0
-1.60466e-23
-1.06454e-23
0
-2.12415e-23
-7.4924e-24
0
-1.89222e-23
-6.10303e-24
0
-1.16783e-23
-1.03737e-24
0
-1.49483e-23
-7.65698e-24
0
-1.30312e-23
-5.46417e-24
0
-4.33197e-24
-2.81854e-24
0
4.62877e-24
3.71131e-24
0
2.32801e-23
1.16725e-23
0
2.89659e-23
1.89184e-23
0
6.31687e-23
2.46232e-23
0
5.93286e-23
-4.45837e-23
0
9.36816e-23
6.33277e-23
0
1.50431e-22
-1.23923e-22
0
-3.63258e-23
-6.67271e-23
0
-7.60584e-23
-1.92272e-23
0
1.9211e-22
-8.00772e-23
0
-2.33224e-22
-8.67228e-23
0
-2.06545e-22
-1.05805e-22
0
-1.61904e-22
-2.45605e-22
0
1.31485e-23
0
1.14661e-23
0
3.91412e-24
0
1.21047e-23
0
-2.09361e-24
0
4.37507e-24
0
9.20778e-24
0
7.32143e-24
0
0
0
4.21638e-24
0
2.67576e-24
0
-8.4026e-25
0
-7.47199e-24
0
-1.68193e-23
0
-2.87874e-23
0
-4.44636e-23
0
3.92782e-23
0
-6.2832e-23
0
3.84768e-23
0
-9.64654e-23
0
-1.86134e-22
0
1.63981e-22
0
-5.53814e-23
0
-2.24569e-22
0
-2.87137e-22
0
0
0
3.85756e-24
-3.9761e-24
4.12571e-24
0
-4.53533e-24
0
7.70607e-24
-2.76839e-24
0
4.13754e-25
0
8.28368e-24
9.45451e-24
-2.19132e-23
-5.16492e-23
0
-3.80084e-23
9.53973e-23
-6.14426e-23
-1.62672e-22
-2.20234e-22
7.46085e-23
0
0
0
0
0
0
0
0
0
0
0
0
0
0
0
0
0
0
0
0
0
0
0
0
0
0
-7.51341e-24
7.51341e-24
3.82202e-24
1.14661e-23
7.82824e-24
1.95706e-23
-8.06979e-24
-6.05234e-24
6.28081e-24
-6.28081e-24
-8.75012e-24
-4.37506e-24
-4.60389e-24
-4.60389e-24
-4.88095e-24
-2.44047e-24
9.1279e-24
-2.60797e-24
-4.21637e-24
-5.62183e-24
-2.29351e-24
-2.29351e-24
2.52078e-24
1.19474e-24
7.47198e-24
9.33997e-24
1.26145e-23
1.26145e-23
1.91916e-23
1.91916e-23
3.33476e-23
2.22318e-23
-3.92782e-23
6.54636e-23
9.42478e-23
4.71239e-23
-1.1543e-22
1.53907e-22
-9.64652e-23
-7.23489e-23
-3.10223e-23
-9.3067e-23
-2.04976e-22
1.63981e-22
-1.10763e-22
-1.10763e-22
0
-1.8714e-22
-1.91425e-22
-2.39281e-22
6.34616e-24
0
0
1.2606e-24
0
0
6.70445e-24
0
-3.1234e-23
-2.73525e-23
0
1.2074e-23
5.73069e-24
0
-4.17654e-24
-2.26581e-23
0
4.36387e-24
-2.84441e-23
0
9.18413e-24
-2.08593e-23
0
0
-1.0209e-23
0
-5.20247e-24
-2.05729e-23
0
0
-1.61003e-23
0
6.10022e-24
-5.40913e-24
0
8.38095e-25
7.56913e-24
-0
0
3.26084e-23
-0
-1.25827e-23
4.39403e-23
-0
-9.57212e-24
8.16456e-23
-0
-1.10893e-23
5.24586e-23
-0
-2.61256e-23
1.41116e-22
-0
-3.13483e-23
1.02252e-22
-0
-7.68001e-23
-6.55422e-23
-0
4.81459e-23
-2.24735e-23
-0
6.19477e-23
1.39263e-22
-0
1.63772e-22
-1.44616e-22
-0
-1.1066e-22
-2.05476e-23
-0
1.49633e-22
-1.87416e-22
-0
9.56965e-23
-7.40691e-24
-7.5346e-24
3.85756e-24
0
4.12571e-24
-4.31034e-24
0
0
0
0
-1.50581e-24
8.27508e-25
7.35901e-24
1.65674e-23
9.45451e-24
4.38264e-23
-5.16492e-23
0
-7.60168e-23
0
0
-2.44007e-22
-2.20234e-22
0
0
1.03309e-23
0
1.14661e-23
0
3.91412e-24
0
8.0698e-24
0
-2.09361e-24
0
4.37507e-24
0
6.90584e-24
0
9.76191e-24
0
1.30399e-24
0
4.21638e-24
0
1.14676e-24
0
-8.4026e-25
-0
-3.73599e-24
-0
-1.26145e-23
-0
-3.83832e-23
-0
-5.55795e-23
-0
9.16492e-23
-0
-6.2832e-23
-0
1.1543e-22
-0
-9.64654e-23
-0
-1.2409e-22
-0
1.63981e-22
-0
5.53814e-23
-0
-2.99425e-22
-0
-1.91425e-22
-0
-9.39176e-24
3.7567e-24
-7.64405e-24
1.14661e-23
-7.82824e-24
3.91412e-24
-8.06979e-24
-2.01745e-23
0
6.28081e-24
-6.56259e-24
-1.75002e-23
-4.60389e-24
-1.38117e-23
-4.88095e-24
-1.46428e-23
1.30399e-24
-7.82391e-24
-4.21637e-24
-8.43275e-24
-3.05801e-24
-4.58702e-24
1.68052e-24
4.772e-24
3.73599e-24
1.86799e-23
1.26145e-23
3.78434e-23
2.87874e-23
6.23726e-23
2.22318e-23
1.00043e-22
0
9.16491e-23
3.14159e-23
1.72788e-22
-3.84767e-23
1.1543e-22
0
-7.23489e-23
3.10223e-23
-1.24089e-22
0
2.45971e-22
1.66144e-22
-2.21525e-22
0
-2.24568e-22
0
-1.91425e-22
-0
-0
-0
-0
-0
-0
-0
-0
-0
-0
-0
0
0
0
0
0
0
0
0
0
0
0
0
0
0
)
;
    }
    baffle_master
    {
        type            calculated;
        value           nonuniform List<scalar> 
150
(
5.32227e-27
0
0
-7.18436e-27
0
0
3.30889e-27
0
0
-5.61393e-28
0
0
1.94659e-27
0
4.97088e-28
2.01608e-27
0
-1.98852e-27
8.74614e-28
0
0
1.62049e-27
0
0
9.16207e-27
0
0
5.34641e-27
0
-7.95668e-27
-3.40502e-27
0
0
4.19772e-27
0
7.95799e-27
-7.84983e-28
0
0
1.2321e-28
0
0
9.09502e-29
0
0
-5.3987e-28
0
0
-3.04261e-26
0
-1.19419e-26
-6.55153e-27
0
0
-3.21195e-26
0
-1.59252e-26
-4.00702e-27
0
-1.59265e-26
-4.16521e-27
0
0
2.55527e-26
0
1.59291e-26
-9.96444e-28
0
3.98262e-27
4.81491e-28
0
9.95736e-28
5.32188e-28
0
-7.96653e-27
-7.95077e-27
2.31132e-26
-0
0
2.01063e-26
-0
0
2.16468e-26
-0
0
1.03969e-26
-0
0
-6.74978e-28
-0
0
-7.82723e-27
0
0
-8.40677e-27
0
7.95537e-27
-2.41059e-26
0
-1.59121e-26
-2.00193e-26
0
7.95668e-27
-2.42448e-26
0
1.59147e-26
-1.87829e-26
0
0
-1.09044e-26
0
7.95864e-27
-1.80364e-26
0
0
-8.55611e-27
0
4.97497e-28
-1.23645e-27
0
-1.99015e-27
5.58427e-27
-0
7.96127e-27
8.85623e-27
-0
-7.96193e-27
8.15247e-27
-0
7.96259e-27
9.43209e-27
-0
0
-7.69988e-27
-0
0
-1.53865e-26
-0
2.38937e-26
-2.03499e-26
-0
7.96523e-27
1.19974e-26
-0
-4.97868e-28
2.75225e-28
0
7.96653e-27
2.01895e-26
0
)
;
    }
    baffle_slave
    {
        type            calculated;
        value           nonuniform List<scalar> 
150
(
-9.22728e-25
-0
7.40691e-24
1.40789e-24
-0
0
2.58279e-24
-0
0
-8.66711e-25
-0
0
-1.64441e-23
-0
-1.23771e-23
3.62378e-24
-0
4.31034e-24
-7.76682e-25
-0
4.53533e-24
-1.49695e-25
-0
4.80782e-24
2.63919e-24
-0
0
8.83455e-25
-0
-2.76839e-24
1.19546e-24
-0
-1.50581e-24
-1.49424e-24
0
4.13754e-25
1.14554e-25
0
0
-7.73706e-25
0
0
4.12118e-24
0
0
6.14103e-24
0
2.19132e-23
-7.27832e-23
0
-5.16492e-23
-5.31159e-24
0
0
-8.17046e-23
0
-1.14025e-22
1.85803e-23
0
-4.76987e-23
9.57684e-24
0
0
1.2683e-22
0
1.62672e-22
-2.40524e-23
0
0
3.26139e-23
0
-7.46085e-23
7.76732e-23
0
0
-1.90721e-24
2.47983e-23
0
-3.40608e-24
7.62606e-24
0
8.16967e-24
1.08117e-23
0
-2.13576e-24
8.91474e-24
0
-1.86184e-24
-1.51595e-23
0
-7.19529e-24
6.24096e-24
0
-3.5656e-24
5.08373e-24
0
-1.18047e-25
9.84242e-24
0
3.94537e-24
5.27837e-24
0
-1.46976e-24
5.1068e-24
0
1.09904e-25
4.44195e-24
0
-6.05381e-25
2.29288e-24
0
5.81208e-24
-1.23146e-24
0
3.61392e-24
-5.89951e-24
0
1.52816e-23
-1.52704e-23
0
1.13032e-23
-2.20267e-23
0
-1.41227e-23
-3.00582e-23
0
3.79856e-23
-2.51093e-23
0
-2.23503e-23
1.48016e-23
0
-4.08751e-23
6.09432e-23
0
-2.40291e-23
3.06459e-23
0
-1.0737e-23
1.85172e-22
0
-1.58484e-22
-6.18491e-23
0
1.07629e-22
8.38642e-23
0
5.24964e-23
7.16984e-23
0
)
;
    }
}


// ************************************************************************* //
