/*--------------------------------*- C++ -*----------------------------------*\
| =========                 |                                                 |
| \\      /  F ield         | OpenFOAM: The Open Source CFD Toolbox           |
|  \\    /   O peration     | Version:  2212                                  |
|   \\  /    A nd           | Website:  www.openfoam.com                      |
|    \\/     M anipulation  |                                                 |
\*---------------------------------------------------------------------------*/
FoamFile
{
    version     2.0;
    format      ascii;
    arch        "LSB;label=32;scalar=64";
    class       volScalarField;
    location    "33/fluidRegion";
    object      alphat;
}
// * * * * * * * * * * * * * * * * * * * * * * * * * * * * * * * * * * * * * //

dimensions      [1 -1 -1 0 0 0 0];

internalField   nonuniform List<scalar> 
350
(
0.00258548
0.00258548
0.00258548
0.00258549
0.0025855
0.00258551
0.00258552
0.00258553
0.00258554
0.00258556
0.00258558
0.00258562
0.00258567
0.00258575
0.00258588
0.00258607
0.00258637
0.00258682
0.00258752
0.00258859
0.00259023
0.00259273
0.00259655
0.00260239
0.00261131
0.00258548
0.00258548
0.00258548
0.00258549
0.0025855
0.00258551
0.00258552
0.00258553
0.00258554
0.00258556
0.00258558
0.00258562
0.00258567
0.00258575
0.00258588
0.00258607
0.00258637
0.00258682
0.00258752
0.00258859
0.00259023
0.00259273
0.00259655
0.00260239
0.00261131
0.000894619
0.000882847
0.000871335
0.000859677
0.000847767
0.000835498
0.000822765
0.000809471
0.000795532
0.000780885
0.0007655
0.000749384
0.000732578
0.000715152
0.000697182
0.000678765
0.000660083
0.000641605
0.000624532
0.000611722
0.000609571
0.000631357
0.000699477
0.000831007
0.000999262
0.000886851
0.00087509
0.000863611
0.000851992
0.000840129
0.000827916
0.000815246
0.000802021
0.000788155
0.000773586
0.000758286
0.000742266
0.000725576
0.000708298
0.00069052
0.000672347
0.00065396
0.000635814
0.00061909
0.000606619
0.000604783
0.000626902
0.000695593
0.000828369
0.000998542
0.00089586
0.000884076
0.000872554
0.000860885
0.000848962
0.000836679
0.000823932
0.000810623
0.000796667
0.000782003
0.000766599
0.000750462
0.000733632
0.000716176
0.000698169
0.000679707
0.000660971
0.000642433
0.000625296
0.000612422
0.000610208
0.000631932
0.000699967
0.00083134
0.000999379
0.000888635
0.000876876
0.000865391
0.000853767
0.000841895
0.000829671
0.000816988
0.000803748
0.000789867
0.000775281
0.000759961
0.000743918
0.000727201
0.000709888
0.000692065
0.000673836
0.00065538
0.000637158
0.000620352
0.000607803
0.000605894
0.000627937
0.000696497
0.000828986
0.000998712
0.000888635
0.000876876
0.000865391
0.000853767
0.000841895
0.000829671
0.000816988
0.000803748
0.000789867
0.000775281
0.000759961
0.000743918
0.000727201
0.000709888
0.000692065
0.000673836
0.00065538
0.000637158
0.000620352
0.000607803
0.000605894
0.000627936
0.000696497
0.000828985
0.000998712
0.00089586
0.000884076
0.000872554
0.000860885
0.000848962
0.000836679
0.000823931
0.000810622
0.000796667
0.000782003
0.000766599
0.000750461
0.000733632
0.000716175
0.000698168
0.000679705
0.000660969
0.000642431
0.000625294
0.000612419
0.000610206
0.00063193
0.000699966
0.00083134
0.000999381
0.000886851
0.00087509
0.000863611
0.000851992
0.00084013
0.000827916
0.000815246
0.000802021
0.000788155
0.000773586
0.000758286
0.000742266
0.000725576
0.000708298
0.00069052
0.000672347
0.00065396
0.000635814
0.00061909
0.000606619
0.000604783
0.000626902
0.000695593
0.000828368
0.000998541
0.000894619
0.000882847
0.000871335
0.000859678
0.000847767
0.000835498
0.000822765
0.000809471
0.000795532
0.000780886
0.0007655
0.000749384
0.000732578
0.000715152
0.000697182
0.000678765
0.000660083
0.000641605
0.000624531
0.000611722
0.00060957
0.000631357
0.000699478
0.00083101
0.000999268
0.000888635
0.000876876
0.000865391
0.000853767
0.000841895
0.000829671
0.000816988
0.000803749
0.000789867
0.000775281
0.000759961
0.000743918
0.000727201
0.000709888
0.000692065
0.000673836
0.00065538
0.000637158
0.000620352
0.000607803
0.000605894
0.000627937
0.000696498
0.000828987
0.000998714
0.00089586
0.000884076
0.000872554
0.000860885
0.000848962
0.000836679
0.000823932
0.000810623
0.000796668
0.000782003
0.0007666
0.000750462
0.000733633
0.000716176
0.000698169
0.000679707
0.000660971
0.000642433
0.000625296
0.000612422
0.000610208
0.000631931
0.000699964
0.000831334
0.000999366
0.00089586
0.000884076
0.000872554
0.000860885
0.000848962
0.000836679
0.000823932
0.000810622
0.000796667
0.000782003
0.000766599
0.000750461
0.000733631
0.000716175
0.000698168
0.000679705
0.000660969
0.00064243
0.000625293
0.000612418
0.000610205
0.000631929
0.000699964
0.000831337
0.000999378
0.000888635
0.000876876
0.000865392
0.000853767
0.000841896
0.000829671
0.000816988
0.000803749
0.000789867
0.000775281
0.000759961
0.000743918
0.000727201
0.000709888
0.000692065
0.000673836
0.00065538
0.000637157
0.000620352
0.000607802
0.000605893
0.000627936
0.000696498
0.00082899
0.000998721
)
;

boundaryField
{
    outletCentralUnloaded
    {
        type            zeroGradient;
    }
    inletCentralUnloaded
    {
        type            zeroGradient;
    }
    outletFuelElement
    {
        type            zeroGradient;
    }
    inletFuelElement
    {
        type            zeroGradient;
    }
    defaultFaces
    {
        type            zeroGradient;
    }
    baffle_master
    {
        type            calculated;
        value           nonuniform List<scalar> 
150
(
0.00258548
0.00258548
0.00258548
0.00258548
0.00258548
0.00258548
0.00258548
0.00258548
0.00258548
0.00258549
0.00258549
0.00258549
0.0025855
0.0025855
0.0025855
0.00258551
0.00258551
0.00258551
0.00258552
0.00258552
0.00258552
0.00258553
0.00258553
0.00258553
0.00258554
0.00258554
0.00258554
0.00258556
0.00258556
0.00258556
0.00258558
0.00258558
0.00258558
0.00258562
0.00258562
0.00258562
0.00258567
0.00258567
0.00258567
0.00258575
0.00258575
0.00258575
0.00258588
0.00258588
0.00258588
0.00258607
0.00258607
0.00258607
0.00258637
0.00258637
0.00258637
0.00258682
0.00258682
0.00258682
0.00258752
0.00258752
0.00258752
0.00258859
0.00258859
0.00258859
0.00259023
0.00259023
0.00259023
0.00259273
0.00259273
0.00259273
0.00259655
0.00259655
0.00259655
0.00260239
0.00260239
0.00260239
0.00261131
0.00261131
0.00261131
0.00258548
0.00258548
0.00258548
0.00258548
0.00258548
0.00258548
0.00258548
0.00258548
0.00258548
0.00258549
0.00258549
0.00258549
0.0025855
0.0025855
0.0025855
0.00258551
0.00258551
0.00258551
0.00258552
0.00258552
0.00258552
0.00258553
0.00258553
0.00258553
0.00258554
0.00258554
0.00258554
0.00258556
0.00258556
0.00258556
0.00258558
0.00258558
0.00258558
0.00258562
0.00258562
0.00258562
0.00258567
0.00258567
0.00258567
0.00258575
0.00258575
0.00258575
0.00258588
0.00258588
0.00258588
0.00258607
0.00258607
0.00258607
0.00258637
0.00258637
0.00258637
0.00258682
0.00258682
0.00258682
0.00258752
0.00258752
0.00258752
0.00258859
0.00258859
0.00258859
0.00259023
0.00259023
0.00259023
0.00259273
0.00259273
0.00259273
0.00259655
0.00259655
0.00259655
0.00260239
0.00260239
0.00260239
0.00261131
0.00261131
0.00261131
)
;
    }
    baffle_slave
    {
        type            calculated;
        value           nonuniform List<scalar> 
150
(
0.000886851
0.000888635
0.000888635
0.00087509
0.000876876
0.000876876
0.000863611
0.000865391
0.000865392
0.000851992
0.000853767
0.000853767
0.000840129
0.000841895
0.000841896
0.000827916
0.000829671
0.000829671
0.000815246
0.000816988
0.000816988
0.000802021
0.000803748
0.000803749
0.000788155
0.000789867
0.000789867
0.000773586
0.000775281
0.000775281
0.000758286
0.000759961
0.000759961
0.000742266
0.000743918
0.000743918
0.000725576
0.000727201
0.000727201
0.000708298
0.000709888
0.000709888
0.00069052
0.000692065
0.000692065
0.000672347
0.000673836
0.000673836
0.00065396
0.00065538
0.00065538
0.000635814
0.000637158
0.000637157
0.00061909
0.000620352
0.000620352
0.000606619
0.000607803
0.000607802
0.000604783
0.000605894
0.000605893
0.000626902
0.000627937
0.000627936
0.000695593
0.000696497
0.000696498
0.000828369
0.000828986
0.00082899
0.000998542
0.000998712
0.000998721
0.000888635
0.000886851
0.000888635
0.000876876
0.00087509
0.000876876
0.000865391
0.000863611
0.000865391
0.000853767
0.000851992
0.000853767
0.000841895
0.00084013
0.000841895
0.000829671
0.000827916
0.000829671
0.000816988
0.000815246
0.000816988
0.000803748
0.000802021
0.000803749
0.000789867
0.000788155
0.000789867
0.000775281
0.000773586
0.000775281
0.000759961
0.000758286
0.000759961
0.000743918
0.000742266
0.000743918
0.000727201
0.000725576
0.000727201
0.000709888
0.000708298
0.000709888
0.000692065
0.00069052
0.000692065
0.000673836
0.000672347
0.000673836
0.00065538
0.00065396
0.00065538
0.000637158
0.000635814
0.000637158
0.000620352
0.00061909
0.000620352
0.000607803
0.000606619
0.000607803
0.000605894
0.000604783
0.000605894
0.000627936
0.000626902
0.000627937
0.000696497
0.000695593
0.000696498
0.000828985
0.000828368
0.000828987
0.000998712
0.000998541
0.000998714
)
;
    }
}


// ************************************************************************* //
