/*--------------------------------*- C++ -*----------------------------------*\
| =========                 |                                                 |
| \\      /  F ield         | OpenFOAM: The Open Source CFD Toolbox           |
|  \\    /   O peration     | Version:  2212                                  |
|   \\  /    A nd           | Website:  www.openfoam.com                      |
|    \\/     M anipulation  |                                                 |
\*---------------------------------------------------------------------------*/
FoamFile
{
    version     2.0;
    format      ascii;
    arch        "LSB;label=32;scalar=64";
    class       volScalarField;
    location    "33/fluidRegion";
    object      hdeltaT;
}
// * * * * * * * * * * * * * * * * * * * * * * * * * * * * * * * * * * * * * //

dimensions      [1 0 -3 0 0 0 0];

internalField   nonuniform List<scalar> 
350
(
0
0
0
0
0
0
0
0
0
0
0
0
0
0
0
0
0
0
0
0
0
0
0
0
0
0
0
0
0
0
0
0
0
0
0
0
0
0
0
0
0
0
0
0
0
0
0
0
0
0
360368
1.24621e+06
2.11149e+06
2.94258e+06
3.72638e+06
4.45056e+06
5.10369e+06
5.67551e+06
6.15701e+06
6.54062e+06
6.82031e+06
6.9917e+06
7.05211e+06
7.00059e+06
6.83798e+06
6.56684e+06
6.19142e+06
5.71763e+06
5.1529e+06
4.50626e+06
3.78801e+06
3.00998e+06
2.18538e+06
1.32875e+06
454034
363567
1.25957e+06
2.13478e+06
2.9754e+06
3.76821e+06
4.50071e+06
5.16135e+06
5.73975e+06
6.22681e+06
6.61485e+06
6.89779e+06
7.07118e+06
7.13232e+06
7.08026e+06
6.91584e+06
6.64164e+06
6.26198e+06
5.78281e+06
5.21166e+06
4.55766e+06
3.83121e+06
3.04428e+06
2.21023e+06
1.34379e+06
459074
359858
1.24408e+06
2.10778e+06
2.93735e+06
3.71972e+06
4.44256e+06
5.0945e+06
5.66527e+06
6.14588e+06
6.52879e+06
6.80796e+06
6.97904e+06
7.03932e+06
6.9879e+06
6.82557e+06
6.55492e+06
6.18018e+06
5.70724e+06
5.14353e+06
4.49807e+06
3.78112e+06
3.00452e+06
2.18142e+06
1.32635e+06
453231
362821
1.25648e+06
2.12941e+06
2.96784e+06
3.75858e+06
4.48916e+06
5.14808e+06
5.72496e+06
6.21074e+06
6.59776e+06
6.87995e+06
7.05289e+06
7.11386e+06
7.06192e+06
6.89792e+06
6.62442e+06
6.24573e+06
5.76781e+06
5.19814e+06
4.54583e+06
3.82126e+06
3.03639e+06
2.20451e+06
1.34033e+06
457914
362821
1.25648e+06
2.12941e+06
2.96784e+06
3.75858e+06
4.48916e+06
5.14808e+06
5.72496e+06
6.21074e+06
6.59776e+06
6.87995e+06
7.05289e+06
7.11386e+06
7.06192e+06
6.89791e+06
6.62442e+06
6.24573e+06
5.76781e+06
5.19814e+06
4.54583e+06
3.82126e+06
3.03639e+06
2.20451e+06
1.34033e+06
457914
359858
1.24408e+06
2.10778e+06
2.93735e+06
3.71972e+06
4.44256e+06
5.0945e+06
5.66527e+06
6.14588e+06
6.52879e+06
6.80796e+06
6.97903e+06
7.03932e+06
6.9879e+06
6.82557e+06
6.55492e+06
6.18018e+06
5.70724e+06
5.14353e+06
4.49807e+06
3.78112e+06
3.00452e+06
2.18142e+06
1.32635e+06
453231
363567
1.25957e+06
2.13478e+06
2.97541e+06
3.76821e+06
4.50071e+06
5.16135e+06
5.73975e+06
6.22681e+06
6.61485e+06
6.89779e+06
7.07118e+06
7.13232e+06
7.08026e+06
6.91584e+06
6.64164e+06
6.26198e+06
5.78281e+06
5.21166e+06
4.55766e+06
3.83121e+06
3.04428e+06
2.21023e+06
1.34379e+06
459074
360367
1.24621e+06
2.11149e+06
2.94258e+06
3.72638e+06
4.45056e+06
5.10369e+06
5.67551e+06
6.15701e+06
6.54062e+06
6.82031e+06
6.9917e+06
7.0521e+06
7.00059e+06
6.83798e+06
6.56684e+06
6.19142e+06
5.71762e+06
5.1529e+06
4.50626e+06
3.78801e+06
3.00998e+06
2.18538e+06
1.32875e+06
454034
362821
1.25648e+06
2.12941e+06
2.96784e+06
3.75858e+06
4.48916e+06
5.14808e+06
5.72496e+06
6.21074e+06
6.59776e+06
6.87995e+06
7.05289e+06
7.11386e+06
7.06192e+06
6.89792e+06
6.62442e+06
6.24573e+06
5.76781e+06
5.19814e+06
4.54583e+06
3.82126e+06
3.03639e+06
2.20451e+06
1.34033e+06
457914
359859
1.24408e+06
2.10778e+06
2.93735e+06
3.71972e+06
4.44256e+06
5.0945e+06
5.66527e+06
6.14588e+06
6.52879e+06
6.80797e+06
6.97904e+06
7.03932e+06
6.9879e+06
6.82557e+06
6.55492e+06
6.18018e+06
5.70724e+06
5.14353e+06
4.49807e+06
3.78112e+06
3.00452e+06
2.18142e+06
1.32635e+06
453231
359858
1.24408e+06
2.10778e+06
2.93735e+06
3.71972e+06
4.44256e+06
5.0945e+06
5.66527e+06
6.14588e+06
6.52879e+06
6.80796e+06
6.97903e+06
7.03932e+06
6.9879e+06
6.82557e+06
6.55492e+06
6.18018e+06
5.70724e+06
5.14353e+06
4.49807e+06
3.78112e+06
3.00452e+06
2.18142e+06
1.32635e+06
453231
362821
1.25648e+06
2.12941e+06
2.96784e+06
3.75858e+06
4.48916e+06
5.14808e+06
5.72496e+06
6.21074e+06
6.59776e+06
6.87995e+06
7.05289e+06
7.11386e+06
7.06192e+06
6.89791e+06
6.62442e+06
6.24573e+06
5.76781e+06
5.19814e+06
4.54583e+06
3.82126e+06
3.03639e+06
2.20451e+06
1.34033e+06
457914
)
;

boundaryField
{
    outletCentralUnloaded
    {
        type            calculated;
        value           uniform 0;
    }
    inletCentralUnloaded
    {
        type            calculated;
        value           uniform 0;
    }
    outletFuelElement
    {
        type            calculated;
        value           uniform 0;
    }
    inletFuelElement
    {
        type            calculated;
        value           nonuniform List<scalar> 
12
(
3.03988e+06
3.03869e+06
3.03979e+06
3.03901e+06
3.03901e+06
3.03978e+06
3.03869e+06
3.03988e+06
3.03901e+06
3.03979e+06
3.03978e+06
3.03901e+06
)
;
    }
    defaultFaces
    {
        type            calculated;
        value           nonuniform List<scalar> 
450
(
0
0
0
0
0
0
0
0
0
0
0
0
0
0
0
0
0
0
0
0
0
0
0
0
0
0
0
0
0
0
0
0
0
0
0
0
0
0
0
0
0
0
0
0
0
0
0
0
1.31699e+06
1.31699e+06
1.31699e+06
2.37716e+06
2.37716e+06
2.37716e+06
3.09766e+06
3.09766e+06
3.09766e+06
3.50287e+06
3.50287e+06
3.50287e+06
3.63565e+06
3.63565e+06
3.63565e+06
3.56033e+06
3.56033e+06
3.56033e+06
3.36545e+06
3.36545e+06
3.36545e+06
3.16013e+06
3.16013e+06
3.16013e+06
3.00606e+06
3.00606e+06
3.00606e+06
0
0
0
0
0
0
0
0
0
0
0
0
0
0
0
0
0
0
0
0
0
0
0
0
0
0
0
0
0
0
0
0
1.33513e+06
1.33513e+06
2.38966e+06
2.38966e+06
3.10576e+06
3.10576e+06
3.50773e+06
3.50773e+06
3.6383e+06
3.6383e+06
3.56163e+06
3.56163e+06
3.366e+06
3.366e+06
3.16026e+06
3.16026e+06
3.00603e+06
3.00603e+06
0
0
0
0
0
0
0
0
0
0
0
0
0
0
0
0
1.22415e+06
2.31243e+06
3.05498e+06
3.47642e+06
3.62018e+06
3.55147e+06
3.3601e+06
3.15685e+06
3.00491e+06
0
0
0
0
0
0
0
0
0
0
0
0
0
0
0
0
1.22415e+06
2.31243e+06
3.05498e+06
3.47642e+06
3.62018e+06
3.55147e+06
3.3601e+06
3.15685e+06
3.00491e+06
0
0
0
0
0
0
0
0
0
0
0
0
0
0
0
0
0
0
0
0
0
0
0
0
0
0
0
0
0
0
0
0
1.33511e+06
1.33511e+06
2.38965e+06
2.38965e+06
3.10575e+06
3.10575e+06
3.50772e+06
3.50772e+06
3.63829e+06
3.63829e+06
3.56162e+06
3.56162e+06
3.366e+06
3.366e+06
3.16025e+06
3.16025e+06
3.00603e+06
3.00603e+06
0
0
0
0
0
0
0
0
0
0
0
0
0
0
0
0
0
0
0
0
0
0
0
0
0
0
0
0
0
0
0
0
0
0
0
0
0
0
0
0
0
0
0
0
0
0
0
0
1.31699e+06
1.31699e+06
1.31699e+06
2.37715e+06
2.37715e+06
2.37715e+06
3.09766e+06
3.09766e+06
3.09766e+06
3.50287e+06
3.50287e+06
3.50287e+06
3.63564e+06
3.63564e+06
3.63564e+06
3.56033e+06
3.56033e+06
3.56033e+06
3.36545e+06
3.36545e+06
3.36545e+06
3.16013e+06
3.16013e+06
3.16013e+06
3.00606e+06
3.00606e+06
3.00606e+06
0
0
0
0
0
0
0
0
0
0
0
0
0
0
0
0
1.22415e+06
2.31243e+06
3.05498e+06
3.47642e+06
3.62018e+06
3.55146e+06
3.36009e+06
3.15685e+06
3.00491e+06
0
0
0
0
0
0
0
0
0
0
0
0
0
0
0
0
0
0
0
0
0
0
0
0
0
0
0
0
0
0
0
0
1.33513e+06
1.33513e+06
2.38966e+06
2.38966e+06
3.10576e+06
3.10576e+06
3.50773e+06
3.50773e+06
3.6383e+06
3.6383e+06
3.56163e+06
3.56163e+06
3.366e+06
3.366e+06
3.16026e+06
3.16026e+06
3.00603e+06
3.00603e+06
0
0
0
0
0
0
0
0
0
0
0
0
0
0
0
0
0
0
0
0
0
0
0
0
0
0
0
0
0
0
0
0
1.33511e+06
1.33511e+06
2.38964e+06
2.38964e+06
3.10575e+06
3.10575e+06
3.50772e+06
3.50772e+06
3.63829e+06
3.63829e+06
3.56162e+06
3.56162e+06
3.366e+06
3.366e+06
3.16025e+06
3.16025e+06
3.00603e+06
3.00603e+06
0
0
0
0
0
0
0
0
0
0
0
0
0
0
0
0
1.22415e+06
2.31243e+06
3.05498e+06
3.47642e+06
3.62018e+06
3.55147e+06
3.3601e+06
3.15685e+06
3.00491e+06
)
;
    }
    baffle_master
    {
        type            calculated;
        value           uniform 0;
    }
    baffle_slave
    {
        type            calculated;
        value           nonuniform List<scalar> 
150
(
0
0
0
0
0
0
0
0
0
0
0
0
0
0
0
0
0
0
0
0
0
0
0
0
0
0
0
0
0
0
0
0
0
0
0
0
0
0
0
0
0
0
0
0
0
0
0
0
1.19618e+06
1.22415e+06
1.22415e+06
2.29289e+06
2.31243e+06
2.31243e+06
3.04205e+06
3.05498e+06
3.05498e+06
3.46839e+06
3.47642e+06
3.47642e+06
3.61545e+06
3.62018e+06
3.62018e+06
3.54872e+06
3.55147e+06
3.55147e+06
3.3584e+06
3.3601e+06
3.3601e+06
3.15577e+06
3.15685e+06
3.15685e+06
3.00451e+06
3.00491e+06
3.00491e+06
0
0
0
0
0
0
0
0
0
0
0
0
0
0
0
0
0
0
0
0
0
0
0
0
0
0
0
0
0
0
0
0
0
0
0
0
0
0
0
0
0
0
0
0
0
0
0
0
1.22415e+06
1.19618e+06
1.22415e+06
2.31243e+06
2.29289e+06
2.31243e+06
3.05498e+06
3.04205e+06
3.05498e+06
3.47642e+06
3.46838e+06
3.47642e+06
3.62018e+06
3.61545e+06
3.62018e+06
3.55147e+06
3.54872e+06
3.55146e+06
3.3601e+06
3.3584e+06
3.36009e+06
3.15685e+06
3.15577e+06
3.15685e+06
3.00491e+06
3.00451e+06
3.00491e+06
)
;
    }
}


// ************************************************************************* //
