/*--------------------------------*- C++ -*----------------------------------*\
| =========                 |                                                 |
| \\      /  F ield         | OpenFOAM: The Open Source CFD Toolbox           |
|  \\    /   O peration     | Version:  2212                                  |
|   \\  /    A nd           | Website:  www.openfoam.com                      |
|    \\/     M anipulation  |                                                 |
\*---------------------------------------------------------------------------*/
FoamFile
{
    version     2.0;
    format      ascii;
    arch        "LSB;label=32;scalar=64";
    class       volScalarField;
    location    "33/fluidRegion";
    object      k;
}
// * * * * * * * * * * * * * * * * * * * * * * * * * * * * * * * * * * * * * //

dimensions      [0 2 -2 0 0 0 0];

internalField   nonuniform List<scalar> 
350
(
0.421036
0.420967
0.420897
0.420829
0.42076
0.420692
0.420624
0.420556
0.420489
0.420423
0.420358
0.420296
0.420237
0.420184
0.420139
0.420108
0.420097
0.420117
0.420184
0.420323
0.420573
0.420992
0.421668
0.422739
0.42441
0.421036
0.420967
0.420897
0.420829
0.42076
0.420692
0.420624
0.420556
0.420489
0.420423
0.420358
0.420296
0.420237
0.420184
0.420139
0.420108
0.420097
0.420117
0.420184
0.420323
0.420573
0.420992
0.421668
0.422739
0.42441
393.809
372.458
348.025
320.961
292.035
262.014
231.634
201.59
172.517
144.974
119.438
96.2913
75.8084
58.1487
43.3483
31.3206
21.8685
14.7077
9.4993
5.88371
3.50995
2.05631
1.24537
0.853115
0.714264
399.299
377.703
352.986
325.588
296.29
265.868
235.072
204.606
175.113
147.165
121.244
97.7419
76.9392
59.0009
43.9664
31.75
22.1524
14.8849
9.60263
5.939
3.53642
2.06722
1.24904
0.854123
0.714647
392.899
371.588
347.205
320.199
291.338
261.384
231.074
201.101
172.097
144.621
119.148
96.0593
75.628
58.013
43.2499
31.2523
21.8232
14.6793
9.48253
5.87452
3.50534
2.05422
1.2445
0.852779
0.714133
398.093
376.55
351.892
324.565
295.347
265.012
234.306
203.933
174.532
146.673
120.838
97.415
76.6838
58.808
43.8262
31.6524
22.0878
14.8446
9.57909
5.92641
3.53041
2.06476
1.24823
0.853913
0.714573
398.093
376.55
351.892
324.565
295.347
265.012
234.306
203.933
174.532
146.673
120.838
97.415
76.6838
58.808
43.8262
31.6524
22.0878
14.8446
9.57909
5.92641
3.53041
2.06476
1.24823
0.853913
0.714572
392.9
371.588
347.206
320.2
291.338
261.384
231.074
201.101
172.097
144.621
119.148
96.0594
75.6281
58.013
43.2499
31.2523
21.8232
14.6793
9.48253
5.87452
3.50534
2.05422
1.2445
0.852779
0.714135
399.299
377.703
352.986
325.588
296.29
265.868
235.072
204.606
175.113
147.165
121.244
97.7419
76.9392
59.0009
43.9664
31.75
22.1524
14.8849
9.60264
5.939
3.53642
2.06722
1.24904
0.854122
0.714647
393.809
372.458
348.025
320.961
292.036
262.014
231.634
201.59
172.517
144.974
119.438
96.2914
75.8084
58.1487
43.3483
31.3206
21.8685
14.7077
9.4993
5.88371
3.50996
2.05632
1.24537
0.853121
0.714269
398.093
376.55
351.892
324.565
295.347
265.012
234.306
203.933
174.532
146.673
120.838
97.415
76.6838
58.808
43.8262
31.6524
22.0878
14.8446
9.57909
5.92641
3.53041
2.06476
1.24823
0.853915
0.714575
392.899
371.588
347.205
320.199
291.338
261.384
231.074
201.101
172.097
144.621
119.148
96.0593
75.628
58.013
43.2499
31.2523
21.8232
14.6792
9.48252
5.87451
3.50533
2.0542
1.24449
0.852768
0.714122
392.9
371.588
347.206
320.2
291.338
261.384
231.074
201.101
172.097
144.621
119.149
96.0594
75.6281
58.013
43.2499
31.2523
21.8232
14.6793
9.48253
5.87452
3.50534
2.05422
1.2445
0.852777
0.714132
398.093
376.55
351.892
324.565
295.347
265.012
234.306
203.933
174.532
146.673
120.838
97.415
76.6838
58.808
43.8262
31.6524
22.0878
14.8446
9.57909
5.92641
3.53041
2.06476
1.24824
0.853922
0.714581
)
;

boundaryField
{
    outletCentralUnloaded
    {
        type            zeroGradient;
    }
    inletCentralUnloaded
    {
        type            zeroGradient;
    }
    outletFuelElement
    {
        type            zeroGradient;
    }
    inletFuelElement
    {
        type            zeroGradient;
    }
    defaultFaces
    {
        type            zeroGradient;
    }
    baffle_master
    {
        type            zeroGradient;
    }
    baffle_slave
    {
        type            zeroGradient;
    }
}


// ************************************************************************* //
