/*--------------------------------*- C++ -*----------------------------------*\
| =========                 |                                                 |
| \\      /  F ield         | OpenFOAM: The Open Source CFD Toolbox           |
|  \\    /   O peration     | Version:  2212                                  |
|   \\  /    A nd           | Website:  www.openfoam.com                      |
|    \\/     M anipulation  |                                                 |
\*---------------------------------------------------------------------------*/
FoamFile
{
    version     2.0;
    format      ascii;
    arch        "LSB;label=32;scalar=64";
    class       volTensorField;
    location    "33/fluidRegion";
    object      Kd;
}
// * * * * * * * * * * * * * * * * * * * * * * * * * * * * * * * * * * * * * //

dimensions      [1 -3 -1 0 0 0 0];

internalField   nonuniform List<tensor> 
350
(
(84.7417 0 0 0 84.7417 0 0 0 84.7417)
(84.7413 0 0 0 84.7413 0 0 0 84.7413)
(84.7404 0 0 0 84.7404 0 0 0 84.7404)
(84.7393 0 0 0 84.7393 0 0 0 84.7393)
(84.7379 0 0 0 84.7379 0 0 0 84.7379)
(84.7366 0 0 0 84.7366 0 0 0 84.7366)
(84.7353 0 0 0 84.7353 0 0 0 84.7353)
(84.7343 0 0 0 84.7343 0 0 0 84.7343)
(84.7336 0 0 0 84.7336 0 0 0 84.7336)
(84.7332 0 0 0 84.7332 0 0 0 84.7332)
(84.7333 0 0 0 84.7333 0 0 0 84.7333)
(84.7337 0 0 0 84.7337 0 0 0 84.7337)
(84.7345 0 0 0 84.7345 0 0 0 84.7345)
(84.7355 0 0 0 84.7355 0 0 0 84.7355)
(84.7367 0 0 0 84.7367 0 0 0 84.7367)
(84.7379 0 0 0 84.7379 0 0 0 84.7379)
(84.739 0 0 0 84.739 0 0 0 84.739)
(84.7398 0 0 0 84.7398 0 0 0 84.7398)
(84.7404 0 0 0 84.7404 0 0 0 84.7404)
(84.7406 0 0 0 84.7406 0 0 0 84.7406)
(84.7405 0 0 0 84.7405 0 0 0 84.7405)
(84.7401 0 0 0 84.7401 0 0 0 84.7401)
(84.7394 0 0 0 84.7394 0 0 0 84.7394)
(84.7386 0 0 0 84.7386 0 0 0 84.7386)
(84.872 0 0 0 84.872 0 0 0 84.872)
(84.7417 0 0 0 84.7417 0 0 0 84.7417)
(84.7413 0 0 0 84.7413 0 0 0 84.7413)
(84.7404 0 0 0 84.7404 0 0 0 84.7404)
(84.7393 0 0 0 84.7393 0 0 0 84.7393)
(84.7379 0 0 0 84.7379 0 0 0 84.7379)
(84.7366 0 0 0 84.7366 0 0 0 84.7366)
(84.7353 0 0 0 84.7353 0 0 0 84.7353)
(84.7343 0 0 0 84.7343 0 0 0 84.7343)
(84.7336 0 0 0 84.7336 0 0 0 84.7336)
(84.7332 0 0 0 84.7332 0 0 0 84.7332)
(84.7333 0 0 0 84.7333 0 0 0 84.7333)
(84.7337 0 0 0 84.7337 0 0 0 84.7337)
(84.7345 0 0 0 84.7345 0 0 0 84.7345)
(84.7355 0 0 0 84.7355 0 0 0 84.7355)
(84.7367 0 0 0 84.7367 0 0 0 84.7367)
(84.7379 0 0 0 84.7379 0 0 0 84.7379)
(84.739 0 0 0 84.739 0 0 0 84.739)
(84.7398 0 0 0 84.7398 0 0 0 84.7398)
(84.7404 0 0 0 84.7404 0 0 0 84.7404)
(84.7406 0 0 0 84.7406 0 0 0 84.7406)
(84.7405 0 0 0 84.7405 0 0 0 84.7405)
(84.7401 0 0 0 84.7401 0 0 0 84.7401)
(84.7394 0 0 0 84.7394 0 0 0 84.7394)
(84.7386 0 0 0 84.7386 0 0 0 84.7386)
(84.872 0 0 0 84.872 0 0 0 84.872)
(681.03 0 0 0 681.03 0 0 0 681.03)
(680.49 0 0 0 680.49 0 0 0 680.49)
(680.504 0 0 0 680.504 0 0 0 680.504)
(680.507 0 0 0 680.507 0 0 0 680.507)
(680.499 0 0 0 680.499 0 0 0 680.499)
(680.479 0 0 0 680.479 0 0 0 680.479)
(680.444 0 0 0 680.444 0 0 0 680.444)
(680.394 0 0 0 680.394 0 0 0 680.394)
(680.326 0 0 0 680.326 0 0 0 680.326)
(680.238 0 0 0 680.238 0 0 0 680.238)
(680.13 0 0 0 680.13 0 0 0 680.13)
(680.001 0 0 0 680.001 0 0 0 680.001)
(679.851 0 0 0 679.851 0 0 0 679.851)
(679.68 0 0 0 679.68 0 0 0 679.68)
(679.486 0 0 0 679.486 0 0 0 679.486)
(679.258 0 0 0 679.258 0 0 0 679.258)
(678.982 0 0 0 678.982 0 0 0 678.982)
(678.638 0 0 0 678.638 0 0 0 678.638)
(678.224 0 0 0 678.224 0 0 0 678.224)
(677.795 0 0 0 677.795 0 0 0 677.795)
(677.533 0 0 0 677.533 0 0 0 677.533)
(677.986 0 0 0 677.986 0 0 0 677.986)
(680.45 0 0 0 680.45 0 0 0 680.45)
(687.18 0 0 0 687.18 0 0 0 687.18)
(691.341 0 0 0 691.341 0 0 0 691.341)
(676.543 0 0 0 676.543 0 0 0 676.543)
(675.932 0 0 0 675.932 0 0 0 675.932)
(675.905 0 0 0 675.905 0 0 0 675.905)
(675.869 0 0 0 675.869 0 0 0 675.869)
(675.824 0 0 0 675.824 0 0 0 675.824)
(675.769 0 0 0 675.769 0 0 0 675.769)
(675.703 0 0 0 675.703 0 0 0 675.703)
(675.622 0 0 0 675.622 0 0 0 675.622)
(675.527 0 0 0 675.527 0 0 0 675.527)
(675.415 0 0 0 675.415 0 0 0 675.415)
(675.286 0 0 0 675.286 0 0 0 675.286)
(675.146 0 0 0 675.146 0 0 0 675.146)
(674.999 0 0 0 674.999 0 0 0 674.999)
(674.856 0 0 0 674.856 0 0 0 674.856)
(674.723 0 0 0 674.723 0 0 0 674.723)
(674.599 0 0 0 674.599 0 0 0 674.599)
(674.473 0 0 0 674.473 0 0 0 674.473)
(674.33 0 0 0 674.33 0 0 0 674.33)
(674.165 0 0 0 674.165 0 0 0 674.165)
(674.039 0 0 0 674.039 0 0 0 674.039)
(674.149 0 0 0 674.149 0 0 0 674.149)
(675.073 0 0 0 675.073 0 0 0 675.073)
(678.163 0 0 0 678.163 0 0 0 678.163)
(685.723 0 0 0 685.723 0 0 0 685.723)
(690.868 0 0 0 690.868 0 0 0 690.868)
(681.779 0 0 0 681.779 0 0 0 681.779)
(681.237 0 0 0 681.237 0 0 0 681.237)
(681.255 0 0 0 681.255 0 0 0 681.255)
(681.262 0 0 0 681.262 0 0 0 681.262)
(681.256 0 0 0 681.256 0 0 0 681.256)
(681.238 0 0 0 681.238 0 0 0 681.238)
(681.204 0 0 0 681.204 0 0 0 681.204)
(681.155 0 0 0 681.155 0 0 0 681.155)
(681.088 0 0 0 681.088 0 0 0 681.088)
(681 0 0 0 681 0 0 0 681)
(680.89 0 0 0 680.89 0 0 0 680.89)
(680.758 0 0 0 680.758 0 0 0 680.758)
(680.601 0 0 0 680.601 0 0 0 680.601)
(680.42 0 0 0 680.42 0 0 0 680.42)
(680.21 0 0 0 680.21 0 0 0 680.21)
(679.958 0 0 0 679.958 0 0 0 679.958)
(679.649 0 0 0 679.649 0 0 0 679.649)
(679.266 0 0 0 679.266 0 0 0 679.266)
(678.802 0 0 0 678.802 0 0 0 678.802)
(678.314 0 0 0 678.314 0 0 0 678.314)
(677.98 0 0 0 677.98 0 0 0 677.98)
(678.343 0 0 0 678.343 0 0 0 678.343)
(680.693 0 0 0 680.693 0 0 0 680.693)
(687.29 0 0 0 687.29 0 0 0 687.29)
(691.358 0 0 0 691.358 0 0 0 691.358)
(677.547 0 0 0 677.547 0 0 0 677.547)
(676.956 0 0 0 676.956 0 0 0 676.956)
(676.94 0 0 0 676.94 0 0 0 676.94)
(676.915 0 0 0 676.915 0 0 0 676.915)
(676.881 0 0 0 676.881 0 0 0 676.881)
(676.836 0 0 0 676.836 0 0 0 676.836)
(676.778 0 0 0 676.778 0 0 0 676.778)
(676.706 0 0 0 676.706 0 0 0 676.706)
(676.619 0 0 0 676.619 0 0 0 676.619)
(676.514 0 0 0 676.514 0 0 0 676.514)
(676.392 0 0 0 676.392 0 0 0 676.392)
(676.256 0 0 0 676.256 0 0 0 676.256)
(676.11 0 0 0 676.11 0 0 0 676.11)
(675.963 0 0 0 675.963 0 0 0 675.963)
(675.817 0 0 0 675.817 0 0 0 675.817)
(675.672 0 0 0 675.672 0 0 0 675.672)
(675.513 0 0 0 675.513 0 0 0 675.513)
(675.325 0 0 0 675.325 0 0 0 675.325)
(675.105 0 0 0 675.105 0 0 0 675.105)
(674.911 0 0 0 674.911 0 0 0 674.911)
(674.937 0 0 0 674.937 0 0 0 674.937)
(675.755 0 0 0 675.755 0 0 0 675.755)
(678.703 0 0 0 678.703 0 0 0 678.703)
(686.074 0 0 0 686.074 0 0 0 686.074)
(690.985 0 0 0 690.985 0 0 0 690.985)
(677.547 0 0 0 677.547 0 0 0 677.547)
(676.956 0 0 0 676.956 0 0 0 676.956)
(676.94 0 0 0 676.94 0 0 0 676.94)
(676.915 0 0 0 676.915 0 0 0 676.915)
(676.881 0 0 0 676.881 0 0 0 676.881)
(676.836 0 0 0 676.836 0 0 0 676.836)
(676.778 0 0 0 676.778 0 0 0 676.778)
(676.706 0 0 0 676.706 0 0 0 676.706)
(676.619 0 0 0 676.619 0 0 0 676.619)
(676.514 0 0 0 676.514 0 0 0 676.514)
(676.392 0 0 0 676.392 0 0 0 676.392)
(676.256 0 0 0 676.256 0 0 0 676.256)
(676.11 0 0 0 676.11 0 0 0 676.11)
(675.963 0 0 0 675.963 0 0 0 675.963)
(675.817 0 0 0 675.817 0 0 0 675.817)
(675.671 0 0 0 675.671 0 0 0 675.671)
(675.513 0 0 0 675.513 0 0 0 675.513)
(675.325 0 0 0 675.325 0 0 0 675.325)
(675.105 0 0 0 675.105 0 0 0 675.105)
(674.911 0 0 0 674.911 0 0 0 674.911)
(674.937 0 0 0 674.937 0 0 0 674.937)
(675.755 0 0 0 675.755 0 0 0 675.755)
(678.703 0 0 0 678.703 0 0 0 678.703)
(686.074 0 0 0 686.074 0 0 0 686.074)
(690.985 0 0 0 690.985 0 0 0 690.985)
(681.779 0 0 0 681.779 0 0 0 681.779)
(681.237 0 0 0 681.237 0 0 0 681.237)
(681.255 0 0 0 681.255 0 0 0 681.255)
(681.261 0 0 0 681.261 0 0 0 681.261)
(681.256 0 0 0 681.256 0 0 0 681.256)
(681.237 0 0 0 681.237 0 0 0 681.237)
(681.204 0 0 0 681.204 0 0 0 681.204)
(681.155 0 0 0 681.155 0 0 0 681.155)
(681.087 0 0 0 681.087 0 0 0 681.087)
(681 0 0 0 681 0 0 0 681)
(680.89 0 0 0 680.89 0 0 0 680.89)
(680.757 0 0 0 680.757 0 0 0 680.757)
(680.601 0 0 0 680.601 0 0 0 680.601)
(680.42 0 0 0 680.42 0 0 0 680.42)
(680.209 0 0 0 680.209 0 0 0 680.209)
(679.958 0 0 0 679.958 0 0 0 679.958)
(679.649 0 0 0 679.649 0 0 0 679.649)
(679.265 0 0 0 679.265 0 0 0 679.265)
(678.801 0 0 0 678.801 0 0 0 678.801)
(678.313 0 0 0 678.313 0 0 0 678.313)
(677.979 0 0 0 677.979 0 0 0 677.979)
(678.342 0 0 0 678.342 0 0 0 678.342)
(680.692 0 0 0 680.692 0 0 0 680.692)
(687.288 0 0 0 687.288 0 0 0 687.288)
(691.357 0 0 0 691.357 0 0 0 691.357)
(676.543 0 0 0 676.543 0 0 0 676.543)
(675.932 0 0 0 675.932 0 0 0 675.932)
(675.905 0 0 0 675.905 0 0 0 675.905)
(675.869 0 0 0 675.869 0 0 0 675.869)
(675.824 0 0 0 675.824 0 0 0 675.824)
(675.769 0 0 0 675.769 0 0 0 675.769)
(675.703 0 0 0 675.703 0 0 0 675.703)
(675.622 0 0 0 675.622 0 0 0 675.622)
(675.527 0 0 0 675.527 0 0 0 675.527)
(675.415 0 0 0 675.415 0 0 0 675.415)
(675.286 0 0 0 675.286 0 0 0 675.286)
(675.146 0 0 0 675.146 0 0 0 675.146)
(674.999 0 0 0 674.999 0 0 0 674.999)
(674.856 0 0 0 674.856 0 0 0 674.856)
(674.723 0 0 0 674.723 0 0 0 674.723)
(674.599 0 0 0 674.599 0 0 0 674.599)
(674.473 0 0 0 674.473 0 0 0 674.473)
(674.33 0 0 0 674.33 0 0 0 674.33)
(674.165 0 0 0 674.165 0 0 0 674.165)
(674.039 0 0 0 674.039 0 0 0 674.039)
(674.149 0 0 0 674.149 0 0 0 674.149)
(675.073 0 0 0 675.073 0 0 0 675.073)
(678.163 0 0 0 678.163 0 0 0 678.163)
(685.723 0 0 0 685.723 0 0 0 685.723)
(690.868 0 0 0 690.868 0 0 0 690.868)
(681.03 0 0 0 681.03 0 0 0 681.03)
(680.49 0 0 0 680.49 0 0 0 680.49)
(680.504 0 0 0 680.504 0 0 0 680.504)
(680.507 0 0 0 680.507 0 0 0 680.507)
(680.5 0 0 0 680.5 0 0 0 680.5)
(680.479 0 0 0 680.479 0 0 0 680.479)
(680.444 0 0 0 680.444 0 0 0 680.444)
(680.394 0 0 0 680.394 0 0 0 680.394)
(680.326 0 0 0 680.326 0 0 0 680.326)
(680.238 0 0 0 680.238 0 0 0 680.238)
(680.13 0 0 0 680.13 0 0 0 680.13)
(680.001 0 0 0 680.001 0 0 0 680.001)
(679.851 0 0 0 679.851 0 0 0 679.851)
(679.68 0 0 0 679.68 0 0 0 679.68)
(679.486 0 0 0 679.486 0 0 0 679.486)
(679.258 0 0 0 679.258 0 0 0 679.258)
(678.982 0 0 0 678.982 0 0 0 678.982)
(678.638 0 0 0 678.638 0 0 0 678.638)
(678.224 0 0 0 678.224 0 0 0 678.224)
(677.795 0 0 0 677.795 0 0 0 677.795)
(677.533 0 0 0 677.533 0 0 0 677.533)
(677.986 0 0 0 677.986 0 0 0 677.986)
(680.45 0 0 0 680.45 0 0 0 680.45)
(687.18 0 0 0 687.18 0 0 0 687.18)
(691.341 0 0 0 691.341 0 0 0 691.341)
(677.547 0 0 0 677.547 0 0 0 677.547)
(676.956 0 0 0 676.956 0 0 0 676.956)
(676.94 0 0 0 676.94 0 0 0 676.94)
(676.915 0 0 0 676.915 0 0 0 676.915)
(676.881 0 0 0 676.881 0 0 0 676.881)
(676.836 0 0 0 676.836 0 0 0 676.836)
(676.778 0 0 0 676.778 0 0 0 676.778)
(676.706 0 0 0 676.706 0 0 0 676.706)
(676.619 0 0 0 676.619 0 0 0 676.619)
(676.514 0 0 0 676.514 0 0 0 676.514)
(676.392 0 0 0 676.392 0 0 0 676.392)
(676.256 0 0 0 676.256 0 0 0 676.256)
(676.11 0 0 0 676.11 0 0 0 676.11)
(675.963 0 0 0 675.963 0 0 0 675.963)
(675.817 0 0 0 675.817 0 0 0 675.817)
(675.671 0 0 0 675.671 0 0 0 675.671)
(675.513 0 0 0 675.513 0 0 0 675.513)
(675.325 0 0 0 675.325 0 0 0 675.325)
(675.105 0 0 0 675.105 0 0 0 675.105)
(674.911 0 0 0 674.911 0 0 0 674.911)
(674.937 0 0 0 674.937 0 0 0 674.937)
(675.755 0 0 0 675.755 0 0 0 675.755)
(678.703 0 0 0 678.703 0 0 0 678.703)
(686.074 0 0 0 686.074 0 0 0 686.074)
(690.985 0 0 0 690.985 0 0 0 690.985)
(681.779 0 0 0 681.779 0 0 0 681.779)
(681.237 0 0 0 681.237 0 0 0 681.237)
(681.255 0 0 0 681.255 0 0 0 681.255)
(681.262 0 0 0 681.262 0 0 0 681.262)
(681.256 0 0 0 681.256 0 0 0 681.256)
(681.238 0 0 0 681.238 0 0 0 681.238)
(681.204 0 0 0 681.204 0 0 0 681.204)
(681.155 0 0 0 681.155 0 0 0 681.155)
(681.088 0 0 0 681.088 0 0 0 681.088)
(681 0 0 0 681 0 0 0 681)
(680.89 0 0 0 680.89 0 0 0 680.89)
(680.758 0 0 0 680.758 0 0 0 680.758)
(680.601 0 0 0 680.601 0 0 0 680.601)
(680.42 0 0 0 680.42 0 0 0 680.42)
(680.21 0 0 0 680.21 0 0 0 680.21)
(679.958 0 0 0 679.958 0 0 0 679.958)
(679.649 0 0 0 679.649 0 0 0 679.649)
(679.266 0 0 0 679.266 0 0 0 679.266)
(678.802 0 0 0 678.802 0 0 0 678.802)
(678.314 0 0 0 678.314 0 0 0 678.314)
(677.98 0 0 0 677.98 0 0 0 677.98)
(678.343 0 0 0 678.343 0 0 0 678.343)
(680.693 0 0 0 680.693 0 0 0 680.693)
(687.29 0 0 0 687.29 0 0 0 687.29)
(691.358 0 0 0 691.358 0 0 0 691.358)
(681.779 0 0 0 681.779 0 0 0 681.779)
(681.237 0 0 0 681.237 0 0 0 681.237)
(681.255 0 0 0 681.255 0 0 0 681.255)
(681.261 0 0 0 681.261 0 0 0 681.261)
(681.256 0 0 0 681.256 0 0 0 681.256)
(681.237 0 0 0 681.237 0 0 0 681.237)
(681.204 0 0 0 681.204 0 0 0 681.204)
(681.155 0 0 0 681.155 0 0 0 681.155)
(681.087 0 0 0 681.087 0 0 0 681.087)
(681 0 0 0 681 0 0 0 681)
(680.89 0 0 0 680.89 0 0 0 680.89)
(680.757 0 0 0 680.757 0 0 0 680.757)
(680.601 0 0 0 680.601 0 0 0 680.601)
(680.42 0 0 0 680.42 0 0 0 680.42)
(680.209 0 0 0 680.209 0 0 0 680.209)
(679.958 0 0 0 679.958 0 0 0 679.958)
(679.649 0 0 0 679.649 0 0 0 679.649)
(679.265 0 0 0 679.265 0 0 0 679.265)
(678.801 0 0 0 678.801 0 0 0 678.801)
(678.313 0 0 0 678.313 0 0 0 678.313)
(677.979 0 0 0 677.979 0 0 0 677.979)
(678.342 0 0 0 678.342 0 0 0 678.342)
(680.692 0 0 0 680.692 0 0 0 680.692)
(687.288 0 0 0 687.288 0 0 0 687.288)
(691.357 0 0 0 691.357 0 0 0 691.357)
(677.547 0 0 0 677.547 0 0 0 677.547)
(676.956 0 0 0 676.956 0 0 0 676.956)
(676.94 0 0 0 676.94 0 0 0 676.94)
(676.915 0 0 0 676.915 0 0 0 676.915)
(676.881 0 0 0 676.881 0 0 0 676.881)
(676.836 0 0 0 676.836 0 0 0 676.836)
(676.778 0 0 0 676.778 0 0 0 676.778)
(676.706 0 0 0 676.706 0 0 0 676.706)
(676.619 0 0 0 676.619 0 0 0 676.619)
(676.514 0 0 0 676.514 0 0 0 676.514)
(676.392 0 0 0 676.392 0 0 0 676.392)
(676.256 0 0 0 676.256 0 0 0 676.256)
(676.11 0 0 0 676.11 0 0 0 676.11)
(675.963 0 0 0 675.963 0 0 0 675.963)
(675.817 0 0 0 675.817 0 0 0 675.817)
(675.671 0 0 0 675.671 0 0 0 675.671)
(675.513 0 0 0 675.513 0 0 0 675.513)
(675.325 0 0 0 675.325 0 0 0 675.325)
(675.105 0 0 0 675.105 0 0 0 675.105)
(674.911 0 0 0 674.911 0 0 0 674.911)
(674.937 0 0 0 674.937 0 0 0 674.937)
(675.755 0 0 0 675.755 0 0 0 675.755)
(678.703 0 0 0 678.703 0 0 0 678.703)
(686.074 0 0 0 686.074 0 0 0 686.074)
(690.986 0 0 0 690.986 0 0 0 690.986)
)
;

boundaryField
{
    outletCentralUnloaded
    {
        type            zeroGradient;
    }
    inletCentralUnloaded
    {
        type            zeroGradient;
    }
    outletFuelElement
    {
        type            zeroGradient;
    }
    inletFuelElement
    {
        type            zeroGradient;
    }
    defaultFaces
    {
        type            zeroGradient;
    }
    baffle_master
    {
        type            zeroGradient;
    }
    baffle_slave
    {
        type            zeroGradient;
    }
}


// ************************************************************************* //
