/*--------------------------------*- C++ -*----------------------------------*\
| =========                 |                                                 |
| \\      /  F ield         | OpenFOAM: The Open Source CFD Toolbox           |
|  \\    /   O peration     | Version:  2212                                  |
|   \\  /    A nd           | Website:  www.openfoam.com                      |
|    \\/     M anipulation  |                                                 |
\*---------------------------------------------------------------------------*/
FoamFile
{
    version     2.0;
    format      ascii;
    arch        "LSB;label=32;scalar=64";
    class       volScalarField;
    location    "48/neutroRegion";
    object      TCool;
}
// * * * * * * * * * * * * * * * * * * * * * * * * * * * * * * * * * * * * * //

dimensions      [0 0 0 1 0 0 0];

internalField   nonuniform List<scalar> 
350
(
83.289
83.2895
83.29
83.2904
83.2909
83.2913
83.2918
83.2922
83.2927
83.2932
83.2937
83.2942
83.2947
83.2951
83.2956
83.2961
83.2965
83.297
83.2974
83.2978
83.2982
83.2986
83.299
83.2995
83.2999
83.289
83.2895
83.29
83.2904
83.2909
83.2913
83.2918
83.2922
83.2927
83.2932
83.2937
83.2942
83.2947
83.2951
83.2956
83.2961
83.2965
83.297
83.2974
83.2978
83.2982
83.2986
83.299
83.2995
83.2999
1821.51
1815.46
1796.99
1766.34
1723.84
1669.99
1605.41
1530.85
1447.19
1355.43
1256.73
1152.41
1043.99
933.225
822.068
712.619
606.982
507.119
414.74
331.286
258.004
196.091
146.771
111.206
90.0925
1849.7
1843.87
1825.41
1794.53
1751.6
1697.11
1631.69
1556.09
1471.21
1378.06
1277.8
1171.76
1061.49
948.752
835.538
724.001
616.318
514.52
420.378
335.373
260.777
197.798
147.673
111.57
90.1698
1816.93
1810.86
1792.42
1761.81
1719.4
1665.68
1601.25
1526.87
1443.42
1351.89
1253.45
1149.41
1041.29
930.843
820.014
710.893
605.575
506.012
413.903
330.685
257.6
195.844
146.641
111.153
90.0802
1843.36
1837.47
1818.99
1788.15
1745.31
1690.95
1625.71
1550.34
1465.72
1372.88
1272.97
1167.32
1057.47
945.177
832.433
721.374
614.16
512.808
419.073
334.426
260.134
197.402
147.464
111.485
90.152
1843.36
1837.47
1818.99
1788.15
1745.31
1690.95
1625.71
1550.34
1465.72
1372.88
1272.97
1167.32
1057.47
945.177
832.433
721.374
614.16
512.808
419.073
334.426
260.134
197.402
147.464
111.485
90.152
1816.93
1810.86
1792.42
1761.81
1719.41
1665.68
1601.25
1526.87
1443.42
1351.89
1253.45
1149.41
1041.29
930.845
820.015
710.894
605.576
506.012
413.904
330.685
257.6
195.844
146.641
111.153
90.0802
1849.7
1843.87
1825.41
1794.53
1751.6
1697.11
1631.69
1556.09
1471.21
1378.06
1277.8
1171.76
1061.49
948.752
835.538
724.001
616.318
514.52
420.378
335.373
260.777
197.798
147.673
111.57
90.1698
1821.51
1815.46
1796.99
1766.34
1723.84
1669.99
1605.41
1530.85
1447.19
1355.43
1256.73
1152.41
1043.99
933.225
822.068
712.619
606.981
507.119
414.74
331.286
258.004
196.091
146.771
111.206
90.0925
1843.36
1837.47
1818.99
1788.15
1745.31
1690.95
1625.71
1550.34
1465.72
1372.88
1272.97
1167.32
1057.47
945.178
832.433
721.374
614.16
512.808
419.073
334.426
260.134
197.402
147.464
111.485
90.152
1816.93
1810.86
1792.42
1761.81
1719.4
1665.68
1601.25
1526.87
1443.42
1351.89
1253.45
1149.41
1041.29
930.844
820.015
710.893
605.575
506.012
413.903
330.685
257.6
195.844
146.641
111.153
90.0802
1816.93
1810.86
1792.42
1761.81
1719.41
1665.68
1601.25
1526.87
1443.42
1351.89
1253.45
1149.41
1041.29
930.845
820.015
710.894
605.576
506.012
413.904
330.685
257.6
195.844
146.641
111.153
90.0802
1843.36
1837.47
1818.99
1788.15
1745.31
1690.95
1625.71
1550.34
1465.72
1372.88
1272.97
1167.32
1057.47
945.177
832.432
721.374
614.16
512.808
419.073
334.426
260.134
197.402
147.464
111.485
90.152
)
;

boundaryField
{
    outletCentralUnloaded
    {
        type            zeroGradient;
    }
    inletCentralUnloaded
    {
        type            zeroGradient;
    }
    outletFuelElement
    {
        type            zeroGradient;
    }
    inletFuelElement
    {
        type            zeroGradient;
    }
    defaultFaces
    {
        type            zeroGradient;
    }
}


// ************************************************************************* //
