/*--------------------------------*- C++ -*----------------------------------*\
| =========                 |                                                 |
| \\      /  F ield         | OpenFOAM: The Open Source CFD Toolbox           |
|  \\    /   O peration     | Version:  2212                                  |
|   \\  /    A nd           | Website:  www.openfoam.com                      |
|    \\/     M anipulation  |                                                 |
\*---------------------------------------------------------------------------*/
FoamFile
{
    version     2.0;
    format      ascii;
    arch        "LSB;label=32;scalar=64";
    class       volScalarField;
    location    "48/neutroRegion";
    object      TFuel;
}
// * * * * * * * * * * * * * * * * * * * * * * * * * * * * * * * * * * * * * //

dimensions      [0 0 0 1 0 0 0];

internalField   nonuniform List<scalar> 
350
(
0
0
0
0
0
0
0
0
0
0
0
0
0
0
0
0
0
0
0
0
0
0
0
0
0
0
0
0
0
0
0
0
0
0
0
0
0
0
0
0
0
0
0
0
0
0
0
0
0
0
2212.16
2999.14
3755.43
4469.52
5130.46
5728.1
6253.23
6697.76
7054.8
7318.82
7485.73
7552.96
7519.49
7385.92
7154.41
6828.66
6413.72
5915.72
5341.4
4697.59
3989.89
3221.82
2393.18
1503.13
564.822
2244.67
3040.84
3805.9
4528.19
5196.65
5801
6331.93
6781.26
7142.03
7408.65
7576.99
7644.44
7609.98
7474.21
7239.34
6909.13
6488.7
5984.31
5402.81
4751.18
4035.11
3258.14
2419.98
1519.62
570.358
2206.9
2992.42
3747.34
4460.14
5119.9
5716.49
6240.72
6684.49
7040.95
7304.57
7471.27
7538.47
7505.17
7371.95
7140.97
6815.94
6401.87
5904.88
5331.69
4689.13
3982.76
3216.11
2388.98
1500.55
563.949
2237.34
3031.38
3794.4
4514.79
5181.5
5784.29
6313.88
6762.09
7121.99
7388
7556
7623.39
7589.15
7453.89
7219.79
6890.59
6471.43
5968.51
5388.66
4738.83
4024.69
3249.77
2413.81
1515.81
569.083
2237.34
3031.38
3794.4
4514.79
5181.5
5784.29
6313.88
6762.09
7121.99
7388
7556
7623.39
7589.15
7453.88
7219.79
6890.59
6471.43
5968.51
5388.66
4738.83
4024.69
3249.77
2413.81
1515.81
569.083
2206.9
2992.43
3747.34
4460.14
5119.9
5716.49
6240.72
6684.49
7040.95
7304.58
7471.27
7538.47
7505.17
7371.95
7140.97
6815.94
6401.87
5904.88
5331.7
4689.13
3982.76
3216.11
2388.98
1500.55
563.949
2244.67
3040.84
3805.9
4528.19
5196.65
5801
6331.93
6781.26
7142.03
7408.65
7576.99
7644.44
7609.98
7474.21
7239.34
6909.13
6488.7
5984.31
5402.81
4751.18
4035.11
3258.14
2419.98
1519.61
570.358
2212.16
2999.14
3755.43
4469.52
5130.46
5728.1
6253.23
6697.75
7054.8
7318.82
7485.73
7552.96
7519.49
7385.92
7154.41
6828.66
6413.72
5915.72
5341.4
4697.59
3989.89
3221.83
2393.19
1503.13
564.822
2237.34
3031.38
3794.4
4514.79
5181.5
5784.29
6313.88
6762.09
7121.99
7388
7556
7623.39
7589.15
7453.89
7219.79
6890.6
6471.43
5968.51
5388.66
4738.83
4024.69
3249.77
2413.81
1515.81
569.083
2206.9
2992.42
3747.34
4460.14
5119.9
5716.49
6240.72
6684.49
7040.95
7304.57
7471.27
7538.47
7505.17
7371.95
7140.97
6815.94
6401.87
5904.88
5331.69
4689.13
3982.76
3216.11
2388.98
1500.55
563.949
2206.9
2992.43
3747.34
4460.14
5119.9
5716.49
6240.72
6684.49
7040.95
7304.58
7471.27
7538.47
7505.17
7371.95
7140.97
6815.94
6401.87
5904.88
5331.7
4689.13
3982.76
3216.11
2388.98
1500.55
563.949
2237.34
3031.38
3794.4
4514.79
5181.5
5784.29
6313.88
6762.09
7121.99
7388
7556
7623.39
7589.15
7453.88
7219.79
6890.59
6471.43
5968.51
5388.66
4738.83
4024.69
3249.77
2413.81
1515.81
569.083
)
;

boundaryField
{
    outletCentralUnloaded
    {
        type            zeroGradient;
    }
    inletCentralUnloaded
    {
        type            zeroGradient;
    }
    outletFuelElement
    {
        type            zeroGradient;
    }
    inletFuelElement
    {
        type            zeroGradient;
    }
    defaultFaces
    {
        type            zeroGradient;
    }
}


// ************************************************************************* //
