/*--------------------------------*- C++ -*----------------------------------*\
| =========                 |                                                 |
| \\      /  F ield         | OpenFOAM: The Open Source CFD Toolbox           |
|  \\    /   O peration     | Version:  2212                                  |
|   \\  /    A nd           | Website:  www.openfoam.com                      |
|    \\/     M anipulation  |                                                 |
\*---------------------------------------------------------------------------*/
FoamFile
{
    version     2.0;
    format      ascii;
    arch        "LSB;label=32;scalar=64";
    class       volScalarField;
    location    "72/fluidRegion";
    object      deltaT;
}
// * * * * * * * * * * * * * * * * * * * * * * * * * * * * * * * * * * * * * //

dimensions      [0 0 0 1 0 0 0];

internalField   nonuniform List<scalar> 
350
(
0
0
0
0
0
0
0
0
0
0
0
0
0
0
0
0
0
0
0
0
0
0
0
0
0
0
0
0
0
0
0
0
0
0
0
0
0
0
0
0
0
0
0
0
0
0
0
0
0
0
16.5173
49.4553
82.1299
114.491
146.479
178.037
209.112
239.654
269.612
298.92
327.477
355.118
381.575
406.449
429.205
449.18
465.593
477.475
483.415
481.036
466.034
430.784
363.153
249.686
91.1076
16.652
49.8591
82.7968
115.416
147.657
179.463
210.781
241.564
271.762
301.316
330.131
358.051
384.811
410.011
433.1
453.394
470.09
482.203
488.318
486.056
471.087
435.688
367.496
252.746
92.1879
16.4957
49.3914
82.0241
114.344
146.292
177.81
208.846
239.35
269.269
298.537
327.053
354.649
381.057
405.881
428.586
448.512
464.884
476.733
482.651
480.26
465.263
430.049
362.515
249.243
90.9441
16.6206
49.7649
82.6415
115.201
147.383
179.131
210.393
241.12
271.263
300.761
329.517
357.373
384.063
409.188
432.201
452.421
469.052
481.111
487.185
484.896
469.919
434.553
366.489
252.035
91.9379
16.6206
49.7649
82.6415
115.201
147.383
179.131
210.393
241.12
271.263
300.761
329.517
357.373
384.063
409.188
432.201
452.421
469.052
481.111
487.185
484.896
469.919
434.553
366.489
252.035
91.9379
16.4957
49.3914
82.0241
114.344
146.292
177.81
208.846
239.35
269.269
298.537
327.053
354.648
381.057
405.881
428.586
448.512
464.884
476.734
482.651
480.26
465.263
430.05
362.516
249.243
90.9442
16.652
49.8591
82.7968
115.416
147.657
179.463
210.781
241.564
271.762
301.316
330.131
358.051
384.811
410.011
433.1
453.394
470.09
482.203
488.318
486.056
471.087
435.688
367.496
252.746
92.1879
16.5173
49.4553
82.1299
114.491
146.479
178.037
209.112
239.654
269.612
298.92
327.477
355.118
381.574
406.449
429.205
449.18
465.593
477.475
483.415
481.036
466.034
430.784
363.153
249.686
91.1076
16.6206
49.7649
82.6415
115.201
147.383
179.131
210.393
241.12
271.263
300.761
329.517
357.373
384.063
409.188
432.201
452.421
469.052
481.111
487.185
484.896
469.919
434.553
366.489
252.035
91.9379
16.4957
49.3914
82.0241
114.344
146.292
177.81
208.846
239.35
269.269
298.537
327.053
354.649
381.057
405.881
428.586
448.512
464.884
476.733
482.651
480.26
465.263
430.049
362.515
249.243
90.9441
16.4957
49.3914
82.0241
114.344
146.292
177.81
208.846
239.35
269.269
298.537
327.053
354.648
381.057
405.881
428.586
448.512
464.884
476.734
482.651
480.26
465.263
430.05
362.516
249.243
90.9442
16.6206
49.7649
82.6415
115.201
147.383
179.131
210.393
241.12
271.263
300.761
329.517
357.373
384.063
409.188
432.201
452.421
469.052
481.111
487.185
484.896
469.919
434.553
366.489
252.035
91.9379
)
;

boundaryField
{
    outletCentralUnloaded
    {
        type            calculated;
        value           uniform 0;
    }
    inletCentralUnloaded
    {
        type            calculated;
        value           uniform 0;
    }
    outletFuelElement
    {
        type            calculated;
        value           uniform 0;
    }
    inletFuelElement
    {
        type            calculated;
        value           uniform 616.7;
    }
    defaultFaces
    {
        type            calculated;
        value           nonuniform List<scalar> 
450
(
0
0
0
0
0
0
0
0
0
0
0
0
0
0
0
0
0
0
0
0
0
0
0
0
0
0
0
0
0
0
0
0
0
0
0
0
0
0
0
0
0
0
0
0
0
0
0
0
92.6369
92.6369
92.6369
192.577
192.577
192.577
285.025
285.025
285.025
368.544
368.544
368.544
441.874
441.874
441.874
503.832
503.832
503.832
553.195
553.195
553.195
588.791
588.791
588.791
609.915
609.915
609.915
0
0
0
0
0
0
0
0
0
0
0
0
0
0
0
0
0
0
0
0
0
0
0
0
0
0
0
0
0
0
0
0
94.045
94.045
193.686
193.686
285.864
285.864
369.146
369.146
442.279
442.279
504.08
504.08
553.325
553.325
588.844
588.844
609.928
609.928
0
0
0
0
0
0
0
0
0
0
0
0
0
0
0
0
85.4482
186.88
280.687
365.4
439.742
502.519
552.501
588.511
609.856
0
0
0
0
0
0
0
0
0
0
0
0
0
0
0
0
85.4482
186.88
280.687
365.4
439.742
502.519
552.501
588.511
609.856
0
0
0
0
0
0
0
0
0
0
0
0
0
0
0
0
0
0
0
0
0
0
0
0
0
0
0
0
0
0
0
0
94.0441
94.0441
193.685
193.685
285.863
285.863
369.146
369.146
442.279
442.279
504.079
504.079
553.325
553.325
588.844
588.844
609.928
609.928
0
0
0
0
0
0
0
0
0
0
0
0
0
0
0
0
0
0
0
0
0
0
0
0
0
0
0
0
0
0
0
0
0
0
0
0
0
0
0
0
0
0
0
0
0
0
0
0
92.6369
92.6369
92.6369
192.577
192.577
192.577
285.025
285.025
285.025
368.544
368.544
368.544
441.874
441.874
441.874
503.832
503.832
503.832
553.195
553.195
553.195
588.791
588.791
588.791
609.915
609.915
609.915
0
0
0
0
0
0
0
0
0
0
0
0
0
0
0
0
85.4482
186.88
280.687
365.399
439.742
502.519
552.501
588.511
609.856
0
0
0
0
0
0
0
0
0
0
0
0
0
0
0
0
0
0
0
0
0
0
0
0
0
0
0
0
0
0
0
0
94.0448
94.0448
193.686
193.686
285.863
285.863
369.146
369.146
442.279
442.279
504.08
504.08
553.325
553.325
588.844
588.844
609.928
609.928
0
0
0
0
0
0
0
0
0
0
0
0
0
0
0
0
0
0
0
0
0
0
0
0
0
0
0
0
0
0
0
0
94.0442
94.0442
193.685
193.685
285.863
285.863
369.146
369.146
442.279
442.279
504.08
504.08
553.325
553.325
588.844
588.844
609.928
609.928
0
0
0
0
0
0
0
0
0
0
0
0
0
0
0
0
85.4483
186.88
280.687
365.4
439.742
502.519
552.501
588.511
609.856
)
;
    }
    baffle_master
    {
        type            calculated;
        value           uniform 0;
    }
    baffle_slave
    {
        type            calculated;
        value           nonuniform List<scalar> 
150
(
0
0
0
0
0
0
0
0
0
0
0
0
0
0
0
0
0
0
0
0
0
0
0
0
0
0
0
0
0
0
0
0
0
0
0
0
0
0
0
0
0
0
0
0
0
0
0
0
83.2875
85.4482
85.4483
185.165
186.88
186.88
279.38
280.687
280.687
364.451
365.4
365.4
439.098
439.742
439.742
502.122
502.519
502.519
552.291
552.501
552.501
588.427
588.511
588.511
609.838
609.856
609.856
0
0
0
0
0
0
0
0
0
0
0
0
0
0
0
0
0
0
0
0
0
0
0
0
0
0
0
0
0
0
0
0
0
0
0
0
0
0
0
0
0
0
0
0
0
0
0
0
85.4482
83.2875
85.4482
186.88
185.165
186.88
280.687
279.38
280.687
365.4
364.451
365.399
439.742
439.098
439.742
502.519
502.122
502.519
552.501
552.291
552.501
588.511
588.427
588.511
609.856
609.838
609.856
)
;
    }
}


// ************************************************************************* //
