/*--------------------------------*- C++ -*----------------------------------*\
| =========                 |                                                 |
| \\      /  F ield         | OpenFOAM: The Open Source CFD Toolbox           |
|  \\    /   O peration     | Version:  2212                                  |
|   \\  /    A nd           | Website:  www.openfoam.com                      |
|    \\/     M anipulation  |                                                 |
\*---------------------------------------------------------------------------*/
FoamFile
{
    version     2.0;
    format      ascii;
    arch        "LSB;label=32;scalar=64";
    class       volScalarField;
    location    "72/fluidRegion";
    object      k;
}
// * * * * * * * * * * * * * * * * * * * * * * * * * * * * * * * * * * * * * //

dimensions      [0 2 -2 0 0 0 0];

internalField   nonuniform List<scalar> 
350
(
0.421088
0.42102
0.420955
0.420891
0.420825
0.420758
0.420688
0.420617
0.420547
0.420478
0.420412
0.420348
0.420289
0.420235
0.420189
0.420156
0.420143
0.42016
0.420224
0.420359
0.420603
0.421014
0.42168
0.422734
0.424378
0.421088
0.42102
0.420955
0.420891
0.420825
0.420758
0.420688
0.420617
0.420547
0.420478
0.420412
0.420348
0.420289
0.420235
0.420189
0.420156
0.420143
0.42016
0.420224
0.420359
0.420603
0.421014
0.42168
0.422734
0.424378
406.899
384.295
358.588
330.291
300.187
269.055
237.642
206.649
176.714
148.399
122.181
98.4416
77.4527
59.3706
44.227
31.9293
22.2722
14.9622
9.65006
5.96611
3.5502
2.07281
1.25017
0.853304
0.713259
412.623
389.753
363.742
335.09
304.594
273.043
241.195
209.763
179.393
150.658
124.043
99.9362
78.6174
60.2482
44.8634
32.3712
22.5643
15.1445
9.75631
6.02295
3.5774
2.08401
1.25393
0.854333
0.713646
405.952
383.389
357.737
329.501
299.465
268.403
237.064
206.144
176.281
148.035
121.883
98.2028
77.267
59.231
44.1258
31.859
22.2257
14.933
9.63286
5.9567
3.54549
2.07067
1.24928
0.852963
0.713127
411.366
388.552
362.605
334.029
303.617
272.156
240.404
209.068
178.793
150.151
123.624
99.5993
78.3543
60.0495
44.719
32.2707
22.4978
15.103
9.73209
6.01
3.57122
2.08148
1.2531
0.854118
0.71357
411.366
388.552
362.605
334.029
303.617
272.157
240.404
209.068
178.793
150.151
123.624
99.5993
78.3543
60.0495
44.719
32.2707
22.4978
15.103
9.73209
6.01
3.57122
2.08148
1.2531
0.854118
0.71357
405.952
383.389
357.737
329.501
299.465
268.404
237.064
206.144
176.281
148.036
121.883
98.2029
77.2671
59.231
44.1259
31.8591
22.2257
14.933
9.63286
5.95669
3.54548
2.07066
1.24928
0.852961
0.713126
412.623
389.753
363.742
335.09
304.594
273.043
241.195
209.763
179.393
150.658
124.043
99.9362
78.6174
60.2482
44.8634
32.3712
22.5643
15.1445
9.75631
6.02295
3.5774
2.08401
1.25393
0.854332
0.713646
406.899
384.295
358.588
330.291
300.187
269.055
237.642
206.649
176.714
148.399
122.181
98.4416
77.4527
59.3706
44.227
31.9293
22.2722
14.9622
9.65006
5.96611
3.5502
2.07281
1.25017
0.853304
0.713258
411.366
388.552
362.605
334.029
303.617
272.157
240.404
209.068
178.793
150.151
123.624
99.5993
78.3543
60.0495
44.719
32.2707
22.4978
15.103
9.73209
6.01
3.57122
2.08148
1.2531
0.854118
0.71357
405.952
383.389
357.737
329.501
299.465
268.403
237.064
206.144
176.281
148.035
121.883
98.2028
77.267
59.231
44.1258
31.859
22.2257
14.933
9.63286
5.9567
3.54549
2.07067
1.24929
0.852965
0.713129
405.952
383.389
357.737
329.501
299.465
268.404
237.064
206.144
176.281
148.036
121.883
98.2029
77.2671
59.231
44.1259
31.859
22.2257
14.933
9.63285
5.95669
3.54548
2.07066
1.24928
0.85296
0.713126
411.366
388.552
362.605
334.029
303.617
272.157
240.404
209.068
178.793
150.151
123.624
99.5993
78.3543
60.0495
44.719
32.2707
22.4978
15.103
9.73209
6.01
3.57122
2.08148
1.2531
0.854117
0.71357
)
;

boundaryField
{
    outletCentralUnloaded
    {
        type            zeroGradient;
    }
    inletCentralUnloaded
    {
        type            zeroGradient;
    }
    outletFuelElement
    {
        type            zeroGradient;
    }
    inletFuelElement
    {
        type            zeroGradient;
    }
    defaultFaces
    {
        type            zeroGradient;
    }
    baffle_master
    {
        type            zeroGradient;
    }
    baffle_slave
    {
        type            zeroGradient;
    }
}


// ************************************************************************* //
