/*--------------------------------*- C++ -*----------------------------------*\
| =========                 |                                                 |
| \\      /  F ield         | OpenFOAM: The Open Source CFD Toolbox           |
|  \\    /   O peration     | Version:  2212                                  |
|   \\  /    A nd           | Website:  www.openfoam.com                      |
|    \\/     M anipulation  |                                                 |
\*---------------------------------------------------------------------------*/
FoamFile
{
    version     2.0;
    format      ascii;
    arch        "LSB;label=32;scalar=64";
    class       surfaceScalarField;
    location    "94/fluidRegion";
    object      alphaRhoPhi;
}
// * * * * * * * * * * * * * * * * * * * * * * * * * * * * * * * * * * * * * //

dimensions      [1 0 -1 0 0 0 0];

oriented        oriented;

internalField   nonuniform List<scalar> 
661
(
-0.00585005
-1.18393e-11
-0.00584985
-9.57323e-12
-0.00584965
-2.36719e-13
-0.00584949
9.28647e-12
-0.00584943
1.49722e-11
-0.00584949
1.49598e-11
-0.00584965
9.46698e-12
-0.00584983
4.6951e-13
-0.00584999
-8.98197e-12
-0.00585005
-1.56078e-11
-0.00584999
-1.71961e-11
-0.00584984
-1.32346e-11
-0.00584961
-5.1051e-12
-0.00584939
4.6546e-12
-0.00584921
1.30422e-11
-0.00584913
1.76512e-11
-0.00584914
1.74249e-11
-0.00584924
1.26784e-11
-0.00584938
5.17294e-12
-0.00584951
-2.70681e-12
-0.00584962
-8.70774e-12
-0.00584967
-1.13952e-11
-0.00584968
-1.00807e-11
-0.00584966
-4.38999e-12
2.59213e-12
-0.00585005
-0.00584985
-0.00584965
-0.00584949
-0.00584943
-0.00584949
-0.00584965
-0.00584983
-0.00584999
-0.00585005
-0.00584999
-0.00584984
-0.00584961
-0.00584939
-0.00584921
-0.00584913
-0.00584914
-0.00584924
-0.00584938
-0.00584951
-0.00584962
-0.00584967
-0.00584968
-0.00584966
-0.00939703
6.46118e-07
-0.00939726
3.12551e-07
-0.00939753
3.4703e-07
-0.00939777
3.22171e-07
-0.009398
3.02857e-07
-0.00939822
2.85936e-07
-0.00939842
2.71118e-07
-0.00939861
2.56791e-07
-0.00939879
2.38998e-07
-0.00939894
2.10056e-07
-0.00939906
1.57733e-07
-0.00939911
6.49938e-08
-0.00939903
-8.54073e-08
-0.00939878
-3.01191e-07
-0.00939827
-5.82839e-07
-0.00939746
-9.11797e-07
-0.00939633
-1.26214e-06
-0.00939485
-1.61744e-06
-0.009393
-1.98932e-06
-0.00939073
-2.42781e-06
-0.00938787
-3.02418e-06
-0.00938417
-3.87399e-06
-0.00937932
-5.00726e-06
-0.00937358
-5.89731e-06
-7.20715e-06
-0.00931278
-1.64706e-08
-1.78345e-08
-0.00931233
-7.93695e-08
-8.35251e-08
-0.00931185
-7.69446e-08
-8.13092e-08
-0.00931142
-6.82216e-08
-7.29954e-08
-0.00931101
-6.08293e-08
-6.60468e-08
-0.00931064
-5.39064e-08
-5.96939e-08
-0.00931029
-4.73765e-08
-5.38824e-08
-0.00930996
-4.0787e-08
-4.81471e-08
-0.00930967
-3.30273e-08
-4.14586e-08
-0.00930943
-2.18934e-08
-3.16493e-08
-0.00930926
-3.59468e-09
-1.50154e-08
-0.00930924
2.69127e-08
1.3471e-08
-0.00930945
7.44089e-08
5.81711e-08
-0.00931001
1.46262e-07
1.26399e-07
-0.00931102
2.4061e-07
2.15979e-07
-0.00931257
3.53387e-07
3.22477e-07
-0.00931471
4.77005e-07
4.377e-07
-0.00931745
6.06566e-07
5.56157e-07
-0.00932083
7.46766e-07
6.81332e-07
-0.00932497
9.14987e-07
8.30381e-07
-0.00933014
1.14318e-06
1.03315e-06
-0.00933678
1.45679e-06
1.31935e-06
-0.00934529
1.83898e-06
1.67065e-06
-0.00935495
1.97673e-06
1.80162e-06
1.92484e-06
1.80801e-06
-0.00941084
3.19624e-07
-0.00941116
3.0741e-07
-0.00941148
3.03421e-07
-0.00941178
2.7892e-07
-0.00941204
2.57923e-07
-0.00941229
2.39109e-07
-0.00941251
2.21888e-07
-0.00941271
2.04311e-07
-0.00941289
1.81771e-07
-0.00941303
1.45672e-07
-0.00941311
8.24217e-08
-0.00941307
-2.51385e-08
-0.00941284
-1.95151e-07
-0.00941233
-4.3716e-07
-0.00941145
-7.48972e-07
-0.00941012
-1.11047e-06
-0.00940831
-1.49478e-06
-0.00940599
-1.88683e-06
-0.00940313
-2.30289e-06
-0.00939962
-2.80001e-06
-0.00939522
-3.47465e-06
-0.00938958
-4.42217e-06
-0.0093824
-5.58678e-06
-0.00937436
-6.29305e-06
-6.58049e-06
-0.00933167
2.76481e-09
-0.0093314
1.40714e-09
-0.00933113
1.55689e-09
-0.00933089
1.55312e-09
-0.00933067
1.59047e-09
-0.00933046
1.59117e-09
-0.00933027
1.51372e-09
-0.00933009
1.41675e-09
-0.00932994
1.2258e-09
-0.00932981
9.02026e-10
-0.00932975
4.82159e-10
-0.00932977
-1.02104e-10
-0.00932995
-9.5348e-10
-0.00933036
-2.12646e-09
-0.00933106
-3.78778e-09
-0.0093321
-6.04467e-09
-0.00933352
-8.92491e-09
-0.00933533
-1.24073e-08
-0.00933754
-1.67191e-08
-0.00934024
-2.16376e-08
-0.0093436
-2.70152e-08
-0.00934791
-3.2742e-08
-0.00935337
-3.90927e-08
-0.00935954
-3.93732e-08
-3.33723e-08
-0.00933168
-3.13558e-07
-0.00933141
-3.04354e-07
-0.00933115
-2.99897e-07
-0.0093309
-2.75326e-07
-0.00933068
-2.54178e-07
-0.00933047
-2.35271e-07
-0.00933028
-2.18044e-07
-0.00933011
-2.00481e-07
-0.00932995
-1.78083e-07
-0.00932983
-1.42284e-07
-0.00932976
-7.94537e-08
-0.00932978
2.75936e-08
-0.00932997
1.96691e-07
-0.00933037
4.37351e-07
-0.00933107
7.47186e-07
-0.00933212
1.1059e-06
-0.00933353
1.48653e-06
-0.00933534
1.87382e-06
-0.00933755
2.28329e-06
-0.00934025
2.7717e-06
-0.00934362
3.43437e-06
-0.00934792
4.36583e-06
-0.00935338
5.50689e-06
-0.00935955
6.20063e-06
6.48701e-06
-0.00941084
1.54945e-08
-0.00941117
8.07784e-08
-0.00941149
7.83201e-08
-0.00941178
6.97847e-08
-0.00941205
6.26563e-08
-0.00941229
5.60576e-08
-0.00941251
4.99319e-08
-0.00941271
4.38808e-08
-0.00941289
3.6784e-08
-0.00941303
2.64689e-08
-0.00941311
9.24198e-09
-0.00941306
-1.99285e-08
-0.00941284
-6.55129e-08
-0.00941233
-1.35039e-07
-0.00941144
-2.2646e-07
-0.00941012
-3.35604e-07
-0.0094083
-4.54721e-07
-0.00940598
-5.78932e-07
-0.00940312
-7.13201e-07
-0.00939961
-8.75469e-07
-0.00939521
-1.09812e-06
-0.00938956
-1.40838e-06
-0.00938238
-1.79287e-06
-0.00937434
-1.93826e-06
-1.8954e-06
-0.00931278
-6.45813e-07
-2.02136e-08
-0.00931233
-3.12102e-07
-8.39323e-08
-0.00931185
-3.46568e-07
-8.18531e-08
-0.00931142
-3.21692e-07
-7.34463e-08
-0.00931101
-3.02315e-07
-6.64297e-08
-0.00931064
-2.85346e-07
-5.9943e-08
-0.00931029
-2.70493e-07
-5.38994e-08
-0.00930997
-2.56113e-07
-4.78631e-08
-0.00930967
-2.38302e-07
-4.07157e-08
-0.00930943
-2.09367e-07
-3.02506e-08
-0.00930926
-1.57037e-07
-1.27442e-08
-0.00930924
-6.43439e-08
1.67466e-08
-0.00930945
8.58621e-08
6.32366e-08
-0.00931001
3.01247e-07
1.33986e-07
-0.00931102
5.81998e-07
2.27295e-07
-0.00931257
9.09239e-07
3.39376e-07
-0.00931471
1.25645e-06
4.63054e-07
-0.00931745
1.60603e-06
5.94384e-07
-0.00932083
1.96706e-06
7.39942e-07
-0.00932497
2.38573e-06
9.2059e-07
-0.00933014
2.9459e-06
1.17232e-06
-0.00933678
3.7366e-06
1.52756e-06
-0.00934529
4.77036e-06
1.97174e-06
-0.00935495
5.56704e-06
2.17171e-06
6.835e-06
2.16417e-06
-0.00939703
-0.00939726
-0.00939753
-0.00939777
-0.009398
-0.00939822
-0.00939842
-0.00939861
-0.00939879
-0.00939894
-0.00939906
-0.00939911
-0.00939904
-0.00939878
-0.00939827
-0.00939746
-0.00939633
-0.00939485
-0.009393
-0.00939073
-0.00938787
-0.00938417
-0.00937932
-0.00937358
-0.00933167
-3.14844e-07
-2.17486e-10
-0.0093314
-3.01788e-07
-2.15479e-09
-0.00933113
-2.97427e-07
-2.23268e-09
-0.00933089
-2.72553e-07
-2.4521e-09
-0.00933067
-2.51078e-07
-2.75314e-09
-0.00933046
-2.31742e-07
-3.11713e-09
-0.00933027
-2.13962e-07
-3.5513e-09
-0.00933009
-1.95718e-07
-4.12744e-09
-0.00932994
-1.72452e-07
-4.84272e-09
-0.00932981
-1.35566e-07
-5.72685e-09
-0.00932975
-7.13746e-08
-6.93119e-09
-0.00932977
3.74694e-08
-8.26454e-09
-0.00932995
2.08997e-07
-1.05301e-08
-0.00933036
4.52907e-07
-1.34666e-08
-0.00933106
7.6725e-07
-1.75492e-08
-0.0093321
1.13233e-06
-2.33993e-08
-0.00933352
1.52236e-06
-3.2162e-08
-0.00933532
1.92385e-06
-4.5495e-08
-0.00933754
2.35612e-06
-6.61465e-08
-0.00934024
2.88112e-06
-9.7937e-08
-0.0093436
3.60509e-06
-1.47358e-07
-0.00934791
4.63014e-06
-2.15719e-07
-0.00935337
5.90751e-06
-3.03612e-07
-0.00935954
6.72666e-06
-3.68922e-07
7.03205e-06
-3.55803e-07
-0.00941084
-0.00941116
-0.00941148
-0.00941178
-0.00941204
-0.00941229
-0.00941251
-0.00941271
-0.00941289
-0.00941303
-0.00941311
-0.00941306
-0.00941284
-0.00941233
-0.00941145
-0.00941012
-0.00940831
-0.00940599
-0.00940313
-0.00939962
-0.00939522
-0.00938958
-0.00938239
-0.00937436
-0.00941084
3.15186e-07
-0.00941117
3.06117e-07
-0.00941149
3.01728e-07
-0.00941178
2.77252e-07
-0.00941205
2.56301e-07
-0.00941229
2.3758e-07
-0.00941251
2.20527e-07
-0.00941271
2.03225e-07
-0.00941289
1.81085e-07
-0.00941303
1.45533e-07
-0.00941311
8.30419e-08
-0.00941307
-2.37812e-08
-0.00941284
-1.92137e-07
-0.00941233
-4.32089e-07
-0.00941144
-7.4122e-07
-0.00941012
-1.09927e-06
-0.0094083
-1.47934e-06
-0.00940598
-1.86681e-06
-0.00940312
-2.27904e-06
-0.00939961
-2.7757e-06
-0.00939521
-3.45867e-06
-0.00938956
-4.43007e-06
-0.00938238
-5.64431e-06
-0.00937434
-6.41975e-06
-6.74785e-06
-0.00933168
-0.00933141
-0.00933115
-0.0093309
-0.00933068
-0.00933047
-0.00933028
-0.00933011
-0.00932995
-0.00932983
-0.00932976
-0.00932979
-0.00932997
-0.00933037
-0.00933107
-0.00933212
-0.00933354
-0.00933534
-0.00933755
-0.00934025
-0.00934362
-0.00934792
-0.00935339
-0.00935956
)
;

boundaryField
{
    outletCentralUnloaded
    {
        type            calculated;
        value           nonuniform List<scalar> 2(0.00585013 0.00585013);
    }
    inletCentralUnloaded
    {
        type            calculated;
        value           nonuniform List<scalar> 2(-0.00587369 -0.00587369);
    }
    outletFuelElement
    {
        type            calculated;
        value           nonuniform List<scalar> 
12
(
0.00939646
0.00931343
0.00941056
0.00933195
0.00933196
0.00941057
0.00931343
0.00939646
0.00933195
0.00941056
0.00941057
0.00933196
)
;
    }
    inletFuelElement
    {
        type            calculated;
        value           nonuniform List<scalar> 
12
(
-0.00953895
-0.00953896
-0.00953895
-0.00953895
-0.00953896
-0.00953895
-0.00953896
-0.00953895
-0.00953895
-0.00953895
-0.00953895
-0.00953896
)
;
    }
    defaultFaces
    {
        type            calculated;
        value           nonuniform List<scalar> 
450
(
9.11122e-24
-1.0596e-23
0
1.30979e-23
2.87829e-24
0
1.14222e-23
3.80941e-24
0
-2.2017e-23
-1.01241e-23
0
-9.08243e-24
-1.85765e-23
0
-2.42611e-23
-3.86941e-24
0
-1.67869e-23
-6.10298e-24
0
-1.8128e-23
-5.27056e-24
0
-1.33607e-23
-5.3956e-24
0
-1.64081e-23
-3.51307e-24
0
-7.87833e-24
-3.31589e-24
0
-4.14966e-24
-1.61248e-24
0
2.90231e-24
3.09597e-24
0
2.0152e-23
1.0092e-23
0
4.0793e-23
3.02193e-23
0
6.23721e-23
2.70496e-23
0
5.22211e-23
-3.59739e-23
0
1.53397e-22
4.16651e-23
0
8.85039e-23
-7.81304e-23
0
-5.09284e-23
-1.17543e-22
0
-1.00245e-22
-4.66352e-23
0
2.27916e-22
-7.69531e-23
0
-1.27413e-22
-3.73366e-23
0
-2.71128e-22
-2.89314e-23
0
-1.70426e-22
-2.34292e-22
0
9.25453e-24
0
7.53933e-24
0
0
0
9.96471e-24
0
-8.27821e-24
0
8.65477e-24
0
6.83423e-24
0
6.04082e-24
0
-5.16655e-24
0
4.17805e-24
0
2.46291e-24
0
-1.66636e-24
0
-7.41133e-24
0
-2.086e-23
0
-1.90483e-23
0
-3.31111e-23
0
1.04043e-22
0
-3.12218e-23
0
3.82611e-23
0
-9.59935e-23
0
-1.236e-22
0
2.04442e-22
0
1.66038e-22
0
-3.00005e-22
0
-1.92188e-22
0
-7.29767e-24
-3.7152e-24
3.80739e-24
0
4.07784e-24
0
0
-4.75975e-24
5.08819e-24
-2.74294e-24
0
8.20449e-25
0
8.21809e-24
9.38279e-24
0
-7.69476e-23
6.16201e-23
-3.77908e-23
0
0
-1.6223e-22
-1.10036e-22
0
9.59999e-23
0
0
0
0
0
0
0
0
0
0
0
0
0
0
0
0
0
0
0
0
0
0
0
0
0
-1.20309e-23
3.70181e-24
3.76966e-24
7.53932e-24
1.15911e-23
1.93185e-23
-5.97882e-24
-5.97882e-24
8.2782e-24
-6.20865e-24
-8.65476e-24
-4.32738e-24
-6.83423e-24
-6.83423e-24
-4.83265e-24
-2.41633e-24
9.04145e-24
-5.16654e-24
-2.78536e-24
-4.17804e-24
-1.51563e-24
-1.51563e-24
1.66636e-24
1.77051e-24
7.41133e-24
5.55849e-24
8.34401e-24
1.2516e-23
2.85724e-23
2.38103e-23
4.4148e-23
2.2074e-23
-5.20216e-23
6.50269e-23
6.24435e-23
4.68326e-23
-1.53044e-22
9.56527e-23
-1.4399e-22
-9.59933e-23
0
-1.23599e-22
-2.04442e-22
2.4533e-22
-1.10692e-22
-1.66038e-22
7.50012e-23
-1.87503e-22
-3.84376e-22
-2.40235e-22
9.44872e-24
0
0
5.75277e-24
0
-3.76014e-24
6.13541e-24
0
-2.31233e-23
-2.67544e-23
0
0
1.18045e-23
0
-4.12848e-24
-2.74102e-23
0
4.31624e-24
-2.54337e-23
0
4.54437e-24
-2.35806e-23
0
9.64025e-24
-1.59778e-23
0
-5.15312e-24
-1.84264e-23
0
2.77812e-24
-9.96808e-24
0
3.02339e-24
-5.75746e-24
0
1.66204e-24
8.01978e-24
-0
0
2.48936e-23
-0
-4.16142e-24
4.81738e-23
-0
-9.50047e-24
7.52766e-23
-0
-2.20209e-23
6.68159e-23
-0
0
1.43675e-22
-0
0
6.66229e-23
-0
-7.63684e-23
-5.88268e-23
-0
4.79095e-23
-3.78165e-23
-0
6.17021e-23
1.21237e-22
-0
8.16712e-23
-8.78481e-23
-0
0
-7.37113e-23
-0
1.49922e-22
-8.2416e-23
-0
2.88234e-22
-7.29767e-24
-3.7152e-24
0
-7.85465e-24
8.15568e-24
-4.26289e-24
0
-2.37987e-24
0
-2.74294e-24
-1.49249e-24
0
0
1.64362e-23
9.38279e-24
2.17551e-23
-5.12984e-23
6.16201e-23
-1.13372e-22
0
-6.11928e-23
-8.11148e-23
-1.10036e-22
0
9.59999e-23
7.40362e-24
0
3.76966e-24
0
0
0
3.98588e-24
0
-4.1391e-24
0
4.32738e-24
0
4.55615e-24
0
7.24899e-24
0
-1.29164e-24
0
5.57073e-24
0
2.27345e-24
0
-8.3318e-25
-0
-3.70567e-24
-0
-2.086e-23
-0
-2.85724e-23
-0
-1.1037e-23
-0
9.10378e-23
-0
-6.24436e-23
-0
1.14783e-22
-0
-9.59934e-23
-0
-1.23599e-22
-0
1.63554e-22
-0
5.53459e-23
-0
-3.00005e-22
-0
-2.88282e-22
-0
-1.11054e-23
7.40362e-24
-7.53933e-24
1.50787e-23
-7.7274e-24
7.7274e-24
-7.97176e-24
-2.19223e-23
4.1391e-24
6.20865e-24
-4.32738e-24
-1.94732e-23
-4.55615e-24
-1.13904e-23
-4.83265e-24
-1.20816e-23
1.29164e-24
-7.74982e-24
-4.17804e-24
-1.25341e-23
-1.51563e-24
-5.30472e-24
8.33179e-25
2.86405e-24
3.70566e-24
1.66755e-23
4.172e-24
3.3376e-23
9.52412e-24
5.23827e-23
2.2074e-23
7.72591e-23
0
6.5027e-23
4.68327e-23
1.7172e-22
-3.82611e-23
1.14783e-22
-2.39983e-23
-7.1995e-23
-3.08998e-23
-6.17997e-23
-4.08884e-23
1.22665e-22
1.10692e-22
-1.10692e-22
-7.50012e-23
-2.25004e-22
0
-1.92188e-22
-0
-0
-0
-0
-0
-0
-0
-0
-0
-0
-0
0
0
0
0
0
0
0
0
0
0
0
0
0
0
)
;
    }
    baffle_master
    {
        type            calculated;
        value           nonuniform List<scalar> 
150
(
-8.26578e-29
0
0
4.39958e-30
0
2.48481e-28
-8.49059e-31
0
3.88283e-30
7.57115e-29
0
0
7.50172e-28
0
4.97085e-28
-6.24735e-29
0
-2.48563e-28
-1.56498e-28
0
0
-3.59083e-30
0
7.76887e-30
4.15957e-29
0
0
7.08051e-29
0
2.48646e-28
-7.46633e-30
0
-2.48667e-28
-4.11541e-29
0
0
9.71564e-30
0
-1.24354e-28
-2.32517e-29
0
0
1.81051e-29
0
0
2.64228e-28
0
2.4877e-28
-1.73435e-27
0
-1.24395e-27
-1.68254e-28
0
2.4881e-28
-3.19311e-28
0
-1.86623e-28
-2.99424e-29
0
6.22129e-29
-1.82764e-29
0
1.24436e-28
-7.71651e-28
0
-4.97786e-28
2.3328e-29
0
-1.24457e-28
-3.02022e-30
0
6.22333e-29
-2.03796e-29
0
-3.11191e-29
0
-3.19237e-28
0
2.48481e-28
-5.18487e-28
0
7.76567e-30
-8.49597e-30
0
-2.48522e-28
2.77126e-28
-0
0
-3.01576e-28
-0
-4.97126e-28
3.1104e-28
-0
-2.48583e-28
3.5358e-28
-0
0
1.51949e-29
-0
-2.48625e-28
-4.11855e-28
0
2.48646e-28
-6.12368e-28
0
2.48667e-28
-8.96367e-28
0
2.48687e-28
-4.26618e-28
0
1.24354e-28
-1.95874e-28
0
-6.21822e-29
7.11955e-29
-0
-2.48749e-28
3.3001e-28
-0
-2.4877e-28
5.82624e-28
-0
2.4879e-28
6.25175e-28
-0
-2.4881e-28
2.54837e-28
-0
1.86623e-28
7.25857e-29
-0
0
9.11665e-29
0
-1.24436e-28
1.48578e-28
0
-4.97786e-28
4.96793e-28
0
-2.48913e-28
-4.43096e-28
0
0
1.22873e-28
0
0
-8.0297e-29
-0
)
;
    }
    baffle_slave
    {
        type            calculated;
        value           nonuniform List<scalar> 
150
(
-1.53409e-24
-0
7.29767e-24
3.47093e-25
-0
0
-1.89702e-24
-0
3.80739e-24
-7.33761e-25
-0
0
-1.39673e-23
-0
-4.07784e-24
-5.30932e-25
-0
4.26289e-24
-2.79463e-24
-0
4.48782e-24
5.92775e-25
-0
0
3.1683e-24
-0
2.5441e-24
-6.83169e-25
-0
2.74294e-24
7.43435e-25
-0
1.49249e-24
0
0
2.05112e-25
-4.54434e-25
0
3.64924e-24
-3.07023e-24
0
8.21809e-24
1.16851e-24
0
0
5.41913e-24
0
-2.17551e-23
-7.66796e-23
0
-5.12984e-23
1.91925e-24
0
3.08101e-23
-7.77023e-23
0
-3.77908e-23
1.47892e-23
0
-4.74596e-23
-2.28903e-23
0
-6.11928e-23
1.82133e-22
0
1.6223e-22
1.37337e-23
0
1.10036e-22
5.60132e-23
0
-7.47483e-23
2.39942e-23
0
-9.59999e-23
-3.34559e-24
2.36363e-23
0
-5.1868e-24
9.60292e-24
0
4.19349e-24
8.29946e-24
0
-4.62159e-24
1.24739e-23
0
-2.93343e-24
-1.77766e-23
0
-6.39807e-24
8.76037e-24
0
-9.2906e-24
8.52363e-24
0
-6.10325e-25
5.92775e-24
0
4.95079e-24
7.2871e-24
0
-8.51729e-25
4.78218e-24
0
4.38791e-25
4.46061e-24
0
4.39149e-25
2.14555e-24
0
4.30675e-24
-6.81651e-25
0
7.98625e-24
-6.87604e-24
0
1.75227e-23
-9.31159e-24
0
2.33509e-23
-1.1685e-23
0
-4.79343e-23
-2.83555e-23
0
-3.62339e-23
-3.02282e-23
0
-8.28994e-23
-7.06384e-24
0
-3.655e-23
4.14099e-23
0
7.75832e-23
3.43354e-23
0
-1.64925e-22
1.06244e-22
0
-2.15902e-22
-1.16737e-22
0
3.66802e-23
6.53487e-23
0
6.52148e-23
1.19971e-22
0
)
;
    }
}


// ************************************************************************* //
