/*--------------------------------*- C++ -*----------------------------------*\
| =========                 |                                                 |
| \\      /  F ield         | OpenFOAM: The Open Source CFD Toolbox           |
|  \\    /   O peration     | Version:  2212                                  |
|   \\  /    A nd           | Website:  www.openfoam.com                      |
|    \\/     M anipulation  |                                                 |
\*---------------------------------------------------------------------------*/
FoamFile
{
    version     2.0;
    format      ascii;
    arch        "LSB;label=32;scalar=64";
    class       volScalarField;
    location    "94/fluidRegion";
    object      hdeltaT;
}
// * * * * * * * * * * * * * * * * * * * * * * * * * * * * * * * * * * * * * //

dimensions      [1 0 -3 0 0 0 0];

internalField   nonuniform List<scalar> 
350
(
0
0
0
0
0
0
0
0
0
0
0
0
0
0
0
0
0
0
0
0
0
0
0
0
0
0
0
0
0
0
0
0
0
0
0
0
0
0
0
0
0
0
0
0
0
0
0
0
0
0
450434
1.34422e+06
2.2168e+06
3.05443e+06
3.84388e+06
4.57271e+06
5.22943e+06
5.80367e+06
6.28639e+06
6.66996e+06
6.94835e+06
7.11716e+06
7.17373e+06
7.11716e+06
6.94835e+06
6.66997e+06
6.28639e+06
5.80368e+06
5.22941e+06
4.57272e+06
3.84389e+06
3.05447e+06
2.21681e+06
1.34419e+06
450445
455593
1.35962e+06
2.2422e+06
3.08942e+06
3.88791e+06
4.62509e+06
5.28933e+06
5.87015e+06
6.3584e+06
6.74637e+06
7.02794e+06
7.19869e+06
7.2559e+06
7.19869e+06
7.02795e+06
6.74637e+06
6.3584e+06
5.87016e+06
5.28931e+06
4.6251e+06
3.88792e+06
3.08945e+06
2.2422e+06
1.35959e+06
455605
449612
1.34177e+06
2.21276e+06
3.04886e+06
3.83687e+06
4.56437e+06
5.21989e+06
5.79309e+06
6.27492e+06
6.6578e+06
6.93568e+06
7.10418e+06
7.16064e+06
7.10418e+06
6.93568e+06
6.6578e+06
6.27492e+06
5.79309e+06
5.21987e+06
4.56438e+06
3.83688e+06
3.04889e+06
2.21277e+06
1.34174e+06
449623
454406
1.35607e+06
2.23635e+06
3.08136e+06
3.87778e+06
4.61304e+06
5.27554e+06
5.85485e+06
6.34182e+06
6.72878e+06
7.00962e+06
7.17992e+06
7.23698e+06
7.17992e+06
7.00962e+06
6.72878e+06
6.34183e+06
5.85485e+06
5.27552e+06
4.61304e+06
3.87778e+06
3.0814e+06
2.23636e+06
1.35605e+06
454417
454406
1.35607e+06
2.23635e+06
3.08136e+06
3.87778e+06
4.61304e+06
5.27554e+06
5.85485e+06
6.34182e+06
6.72878e+06
7.00962e+06
7.17992e+06
7.23698e+06
7.17992e+06
7.00962e+06
6.72878e+06
6.34183e+06
5.85485e+06
5.27552e+06
4.61304e+06
3.87778e+06
3.0814e+06
2.23636e+06
1.35605e+06
454417
449612
1.34177e+06
2.21276e+06
3.04886e+06
3.83687e+06
4.56437e+06
5.21989e+06
5.79309e+06
6.27492e+06
6.6578e+06
6.93568e+06
7.10418e+06
7.16064e+06
7.10418e+06
6.93568e+06
6.6578e+06
6.27493e+06
5.79309e+06
5.21987e+06
4.56438e+06
3.83688e+06
3.04889e+06
2.21277e+06
1.34174e+06
449623
455593
1.35962e+06
2.2422e+06
3.08942e+06
3.88791e+06
4.62509e+06
5.28933e+06
5.87015e+06
6.3584e+06
6.74637e+06
7.02794e+06
7.19869e+06
7.2559e+06
7.19869e+06
7.02795e+06
6.74637e+06
6.3584e+06
5.87016e+06
5.28931e+06
4.6251e+06
3.88792e+06
3.08946e+06
2.2422e+06
1.35959e+06
455605
450434
1.34422e+06
2.21681e+06
3.05443e+06
3.84388e+06
4.57271e+06
5.22943e+06
5.80367e+06
6.28639e+06
6.66996e+06
6.94835e+06
7.11716e+06
7.17372e+06
7.11716e+06
6.94835e+06
6.66997e+06
6.28639e+06
5.80368e+06
5.22941e+06
4.57272e+06
3.84389e+06
3.05447e+06
2.21681e+06
1.3442e+06
450445
454406
1.35607e+06
2.23635e+06
3.08136e+06
3.87778e+06
4.61304e+06
5.27554e+06
5.85485e+06
6.34182e+06
6.72878e+06
7.00962e+06
7.17992e+06
7.23698e+06
7.17992e+06
7.00962e+06
6.72878e+06
6.34183e+06
5.85485e+06
5.27552e+06
4.61304e+06
3.87778e+06
3.0814e+06
2.23636e+06
1.35605e+06
454417
449612
1.34177e+06
2.21276e+06
3.04886e+06
3.83687e+06
4.56437e+06
5.21989e+06
5.79309e+06
6.27492e+06
6.6578e+06
6.93568e+06
7.10418e+06
7.16064e+06
7.10418e+06
6.93568e+06
6.6578e+06
6.27492e+06
5.79309e+06
5.21987e+06
4.56438e+06
3.83688e+06
3.04889e+06
2.21277e+06
1.34174e+06
449623
449612
1.34177e+06
2.21276e+06
3.04886e+06
3.83687e+06
4.56437e+06
5.21989e+06
5.79309e+06
6.27492e+06
6.6578e+06
6.93568e+06
7.10418e+06
7.16064e+06
7.10418e+06
6.93568e+06
6.6578e+06
6.27492e+06
5.79309e+06
5.21987e+06
4.56438e+06
3.83688e+06
3.04889e+06
2.21277e+06
1.34174e+06
449623
454406
1.35607e+06
2.23635e+06
3.08136e+06
3.87778e+06
4.61304e+06
5.27554e+06
5.85485e+06
6.34182e+06
6.72878e+06
7.00962e+06
7.17992e+06
7.23698e+06
7.17992e+06
7.00962e+06
6.72878e+06
6.34183e+06
5.85485e+06
5.27552e+06
4.61304e+06
3.87778e+06
3.0814e+06
2.23636e+06
1.35605e+06
454417
)
;

boundaryField
{
    outletCentralUnloaded
    {
        type            calculated;
        value           uniform 0;
    }
    inletCentralUnloaded
    {
        type            calculated;
        value           uniform 0;
    }
    outletFuelElement
    {
        type            calculated;
        value           uniform 0;
    }
    inletFuelElement
    {
        type            calculated;
        value           nonuniform List<scalar> 
12
(
3.0491e+06
3.04788e+06
3.04901e+06
3.0482e+06
3.0482e+06
3.049e+06
3.04788e+06
3.0491e+06
3.0482e+06
3.04901e+06
3.049e+06
3.0482e+06
)
;
    }
    defaultFaces
    {
        type            calculated;
        value           nonuniform List<scalar> 
450
(
0
0
0
0
0
0
0
0
0
0
0
0
0
0
0
0
0
0
0
0
0
0
0
0
0
0
0
0
0
0
0
0
0
0
0
0
0
0
0
0
0
0
0
0
0
0
0
0
1.25067e+06
1.25067e+06
1.25067e+06
2.34069e+06
2.34069e+06
2.34069e+06
3.08325e+06
3.08325e+06
3.08325e+06
3.50333e+06
3.50333e+06
3.50333e+06
3.64458e+06
3.64458e+06
3.64458e+06
3.57237e+06
3.57237e+06
3.57237e+06
3.37685e+06
3.37685e+06
3.37685e+06
3.16974e+06
3.16974e+06
3.16974e+06
3.01555e+06
3.01555e+06
3.01555e+06
0
0
0
0
0
0
0
0
0
0
0
0
0
0
0
0
0
0
0
0
0
0
0
0
0
0
0
0
0
0
0
0
1.2693e+06
1.2693e+06
2.35352e+06
2.35352e+06
3.09156e+06
3.09156e+06
3.50831e+06
3.50831e+06
3.6473e+06
3.6473e+06
3.57371e+06
3.57371e+06
3.37741e+06
3.37741e+06
3.16987e+06
3.16987e+06
3.01553e+06
3.01553e+06
0
0
0
0
0
0
0
0
0
0
0
0
0
0
0
0
1.1552e+06
2.27415e+06
3.03938e+06
3.47617e+06
3.62872e+06
3.56331e+06
3.37138e+06
3.16638e+06
3.01437e+06
0
0
0
0
0
0
0
0
0
0
0
0
0
0
0
0
1.1552e+06
2.27415e+06
3.03938e+06
3.47617e+06
3.62872e+06
3.56331e+06
3.37138e+06
3.16638e+06
3.01437e+06
0
0
0
0
0
0
0
0
0
0
0
0
0
0
0
0
0
0
0
0
0
0
0
0
0
0
0
0
0
0
0
0
1.26929e+06
1.26929e+06
2.35351e+06
2.35351e+06
3.09155e+06
3.09155e+06
3.5083e+06
3.5083e+06
3.64729e+06
3.64729e+06
3.5737e+06
3.5737e+06
3.37741e+06
3.37741e+06
3.16987e+06
3.16987e+06
3.01552e+06
3.01552e+06
0
0
0
0
0
0
0
0
0
0
0
0
0
0
0
0
0
0
0
0
0
0
0
0
0
0
0
0
0
0
0
0
0
0
0
0
0
0
0
0
0
0
0
0
0
0
0
0
1.25068e+06
1.25068e+06
1.25068e+06
2.34069e+06
2.34069e+06
2.34069e+06
3.08325e+06
3.08325e+06
3.08325e+06
3.50333e+06
3.50333e+06
3.50333e+06
3.64458e+06
3.64458e+06
3.64458e+06
3.57237e+06
3.57237e+06
3.57237e+06
3.37685e+06
3.37685e+06
3.37685e+06
3.16974e+06
3.16974e+06
3.16974e+06
3.01555e+06
3.01555e+06
3.01555e+06
0
0
0
0
0
0
0
0
0
0
0
0
0
0
0
0
1.1552e+06
2.27415e+06
3.03938e+06
3.47617e+06
3.62872e+06
3.56331e+06
3.37138e+06
3.16638e+06
3.01437e+06
0
0
0
0
0
0
0
0
0
0
0
0
0
0
0
0
0
0
0
0
0
0
0
0
0
0
0
0
0
0
0
0
1.2693e+06
1.2693e+06
2.35352e+06
2.35352e+06
3.09156e+06
3.09156e+06
3.50831e+06
3.50831e+06
3.64729e+06
3.64729e+06
3.5737e+06
3.5737e+06
3.37741e+06
3.37741e+06
3.16987e+06
3.16987e+06
3.01553e+06
3.01553e+06
0
0
0
0
0
0
0
0
0
0
0
0
0
0
0
0
0
0
0
0
0
0
0
0
0
0
0
0
0
0
0
0
1.26929e+06
1.26929e+06
2.35351e+06
2.35351e+06
3.09155e+06
3.09155e+06
3.5083e+06
3.5083e+06
3.64729e+06
3.64729e+06
3.5737e+06
3.5737e+06
3.37741e+06
3.37741e+06
3.16987e+06
3.16987e+06
3.01552e+06
3.01552e+06
0
0
0
0
0
0
0
0
0
0
0
0
0
0
0
0
1.1552e+06
2.27415e+06
3.03938e+06
3.47617e+06
3.62872e+06
3.56331e+06
3.37138e+06
3.16639e+06
3.01438e+06
)
;
    }
    baffle_master
    {
        type            calculated;
        value           uniform 0;
    }
    baffle_slave
    {
        type            calculated;
        value           nonuniform List<scalar> 
150
(
0
0
0
0
0
0
0
0
0
0
0
0
0
0
0
0
0
0
0
0
0
0
0
0
0
0
0
0
0
0
0
0
0
0
0
0
0
0
0
0
0
0
0
0
0
0
0
0
1.12644e+06
1.1552e+06
1.1552e+06
2.25406e+06
2.27415e+06
2.27415e+06
3.02609e+06
3.03938e+06
3.03938e+06
3.46791e+06
3.47617e+06
3.47617e+06
3.62387e+06
3.62872e+06
3.62872e+06
3.5605e+06
3.56331e+06
3.56331e+06
3.36965e+06
3.37138e+06
3.37138e+06
3.16528e+06
3.16638e+06
3.16639e+06
3.01397e+06
3.01437e+06
3.01438e+06
0
0
0
0
0
0
0
0
0
0
0
0
0
0
0
0
0
0
0
0
0
0
0
0
0
0
0
0
0
0
0
0
0
0
0
0
0
0
0
0
0
0
0
0
0
0
0
0
1.1552e+06
1.12644e+06
1.1552e+06
2.27415e+06
2.25406e+06
2.27415e+06
3.03938e+06
3.02609e+06
3.03938e+06
3.47617e+06
3.46791e+06
3.47617e+06
3.62872e+06
3.62387e+06
3.62872e+06
3.56331e+06
3.5605e+06
3.56331e+06
3.37138e+06
3.36965e+06
3.37138e+06
3.16638e+06
3.16528e+06
3.16638e+06
3.01437e+06
3.01397e+06
3.01437e+06
)
;
    }
}


// ************************************************************************* //
