/*--------------------------------*- C++ -*----------------------------------*\
| =========                 |                                                 |
| \\      /  F ield         | OpenFOAM: The Open Source CFD Toolbox           |
|  \\    /   O peration     | Version:  2212                                  |
|   \\  /    A nd           | Website:  www.openfoam.com                      |
|    \\/     M anipulation  |                                                 |
\*---------------------------------------------------------------------------*/
FoamFile
{
    version     2.0;
    format      ascii;
    arch        "LSB;label=32;scalar=64";
    class       volVectorField;
    location    "94/fluidRegion";
    object      U;
}
// * * * * * * * * * * * * * * * * * * * * * * * * * * * * * * * * * * * * * //

dimensions      [0 1 -1 0 0 0 0];

internalField   nonuniform List<vector> 
350
(
(1.42052e-10 8.20134e-11 -14.9692)
(1.05349e-10 6.08232e-11 -14.9678)
(-6.04776e-12 -3.49167e-12 -14.9662)
(-1.16829e-10 -6.74511e-11 -14.9646)
(-1.7773e-10 -1.02612e-10 -14.9632)
(-1.69837e-10 -9.80549e-11 -14.9619)
(-1.01351e-10 -5.8515e-11 -14.9608)
(4.05271e-12 2.33982e-12 -14.9599)
(1.10549e-10 6.38251e-11 -14.9589)
(1.81566e-10 1.04827e-10 -14.9578)
(1.94828e-10 1.12484e-10 -14.9565)
(1.48613e-10 8.58015e-11 -14.955)
(5.74853e-11 3.3189e-11 -14.9534)
(-4.71246e-11 -2.72073e-11 -14.9517)
(-1.33885e-10 -7.72981e-11 -14.95)
(-1.79826e-10 -1.03822e-10 -14.9485)
(-1.76078e-10 -1.01659e-10 -14.9472)
(-1.27259e-10 -7.34729e-11 -14.9461)
(-5.50473e-11 -3.17815e-11 -14.9451)
(1.62695e-11 9.39319e-12 -14.9441)
(6.74338e-11 3.89328e-11 -14.9431)
(8.67868e-11 5.01062e-11 -14.9421)
(7.69285e-11 4.44145e-11 -14.941)
(4.02234e-11 2.32229e-11 -14.9398)
(2.48541e-12 1.43495e-12 -14.9696)
(1.42052e-10 8.20134e-11 -14.9692)
(1.05349e-10 6.08232e-11 -14.9678)
(-6.04777e-12 -3.49167e-12 -14.9662)
(-1.16829e-10 -6.74511e-11 -14.9646)
(-1.7773e-10 -1.02612e-10 -14.9632)
(-1.69837e-10 -9.80549e-11 -14.9619)
(-1.01351e-10 -5.85151e-11 -14.9608)
(4.0527e-12 2.33982e-12 -14.9599)
(1.10549e-10 6.38251e-11 -14.9589)
(1.81566e-10 1.04827e-10 -14.9578)
(1.94828e-10 1.12484e-10 -14.9565)
(1.48613e-10 8.58015e-11 -14.955)
(5.74853e-11 3.3189e-11 -14.9534)
(-4.71246e-11 -2.72073e-11 -14.9517)
(-1.33885e-10 -7.72981e-11 -14.95)
(-1.79826e-10 -1.03822e-10 -14.9485)
(-1.76078e-10 -1.01659e-10 -14.9472)
(-1.27259e-10 -7.34729e-11 -14.9461)
(-5.50473e-11 -3.17815e-11 -14.9451)
(1.62695e-11 9.39318e-12 -14.9441)
(6.74338e-11 3.89328e-11 -14.9431)
(8.67868e-11 5.01062e-11 -14.9421)
(7.69285e-11 4.44145e-11 -14.941)
(4.02234e-11 2.32229e-11 -14.9398)
(2.4854e-12 1.43494e-12 -14.9696)
(-0.0019765 -0.00114113 -423.83)
(-0.000938383 -0.000541775 -415.84)
(-0.00101664 -0.000586956 -405.734)
(-0.00091487 -0.0005282 -393.304)
(-0.000828183 -0.000478151 -378.742)
(-0.000747889 -0.000431793 -362.252)
(-0.000673536 -0.000388866 -344.042)
(-0.00060147 -0.000347258 -324.327)
(-0.000523661 -0.000302336 -303.327)
(-0.000426915 -0.000246479 -281.271)
(-0.000294639 -0.00017011 -258.398)
(-0.000110564 -6.38341e-05 -234.963)
(0.000130181 7.51598e-05 -211.249)
(0.000408135 0.000235637 -187.566)
(0.000691822 0.000399423 -164.253)
(0.000933465 0.000538936 -141.663)
(0.00109571 0.000632606 -120.144)
(0.00116858 0.00067468 -100.011)
(0.00117138 0.000676296 -81.5298)
(0.00113834 0.000657219 -64.9233)
(0.0011002 0.000635199 -50.3826)
(0.00106439 0.000614525 -38.0956)
(0.00101541 0.000586249 -28.2707)
(0.000882168 0.00050932 -21.1346)
(0.000840693 0.000485374 -16.6338)
(-0.00191469 -0.0011244 -426.564)
(-0.000690294 -0.000403187 -418.531)
(-0.000780214 -0.000457319 -408.392)
(-0.000709558 -0.000416801 -395.908)
(-0.000649655 -0.000382696 -381.276)
(-0.000594136 -0.000350916 -364.698)
(-0.000542532 -0.000321243 -346.386)
(-0.000492014 -0.000292369 -326.555)
(-0.000436761 -0.000260674 -305.427)
(-0.000367245 -0.000220796 -283.23)
(-0.00027215 -0.000165987 -260.203)
(-0.000139655 -9.03449e-05 -236.605)
(3.37569e-05 9.73881e-06 -212.718)
(0.000227479 0.000121587 -188.856)
(0.000424088 0.000235161 -165.359)
(0.000589606 0.000330817 -142.588)
(0.000699312 0.000394298 -120.894)
(0.000747456 0.00042232 -100.597)
(0.000747967 0.000422986 -81.9692)
(0.000724433 0.000410156 -65.2343)
(0.000698494 0.000395988 -50.5858)
(0.000676775 0.00038532 -38.2129)
(0.000653633 0.000374529 -28.3258)
(0.000595286 0.000342778 -21.1517)
(0.000622231 0.000357948 -16.6358)
(-0.00087248 -0.000657625 -423.393)
(-0.0005005 -0.000954293 -415.402)
(-0.000486545 -0.000913328 -405.304)
(-0.000441891 -0.000803538 -392.883)
(-0.000400267 -0.000707024 -378.334)
(-0.000362137 -0.000618074 -361.859)
(-0.000326385 -0.00053606 -343.666)
(-0.000290323 -0.000456988 -323.971)
(-0.000248484 -0.000371925 -302.993)
(-0.000192753 -0.00026621 -280.961)
(-0.000113882 -0.000120435 -258.112)
(-5.19809e-06 8.18545e-05 -234.704)
(0.000136009 0.00034482 -211.017)
(0.000288404 0.00065975 -187.363)
(0.000437972 0.000980678 -164.079)
(0.000557346 0.00125464 -141.518)
(0.000629504 0.00143775 -120.026)
(0.000653286 0.00151796 -99.9173)
(0.00064211 0.00151743 -81.4591)
(0.000614825 0.00147555 -64.8722)
(0.000586016 0.0014255 -50.3477)
(0.000560033 0.00137129 -38.0734)
(0.000520804 0.00127733 -28.2578)
(0.000454965 0.00103623 -21.1277)
(0.000396028 0.000818111 -16.6315)
(-0.000971472 -0.000560878 -425.954)
(-0.000910668 -0.000525773 -417.931)
(-0.000876641 -0.000506127 -407.798)
(-0.000780004 -0.000450334 -395.325)
(-0.000693731 -0.000400525 -380.708)
(-0.000614378 -0.00035471 -364.148)
(-0.000540766 -0.000312211 -345.858)
(-0.000468893 -0.000270715 -326.053)
(-0.000389592 -0.00022493 -304.953)
(-0.00028856 -0.0001666 -282.787)
(-0.000147975 -8.54332e-05 -259.794)
(4.66551e-05 2.69363e-05 -236.232)
(0.000299759 0.000173065 -212.384)
(0.000592208 0.00034191 -188.562)
(0.000886657 0.00051191 -165.107)
(0.00113275 0.000653989 -142.377)
(0.00129232 0.000746117 -120.723)
(0.00135712 0.000783534 -100.463)
(0.00134967 0.000779228 -81.8689)
(0.00130637 0.000754233 -65.1634)
(0.00125706 0.000725762 -50.5396)
(0.00120725 0.000697002 -38.1865)
(0.00112437 0.000649152 -28.3137)
(0.000933354 0.000538871 -21.1483)
(0.000761125 0.000439434 -16.6356)
(0.000955009 0.000551373 -425.954)
(0.000915645 0.000528647 -417.931)
(0.000880146 0.000508152 -407.798)
(0.00078361 0.000452416 -395.325)
(0.000696716 0.000402248 -380.708)
(0.000616817 0.000356119 -364.148)
(0.000542908 0.000313447 -345.858)
(0.000470358 0.000271561 -326.053)
(0.000390445 0.000225423 -304.953)
(0.000288865 0.000166776 -282.787)
(0.000147435 8.51214e-05 -259.794)
(-4.84905e-05 -2.79959e-05 -236.232)
(-0.000302677 -0.00017475 -212.384)
(-0.000596166 -0.000344196 -188.562)
(-0.000891341 -0.000514615 -165.107)
(-0.00113785 -0.000656937 -142.377)
(-0.00129783 -0.000749298 -120.723)
(-0.00136312 -0.000786996 -100.463)
(-0.00135565 -0.00078268 -81.8689)
(-0.00131202 -0.000757495 -65.1634)
(-0.00126232 -0.000728799 -50.5396)
(-0.00121116 -0.000699264 -38.1865)
(-0.00112663 -0.000650461 -28.3137)
(-0.000933915 -0.000539195 -21.1483)
(-0.000759395 -0.000438436 -16.6356)
(0.000992672 0.000436223 -423.394)
(0.00107862 -4.15822e-05 -415.402)
(0.00103475 -3.19064e-05 -405.304)
(0.00091733 -1.5371e-05 -392.884)
(0.000812662 -3.20666e-06 -378.334)
(0.000716339 8.2977e-06 -361.859)
(0.000627286 1.8508e-05 -343.667)
(0.000540512 2.6797e-05 -323.971)
(0.000445675 3.32251e-05 -302.994)
(0.000325996 3.80371e-05 -280.961)
(0.00016002 4.2599e-05 -258.112)
(-7.02114e-05 4.98246e-05 -234.704)
(-0.00036889 5.85685e-05 -211.017)
(-0.000718199 8.38302e-05 -187.363)
(-0.00107117 0.000114546 -164.079)
(-0.00136825 0.00014786 -141.518)
(-0.00156301 0.000176388 -120.026)
(-0.00164446 0.000195043 -99.9173)
(-0.00163836 0.000203893 -81.4591)
(-0.00158831 0.000206163 -64.8722)
(-0.00153037 0.000205701 -50.3477)
(-0.00146986 0.000201118 -38.0733)
(-0.00136808 0.000188283 -28.2577)
(-0.00112535 0.000124456 -21.1277)
(-0.000905086 6.43945e-05 -16.6315)
(0.00191691 0.00112043 -426.564)
(0.00069557 0.000395621 -418.531)
(0.000786257 0.000449139 -408.392)
(0.000715857 0.000408458 -395.908)
(0.000655995 0.000373967 -381.276)
(0.000600419 0.000342142 -364.698)
(0.000548745 0.000312632 -346.386)
(0.000498145 0.000283685 -326.555)
(0.00044285 0.000252121 -305.427)
(0.000373358 0.000212362 -283.23)
(0.000278202 0.000157599 -260.203)
(0.000145172 8.21899e-05 -236.605)
(-2.84107e-05 -1.79236e-05 -212.718)
(-0.000222534 -0.000129458 -188.856)
(-0.000419477 -0.000242679 -165.359)
(-0.000585287 -0.000338112 -142.588)
(-0.000695471 -0.000401457 -120.894)
(-0.000744393 -0.000429382 -100.597)
(-0.000745852 -0.000429574 -81.9692)
(-0.000723602 -0.000415727 -65.2343)
(-0.000699411 -0.000400395 -50.5858)
(-0.000679631 -0.000387381 -38.2129)
(-0.000658325 -0.00037363 -28.3258)
(-0.000599842 -0.000340943 -21.1517)
(-0.000624582 -0.000361462 -16.6358)
(0.0019762 0.00114096 -423.83)
(0.000938447 0.000541812 -415.84)
(0.00101686 0.000587083 -405.734)
(0.000915137 0.000528354 -393.304)
(0.000828375 0.000478262 -378.742)
(0.000748051 0.000431887 -362.252)
(0.000673705 0.000388963 -344.042)
(0.0006016 0.000347333 -324.327)
(0.000523819 0.000302427 -303.327)
(0.000427119 0.000246597 -281.271)
(0.000294812 0.00017021 -258.398)
(0.000110629 6.38717e-05 -234.963)
(-0.000130137 -7.51347e-05 -211.249)
(-0.000408153 -0.000235647 -187.566)
(-0.000691834 -0.00039943 -164.253)
(-0.000933483 -0.000538946 -141.663)
(-0.00109582 -0.000632674 -120.144)
(-0.00116892 -0.000674878 -100.011)
(-0.00117196 -0.000676631 -81.5298)
(-0.00113921 -0.000657721 -64.9233)
(-0.00110159 -0.000636 -50.3826)
(-0.00106615 -0.000615543 -38.0956)
(-0.00101738 -0.000587382 -28.2707)
(-0.000883855 -0.000510293 -21.1346)
(-0.000842961 -0.000486683 -16.6338)
(0.000974764 0.000562779 -425.954)
(0.000916124 0.000528923 -417.931)
(0.000882779 0.000509671 -407.798)
(0.000786456 0.000454059 -395.325)
(0.000699984 0.000404135 -380.708)
(0.00062049 0.000358239 -364.148)
(0.000546941 0.000315775 -345.858)
(0.00047487 0.000274165 -326.053)
(0.000395465 0.000228321 -304.953)
(0.000294456 0.000170004 -282.787)
(0.000153519 8.86339e-05 -259.794)
(-4.10797e-05 -2.37173e-05 -236.232)
(-0.000294764 -0.000170182 -212.384)
(-0.00058758 -0.000339238 -188.562)
(-0.000882139 -0.000509302 -165.107)
(-0.00112814 -0.00065133 -142.377)
(-0.00128766 -0.000743429 -120.723)
(-0.00135258 -0.000780908 -100.463)
(-0.00134478 -0.00077641 -81.8689)
(-0.00130111 -0.000751196 -65.1634)
(-0.00125152 -0.000722562 -50.5396)
(-0.00120126 -0.000693546 -38.1865)
(-0.0011184 -0.000645707 -28.3137)
(-0.000928168 -0.000535876 -21.1483)
(-0.000756923 -0.000437009 -16.6356)
(0.000875914 0.000656312 -423.393)
(0.000507447 0.000951334 -415.402)
(0.000494447 0.000909979 -405.304)
(0.000450141 0.000800038 -392.883)
(0.00040846 0.000703449 -378.334)
(0.000370224 0.000614519 -361.859)
(0.000334434 0.000532555 -343.666)
(0.000298203 0.000453516 -323.971)
(0.000256274 0.000368486 -302.993)
(0.000200546 0.000262765 -280.961)
(0.000121629 0.000116991 -258.112)
(1.22281e-05 -8.49264e-05 -234.704)
(-0.000129422 -0.000347789 -211.017)
(-0.000282349 -0.000662473 -187.363)
(-0.000432361 -0.000983105 -164.079)
(-0.000552075 -0.00125675 -141.518)
(-0.000624735 -0.00143941 -120.026)
(-0.000649291 -0.00151895 -99.9173)
(-0.000638734 -0.00151753 -81.4591)
(-0.000612176 -0.00147457 -64.8722)
(-0.00058428 -0.00142319 -50.3477)
(-0.000559147 -0.00136756 -38.0734)
(-0.000520908 -0.00127244 -28.2578)
(-0.000455102 -0.00103155 -21.1278)
(-0.000394591 -0.000815622 -16.6315)
(-0.000991732 -0.000437636 -423.394)
(-0.00107704 3.88546e-05 -415.402)
(-0.00103299 2.91648e-05 -405.304)
(-0.000915498 1.27122e-05 -392.884)
(-0.000810891 1.44849e-07 -378.334)
(-0.000714606 -1.14746e-05 -361.859)
(-0.000625549 -2.15503e-05 -343.666)
(-0.000538834 -3.00309e-05 -323.971)
(-0.000444037 -3.64117e-05 -302.994)
(-0.000324346 -4.11052e-05 -280.961)
(-0.000158581 -4.57329e-05 -258.112)
(7.205e-05 -5.2973e-05 -234.704)
(0.000370441 -6.2172e-05 -211.017)
(0.000719611 -8.75215e-05 -187.363)
(0.00107256 -0.000118261 -164.079)
(0.00136963 -0.000151687 -141.518)
(0.00156434 -0.000180584 -120.026)
(0.00164561 -0.00019992 -99.9173)
(0.00163936 -0.000209071 -81.4591)
(0.00158902 -0.000211256 -64.8722)
(0.00153077 -0.000210668 -50.3477)
(0.00146992 -0.000204717 -38.0733)
(0.0013678 -0.00018979 -28.2577)
(0.00112491 -0.000124996 -21.1277)
(0.000903609 -6.90632e-05 -16.6315)
(-0.000952655 -0.000550014 -425.954)
(-0.000912142 -0.000526624 -417.931)
(-0.000876184 -0.000505864 -407.798)
(-0.000779384 -0.000449977 -395.325)
(-0.000692759 -0.000399964 -380.707)
(-0.000613005 -0.000353918 -364.148)
(-0.000539004 -0.000311193 -345.858)
(-0.000466661 -0.000269426 -326.053)
(-0.000386838 -0.00022334 -304.953)
(-0.000285192 -0.000164656 -282.787)
(-0.000144283 -8.33018e-05 -259.794)
(5.22437e-05 3.01629e-05 -236.232)
(0.000305712 0.000176502 -212.384)
(0.000598884 0.000345765 -188.562)
(0.000894019 0.000516161 -165.107)
(0.00114062 0.000658536 -142.377)
(0.00130054 0.000750866 -120.723)
(0.00136548 0.00078836 -100.463)
(0.001358 0.000784039 -81.8689)
(0.00131432 0.000758823 -65.1634)
(0.00126442 0.000730012 -50.5396)
(0.00121343 0.000700573 -38.1864)
(0.00112903 0.000651843 -28.3137)
(0.000935791 0.000540278 -21.1483)
(0.000758711 0.000438041 -16.6356)
)
;

boundaryField
{
    outletCentralUnloaded
    {
        type            zeroGradient;
    }
    inletCentralUnloaded
    {
        type            fixedValue;
        value           uniform (0 0 -15);
    }
    outletFuelElement
    {
        type            zeroGradient;
    }
    inletFuelElement
    {
        type            fixedValue;
        value           uniform (0 0 -15);
    }
    defaultFaces
    {
        type            slip;
    }
    baffle_master
    {
        type            slip;
    }
    baffle_slave
    {
        type            slip;
    }
}


// ************************************************************************* //
