/*--------------------------------*- C++ -*----------------------------------*\
| =========                 |                                                 |
| \\      /  F ield         | OpenFOAM: The Open Source CFD Toolbox           |
|  \\    /   O peration     | Version:  2212                                  |
|   \\  /    A nd           | Website:  www.openfoam.com                      |
|    \\/     M anipulation  |                                                 |
\*---------------------------------------------------------------------------*/
FoamFile
{
    version     2.0;
    format      ascii;
    arch        "LSB;label=32;scalar=64";
    class       volScalarField;
    location    "32/fluidRegion";
    object      alphat;
}
// * * * * * * * * * * * * * * * * * * * * * * * * * * * * * * * * * * * * * //

dimensions      [1 -1 -1 0 0 0 0];

internalField   nonuniform List<scalar> 
350
(
0.00258546
0.00258546
0.00258546
0.00258547
0.00258547
0.00258548
0.00258548
0.00258548
0.00258549
0.0025855
0.00258553
0.00258556
0.00258561
0.00258569
0.00258582
0.00258602
0.00258632
0.00258679
0.00258749
0.00258857
0.00259022
0.00259273
0.00259656
0.00260242
0.00261136
0.00258546
0.00258546
0.00258546
0.00258547
0.00258547
0.00258548
0.00258548
0.00258548
0.00258549
0.0025855
0.00258553
0.00258556
0.00258561
0.00258569
0.00258582
0.00258602
0.00258632
0.00258679
0.00258749
0.00258857
0.00259022
0.00259273
0.00259656
0.00260242
0.00261136
0.000894345
0.000882549
0.000871022
0.000859352
0.000847431
0.000835153
0.000822414
0.000809117
0.000795177
0.000780533
0.000765153
0.000749046
0.000732253
0.000714843
0.000696891
0.000678495
0.000659838
0.000641391
0.000624359
0.000611604
0.000609521
0.000631367
0.00069946
0.000830763
0.000998716
0.000886592
0.000874807
0.000863311
0.00085168
0.000839806
0.000827584
0.000814907
0.000801678
0.000787811
0.000773245
0.00075795
0.000741939
0.000725262
0.000708
0.000690241
0.000672089
0.000653726
0.000635611
0.000618927
0.000606511
0.000604742
0.000626922
0.000695588
0.000828134
0.000998
0.000895584
0.000883775
0.000872239
0.000860557
0.000848624
0.000836333
0.00082358
0.000810267
0.000796311
0.000781649
0.000766251
0.000750123
0.000733306
0.000715865
0.000697877
0.000679435
0.000660724
0.000642217
0.000625121
0.000612301
0.000610155
0.000631938
0.000699945
0.000831088
0.000998823
0.000888373
0.000876589
0.000865089
0.000853451
0.000841569
0.000829336
0.000816647
0.000803403
0.00078952
0.000774936
0.000759622
0.000743588
0.000726884
0.000709587
0.000691783
0.000673575
0.000655144
0.000636952
0.000620187
0.000607693
0.000605852
0.000627955
0.00069649
0.000828751
0.000998173
0.000888373
0.000876589
0.000865089
0.000853451
0.000841569
0.000829336
0.000816647
0.000803403
0.00078952
0.000774936
0.000759622
0.000743588
0.000726884
0.000709587
0.000691783
0.000673575
0.000655144
0.000636952
0.000620187
0.000607693
0.000605852
0.000627955
0.00069649
0.00082875
0.000998171
0.000895583
0.000883775
0.000872239
0.000860557
0.000848624
0.000836332
0.000823579
0.000810266
0.00079631
0.000781648
0.000766251
0.000750122
0.000733305
0.000715865
0.000697876
0.000679435
0.000660723
0.000642216
0.00062512
0.000612301
0.000610156
0.00063194
0.000699949
0.000831096
0.000998836
0.000886592
0.000874807
0.000863311
0.00085168
0.000839806
0.000827584
0.000814907
0.000801678
0.000787811
0.000773245
0.00075795
0.000741939
0.000725262
0.000708
0.000690241
0.000672089
0.000653726
0.000635611
0.000618927
0.000606511
0.000604742
0.000626921
0.000695587
0.000828133
0.000997997
0.000894345
0.000882549
0.000871022
0.000859352
0.000847431
0.000835153
0.000822414
0.000809117
0.000795177
0.000780533
0.000765153
0.000749046
0.000732254
0.000714843
0.000696891
0.000678495
0.000659838
0.000641391
0.00062436
0.000611606
0.000609524
0.000631373
0.000699473
0.000830788
0.000998755
0.000888373
0.000876589
0.000865089
0.000853451
0.000841569
0.000829336
0.000816647
0.000803403
0.00078952
0.000774936
0.000759622
0.000743588
0.000726884
0.000709587
0.000691783
0.000673575
0.000655144
0.000636952
0.000620187
0.000607693
0.000605852
0.000627956
0.000696494
0.000828758
0.000998184
0.000895584
0.000883776
0.000872239
0.000860557
0.000848624
0.000836333
0.00082358
0.000810267
0.000796311
0.000781649
0.000766251
0.000750123
0.000733306
0.000715865
0.000697876
0.000679435
0.000660723
0.000642216
0.000625119
0.000612298
0.000610149
0.000631925
0.00069992
0.000831041
0.000998751
0.000895583
0.000883775
0.000872239
0.000860557
0.000848624
0.000836333
0.000823579
0.000810267
0.00079631
0.000781649
0.000766251
0.000750123
0.000733306
0.000715865
0.000697876
0.000679435
0.000660724
0.000642217
0.000625121
0.000612302
0.000610156
0.000631939
0.000699946
0.000831089
0.000998822
0.000888373
0.000876589
0.000865089
0.000853452
0.00084157
0.000829336
0.000816647
0.000803403
0.00078952
0.000774936
0.000759622
0.000743588
0.000726885
0.000709587
0.000691783
0.000673575
0.000655144
0.000636953
0.000620189
0.000607695
0.000605856
0.000627964
0.00069651
0.000828788
0.000998229
)
;

boundaryField
{
    outletCentralUnloaded
    {
        type            zeroGradient;
    }
    inletCentralUnloaded
    {
        type            zeroGradient;
    }
    outletFuelElement
    {
        type            zeroGradient;
    }
    inletFuelElement
    {
        type            zeroGradient;
    }
    defaultFaces
    {
        type            zeroGradient;
    }
    baffle_master
    {
        type            calculated;
        value           nonuniform List<scalar> 
150
(
0.00258546
0.00258546
0.00258546
0.00258546
0.00258546
0.00258546
0.00258546
0.00258546
0.00258546
0.00258547
0.00258547
0.00258547
0.00258547
0.00258547
0.00258547
0.00258548
0.00258548
0.00258548
0.00258548
0.00258548
0.00258548
0.00258548
0.00258548
0.00258548
0.00258549
0.00258549
0.00258549
0.0025855
0.0025855
0.0025855
0.00258553
0.00258553
0.00258553
0.00258556
0.00258556
0.00258556
0.00258561
0.00258561
0.00258561
0.00258569
0.00258569
0.00258569
0.00258582
0.00258582
0.00258582
0.00258602
0.00258602
0.00258602
0.00258632
0.00258632
0.00258632
0.00258679
0.00258679
0.00258679
0.00258749
0.00258749
0.00258749
0.00258857
0.00258857
0.00258857
0.00259022
0.00259022
0.00259022
0.00259273
0.00259273
0.00259273
0.00259656
0.00259656
0.00259656
0.00260242
0.00260242
0.00260242
0.00261136
0.00261136
0.00261136
0.00258546
0.00258546
0.00258546
0.00258546
0.00258546
0.00258546
0.00258546
0.00258546
0.00258546
0.00258547
0.00258547
0.00258547
0.00258547
0.00258547
0.00258547
0.00258548
0.00258548
0.00258548
0.00258548
0.00258548
0.00258548
0.00258548
0.00258548
0.00258548
0.00258549
0.00258549
0.00258549
0.0025855
0.0025855
0.0025855
0.00258553
0.00258553
0.00258553
0.00258556
0.00258556
0.00258556
0.00258561
0.00258561
0.00258561
0.00258569
0.00258569
0.00258569
0.00258582
0.00258582
0.00258582
0.00258602
0.00258602
0.00258602
0.00258632
0.00258632
0.00258632
0.00258679
0.00258679
0.00258679
0.00258749
0.00258749
0.00258749
0.00258857
0.00258857
0.00258857
0.00259022
0.00259022
0.00259022
0.00259273
0.00259273
0.00259273
0.00259656
0.00259656
0.00259656
0.00260242
0.00260242
0.00260242
0.00261136
0.00261136
0.00261136
)
;
    }
    baffle_slave
    {
        type            calculated;
        value           nonuniform List<scalar> 
150
(
0.000886592
0.000888373
0.000888373
0.000874807
0.000876589
0.000876589
0.000863311
0.000865089
0.000865089
0.00085168
0.000853451
0.000853452
0.000839806
0.000841569
0.00084157
0.000827584
0.000829336
0.000829336
0.000814907
0.000816647
0.000816647
0.000801678
0.000803403
0.000803403
0.000787811
0.00078952
0.00078952
0.000773245
0.000774936
0.000774936
0.00075795
0.000759622
0.000759622
0.000741939
0.000743588
0.000743588
0.000725262
0.000726884
0.000726885
0.000708
0.000709587
0.000709587
0.000690241
0.000691783
0.000691783
0.000672089
0.000673575
0.000673575
0.000653726
0.000655144
0.000655144
0.000635611
0.000636952
0.000636953
0.000618927
0.000620187
0.000620189
0.000606511
0.000607693
0.000607695
0.000604742
0.000605852
0.000605856
0.000626922
0.000627955
0.000627964
0.000695588
0.00069649
0.00069651
0.000828134
0.000828751
0.000828788
0.000998
0.000998173
0.000998229
0.000888373
0.000886592
0.000888373
0.000876589
0.000874807
0.000876589
0.000865089
0.000863311
0.000865089
0.000853451
0.00085168
0.000853451
0.000841569
0.000839806
0.000841569
0.000829336
0.000827584
0.000829336
0.000816647
0.000814907
0.000816647
0.000803403
0.000801678
0.000803403
0.00078952
0.000787811
0.00078952
0.000774936
0.000773245
0.000774936
0.000759622
0.00075795
0.000759622
0.000743588
0.000741939
0.000743588
0.000726884
0.000725262
0.000726884
0.000709587
0.000708
0.000709587
0.000691783
0.000690241
0.000691783
0.000673575
0.000672089
0.000673575
0.000655144
0.000653726
0.000655144
0.000636952
0.000635611
0.000636952
0.000620187
0.000618927
0.000620187
0.000607693
0.000606511
0.000607693
0.000605852
0.000604742
0.000605852
0.000627955
0.000626921
0.000627956
0.00069649
0.000695587
0.000696494
0.00082875
0.000828133
0.000828758
0.000998171
0.000997997
0.000998184
)
;
    }
}


// ************************************************************************* //
