/*--------------------------------*- C++ -*----------------------------------*\
| =========                 |                                                 |
| \\      /  F ield         | OpenFOAM: The Open Source CFD Toolbox           |
|  \\    /   O peration     | Version:  2212                                  |
|   \\  /    A nd           | Website:  www.openfoam.com                      |
|    \\/     M anipulation  |                                                 |
\*---------------------------------------------------------------------------*/
FoamFile
{
    version     2.0;
    format      ascii;
    arch        "LSB;label=32;scalar=64";
    class       volScalarField;
    location    "32/fluidRegion";
    object      alphaRhoMagU;
}
// * * * * * * * * * * * * * * * * * * * * * * * * * * * * * * * * * * * * * //

dimensions      [1 -2 -1 0 0 0 0];

internalField   nonuniform List<scalar> 
350
(
36.8293
36.8292
36.829
36.8288
36.8286
36.8283
36.828
36.8278
36.8275
36.8274
36.8273
36.8274
36.8275
36.8277
36.8279
36.8281
36.8282
36.8283
36.8283
36.8283
36.8283
36.8282
36.8282
36.8282
36.9063
36.8293
36.8292
36.829
36.8288
36.8286
36.8283
36.828
36.8278
36.8275
36.8274
36.8273
36.8274
36.8275
36.8277
36.8279
36.8281
36.8282
36.8283
36.8283
36.8283
36.8283
36.8282
36.8282
36.8282
36.9063
58.9006
58.8369
58.8385
58.8389
58.8381
58.8357
58.8317
58.8259
58.8181
58.8081
58.7956
58.7807
58.7635
58.7439
58.7215
58.6954
58.6635
58.624
58.5764
58.5273
58.4976
58.5503
58.8342
59.6087
60.0836
58.3846
58.3128
58.3097
58.3055
58.3003
58.294
58.2864
58.2772
58.2662
58.2533
58.2386
58.2225
58.2057
58.1894
58.1741
58.1599
58.1455
58.1291
58.1103
58.0961
58.1092
58.216
58.5714
59.4407
60.029
58.9869
58.9229
58.925
58.9258
58.9252
58.9231
58.9193
58.9136
58.9059
58.8958
58.8832
58.8679
58.8499
58.8291
58.8048
58.7759
58.7403
58.6962
58.643
58.587
58.549
58.5913
58.8622
59.6213
60.0855
58.5
58.4305
58.4286
58.4257
58.4218
58.4166
58.41
58.4017
58.3917
58.3796
58.3656
58.35
58.3333
58.3164
58.2998
58.2831
58.2648
58.2434
58.2181
58.1961
58.1996
58.2942
58.6334
59.4812
60.0425
58.5
58.4305
58.4286
58.4257
58.4218
58.4166
58.41
58.4017
58.3917
58.3796
58.3656
58.35
58.3333
58.3164
58.2998
58.2831
58.2648
58.2434
58.2181
58.1961
58.1996
58.2942
58.6334
59.4812
60.0425
58.9869
58.9229
58.925
58.9258
58.9252
58.9231
58.9193
58.9136
58.9058
58.8957
58.8831
58.8679
58.8499
58.829
58.8048
58.7758
58.7403
58.6961
58.6429
58.5869
58.5489
58.5912
58.862
59.6211
60.0854
58.3846
58.3128
58.3097
58.3055
58.3003
58.294
58.2864
58.2772
58.2662
58.2533
58.2386
58.2225
58.2057
58.1894
58.1741
58.1599
58.1455
58.1291
58.1103
58.0961
58.1092
58.216
58.5714
59.4407
60.029
58.9006
58.8369
58.8385
58.8389
58.8381
58.8357
58.8317
58.826
58.8181
58.8081
58.7956
58.7807
58.7635
58.7439
58.7215
58.6954
58.6635
58.624
58.5764
58.5273
58.4976
58.5503
58.8342
59.6086
60.0836
58.5
58.4305
58.4286
58.4257
58.4218
58.4166
58.41
58.4017
58.3917
58.3796
58.3656
58.35
58.3333
58.3164
58.2998
58.2831
58.2648
58.2434
58.2181
58.1961
58.1996
58.2942
58.6334
59.4812
60.0425
58.9869
58.9229
58.925
58.9258
58.9252
58.9231
58.9193
58.9136
58.9059
58.8958
58.8832
58.8679
58.8499
58.8291
58.8048
58.7759
58.7404
58.6962
58.643
58.587
58.549
58.5913
58.8622
59.6213
60.0855
58.9869
58.9229
58.925
58.9258
58.9252
58.9231
58.9193
58.9136
58.9058
58.8957
58.8831
58.8679
58.8499
58.829
58.8048
58.7758
58.7403
58.6961
58.6429
58.5869
58.5489
58.5912
58.862
59.6211
60.0854
58.5
58.4305
58.4286
58.4257
58.4218
58.4166
58.41
58.4017
58.3917
58.3796
58.3656
58.35
58.3333
58.3164
58.2998
58.2831
58.2648
58.2434
58.2181
58.1961
58.1996
58.2942
58.6334
59.4812
60.0425
)
;

boundaryField
{
    outletCentralUnloaded
    {
        type            calculated;
        value           nonuniform List<scalar> 2(36.8277 36.8277);
    }
    inletCentralUnloaded
    {
        type            calculated;
        value           nonuniform List<scalar> 2(36.9829 36.9829);
    }
    outletFuelElement
    {
        type            calculated;
        value           nonuniform List<scalar> 
12
(
58.4629
57.9507
58.5486
58.0652
58.0652
58.5486
57.9507
58.4629
58.0652
58.5486
58.5486
58.0652
)
;
    }
    inletFuelElement
    {
        type            calculated;
        value           nonuniform List<scalar> 
12
(
59.8491
59.8491
59.8491
59.8491
59.8491
59.8491
59.8491
59.8491
59.8491
59.8491
59.8491
59.8491
)
;
    }
    defaultFaces
    {
        type            calculated;
        value           nonuniform List<scalar> 
450
(
58.9006
58.9006
58.9006
58.8369
58.8369
58.8369
58.8385
58.8385
58.8385
58.8389
58.8389
58.8389
58.8381
58.8381
58.8381
58.8357
58.8357
58.8357
58.8317
58.8317
58.8317
58.8259
58.8259
58.8259
58.8181
58.8181
58.8181
58.8081
58.8081
58.8081
58.7956
58.7956
58.7956
58.7807
58.7807
58.7807
58.7635
58.7635
58.7635
58.7439
58.7439
58.7439
58.7215
58.7215
58.7215
58.6954
58.6954
58.6954
58.6635
58.6635
58.6635
58.624
58.624
58.624
58.5764
58.5764
58.5764
58.5273
58.5273
58.5273
58.4976
58.4976
58.4976
58.5503
58.5503
58.5503
58.8342
58.8342
58.8342
59.6087
59.6087
59.6087
60.0836
60.0836
60.0836
58.9869
58.9869
58.9229
58.9229
58.925
58.925
58.9258
58.9258
58.9252
58.9252
58.9231
58.9231
58.9193
58.9193
58.9136
58.9136
58.9059
58.9059
58.8958
58.8958
58.8832
58.8832
58.8679
58.8679
58.8499
58.8499
58.8291
58.8291
58.8048
58.8048
58.7759
58.7759
58.7403
58.7403
58.6962
58.6962
58.643
58.643
58.587
58.587
58.549
58.549
58.5913
58.5913
58.8622
58.8622
59.6213
59.6213
60.0855
60.0855
58.5
58.4305
58.4286
58.4257
58.4218
58.4166
58.41
58.4017
58.3917
58.3796
58.3656
58.35
58.3333
58.3164
58.2998
58.2831
58.2648
58.2434
58.2181
58.1961
58.1996
58.2942
58.6334
59.4812
60.0425
58.5
58.4305
58.4286
58.4257
58.4218
58.4166
58.41
58.4017
58.3917
58.3796
58.3656
58.35
58.3333
58.3164
58.2998
58.2831
58.2648
58.2434
58.2181
58.1961
58.1996
58.2942
58.6334
59.4812
60.0425
58.9869
58.9869
58.9229
58.9229
58.925
58.925
58.9258
58.9258
58.9252
58.9252
58.9231
58.9231
58.9193
58.9193
58.9136
58.9136
58.9058
58.9058
58.8957
58.8957
58.8831
58.8831
58.8679
58.8679
58.8499
58.8499
58.829
58.829
58.8048
58.8048
58.7758
58.7758
58.7403
58.7403
58.6961
58.6961
58.6429
58.6429
58.5869
58.5869
58.5489
58.5489
58.5912
58.5912
58.862
58.862
59.6211
59.6211
60.0854
60.0854
58.9006
58.9006
58.9006
58.8369
58.8369
58.8369
58.8385
58.8385
58.8385
58.8389
58.8389
58.8389
58.8381
58.8381
58.8381
58.8357
58.8357
58.8357
58.8317
58.8317
58.8317
58.826
58.826
58.826
58.8181
58.8181
58.8181
58.8081
58.8081
58.8081
58.7956
58.7956
58.7956
58.7807
58.7807
58.7807
58.7635
58.7635
58.7635
58.7439
58.7439
58.7439
58.7215
58.7215
58.7215
58.6954
58.6954
58.6954
58.6635
58.6635
58.6635
58.624
58.624
58.624
58.5764
58.5764
58.5764
58.5273
58.5273
58.5273
58.4976
58.4976
58.4976
58.5503
58.5503
58.5503
58.8342
58.8342
58.8342
59.6086
59.6086
59.6086
60.0836
60.0836
60.0836
58.5
58.4305
58.4286
58.4257
58.4218
58.4166
58.41
58.4017
58.3917
58.3796
58.3656
58.35
58.3333
58.3164
58.2998
58.2831
58.2648
58.2434
58.2181
58.1961
58.1996
58.2942
58.6334
59.4812
60.0425
58.9869
58.9869
58.9229
58.9229
58.925
58.925
58.9258
58.9258
58.9252
58.9252
58.9231
58.9231
58.9193
58.9193
58.9136
58.9136
58.9059
58.9059
58.8958
58.8958
58.8832
58.8832
58.8679
58.8679
58.8499
58.8499
58.8291
58.8291
58.8048
58.8048
58.7759
58.7759
58.7404
58.7404
58.6962
58.6962
58.643
58.643
58.587
58.587
58.549
58.549
58.5913
58.5913
58.8622
58.8622
59.6213
59.6213
60.0855
60.0855
58.9869
58.9869
58.9229
58.9229
58.925
58.925
58.9258
58.9258
58.9252
58.9252
58.9231
58.9231
58.9193
58.9193
58.9136
58.9136
58.9058
58.9058
58.8957
58.8957
58.8831
58.8831
58.8679
58.8679
58.8499
58.8499
58.829
58.829
58.8048
58.8048
58.7758
58.7758
58.7403
58.7403
58.6961
58.6961
58.6429
58.6429
58.5869
58.5869
58.5489
58.5489
58.5912
58.5912
58.862
58.862
59.6211
59.6211
60.0854
60.0854
58.5
58.4305
58.4286
58.4257
58.4218
58.4166
58.41
58.4017
58.3917
58.3796
58.3656
58.35
58.3333
58.3164
58.2998
58.2831
58.2648
58.2434
58.2181
58.1961
58.1996
58.2942
58.6334
59.4812
60.0425
)
;
    }
    baffle_master
    {
        type            calculated;
        value           nonuniform List<scalar> 
150
(
36.8293
36.8293
36.8293
36.8292
36.8292
36.8292
36.829
36.829
36.829
36.8288
36.8288
36.8288
36.8286
36.8286
36.8286
36.8283
36.8283
36.8283
36.828
36.828
36.828
36.8278
36.8278
36.8278
36.8275
36.8275
36.8275
36.8274
36.8274
36.8274
36.8273
36.8273
36.8273
36.8274
36.8274
36.8274
36.8275
36.8275
36.8275
36.8277
36.8277
36.8277
36.8279
36.8279
36.8279
36.8281
36.8281
36.8281
36.8282
36.8282
36.8282
36.8283
36.8283
36.8283
36.8283
36.8283
36.8283
36.8283
36.8283
36.8283
36.8283
36.8283
36.8283
36.8282
36.8282
36.8282
36.8282
36.8282
36.8282
36.8282
36.8282
36.8282
36.9063
36.9063
36.9063
36.8293
36.8293
36.8293
36.8292
36.8292
36.8292
36.829
36.829
36.829
36.8288
36.8288
36.8288
36.8286
36.8286
36.8286
36.8283
36.8283
36.8283
36.828
36.828
36.828
36.8278
36.8278
36.8278
36.8275
36.8275
36.8275
36.8274
36.8274
36.8274
36.8273
36.8273
36.8273
36.8274
36.8274
36.8274
36.8275
36.8275
36.8275
36.8277
36.8277
36.8277
36.8279
36.8279
36.8279
36.8281
36.8281
36.8281
36.8282
36.8282
36.8282
36.8283
36.8283
36.8283
36.8283
36.8283
36.8283
36.8283
36.8283
36.8283
36.8283
36.8283
36.8283
36.8282
36.8282
36.8282
36.8282
36.8282
36.8282
36.8282
36.8282
36.8282
36.9063
36.9063
36.9063
)
;
    }
    baffle_slave
    {
        type            calculated;
        value           nonuniform List<scalar> 
150
(
58.3846
58.5
58.5
58.3128
58.4305
58.4305
58.3097
58.4286
58.4286
58.3055
58.4257
58.4257
58.3003
58.4218
58.4218
58.294
58.4166
58.4166
58.2864
58.41
58.41
58.2772
58.4017
58.4017
58.2662
58.3917
58.3917
58.2533
58.3796
58.3796
58.2386
58.3656
58.3656
58.2225
58.35
58.35
58.2057
58.3333
58.3333
58.1894
58.3164
58.3164
58.1741
58.2998
58.2998
58.1599
58.2831
58.2831
58.1455
58.2648
58.2648
58.1291
58.2434
58.2434
58.1103
58.2181
58.2181
58.0961
58.1961
58.1961
58.1092
58.1996
58.1996
58.216
58.2942
58.2942
58.5714
58.6334
58.6334
59.4407
59.4812
59.4812
60.029
60.0425
60.0425
58.5
58.3846
58.5
58.4305
58.3128
58.4305
58.4286
58.3097
58.4286
58.4257
58.3055
58.4257
58.4218
58.3003
58.4218
58.4166
58.294
58.4166
58.41
58.2864
58.41
58.4017
58.2772
58.4017
58.3917
58.2662
58.3917
58.3796
58.2533
58.3796
58.3656
58.2386
58.3656
58.35
58.2225
58.35
58.3333
58.2057
58.3333
58.3164
58.1894
58.3164
58.2998
58.1741
58.2998
58.2831
58.1599
58.2831
58.2648
58.1455
58.2648
58.2434
58.1291
58.2434
58.2181
58.1103
58.2181
58.1961
58.0961
58.1961
58.1996
58.1092
58.1996
58.2942
58.216
58.2942
58.6334
58.5714
58.6334
59.4812
59.4407
59.4812
60.0425
60.029
60.0425
)
;
    }
}


// ************************************************************************* //
