/*--------------------------------*- C++ -*----------------------------------*\
| =========                 |                                                 |
| \\      /  F ield         | OpenFOAM: The Open Source CFD Toolbox           |
|  \\    /   O peration     | Version:  2212                                  |
|   \\  /    A nd           | Website:  www.openfoam.com                      |
|    \\/     M anipulation  |                                                 |
\*---------------------------------------------------------------------------*/
FoamFile
{
    version     2.0;
    format      ascii;
    arch        "LSB;label=32;scalar=64";
    class       volScalarField;
    location    "32/fluidRegion";
    object      epsilon;
}
// * * * * * * * * * * * * * * * * * * * * * * * * * * * * * * * * * * * * * //

dimensions      [0 2 -3 0 0 0 0];

internalField   nonuniform List<scalar> 
350
(
66.9694
66.9528
66.9363
66.9198
66.9033
66.8868
66.8702
66.8537
66.8374
66.8213
66.8055
66.7903
66.7758
66.7624
66.7505
66.7411
66.7355
66.7357
66.7446
66.7671
66.8101
66.8844
67.0068
67.2024
67.5102
66.9694
66.9528
66.9363
66.9198
66.9033
66.8868
66.8702
66.8537
66.8374
66.8213
66.8055
66.7903
66.7758
66.7624
66.7505
66.7411
66.7355
66.7356
66.7446
66.7671
66.8101
66.8844
67.0068
67.2024
67.5102
7.22063e+06
6.66102e+06
6.03654e+06
5.36595e+06
4.67606e+06
3.99165e+06
3.33438e+06
2.72202e+06
2.16803e+06
1.68141e+06
1.26674e+06
924540
651704
442166
287684
178755
105586
58976.1
30972.4
15217.6
6997.55
3068.15
1374.42
734.933
548.266
7.37532e+06
6.80516e+06
6.16878e+06
5.48483e+06
4.78076e+06
4.08191e+06
3.41045e+06
2.78461e+06
2.21821e+06
1.7205e+06
1.29623e+06
946003
666705
452183
294039
182561
107723
60089.8
31504.6
15446.4
7083.69
3095.47
1381.37
736.341
548.684
7.19529e+06
6.63735e+06
6.01492e+06
5.34659e+06
4.65908e+06
3.97707e+06
3.32213e+06
2.71198e+06
2.16001e+06
1.67518e+06
1.26206e+06
921143
649336
440589
286684
178156
105249
58799.6
30887.2
15180.2
6982.86
3063.04
1372.83
734.456
548.097
7.34106e+06
6.77318e+06
6.13936e+06
5.45832e+06
4.75735e+06
4.06169e+06
3.39337e+06
2.77053e+06
2.2069e+06
1.71167e+06
1.28955e+06
941132
663294
449902
292589
181692
107234
59835
31382.8
15394.1
7064.05
3089.29
1379.83
736.048
548.604
7.34107e+06
6.77318e+06
6.13936e+06
5.45832e+06
4.75735e+06
4.06169e+06
3.39337e+06
2.77053e+06
2.2069e+06
1.71167e+06
1.28955e+06
941132
663294
449902
292589
181692
107234
59835
31382.8
15394.1
7064.05
3089.29
1379.83
736.049
548.604
7.1953e+06
6.63736e+06
6.01493e+06
5.3466e+06
4.65909e+06
3.97707e+06
3.32213e+06
2.71198e+06
2.16002e+06
1.67519e+06
1.26206e+06
921145
649337
440589
286685
178156
105249
58799.7
30887.2
15180.2
6982.85
3063.03
1372.83
734.451
548.094
7.37532e+06
6.80516e+06
6.16878e+06
5.48483e+06
4.78076e+06
4.08191e+06
3.41045e+06
2.78461e+06
2.21821e+06
1.7205e+06
1.29623e+06
946003
666705
452183
294039
182561
107723
60089.8
31504.6
15446.4
7083.69
3095.48
1381.37
736.341
548.684
7.22063e+06
6.66102e+06
6.03654e+06
5.36595e+06
4.67606e+06
3.99165e+06
3.33438e+06
2.72202e+06
2.16803e+06
1.68141e+06
1.26674e+06
924540
651704
442167
287684
178755
105586
58976.1
30972.4
15217.6
6997.54
3068.14
1374.41
734.927
548.259
7.34106e+06
6.77318e+06
6.13936e+06
5.45832e+06
4.75735e+06
4.06168e+06
3.39337e+06
2.77053e+06
2.2069e+06
1.71167e+06
1.28955e+06
941132
663294
449902
292589
181691
107234
59835
31382.8
15394.1
7064.04
3089.28
1379.83
736.046
548.602
7.19529e+06
6.63735e+06
6.01492e+06
5.34659e+06
4.65908e+06
3.97707e+06
3.32213e+06
2.71198e+06
2.16001e+06
1.67518e+06
1.26206e+06
921143
649336
440589
286684
178156
105249
58799.6
30887.2
15180.2
6982.87
3063.05
1372.85
734.467
548.108
7.1953e+06
6.63736e+06
6.01493e+06
5.3466e+06
4.65909e+06
3.97707e+06
3.32213e+06
2.71198e+06
2.16002e+06
1.67519e+06
1.26206e+06
921145
649337
440589
286685
178156
105249
58799.7
30887.2
15180.2
6982.85
3063.03
1372.83
734.453
548.096
7.34106e+06
6.77318e+06
6.13936e+06
5.45832e+06
4.75735e+06
4.06169e+06
3.39337e+06
2.77053e+06
2.2069e+06
1.71167e+06
1.28955e+06
941132
663294
449902
292589
181692
107234
59835
31382.8
15394
7064.03
3089.27
1379.82
736.039
548.595
)
;

boundaryField
{
    outletCentralUnloaded
    {
        type            zeroGradient;
    }
    inletCentralUnloaded
    {
        type            zeroGradient;
    }
    outletFuelElement
    {
        type            zeroGradient;
    }
    inletFuelElement
    {
        type            zeroGradient;
    }
    defaultFaces
    {
        type            zeroGradient;
    }
    baffle_master
    {
        type            zeroGradient;
    }
    baffle_slave
    {
        type            zeroGradient;
    }
}


// ************************************************************************* //
