/*--------------------------------*- C++ -*----------------------------------*\
| =========                 |                                                 |
| \\      /  F ield         | OpenFOAM: The Open Source CFD Toolbox           |
|  \\    /   O peration     | Version:  2212                                  |
|   \\  /    A nd           | Website:  www.openfoam.com                      |
|    \\/     M anipulation  |                                                 |
\*---------------------------------------------------------------------------*/
FoamFile
{
    version     2.0;
    format      ascii;
    arch        "LSB;label=32;scalar=64";
    class       volScalarField;
    location    "32/fluidRegion";
    object      htc;
}
// * * * * * * * * * * * * * * * * * * * * * * * * * * * * * * * * * * * * * //

dimensions      [1 0 -3 -1 0 0 0];

internalField   nonuniform List<scalar> 
350
(
3101.18
3101.2
3101.22
3101.24
3101.25
3101.27
3101.28
3101.29
3101.29
3101.3
3101.31
3101.32
3101.34
3101.35
3101.37
3101.39
3101.4
3101.41
3101.42
3101.43
3101.45
3101.46
3101.49
3101.52
3106.81
3101.18
3101.2
3101.22
3101.24
3101.25
3101.27
3101.28
3101.29
3101.29
3101.3
3101.31
3101.32
3101.34
3101.35
3101.37
3101.39
3101.4
3101.41
3101.42
3101.43
3101.45
3101.46
3101.49
3101.52
3106.81
26853
26781.3
26608
26310.1
25888.8
25346.6
24686.2
23911.7
23028.4
22043.5
20966.6
19810.2
18589.2
17320.2
16018.9
14699.1
13370.6
12041.5
10721.5
9426.85
8185.8
7044.68
6073.46
5363.04
4926.46
26939.7
26867.7
26695.2
26397.3
25975.6
25432.4
24770.5
23993.6
23107.1
22117.8
21035.3
19872
18643
17365.5
16056
14728.7
13394
12059.8
10735.2
9436.14
8190.58
7045.09
6070.44
5358.9
4924.55
26839.3
26767.2
26593.9
26295.9
25874.8
25332.7
24672.7
23898.6
23015.9
22031.7
20955.7
19800.4
18580.7
17312.9
16012.9
14694.2
13366.6
12038.3
10719
9424.88
8184.43
7043.86
6073.05
5362.78
4926.32
26920.5
26848.6
26675.8
26377.9
25956.3
25413.2
24751.6
23975.3
23089.4
22101
21019.8
19858
18630.9
17355.2
16047.6
14722
13388.7
12055.7
10732.2
9434.1
8189.58
7045.09
6071.24
5359.97
4925.06
26920.5
26848.6
26675.8
26377.9
25956.3
25413.2
24751.6
23975.3
23089.4
22101
21019.8
19858
18630.9
17355.2
16047.6
14722
13388.7
12055.7
10732.2
9434.1
8189.58
7045.09
6071.24
5359.97
4925.06
26839.3
26767.2
26593.9
26295.9
25874.8
25332.7
24672.7
23898.6
23015.9
22031.7
20955.7
19800.4
18580.7
17312.9
16012.9
14694.2
13366.6
12038.3
10719
9424.88
8184.42
7043.86
6073.04
5362.77
4926.31
26939.7
26867.7
26695.2
26397.3
25975.6
25432.4
24770.5
23993.6
23107.1
22117.8
21035.3
19872
18643
17365.5
16056
14728.7
13394
12059.8
10735.2
9436.14
8190.58
7045.09
6070.44
5358.9
4924.55
26853
26781.3
26608
26310.1
25888.8
25346.6
24686.2
23911.7
23028.4
22043.5
20966.6
19810.2
18589.2
17320.2
16018.9
14699.1
13370.6
12041.5
10721.5
9426.85
8185.8
7044.68
6073.46
5363.04
4926.46
26920.5
26848.6
26675.8
26377.9
25956.3
25413.2
24751.6
23975.3
23089.4
22101
21019.8
19858
18630.9
17355.2
16047.6
14722
13388.7
12055.7
10732.2
9434.1
8189.58
7045.09
6071.24
5359.97
4925.05
26839.3
26767.2
26593.9
26295.9
25874.8
25332.7
24672.7
23898.6
23015.9
22031.7
20955.7
19800.4
18580.7
17312.9
16012.9
14694.2
13366.6
12038.3
10719
9424.88
8184.42
7043.86
6073.05
5362.78
4926.32
26839.3
26767.2
26593.9
26295.9
25874.8
25332.7
24672.7
23898.6
23015.9
22031.7
20955.7
19800.4
18580.7
17312.9
16012.9
14694.2
13366.6
12038.3
10719
9424.88
8184.42
7043.86
6073.05
5362.77
4926.31
26920.5
26848.6
26675.8
26377.9
25956.3
25413.2
24751.6
23975.3
23089.4
22101
21019.8
19858
18630.9
17355.2
16047.6
14722
13388.7
12055.7
10732.2
9434.1
8189.58
7045.09
6071.25
5359.97
4925.06
)
;

boundaryField
{
    outletCentralUnloaded
    {
        type            zeroGradient;
    }
    inletCentralUnloaded
    {
        type            zeroGradient;
    }
    outletFuelElement
    {
        type            zeroGradient;
    }
    inletFuelElement
    {
        type            zeroGradient;
    }
    defaultFaces
    {
        type            zeroGradient;
    }
    baffle_master
    {
        type            zeroGradient;
    }
    baffle_slave
    {
        type            zeroGradient;
    }
}


// ************************************************************************* //
