/*--------------------------------*- C++ -*----------------------------------*\
| =========                 |                                                 |
| \\      /  F ield         | OpenFOAM: The Open Source CFD Toolbox           |
|  \\    /   O peration     | Version:  2212                                  |
|   \\  /    A nd           | Website:  www.openfoam.com                      |
|    \\/     M anipulation  |                                                 |
\*---------------------------------------------------------------------------*/
FoamFile
{
    version     2.0;
    format      ascii;
    arch        "LSB;label=32;scalar=64";
    class       volScalarField;
    location    "32/fluidRegion";
    object      k;
}
// * * * * * * * * * * * * * * * * * * * * * * * * * * * * * * * * * * * * * //

dimensions      [0 2 -2 0 0 0 0];

internalField   nonuniform List<scalar> 
350
(
0.421029
0.420959
0.42089
0.420821
0.420752
0.420683
0.420614
0.420545
0.420476
0.420409
0.420344
0.420282
0.420223
0.42017
0.420126
0.420095
0.420085
0.420106
0.420174
0.420315
0.420567
0.420987
0.421665
0.422739
0.424417
0.421029
0.420959
0.42089
0.420821
0.420752
0.420683
0.420614
0.420545
0.420476
0.420409
0.420344
0.420282
0.420223
0.42017
0.420126
0.420095
0.420085
0.420106
0.420174
0.420315
0.420567
0.420987
0.421665
0.422739
0.424417
391.404
370.269
346.058
319.212
290.498
260.678
230.488
200.621
171.709
144.312
118.907
95.8733
75.488
57.9101
43.1765
31.2016
21.7895
14.658
9.46991
5.8677
3.50216
2.05313
1.24443
0.85306
0.71444
396.852
375.476
350.985
323.808
294.725
264.509
233.906
203.619
174.291
146.49
120.702
97.3156
76.6124
58.7575
43.7912
31.6286
22.0719
14.8343
9.57271
5.92271
3.5285
2.06398
1.24809
0.854064
0.714823
390.501
369.405
345.244
318.455
289.805
260.052
229.932
200.135
171.292
143.961
118.618
95.6425
75.3085
57.7751
43.0786
31.1336
21.7445
14.6297
9.45322
5.85856
3.49757
2.05104
1.24357
0.852724
0.71431
395.656
374.331
349.898
322.792
293.788
263.658
233.145
202.95
173.713
146.002
120.299
96.9906
76.3584
58.5657
43.6517
31.5315
22.0076
14.7941
9.54928
5.91018
3.52252
2.06153
1.24728
0.853855
0.714749
395.656
374.331
349.898
322.792
293.788
263.658
233.145
202.95
173.713
146.002
120.299
96.9906
76.3584
58.5657
43.6517
31.5315
22.0076
14.7941
9.54929
5.91018
3.52252
2.06153
1.24728
0.853855
0.714749
390.501
369.405
345.244
318.456
289.805
260.052
229.932
200.135
171.292
143.962
118.618
95.6426
75.3086
57.7752
43.0787
31.1336
21.7445
14.6297
9.45323
5.85856
3.49758
2.05104
1.24357
0.852725
0.714312
396.852
375.476
350.985
323.808
294.725
264.509
233.906
203.619
174.291
146.49
120.702
97.3156
76.6124
58.7576
43.7912
31.6286
22.0719
14.8343
9.57271
5.92271
3.5285
2.06398
1.24809
0.854063
0.714823
391.404
370.269
346.058
319.212
290.498
260.678
230.488
200.621
171.709
144.312
118.907
95.8733
75.488
57.9101
43.1765
31.2016
21.7896
14.658
9.46992
5.86771
3.50217
2.05313
1.24444
0.853069
0.71445
395.656
374.331
349.898
322.792
293.788
263.658
233.145
202.95
173.713
146.002
120.299
96.9906
76.3584
58.5657
43.6517
31.5315
22.0076
14.7941
9.54928
5.91018
3.52252
2.06153
1.24728
0.853858
0.714752
390.501
369.405
345.244
318.456
289.805
260.052
229.932
200.135
171.292
143.961
118.618
95.6425
75.3085
57.7751
43.0786
31.1336
21.7445
14.6297
9.45321
5.85854
3.49756
2.05102
1.24355
0.852706
0.714291
390.501
369.405
345.244
318.456
289.805
260.052
229.932
200.135
171.292
143.962
118.618
95.6427
75.3086
57.7752
43.0787
31.1336
21.7445
14.6297
9.45324
5.85856
3.49758
2.05104
1.24357
0.852722
0.714309
395.656
374.331
349.898
322.792
293.788
263.658
233.145
202.95
173.713
146.002
120.299
96.9906
76.3584
58.5657
43.6517
31.5315
22.0077
14.7941
9.54929
5.91019
3.52253
2.06154
1.24729
0.853869
0.714763
)
;

boundaryField
{
    outletCentralUnloaded
    {
        type            zeroGradient;
    }
    inletCentralUnloaded
    {
        type            zeroGradient;
    }
    outletFuelElement
    {
        type            zeroGradient;
    }
    inletFuelElement
    {
        type            zeroGradient;
    }
    defaultFaces
    {
        type            zeroGradient;
    }
    baffle_master
    {
        type            zeroGradient;
    }
    baffle_slave
    {
        type            zeroGradient;
    }
}


// ************************************************************************* //
