/*--------------------------------*- C++ -*----------------------------------*\
| =========                 |                                                 |
| \\      /  F ield         | OpenFOAM: The Open Source CFD Toolbox           |
|  \\    /   O peration     | Version:  2212                                  |
|   \\  /    A nd           | Website:  www.openfoam.com                      |
|    \\/     M anipulation  |                                                 |
\*---------------------------------------------------------------------------*/
FoamFile
{
    version     2.0;
    format      ascii;
    arch        "LSB;label=32;scalar=64";
    class       volTensorField;
    location    "32/fluidRegion";
    object      Kd;
}
// * * * * * * * * * * * * * * * * * * * * * * * * * * * * * * * * * * * * * //

dimensions      [1 -3 -1 0 0 0 0];

internalField   nonuniform List<tensor> 
350
(
(84.737 0 0 0 84.737 0 0 0 84.737)
(84.737 0 0 0 84.737 0 0 0 84.737)
(84.7371 0 0 0 84.7371 0 0 0 84.7371)
(84.7371 0 0 0 84.7371 0 0 0 84.7371)
(84.7371 0 0 0 84.7371 0 0 0 84.7371)
(84.737 0 0 0 84.737 0 0 0 84.737)
(84.7369 0 0 0 84.7369 0 0 0 84.7369)
(84.7367 0 0 0 84.7367 0 0 0 84.7367)
(84.7365 0 0 0 84.7365 0 0 0 84.7365)
(84.7362 0 0 0 84.7362 0 0 0 84.7362)
(84.7361 0 0 0 84.7361 0 0 0 84.7361)
(84.7359 0 0 0 84.7359 0 0 0 84.7359)
(84.7359 0 0 0 84.7359 0 0 0 84.7359)
(84.7359 0 0 0 84.7359 0 0 0 84.7359)
(84.7359 0 0 0 84.7359 0 0 0 84.7359)
(84.7359 0 0 0 84.7359 0 0 0 84.7359)
(84.7358 0 0 0 84.7358 0 0 0 84.7358)
(84.7356 0 0 0 84.7356 0 0 0 84.7356)
(84.7355 0 0 0 84.7355 0 0 0 84.7355)
(84.7353 0 0 0 84.7353 0 0 0 84.7353)
(84.7352 0 0 0 84.7352 0 0 0 84.7352)
(84.7353 0 0 0 84.7353 0 0 0 84.7353)
(84.7355 0 0 0 84.7355 0 0 0 84.7355)
(84.7358 0 0 0 84.7358 0 0 0 84.7358)
(84.8708 0 0 0 84.8708 0 0 0 84.8708)
(84.737 0 0 0 84.737 0 0 0 84.737)
(84.737 0 0 0 84.737 0 0 0 84.737)
(84.7371 0 0 0 84.7371 0 0 0 84.7371)
(84.7371 0 0 0 84.7371 0 0 0 84.7371)
(84.7371 0 0 0 84.7371 0 0 0 84.7371)
(84.737 0 0 0 84.737 0 0 0 84.737)
(84.7369 0 0 0 84.7369 0 0 0 84.7369)
(84.7367 0 0 0 84.7367 0 0 0 84.7367)
(84.7365 0 0 0 84.7365 0 0 0 84.7365)
(84.7362 0 0 0 84.7362 0 0 0 84.7362)
(84.7361 0 0 0 84.7361 0 0 0 84.7361)
(84.7359 0 0 0 84.7359 0 0 0 84.7359)
(84.7359 0 0 0 84.7359 0 0 0 84.7359)
(84.7359 0 0 0 84.7359 0 0 0 84.7359)
(84.7359 0 0 0 84.7359 0 0 0 84.7359)
(84.7359 0 0 0 84.7359 0 0 0 84.7359)
(84.7358 0 0 0 84.7358 0 0 0 84.7358)
(84.7356 0 0 0 84.7356 0 0 0 84.7356)
(84.7355 0 0 0 84.7355 0 0 0 84.7355)
(84.7353 0 0 0 84.7353 0 0 0 84.7353)
(84.7352 0 0 0 84.7352 0 0 0 84.7352)
(84.7353 0 0 0 84.7353 0 0 0 84.7353)
(84.7355 0 0 0 84.7355 0 0 0 84.7355)
(84.7358 0 0 0 84.7358 0 0 0 84.7358)
(84.8708 0 0 0 84.8708 0 0 0 84.8708)
(680.72 0 0 0 680.72 0 0 0 680.72)
(680.168 0 0 0 680.168 0 0 0 680.168)
(680.182 0 0 0 680.182 0 0 0 680.182)
(680.186 0 0 0 680.186 0 0 0 680.186)
(680.178 0 0 0 680.178 0 0 0 680.178)
(680.158 0 0 0 680.158 0 0 0 680.158)
(680.123 0 0 0 680.123 0 0 0 680.123)
(680.073 0 0 0 680.073 0 0 0 680.073)
(680.005 0 0 0 680.005 0 0 0 680.005)
(679.918 0 0 0 679.918 0 0 0 679.918)
(679.81 0 0 0 679.81 0 0 0 679.81)
(679.681 0 0 0 679.681 0 0 0 679.681)
(679.531 0 0 0 679.531 0 0 0 679.531)
(679.361 0 0 0 679.361 0 0 0 679.361)
(679.168 0 0 0 679.168 0 0 0 679.168)
(678.941 0 0 0 678.941 0 0 0 678.941)
(678.664 0 0 0 678.664 0 0 0 678.664)
(678.322 0 0 0 678.322 0 0 0 678.322)
(677.909 0 0 0 677.909 0 0 0 677.909)
(677.482 0 0 0 677.482 0 0 0 677.482)
(677.224 0 0 0 677.224 0 0 0 677.224)
(677.681 0 0 0 677.681 0 0 0 677.681)
(680.144 0 0 0 680.144 0 0 0 680.144)
(686.846 0 0 0 686.846 0 0 0 686.846)
(690.946 0 0 0 690.946 0 0 0 690.946)
(676.243 0 0 0 676.243 0 0 0 676.243)
(675.619 0 0 0 675.619 0 0 0 675.619)
(675.592 0 0 0 675.592 0 0 0 675.592)
(675.556 0 0 0 675.556 0 0 0 675.556)
(675.511 0 0 0 675.511 0 0 0 675.511)
(675.456 0 0 0 675.456 0 0 0 675.456)
(675.389 0 0 0 675.389 0 0 0 675.389)
(675.309 0 0 0 675.309 0 0 0 675.309)
(675.214 0 0 0 675.214 0 0 0 675.214)
(675.102 0 0 0 675.102 0 0 0 675.102)
(674.974 0 0 0 674.974 0 0 0 674.974)
(674.834 0 0 0 674.834 0 0 0 674.834)
(674.688 0 0 0 674.688 0 0 0 674.688)
(674.546 0 0 0 674.546 0 0 0 674.546)
(674.414 0 0 0 674.414 0 0 0 674.414)
(674.29 0 0 0 674.29 0 0 0 674.29)
(674.165 0 0 0 674.165 0 0 0 674.165)
(674.022 0 0 0 674.022 0 0 0 674.022)
(673.859 0 0 0 673.859 0 0 0 673.859)
(673.735 0 0 0 673.735 0 0 0 673.735)
(673.849 0 0 0 673.849 0 0 0 673.849)
(674.777 0 0 0 674.777 0 0 0 674.777)
(677.864 0 0 0 677.864 0 0 0 677.864)
(685.394 0 0 0 685.394 0 0 0 685.394)
(690.475 0 0 0 690.475 0 0 0 690.475)
(681.468 0 0 0 681.468 0 0 0 681.468)
(680.914 0 0 0 680.914 0 0 0 680.914)
(680.932 0 0 0 680.932 0 0 0 680.932)
(680.939 0 0 0 680.939 0 0 0 680.939)
(680.933 0 0 0 680.933 0 0 0 680.933)
(680.915 0 0 0 680.915 0 0 0 680.915)
(680.882 0 0 0 680.882 0 0 0 680.882)
(680.833 0 0 0 680.833 0 0 0 680.833)
(680.766 0 0 0 680.766 0 0 0 680.766)
(680.678 0 0 0 680.678 0 0 0 680.678)
(680.569 0 0 0 680.569 0 0 0 680.569)
(680.437 0 0 0 680.437 0 0 0 680.437)
(680.281 0 0 0 680.281 0 0 0 680.281)
(680.1 0 0 0 680.1 0 0 0 680.1)
(679.89 0 0 0 679.89 0 0 0 679.89)
(679.639 0 0 0 679.639 0 0 0 679.639)
(679.331 0 0 0 679.331 0 0 0 679.331)
(678.948 0 0 0 678.948 0 0 0 678.948)
(678.486 0 0 0 678.486 0 0 0 678.486)
(678 0 0 0 678 0 0 0 678)
(677.67 0 0 0 677.67 0 0 0 677.67)
(678.037 0 0 0 678.037 0 0 0 678.037)
(680.386 0 0 0 680.386 0 0 0 680.386)
(686.955 0 0 0 686.955 0 0 0 686.955)
(690.963 0 0 0 690.963 0 0 0 690.963)
(677.245 0 0 0 677.245 0 0 0 677.245)
(676.641 0 0 0 676.641 0 0 0 676.641)
(676.625 0 0 0 676.625 0 0 0 676.625)
(676.6 0 0 0 676.6 0 0 0 676.6)
(676.566 0 0 0 676.566 0 0 0 676.566)
(676.52 0 0 0 676.52 0 0 0 676.52)
(676.463 0 0 0 676.463 0 0 0 676.463)
(676.392 0 0 0 676.392 0 0 0 676.392)
(676.304 0 0 0 676.304 0 0 0 676.304)
(676.199 0 0 0 676.199 0 0 0 676.199)
(676.078 0 0 0 676.078 0 0 0 676.078)
(675.942 0 0 0 675.942 0 0 0 675.942)
(675.797 0 0 0 675.797 0 0 0 675.797)
(675.65 0 0 0 675.65 0 0 0 675.65)
(675.506 0 0 0 675.506 0 0 0 675.506)
(675.36 0 0 0 675.36 0 0 0 675.36)
(675.202 0 0 0 675.202 0 0 0 675.202)
(675.015 0 0 0 675.015 0 0 0 675.015)
(674.796 0 0 0 674.796 0 0 0 674.796)
(674.605 0 0 0 674.605 0 0 0 674.605)
(674.635 0 0 0 674.635 0 0 0 674.635)
(675.457 0 0 0 675.457 0 0 0 675.457)
(678.402 0 0 0 678.402 0 0 0 678.402)
(685.744 0 0 0 685.744 0 0 0 685.744)
(690.592 0 0 0 690.592 0 0 0 690.592)
(677.245 0 0 0 677.245 0 0 0 677.245)
(676.641 0 0 0 676.641 0 0 0 676.641)
(676.625 0 0 0 676.625 0 0 0 676.625)
(676.6 0 0 0 676.6 0 0 0 676.6)
(676.566 0 0 0 676.566 0 0 0 676.566)
(676.52 0 0 0 676.52 0 0 0 676.52)
(676.463 0 0 0 676.463 0 0 0 676.463)
(676.392 0 0 0 676.392 0 0 0 676.392)
(676.304 0 0 0 676.304 0 0 0 676.304)
(676.199 0 0 0 676.199 0 0 0 676.199)
(676.078 0 0 0 676.078 0 0 0 676.078)
(675.942 0 0 0 675.942 0 0 0 675.942)
(675.797 0 0 0 675.797 0 0 0 675.797)
(675.65 0 0 0 675.65 0 0 0 675.65)
(675.506 0 0 0 675.506 0 0 0 675.506)
(675.36 0 0 0 675.36 0 0 0 675.36)
(675.202 0 0 0 675.202 0 0 0 675.202)
(675.015 0 0 0 675.015 0 0 0 675.015)
(674.796 0 0 0 674.796 0 0 0 674.796)
(674.605 0 0 0 674.605 0 0 0 674.605)
(674.635 0 0 0 674.635 0 0 0 674.635)
(675.457 0 0 0 675.457 0 0 0 675.457)
(678.402 0 0 0 678.402 0 0 0 678.402)
(685.744 0 0 0 685.744 0 0 0 685.744)
(690.592 0 0 0 690.592 0 0 0 690.592)
(681.468 0 0 0 681.468 0 0 0 681.468)
(680.913 0 0 0 680.913 0 0 0 680.913)
(680.931 0 0 0 680.931 0 0 0 680.931)
(680.938 0 0 0 680.938 0 0 0 680.938)
(680.933 0 0 0 680.933 0 0 0 680.933)
(680.915 0 0 0 680.915 0 0 0 680.915)
(680.882 0 0 0 680.882 0 0 0 680.882)
(680.833 0 0 0 680.833 0 0 0 680.833)
(680.766 0 0 0 680.766 0 0 0 680.766)
(680.678 0 0 0 680.678 0 0 0 680.678)
(680.569 0 0 0 680.569 0 0 0 680.569)
(680.436 0 0 0 680.436 0 0 0 680.436)
(680.281 0 0 0 680.281 0 0 0 680.281)
(680.1 0 0 0 680.1 0 0 0 680.1)
(679.889 0 0 0 679.889 0 0 0 679.889)
(679.638 0 0 0 679.638 0 0 0 679.638)
(679.33 0 0 0 679.33 0 0 0 679.33)
(678.947 0 0 0 678.947 0 0 0 678.947)
(678.485 0 0 0 678.485 0 0 0 678.485)
(677.999 0 0 0 677.999 0 0 0 677.999)
(677.669 0 0 0 677.669 0 0 0 677.669)
(678.036 0 0 0 678.036 0 0 0 678.036)
(680.385 0 0 0 680.385 0 0 0 680.385)
(686.954 0 0 0 686.954 0 0 0 686.954)
(690.962 0 0 0 690.962 0 0 0 690.962)
(676.243 0 0 0 676.243 0 0 0 676.243)
(675.619 0 0 0 675.619 0 0 0 675.619)
(675.592 0 0 0 675.592 0 0 0 675.592)
(675.556 0 0 0 675.556 0 0 0 675.556)
(675.511 0 0 0 675.511 0 0 0 675.511)
(675.456 0 0 0 675.456 0 0 0 675.456)
(675.389 0 0 0 675.389 0 0 0 675.389)
(675.309 0 0 0 675.309 0 0 0 675.309)
(675.214 0 0 0 675.214 0 0 0 675.214)
(675.102 0 0 0 675.102 0 0 0 675.102)
(674.974 0 0 0 674.974 0 0 0 674.974)
(674.834 0 0 0 674.834 0 0 0 674.834)
(674.688 0 0 0 674.688 0 0 0 674.688)
(674.546 0 0 0 674.546 0 0 0 674.546)
(674.414 0 0 0 674.414 0 0 0 674.414)
(674.29 0 0 0 674.29 0 0 0 674.29)
(674.165 0 0 0 674.165 0 0 0 674.165)
(674.022 0 0 0 674.022 0 0 0 674.022)
(673.859 0 0 0 673.859 0 0 0 673.859)
(673.735 0 0 0 673.735 0 0 0 673.735)
(673.849 0 0 0 673.849 0 0 0 673.849)
(674.777 0 0 0 674.777 0 0 0 674.777)
(677.864 0 0 0 677.864 0 0 0 677.864)
(685.394 0 0 0 685.394 0 0 0 685.394)
(690.475 0 0 0 690.475 0 0 0 690.475)
(680.72 0 0 0 680.72 0 0 0 680.72)
(680.168 0 0 0 680.168 0 0 0 680.168)
(680.182 0 0 0 680.182 0 0 0 680.182)
(680.186 0 0 0 680.186 0 0 0 680.186)
(680.178 0 0 0 680.178 0 0 0 680.178)
(680.158 0 0 0 680.158 0 0 0 680.158)
(680.123 0 0 0 680.123 0 0 0 680.123)
(680.073 0 0 0 680.073 0 0 0 680.073)
(680.005 0 0 0 680.005 0 0 0 680.005)
(679.918 0 0 0 679.918 0 0 0 679.918)
(679.81 0 0 0 679.81 0 0 0 679.81)
(679.681 0 0 0 679.681 0 0 0 679.681)
(679.531 0 0 0 679.531 0 0 0 679.531)
(679.361 0 0 0 679.361 0 0 0 679.361)
(679.167 0 0 0 679.167 0 0 0 679.167)
(678.94 0 0 0 678.94 0 0 0 678.94)
(678.664 0 0 0 678.664 0 0 0 678.664)
(678.322 0 0 0 678.322 0 0 0 678.322)
(677.909 0 0 0 677.909 0 0 0 677.909)
(677.482 0 0 0 677.482 0 0 0 677.482)
(677.224 0 0 0 677.224 0 0 0 677.224)
(677.681 0 0 0 677.681 0 0 0 677.681)
(680.144 0 0 0 680.144 0 0 0 680.144)
(686.846 0 0 0 686.846 0 0 0 686.846)
(690.947 0 0 0 690.947 0 0 0 690.947)
(677.245 0 0 0 677.245 0 0 0 677.245)
(676.641 0 0 0 676.641 0 0 0 676.641)
(676.625 0 0 0 676.625 0 0 0 676.625)
(676.6 0 0 0 676.6 0 0 0 676.6)
(676.566 0 0 0 676.566 0 0 0 676.566)
(676.52 0 0 0 676.52 0 0 0 676.52)
(676.463 0 0 0 676.463 0 0 0 676.463)
(676.392 0 0 0 676.392 0 0 0 676.392)
(676.304 0 0 0 676.304 0 0 0 676.304)
(676.199 0 0 0 676.199 0 0 0 676.199)
(676.078 0 0 0 676.078 0 0 0 676.078)
(675.942 0 0 0 675.942 0 0 0 675.942)
(675.797 0 0 0 675.797 0 0 0 675.797)
(675.65 0 0 0 675.65 0 0 0 675.65)
(675.506 0 0 0 675.506 0 0 0 675.506)
(675.36 0 0 0 675.36 0 0 0 675.36)
(675.202 0 0 0 675.202 0 0 0 675.202)
(675.015 0 0 0 675.015 0 0 0 675.015)
(674.796 0 0 0 674.796 0 0 0 674.796)
(674.605 0 0 0 674.605 0 0 0 674.605)
(674.635 0 0 0 674.635 0 0 0 674.635)
(675.457 0 0 0 675.457 0 0 0 675.457)
(678.402 0 0 0 678.402 0 0 0 678.402)
(685.744 0 0 0 685.744 0 0 0 685.744)
(690.592 0 0 0 690.592 0 0 0 690.592)
(681.468 0 0 0 681.468 0 0 0 681.468)
(680.914 0 0 0 680.914 0 0 0 680.914)
(680.932 0 0 0 680.932 0 0 0 680.932)
(680.939 0 0 0 680.939 0 0 0 680.939)
(680.933 0 0 0 680.933 0 0 0 680.933)
(680.915 0 0 0 680.915 0 0 0 680.915)
(680.882 0 0 0 680.882 0 0 0 680.882)
(680.833 0 0 0 680.833 0 0 0 680.833)
(680.766 0 0 0 680.766 0 0 0 680.766)
(680.678 0 0 0 680.678 0 0 0 680.678)
(680.569 0 0 0 680.569 0 0 0 680.569)
(680.437 0 0 0 680.437 0 0 0 680.437)
(680.281 0 0 0 680.281 0 0 0 680.281)
(680.1 0 0 0 680.1 0 0 0 680.1)
(679.89 0 0 0 679.89 0 0 0 679.89)
(679.639 0 0 0 679.639 0 0 0 679.639)
(679.331 0 0 0 679.331 0 0 0 679.331)
(678.948 0 0 0 678.948 0 0 0 678.948)
(678.486 0 0 0 678.486 0 0 0 678.486)
(678 0 0 0 678 0 0 0 678)
(677.67 0 0 0 677.67 0 0 0 677.67)
(678.037 0 0 0 678.037 0 0 0 678.037)
(680.386 0 0 0 680.386 0 0 0 680.386)
(686.955 0 0 0 686.955 0 0 0 686.955)
(690.963 0 0 0 690.963 0 0 0 690.963)
(681.468 0 0 0 681.468 0 0 0 681.468)
(680.913 0 0 0 680.913 0 0 0 680.913)
(680.931 0 0 0 680.931 0 0 0 680.931)
(680.938 0 0 0 680.938 0 0 0 680.938)
(680.933 0 0 0 680.933 0 0 0 680.933)
(680.915 0 0 0 680.915 0 0 0 680.915)
(680.882 0 0 0 680.882 0 0 0 680.882)
(680.833 0 0 0 680.833 0 0 0 680.833)
(680.766 0 0 0 680.766 0 0 0 680.766)
(680.678 0 0 0 680.678 0 0 0 680.678)
(680.569 0 0 0 680.569 0 0 0 680.569)
(680.436 0 0 0 680.436 0 0 0 680.436)
(680.281 0 0 0 680.281 0 0 0 680.281)
(680.1 0 0 0 680.1 0 0 0 680.1)
(679.889 0 0 0 679.889 0 0 0 679.889)
(679.638 0 0 0 679.638 0 0 0 679.638)
(679.33 0 0 0 679.33 0 0 0 679.33)
(678.947 0 0 0 678.947 0 0 0 678.947)
(678.485 0 0 0 678.485 0 0 0 678.485)
(677.999 0 0 0 677.999 0 0 0 677.999)
(677.669 0 0 0 677.669 0 0 0 677.669)
(678.036 0 0 0 678.036 0 0 0 678.036)
(680.385 0 0 0 680.385 0 0 0 680.385)
(686.954 0 0 0 686.954 0 0 0 686.954)
(690.962 0 0 0 690.962 0 0 0 690.962)
(677.245 0 0 0 677.245 0 0 0 677.245)
(676.641 0 0 0 676.641 0 0 0 676.641)
(676.625 0 0 0 676.625 0 0 0 676.625)
(676.6 0 0 0 676.6 0 0 0 676.6)
(676.566 0 0 0 676.566 0 0 0 676.566)
(676.52 0 0 0 676.52 0 0 0 676.52)
(676.463 0 0 0 676.463 0 0 0 676.463)
(676.392 0 0 0 676.392 0 0 0 676.392)
(676.304 0 0 0 676.304 0 0 0 676.304)
(676.199 0 0 0 676.199 0 0 0 676.199)
(676.078 0 0 0 676.078 0 0 0 676.078)
(675.942 0 0 0 675.942 0 0 0 675.942)
(675.797 0 0 0 675.797 0 0 0 675.797)
(675.65 0 0 0 675.65 0 0 0 675.65)
(675.506 0 0 0 675.506 0 0 0 675.506)
(675.36 0 0 0 675.36 0 0 0 675.36)
(675.202 0 0 0 675.202 0 0 0 675.202)
(675.015 0 0 0 675.015 0 0 0 675.015)
(674.796 0 0 0 674.796 0 0 0 674.796)
(674.605 0 0 0 674.605 0 0 0 674.605)
(674.635 0 0 0 674.635 0 0 0 674.635)
(675.457 0 0 0 675.457 0 0 0 675.457)
(678.402 0 0 0 678.402 0 0 0 678.402)
(685.744 0 0 0 685.744 0 0 0 685.744)
(690.592 0 0 0 690.592 0 0 0 690.592)
)
;

boundaryField
{
    outletCentralUnloaded
    {
        type            zeroGradient;
    }
    inletCentralUnloaded
    {
        type            zeroGradient;
    }
    outletFuelElement
    {
        type            zeroGradient;
    }
    inletFuelElement
    {
        type            zeroGradient;
    }
    defaultFaces
    {
        type            zeroGradient;
    }
    baffle_master
    {
        type            zeroGradient;
    }
    baffle_slave
    {
        type            zeroGradient;
    }
}


// ************************************************************************* //
