/*--------------------------------*- C++ -*----------------------------------*\
| =========                 |                                                 |
| \\      /  F ield         | OpenFOAM: The Open Source CFD Toolbox           |
|  \\    /   O peration     | Version:  2212                                  |
|   \\  /    A nd           | Website:  www.openfoam.com                      |
|    \\/     M anipulation  |                                                 |
\*---------------------------------------------------------------------------*/
FoamFile
{
    version     2.0;
    format      ascii;
    arch        "LSB;label=32;scalar=64";
    class       volVectorField;
    location    "32/fluidRegion";
    object      U;
}
// * * * * * * * * * * * * * * * * * * * * * * * * * * * * * * * * * * * * * //

dimensions      [0 1 -1 0 0 0 0];

internalField   nonuniform List<vector> 
350
(
(-1.95159e-08 -1.12675e-08 -14.9674)
(-2.52965e-08 -1.46049e-08 -14.9661)
(-2.36135e-08 -1.36332e-08 -14.9648)
(-2.01122e-08 -1.16117e-08 -14.9635)
(-1.4825e-08 -8.55921e-09 -14.9621)
(-6.51274e-09 -3.76012e-09 -14.9608)
(4.88824e-09 2.82222e-09 -14.9594)
(1.7891e-08 1.03293e-08 -14.9581)
(3.00246e-08 1.73346e-08 -14.9567)
(3.85528e-08 2.22584e-08 -14.9554)
(4.11987e-08 2.3786e-08 -14.9542)
(3.68464e-08 2.12732e-08 -14.9529)
(2.60204e-08 1.50229e-08 -14.9518)
(1.0935e-08 6.31332e-09 -14.9506)
(-5.03399e-09 -2.90637e-09 -14.9495)
(-1.82972e-08 -1.05639e-08 -14.9483)
(-2.60527e-08 -1.50415e-08 -14.9472)
(-2.69888e-08 -1.5582e-08 -14.946)
(-2.15119e-08 -1.24199e-08 -14.9447)
(-1.14883e-08 -6.63274e-09 -14.9435)
(5.5612e-10 3.21075e-10 -14.9422)
(1.26731e-08 7.3168e-09 -14.941)
(2.2008e-08 1.27063e-08 -14.9397)
(8.86189e-09 5.1164e-09 -14.9385)
(-1.31933e-08 -7.61712e-09 -14.969)
(-1.95159e-08 -1.12675e-08 -14.9674)
(-2.52965e-08 -1.46049e-08 -14.9661)
(-2.36135e-08 -1.36332e-08 -14.9648)
(-2.01122e-08 -1.16117e-08 -14.9635)
(-1.4825e-08 -8.55921e-09 -14.9621)
(-6.51274e-09 -3.76012e-09 -14.9608)
(4.88824e-09 2.82222e-09 -14.9594)
(1.7891e-08 1.03293e-08 -14.9581)
(3.00246e-08 1.73346e-08 -14.9567)
(3.85528e-08 2.22584e-08 -14.9554)
(4.11987e-08 2.3786e-08 -14.9542)
(3.68464e-08 2.12732e-08 -14.9529)
(2.60204e-08 1.50229e-08 -14.9518)
(1.0935e-08 6.31332e-09 -14.9506)
(-5.03399e-09 -2.90637e-09 -14.9495)
(-1.82972e-08 -1.05639e-08 -14.9483)
(-2.60527e-08 -1.50415e-08 -14.9472)
(-2.69888e-08 -1.5582e-08 -14.946)
(-2.15119e-08 -1.24199e-08 -14.9447)
(-1.14883e-08 -6.63274e-09 -14.9435)
(5.5612e-10 3.21075e-10 -14.9422)
(1.26731e-08 7.3168e-09 -14.941)
(2.2008e-08 1.27063e-08 -14.9397)
(8.86189e-09 5.1164e-09 -14.9385)
(-1.31933e-08 -7.61712e-09 -14.969)
(-0.00190366 -0.00109908 -414.917)
(-0.000952628 -0.00055 -407.454)
(-0.00104277 -0.000602043 -397.937)
(-0.00093781 -0.000541445 -386.081)
(-0.000848404 -0.000489826 -372.077)
(-0.000764835 -0.000441577 -356.126)
(-0.000686753 -0.000396497 -338.436)
(-0.000609925 -0.00035214 -319.222)
(-0.000526454 -0.000303948 -298.704)
(-0.000423146 -0.000244303 -277.109)
(-0.000284595 -0.000164311 -254.678)
(-9.53821e-05 -5.50689e-05 -231.669)
(0.000146074 8.43358e-05 -208.365)
(0.000421213 0.000243187 -185.075)
(0.000698003 0.000402992 -162.137)
(0.00093126 0.000537663 -139.902)
(0.00108658 0.000627337 -118.712)
(0.00115606 0.000667453 -98.8773)
(0.00115895 0.000669121 -80.6637)
(0.00112788 0.000651181 -64.2911)
(0.00109118 0.00062999 -49.9516)
(0.00105461 0.000608881 -37.8334)
(0.00100206 0.000578537 -28.1424)
(0.00086757 0.000500892 -21.0967)
(0.000819545 0.000473164 -16.6313)
(-0.00183518 -0.00107115 -417.563)
(-0.000697226 -0.000396783 -410.062)
(-0.000800933 -0.000462621 -400.518)
(-0.000727258 -0.000423201 -388.614)
(-0.000664774 -0.000390084 -374.544)
(-0.000606714 -0.000357109 -358.51)
(-0.000552355 -0.000326081 -340.723)
(-0.000498376 -0.000294694 -321.397)
(-0.00043904 -0.00026052 -300.754)
(-0.000364786 -0.000217408 -279.022)
(-0.000265301 -0.000160057 -256.443)
(-0.000129022 -8.12109e-05 -233.275)
(4.43776e-05 1.87125e-05 -209.801)
(0.00023636 0.000129763 -186.335)
(0.000428182 0.000240836 -163.219)
(0.000588027 0.000333533 -140.806)
(0.000693079 0.000394644 -119.444)
(0.000739054 0.000421648 -99.4504)
(0.000739762 0.000422463 -81.0928)
(0.000717805 0.000410204 -64.5946)
(0.000693411 0.000395308 -50.1497)
(0.000671716 0.000382928 -37.9477)
(0.000647219 0.000367509 -28.196)
(0.000588109 0.000333526 -21.1134)
(0.000607341 0.00034491 -16.6333)
(-0.000854712 -0.000670232 -414.494)
(-0.000518696 -0.000991441 -407.028)
(-0.000508902 -0.000945262 -397.519)
(-0.000461263 -0.000831389 -385.672)
(-0.000416714 -0.00073116 -371.68)
(-0.000375918 -0.000638511 -355.743)
(-0.000337339 -0.000552084 -338.07)
(-0.000297984 -0.000467949 -318.875)
(-0.000252345 -0.000376518 -298.377)
(-0.000192441 -0.000263812 -276.805)
(-0.000109937 -0.000110866 -254.399)
(1.9321e-06 9.62317e-05 -231.416)
(0.0001429 0.00036111 -208.138)
(0.000293781 0.00067213 -184.876)
(0.000439576 0.000985017 -161.967)
(0.000554694 0.001249 -139.759)
(0.000623603 0.00142392 -118.596)
(0.00064603 0.00149989 -98.7861)
(0.000635142 0.00149922 -80.5945)
(0.000608906 0.00145923 -64.241)
(0.000580941 0.00141046 -49.9174)
(0.000554459 0.00135501 -37.8117)
(0.000514356 0.00125711 -28.1297)
(0.00044767 0.00101543 -21.09)
(0.000386751 0.000798857 -16.6291)
(-0.000968243 -0.000559013 -416.974)
(-0.000946341 -0.000546368 -409.481)
(-0.000911896 -0.000526482 -399.942)
(-0.000810721 -0.000468069 -388.047)
(-0.000720169 -0.000415788 -373.991)
(-0.000636688 -0.000367591 -357.975)
(-0.000558402 -0.000322393 -340.208)
(-0.000481138 -0.000277784 -320.907)
(-0.000395292 -0.000228221 -300.291)
(-0.000287075 -0.000165742 -278.59)
(-0.000139534 -8.05598e-05 -256.043)
(6.03293e-05 3.4831e-05 -232.91)
(0.000314658 0.000181667 -209.475)
(0.000603913 0.000348668 -186.049)
(0.000891129 0.000514492 -162.972)
(0.00112842 0.000651492 -140.6)
(0.00128088 0.000739513 -119.277)
(0.00134215 0.00077489 -99.3196)
(0.00133467 0.000770568 -80.9949)
(0.001293 0.000746513 -64.5255)
(0.00124476 0.00071866 -50.1047)
(0.00119358 0.000689112 -37.9219)
(0.00110754 0.000639435 -28.1842)
(0.00091551 0.000528568 -21.1101)
(0.000742793 0.00042885 -16.6331)
(0.000950969 0.000549041 -416.974)
(0.000948043 0.000547351 -409.481)
(0.000911556 0.000526286 -399.942)
(0.000810822 0.000468127 -388.047)
(0.000720003 0.000415693 -373.991)
(0.000636396 0.000367422 -357.975)
(0.000558194 0.000322273 -340.208)
(0.000480666 0.000277512 -320.907)
(0.000394666 0.00022786 -300.291)
(0.000286406 0.000165356 -278.59)
(0.00013849 7.99571e-05 -256.043)
(-6.19449e-05 -3.57638e-05 -232.91)
(-0.000316747 -0.000182874 -209.475)
(-0.000606427 -0.00035012 -186.049)
(-0.000893778 -0.000516022 -162.972)
(-0.00113106 -0.000653016 -140.6)
(-0.00128364 -0.000741108 -119.277)
(-0.0013454 -0.000776763 -99.3196)
(-0.00133817 -0.000772589 -80.9949)
(-0.0012968 -0.000748707 -64.5255)
(-0.00124906 -0.000721144 -50.1047)
(-0.00119761 -0.000691438 -37.9219)
(-0.00111067 -0.000641245 -28.1842)
(-0.000917434 -0.000529679 -21.1101)
(-0.000743263 -0.000429122 -16.6331)
(0.00099472 0.000414397 -414.494)
(0.00111857 -4.50018e-05 -407.028)
(0.00107254 -3.13211e-05 -397.519)
(0.000950638 -1.65891e-05 -385.672)
(0.000841861 -6.46383e-06 -371.68)
(0.000741132 4.80248e-06 -355.743)
(0.000647123 1.43259e-05 -338.07)
(0.000554286 2.29218e-05 -318.875)
(0.000452223 2.91247e-05 -298.377)
(0.000324371 3.4536e-05 -276.805)
(0.000150457 3.96306e-05 -254.399)
(-8.52816e-05 4.68577e-05 -231.416)
(-0.000385441 5.74537e-05 -208.138)
(-0.000730616 8.29885e-05 -184.877)
(-0.00107468 0.000113768 -161.967)
(-0.00136109 0.000147014 -139.76)
(-0.00154724 0.000175408 -118.596)
(-0.00162463 0.000194452 -98.7861)
(-0.00161889 0.00020408 -80.5945)
(-0.00157149 0.000207297 -64.241)
(-0.0015156 0.000207016 -49.9174)
(-0.00145428 0.00020195 -37.8116)
(-0.0013488 0.00018672 -28.1297)
(-0.00110511 0.000122128 -21.09)
(-0.000885235 6.26792e-05 -16.6291)
(0.00183347 0.00107812 -417.563)
(0.000694584 0.000405802 -410.062)
(0.000799827 0.000463517 -400.518)
(0.000728235 0.000417969 -388.614)
(0.000667245 0.000378983 -374.544)
(0.000609763 0.000345528 -358.51)
(0.000555463 0.000313596 -340.723)
(0.000501461 0.000283436 -321.397)
(0.000442014 0.000249263 -300.754)
(0.000367788 0.00020768 -279.022)
(0.000268068 0.00015058 -256.443)
(0.0001315 7.31507e-05 -233.275)
(-4.20796e-05 -2.63514e-05 -209.801)
(-0.000234423 -0.000135815 -186.335)
(-0.000426744 -0.000245413 -163.219)
(-0.000587125 -0.000336096 -140.806)
(-0.000693116 -0.000395322 -119.444)
(-0.000740424 -0.000420177 -99.4504)
(-0.000742763 -0.000418821 -81.0928)
(-0.000722745 -0.000404246 -64.5946)
(-0.000700057 -0.000389281 -50.1497)
(-0.000680773 -0.00037607 -37.9477)
(-0.000658118 -0.000363256 -28.196)
(-0.000600704 -0.000330967 -21.1134)
(-0.000619222 -0.00034902 -16.6333)
(0.00190492 0.00109981 -414.917)
(0.000953939 0.000550757 -407.454)
(0.00104236 0.000601804 -397.937)
(0.000936568 0.000540727 -386.081)
(0.000846176 0.00048854 -372.077)
(0.000762762 0.000440381 -356.126)
(0.000684423 0.000395151 -338.436)
(0.000607967 0.000351009 -319.222)
(0.000524439 0.000302785 -298.704)
(0.000421594 0.000243407 -277.109)
(0.000283008 0.000163395 -254.678)
(9.41197e-05 5.434e-05 -231.669)
(-0.00014727 -8.50265e-05 -208.365)
(-0.000422076 -0.000243686 -185.075)
(-0.000698659 -0.000403371 -162.137)
(-0.000931569 -0.000537841 -139.902)
(-0.00108677 -0.000627448 -118.712)
(-0.00115621 -0.000667538 -98.8773)
(-0.00115922 -0.000669275 -80.6637)
(-0.00112837 -0.000651465 -64.2911)
(-0.00109245 -0.000630725 -49.9516)
(-0.00105686 -0.000610177 -37.8334)
(-0.00100611 -0.000580879 -28.1424)
(-0.000873037 -0.000504048 -21.0967)
(-0.000826928 -0.000477427 -16.6313)
(0.000968719 0.000559289 -416.974)
(0.00094651 0.000546466 -409.481)
(0.000912211 0.000526664 -399.942)
(0.000811038 0.000468251 -388.047)
(0.000720169 0.000415789 -373.991)
(0.000636624 0.000367554 -357.975)
(0.000558442 0.000322416 -340.208)
(0.000481245 0.000277846 -320.907)
(0.000395504 0.000228344 -300.291)
(0.000287735 0.000166123 -278.59)
(0.000140251 8.09734e-05 -256.043)
(-5.94895e-05 -3.43462e-05 -232.91)
(-0.000313652 -0.000181087 -209.475)
(-0.00060259 -0.000347904 -186.049)
(-0.000889273 -0.00051342 -162.972)
(-0.00112577 -0.00064996 -140.6)
(-0.0012775 -0.000737561 -119.277)
(-0.00133815 -0.000772577 -99.3196)
(-0.00132953 -0.000767602 -80.9949)
(-0.0012865 -0.000742758 -64.5254)
(-0.00123659 -0.000713942 -50.1047)
(-0.0011833 -0.000683177 -37.9219)
(-0.00109446 -0.000631883 -28.1842)
(-0.000900565 -0.00051994 -21.1101)
(-0.000728608 -0.000420661 -16.6331)
(0.000853342 0.000672154 -414.494)
(0.000516615 0.000993859 -407.028)
(0.000508337 0.000945777 -397.519)
(0.000462456 0.000829961 -385.672)
(0.000418992 0.000728166 -371.68)
(0.000378604 0.000635158 -355.743)
(0.000340117 0.000548556 -338.07)
(0.000300742 0.000464646 -318.875)
(0.000255063 0.000373293 -298.377)
(0.000195345 0.000260859 -276.805)
(0.000112692 0.000108109 -254.399)
(6.24973e-07 -9.85046e-05 -231.416)
(-0.000140424 -0.000363118 -208.138)
(-0.000291475 -0.000673564 -184.876)
(-0.000437444 -0.000985822 -161.967)
(-0.000552654 -0.00124903 -139.759)
(-0.00062198 -0.00142296 -118.596)
(-0.000645158 -0.0014976 -98.7861)
(-0.00063496 -0.00149533 -80.5945)
(-0.000609454 -0.00145343 -64.241)
(-0.000581709 -0.001403 -49.9174)
(-0.00055549 -0.00134531 -37.8116)
(-0.000514545 -0.00124581 -28.1297)
(-0.00044737 -0.0010026 -21.09)
(-0.00038497 -0.000787544 -16.6291)
(-0.000994387 -0.000408951 -414.494)
(-0.00111838 5.20357e-05 -407.028)
(-0.00107261 3.19732e-05 -397.519)
(-0.000950542 1.2965e-05 -385.672)
(-0.000841915 -1.78518e-06 -371.68)
(-0.000740902 -1.31069e-05 -355.743)
(-0.000647 -2.3402e-05 -338.07)
(-0.000553928 -3.08588e-05 -318.875)
(-0.000451974 -3.71606e-05 -298.377)
(-0.000323839 -4.10613e-05 -276.805)
(-0.000150032 -4.61124e-05 -254.399)
(8.58058e-05 -5.22964e-05 -231.416)
(0.00038589 -6.27221e-05 -208.138)
(0.000731232 -8.70397e-05 -184.877)
(0.00107531 -0.000116771 -161.967)
(0.00136194 -0.000148399 -139.76)
(0.0015481 -0.000175594 -118.596)
(0.00162546 -0.000193494 -98.7861)
(0.00161962 -0.000202068 -80.5945)
(0.00157202 -0.000204292 -64.241)
(0.00151564 -0.000205028 -49.9174)
(0.00145393 -0.000200362 -37.8116)
(0.00134776 -0.000188181 -28.1297)
(0.00110352 -0.000125867 -21.09)
(0.000881413 -7.24221e-05 -16.6291)
(-0.000949168 -0.000548001 -416.974)
(-0.000946129 -0.000546246 -409.481)
(-0.000911096 -0.00052602 -399.942)
(-0.000811204 -0.000468348 -388.047)
(-0.000721703 -0.000416675 -373.991)
(-0.00063797 -0.000368331 -357.975)
(-0.000559898 -0.000323256 -340.208)
(-0.000481946 -0.000278251 -320.907)
(-0.000395981 -0.000228619 -300.291)
(-0.000286946 -0.000165668 -278.59)
(-0.000139078 -8.02965e-05 -256.043)
(6.16505e-05 3.55939e-05 -232.91)
(0.000316485 0.000182722 -209.475)
(0.000606681 0.000350266 -186.049)
(0.000894566 0.000516477 -162.972)
(0.00113281 0.000654024 -140.6)
(0.00128607 0.000742511 -119.277)
(0.00134838 0.000778484 -99.3196)
(0.0013419 0.000774747 -80.9949)
(0.00130127 0.000751287 -64.5255)
(0.00125364 0.000723788 -50.1047)
(0.00120264 0.000694345 -37.9219)
(0.00111563 0.000644108 -28.1842)
(0.000921962 0.000532294 -21.1101)
(0.000743617 0.000429327 -16.6331)
)
;

boundaryField
{
    outletCentralUnloaded
    {
        type            zeroGradient;
    }
    inletCentralUnloaded
    {
        type            fixedValue;
        value           uniform (0 0 -15);
    }
    outletFuelElement
    {
        type            zeroGradient;
    }
    inletFuelElement
    {
        type            fixedValue;
        value           uniform (0 0 -15);
    }
    defaultFaces
    {
        type            slip;
    }
    baffle_master
    {
        type            slip;
    }
    baffle_slave
    {
        type            slip;
    }
}


// ************************************************************************* //
