/*--------------------------------*- C++ -*----------------------------------*\
| =========                 |                                                 |
| \\      /  F ield         | OpenFOAM: The Open Source CFD Toolbox           |
|  \\    /   O peration     | Version:  2212                                  |
|   \\  /    A nd           | Website:  www.openfoam.com                      |
|    \\/     M anipulation  |                                                 |
\*---------------------------------------------------------------------------*/
FoamFile
{
    version     2.0;
    format      ascii;
    arch        "LSB;label=32;scalar=64";
    class       surfaceScalarField;
    location    "31/fluidRegion";
    object      alphaPhi;
}
// * * * * * * * * * * * * * * * * * * * * * * * * * * * * * * * * * * * * * //

dimensions      [0 3 -1 0 0 0 0];

oriented        oriented;

internalField   nonuniform List<scalar> 
661
(
-0.000538888
-3.42489e-11
-0.000538847
-4.12559e-11
-0.000538808
-3.23821e-11
-0.000538771
-1.90544e-11
-0.000538734
-4.18689e-12
-0.000538697
1.0575e-11
-0.000538659
2.40262e-11
-0.000538619
3.50737e-11
-0.000538578
4.26567e-11
-0.000538534
4.59041e-11
-0.000538487
4.43081e-11
-0.000538439
3.79241e-11
-0.000538389
2.75076e-11
-0.000538337
1.44907e-11
-0.000538286
6.74078e-13
-0.000538234
-1.22244e-11
-0.000538184
-2.29818e-11
-0.000538135
-3.10263e-11
-0.000538088
-3.63125e-11
-0.000538043
-3.90763e-11
-0.000538
-3.95773e-11
-0.000537959
-3.81051e-11
-0.00053792
-3.21721e-11
-0.000537882
-2.70733e-12
6.32407e-11
-0.000538888
-0.000538847
-0.000538808
-0.000538771
-0.000538734
-0.000538697
-0.000538659
-0.000538619
-0.000538578
-0.000538534
-0.000538487
-0.000538439
-0.000538389
-0.000538337
-0.000538286
-0.000538234
-0.000538184
-0.000538135
-0.000538088
-0.000538043
-0.000538
-0.000537959
-0.00053792
-0.000537882
-0.0197366
1.35268e-06
-0.0193417
6.82587e-07
-0.0188298
7.4822e-07
-0.0182097
6.72842e-07
-0.0174909
6.086e-07
-0.0166831
5.48476e-07
-0.0157967
4.92178e-07
-0.014842
4.36651e-07
-0.0138298
3.76209e-07
-0.0127712
3.01458e-07
-0.0116783
2.01503e-07
-0.0105638
6.54798e-08
-0.00944212
-1.07446e-07
-0.00832888
-3.03855e-07
-0.00724081
-5.0093e-07
-0.00619485
-6.66645e-07
-0.00520694
-7.76781e-07
-0.004291
-8.25982e-07
-0.00345852
-8.28024e-07
-0.0027192
-8.05944e-07
-0.00208182
-7.79877e-07
-0.00155571
-7.53659e-07
-0.00115131
-7.16034e-07
-0.000879046
-6.19487e-07
-5.84251e-07
-0.0198618
-4.81029e-08
-4.44776e-08
-0.0194663
-1.8502e-07
-1.85804e-07
-0.0189525
-1.74002e-07
-1.73015e-07
-0.0183296
-1.5101e-07
-1.4906e-07
-0.0176073
-1.31136e-07
-1.28415e-07
-0.0167952
-1.12662e-07
-1.09898e-07
-0.0159038
-9.5436e-08
-9.28091e-08
-0.0149434
-7.88782e-08
-7.65743e-08
-0.0139249
-6.12692e-08
-5.93007e-08
-0.0128595
-4.01393e-08
-3.8619e-08
-0.0117591
-1.17513e-08
-1.06694e-08
-0.0106368
2.64013e-08
2.70162e-08
-0.00950683
7.54452e-08
7.55695e-08
-0.00838503
1.34966e-07
1.34512e-07
-0.00728834
1.95592e-07
1.94553e-07
-0.00623396
2.47854e-07
2.46176e-07
-0.00523806
2.83589e-07
2.81265e-07
-0.00431482
3.00309e-07
2.97275e-07
-0.00347584
3.01995e-07
2.98137e-07
-0.00273097
2.95619e-07
2.90909e-07
-0.00208904
2.87403e-07
2.81716e-07
-0.00155945
2.76961e-07
2.70435e-07
-0.00115271
2.57634e-07
2.49773e-07
-0.000879235
2.03727e-07
1.95718e-07
1.55472e-07
1.49327e-07
-0.019716
6.88473e-07
-0.0193215
6.80163e-07
-0.01881
6.55201e-07
-0.0181904
5.82532e-07
-0.0174721
5.17352e-07
-0.0166652
4.57231e-07
-0.0157796
4.00812e-07
-0.0148258
3.44907e-07
-0.0138146
2.82729e-07
-0.0127572
2.04444e-07
-0.0116655
9.79797e-08
-0.0105523
-4.57773e-08
-0.00943193
-2.2798e-07
-0.00832004
-4.34598e-07
-0.00723332
-6.39201e-07
-0.00618868
-8.07906e-07
-0.005202
-9.16225e-07
-0.00428719
-9.5993e-07
-0.0034557
-9.54988e-07
-0.00271722
-9.25796e-07
-0.00208052
-8.92042e-07
-0.00155492
-8.55789e-07
-0.00115087
-7.94357e-07
-0.000878833
-6.56467e-07
-5.32868e-07
-0.0198339
3.13956e-09
-0.0194385
-6.79616e-11
-0.018925
2.56166e-10
-0.0183028
1.88144e-10
-0.0175811
2.44735e-10
-0.01677
2.73616e-10
-0.0158797
2.3264e-10
-0.0149205
2.57418e-10
-0.0139034
2.43592e-10
-0.0128395
1.86862e-10
-0.0117408
1.75573e-10
-0.0106202
1.82881e-10
-0.0094921
1.51406e-10
-0.00837223
8.97349e-11
-0.0072775
-4.784e-11
-0.00622503
-2.47152e-10
-0.00523096
-4.41179e-10
-0.00430938
-5.82587e-10
-0.00347189
-7.8299e-10
-0.00272829
-9.6976e-10
-0.0020874
-1.1378e-09
-0.00155861
-1.36727e-09
-0.00115241
-1.75519e-09
-0.000879218
-1.75265e-09
-1.81281e-09
-0.019834
-6.81813e-07
-0.0194385
-6.80368e-07
-0.0189251
-6.54486e-07
-0.0183028
-5.81943e-07
-0.0175811
-5.16684e-07
-0.01677
-4.56549e-07
-0.0158797
-4.00176e-07
-0.0149205
-3.44225e-07
-0.0139034
-2.82063e-07
-0.0128395
-2.03836e-07
-0.0117408
-9.73692e-08
-0.0106202
4.64647e-08
-0.00949211
2.28619e-07
-0.00837224
4.35157e-07
-0.00727751
6.39543e-07
-0.00622504
8.07932e-07
-0.00523096
9.15931e-07
-0.00430938
9.5935e-07
-0.00347189
9.53971e-07
-0.00272829
9.24294e-07
-0.0020874
8.8997e-07
-0.00155861
8.53003e-07
-0.00115241
7.90387e-07
-0.000879219
6.52226e-07
5.28134e-07
-0.0197161
4.37948e-08
-0.0193215
1.84924e-07
-0.01881
1.74072e-07
-0.0181904
1.51502e-07
-0.0174722
1.32106e-07
-0.0166652
1.13587e-07
-0.0157796
9.64842e-08
-0.0148258
7.97749e-08
-0.0138147
6.22077e-08
-0.0127572
4.08787e-08
-0.0116655
1.2529e-08
-0.0105523
-2.57438e-08
-0.00943194
-7.47282e-08
-0.00832005
-1.34274e-07
-0.00723333
-1.94842e-07
-0.00618868
-2.47108e-07
-0.00520201
-2.82713e-07
-0.00428719
-2.99321e-07
-0.0034557
-3.0088e-07
-0.00271722
-2.94496e-07
-0.00208052
-2.86155e-07
-0.00155492
-2.75687e-07
-0.00115087
-2.56529e-07
-0.000878832
-2.02781e-07
-1.5384e-07
-0.0198618
-1.35341e-06
-4.84046e-08
-0.0194663
-6.83243e-07
-1.85457e-07
-0.0189525
-7.47541e-07
-1.73562e-07
-0.0183296
-6.71519e-07
-1.49675e-07
-0.0176073
-6.06599e-07
-1.29215e-07
-0.0167952
-5.46628e-07
-1.10658e-07
-0.0159038
-4.90244e-07
-9.35293e-08
-0.0149434
-4.35047e-07
-7.7219e-08
-0.0139249
-3.74676e-07
-5.98633e-08
-0.0128595
-3.00331e-07
-3.90118e-08
-0.0117591
-2.00479e-07
-1.09367e-08
-0.0106368
-6.47889e-08
2.68111e-08
-0.00950683
1.07922e-07
7.56033e-08
-0.00838503
3.03959e-07
1.34833e-07
-0.00728834
5.00698e-07
1.95291e-07
-0.00623396
6.65876e-07
2.47507e-07
-0.00523806
7.75521e-07
2.83321e-07
-0.00431482
8.23973e-07
3.00251e-07
-0.00347584
8.24988e-07
3.02445e-07
-0.00273097
8.01345e-07
2.96973e-07
-0.00208904
7.73132e-07
2.90169e-07
-0.00155945
7.44493e-07
2.81452e-07
-0.00115271
7.0311e-07
2.64089e-07
-0.000879235
6.04709e-07
2.11206e-07
5.68444e-07
1.65331e-07
-0.0197366
-0.0193417
-0.0188298
-0.0182097
-0.0174909
-0.0166831
-0.0157967
-0.014842
-0.0138298
-0.0127712
-0.0116783
-0.0105638
-0.00944212
-0.00832888
-0.00724081
-0.00619485
-0.00520694
-0.004291
-0.00345852
-0.0027192
-0.00208182
-0.00155571
-0.00115131
-0.000879046
-0.0198339
-6.88662e-07
2.95101e-09
-0.0194385
-6.80212e-07
-4.66549e-10
-0.018925
-6.55089e-07
4.35917e-11
-0.0183028
-5.8237e-07
-2.39637e-11
-0.0175811
-5.16984e-07
-6.26666e-11
-0.01677
-4.56859e-07
-1.49422e-10
-0.0158797
-4.00335e-07
-1.50729e-10
-0.0149205
-3.44414e-07
-2.27564e-10
-0.0139034
-2.82114e-07
-2.74867e-10
-0.0128395
-2.03864e-07
-3.06436e-10
-0.0117408
-9.72413e-08
-4.40038e-10
-0.0106202
4.65678e-08
-5.01373e-10
-0.0094921
2.28982e-07
-7.37806e-10
-0.00837223
4.35745e-07
-1.01681e-09
-0.0072775
6.4053e-07
-1.32436e-09
-0.00622503
8.09416e-07
-1.75839e-09
-0.00523096
9.18166e-07
-2.37471e-09
-0.00430938
9.62558e-07
-3.29811e-09
-0.00347189
9.58705e-07
-4.51897e-09
-0.00272829
9.31066e-07
-6.14234e-09
-0.0020874
8.99864e-07
-8.47339e-09
-0.00155861
8.66579e-07
-1.08797e-08
-0.00115241
8.08835e-07
-1.37271e-08
-0.000879218
6.7363e-07
-1.48871e-08
5.51631e-07
-1.56843e-08
-0.019716
-0.0193215
-0.01881
-0.0181904
-0.0174721
-0.0166652
-0.0157796
-0.0148258
-0.0138146
-0.0127572
-0.0116655
-0.0105523
-0.00943193
-0.00832004
-0.00723333
-0.00618868
-0.005202
-0.00428719
-0.0034557
-0.00271722
-0.00208052
-0.00155492
-0.00115087
-0.000878834
-0.0197161
6.81357e-07
-0.0193215
6.79955e-07
-0.01881
6.55589e-07
-0.0181904
5.83874e-07
-0.0174722
5.19588e-07
-0.0166652
4.59297e-07
-0.0157796
4.03039e-07
-0.0148258
3.46685e-07
-0.0138147
2.84474e-07
-0.0127572
2.05722e-07
-0.0116655
9.91484e-08
-0.0105523
-4.50582e-08
-0.00943194
-2.27326e-07
-0.00832005
-4.34232e-07
-0.00723333
-6.38844e-07
-0.00618868
-8.07672e-07
-0.00520201
-9.15887e-07
-0.00428719
-9.5967e-07
-0.0034557
-9.54754e-07
-0.00271722
-9.25969e-07
-0.00208052
-8.92794e-07
-0.00155492
-8.57697e-07
-0.00115087
-7.98015e-07
-0.000878832
-6.62089e-07
-5.38296e-07
-0.019834
-0.0194385
-0.0189251
-0.0183028
-0.0175811
-0.01677
-0.0158797
-0.0149205
-0.0139034
-0.0128395
-0.0117408
-0.0106202
-0.00949211
-0.00837224
-0.00727751
-0.00622504
-0.00523096
-0.00430938
-0.00347189
-0.00272829
-0.0020874
-0.00155861
-0.00115241
-0.000879219
)
;

boundaryField
{
    outletCentralUnloaded
    {
        type            calculated;
        value           nonuniform List<scalar> 2(0.000538931 0.000538931);
    }
    inletCentralUnloaded
    {
        type            calculated;
        value           uniform -0.000540134;
    }
    outletFuelElement
    {
        type            calculated;
        value           nonuniform List<scalar> 
12
(
0.0200518
0.0201799
0.0200318
0.0201513
0.0201513
0.0200318
0.0201799
0.0200518
0.0201513
0.0200318
0.0200318
0.0201513
)
;
    }
    inletFuelElement
    {
        type            calculated;
        value           nonuniform List<scalar> 
12
(
-0.000722059
-0.00072206
-0.000722059
-0.000722059
-0.00072206
-0.000722059
-0.00072206
-0.000722059
-0.000722059
-0.000722059
-0.000722059
-0.00072206
)
;
    }
    defaultFaces
    {
        type            calculated;
        value           nonuniform List<scalar> 
450
(
2.46004e-24
-4.84859e-23
0
3.49343e-23
-8.90928e-25
0
1.63953e-23
2.49888e-23
0
-5.4895e-23
-2.73104e-23
0
-2.02742e-23
-4.40705e-23
0
-3.20245e-23
-1.84473e-23
0
-3.10038e-23
-2.01769e-23
0
-3.37145e-23
-1.15939e-23
0
-2.52109e-23
-8.03812e-24
0
-2.08977e-23
-8.72284e-24
0
-1.38076e-23
-6.73097e-24
0
-5.23189e-24
-3.01474e-24
0
9.27188e-24
3.9841e-24
0
1.75721e-23
1.24096e-23
0
3.00296e-23
9.57007e-24
0
3.9301e-23
2.86099e-23
0
3.95687e-23
-3.86344e-24
0
5.3147e-23
3.133e-23
0
4.27824e-23
-5.12369e-23
0
-2.81277e-23
-2.62127e-23
0
-1.92158e-23
-3.61238e-24
0
3.30142e-23
-1.52335e-23
0
-2.8308e-23
1.22705e-23
0
-2.2406e-23
-1.03748e-23
0
-2.4716e-23
-1.31654e-23
0
1.2034e-23
0
3.20908e-23
0
-8.0227e-24
0
2.40681e-23
0
-8.0227e-24
0
2.00567e-23
0
2.00567e-23
0
8.0227e-24
0
-2.00567e-24
0
8.0227e-24
0
3.50993e-24
0
-2.00567e-24
0
-4.01135e-24
0
-4.01135e-24
0
-1.60454e-23
0
-3.20908e-23
0
4.01135e-23
0
-4.81362e-23
0
1.60454e-23
0
-4.81362e-23
0
-4.01135e-23
0
4.81362e-23
0
0
0
-2.40681e-23
0
-1.60454e-23
0
-1.60454e-23
-1.60454e-23
8.0227e-24
-1.60454e-23
8.0227e-24
-8.0227e-24
0
-8.0227e-24
8.0227e-24
-4.01135e-24
0
1.00284e-24
4.01135e-24
8.0227e-24
2.40681e-23
1.60454e-23
-3.20908e-23
3.20908e-23
-3.20908e-23
0
1.60454e-23
-1.60454e-23
-3.20908e-23
0
8.0227e-24
0
0
0
0
0
0
0
0
0
0
0
0
0
0
0
0
0
0
0
0
0
0
0
0
0
-2.00567e-23
2.40681e-23
-8.0227e-24
2.40681e-23
2.40681e-23
4.01135e-23
-1.60454e-23
-1.2034e-23
1.60454e-23
-1.2034e-23
-1.2034e-23
-1.2034e-23
-1.2034e-23
-1.2034e-23
-8.0227e-24
-8.0227e-24
1.80511e-23
-8.0227e-24
-4.01135e-24
-6.01702e-24
-2.50709e-24
-4.01135e-24
1.00284e-24
1.69229e-24
4.01135e-24
6.01702e-24
4.01135e-24
8.0227e-24
2.40681e-23
2.00567e-23
3.20908e-23
2.40681e-23
-3.20908e-23
4.01135e-23
1.60454e-23
3.20908e-23
-4.81362e-23
4.81362e-23
-3.20908e-23
-3.20908e-23
0
-4.01135e-23
-4.81362e-23
2.40681e-23
-8.0227e-24
-3.20908e-23
8.0227e-24
-2.00567e-23
-2.40681e-23
-1.2034e-23
7.14303e-26
0
0
1.81374e-23
0
0
2.91583e-23
0
-4.81362e-23
-6.03002e-23
0
1.60454e-23
1.66902e-23
0
-8.0227e-24
-4.21457e-23
0
8.0227e-24
-4.04815e-23
0
0
-3.99324e-23
0
8.0227e-24
-1.94758e-23
0
-1.60454e-23
-2.54925e-23
0
4.01135e-24
-2.06111e-23
0
4.01135e-24
-5.6686e-24
0
0
1.05426e-23
-0
-2.00567e-24
2.15935e-23
-0
-1.2034e-23
4.96739e-23
-0
-1.60454e-23
4.80385e-23
-0
-1.60454e-23
3.78893e-23
-0
0
6.05179e-23
-0
-3.20908e-23
3.12934e-23
-0
0
-4.0518e-23
-0
1.60454e-23
-6.90156e-25
-0
1.60454e-23
4.54452e-23
-0
1.60454e-23
-3.01033e-23
-0
0
-2.63373e-24
-0
1.60454e-23
-1.82876e-23
-0
1.60454e-23
0
0
1.60454e-23
0
1.60454e-23
-8.0227e-24
-8.0227e-24
-8.0227e-24
4.01135e-24
0
0
1.00284e-24
0
0
0
0
-3.20908e-23
1.60454e-23
-4.81362e-23
0
0
-4.81362e-23
-1.60454e-23
0
0
2.20624e-23
0
2.40681e-23
0
0
0
1.60454e-23
0
-4.01135e-24
0
1.2034e-23
0
1.2034e-23
0
1.2034e-23
0
4.01135e-24
0
6.01702e-24
0
2.50709e-24
0
-1.00284e-24
-0
-8.0227e-24
-0
-2.00567e-23
-0
-1.60454e-23
-0
-3.20908e-23
-0
4.01135e-23
-0
-3.20908e-23
-0
4.81362e-23
-0
-1.60454e-23
-0
-3.20908e-23
-0
5.61589e-23
-0
8.0227e-24
-0
-2.40681e-23
-0
-2.40681e-23
-0
-2.00567e-23
0
-1.60454e-23
1.60454e-23
-1.60454e-23
2.40681e-23
-8.0227e-24
-4.81362e-23
0
1.2034e-23
-4.01135e-24
-3.20908e-23
-1.60454e-23
-3.20908e-23
-8.0227e-24
-2.40681e-23
-2.00567e-24
-1.2034e-23
-6.01702e-24
-1.60454e-23
-3.00851e-24
-6.01702e-24
1.00284e-24
6.44303e-24
4.01135e-24
1.80511e-23
8.0227e-24
4.01135e-23
1.60454e-23
6.01702e-23
1.60454e-23
6.41816e-23
0
4.81362e-23
1.60454e-23
7.22043e-23
0
4.01135e-23
1.60454e-23
-4.01135e-23
-8.0227e-24
-2.40681e-23
8.0227e-24
4.81362e-23
2.40681e-23
-3.20908e-23
0
-2.00567e-23
0
-1.60454e-23
-0
-0
-0
-0
-0
-0
-0
-0
-0
-0
-0
0
0
0
0
0
0
0
0
0
0
0
0
0
0
)
;
    }
    baffle_master
    {
        type            calculated;
        value           nonuniform List<scalar> 
150
(
-5.1954e-28
0
7.32588e-28
6.37074e-28
0
-7.32588e-28
-5.86523e-28
0
7.32588e-28
3.60276e-28
0
0
-2.18391e-28
0
-1.83147e-28
-8.64321e-29
0
0
-3.79089e-28
0
-3.66294e-28
3.68411e-28
0
0
-2.50796e-28
0
-7.32588e-28
5.06262e-28
0
0
1.40781e-28
0
0
-7.09865e-28
0
0
1.4362e-28
0
3.66294e-28
4.45921e-29
0
0
-6.24602e-30
0
0
-3.65275e-29
0
1.83147e-28
2.10244e-27
0
1.09888e-27
3.52385e-29
0
7.32588e-28
2.17464e-27
0
1.46518e-27
-4.29418e-29
0
0
-3.61272e-28
0
0
-1.8238e-27
0
-1.46518e-27
5.614e-28
0
7.32588e-28
9.78669e-30
0
9.15735e-29
-7.73909e-29
0
-1.46518e-27
0
-8.68115e-28
0
7.32588e-28
-1.61623e-27
0
7.32588e-28
-1.30992e-27
0
7.32588e-28
-8.44574e-28
0
9.15735e-29
7.29991e-29
0
-1.83147e-28
3.01196e-28
-0
-3.66294e-28
1.15069e-27
-0
-7.32588e-28
9.55882e-28
-0
7.32588e-28
1.30946e-27
-0
0
1.7335e-27
-0
0
2.16289e-27
-0
-1.46518e-27
1.27749e-27
-0
0
1.02057e-27
-0
-3.66294e-28
5.56786e-28
-0
-2.28934e-29
2.36778e-29
-0
1.83147e-28
-4.72595e-28
0
-1.09888e-27
-5.43566e-28
0
7.32588e-28
-1.29986e-27
0
-7.32588e-28
-3.11636e-28
0
0
6.06641e-28
0
7.32588e-28
2.73003e-28
0
-1.46518e-27
2.28945e-27
0
-7.32588e-28
-1.47264e-27
0
0
4.53872e-29
0
0
-7.22906e-28
-0
)
;
    }
    baffle_slave
    {
        type            calculated;
        value           nonuniform List<scalar> 
150
(
-4.51277e-24
-0
0
-5.57828e-24
-0
0
1.62961e-24
-0
-8.0227e-24
2.50709e-24
-0
0
-2.70766e-23
-0
-2.40681e-23
5.89167e-24
-0
0
5.01419e-25
-0
0
-7.52128e-25
-0
-8.0227e-24
3.13387e-24
-0
0
3.13387e-25
-0
-4.01135e-24
1.31622e-24
-0
2.00567e-24
9.4016e-26
0
0
-3.99568e-25
0
4.01135e-24
-2.03701e-25
0
-8.0227e-24
9.08821e-25
0
0
-1.00284e-24
0
0
-4.34981e-23
0
-4.81362e-23
-3.13387e-24
0
0
-3.54754e-23
0
-4.81362e-23
-2.25638e-24
0
0
-1.02791e-23
0
-1.60454e-23
3.28429e-23
0
3.20908e-23
-5.2649e-24
0
0
2.25638e-24
0
0
-4.51277e-24
0
-1.60454e-23
6.49644e-24
3.78571e-23
0
-8.45443e-24
2.05895e-23
0
5.92312e-24
2.51023e-23
0
-9.95861e-24
1.41651e-23
0
-5.12808e-24
-3.08372e-23
0
-4.44314e-24
1.74243e-23
0
-1.30179e-23
1.64215e-23
0
-8.8191e-24
1.51679e-23
0
1.32383e-23
1.11566e-23
0
-1.90021e-24
1.03418e-23
0
-2.8946e-24
8.0227e-24
0
6.45481e-25
2.82048e-24
0
3.84475e-24
-1.06551e-24
0
1.28153e-23
-5.84466e-24
0
3.25312e-24
-1.14856e-23
0
1.61883e-23
-1.1987e-23
0
-1.96978e-23
-1.89286e-23
0
1.67251e-23
-1.91166e-23
0
-1.02878e-23
7.08254e-24
0
-2.68372e-24
1.56693e-23
0
-5.57985e-24
1.592e-23
0
-3.41521e-23
2.90823e-23
0
-3.05322e-23
-1.50426e-23
0
-3.56136e-24
1.50426e-23
0
-4.22275e-24
1.5544e-23
0
)
;
    }
}


// ************************************************************************* //
