/*--------------------------------*- C++ -*----------------------------------*\
| =========                 |                                                 |
| \\      /  F ield         | OpenFOAM: The Open Source CFD Toolbox           |
|  \\    /   O peration     | Version:  2212                                  |
|   \\  /    A nd           | Website:  www.openfoam.com                      |
|    \\/     M anipulation  |                                                 |
\*---------------------------------------------------------------------------*/
FoamFile
{
    version     2.0;
    format      ascii;
    arch        "LSB;label=32;scalar=64";
    class       volScalarField;
    location    "31/fluidRegion";
    object      alphat;
}
// * * * * * * * * * * * * * * * * * * * * * * * * * * * * * * * * * * * * * //

dimensions      [1 -1 -1 0 0 0 0];

internalField   nonuniform List<scalar> 
350
(
0.00258541
0.00258542
0.00258542
0.00258543
0.00258544
0.00258544
0.00258545
0.00258546
0.00258547
0.00258549
0.00258551
0.00258554
0.00258559
0.00258567
0.00258579
0.00258598
0.00258628
0.00258675
0.00258745
0.00258853
0.00259018
0.0025927
0.00259655
0.00260243
0.00261142
0.00258541
0.00258542
0.00258542
0.00258543
0.00258544
0.00258544
0.00258545
0.00258546
0.00258547
0.00258549
0.00258551
0.00258554
0.00258559
0.00258567
0.00258579
0.00258598
0.00258628
0.00258675
0.00258745
0.00258853
0.00259018
0.0025927
0.00259655
0.00260243
0.00261142
0.000894038
0.000882213
0.000870668
0.000858983
0.000847049
0.000834761
0.000822015
0.000808713
0.000794772
0.00078013
0.000764758
0.000748662
0.000731884
0.000714492
0.000696563
0.000678191
0.000659563
0.000641152
0.000624168
0.000611477
0.000609473
0.000631387
0.000699445
0.000830474
0.000998067
0.000886302
0.000874487
0.000862974
0.000851326
0.00083944
0.000827206
0.000814522
0.000801288
0.000787419
0.000772855
0.000757567
0.000741567
0.000724906
0.000707662
0.000689925
0.000671798
0.000653464
0.000635385
0.000618748
0.000606395
0.000604706
0.000626954
0.000695586
0.000827858
0.000997356
0.000895274
0.000883437
0.000871883
0.000860186
0.00084824
0.000835939
0.000823178
0.000809861
0.000795904
0.000781245
0.000765854
0.000749737
0.000732935
0.000715513
0.000697546
0.000679129
0.000660447
0.000641976
0.000624929
0.000612173
0.000610107
0.000631958
0.00069993
0.000830802
0.00099818
0.000888079
0.000876266
0.000864748
0.000853094
0.000841199
0.000828955
0.000816258
0.00080301
0.000789125
0.000774544
0.000759236
0.000743213
0.000726525
0.000709246
0.000691464
0.000673281
0.000654878
0.000636723
0.000620005
0.000607574
0.000605812
0.000627984
0.000696485
0.000828471
0.000997526
0.000888079
0.000876266
0.000864748
0.000853094
0.000841199
0.000828955
0.000816258
0.00080301
0.000789125
0.000774544
0.000759236
0.000743213
0.000726525
0.000709246
0.000691464
0.000673281
0.000654879
0.000636723
0.000620005
0.000607574
0.000605812
0.000627984
0.000696485
0.00082847
0.000997525
0.000895274
0.000883437
0.000871882
0.000860186
0.00084824
0.000835939
0.000823178
0.000809861
0.000795903
0.000781244
0.000765853
0.000749736
0.000732934
0.000715512
0.000697546
0.000679129
0.000660447
0.000641976
0.000624928
0.000612173
0.000610107
0.000631958
0.000699932
0.000830806
0.000998187
0.000886302
0.000874487
0.000862974
0.000851326
0.00083944
0.000827206
0.000814522
0.000801288
0.000787419
0.000772855
0.000757567
0.000741567
0.000724906
0.000707662
0.000689925
0.000671798
0.000653464
0.000635385
0.000618748
0.000606395
0.000604706
0.000626955
0.000695586
0.000827858
0.000997355
0.000894038
0.000882213
0.000870668
0.000858983
0.000847049
0.000834761
0.000822015
0.000808713
0.000794772
0.00078013
0.000764758
0.000748662
0.000731884
0.000714492
0.000696563
0.000678191
0.000659563
0.000641152
0.000624169
0.000611478
0.000609474
0.000631389
0.00069945
0.000830484
0.000998084
0.000888079
0.000876266
0.000864748
0.000853094
0.000841199
0.000828955
0.000816258
0.00080301
0.000789125
0.000774544
0.000759236
0.000743213
0.000726525
0.000709246
0.000691464
0.000673281
0.000654879
0.000636723
0.000620005
0.000607574
0.000605812
0.000627985
0.000696486
0.000828474
0.00099753
0.000895274
0.000883437
0.000871883
0.000860186
0.00084824
0.000835939
0.000823178
0.000809861
0.000795904
0.000781245
0.000765854
0.000749737
0.000732935
0.000715513
0.000697546
0.000679129
0.000660447
0.000641976
0.000624927
0.000612172
0.000610104
0.000631952
0.000699919
0.000830781
0.000998148
0.000895274
0.000883437
0.000871882
0.000860186
0.00084824
0.000835939
0.000823178
0.000809861
0.000795904
0.000781245
0.000765853
0.000749737
0.000732935
0.000715513
0.000697546
0.000679129
0.000660447
0.000641976
0.000624929
0.000612173
0.000610107
0.000631958
0.000699931
0.000830803
0.00099818
0.000888079
0.000876266
0.000864748
0.000853094
0.000841199
0.000828955
0.000816258
0.00080301
0.000789125
0.000774544
0.000759236
0.000743213
0.000726525
0.000709246
0.000691464
0.000673281
0.000654879
0.000636723
0.000620006
0.000607575
0.000605814
0.000627988
0.000696493
0.000828486
0.00099755
)
;

boundaryField
{
    outletCentralUnloaded
    {
        type            zeroGradient;
    }
    inletCentralUnloaded
    {
        type            zeroGradient;
    }
    outletFuelElement
    {
        type            zeroGradient;
    }
    inletFuelElement
    {
        type            zeroGradient;
    }
    defaultFaces
    {
        type            zeroGradient;
    }
    baffle_master
    {
        type            calculated;
        value           nonuniform List<scalar> 
150
(
0.00258541
0.00258541
0.00258541
0.00258542
0.00258542
0.00258542
0.00258542
0.00258542
0.00258542
0.00258543
0.00258543
0.00258543
0.00258544
0.00258544
0.00258544
0.00258544
0.00258544
0.00258544
0.00258545
0.00258545
0.00258545
0.00258546
0.00258546
0.00258546
0.00258547
0.00258547
0.00258547
0.00258549
0.00258549
0.00258549
0.00258551
0.00258551
0.00258551
0.00258554
0.00258554
0.00258554
0.00258559
0.00258559
0.00258559
0.00258567
0.00258567
0.00258567
0.00258579
0.00258579
0.00258579
0.00258598
0.00258598
0.00258598
0.00258628
0.00258628
0.00258628
0.00258675
0.00258675
0.00258675
0.00258745
0.00258745
0.00258745
0.00258853
0.00258853
0.00258853
0.00259018
0.00259018
0.00259018
0.0025927
0.0025927
0.0025927
0.00259655
0.00259655
0.00259655
0.00260243
0.00260243
0.00260243
0.00261142
0.00261142
0.00261142
0.00258541
0.00258541
0.00258541
0.00258542
0.00258542
0.00258542
0.00258542
0.00258542
0.00258542
0.00258543
0.00258543
0.00258543
0.00258544
0.00258544
0.00258544
0.00258544
0.00258544
0.00258544
0.00258545
0.00258545
0.00258545
0.00258546
0.00258546
0.00258546
0.00258547
0.00258547
0.00258547
0.00258549
0.00258549
0.00258549
0.00258551
0.00258551
0.00258551
0.00258554
0.00258554
0.00258554
0.00258559
0.00258559
0.00258559
0.00258567
0.00258567
0.00258567
0.00258579
0.00258579
0.00258579
0.00258598
0.00258598
0.00258598
0.00258628
0.00258628
0.00258628
0.00258675
0.00258675
0.00258675
0.00258745
0.00258745
0.00258745
0.00258853
0.00258853
0.00258853
0.00259018
0.00259018
0.00259018
0.0025927
0.0025927
0.0025927
0.00259655
0.00259655
0.00259655
0.00260243
0.00260243
0.00260243
0.00261142
0.00261142
0.00261142
)
;
    }
    baffle_slave
    {
        type            calculated;
        value           nonuniform List<scalar> 
150
(
0.000886302
0.000888079
0.000888079
0.000874487
0.000876266
0.000876266
0.000862974
0.000864748
0.000864748
0.000851326
0.000853094
0.000853094
0.00083944
0.000841199
0.000841199
0.000827206
0.000828955
0.000828955
0.000814522
0.000816258
0.000816258
0.000801288
0.00080301
0.00080301
0.000787419
0.000789125
0.000789125
0.000772855
0.000774544
0.000774544
0.000757567
0.000759236
0.000759236
0.000741567
0.000743213
0.000743213
0.000724906
0.000726525
0.000726525
0.000707662
0.000709246
0.000709246
0.000689925
0.000691464
0.000691464
0.000671798
0.000673281
0.000673281
0.000653464
0.000654878
0.000654879
0.000635385
0.000636723
0.000636723
0.000618748
0.000620005
0.000620006
0.000606395
0.000607574
0.000607575
0.000604706
0.000605812
0.000605814
0.000626954
0.000627984
0.000627988
0.000695586
0.000696485
0.000696493
0.000827858
0.000828471
0.000828486
0.000997356
0.000997526
0.00099755
0.000888079
0.000886302
0.000888079
0.000876266
0.000874487
0.000876266
0.000864748
0.000862974
0.000864748
0.000853094
0.000851326
0.000853094
0.000841199
0.00083944
0.000841199
0.000828955
0.000827206
0.000828955
0.000816258
0.000814522
0.000816258
0.00080301
0.000801288
0.00080301
0.000789125
0.000787419
0.000789125
0.000774544
0.000772855
0.000774544
0.000759236
0.000757567
0.000759236
0.000743213
0.000741567
0.000743213
0.000726525
0.000724906
0.000726525
0.000709246
0.000707662
0.000709246
0.000691464
0.000689925
0.000691464
0.000673281
0.000671798
0.000673281
0.000654879
0.000653464
0.000654879
0.000636723
0.000635385
0.000636723
0.000620005
0.000618748
0.000620005
0.000607574
0.000606395
0.000607574
0.000605812
0.000604706
0.000605812
0.000627984
0.000626955
0.000627985
0.000696485
0.000695586
0.000696486
0.00082847
0.000827858
0.000828474
0.000997525
0.000997355
0.00099753
)
;
    }
}


// ************************************************************************* //
