/*--------------------------------*- C++ -*----------------------------------*\
| =========                 |                                                 |
| \\      /  F ield         | OpenFOAM: The Open Source CFD Toolbox           |
|  \\    /   O peration     | Version:  2212                                  |
|   \\  /    A nd           | Website:  www.openfoam.com                      |
|    \\/     M anipulation  |                                                 |
\*---------------------------------------------------------------------------*/
FoamFile
{
    version     2.0;
    format      ascii;
    arch        "LSB;label=32;scalar=64";
    class       volScalarField;
    location    "31/fluidRegion";
    object      dgdt;
}
// * * * * * * * * * * * * * * * * * * * * * * * * * * * * * * * * * * * * * //

dimensions      [0 0 -1 0 0 0 0];

internalField   nonuniform List<scalar> 
350
(
0.00530905
0.00528827
0.00528199
0.00528523
0.00529579
0.00530668
0.00531228
0.00531206
0.00530967
0.00530921
0.00531209
0.0053163
0.00531825
0.00531532
0.0053074
0.00529673
0.00528634
0.0052784
0.00527357
0.00527142
0.00527128
0.00527303
0.00525439
0.00520787
0.00262701
0.00530906
0.00528827
0.00528199
0.00528523
0.00529579
0.00530668
0.00531228
0.00531207
0.00530967
0.00530921
0.00531209
0.0053163
0.00531825
0.00531531
0.0053074
0.00529673
0.00528634
0.0052784
0.00527357
0.00527142
0.00527128
0.00527303
0.00525439
0.00520787
0.00262701
37.7157
47.117
61.0758
73.9646
85.7251
96.3114
105.687
113.819
120.669
126.182
130.275
132.823
133.668
132.642
129.621
124.584
117.653
109.069
99.1183
88.0232
75.8767
62.6167
48.1061
32.3769
20.401
37.7447
47.0202
61.1088
74.1197
85.9949
96.6882
106.163
114.388
121.328
126.93
131.113
133.757
134.698
133.76
130.803
125.794
118.844
110.197
100.15
88.9394
76.6666
63.2717
48.612
32.7144
20.606
37.6982
47.1084
61.0471
73.917
85.6598
96.2298
105.59
113.708
120.545
126.045
130.124
132.658
133.49
132.452
129.422
124.383
117.457
108.884
98.95
87.8742
75.7485
62.5107
48.0244
32.3224
20.3678
37.7478
47.0607
61.1186
74.1009
85.949
96.6169
106.068
114.271
121.189
126.77
130.932
133.552
134.47
133.511
130.538
125.521
118.575
109.941
99.9156
88.7305
76.4862
63.1219
48.4962
32.6371
20.559
37.7478
47.0608
61.1186
74.1009
85.949
96.6169
106.068
114.271
121.189
126.77
130.932
133.552
134.47
133.511
130.538
125.521
118.575
109.941
99.9156
88.7305
76.4862
63.1219
48.4962
32.6371
20.559
37.6982
47.1084
61.0471
73.917
85.6598
96.2298
105.59
113.708
120.545
126.045
130.124
132.658
133.489
132.452
129.422
124.383
117.457
108.884
98.95
87.8742
75.7485
62.5107
48.0244
32.3223
20.3678
37.7447
47.0202
61.1088
74.1197
85.9949
96.6882
106.163
114.388
121.328
126.93
131.113
133.757
134.698
133.76
130.803
125.794
118.844
110.197
100.15
88.9394
76.6666
63.2717
48.612
32.7144
20.606
37.7157
47.117
61.0758
73.9646
85.7251
96.3114
105.687
113.819
120.669
126.182
130.275
132.823
133.668
132.642
129.621
124.584
117.653
109.069
99.1183
88.0232
75.8767
62.6167
48.1062
32.3769
20.401
37.7478
47.0607
61.1186
74.1009
85.949
96.6169
106.068
114.271
121.189
126.77
130.932
133.552
134.47
133.511
130.538
125.521
118.575
109.941
99.9155
88.7305
76.4862
63.1219
48.4962
32.6371
20.559
37.6982
47.1084
61.0471
73.917
85.6598
96.2298
105.59
113.708
120.545
126.045
130.124
132.658
133.489
132.452
129.422
124.383
117.457
108.884
98.95
87.8742
75.7485
62.5107
48.0244
32.3224
20.3678
37.6982
47.1084
61.0471
73.917
85.6598
96.2298
105.59
113.708
120.545
126.045
130.124
132.658
133.489
132.452
129.422
124.383
117.457
108.884
98.95
87.8742
75.7485
62.5107
48.0244
32.3223
20.3678
37.7478
47.0608
61.1186
74.1009
85.949
96.6169
106.068
114.271
121.189
126.77
130.932
133.552
134.47
133.511
130.538
125.521
118.575
109.941
99.9156
88.7305
76.4862
63.1219
48.4962
32.6371
20.559
)
;

boundaryField
{
    outletCentralUnloaded
    {
        type            calculated;
        value           nonuniform List<scalar> 2(0.00530905 0.00530906);
    }
    inletCentralUnloaded
    {
        type            calculated;
        value           nonuniform List<scalar> 2(0.00262701 0.00262701);
    }
    outletFuelElement
    {
        type            calculated;
        value           nonuniform List<scalar> 
12
(
37.7157
37.7447
37.6982
37.7478
37.7478
37.6982
37.7447
37.7157
37.7478
37.6982
37.6982
37.7478
)
;
    }
    inletFuelElement
    {
        type            calculated;
        value           nonuniform List<scalar> 
12
(
20.401
20.606
20.3678
20.559
20.559
20.3678
20.606
20.401
20.559
20.3678
20.3678
20.559
)
;
    }
    defaultFaces
    {
        type            calculated;
        value           nonuniform List<scalar> 
450
(
37.7157
37.7157
37.7157
47.117
47.117
47.117
61.0758
61.0758
61.0758
73.9646
73.9646
73.9646
85.7251
85.7251
85.7251
96.3114
96.3114
96.3114
105.687
105.687
105.687
113.819
113.819
113.819
120.669
120.669
120.669
126.182
126.182
126.182
130.275
130.275
130.275
132.823
132.823
132.823
133.668
133.668
133.668
132.642
132.642
132.642
129.621
129.621
129.621
124.584
124.584
124.584
117.653
117.653
117.653
109.069
109.069
109.069
99.1183
99.1183
99.1183
88.0232
88.0232
88.0232
75.8767
75.8767
75.8767
62.6167
62.6167
62.6167
48.1061
48.1061
48.1061
32.3769
32.3769
32.3769
20.401
20.401
20.401
37.6982
37.6982
47.1084
47.1084
61.0471
61.0471
73.917
73.917
85.6598
85.6598
96.2298
96.2298
105.59
105.59
113.708
113.708
120.545
120.545
126.045
126.045
130.124
130.124
132.658
132.658
133.49
133.49
132.452
132.452
129.422
129.422
124.383
124.383
117.457
117.457
108.884
108.884
98.95
98.95
87.8742
87.8742
75.7485
75.7485
62.5107
62.5107
48.0244
48.0244
32.3224
32.3224
20.3678
20.3678
37.7478
47.0607
61.1186
74.1009
85.949
96.6169
106.068
114.271
121.189
126.77
130.932
133.552
134.47
133.511
130.538
125.521
118.575
109.941
99.9156
88.7305
76.4862
63.1219
48.4962
32.6371
20.559
37.7478
47.0608
61.1186
74.1009
85.949
96.6169
106.068
114.271
121.189
126.77
130.932
133.552
134.47
133.511
130.538
125.521
118.575
109.941
99.9156
88.7305
76.4862
63.1219
48.4962
32.6371
20.559
37.6982
37.6982
47.1084
47.1084
61.0471
61.0471
73.917
73.917
85.6598
85.6598
96.2298
96.2298
105.59
105.59
113.708
113.708
120.545
120.545
126.045
126.045
130.124
130.124
132.658
132.658
133.489
133.489
132.452
132.452
129.422
129.422
124.383
124.383
117.457
117.457
108.884
108.884
98.95
98.95
87.8742
87.8742
75.7485
75.7485
62.5107
62.5107
48.0244
48.0244
32.3223
32.3223
20.3678
20.3678
37.7157
37.7157
37.7157
47.117
47.117
47.117
61.0758
61.0758
61.0758
73.9646
73.9646
73.9646
85.7251
85.7251
85.7251
96.3114
96.3114
96.3114
105.687
105.687
105.687
113.819
113.819
113.819
120.669
120.669
120.669
126.182
126.182
126.182
130.275
130.275
130.275
132.823
132.823
132.823
133.668
133.668
133.668
132.642
132.642
132.642
129.621
129.621
129.621
124.584
124.584
124.584
117.653
117.653
117.653
109.069
109.069
109.069
99.1183
99.1183
99.1183
88.0232
88.0232
88.0232
75.8767
75.8767
75.8767
62.6167
62.6167
62.6167
48.1062
48.1062
48.1062
32.3769
32.3769
32.3769
20.401
20.401
20.401
37.7478
47.0607
61.1186
74.1009
85.949
96.6169
106.068
114.271
121.189
126.77
130.932
133.552
134.47
133.511
130.538
125.521
118.575
109.941
99.9155
88.7305
76.4862
63.1219
48.4962
32.6371
20.559
37.6982
37.6982
47.1084
47.1084
61.0471
61.0471
73.917
73.917
85.6598
85.6598
96.2298
96.2298
105.59
105.59
113.708
113.708
120.545
120.545
126.045
126.045
130.124
130.124
132.658
132.658
133.489
133.489
132.452
132.452
129.422
129.422
124.383
124.383
117.457
117.457
108.884
108.884
98.95
98.95
87.8742
87.8742
75.7485
75.7485
62.5107
62.5107
48.0244
48.0244
32.3224
32.3224
20.3678
20.3678
37.6982
37.6982
47.1084
47.1084
61.0471
61.0471
73.917
73.917
85.6598
85.6598
96.2298
96.2298
105.59
105.59
113.708
113.708
120.545
120.545
126.045
126.045
130.124
130.124
132.658
132.658
133.489
133.489
132.452
132.452
129.422
129.422
124.383
124.383
117.457
117.457
108.884
108.884
98.95
98.95
87.8742
87.8742
75.7485
75.7485
62.5107
62.5107
48.0244
48.0244
32.3223
32.3223
20.3678
20.3678
37.7478
47.0608
61.1186
74.1009
85.949
96.6169
106.068
114.271
121.189
126.77
130.932
133.552
134.47
133.511
130.538
125.521
118.575
109.941
99.9156
88.7305
76.4862
63.1219
48.4962
32.6371
20.559
)
;
    }
    baffle_master
    {
        type            calculated;
        value           nonuniform List<scalar> 
150
(
0.00530905
0.00530905
0.00530905
0.00528827
0.00528827
0.00528827
0.00528199
0.00528199
0.00528199
0.00528523
0.00528523
0.00528523
0.00529579
0.00529579
0.00529579
0.00530668
0.00530668
0.00530668
0.00531228
0.00531228
0.00531228
0.00531206
0.00531206
0.00531206
0.00530967
0.00530967
0.00530967
0.00530921
0.00530921
0.00530921
0.00531209
0.00531209
0.00531209
0.0053163
0.0053163
0.0053163
0.00531825
0.00531825
0.00531825
0.00531532
0.00531532
0.00531532
0.0053074
0.0053074
0.0053074
0.00529673
0.00529673
0.00529673
0.00528634
0.00528634
0.00528634
0.0052784
0.0052784
0.0052784
0.00527357
0.00527357
0.00527357
0.00527142
0.00527142
0.00527142
0.00527128
0.00527128
0.00527128
0.00527303
0.00527303
0.00527303
0.00525439
0.00525439
0.00525439
0.00520787
0.00520787
0.00520787
0.00262701
0.00262701
0.00262701
0.00530906
0.00530906
0.00530906
0.00528827
0.00528827
0.00528827
0.00528199
0.00528199
0.00528199
0.00528523
0.00528523
0.00528523
0.00529579
0.00529579
0.00529579
0.00530668
0.00530668
0.00530668
0.00531228
0.00531228
0.00531228
0.00531207
0.00531207
0.00531207
0.00530967
0.00530967
0.00530967
0.00530921
0.00530921
0.00530921
0.00531209
0.00531209
0.00531209
0.0053163
0.0053163
0.0053163
0.00531825
0.00531825
0.00531825
0.00531531
0.00531531
0.00531531
0.0053074
0.0053074
0.0053074
0.00529673
0.00529673
0.00529673
0.00528634
0.00528634
0.00528634
0.0052784
0.0052784
0.0052784
0.00527357
0.00527357
0.00527357
0.00527142
0.00527142
0.00527142
0.00527128
0.00527128
0.00527128
0.00527303
0.00527303
0.00527303
0.00525439
0.00525439
0.00525439
0.00520787
0.00520787
0.00520787
0.00262701
0.00262701
0.00262701
)
;
    }
    baffle_slave
    {
        type            calculated;
        value           nonuniform List<scalar> 
150
(
37.7447
37.7478
37.7478
47.0202
47.0607
47.0608
61.1088
61.1186
61.1186
74.1197
74.1009
74.1009
85.9949
85.949
85.949
96.6882
96.6169
96.6169
106.163
106.068
106.068
114.388
114.271
114.271
121.328
121.189
121.189
126.93
126.77
126.77
131.113
130.932
130.932
133.757
133.552
133.552
134.698
134.47
134.47
133.76
133.511
133.511
130.803
130.538
130.538
125.794
125.521
125.521
118.844
118.575
118.575
110.197
109.941
109.941
100.15
99.9156
99.9156
88.9394
88.7305
88.7305
76.6666
76.4862
76.4862
63.2717
63.1219
63.1219
48.612
48.4962
48.4962
32.7144
32.6371
32.6371
20.606
20.559
20.559
37.7478
37.7447
37.7478
47.0608
47.0202
47.0607
61.1186
61.1088
61.1186
74.1009
74.1197
74.1009
85.949
85.9949
85.949
96.6169
96.6882
96.6169
106.068
106.163
106.068
114.271
114.388
114.271
121.189
121.328
121.189
126.77
126.93
126.77
130.932
131.113
130.932
133.552
133.757
133.552
134.47
134.698
134.47
133.511
133.76
133.511
130.538
130.803
130.538
125.521
125.794
125.521
118.575
118.844
118.575
109.941
110.197
109.941
99.9156
100.15
99.9155
88.7305
88.9394
88.7305
76.4862
76.6666
76.4862
63.1219
63.2717
63.1219
48.4962
48.612
48.4962
32.6371
32.7144
32.6371
20.559
20.606
20.559
)
;
    }
}


// ************************************************************************* //
