/*--------------------------------*- C++ -*----------------------------------*\
| =========                 |                                                 |
| \\      /  F ield         | OpenFOAM: The Open Source CFD Toolbox           |
|  \\    /   O peration     | Version:  2212                                  |
|   \\  /    A nd           | Website:  www.openfoam.com                      |
|    \\/     M anipulation  |                                                 |
\*---------------------------------------------------------------------------*/
FoamFile
{
    version     2.0;
    format      ascii;
    arch        "LSB;label=32;scalar=64";
    class       volScalarField;
    location    "31/fluidRegion";
    object      epsilon;
}
// * * * * * * * * * * * * * * * * * * * * * * * * * * * * * * * * * * * * * //

dimensions      [0 2 -3 0 0 0 0];

internalField   nonuniform List<scalar> 
350
(
66.9662
66.9496
66.9331
66.9166
66.9
66.8835
66.867
66.8507
66.8344
66.8184
66.8028
66.7876
66.7731
66.7597
66.748
66.7387
66.7332
66.7334
66.7425
66.7651
66.8082
66.8829
67.0056
67.202
67.5107
66.9662
66.9496
66.9331
66.9166
66.9
66.8835
66.867
66.8507
66.8344
66.8184
66.8028
66.7876
66.7731
66.7597
66.748
66.7387
66.7332
66.7334
66.7425
66.7651
66.8082
66.8829
67.0056
67.202
67.5107
7.14176e+06
6.5909e+06
5.97534e+06
5.31346e+06
4.63182e+06
3.95505e+06
3.30469e+06
2.69844e+06
2.14973e+06
1.66756e+06
1.25655e+06
917278
646713
438875
285611
177517
104889
58609.8
30795
15139.9
6967.7
3058.63
1372.21
734.765
548.464
7.2945e+06
6.7333e+06
6.10604e+06
5.43099e+06
4.73537e+06
4.04435e+06
3.37998e+06
2.7604e+06
2.19942e+06
1.70627e+06
1.28576e+06
938539
661575
448800
291908
181289
107007
59714
31322.7
15366.8
7053.19
3085.77
1379.12
736.167
548.881
7.11673e+06
6.56752e+06
5.95398e+06
5.29432e+06
4.61502e+06
3.94062e+06
3.29256e+06
2.68849e+06
2.14179e+06
1.66139e+06
1.25191e+06
913914
644368
437311
284620
176923
104555
58434.8
30710.5
15102.8
6953.13
3053.57
1370.64
734.295
548.3
7.26068e+06
6.7017e+06
6.07696e+06
5.40478e+06
4.71223e+06
4.02434e+06
3.36307e+06
2.74646e+06
2.18821e+06
1.69752e+06
1.27915e+06
933715
658196
446539
290472
180427
106523
59461.4
31202
15314.9
7033.69
3079.63
1377.59
735.874
548.8
7.26068e+06
6.7017e+06
6.07696e+06
5.40478e+06
4.71223e+06
4.02434e+06
3.36307e+06
2.74646e+06
2.18821e+06
1.69752e+06
1.27915e+06
933715
658196
446539
290472
180427
106523
59461.4
31202
15314.9
7033.69
3079.63
1377.59
735.875
548.801
7.11675e+06
6.56753e+06
5.95399e+06
5.29432e+06
4.61503e+06
3.94063e+06
3.29257e+06
2.6885e+06
2.14179e+06
1.66139e+06
1.25192e+06
913915
644369
437312
284621
176923
104555
58434.8
30710.5
15102.7
6953.09
3053.55
1370.62
734.285
548.293
7.2945e+06
6.7333e+06
6.10604e+06
5.43099e+06
4.73537e+06
4.04435e+06
3.37998e+06
2.7604e+06
2.19942e+06
1.70627e+06
1.28576e+06
938539
661575
448800
291908
181289
107007
59714.1
31322.7
15366.8
7053.19
3085.77
1379.12
736.168
548.882
7.14176e+06
6.5909e+06
5.97534e+06
5.31346e+06
4.63182e+06
3.95505e+06
3.30469e+06
2.69844e+06
2.14973e+06
1.66756e+06
1.25655e+06
917278
646713
438875
285611
177516
104889
58609.8
30794.9
15139.8
6967.66
3058.6
1372.19
734.746
548.446
7.26068e+06
6.7017e+06
6.07696e+06
5.40478e+06
4.71223e+06
4.02434e+06
3.36307e+06
2.74646e+06
2.18821e+06
1.69752e+06
1.27915e+06
933715
658196
446539
290472
180427
106523
59461.4
31202
15314.9
7033.69
3079.62
1377.58
735.869
548.796
7.11673e+06
6.56752e+06
5.95398e+06
5.29432e+06
4.61502e+06
3.94062e+06
3.29256e+06
2.68849e+06
2.14179e+06
1.66139e+06
1.25192e+06
913914
644368
437311
284621
176923
104555
58434.9
30710.6
15102.9
6953.19
3053.62
1370.68
734.329
548.331
7.11674e+06
6.56753e+06
5.95399e+06
5.29432e+06
4.61503e+06
3.94063e+06
3.29257e+06
2.6885e+06
2.14179e+06
1.66139e+06
1.25192e+06
913915
644368
437312
284621
176923
104555
58434.8
30710.4
15102.7
6953.08
3053.54
1370.63
734.289
548.299
7.26068e+06
6.7017e+06
6.07696e+06
5.40478e+06
4.71223e+06
4.02434e+06
3.36307e+06
2.74646e+06
2.18821e+06
1.69752e+06
1.27915e+06
933715
658196
446539
290472
180427
106522
59461.3
31201.9
15314.9
7033.63
3079.58
1377.55
735.847
548.775
)
;

boundaryField
{
    outletCentralUnloaded
    {
        type            zeroGradient;
    }
    inletCentralUnloaded
    {
        type            zeroGradient;
    }
    outletFuelElement
    {
        type            zeroGradient;
    }
    inletFuelElement
    {
        type            zeroGradient;
    }
    defaultFaces
    {
        type            zeroGradient;
    }
    baffle_master
    {
        type            zeroGradient;
    }
    baffle_slave
    {
        type            zeroGradient;
    }
}


// ************************************************************************* //
