/*--------------------------------*- C++ -*----------------------------------*\
| =========                 |                                                 |
| \\      /  F ield         | OpenFOAM: The Open Source CFD Toolbox           |
|  \\    /   O peration     | Version:  2212                                  |
|   \\  /    A nd           | Website:  www.openfoam.com                      |
|    \\/     M anipulation  |                                                 |
\*---------------------------------------------------------------------------*/
FoamFile
{
    version     2.0;
    format      ascii;
    arch        "LSB;label=32;scalar=64";
    class       volScalarField;
    location    "31/fluidRegion";
    object      k;
}
// * * * * * * * * * * * * * * * * * * * * * * * * * * * * * * * * * * * * * //

dimensions      [0 2 -2 0 0 0 0];

internalField   nonuniform List<scalar> 
350
(
0.421014
0.420945
0.420876
0.420808
0.420739
0.42067
0.420602
0.420533
0.420466
0.420399
0.420334
0.420272
0.420213
0.42016
0.420115
0.420084
0.420074
0.420095
0.420164
0.420305
0.420558
0.42098
0.421661
0.422739
0.424423
0.421014
0.420945
0.420876
0.420808
0.420739
0.42067
0.420602
0.420533
0.420466
0.420399
0.420334
0.420272
0.420213
0.42016
0.420115
0.420084
0.420074
0.420095
0.420164
0.420305
0.420558
0.42098
0.421661
0.422739
0.424423
388.564
367.682
343.729
317.14
288.674
259.092
229.127
199.468
170.747
143.524
118.272
95.3745
75.1055
57.6252
42.9712
31.0593
21.6952
14.5986
9.43483
5.8486
3.49288
2.04933
1.24331
0.852991
0.714646
393.963
372.844
348.615
321.699
292.869
262.894
232.519
202.444
173.311
145.687
120.056
96.807
76.2223
58.4669
43.5818
31.4835
21.9757
14.7738
9.53698
5.90328
3.51906
2.06012
1.24695
0.853991
0.715029
387.669
366.824
342.922
316.389
287.986
258.471
228.574
198.985
170.333
143.175
117.986
95.1453
74.9272
57.4911
42.874
30.9918
21.6504
14.5705
9.41825
5.83952
3.48832
2.04726
1.24246
0.852661
0.714521
392.778
371.708
347.538
320.691
291.939
262.049
231.764
201.78
172.737
145.202
119.655
96.4842
75.97
58.2764
43.4433
31.3871
21.9119
14.7339
9.5137
5.89082
3.51311
2.05769
1.24615
0.853782
0.714953
392.778
371.708
347.538
320.691
291.939
262.049
231.764
201.78
172.737
145.202
119.655
96.4842
75.97
58.2764
43.4433
31.3871
21.9119
14.7339
9.5137
5.89082
3.51311
2.05769
1.24615
0.853782
0.714953
387.67
366.825
342.922
316.389
287.987
258.471
228.575
198.985
170.333
143.175
117.986
95.1454
74.9273
57.4911
42.8741
30.9918
21.6505
14.5705
9.41825
5.83951
3.48831
2.04725
1.24245
0.852658
0.714519
393.963
372.844
348.615
321.699
292.869
262.894
232.519
202.444
173.311
145.687
120.056
96.807
76.2223
58.4669
43.5818
31.4835
21.9757
14.7738
9.53698
5.90328
3.51906
2.06012
1.24695
0.853992
0.715029
388.564
367.682
343.729
317.14
288.674
259.092
229.127
199.468
170.747
143.524
118.272
95.3745
75.1055
57.6252
42.9712
31.0593
21.6952
14.5986
9.43482
5.8486
3.49287
2.04932
1.24331
0.852984
0.71464
392.778
371.708
347.538
320.691
291.939
262.049
231.764
201.78
172.737
145.202
119.655
96.4842
75.97
58.2764
43.4433
31.3871
21.9119
14.7339
9.5137
5.89082
3.51311
2.05768
1.24615
0.85378
0.714951
387.669
366.824
342.922
316.389
287.986
258.471
228.574
198.985
170.333
143.175
117.986
95.1453
74.9272
57.4911
42.874
30.9918
21.6504
14.5705
9.41825
5.83953
3.48833
2.04727
1.24247
0.85267
0.71453
387.67
366.825
342.922
316.389
287.987
258.471
228.575
198.985
170.333
143.175
117.986
95.1453
74.9272
57.4911
42.8741
30.9918
21.6504
14.5705
9.41824
5.83951
3.48831
2.04725
1.24245
0.852658
0.71452
392.778
371.708
347.538
320.691
291.939
262.049
231.764
201.78
172.737
145.202
119.655
96.4842
75.97
58.2764
43.4433
31.3871
21.9119
14.7339
9.51369
5.89081
3.5131
2.05768
1.24614
0.853774
0.714945
)
;

boundaryField
{
    outletCentralUnloaded
    {
        type            zeroGradient;
    }
    inletCentralUnloaded
    {
        type            zeroGradient;
    }
    outletFuelElement
    {
        type            zeroGradient;
    }
    inletFuelElement
    {
        type            zeroGradient;
    }
    defaultFaces
    {
        type            zeroGradient;
    }
    baffle_master
    {
        type            zeroGradient;
    }
    baffle_slave
    {
        type            zeroGradient;
    }
}


// ************************************************************************* //
