/*--------------------------------*- C++ -*----------------------------------*\
| =========                 |                                                 |
| \\      /  F ield         | OpenFOAM: The Open Source CFD Toolbox           |
|  \\    /   O peration     | Version:  2212                                  |
|   \\  /    A nd           | Website:  www.openfoam.com                      |
|    \\/     M anipulation  |                                                 |
\*---------------------------------------------------------------------------*/
FoamFile
{
    version     2.0;
    format      ascii;
    arch        "LSB;label=32;scalar=64";
    class       volScalarField;
    location    "31/fluidRegion";
    object      nut;
}
// * * * * * * * * * * * * * * * * * * * * * * * * * * * * * * * * * * * * * //

dimensions      [0 2 -1 0 0 0 0];

internalField   nonuniform List<scalar> 
350
(
0.000537541
0.000537498
0.000537457
0.000537417
0.000537377
0.000537338
0.000537298
0.000537258
0.000537217
0.000537174
0.000537132
0.000537088
0.000537046
0.000537005
0.000536968
0.000536938
0.000536917
0.000536913
0.000536931
0.000536986
0.000537093
0.000537282
0.000537594
0.000538094
0.000539517
0.000537541
0.000537498
0.000537457
0.000537417
0.000537377
0.000537338
0.000537298
0.000537258
0.000537217
0.000537174
0.000537132
0.000537088
0.000537046
0.000537005
0.000536968
0.000536938
0.000536917
0.000536913
0.000536931
0.000536986
0.000537093
0.000537282
0.000537594
0.000538094
0.000539517
0.0101683
0.00996413
0.00970929
0.00939816
0.00903563
0.00862684
0.0081771
0.00769188
0.00717683
0.00663782
0.00608102
0.00551304
0.00494102
0.0043727
0.0038163
0.0032802
0.00277247
0.00230036
0.00187003
0.00148669
0.00115495
0.000879234
0.00066374
0.000510905
0.000416418
0.0102332
0.0100281
0.00977241
0.00945995
0.00909567
0.00868474
0.00823248
0.0077444
0.00722618
0.0066837
0.00612316
0.00555119
0.00497498
0.00440234
0.00384158
0.00330119
0.00278936
0.00231347
0.00187976
0.0014935
0.00115932
0.000881716
0.000664891
0.000511275
0.000416484
0.0101578
0.00995362
0.00969896
0.00938809
0.00902588
0.00861747
0.00816816
0.00768343
0.00716892
0.00663049
0.00607431
0.00550698
0.00493563
0.00436801
0.0038123
0.00327687
0.00276978
0.00229826
0.00186846
0.00148556
0.00115418
0.000878756
0.000663464
0.00051076
0.00041637
0.0102188
0.0100139
0.0097584
0.0094462
0.00908229
0.0086718
0.00822008
0.00773262
0.00721509
0.00667337
0.00611365
0.00554257
0.00496729
0.00439562
0.00383583
0.00329641
0.00278552
0.00231048
0.00187755
0.00149195
0.00115833
0.000881158
0.000664638
0.000511201
0.000416475
0.0102188
0.0100139
0.0097584
0.0094462
0.00908229
0.0086718
0.00822008
0.00773262
0.00721509
0.00667337
0.00611365
0.00554257
0.00496729
0.00439562
0.00383583
0.00329641
0.00278552
0.00231048
0.00187755
0.00149195
0.00115833
0.000881158
0.000664638
0.000511201
0.000416475
0.0101578
0.00995362
0.00969897
0.00938809
0.00902588
0.00861747
0.00816817
0.00768343
0.00716892
0.00663049
0.00607431
0.00550698
0.00493564
0.00436801
0.0038123
0.00327688
0.00276978
0.00229826
0.00186846
0.00148556
0.00115418
0.000878756
0.000663464
0.000510759
0.00041637
0.0102332
0.0100281
0.00977241
0.00945995
0.00909567
0.00868474
0.00823248
0.0077444
0.00722618
0.0066837
0.00612316
0.00555119
0.00497498
0.00440234
0.00384158
0.00330119
0.00278936
0.00231347
0.00187976
0.0014935
0.00115932
0.000881716
0.000664891
0.000511275
0.000416484
0.0101683
0.00996413
0.00970929
0.00939816
0.00903563
0.00862684
0.0081771
0.00769188
0.00717683
0.00663782
0.00608102
0.00551304
0.00494102
0.0043727
0.0038163
0.0032802
0.00277247
0.00230036
0.00187003
0.0014867
0.00115495
0.000879234
0.000663741
0.000510906
0.00041642
0.0102188
0.0100139
0.0097584
0.0094462
0.00908229
0.0086718
0.00822008
0.00773262
0.00721509
0.00667337
0.00611365
0.00554257
0.00496729
0.00439562
0.00383583
0.00329641
0.00278552
0.00231048
0.00187755
0.00149195
0.00115833
0.000881158
0.000664638
0.000511201
0.000416475
0.0101578
0.00995362
0.00969896
0.00938809
0.00902588
0.00861747
0.00816816
0.00768343
0.00716892
0.00663049
0.00607431
0.00550698
0.00493563
0.00436801
0.0038123
0.00327687
0.00276978
0.00229826
0.00186845
0.00148556
0.00115418
0.000878755
0.000663463
0.000510757
0.000416368
0.0101578
0.00995362
0.00969897
0.00938809
0.00902588
0.00861747
0.00816817
0.00768343
0.00716892
0.00663049
0.00607431
0.00550698
0.00493564
0.00436801
0.0038123
0.00327688
0.00276978
0.00229826
0.00186846
0.00148556
0.00115418
0.000878756
0.000663464
0.000510759
0.00041637
0.0102188
0.0100139
0.0097584
0.0094462
0.00908229
0.0086718
0.00822008
0.00773262
0.00721509
0.00667337
0.00611365
0.00554257
0.00496729
0.00439562
0.00383583
0.00329641
0.00278552
0.00231048
0.00187755
0.00149195
0.00115833
0.000881158
0.000664639
0.000511203
0.000416477
)
;

boundaryField
{
    outletCentralUnloaded
    {
        type            zeroGradient;
    }
    inletCentralUnloaded
    {
        type            zeroGradient;
    }
    outletFuelElement
    {
        type            zeroGradient;
    }
    inletFuelElement
    {
        type            zeroGradient;
    }
    defaultFaces
    {
        type            zeroGradient;
    }
    baffle_master
    {
        type            calculated;
        value           nonuniform List<scalar> 
150
(
0.000537541
0.000537541
0.000537541
0.000537498
0.000537498
0.000537498
0.000537457
0.000537457
0.000537457
0.000537417
0.000537417
0.000537417
0.000537377
0.000537377
0.000537377
0.000537338
0.000537338
0.000537338
0.000537298
0.000537298
0.000537298
0.000537258
0.000537258
0.000537258
0.000537217
0.000537217
0.000537217
0.000537174
0.000537174
0.000537174
0.000537132
0.000537132
0.000537132
0.000537088
0.000537088
0.000537088
0.000537046
0.000537046
0.000537046
0.000537005
0.000537005
0.000537005
0.000536968
0.000536968
0.000536968
0.000536938
0.000536938
0.000536938
0.000536917
0.000536917
0.000536917
0.000536913
0.000536913
0.000536913
0.000536931
0.000536931
0.000536931
0.000536986
0.000536986
0.000536986
0.000537093
0.000537093
0.000537093
0.000537282
0.000537282
0.000537282
0.000537594
0.000537594
0.000537594
0.000538094
0.000538094
0.000538094
0.000539517
0.000539517
0.000539517
0.000537541
0.000537541
0.000537541
0.000537498
0.000537498
0.000537498
0.000537457
0.000537457
0.000537457
0.000537417
0.000537417
0.000537417
0.000537377
0.000537377
0.000537377
0.000537338
0.000537338
0.000537338
0.000537298
0.000537298
0.000537298
0.000537258
0.000537258
0.000537258
0.000537217
0.000537217
0.000537217
0.000537174
0.000537174
0.000537174
0.000537132
0.000537132
0.000537132
0.000537088
0.000537088
0.000537088
0.000537046
0.000537046
0.000537046
0.000537005
0.000537005
0.000537005
0.000536968
0.000536968
0.000536968
0.000536938
0.000536938
0.000536938
0.000536917
0.000536917
0.000536917
0.000536913
0.000536913
0.000536913
0.000536931
0.000536931
0.000536931
0.000536986
0.000536986
0.000536986
0.000537093
0.000537093
0.000537093
0.000537282
0.000537282
0.000537282
0.000537594
0.000537594
0.000537594
0.000538094
0.000538094
0.000538094
0.000539517
0.000539517
0.000539517
)
;
    }
    baffle_slave
    {
        type            calculated;
        value           nonuniform List<scalar> 
150
(
0.0102332
0.0102188
0.0102188
0.0100281
0.0100139
0.0100139
0.00977241
0.0097584
0.0097584
0.00945995
0.0094462
0.0094462
0.00909567
0.00908229
0.00908229
0.00868474
0.0086718
0.0086718
0.00823248
0.00822008
0.00822008
0.0077444
0.00773262
0.00773262
0.00722618
0.00721509
0.00721509
0.0066837
0.00667337
0.00667337
0.00612316
0.00611365
0.00611365
0.00555119
0.00554257
0.00554257
0.00497498
0.00496729
0.00496729
0.00440234
0.00439562
0.00439562
0.00384158
0.00383583
0.00383583
0.00330119
0.00329641
0.00329641
0.00278936
0.00278552
0.00278552
0.00231347
0.00231048
0.00231048
0.00187976
0.00187755
0.00187755
0.0014935
0.00149195
0.00149195
0.00115932
0.00115833
0.00115833
0.000881716
0.000881158
0.000881158
0.000664891
0.000664638
0.000664639
0.000511275
0.000511201
0.000511203
0.000416484
0.000416475
0.000416477
0.0102188
0.0102332
0.0102188
0.0100139
0.0100281
0.0100139
0.0097584
0.00977241
0.0097584
0.0094462
0.00945995
0.0094462
0.00908229
0.00909567
0.00908229
0.0086718
0.00868474
0.0086718
0.00822008
0.00823248
0.00822008
0.00773262
0.0077444
0.00773262
0.00721509
0.00722618
0.00721509
0.00667337
0.0066837
0.00667337
0.00611365
0.00612316
0.00611365
0.00554257
0.00555119
0.00554257
0.00496729
0.00497498
0.00496729
0.00439562
0.00440234
0.00439562
0.00383583
0.00384158
0.00383583
0.00329641
0.00330119
0.00329641
0.00278552
0.00278936
0.00278552
0.00231048
0.00231347
0.00231048
0.00187755
0.00187976
0.00187755
0.00149195
0.0014935
0.00149195
0.00115833
0.00115932
0.00115833
0.000881158
0.000881716
0.000881158
0.000664638
0.000664891
0.000664638
0.000511201
0.000511275
0.000511201
0.000416475
0.000416484
0.000416475
)
;
    }
}


// ************************************************************************* //
