/*--------------------------------*- C++ -*----------------------------------*\
| =========                 |                                                 |
| \\      /  F ield         | OpenFOAM: The Open Source CFD Toolbox           |
|  \\    /   O peration     | Version:  2212                                  |
|   \\  /    A nd           | Website:  www.openfoam.com                      |
|    \\/     M anipulation  |                                                 |
\*---------------------------------------------------------------------------*/
FoamFile
{
    version     2.0;
    format      ascii;
    arch        "LSB;label=32;scalar=64";
    class       volScalarField;
    location    "31/fluidRegion";
    object      T;
}
// * * * * * * * * * * * * * * * * * * * * * * * * * * * * * * * * * * * * * //

dimensions      [0 0 0 1 0 0 0];

internalField   nonuniform List<scalar> 
350
(
83.2888
83.2892
83.2897
83.2902
83.2907
83.2912
83.2917
83.2921
83.2926
83.2931
83.2936
83.294
83.2945
83.295
83.2954
83.2959
83.2963
83.2968
83.2973
83.2978
83.2982
83.2987
83.2992
83.2996
83.3
83.2888
83.2892
83.2897
83.2902
83.2907
83.2912
83.2917
83.2921
83.2926
83.2931
83.2936
83.294
83.2945
83.295
83.2954
83.2959
83.2963
83.2968
83.2973
83.2978
83.2982
83.2987
83.2992
83.2996
83.3
1785.77
1781.17
1764.23
1735.17
1694.32
1642.17
1579.34
1506.56
1424.7
1334.77
1237.92
1135.46
1028.92
920.032
810.734
703.095
599.183
500.923
409.997
327.827
255.665
194.694
146.122
111.074
90.1889
1813.07
1808.73
1791.83
1762.58
1721.34
1668.58
1604.94
1531.17
1448.14
1356.86
1258.49
1154.36
1046.01
935.187
823.877
714.199
608.29
508.142
415.496
331.812
258.367
196.357
147
111.428
90.2642
1781.32
1776.71
1759.78
1730.76
1690
1637.96
1575.27
1502.67
1421.01
1331.31
1234.71
1132.53
1026.28
917.704
808.726
701.409
597.809
499.842
409.179
327.239
255.27
194.453
145.995
111.023
90.1769
1806.94
1802.52
1785.6
1756.38
1715.21
1662.58
1599.12
1525.56
1442.78
1351.8
1253.78
1150.02
1042.08
931.698
820.847
711.636
606.185
506.473
414.223
330.888
257.741
195.971
146.796
111.346
90.2469
1806.94
1802.52
1785.6
1756.38
1715.21
1662.58
1599.12
1525.56
1442.78
1351.8
1253.78
1150.02
1042.08
931.698
820.847
711.636
606.185
506.473
414.223
330.888
257.741
195.971
146.796
111.346
90.2469
1781.32
1776.71
1759.78
1730.77
1690
1637.96
1575.27
1502.67
1421.01
1331.31
1234.71
1132.53
1026.28
917.705
808.727
701.41
597.81
499.842
409.18
327.239
255.271
194.454
145.996
111.023
90.1769
1813.07
1808.73
1791.83
1762.58
1721.34
1668.58
1604.94
1531.17
1448.14
1356.86
1258.49
1154.36
1046.01
935.187
823.877
714.199
608.29
508.142
415.496
331.812
258.367
196.357
147
111.428
90.2642
1785.77
1781.17
1764.23
1735.17
1694.32
1642.17
1579.33
1506.55
1424.7
1334.77
1237.92
1135.46
1028.92
920.032
810.734
703.094
599.183
500.923
409.997
327.827
255.665
194.694
146.122
111.074
90.1889
1806.94
1802.52
1785.6
1756.38
1715.21
1662.58
1599.12
1525.56
1442.78
1351.8
1253.78
1150.02
1042.08
931.698
820.847
711.636
606.185
506.473
414.223
330.888
257.741
195.971
146.796
111.346
90.2469
1781.32
1776.71
1759.78
1730.76
1690
1637.96
1575.27
1502.67
1421.01
1331.31
1234.71
1132.53
1026.28
917.704
808.726
701.409
597.809
499.842
409.18
327.239
255.27
194.453
145.996
111.023
90.1769
1781.32
1776.71
1759.78
1730.77
1690
1637.96
1575.27
1502.67
1421.01
1331.31
1234.71
1132.53
1026.28
917.705
808.727
701.41
597.81
499.842
409.18
327.239
255.271
194.454
145.996
111.023
90.1769
1806.94
1802.52
1785.6
1756.37
1715.21
1662.58
1599.12
1525.56
1442.78
1351.8
1253.78
1150.02
1042.08
931.698
820.847
711.636
606.185
506.473
414.223
330.888
257.741
195.971
146.796
111.346
90.2469
)
;

boundaryField
{
    outletCentralUnloaded
    {
        type            zeroGradient;
    }
    inletCentralUnloaded
    {
        type            fixedValue;
        value           uniform 83.3;
    }
    outletFuelElement
    {
        type            zeroGradient;
    }
    inletFuelElement
    {
        type            fixedValue;
        value           uniform 83.3;
    }
    defaultFaces
    {
        type            zeroGradient;
    }
    baffle_master
    {
        type            zeroGradient;
    }
    baffle_slave
    {
        type            zeroGradient;
    }
}


// ************************************************************************* //
