/*--------------------------------*- C++ -*----------------------------------*\
| =========                 |                                                 |
| \\      /  F ield         | OpenFOAM: The Open Source CFD Toolbox           |
|  \\    /   O peration     | Version:  2212                                  |
|   \\  /    A nd           | Website:  www.openfoam.com                      |
|    \\/     M anipulation  |                                                 |
\*---------------------------------------------------------------------------*/
FoamFile
{
    version     2.0;
    format      ascii;
    arch        "LSB;label=32;scalar=64";
    class       volVectorField;
    location    "31/fluidRegion";
    object      U;
}
// * * * * * * * * * * * * * * * * * * * * * * * * * * * * * * * * * * * * * //

dimensions      [0 1 -1 0 0 0 0];

internalField   nonuniform List<vector> 
350
(
(7.56356e-08 4.36681e-08 -14.9659)
(9.1192e-08 5.26495e-08 -14.9647)
(7.20035e-08 4.15711e-08 -14.9636)
(4.28528e-08 2.4741e-08 -14.9626)
(9.87765e-09 5.70285e-09 -14.9616)
(-2.32723e-08 -1.34362e-08 -14.9606)
(-5.38226e-08 -3.10744e-08 -14.9596)
(-7.91664e-08 -4.57066e-08 -14.9586)
(-9.67448e-08 -5.58555e-08 -14.9575)
(-1.04477e-07 -6.03197e-08 -14.9563)
(-1.01143e-07 -5.83949e-08 -14.955)
(-8.67889e-08 -5.01074e-08 -14.9537)
(-6.30529e-08 -3.64035e-08 -14.9523)
(-3.31853e-08 -1.91595e-08 -14.9508)
(-1.37936e-09 -7.96371e-10 -14.9494)
(2.83217e-08 1.63515e-08 -14.9479)
(5.30919e-08 3.06525e-08 -14.9464)
(7.17545e-08 4.14274e-08 -14.945)
(8.44336e-08 4.87476e-08 -14.9437)
(9.18309e-08 5.30184e-08 -14.9424)
(9.4406e-08 5.45052e-08 -14.9411)
(9.23956e-08 5.33445e-08 -14.94)
(7.8686e-08 4.54292e-08 -14.9389)
(5.96566e-09 3.44427e-09 -14.9379)
(-1.51917e-07 -8.77088e-08 -14.9687)
(7.56356e-08 4.36681e-08 -14.9659)
(9.1192e-08 5.26495e-08 -14.9647)
(7.20035e-08 4.15711e-08 -14.9636)
(4.28528e-08 2.4741e-08 -14.9626)
(9.87765e-09 5.70285e-09 -14.9616)
(-2.32723e-08 -1.34362e-08 -14.9606)
(-5.38226e-08 -3.10744e-08 -14.9596)
(-7.91664e-08 -4.57066e-08 -14.9586)
(-9.67448e-08 -5.58555e-08 -14.9575)
(-1.04477e-07 -6.03197e-08 -14.9563)
(-1.01143e-07 -5.83949e-08 -14.955)
(-8.67889e-08 -5.01074e-08 -14.9537)
(-6.30529e-08 -3.64035e-08 -14.9523)
(-3.31853e-08 -1.91595e-08 -14.9508)
(-1.37936e-09 -7.96371e-10 -14.9494)
(2.83217e-08 1.63515e-08 -14.9479)
(5.30919e-08 3.06525e-08 -14.9464)
(7.17545e-08 4.14274e-08 -14.945)
(8.44336e-08 4.87476e-08 -14.9437)
(9.18309e-08 5.30184e-08 -14.9424)
(9.4406e-08 5.45052e-08 -14.9411)
(9.23956e-08 5.33445e-08 -14.94)
(7.8686e-08 4.54292e-08 -14.9389)
(5.96566e-09 3.44427e-09 -14.9379)
(-1.51917e-07 -8.77088e-08 -14.9687)
(-0.0018904 -0.00109142 -413.281)
(-0.00095394 -0.000550757 -405.905)
(-0.00104566 -0.000603711 -396.486)
(-0.000940314 -0.00054289 -384.728)
(-0.000850533 -0.000491055 -370.82)
(-0.000766506 -0.000442542 -354.964)
(-0.000687825 -0.000397116 -337.367)
(-0.000610223 -0.000352312 -318.243)
(-0.000525749 -0.000303541 -297.812)
(-0.000421279 -0.000243225 -276.303)
(-0.000281588 -0.000162575 -253.956)
(-9.14898e-05 -5.28216e-05 -231.027)
(0.00015019 8.67122e-05 -207.801)
(0.000424675 0.000245186 -184.587)
(0.000700098 0.000404201 -161.722)
(0.000931703 0.000537919 -139.556)
(0.00108564 0.000626796 -118.43)
(0.00115444 0.000666517 -98.6548)
(0.0011573 0.000668166 -80.494)
(0.00112658 0.000650432 -64.1677)
(0.00109019 0.000629422 -49.868)
(0.00105355 0.000608268 -37.7828)
(0.00100076 0.000577791 -28.1176)
(0.000865904 0.000499929 -21.0892)
(0.000816624 0.000471478 -16.6306)
(-0.00181962 -0.00106467 -415.911)
(-0.000695934 -0.000399298 -408.499)
(-0.000801434 -0.000466795 -399.054)
(-0.000727361 -0.000427565 -387.248)
(-0.000664674 -0.000394182 -373.275)
(-0.000606469 -0.000360636 -357.337)
(-0.000552038 -0.000328575 -339.643)
(-0.000497934 -0.000295986 -320.409)
(-0.000438446 -0.00026022 -299.854)
(-0.000363997 -0.000215371 -278.209)
(-0.000264471 -0.000156055 -255.713)
(-0.000128223 -7.54041e-05 -232.626)
(4.43445e-05 2.63625e-05 -209.231)
(0.000234975 0.000138932 -185.842)
(0.000424972 0.000251218 -162.799)
(0.000582753 0.000345218 -140.455)
(0.000685918 0.000407833 -119.159)
(0.000730388 0.000437006 -99.2253)
(0.000729754 0.000440808 -80.9212)
(0.00070667 0.000431977 -64.4699)
(0.000680278 0.000421994 -50.0652)
(0.000657005 0.000412924 -37.8966)
(0.000629526 0.000403393 -28.171)
(0.00056985 0.00036922 -21.1057)
(0.00059048 0.000371646 -16.6326)
(-0.000849991 -0.000672035 -412.859)
(-0.000519484 -0.000996736 -405.482)
(-0.000510292 -0.000949907 -396.07)
(-0.000462322 -0.000835599 -384.321)
(-0.000417557 -0.00073488 -370.425)
(-0.000376605 -0.000641627 -354.583)
(-0.000337921 -0.000554379 -337.002)
(-0.000298405 -0.000469155 -317.897)
(-0.000252575 -0.000376322 -297.487)
(-0.000192441 -0.00026196 -276.001)
(-0.000109834 -0.000107288 -253.677)
(2.1461e-06 0.000101126 -230.775)
(0.000142484 0.000366936 -207.575)
(0.000292534 0.000677824 -184.389)
(0.000437203 0.000989783 -161.552)
(0.000551184 0.00125256 -139.414)
(0.000619276 0.00142664 -118.315)
(0.000641353 0.0015026 -98.5639)
(0.000630429 0.00150292 -80.4251)
(0.000604468 0.00146437 -64.1178)
(0.000576338 0.00141769 -49.8339)
(0.000550007 0.00136356 -37.7612)
(0.000509031 0.00126749 -28.105)
(0.000442049 0.00102606 -21.0825)
(0.000382019 0.00080937 -16.6284)
(-0.000966552 -0.000558037 -415.325)
(-0.00095046 -0.000548746 -407.921)
(-0.000916035 -0.000528872 -398.48)
(-0.000814392 -0.000470188 -386.684)
(-0.00072339 -0.000417648 -372.724)
(-0.000639418 -0.000369167 -356.804)
(-0.000560519 -0.000323615 -339.131)
(-0.000482429 -0.00027853 -319.92)
(-0.000395516 -0.000228351 -299.393)
(-0.000286028 -0.000165138 -277.778)
(-0.000137217 -7.9222e-05 -255.315)
(6.37012e-05 3.67778e-05 -232.263)
(0.000318415 0.000183836 -208.906)
(0.000607311 0.00035063 -185.556)
(0.000893527 0.000515877 -162.553)
(0.00112969 0.000652227 -140.25)
(0.0012815 0.000739875 -118.993)
(0.00134298 0.000775368 -99.0951)
(0.00133655 0.000771656 -80.8237)
(0.0012964 0.000748474 -64.401)
(0.0012498 0.00072157 -50.0204)
(0.00119981 0.000692706 -37.871)
(0.00111467 0.000643553 -28.1593)
(0.0009222 0.000532431 -21.1024)
(0.000749535 0.000432743 -16.6324)
(0.000948336 0.000547521 -415.325)
(0.000950795 0.000548941 -407.921)
(0.000914178 0.0005278 -398.48)
(0.000812902 0.000469328 -386.684)
(0.000721631 0.000416633 -372.724)
(0.000637561 0.000368095 -356.804)
(0.000558847 0.00032265 -339.131)
(0.000480634 0.000277494 -319.92)
(0.0003938 0.00022736 -299.393)
(0.00028458 0.000164302 -277.778)
(0.000135838 7.84259e-05 -255.315)
(-6.51478e-05 -3.7613e-05 -232.263)
(-0.000319617 -0.000184531 -208.906)
(-0.000608105 -0.000351089 -185.556)
(-0.000893463 -0.00051584 -162.553)
(-0.00112841 -0.000651483 -140.25)
(-0.00127893 -0.00073839 -118.993)
(-0.00133924 -0.00077321 -99.0951)
(-0.00133119 -0.000768561 -80.8237)
(-0.00128932 -0.000744386 -64.401)
(-0.00124086 -0.000716411 -50.0204)
(-0.0011887 -0.000686294 -37.871)
(-0.00110025 -0.00063523 -28.1593)
(-0.000907513 -0.000523952 -21.1024)
(-0.000734278 -0.000423934 -16.6324)
(0.000993618 0.000408495 -412.859)
(0.00112308 -4.81537e-05 -405.482)
(0.0010768 -3.39789e-05 -396.07)
(0.000954393 -1.96324e-05 -384.321)
(0.000845122 -9.65812e-06 -370.425)
(0.000743832 1.61768e-06 -354.583)
(0.000649118 1.13615e-05 -337.003)
(0.000555362 2.0172e-05 -317.897)
(0.00045213 2.67418e-05 -297.488)
(0.000322948 3.24813e-05 -276.001)
(0.000147764 3.80902e-05 -253.678)
(-8.88836e-05 4.55558e-05 -230.775)
(-0.000389048 5.665e-05 -207.575)
(-0.000733117 8.21366e-05 -184.389)
(-0.00107512 0.000112628 -161.552)
(-0.00135906 0.000145357 -139.414)
(-0.00154308 0.000173023 -118.315)
(-0.00161913 0.000191529 -98.5639)
(-0.00161289 0.00020089 -80.4251)
(-0.0015655 0.000204374 -64.1178)
(-0.00150969 0.000205442 -49.8339)
(-0.00144827 0.000201808 -37.7612)
(-0.00134276 0.000191177 -28.105)
(-0.00110005 0.000129621 -21.0824)
(-0.000881287 7.20524e-05 -16.6284)
(0.0018196 0.00106744 -415.911)
(0.000695305 0.000402979 -408.499)
(0.000802728 0.000461145 -399.054)
(0.000731068 0.000414885 -387.248)
(0.000669901 0.000375628 -373.275)
(0.000612035 0.000342136 -357.337)
(0.000557176 0.00031043 -339.643)
(0.000502437 0.000280385 -320.409)
(0.000442108 0.000246406 -299.854)
(0.000366893 0.000204814 -278.209)
(0.000266331 0.000147808 -255.713)
(0.000128985 7.0469e-05 -232.626)
(-4.43217e-05 -2.89554e-05 -209.231)
(-0.000235692 -0.000138425 -185.842)
(-0.000426061 -0.000248211 -162.799)
(-0.000583669 -0.000339443 -140.455)
(-0.000686171 -0.000400039 -119.159)
(-0.000729169 -0.000426922 -99.2253)
(-0.000725735 -0.000428518 -80.9212)
(-0.000697797 -0.000417411 -64.4699)
(-0.000663886 -0.000405798 -50.0652)
(-0.000631166 -0.000396294 -37.8966)
(-0.00059171 -0.000383305 -28.171)
(-0.000524765 -0.000349813 -21.1057)
(-0.000533904 -0.000367707 -16.6326)
(0.00189135 0.00109197 -413.281)
(0.000954794 0.00055125 -405.905)
(0.00104465 0.00060313 -396.486)
(0.000938415 0.000541794 -384.728)
(0.000847693 0.000489415 -370.82)
(0.000763885 0.000441029 -354.964)
(0.000685093 0.000395538 -337.367)
(0.000607958 0.000351004 -318.243)
(0.000523596 0.000302298 -297.812)
(0.000419703 0.000242316 -276.303)
(0.000280172 0.000161757 -253.956)
(9.05557e-05 5.22823e-05 -231.027)
(-0.000150797 -8.70628e-05 -207.801)
(-0.000424726 -0.000245216 -184.587)
(-0.000699621 -0.000403926 -161.722)
(-0.000930369 -0.000537149 -139.556)
(-0.00108345 -0.000625528 -118.43)
(-0.00115088 -0.000664462 -98.6548)
(-0.0011518 -0.000664992 -80.494)
(-0.00111811 -0.000645539 -64.1677)
(-0.00107756 -0.000622131 -49.868)
(-0.00103614 -0.000598215 -37.7828)
(-0.000976183 -0.000563599 -28.1177)
(-0.000837573 -0.000483573 -21.0892)
(-0.000786274 -0.000453955 -16.6306)
(0.000966505 0.00055801 -415.325)
(0.000949915 0.000548432 -407.921)
(0.000915508 0.000528567 -398.48)
(0.000813775 0.000469832 -386.684)
(0.000722325 0.000417033 -372.724)
(0.000638153 0.000368437 -356.804)
(0.000559127 0.000322811 -339.131)
(0.000480829 0.000277606 -319.92)
(0.000393648 0.000227272 -299.393)
(0.000284181 0.000164071 -277.778)
(0.000134902 7.78856e-05 -255.315)
(-6.62752e-05 -3.82639e-05 -232.263)
(-0.000321709 -0.000185738 -208.906)
(-0.000611287 -0.000352926 -185.556)
(-0.000898231 -0.000518593 -162.553)
(-0.00113532 -0.000655476 -140.25)
(-0.00128882 -0.000744096 -118.993)
(-0.00135308 -0.000781201 -99.0951)
(-0.00135074 -0.000779846 -80.8237)
(-0.00131642 -0.000760035 -64.401)
(-0.00127889 -0.000738366 -50.0204)
(-0.00123909 -0.000715385 -37.871)
(-0.00116616 -0.000673279 -28.1593)
(-0.000981479 -0.000566656 -21.1024)
(-0.000812434 -0.000469058 -16.6324)
(0.000849783 0.000672688 -412.859)
(0.00051875 0.000997611 -405.482)
(0.000511317 0.000948567 -396.07)
(0.000465297 0.000832092 -384.321)
(0.000421541 0.000729827 -370.425)
(0.000380702 0.000636409 -354.583)
(0.000341566 0.000549353 -337.002)
(0.000301361 0.00046476 -317.897)
(0.000254675 0.000372487 -297.487)
(0.000193835 0.000258871 -276.001)
(0.000110169 0.00010487 -253.677)
(-2.94829e-06 -0.000102575 -230.775)
(-0.000144293 -0.000367941 -207.575)
(-0.000295351 -0.00067827 -184.389)
(-0.000440782 -0.000990056 -161.552)
(-0.000555239 -0.00125304 -139.414)
(-0.000623854 -0.00142798 -118.315)
(-0.000646502 -0.00150552 -98.5639)
(-0.000636026 -0.00150882 -80.4251)
(-0.000610217 -0.00147506 -64.1179)
(-0.000582511 -0.00143588 -49.8339)
(-0.000556328 -0.00139105 -37.7612)
(-0.000516005 -0.00130601 -28.105)
(-0.000450494 -0.00107167 -21.0825)
(-0.000386299 -0.00086335 -16.6284)
(-0.000993666 -0.000406511 -412.859)
(-0.00112338 5.07285e-05 -405.482)
(-0.00107742 2.91564e-05 -396.07)
(-0.000954885 9.7515e-06 -384.321)
(-0.000845819 -4.96172e-06 -370.425)
(-0.000744326 -1.60329e-05 -354.583)
(-0.0006498 -2.57373e-05 -337.003)
(-0.000555943 -3.26063e-05 -317.897)
(-0.000452936 -3.80882e-05 -297.488)
(-0.000323649 -4.12219e-05 -276.001)
(-0.000148715 -4.53476e-05 -253.678)
(8.78705e-05 -5.05295e-05 -230.775)
(0.000387745 -6.00483e-05 -207.575)
(0.00073171 -8.32082e-05 -184.389)
(0.00107347 -0.000111736 -161.552)
(0.00135736 -0.000141898 -139.414)
(0.00154111 -0.000167525 -118.315)
(0.00161706 -0.000183394 -98.5639)
(0.0016108 -0.000189467 -80.4251)
(0.00156397 -0.000188444 -64.1178)
(0.00150929 -0.000184319 -49.8339)
(0.00145033 -0.000175061 -37.7612)
(0.00134849 -0.000155118 -28.105)
(0.0011097 -8.99459e-05 -21.0824)
(0.00089516 -4.12586e-05 -16.6284)
(-0.000948203 -0.000547444 -415.325)
(-0.000951025 -0.000549073 -407.921)
(-0.000916257 -0.000529 -398.48)
(-0.000816129 -0.000471191 -386.684)
(-0.000726346 -0.000419355 -372.724)
(-0.000642221 -0.000370785 -356.804)
(-0.000563615 -0.000325403 -339.131)
(-0.00048499 -0.000280008 -319.92)
(-0.000398144 -0.000229868 -299.393)
(-0.000288177 -0.000166378 -277.778)
(-0.000139483 -8.05304e-05 -255.315)
(6.18869e-05 3.57303e-05 -232.263)
(0.000316151 0.000182529 -208.906)
(0.000604745 0.000349149 -185.556)
(0.000890039 0.000513863 -162.553)
(0.00112508 0.000649563 -140.25)
(0.00127507 0.000736159 -118.993)
(0.0013345 0.00077047 -99.0951)
(0.00132528 0.000765149 -80.8237)
(0.00128224 0.000740297 -64.401)
(0.00123187 0.000711217 -50.0204)
(0.00117887 0.00068062 -37.871)
(0.00109091 0.000629837 -28.1593)
(0.000899959 0.00051959 -21.1024)
(0.000727032 0.000419751 -16.6324)
)
;

boundaryField
{
    outletCentralUnloaded
    {
        type            zeroGradient;
    }
    inletCentralUnloaded
    {
        type            fixedValue;
        value           uniform (0 0 -15);
    }
    outletFuelElement
    {
        type            zeroGradient;
    }
    inletFuelElement
    {
        type            fixedValue;
        value           uniform (0 0 -15);
    }
    defaultFaces
    {
        type            slip;
    }
    baffle_master
    {
        type            slip;
    }
    baffle_slave
    {
        type            slip;
    }
}


// ************************************************************************* //
