/*--------------------------------*- C++ -*----------------------------------*\
| =========                 |                                                 |
| \\      /  F ield         | OpenFOAM: The Open Source CFD Toolbox           |
|  \\    /   O peration     | Version:  2212                                  |
|   \\  /    A nd           | Website:  www.openfoam.com                      |
|    \\/     M anipulation  |                                                 |
\*---------------------------------------------------------------------------*/
FoamFile
{
    version     2.0;
    format      ascii;
    arch        "LSB;label=32;scalar=64";
    class       surfaceScalarField;
    location    "80/fluidRegion";
    object      alphaRhoPhi;
}
// * * * * * * * * * * * * * * * * * * * * * * * * * * * * * * * * * * * * * //

dimensions      [1 0 -1 0 0 0 0];

oriented        oriented;

internalField   nonuniform List<scalar> 
661
(
-0.00584992
3.98872e-12
-0.0058499
5.11135e-12
-0.00584989
4.2327e-12
-0.00584987
2.4507e-12
-0.00584984
1.06374e-13
-0.00584979
-2.50762e-12
-0.00584974
-4.53565e-12
-0.00584968
-4.91068e-12
-0.00584961
-3.18721e-12
-0.00584954
6.10648e-14
-0.00584948
3.38521e-12
-0.00584943
5.13524e-12
-0.00584941
4.16413e-12
-0.0058494
2.36011e-13
-0.00584941
-5.43367e-12
-0.00584942
-1.07033e-11
-0.00584942
-1.32784e-11
-0.00584941
-1.16735e-11
-0.0058494
-6.03847e-12
-0.00584939
1.92312e-12
-0.0058494
9.51513e-12
-0.00584943
1.42921e-11
-0.00584949
1.43386e-11
-0.00584956
6.07666e-12
-7.63084e-12
-0.00584992
-0.0058499
-0.00584989
-0.00584987
-0.00584984
-0.00584979
-0.00584974
-0.00584968
-0.00584961
-0.00584954
-0.00584948
-0.00584943
-0.00584941
-0.0058494
-0.00584941
-0.00584942
-0.00584942
-0.00584941
-0.0058494
-0.00584939
-0.0058494
-0.00584943
-0.00584949
-0.00584956
-0.00939702
6.46054e-07
-0.00939725
3.1252e-07
-0.00939751
3.47009e-07
-0.00939776
3.22148e-07
-0.00939799
3.02833e-07
-0.0093982
2.85911e-07
-0.00939841
2.71095e-07
-0.0093986
2.5677e-07
-0.00939877
2.38982e-07
-0.00939893
2.10045e-07
-0.00939905
1.57725e-07
-0.0093991
6.49951e-08
-0.00939902
-8.54218e-08
-0.00939876
-3.01228e-07
-0.00939826
-5.82938e-07
-0.00939745
-9.12021e-07
-0.00939631
-1.26259e-06
-0.00939483
-1.61826e-06
-0.00939299
-1.99067e-06
-0.00939072
-2.42985e-06
-0.00938786
-3.02685e-06
-0.00938416
-3.87723e-06
-0.00937931
-5.01001e-06
-0.00937357
-5.89828e-06
-7.20912e-06
-0.00931276
-1.67733e-08
-1.76431e-08
-0.00931232
-7.962e-08
-8.3356e-08
-0.00931184
-7.71974e-08
-8.11292e-08
-0.0093114
-6.85006e-08
-7.27918e-08
-0.009311
-6.11386e-08
-6.58154e-08
-0.00931063
-5.42477e-08
-5.94315e-08
-0.00931028
-4.77554e-08
-5.35819e-08
-0.00930995
-4.12067e-08
-4.78035e-08
-0.00930966
-3.34861e-08
-4.10671e-08
-0.00930941
-2.23837e-08
-3.1208e-08
-0.00930925
-4.12435e-09
-1.45055e-08
-0.00930923
2.63898e-08
1.39866e-08
-0.00930944
7.38172e-08
5.87414e-08
-0.00931
1.45677e-07
1.2699e-07
-0.00931101
2.4009e-07
2.16485e-07
-0.00931256
3.53022e-07
3.22746e-07
-0.0093147
4.76959e-07
4.37441e-07
-0.00931744
6.07036e-07
5.54931e-07
-0.00932082
7.48076e-07
6.78398e-07
-0.00932496
9.17408e-07
8.24689e-07
-0.00933013
1.14734e-06
1.0233e-06
-0.00933677
1.46325e-06
1.3034e-06
-0.00934528
1.84868e-06
1.64833e-06
-0.00935494
1.98961e-06
1.77745e-06
1.9375e-06
1.78944e-06
-0.00941082
3.19343e-07
-0.00941115
3.07186e-07
-0.00941147
3.03198e-07
-0.00941176
2.78681e-07
-0.00941203
2.5767e-07
-0.00941227
2.38845e-07
-0.0094125
2.21616e-07
-0.0094127
2.04038e-07
-0.00941288
1.81508e-07
-0.00941302
1.45432e-07
-0.00941309
8.22156e-08
-0.00941305
-2.54368e-08
-0.00941282
-1.95428e-07
-0.00941231
-4.37475e-07
-0.00941143
-7.49398e-07
-0.00941011
-1.11112e-06
-0.00940829
-1.49585e-06
-0.00940598
-1.88863e-06
-0.00940312
-2.30588e-06
-0.00939961
-2.80484e-06
-0.00939521
-3.4822e-06
-0.00938957
-4.43334e-06
-0.00938238
-5.60246e-06
-0.00937435
-6.31261e-06
-6.59878e-06
-0.00933166
2.6117e-09
-0.00933139
1.28385e-09
-0.00933112
1.43479e-09
-0.00933088
1.42301e-09
-0.00933065
1.45312e-09
-0.00933045
1.44906e-09
-0.00933026
1.37021e-09
-0.00933008
1.27576e-09
-0.00932993
1.09506e-09
-0.0093298
7.85678e-10
-0.00932973
3.82136e-10
-0.00932976
-1.91349e-10
-0.00932994
-1.02982e-09
-0.00933035
-2.23303e-09
-0.00933105
-3.96839e-09
-0.00933209
-6.39109e-09
-0.00933351
-9.6017e-09
-0.00933531
-1.36733e-08
-0.00933752
-1.89649e-08
-0.00934022
-2.53911e-08
-0.00934359
-3.28454e-08
-0.0093479
-4.10733e-08
-0.00935336
-4.94247e-08
-0.00935953
-5.01439e-08
-4.30962e-08
-0.00933167
-3.13645e-07
-0.0093314
-3.04445e-07
-0.00933113
-2.99992e-07
-0.00933089
-2.75423e-07
-0.00933067
-2.54276e-07
-0.00933046
-2.35369e-07
-0.00933027
-2.18142e-07
-0.00933009
-2.00579e-07
-0.00932994
-1.78179e-07
-0.00932981
-1.42382e-07
-0.00932975
-7.95486e-08
-0.00932977
2.74978e-08
-0.00932995
1.96528e-07
-0.00933036
4.37078e-07
-0.00933106
7.46722e-07
-0.0093321
1.10512e-06
-0.00933352
1.48523e-06
-0.00933532
1.87175e-06
-0.00933754
2.2801e-06
-0.00934024
2.76697e-06
-0.0093436
3.42777e-06
-0.00934791
4.35709e-06
-0.00935337
5.49721e-06
-0.00935954
6.19157e-06
6.47847e-06
-0.00941083
1.56522e-08
-0.00941115
8.0909e-08
-0.00941147
7.84445e-08
-0.00941177
6.99102e-08
-0.00941203
6.27815e-08
-0.00941228
5.61784e-08
-0.0094125
5.0042e-08
-0.0094127
4.39672e-08
-0.00941288
3.68326e-08
-0.00941302
2.64707e-08
-0.00941309
9.20389e-09
-0.00941305
-2.00097e-08
-0.00941282
-6.57018e-08
-0.00941231
-1.35342e-07
-0.00941143
-2.26896e-07
-0.0094101
-3.36174e-07
-0.00940829
-4.55398e-07
-0.00940597
-5.79598e-07
-0.00940311
-7.13644e-07
-0.00939959
-8.7535e-07
-0.0093952
-1.09715e-06
-0.00938955
-1.40725e-06
-0.00938236
-1.79165e-06
-0.00937433
-1.93956e-06
-1.90611e-06
-0.00931276
-6.45871e-07
-1.99559e-08
-0.00931232
-3.12154e-07
-8.37373e-08
-0.00931184
-3.46619e-07
-8.16679e-08
-0.0093114
-3.21742e-07
-7.32525e-08
-0.009311
-3.02367e-07
-6.62277e-08
-0.00931063
-2.85398e-07
-5.97376e-08
-0.00931028
-2.70544e-07
-5.36963e-08
-0.00930995
-2.56163e-07
-4.76745e-08
-0.00930966
-2.38348e-07
-4.05613e-08
-0.00930941
-2.09409e-07
-3.0154e-08
-0.00930925
-1.57078e-07
-1.27148e-08
-0.00930923
-6.43789e-08
1.68055e-08
-0.00930944
8.58749e-08
6.31278e-08
-0.00931
3.01239e-07
1.33732e-07
-0.00931101
5.81955e-07
2.26861e-07
-0.00931256
9.09078e-07
3.38745e-07
-0.0093147
1.25593e-06
4.62303e-07
-0.00931744
1.60463e-06
5.93812e-07
-0.00932082
1.9635e-06
7.40455e-07
-0.00932496
2.37736e-06
9.24094e-07
-0.00933013
2.927e-06
1.18399e-06
-0.00933677
3.69876e-06
1.55329e-06
-0.00934528
4.70523e-06
2.02044e-06
-0.00935494
5.47082e-06
2.24436e-06
6.72325e-06
2.24788e-06
-0.00939702
-0.00939725
-0.00939751
-0.00939776
-0.00939799
-0.0093982
-0.00939841
-0.0093986
-0.00939877
-0.00939893
-0.00939905
-0.0093991
-0.00939902
-0.00939876
-0.00939826
-0.00939745
-0.00939631
-0.00939483
-0.00939299
-0.00939072
-0.00938786
-0.00938416
-0.00937931
-0.00937357
-0.00933166
-3.15162e-07
-3.78703e-11
-0.00933139
-3.02075e-07
-2.0043e-09
-0.00933112
-2.97722e-07
-2.0741e-09
-0.00933088
-2.72875e-07
-2.27152e-09
-0.00933065
-2.51427e-07
-2.54769e-09
-0.00933045
-2.32117e-07
-2.88541e-09
-0.00933026
-2.14366e-07
-3.28782e-09
-0.00933008
-1.96152e-07
-3.82255e-09
-0.00932993
-1.72902e-07
-4.48746e-09
-0.0093298
-1.35992e-07
-5.31916e-09
-0.00932973
-7.17443e-08
-6.46927e-09
-0.00932976
3.71948e-08
-7.98117e-09
-0.00932994
2.0881e-07
-1.01204e-08
-0.00933035
4.52961e-07
-1.30619e-08
-0.00933105
7.67765e-07
-1.7252e-08
-0.00933209
1.13369e-06
-2.33624e-08
-0.00933351
1.52528e-06
-3.27403e-08
-0.00933531
1.92959e-06
-4.73201e-08
-0.00933752
2.36709e-06
-7.06743e-08
-0.00934022
2.90123e-06
-1.07548e-07
-0.00934359
3.64274e-06
-1.67836e-07
-0.00934789
4.69564e-06
-2.5412e-07
-0.00935336
6.01439e-06
-3.7121e-07
-0.00935953
6.87344e-06
-4.63379e-07
7.16787e-06
-4.55462e-07
-0.00941082
-0.00941115
-0.00941147
-0.00941176
-0.00941203
-0.00941227
-0.0094125
-0.0094127
-0.00941288
-0.00941302
-0.00941309
-0.00941305
-0.00941282
-0.00941231
-0.00941143
-0.00941011
-0.00940829
-0.00940598
-0.00940311
-0.0093996
-0.0093952
-0.00938956
-0.00938238
-0.00937435
-0.00941083
3.15091e-07
-0.00941115
3.06037e-07
-0.00941147
3.01633e-07
-0.00941177
2.77141e-07
-0.00941203
2.56177e-07
-0.00941228
2.37443e-07
-0.0094125
2.20374e-07
-0.0094127
2.0305e-07
-0.00941288
1.80889e-07
-0.00941302
1.45327e-07
-0.00941309
8.28527e-08
-0.00941305
-2.37297e-08
-0.00941282
-1.92113e-07
-0.00941231
-4.31949e-07
-0.00941143
-7.40827e-07
-0.0094101
-1.09845e-06
-0.00940829
-1.47787e-06
-0.00940597
-1.8644e-06
-0.00940311
-2.27546e-06
-0.0093996
-2.77127e-06
-0.0093952
-3.45464e-06
-0.00938955
-4.43274e-06
-0.00938237
-5.66293e-06
-0.00937433
-6.46298e-06
-6.81952e-06
-0.00933167
-0.0093314
-0.00933113
-0.00933089
-0.00933067
-0.00933046
-0.00933027
-0.00933009
-0.00932994
-0.00932981
-0.00932975
-0.00932977
-0.00932995
-0.00933036
-0.00933106
-0.0093321
-0.00933352
-0.00933533
-0.00933754
-0.00934024
-0.00934361
-0.00934791
-0.00935338
-0.00935955
)
;

boundaryField
{
    outletCentralUnloaded
    {
        type            calculated;
        value           nonuniform List<scalar> 2(0.00584992 0.00584992);
    }
    inletCentralUnloaded
    {
        type            calculated;
        value           nonuniform List<scalar> 2(-0.0058737 -0.0058737);
    }
    outletFuelElement
    {
        type            calculated;
        value           nonuniform List<scalar> 
12
(
0.00939644
0.00931342
0.00941055
0.00933194
0.00933195
0.00941056
0.00931342
0.00939644
0.00933194
0.00941055
0.00941056
0.00933195
)
;
    }
    inletFuelElement
    {
        type            calculated;
        value           nonuniform List<scalar> 
12
(
-0.00953894
-0.00953894
-0.00953893
-0.00953893
-0.00953894
-0.00953894
-0.00953894
-0.00953894
-0.00953893
-0.00953893
-0.00953894
-0.00953894
)
;
    }
    defaultFaces
    {
        type            calculated;
        value           nonuniform List<scalar> 
450
(
1.76037e-23
-1.15133e-23
0
9.52819e-24
-5.50254e-24
0
2.93211e-24
1.07201e-23
0
-2.14102e-23
-6.88974e-24
0
-6.42631e-24
-1.92686e-23
0
-1.83993e-23
-8.83409e-24
0
-2.05587e-23
-6.7129e-24
0
-1.81838e-23
-1.06666e-23
0
-1.44791e-23
-7.88296e-25
0
-1.75326e-23
-9.5886e-24
0
-1.05105e-23
-3.8116e-24
0
-4.09962e-24
-1.25602e-24
0
5.74433e-24
2.64072e-24
0
1.93459e-23
9.65466e-24
0
3.78206e-23
1.07982e-23
0
5.53302e-23
3.76568e-23
0
6.23097e-23
-1.04098e-23
0
1.06061e-22
4.12954e-23
0
7.80557e-23
-1.16666e-22
0
-6.0999e-23
-1.17872e-22
0
-1.32245e-22
-4.69311e-23
0
1.3804e-22
-7.71952e-23
0
-9.62994e-23
7.3094e-23
0
-2.38364e-22
-1.03935e-22
0
-2.04205e-22
-2.34276e-22
0
1.01801e-23
0
1.13091e-23
0
0
0
7.97181e-24
0
-2.06956e-24
0
6.49111e-24
0
4.55618e-24
0
7.24902e-24
0
0
0
6.96344e-24
0
2.08401e-24
0
-8.33183e-25
0
-3.70568e-24
0
-4.17202e-24
0
-1.90483e-23
0
-4.41482e-23
0
7.80326e-23
0
-9.36657e-23
0
0
0
-9.59936e-23
0
-1.236e-22
0
2.45331e-22
0
1.66038e-22
0
-1.50002e-22
0
-9.60939e-23
0
0
-3.71523e-24
0
-3.92735e-24
0
-4.26291e-24
4.48784e-24
0
7.63232e-24
0
0
0
7.2985e-24
0
1.87656e-23
2.17551e-23
-7.69477e-23
0
-7.55817e-23
9.49194e-23
0
-2.43345e-22
-1.10036e-22
0
-9.59997e-23
0
0
0
0
0
0
0
0
0
0
0
0
0
0
0
0
0
0
0
0
0
0
0
0
0
-4.6273e-24
1.11055e-23
0
7.53938e-24
7.72745e-24
1.15912e-23
-5.97886e-24
-5.97886e-24
1.03478e-23
-8.27825e-24
-6.49111e-24
-6.49111e-24
-4.55617e-24
-4.55617e-24
-7.24901e-24
-4.83267e-24
1.29164e-23
-2.58328e-24
-2.78537e-24
-4.17806e-24
-1.51564e-24
-1.51564e-24
2.49955e-24
1.45807e-24
5.55851e-24
5.55851e-24
1.2516e-23
1.66881e-23
1.90483e-23
2.38104e-23
4.41481e-23
3.31111e-23
-6.50271e-23
7.80325e-23
6.24437e-23
3.12218e-23
-1.53045e-22
1.14784e-22
-9.59935e-23
-9.59935e-23
0
-9.26996e-23
-2.45331e-22
2.45331e-22
-1.66038e-22
-2.21384e-22
-7.50012e-23
-1.87503e-22
-2.88282e-22
-2.40235e-22
2.03469e-23
0
0
8.09336e-25
0
-3.76017e-24
1.54175e-23
0
-3.08313e-23
-2.65568e-23
0
3.97573e-24
1.20996e-23
0
0
-2.49031e-23
0
8.63252e-24
-2.84836e-23
0
4.5444e-24
-2.59985e-23
0
9.64029e-24
-1.23122e-23
0
-1.03063e-23
-2.00638e-23
0
5.55626e-24
-1.0799e-23
0
3.0234e-24
-4.6499e-24
0
1.66205e-24
6.8047e-24
-0
-1.84807e-24
2.44806e-23
-0
-8.32286e-24
5.43028e-23
-0
-9.50049e-24
8.82654e-23
-0
-2.2021e-23
8.13538e-23
-0
-2.5951e-23
1.69937e-22
-0
0
6.48394e-23
-0
-3.81843e-23
-3.00574e-23
-0
0
-9.72701e-24
-0
0
1.87861e-22
-0
1.63343e-22
-1.23686e-22
-0
0
-3.56628e-24
-0
0
-1.98204e-22
-0
0
0
-7.43046e-24
0
-3.92735e-24
4.07786e-24
-4.26291e-24
-4.48784e-24
-4.75977e-24
-2.54411e-24
0
0
8.20451e-25
0
1.64362e-23
0
2.17551e-23
-5.12985e-23
0
-1.13373e-22
0
0
-2.43345e-22
-3.30107e-22
1.49496e-22
0
1.29564e-23
0
7.53938e-24
0
0
0
7.97181e-24
0
-6.20869e-24
0
8.65481e-24
0
6.83426e-24
0
7.24902e-24
0
0
0
6.96344e-24
0
2.65237e-24
0
-1.66636e-24
-0
-7.41136e-24
-0
-1.66881e-23
-0
-1.90483e-23
-0
-4.41482e-23
-0
9.10381e-23
-0
-3.12219e-23
-0
1.14784e-22
-0
-9.59936e-23
-0
-1.236e-22
-0
1.63554e-22
-0
0
-0
-4.50007e-22
-0
-3.84375e-22
-0
-9.25459e-24
3.70184e-24
-1.13091e-23
1.13091e-23
-7.72745e-24
1.15912e-23
-3.9859e-24
-2.19225e-23
0
8.27825e-24
-4.3274e-24
-1.73096e-23
-6.83426e-24
-1.59466e-23
-4.83268e-24
-1.4498e-23
1.29164e-24
-1.03331e-23
-1.39269e-24
-1.25342e-23
-2.27346e-24
-6.06256e-24
4.16591e-25
3.18627e-24
1.85284e-24
1.48227e-23
8.34403e-24
3.33761e-23
1.90483e-23
5.71449e-23
2.20741e-23
7.72593e-23
0
6.50271e-23
3.12218e-23
1.56109e-22
0
1.14784e-22
0
-4.79967e-23
0
-9.26997e-23
-4.08884e-23
2.45331e-22
1.66038e-22
-2.21384e-22
0
-2.25004e-22
0
-2.40235e-22
-0
-0
-0
-0
-0
-0
-0
-0
-0
-0
-0
0
0
0
0
0
0
0
0
0
0
0
0
0
0
)
;
    }
    baffle_master
    {
        type            calculated;
        value           nonuniform List<scalar> 
150
(
-1.99351e-29
0
0
6.92711e-30
0
0
-9.74265e-30
0
0
-2.09485e-29
0
0
7.57327e-30
0
3.88348e-30
3.04002e-30
0
3.10704e-29
-4.20843e-29
0
0
-6.19644e-29
0
6.2151e-29
-1.18184e-29
0
-6.21562e-29
3.30284e-31
0
9.71271e-31
-4.95703e-29
0
-6.21665e-29
1.81861e-29
0
-6.21717e-29
-2.65153e-29
0
0
-5.27901e-31
0
0
-6.54065e-29
0
1.24374e-28
1.65177e-28
0
0
1.16581e-27
0
4.97579e-28
1.74983e-28
0
0
3.58217e-28
0
2.48831e-28
5.34643e-30
0
-3.11065e-29
-1.89006e-29
0
-2.48873e-28
8.25e-28
0
4.97787e-28
-1.66433e-28
0
-2.48914e-28
-9.32044e-29
0
-1.24467e-28
-5.70313e-29
0
0
-1.86346e-28
1.15448e-28
-0
0
2.28313e-28
-0
-1.24251e-28
1.23123e-28
-0
-3.10653e-29
9.84231e-29
-0
0
-3.41457e-30
-0
0
-9.78707e-29
0
6.21459e-29
-2.49791e-28
0
1.24302e-28
-2.2621e-28
0
-1.24312e-28
-1.95765e-28
0
0
2.04053e-30
-0
-6.21665e-29
1.31205e-28
-0
-6.21717e-29
1.23346e-28
-0
-6.21769e-29
1.45331e-28
-0
-3.88638e-30
6.2662e-30
-0
1.24374e-28
-1.13116e-28
0
2.48769e-28
-2.92e-28
0
-4.97579e-28
-4.25772e-28
0
2.4881e-28
-5.78211e-28
0
-1.24415e-28
-2.14128e-29
0
-3.11065e-29
-5.88069e-29
-0
-1.24436e-28
-1.29611e-28
-0
4.97787e-28
-8.51971e-28
-0
4.97828e-28
5.26864e-28
-0
0
-1.88197e-28
-0
0
2.07132e-28
0
)
;
    }
    baffle_slave
    {
        type            calculated;
        value           nonuniform List<scalar> 
150
(
3.12502e-24
-0
0
-1.04129e-24
-0
0
8.29952e-25
-0
-3.80742e-24
2.44588e-25
-0
0
-1.91734e-23
-0
-1.22336e-23
3.45107e-24
-0
0
-8.38394e-25
-0
-4.48784e-24
5.92778e-25
-0
0
6.33663e-25
-0
0
1.02476e-24
-0
2.74295e-24
0
-0
-1.49249e-24
0
0
-2.05113e-25
0
0
0
-1.02341e-24
0
-8.21812e-24
0
0
0
-1.35479e-24
0
0
-7.82773e-23
0
-1.02597e-22
-5.75777e-24
0
0
-8.24117e-23
0
-1.13373e-22
8.87356e-24
0
0
7.6301e-24
0
-6.11929e-23
1.366e-22
0
8.11149e-23
1.37337e-23
0
-1.10036e-22
2.80066e-23
0
-7.47482e-23
5.99853e-24
0
0
-4.26136e-24
1.45455e-23
0
-2.33021e-24
9.37159e-24
0
-4.09212e-25
8.77377e-24
0
-5.36125e-24
1.27186e-23
0
4.53915e-25
-1.65069e-23
0
-2.78231e-24
1.06187e-23
0
-5.41159e-24
1.02005e-23
0
-1.18525e-24
7.40972e-24
0
6.94987e-24
6.9703e-24
0
1.37255e-24
5.46538e-24
0
-1.54907e-24
5.01821e-24
0
3.74936e-25
2.55423e-24
0
3.85146e-24
-6.81653e-25
0
-8.88756e-24
-6.26841e-24
0
1.71021e-23
-1.56814e-23
0
1.19177e-24
-2.65877e-23
0
-4.8322e-23
-2.75568e-23
0
-5.79469e-24
-3.26274e-23
0
-4.54612e-23
8.24117e-24
0
1.05798e-23
2.51418e-23
0
1.6094e-23
2.28903e-23
0
-2.46283e-22
1.46719e-22
0
4.0117e-24
-1.03003e-22
0
-3.81105e-23
7.46842e-23
0
6.52306e-23
1.07973e-22
0
)
;
    }
}


// ************************************************************************* //
