/*--------------------------------*- C++ -*----------------------------------*\
| =========                 |                                                 |
| \\      /  F ield         | OpenFOAM: The Open Source CFD Toolbox           |
|  \\    /   O peration     | Version:  2212                                  |
|   \\  /    A nd           | Website:  www.openfoam.com                      |
|    \\/     M anipulation  |                                                 |
\*---------------------------------------------------------------------------*/
FoamFile
{
    version     2.0;
    format      ascii;
    arch        "LSB;label=32;scalar=64";
    class       surfaceScalarField;
    location    "80/fluidRegion";
    object      alphaPhi;
}
// * * * * * * * * * * * * * * * * * * * * * * * * * * * * * * * * * * * * * //

dimensions      [0 3 -1 0 0 0 0];

oriented        oriented;

internalField   nonuniform List<scalar> 
661
(
-0.000538994
3.67523e-13
-0.000538948
4.70925e-13
-0.000538902
3.8994e-13
-0.000538856
2.25754e-13
-0.000538809
9.79811e-15
-0.000538761
-2.30959e-13
-0.000538711
-4.17712e-13
-0.000538661
-4.52214e-13
-0.00053861
-2.93478e-13
-0.000538559
5.62239e-15
-0.000538508
3.11658e-13
-0.000538459
4.72735e-13
-0.000538412
3.83306e-13
-0.000538367
2.17229e-14
-0.000538324
-5.00084e-13
-0.00053828
-9.84989e-13
-0.000538236
-1.22186e-12
-0.00053819
-1.0741e-12
-0.000538144
-5.55561e-13
-0.000538098
1.76919e-13
-0.000538054
8.7528e-13
-0.000538012
1.3146e-12
-0.000537974
1.31877e-12
-0.000537938
5.58844e-13
-7.0172e-13
-0.000538994
-0.000538948
-0.000538902
-0.000538856
-0.000538809
-0.000538761
-0.000538711
-0.000538661
-0.00053861
-0.000538559
-0.000538508
-0.000538459
-0.000538412
-0.000538367
-0.000538324
-0.00053828
-0.000538236
-0.00053819
-0.000538144
-0.000538098
-0.000538054
-0.000538012
-0.000537974
-0.000537938
-0.0202314
1.41442e-06
-0.0198031
6.71959e-07
-0.0192585
7.28022e-07
-0.0186064
6.55204e-07
-0.0178566
5.93168e-07
-0.0170188
5.35696e-07
-0.0161034
4.82465e-07
-0.0151208
4.30853e-07
-0.0140817
3.75112e-07
-0.0129974
3.05786e-07
-0.0118796
2.10997e-07
-0.0107412
7.90832e-08
-0.00959654
-9.34735e-08
-0.0084612
-2.92749e-07
-0.00735211
-4.96242e-07
-0.00628642
-6.69774e-07
-0.00528036
-7.86579e-07
-0.00434807
-8.39468e-07
-0.00350115
-8.42125e-07
-0.0027493
-8.18771e-07
-0.00210125
-7.91362e-07
-0.00156637
-7.65119e-07
-0.00115537
-7.29279e-07
-0.00087935
-6.32432e-07
-6.02295e-07
-0.0203614
-3.66756e-08
-3.85775e-08
-0.0199322
-1.70975e-07
-1.78998e-07
-0.0193854
-1.61752e-07
-1.6999e-07
-0.0187303
-1.39141e-07
-1.47857e-07
-0.0179766
-1.19599e-07
-1.28748e-07
-0.0171343
-1.01509e-07
-1.11209e-07
-0.0162137
-8.48789e-08
-9.52348e-08
-0.0152251
-6.90533e-08
-8.01081e-08
-0.0141796
-5.24917e-08
-6.43754e-08
-0.0130881
-3.25437e-08
-4.53733e-08
-0.0119627
-5.51011e-09
-1.93792e-08
-0.0108163
3.20679e-08
1.69961e-08
-0.00966303
8.06703e-08
6.41949e-08
-0.0085189
1.41395e-07
1.23257e-07
-0.00740096
2.04127e-07
1.84058e-07
-0.00632662
2.58939e-07
2.36732e-07
-0.00531236
2.96795e-07
2.72205e-07
-0.00437256
3.14553e-07
2.87554e-07
-0.00351897
3.16143e-07
2.86696e-07
-0.00276142
3.0885e-07
2.77636e-07
-0.00210869
2.99731e-07
2.67325e-07
-0.00157023
2.88566e-07
2.57042e-07
-0.00115682
2.68975e-07
2.39825e-07
-0.000879545
2.13275e-07
1.90532e-07
1.61857e-07
1.49488e-07
-0.0202101
6.97074e-07
-0.0197822
6.58513e-07
-0.0192379
6.34187e-07
-0.0185864
5.65071e-07
-0.0178373
5.03155e-07
-0.0170003
4.46126e-07
-0.0160858
3.9318e-07
-0.0151042
3.41297e-07
-0.0140662
2.84002e-07
-0.012983
2.11051e-07
-0.0118665
1.09635e-07
-0.0107294
-3.0852e-08
-0.00958608
-2.13172e-07
-0.00845213
-4.23825e-07
-0.00734442
-6.35976e-07
-0.00628009
-8.13537e-07
-0.00527529
-9.2921e-07
-0.00434416
-9.77038e-07
-0.00349825
-9.72986e-07
-0.00274727
-9.42936e-07
-0.00209992
-9.08562e-07
-0.00156557
-8.73399e-07
-0.00115493
-8.14522e-07
-0.000879132
-6.76386e-07
-5.5119e-07
-0.0203325
5.7423e-09
-0.0199033
2.77235e-09
-0.019357
3.02329e-09
-0.0187025
2.9069e-09
-0.0179497
2.85884e-09
-0.0171083
2.7271e-09
-0.0161888
2.44947e-09
-0.0152016
2.15031e-09
-0.0141574
1.72661e-09
-0.0130676
1.14899e-09
-0.0119439
5.13531e-10
-0.0107992
-2.33885e-10
-0.00964789
-1.132e-09
-0.00850575
-2.17993e-09
-0.00738981
-3.39313e-09
-0.00631744
-4.71372e-09
-0.00530505
-6.00654e-09
-0.00436697
-7.12081e-09
-0.0035149
-8.0522e-09
-0.00275866
-8.58436e-09
-0.00210701
-8.61239e-09
-0.00156937
-8.12475e-09
-0.00115651
-7.20711e-09
-0.000879527
-5.38193e-09
-3.60156e-09
-0.0203325
-6.84636e-07
-0.0199034
-6.52638e-07
-0.019357
-6.2748e-07
-0.0187025
-5.58464e-07
-0.0179497
-4.96528e-07
-0.0171084
-4.39634e-07
-0.0161888
-3.87015e-07
-0.0152016
-3.3551e-07
-0.0141575
-2.78792e-07
-0.0130676
-2.06624e-07
-0.0119439
-1.06078e-07
-0.0107992
3.33518e-08
-0.00964791
2.14372e-07
-0.00850576
4.23441e-07
-0.00738982
6.33706e-07
-0.00631745
8.09143e-07
-0.00530506
9.22613e-07
-0.00436697
9.68304e-07
-0.0035149
9.62108e-07
-0.00275866
9.30205e-07
-0.00210701
8.94362e-07
-0.00156937
8.58376e-07
-0.00115652
7.9922e-07
-0.000879528
6.63417e-07
5.41141e-07
-0.0202101
3.42243e-08
-0.0197822
1.73743e-07
-0.019238
1.64365e-07
-0.0185865
1.42004e-07
-0.0178373
1.22813e-07
-0.0170003
1.05122e-07
-0.0160858
8.89432e-08
-0.0151042
7.36793e-08
-0.0140662
5.77375e-08
-0.012983
3.84858e-08
-0.0118665
1.22964e-08
-0.0107294
-2.43151e-08
-0.00958609
-7.18014e-08
-0.00845214
-1.31364e-07
-0.00734443
-1.92909e-07
-0.00628009
-2.46581e-07
-0.0052753
-2.83379e-07
-0.00434417
-3.00336e-07
-0.00349825
-3.01592e-07
-0.00274727
-2.94691e-07
-0.00209992
-2.86619e-07
-0.00156557
-2.77522e-07
-0.00115493
-2.60678e-07
-0.00087913
-2.07909e-07
-1.59235e-07
-0.0203614
-1.41402e-06
-4.36345e-08
-0.0199322
-6.71172e-07
-1.79816e-07
-0.0193854
-7.27204e-07
-1.71119e-07
-0.0187303
-6.54378e-07
-1.48793e-07
-0.0179766
-5.92254e-07
-1.29554e-07
-0.0171343
-5.34734e-07
-1.11781e-07
-0.0162137
-4.81485e-07
-9.54382e-08
-0.0152251
-4.29834e-07
-7.98919e-08
-0.0141796
-3.74116e-07
-6.35825e-08
-0.0130881
-3.0486e-07
-4.38408e-08
-0.0119627
-2.10132e-07
-1.6987e-08
-0.0108163
-7.83334e-08
2.04214e-08
-0.00966303
9.39694e-08
6.89884e-08
-0.0085189
2.92759e-07
1.29801e-07
-0.00740096
4.95405e-07
1.92879e-07
-0.00632662
6.67613e-07
2.48467e-07
-0.00531236
7.82433e-07
2.87676e-07
-0.00437256
8.32398e-07
3.07701e-07
-0.00351897
8.30631e-07
3.12922e-07
-0.00276142
8.01082e-07
3.11101e-07
-0.00210869
7.65255e-07
3.09305e-07
-0.00157023
7.299e-07
3.06322e-07
-0.00115682
6.84914e-07
2.93965e-07
-0.000879545
5.86599e-07
2.40582e-07
5.61702e-07
1.87786e-07
-0.0202314
-0.0198031
-0.0192585
-0.0186064
-0.0178566
-0.0170188
-0.0161034
-0.0151208
-0.0140817
-0.0129974
-0.0118796
-0.0107412
-0.00959654
-0.0084612
-0.00735211
-0.00628642
-0.00528036
-0.00434807
-0.00350115
-0.0027493
-0.00210125
-0.00156637
-0.00115537
-0.000879351
-0.0203325
-6.87948e-07
-8.32649e-11
-0.0199033
-6.47557e-07
-4.32809e-09
-0.019357
-6.22731e-07
-4.37039e-09
-0.0187025
-5.53298e-07
-4.6402e-09
-0.0179497
-4.90965e-07
-5.01227e-09
-0.0171083
-4.33559e-07
-5.43027e-09
-0.0161888
-3.80317e-07
-5.87748e-09
-0.0152016
-3.28106e-07
-6.443e-09
-0.0141574
-2.70535e-07
-7.07548e-09
-0.0130676
-1.97352e-07
-7.77885e-09
-0.0119439
-9.56711e-08
-8.69369e-09
-0.0107992
4.51132e-08
-9.75538e-09
-0.00964789
2.27768e-07
-1.11246e-08
-0.00850575
4.38828e-07
-1.27513e-08
-0.00738981
6.51563e-07
-1.47512e-08
-0.00631744
8.30061e-07
-1.72308e-08
-0.00530505
9.4749e-07
-2.04814e-08
-0.00436697
9.9823e-07
-2.46435e-08
-0.0035149
9.98812e-07
-3.00072e-08
-0.00275866
9.75341e-07
-3.63603e-08
-0.00210701
9.50449e-07
-4.40084e-08
-0.00156937
9.25074e-07
-5.02678e-08
-0.00115651
8.7441e-07
-5.41298e-08
-0.000879527
7.36478e-07
-4.97343e-08
5.98726e-07
-3.8063e-08
-0.0202101
-0.0197822
-0.0192379
-0.0185864
-0.0178373
-0.0170003
-0.0160858
-0.0151042
-0.0140662
-0.012983
-0.0118665
-0.0107294
-0.00958608
-0.00845213
-0.00734442
-0.00628009
-0.00527529
-0.00434416
-0.00349825
-0.00274727
-0.00209992
-0.00156557
-0.00115493
-0.000879133
-0.0202101
6.87793e-07
-0.0197822
6.56051e-07
-0.019238
6.30913e-07
-0.0185865
5.61947e-07
-0.0178373
5.00239e-07
-0.0170003
4.43507e-07
-0.0160858
3.90977e-07
-0.0151042
3.39644e-07
-0.0140662
2.83032e-07
-0.012983
2.10898e-07
-0.0118665
1.10484e-07
-0.0107294
-2.87815e-08
-0.00958609
-2.09556e-07
-0.00845214
-4.18472e-07
-0.00734443
-6.28703e-07
-0.00628009
-8.04263e-07
-0.0052753
-9.18041e-07
-0.00434417
-9.64505e-07
-0.00349825
-9.60151e-07
-0.00274727
-9.31651e-07
-0.00209992
-9.01373e-07
-0.00156557
-8.7328e-07
-0.00115493
-8.23314e-07
-0.00087913
-6.92497e-07
-5.69629e-07
-0.0203325
-0.0199034
-0.019357
-0.0187025
-0.0179497
-0.0171084
-0.0161888
-0.0152016
-0.0141575
-0.0130676
-0.0119439
-0.0107992
-0.0096479
-0.00850576
-0.00738982
-0.00631745
-0.00530506
-0.00436697
-0.0035149
-0.00275866
-0.00210701
-0.00156937
-0.00115652
-0.000879529
)
;

boundaryField
{
    outletCentralUnloaded
    {
        type            calculated;
        value           nonuniform List<scalar> 2(0.000539039 0.000539039);
    }
    inletCentralUnloaded
    {
        type            calculated;
        value           uniform -0.000540134;
    }
    outletFuelElement
    {
        type            calculated;
        value           nonuniform List<scalar> 
12
(
0.0205723
0.0207055
0.0205515
0.0206757
0.0206758
0.0205515
0.0207055
0.0205723
0.0206757
0.0205515
0.0205515
0.0206758
)
;
    }
    inletFuelElement
    {
        type            calculated;
        value           nonuniform List<scalar> 
12
(
-0.000722059
-0.00072206
-0.000722059
-0.000722059
-0.00072206
-0.000722059
-0.00072206
-0.000722059
-0.000722059
-0.000722059
-0.000722059
-0.00072206
)
;
    }
    defaultFaces
    {
        type            calculated;
        value           nonuniform List<scalar> 
450
(
3.82469e-23
-2.50146e-23
0
2.03293e-23
-1.17402e-23
0
6.10378e-24
2.23161e-23
0
-4.32041e-23
-1.3903e-23
0
-1.24879e-23
-3.74436e-23
0
-3.4199e-23
-1.64201e-23
0
-3.62945e-23
-1.1851e-23
0
-3.02653e-23
-1.77536e-23
0
-2.25419e-23
-1.22726e-24
0
-2.53153e-23
-1.3845e-23
0
-1.3945e-23
-5.05711e-24
0
-4.94722e-24
-1.5157e-24
0
6.2342e-24
2.86591e-24
0
1.86482e-23
9.30648e-24
0
3.19376e-23
9.11857e-24
0
4.03159e-23
2.74383e-23
0
3.85259e-23
-6.43632e-24
0
5.46249e-23
2.12686e-23
0
3.27997e-23
-4.90243e-23
0
-2.04292e-23
-3.94766e-23
0
-3.43897e-23
-1.22043e-23
0
2.71197e-23
-1.5166e-23
0
-1.39723e-23
1.06054e-23
0
-2.5511e-23
-1.11237e-23
0
-1.70516e-23
-1.95626e-23
0
2.20624e-23
0
2.40681e-23
0
0
0
1.60454e-23
0
-4.01135e-24
0
1.2034e-23
0
8.0227e-24
0
1.2034e-23
0
0
0
1.00284e-23
0
2.7578e-24
0
-1.00284e-24
0
-4.01135e-24
0
-4.01135e-24
0
-1.60454e-23
0
-3.20908e-23
0
4.81362e-23
0
-4.81362e-23
0
0
0
-3.20908e-23
0
-3.20908e-23
0
4.81362e-23
0
2.40681e-23
0
-1.60454e-23
0
-8.0227e-24
0
0
-8.0227e-24
0
-8.0227e-24
0
-8.0227e-24
8.0227e-24
0
1.2034e-23
0
0
0
8.0227e-24
0
1.60454e-23
1.60454e-23
-4.81362e-23
0
-3.20908e-23
3.20908e-23
0
-4.81362e-23
-1.60454e-23
0
-8.0227e-24
0
0
0
0
0
0
0
0
0
0
0
0
0
0
0
0
0
0
0
0
0
0
0
0
0
-1.00284e-23
2.40681e-23
0
1.60454e-23
1.60454e-23
2.40681e-23
-1.2034e-23
-1.2034e-23
2.00567e-23
-1.60454e-23
-1.2034e-23
-1.2034e-23
-8.0227e-24
-8.0227e-24
-1.2034e-23
-8.0227e-24
2.00567e-23
-4.01135e-24
-4.01135e-24
-6.01702e-24
-2.00567e-24
-2.00567e-24
3.00851e-24
1.75497e-24
6.01702e-24
6.01702e-24
1.2034e-23
1.60454e-23
1.60454e-23
2.00567e-23
3.20908e-23
2.40681e-23
-4.01135e-23
4.81362e-23
3.20908e-23
1.60454e-23
-6.41816e-23
4.81362e-23
-3.20908e-23
-3.20908e-23
0
-2.40681e-23
-4.81362e-23
4.81362e-23
-2.40681e-23
-3.20908e-23
-8.0227e-24
-2.00567e-23
-2.40681e-23
-2.00567e-23
4.42072e-23
0
0
1.7268e-24
0
-8.0227e-24
3.20946e-23
0
-6.41816e-23
-5.35894e-23
0
8.0227e-24
2.35124e-23
0
0
-4.62878e-23
0
1.60454e-23
-5.02851e-23
0
8.0227e-24
-4.32721e-23
0
1.60454e-23
-1.91684e-23
0
-1.60454e-23
-2.89702e-23
0
8.0227e-24
-1.43278e-23
0
4.01135e-24
-5.61127e-24
0
2.00567e-24
7.385e-24
-0
-2.00567e-24
2.35977e-23
-0
-8.0227e-24
4.5856e-23
-0
-8.0227e-24
6.43139e-23
-0
-1.60454e-23
5.03008e-23
-0
-1.60454e-23
8.75234e-23
-0
0
2.72462e-23
-0
-1.60454e-23
-1.00665e-23
-0
0
-2.52947e-24
-0
0
3.69078e-23
-0
3.20908e-23
-1.79458e-23
-0
0
-3.81683e-25
-0
0
-1.65505e-23
-0
0
0
-1.60454e-23
0
-8.0227e-24
8.0227e-24
-8.0227e-24
-8.0227e-24
-8.0227e-24
-4.01135e-24
0
0
1.00284e-24
0
1.60454e-23
0
1.60454e-23
-3.20908e-23
0
-4.81362e-23
0
0
-4.81362e-23
-4.81362e-23
1.60454e-23
0
2.80794e-23
0
1.60454e-23
0
0
0
1.60454e-23
0
-1.2034e-23
0
1.60454e-23
0
1.2034e-23
0
1.2034e-23
0
0
0
1.00284e-23
0
3.50993e-24
0
-2.00567e-24
-0
-8.0227e-24
-0
-1.60454e-23
-0
-1.60454e-23
-0
-3.20908e-23
-0
5.61589e-23
-0
-1.60454e-23
-0
4.81362e-23
-0
-3.20908e-23
-0
-3.20908e-23
-0
3.20908e-23
-0
0
-0
-4.81362e-23
-0
-3.20908e-23
-0
-2.00567e-23
8.0227e-24
-2.40681e-23
2.40681e-23
-1.60454e-23
2.40681e-23
-8.0227e-24
-4.41248e-23
0
1.60454e-23
-8.0227e-24
-3.20908e-23
-1.2034e-23
-2.80794e-23
-8.0227e-24
-2.40681e-23
2.00567e-24
-1.60454e-23
-2.00567e-24
-1.80511e-23
-3.00851e-24
-8.0227e-24
5.01419e-25
3.83507e-24
2.00567e-24
1.60454e-23
8.0227e-24
3.20908e-23
1.60454e-23
4.81362e-23
1.60454e-23
5.61589e-23
0
4.01135e-23
1.60454e-23
8.0227e-23
0
4.81362e-23
0
-1.60454e-23
0
-2.40681e-23
-8.0227e-24
4.81362e-23
2.40681e-23
-3.20908e-23
0
-2.40681e-23
0
-2.00567e-23
-0
-0
-0
-0
-0
-0
-0
-0
-0
-0
-0
0
0
0
0
0
0
0
0
0
0
0
0
0
0
)
;
    }
    baffle_master
    {
        type            calculated;
        value           nonuniform List<scalar> 
150
(
-1.83684e-30
0
0
6.38217e-31
0
0
-8.97547e-31
0
0
-1.92974e-30
0
0
6.97578e-31
0
3.57709e-31
2.79995e-31
0
2.86167e-30
-3.87576e-30
0
0
-5.70616e-30
0
5.72334e-30
-1.08824e-30
0
-5.72334e-30
3.04101e-32
0
8.94272e-32
-4.56367e-30
0
-5.72334e-30
1.67416e-30
0
-5.72334e-30
-2.44071e-30
0
0
-4.85889e-32
0
0
-6.01964e-30
0
1.14467e-29
1.52007e-29
0
0
1.07277e-28
0
4.57867e-29
1.61004e-29
0
0
3.29573e-29
0
2.28934e-29
4.9185e-31
0
-2.86167e-30
-1.73864e-30
0
-2.28934e-29
7.5884e-29
0
4.57867e-29
-1.53073e-29
0
-2.28934e-29
-8.57161e-30
0
-1.14467e-29
-5.24451e-30
0
0
-1.717e-29
1.06375e-29
-0
0
2.10352e-29
-0
-1.14467e-29
1.13428e-29
-0
-2.86167e-30
9.06654e-30
-0
0
-3.14518e-31
-0
0
-9.01417e-30
0
5.72334e-30
-2.30046e-29
0
1.14467e-29
-2.08311e-29
0
-1.14467e-29
-1.80261e-29
0
0
1.87876e-31
-0
-5.72334e-30
1.20794e-29
-0
-5.72334e-30
1.13549e-29
-0
-5.72334e-30
1.33776e-29
-0
-3.57709e-31
5.76752e-31
-0
1.14467e-29
-1.04105e-29
0
2.28934e-29
-2.68718e-29
0
-4.57867e-29
-3.91792e-29
0
2.28934e-29
-5.3202e-29
0
-1.14467e-29
-1.97006e-30
0
-2.86167e-30
-5.41e-30
-0
-1.14467e-29
-1.19227e-29
-0
4.57867e-29
-7.83648e-29
-0
4.57867e-29
4.84573e-29
-0
0
-1.73077e-29
-0
0
1.90475e-29
0
)
;
    }
    baffle_slave
    {
        type            calculated;
        value           nonuniform List<scalar> 
150
(
6.89451e-24
-0
0
-2.25638e-24
-0
0
1.75497e-24
-0
-8.0227e-24
5.01419e-25
-0
0
-3.78571e-23
-0
-2.40681e-23
6.51844e-24
-0
0
-1.50426e-24
-0
-8.0227e-24
1.00284e-24
-0
0
1.00284e-24
-0
0
1.50426e-24
-0
4.01135e-24
0
-0
-2.00567e-24
0
0
-2.50709e-25
0
0
0
-1.00284e-24
0
-8.0227e-24
0
0
0
-1.00284e-24
0
0
-4.9139e-23
0
-6.41816e-23
-3.00851e-24
0
0
-3.50993e-23
0
-4.81362e-23
3.00851e-24
0
0
2.00567e-24
0
-1.60454e-23
2.70766e-23
0
1.60454e-23
2.00567e-24
0
-1.60454e-23
3.00851e-24
0
-8.0227e-24
5.01419e-25
0
0
-9.36938e-24
3.20908e-23
0
-5.03188e-24
2.03075e-23
0
-8.6226e-25
1.85525e-23
0
-1.09518e-23
2.60738e-23
0
8.93023e-25
-3.25922e-23
0
-5.23623e-24
2.00567e-23
0
-9.67404e-24
1.83018e-23
0
-1.99777e-24
1.25355e-23
0
1.0958e-23
1.10312e-23
0
2.00725e-24
8.0227e-24
0
-2.08171e-24
6.76915e-24
0
4.58285e-25
3.13387e-24
0
4.23362e-24
-7.52128e-25
0
-8.67623e-24
-6.14238e-24
0
1.4623e-23
-1.3458e-23
0
8.78983e-25
-1.96807e-23
0
-3.02288e-23
-1.72989e-23
0
-3.01778e-24
-1.70482e-23
0
-1.93021e-23
3.50993e-24
0
3.57688e-24
8.52412e-24
0
4.22001e-24
6.01702e-24
0
-4.87174e-23
2.90823e-23
0
5.84986e-25
-1.50426e-23
0
-4.09039e-24
8.0227e-24
0
5.45132e-24
9.02554e-24
0
)
;
    }
}


// ************************************************************************* //
