/*--------------------------------*- C++ -*----------------------------------*\
| =========                 |                                                 |
| \\      /  F ield         | OpenFOAM: The Open Source CFD Toolbox           |
|  \\    /   O peration     | Version:  2212                                  |
|   \\  /    A nd           | Website:  www.openfoam.com                      |
|    \\/     M anipulation  |                                                 |
\*---------------------------------------------------------------------------*/
FoamFile
{
    version     2.0;
    format      ascii;
    arch        "LSB;label=32;scalar=64";
    class       volVectorField;
    location    "80/fluidRegion";
    object      U;
}
// * * * * * * * * * * * * * * * * * * * * * * * * * * * * * * * * * * * * * //

dimensions      [0 1 -1 0 0 0 0];

internalField   nonuniform List<vector> 
350
(
(3.14463e-10 1.81555e-10 -14.9691)
(4.11311e-10 2.3747e-10 -14.9679)
(3.93619e-10 2.27255e-10 -14.9666)
(3.58947e-10 2.07237e-10 -14.9652)
(3.13998e-10 1.81286e-10 -14.9638)
(2.37038e-10 1.36853e-10 -14.9624)
(1.09993e-10 6.35045e-11 -14.961)
(-6.70532e-11 -3.87131e-11 -14.9595)
(-2.77236e-10 -1.60062e-10 -14.9581)
(-4.82464e-10 -2.7855e-10 -14.9567)
(-6.32948e-10 -3.65432e-10 -14.9553)
(-6.77826e-10 -3.91342e-10 -14.954)
(-5.9238e-10 -3.42009e-10 -14.9527)
(-3.89014e-10 -2.24597e-10 -14.9515)
(-1.20602e-10 -6.96295e-11 -14.9504)
(1.33042e-10 7.68117e-11 -14.9492)
(2.97818e-10 1.71945e-10 -14.9481)
(3.2746e-10 1.89059e-10 -14.9469)
(2.20231e-10 1.2715e-10 -14.9457)
(1.67225e-11 9.65472e-12 -14.9444)
(-2.17748e-10 -1.25716e-10 -14.9432)
(-4.09688e-10 -2.36533e-10 -14.9419)
(-4.72831e-10 -2.72988e-10 -14.9408)
(-1.33299e-10 -7.69599e-11 -14.9396)
(6.47884e-10 3.74055e-10 -14.9695)
(3.14463e-10 1.81555e-10 -14.9691)
(4.11311e-10 2.3747e-10 -14.9679)
(3.93619e-10 2.27255e-10 -14.9666)
(3.58947e-10 2.07237e-10 -14.9652)
(3.13998e-10 1.81286e-10 -14.9638)
(2.37038e-10 1.36853e-10 -14.9624)
(1.09993e-10 6.35045e-11 -14.961)
(-6.70532e-11 -3.87131e-11 -14.9595)
(-2.77236e-10 -1.60062e-10 -14.9581)
(-4.82464e-10 -2.7855e-10 -14.9567)
(-6.32948e-10 -3.65432e-10 -14.9553)
(-6.77826e-10 -3.91342e-10 -14.954)
(-5.9238e-10 -3.42009e-10 -14.9527)
(-3.89014e-10 -2.24597e-10 -14.9515)
(-1.20602e-10 -6.96295e-11 -14.9504)
(1.33042e-10 7.68117e-11 -14.9492)
(2.97818e-10 1.71945e-10 -14.9481)
(3.2746e-10 1.89059e-10 -14.9469)
(2.20231e-10 1.2715e-10 -14.9457)
(1.67225e-11 9.65471e-12 -14.9444)
(-2.17748e-10 -1.25716e-10 -14.9432)
(-4.09688e-10 -2.36533e-10 -14.9419)
(-4.72831e-10 -2.72988e-10 -14.9408)
(-1.33299e-10 -7.69599e-11 -14.9396)
(6.47884e-10 3.74055e-10 -14.9695)
(-0.00197634 -0.00114104 -423.826)
(-0.000938321 -0.00054174 -415.837)
(-0.0010166 -0.000586933 -405.731)
(-0.000914832 -0.000528178 -393.301)
(-0.000828148 -0.000478131 -378.74)
(-0.000747857 -0.000431775 -362.249)
(-0.00067351 -0.000388851 -344.039)
(-0.00060145 -0.000347247 -324.325)
(-0.00052365 -0.000302329 -303.326)
(-0.000426914 -0.000246478 -281.27)
(-0.000294658 -0.000170121 -258.396)
(-0.000110608 -6.38596e-05 -234.962)
(0.000130133 7.51325e-05 -211.248)
(0.000408069 0.000235598 -187.565)
(0.00069174 0.000399376 -164.252)
(0.000933371 0.000538882 -141.663)
(0.00109561 0.000632551 -120.144)
(0.00116849 0.000674628 -100.01)
(0.0011713 0.00067625 -81.5295)
(0.00113825 0.000657168 -64.9231)
(0.00110014 0.000635164 -50.3825)
(0.00106435 0.000614502 -38.0955)
(0.00101536 0.000586215 -28.2707)
(0.000882114 0.000509288 -21.1346)
(0.000840656 0.000485352 -16.6338)
(-0.00191324 -0.00112627 -426.56)
(-0.000689217 -0.000404723 -418.527)
(-0.000779189 -0.000458855 -408.389)
(-0.000708507 -0.000418398 -395.905)
(-0.000648586 -0.000384339 -381.273)
(-0.000593055 -0.000352602 -364.696)
(-0.000541423 -0.000323003 -346.384)
(-0.000490869 -0.000294222 -326.553)
(-0.000435585 -0.000262619 -305.425)
(-0.000366078 -0.000222759 -283.228)
(-0.000270866 -0.000168252 -260.202)
(-0.000138675 -9.21416e-05 -236.604)
(3.49811e-05 7.55562e-06 -212.717)
(0.000228718 0.00011929 -188.855)
(0.000425336 0.000232809 -165.359)
(0.000590851 0.000328439 -142.588)
(0.000700548 0.000391921 -120.893)
(0.000748677 0.000419953 -100.597)
(0.000749188 0.000420585 -81.9689)
(0.000725723 0.000407489 -65.2341)
(0.000699752 0.000393381 -50.5856)
(0.000677998 0.00038279 -38.2128)
(0.000654922 0.000371804 -28.3258)
(0.000596473 0.000340289 -21.1517)
(0.000622882 0.000356716 -16.6358)
(-0.00087075 -0.000658294 -423.389)
(-0.000499162 -0.000954816 -415.398)
(-0.000485285 -0.00091384 -405.3)
(-0.000440633 -0.000804075 -392.88)
(-0.000399022 -0.000707582 -378.332)
(-0.000360914 -0.000618656 -361.857)
(-0.000325178 -0.00053668 -343.664)
(-0.000289129 -0.000457654 -323.969)
(-0.000247322 -0.000372643 -302.992)
(-0.000191635 -0.000266947 -280.959)
(-0.000112817 -0.000121324 -258.111)
(-4.16627e-06 8.12671e-05 -234.703)
(0.000137133 0.000343969 -211.016)
(0.000289508 0.000658879 -187.362)
(0.00043909 0.000979787 -164.078)
(0.000558471 0.00125374 -141.517)
(0.000630632 0.00143687 -120.025)
(0.000654397 0.00151712 -99.9169)
(0.000643182 0.00151661 -81.4588)
(0.00061586 0.00147471 -64.872)
(0.000586888 0.00142468 -50.3475)
(0.000560714 0.00137044 -38.0733)
(0.00052143 0.00127637 -28.2577)
(0.000455422 0.00103526 -21.1277)
(0.000396117 0.000817381 -16.6315)
(-0.000970506 -0.00056032 -425.951)
(-0.000909975 -0.000525373 -417.928)
(-0.000876018 -0.000505768 -407.795)
(-0.000779412 -0.000449992 -395.322)
(-0.000693169 -0.0004002 -380.705)
(-0.000613852 -0.000354407 -364.146)
(-0.000540281 -0.00031193 -345.856)
(-0.000468449 -0.000270458 -326.051)
(-0.000389197 -0.000224702 -304.951)
(-0.0002882 -0.000166392 -282.785)
(-0.000147756 -8.53069e-05 -259.793)
(4.70649e-05 2.71728e-05 -236.231)
(0.000300057 0.000173238 -212.383)
(0.000592525 0.000342093 -188.561)
(0.000887006 0.000512112 -165.107)
(0.00113314 0.000654216 -142.377)
(0.00129276 0.000746372 -120.722)
(0.0013576 0.000783808 -100.463)
(0.00135013 0.000779497 -81.8687)
(0.00130675 0.00075445 -65.1632)
(0.00125728 0.000725887 -50.5395)
(0.00120723 0.00069699 -38.1864)
(0.0011242 0.000649057 -28.3136)
(0.000932965 0.000538646 -21.1483)
(0.000760525 0.000439088 -16.6356)
(0.000955512 0.000551664 -425.951)
(0.000916015 0.00052886 -417.928)
(0.000880474 0.000508341 -407.795)
(0.000783905 0.000452587 -395.322)
(0.000696985 0.000402403 -380.705)
(0.000617062 0.00035626 -364.146)
(0.000543127 0.000313574 -345.856)
(0.000470558 0.000271676 -326.051)
(0.000390641 0.000225536 -304.951)
(0.000289065 0.000166891 -282.785)
(0.000147618 8.52271e-05 -259.793)
(-4.83263e-05 -2.79011e-05 -236.231)
(-0.000302473 -0.000174632 -212.383)
(-0.000595867 -0.000344023 -188.561)
(-0.000890945 -0.000514386 -165.107)
(-0.00113735 -0.000656645 -142.377)
(-0.00129721 -0.000748945 -120.722)
(-0.00136243 -0.0007866 -100.463)
(-0.00135496 -0.000782284 -81.8687)
(-0.00131147 -0.000757176 -65.1632)
(-0.00126192 -0.00072857 -50.5395)
(-0.00121097 -0.000699152 -38.1864)
(-0.00112656 -0.000650416 -28.3136)
(-0.000934037 -0.000539265 -21.1483)
(-0.000759745 -0.000438638 -16.6356)
(0.000993119 0.00043563 -423.39)
(0.001079 -4.20369e-05 -415.399)
(0.0010351 -3.23129e-05 -405.301)
(0.000917648 -1.5747e-05 -392.881)
(0.000812946 -3.53484e-06 -378.332)
(0.000716585 8.03151e-06 -361.857)
(0.00062749 1.83133e-05 -343.664)
(0.00054067 2.66972e-05 -323.969)
(0.000445785 3.32631e-05 -302.992)
(0.00032605 3.82653e-05 -280.959)
(0.000160014 4.30183e-05 -258.111)
(-7.02608e-05 5.02152e-05 -234.703)
(-0.000368964 5.92374e-05 -211.016)
(-0.000718285 8.47498e-05 -187.362)
(-0.00107126 0.000115725 -164.078)
(-0.00136833 0.00014929 -141.517)
(-0.00156308 0.000178032 -120.025)
(-0.0016445 0.000196798 -99.917)
(-0.00163838 0.000205578 -81.4588)
(-0.0015883 0.000207436 -64.872)
(-0.00153036 0.000206574 -50.3475)
(-0.00146984 0.000201552 -38.0732)
(-0.00136806 0.000188423 -28.2577)
(-0.00112535 0.000124291 -21.1277)
(-0.000905105 6.38749e-05 -16.6315)
(0.00191807 0.00111889 -426.56)
(0.00069642 0.000394492 -418.527)
(0.000787021 0.000448136 -408.389)
(0.000716576 0.000407524 -395.905)
(0.000656655 0.000373131 -381.273)
(0.000601003 0.000341435 -364.696)
(0.00054924 0.000312069 -346.384)
(0.000498531 0.000283305 -326.553)
(0.000443069 0.000252007 -305.425)
(0.000373361 0.000212593 -283.228)
(0.000277821 0.000158342 -260.202)
(0.000145145 8.26225e-05 -236.604)
(-2.89831e-05 -1.69089e-05 -212.717)
(-0.000223348 -0.000128022 -188.855)
(-0.000420612 -0.000240822 -165.359)
(-0.000586795 -0.000335839 -142.588)
(-0.000697408 -0.000398802 -120.893)
(-0.000746788 -0.000426459 -100.597)
(-0.000748714 -0.000426588 -81.969)
(-0.000726749 -0.000413142 -65.2341)
(-0.000703053 -0.000398068 -50.5856)
(-0.000683885 -0.000385257 -38.2128)
(-0.000662897 -0.000371778 -28.3258)
(-0.000605238 -0.000339101 -21.1517)
(-0.000629453 -0.000360213 -16.6358)
(0.0019763 0.00114102 -423.826)
(0.000938545 0.000541869 -415.837)
(0.00101695 0.000587138 -405.731)
(0.000915229 0.000528407 -393.301)
(0.000828465 0.000478314 -378.74)
(0.00074814 0.000431938 -362.249)
(0.000673791 0.000389013 -344.039)
(0.000601683 0.000347381 -324.325)
(0.000523899 0.000302473 -303.326)
(0.000427191 0.000246639 -281.27)
(0.00029487 0.000170243 -258.396)
(0.000110724 6.39264e-05 -234.962)
(-0.000130141 -7.51371e-05 -211.248)
(-0.000408147 -0.000235644 -187.565)
(-0.000691872 -0.000399452 -164.252)
(-0.000933594 -0.00053901 -141.663)
(-0.00109605 -0.000632805 -120.144)
(-0.00116932 -0.000675104 -100.01)
(-0.00117258 -0.00067699 -81.5295)
(-0.0011401 -0.000658237 -64.9231)
(-0.00110281 -0.000636706 -50.3825)
(-0.00106773 -0.000616453 -38.0955)
(-0.00101922 -0.000588444 -28.2707)
(-0.000886122 -0.000511603 -21.1346)
(-0.000845131 -0.000487936 -16.6338)
(0.000975867 0.000563416 -425.951)
(0.000917012 0.000529435 -417.928)
(0.000883623 0.000510158 -407.795)
(0.000787293 0.000454542 -395.322)
(0.000700804 0.000404608 -380.705)
(0.000621286 0.000358699 -364.146)
(0.000547714 0.000316222 -345.856)
(0.000475626 0.000274602 -326.051)
(0.000396216 0.000228755 -304.951)
(0.000295164 0.000170412 -282.785)
(0.000154394 8.91389e-05 -259.793)
(-4.10367e-05 -2.36925e-05 -236.231)
(-0.000294458 -0.000170005 -212.383)
(-0.000587365 -0.000339114 -188.561)
(-0.000882047 -0.000509248 -165.107)
(-0.00112817 -0.000651346 -142.377)
(-0.00128776 -0.000743488 -120.722)
(-0.00135267 -0.000780963 -100.463)
(-0.00134468 -0.000776351 -81.8687)
(-0.00130055 -0.000750872 -65.1632)
(-0.00125001 -0.000721689 -50.5395)
(-0.00119833 -0.000691855 -38.1864)
(-0.00111369 -0.00064299 -28.3136)
(-0.000922421 -0.000532558 -21.1483)
(-0.000752186 -0.000434273 -16.6356)
(0.000877562 0.000655899 -423.389)
(0.000508744 0.000951136 -415.398)
(0.000495654 0.000909841 -405.3)
(0.000451322 0.00079993 -392.88)
(0.000409593 0.000703379 -378.332)
(0.000371289 0.000614498 -361.857)
(0.000335427 0.000532592 -343.664)
(0.000299109 0.000453627 -323.969)
(0.000257035 0.000368712 -302.992)
(0.00020111 0.000263123 -280.959)
(0.000121844 0.000117654 -258.111)
(1.25501e-05 -8.47114e-05 -234.703)
(-0.000129428 -0.000347159 -211.016)
(-0.000282603 -0.000661684 -187.362)
(-0.000432896 -0.000982134 -164.078)
(-0.000552923 -0.00125557 -141.517)
(-0.000625892 -0.00143799 -120.025)
(-0.00065073 -0.00151725 -99.9169)
(-0.000640332 -0.00151551 -81.4589)
(-0.000613696 -0.00147231 -64.872)
(-0.000585523 -0.00142034 -50.3475)
(-0.000559936 -0.00136386 -38.0733)
(-0.000520765 -0.00126799 -28.2577)
(-0.000454868 -0.00102629 -21.1277)
(-0.000394642 -0.000811082 -16.6315)
(-0.000991209 -0.000438365 -423.39)
(-0.00107665 3.82172e-05 -415.398)
(-0.00103258 2.85126e-05 -405.301)
(-0.000915065 1.20209e-05 -392.881)
(-0.000810439 -5.77082e-07 -378.332)
(-0.000714136 -1.22264e-05 -361.857)
(-0.000625051 -2.23471e-05 -343.664)
(-0.0005383 -3.08802e-05 -323.969)
(-0.000443452 -3.73091e-05 -302.992)
(-0.000323741 -4.20089e-05 -280.959)
(-0.000157779 -4.67712e-05 -258.111)
(7.22841e-05 -5.4017e-05 -234.703)
(0.000370912 -6.32907e-05 -211.016)
(0.000720116 -8.8733e-05 -187.362)
(0.00107303 -0.000119527 -164.078)
(0.00137004 -0.000153008 -141.517)
(0.00156466 -0.000181966 -120.025)
(0.00164579 -0.000201402 -99.9169)
(0.00163937 -0.000210738 -81.4588)
(0.00158873 -0.000213397 -64.8719)
(0.00153026 -0.000212969 -50.3475)
(0.0014692 -0.000207127 -38.0732)
(0.00136693 -0.000192442 -28.2577)
(0.00112393 -0.000127511 -21.1277)
(0.000902496 -7.0532e-05 -16.6315)
(-0.000952088 -0.000549687 -425.95)
(-0.000911791 -0.000526421 -417.928)
(-0.000875842 -0.000505667 -407.795)
(-0.000779039 -0.000449778 -395.322)
(-0.000692415 -0.000399765 -380.705)
(-0.000612664 -0.000353721 -364.146)
(-0.000538661 -0.000310996 -345.856)
(-0.000466309 -0.000269223 -326.051)
(-0.000386435 -0.000223108 -304.951)
(-0.000284774 -0.000164414 -282.785)
(-0.000143527 -8.28649e-05 -259.793)
(5.18891e-05 2.99581e-05 -236.231)
(0.000305759 0.00017653 -212.383)
(0.000598906 0.000345778 -188.561)
(0.000893943 0.000516117 -165.107)
(0.00114043 0.000658425 -142.377)
(0.00130023 0.000750686 -120.722)
(0.00136505 0.000788111 -100.463)
(0.00135747 0.000783733 -81.8686)
(0.00131369 0.000758456 -65.1632)
(0.00126396 0.000729747 -50.5395)
(0.00121336 0.00070053 -38.1864)
(0.00112949 0.00065211 -28.3136)
(0.000936664 0.000540782 -21.1483)
(0.000759356 0.000438413 -16.6356)
)
;

boundaryField
{
    outletCentralUnloaded
    {
        type            zeroGradient;
    }
    inletCentralUnloaded
    {
        type            fixedValue;
        value           uniform (0 0 -15);
    }
    outletFuelElement
    {
        type            zeroGradient;
    }
    inletFuelElement
    {
        type            fixedValue;
        value           uniform (0 0 -15);
    }
    defaultFaces
    {
        type            slip;
    }
    baffle_master
    {
        type            slip;
    }
    baffle_slave
    {
        type            slip;
    }
}


// ************************************************************************* //
