/*--------------------------------*- C++ -*----------------------------------*\
| =========                 |                                                 |
| \\      /  F ield         | OpenFOAM: The Open Source CFD Toolbox           |
|  \\    /   O peration     | Version:  2212                                  |
|   \\  /    A nd           | Website:  www.openfoam.com                      |
|    \\/     M anipulation  |                                                 |
\*---------------------------------------------------------------------------*/
FoamFile
{
    version     2.0;
    format      ascii;
    arch        "LSB;label=32;scalar=64";
    class       volScalarField;
    location    "38/neutroRegion";
    object      TFuel;
}
// * * * * * * * * * * * * * * * * * * * * * * * * * * * * * * * * * * * * * //

dimensions      [0 0 0 1 0 0 0];

internalField   nonuniform List<scalar> 
350
(
0
0
0
0
0
0
0
0
0
0
0
0
0
0
0
0
0
0
0
0
0
0
0
0
0
0
0
0
0
0
0
0
0
0
0
0
0
0
0
0
0
0
0
0
0
0
0
0
0
0
2171.86
2956.98
3711.62
4424.28
5084.08
5680.88
6205.51
6649.89
7007.14
7271.76
7439.66
7508.25
7476.51
7345.03
7115.96
6792.94
6380.98
5886.15
5315.12
4674.71
3970.5
3206.15
2381.86
1497.5
566.378
2203.45
2997.75
3761.15
4482.02
5149.33
5752.85
6283.29
6732.49
7093.5
7360.74
7530.09
7598.94
7566.26
7432.63
7200.24
6872.81
6455.42
5954.26
5376.13
4727.95
4015.42
3242.22
2408.46
1513.85
571.868
2166.74
2950.41
3703.67
4415.05
5073.67
5669.42
6193.14
6636.76
6993.43
7257.65
7425.32
7493.88
7462.3
7331.17
7102.62
6780.3
6369.21
5875.38
5305.48
4666.3
3963.42
3200.47
2377.69
1494.94
565.512
2196.33
2988.5
3749.86
4468.83
5134.4
5736.36
6265.45
6713.52
7073.66
7340.29
7509.29
7578.07
7545.6
7412.46
7180.83
6854.41
6438.27
5938.57
5362.07
4715.68
4005.07
3233.9
2402.33
1510.08
570.603
2196.33
2988.5
3749.86
4468.83
5134.4
5736.36
6265.45
6713.52
7073.66
7340.29
7509.29
7578.07
7545.6
7412.46
7180.83
6854.41
6438.27
5938.57
5362.07
4715.68
4005.07
3233.9
2402.33
1510.08
570.603
2166.74
2950.41
3703.67
4415.05
5073.67
5669.42
6193.14
6636.76
6993.44
7257.65
7425.32
7493.88
7462.31
7331.17
7102.62
6780.3
6369.21
5875.38
5305.48
4666.3
3963.42
3200.48
2377.69
1494.94
565.512
2203.45
2997.75
3761.15
4482.02
5149.33
5752.85
6283.29
6732.49
7093.5
7360.74
7530.09
7598.94
7566.25
7432.63
7200.24
6872.81
6455.42
5954.26
5376.13
4727.95
4015.42
3242.22
2408.46
1513.85
571.868
2171.86
2956.98
3711.62
4424.28
5084.08
5680.88
6205.51
6649.88
7007.14
7271.76
7439.66
7508.25
7476.51
7345.03
7115.96
6792.94
6380.98
5886.15
5315.12
4674.71
3970.5
3206.15
2381.86
1497.5
566.378
2196.33
2988.5
3749.86
4468.83
5134.4
5736.36
6265.45
6713.52
7073.66
7340.29
7509.29
7578.07
7545.6
7412.46
7180.83
6854.41
6438.27
5938.57
5362.07
4715.68
4005.07
3233.9
2402.33
1510.08
570.603
2166.74
2950.41
3703.67
4415.05
5073.67
5669.42
6193.14
6636.76
6993.43
7257.65
7425.32
7493.88
7462.3
7331.17
7102.62
6780.3
6369.21
5875.38
5305.48
4666.3
3963.42
3200.47
2377.69
1494.94
565.512
2166.74
2950.41
3703.67
4415.05
5073.67
5669.42
6193.14
6636.76
6993.44
7257.65
7425.32
7493.88
7462.31
7331.17
7102.62
6780.3
6369.21
5875.38
5305.48
4666.3
3963.42
3200.47
2377.69
1494.94
565.512
2196.33
2988.5
3749.86
4468.83
5134.4
5736.36
6265.45
6713.52
7073.66
7340.29
7509.29
7578.07
7545.6
7412.46
7180.83
6854.41
6438.27
5938.57
5362.07
4715.68
4005.07
3233.9
2402.33
1510.08
570.603
)
;

boundaryField
{
    outletCentralUnloaded
    {
        type            zeroGradient;
    }
    inletCentralUnloaded
    {
        type            zeroGradient;
    }
    outletFuelElement
    {
        type            zeroGradient;
    }
    inletFuelElement
    {
        type            zeroGradient;
    }
    defaultFaces
    {
        type            zeroGradient;
    }
}


// ************************************************************************* //
