/*--------------------------------*- C++ -*----------------------------------*\
| =========                 |                                                 |
| \\      /  F ield         | OpenFOAM: The Open Source CFD Toolbox           |
|  \\    /   O peration     | Version:  2212                                  |
|   \\  /    A nd           | Website:  www.openfoam.com                      |
|    \\/     M anipulation  |                                                 |
\*---------------------------------------------------------------------------*/
FoamFile
{
    version     2.0;
    format      ascii;
    arch        "LSB;label=32;scalar=64";
    class       volScalarField;
    location    "81/neutroRegion";
    object      fluxStar0;
}
// * * * * * * * * * * * * * * * * * * * * * * * * * * * * * * * * * * * * * //

dimensions      [0 -2 -1 0 0 0 0];

internalField   nonuniform List<scalar> 
350
(
9.87141e+18
2.94585e+19
4.85811e+19
6.69374e+19
8.42381e+19
1.0021e+20
1.14602e+20
1.27187e+20
1.37765e+20
1.46171e+20
1.52272e+20
1.55971e+20
1.57211e+20
1.55971e+20
1.52272e+20
1.46171e+20
1.37765e+20
1.27187e+20
1.14602e+20
1.0021e+20
8.42381e+19
6.69374e+19
4.85811e+19
2.94585e+19
9.87141e+18
9.87141e+18
2.94585e+19
4.85811e+19
6.69374e+19
8.42381e+19
1.0021e+20
1.14602e+20
1.27187e+20
1.37765e+20
1.46171e+20
1.52272e+20
1.55971e+20
1.57211e+20
1.55971e+20
1.52272e+20
1.46171e+20
1.37765e+20
1.27187e+20
1.14602e+20
1.0021e+20
8.42381e+19
6.69374e+19
4.85811e+19
2.94585e+19
9.87141e+18
9.91947e+18
2.9602e+19
4.88176e+19
6.72634e+19
8.46483e+19
1.00698e+20
1.1516e+20
1.27806e+20
1.38436e+20
1.46883e+20
1.53013e+20
1.56731e+20
1.57976e+20
1.56731e+20
1.53013e+20
1.46883e+20
1.38436e+20
1.27806e+20
1.1516e+20
1.00698e+20
8.46483e+19
6.72634e+19
4.88176e+19
2.9602e+19
9.91947e+18
9.913e+18
2.95826e+19
4.87857e+19
6.72194e+19
8.4593e+19
1.00633e+20
1.15085e+20
1.27722e+20
1.38346e+20
1.46787e+20
1.52913e+20
1.56628e+20
1.57873e+20
1.56628e+20
1.52913e+20
1.46787e+20
1.38346e+20
1.27722e+20
1.15085e+20
1.00633e+20
8.4593e+19
6.72194e+19
4.87857e+19
2.95826e+19
9.913e+18
9.92057e+18
2.96053e+19
4.8823e+19
6.72708e+19
8.46577e+19
1.00709e+20
1.15173e+20
1.2782e+20
1.38451e+20
1.46899e+20
1.5303e+20
1.56748e+20
1.57994e+20
1.56748e+20
1.5303e+20
1.46899e+20
1.38451e+20
1.2782e+20
1.15173e+20
1.00709e+20
8.46577e+19
6.72708e+19
4.8823e+19
2.96053e+19
9.92057e+18
9.91446e+18
2.9587e+19
4.8793e+19
6.72294e+19
8.46056e+19
1.00647e+20
1.15102e+20
1.27741e+20
1.38366e+20
1.46809e+20
1.52936e+20
1.56652e+20
1.57897e+20
1.56652e+20
1.52936e+20
1.46809e+20
1.38366e+20
1.27741e+20
1.15102e+20
1.00647e+20
8.46056e+19
6.72294e+19
4.8793e+19
2.9587e+19
9.91447e+18
9.91446e+18
2.9587e+19
4.8793e+19
6.72294e+19
8.46056e+19
1.00647e+20
1.15102e+20
1.27741e+20
1.38366e+20
1.46809e+20
1.52936e+20
1.56652e+20
1.57897e+20
1.56652e+20
1.52936e+20
1.46809e+20
1.38366e+20
1.27741e+20
1.15102e+20
1.00647e+20
8.46056e+19
6.72294e+19
4.8793e+19
2.9587e+19
9.91446e+18
9.92057e+18
2.96053e+19
4.8823e+19
6.72708e+19
8.46577e+19
1.00709e+20
1.15173e+20
1.2782e+20
1.38451e+20
1.46899e+20
1.5303e+20
1.56748e+20
1.57994e+20
1.56748e+20
1.5303e+20
1.46899e+20
1.38451e+20
1.2782e+20
1.15173e+20
1.00709e+20
8.46577e+19
6.72708e+19
4.8823e+19
2.96053e+19
9.92057e+18
9.913e+18
2.95826e+19
4.87857e+19
6.72194e+19
8.4593e+19
1.00633e+20
1.15085e+20
1.27722e+20
1.38346e+20
1.46787e+20
1.52913e+20
1.56628e+20
1.57873e+20
1.56628e+20
1.52913e+20
1.46787e+20
1.38346e+20
1.27722e+20
1.15085e+20
1.00633e+20
8.4593e+19
6.72194e+19
4.87857e+19
2.95826e+19
9.913e+18
9.91947e+18
2.9602e+19
4.88176e+19
6.72634e+19
8.46483e+19
1.00698e+20
1.1516e+20
1.27806e+20
1.38436e+20
1.46883e+20
1.53013e+20
1.56731e+20
1.57976e+20
1.56731e+20
1.53013e+20
1.46883e+20
1.38436e+20
1.27806e+20
1.1516e+20
1.00698e+20
8.46483e+19
6.72634e+19
4.88176e+19
2.9602e+19
9.91947e+18
9.91447e+18
2.9587e+19
4.8793e+19
6.72294e+19
8.46056e+19
1.00647e+20
1.15102e+20
1.27741e+20
1.38366e+20
1.46809e+20
1.52936e+20
1.56652e+20
1.57897e+20
1.56652e+20
1.52936e+20
1.46809e+20
1.38366e+20
1.27741e+20
1.15102e+20
1.00647e+20
8.46056e+19
6.72294e+19
4.8793e+19
2.9587e+19
9.91447e+18
9.92057e+18
2.96053e+19
4.8823e+19
6.72708e+19
8.46577e+19
1.00709e+20
1.15173e+20
1.2782e+20
1.38451e+20
1.46899e+20
1.5303e+20
1.56748e+20
1.57994e+20
1.56748e+20
1.5303e+20
1.46899e+20
1.38451e+20
1.2782e+20
1.15173e+20
1.00709e+20
8.46577e+19
6.72708e+19
4.8823e+19
2.96053e+19
9.92057e+18
9.92057e+18
2.96053e+19
4.8823e+19
6.72708e+19
8.46577e+19
1.00709e+20
1.15173e+20
1.2782e+20
1.38451e+20
1.46899e+20
1.5303e+20
1.56748e+20
1.57994e+20
1.56748e+20
1.5303e+20
1.46899e+20
1.38451e+20
1.2782e+20
1.15173e+20
1.00709e+20
8.46577e+19
6.72708e+19
4.8823e+19
2.96053e+19
9.92057e+18
9.91447e+18
2.9587e+19
4.8793e+19
6.72294e+19
8.46056e+19
1.00647e+20
1.15102e+20
1.27741e+20
1.38366e+20
1.46809e+20
1.52936e+20
1.56652e+20
1.57897e+20
1.56652e+20
1.52936e+20
1.46809e+20
1.38366e+20
1.27741e+20
1.15102e+20
1.00647e+20
8.46056e+19
6.72294e+19
4.8793e+19
2.9587e+19
9.91447e+18
)
;

boundaryField
{
    outletCentralUnloaded
    {
        type            fixedValue;
        value           uniform 0;
    }
    inletCentralUnloaded
    {
        type            fixedValue;
        value           uniform 0;
    }
    outletFuelElement
    {
        type            fixedValue;
        value           uniform 0;
    }
    inletFuelElement
    {
        type            fixedValue;
        value           uniform 0;
    }
    defaultFaces
    {
        type            zeroGradient;
    }
}


// ************************************************************************* //
