/*--------------------------------*- C++ -*----------------------------------*\
| =========                 |                                                 |
| \\      /  F ield         | OpenFOAM: The Open Source CFD Toolbox           |
|  \\    /   O peration     | Version:  2212                                  |
|   \\  /    A nd           | Website:  www.openfoam.com                      |
|    \\/     M anipulation  |                                                 |
\*---------------------------------------------------------------------------*/
FoamFile
{
    version     2.0;
    format      ascii;
    arch        "LSB;label=32;scalar=64";
    class       volScalarField;
    location    "23/neutroRegion";
    object      TFuel;
}
// * * * * * * * * * * * * * * * * * * * * * * * * * * * * * * * * * * * * * //

dimensions      [0 0 0 1 0 0 0];

internalField   nonuniform List<scalar> 
350
(
0
0
0
0
0
0
0
0
0
0
0
0
0
0
0
0
0
0
0
0
0
0
0
0
0
0
0
0
0
0
0
0
0
0
0
0
0
0
0
0
0
0
0
0
0
0
0
0
0
0
1791.88
2521.92
3225.05
3890.58
4508.36
5068.95
5563.78
5985.26
6326.93
6583.59
6751.32
6827.62
6811.4
6703.04
6504.34
6218.43
5849.68
5403.4
4885.56
4302.43
3659.59
2961.78
2212.18
1414.89
582.863
1815.42
2554.03
3265.36
3938.6
4563.49
5130.48
5630.88
6057.04
6402.43
6661.76
6831.1
6907.9
6891.09
6781.03
6579.56
6289.88
5916.42
5464.59
4940.46
4350.38
3700.03
2994.16
2235.94
1429.43
587.743
1788.05
2516.74
3218.58
3882.89
4499.55
5059.14
5553.09
5973.83
6314.93
6571.17
6738.66
6814.88
6798.76
6690.68
6492.41
6207.11
5839.1
5393.71
4876.87
4294.84
3653.2
2956.67
2208.44
1412.61
582.091
1810.11
2546.73
3256.17
3927.63
4550.87
5116.37
5615.48
6040.55
6385.08
6643.79
6812.75
6889.43
6872.75
6763.08
6562.24
6273.43
5901.05
5450.5
4927.81
4339.33
3690.71
2986.7
2230.46
1426.08
586.619
1810.11
2546.73
3256.17
3927.63
4550.87
5116.37
5615.48
6040.55
6385.08
6643.79
6812.75
6889.43
6872.75
6763.08
6562.24
6273.43
5901.05
5450.5
4927.81
4339.33
3690.71
2986.7
2230.46
1426.08
586.619
1788.05
2516.74
3218.58
3882.89
4499.55
5059.14
5553.09
5973.83
6314.93
6571.17
6738.66
6814.88
6798.76
6690.68
6492.41
6207.11
5839.1
5393.71
4876.87
4294.84
3653.2
2956.67
2208.44
1412.61
582.092
1815.42
2554.03
3265.36
3938.6
4563.49
5130.48
5630.88
6057.04
6402.43
6661.76
6831.1
6907.9
6891.09
6781.03
6579.56
6289.88
5916.42
5464.59
4940.46
4350.38
3700.02
2994.16
2235.94
1429.43
587.743
1791.88
2521.92
3225.05
3890.58
4508.36
5068.95
5563.78
5985.26
6326.93
6583.59
6751.32
6827.62
6811.4
6703.04
6504.34
6218.43
5849.68
5403.4
4885.56
4302.43
3659.59
2961.78
2212.18
1414.89
582.863
1810.11
2546.73
3256.17
3927.63
4550.87
5116.37
5615.48
6040.55
6385.08
6643.79
6812.75
6889.43
6872.75
6763.08
6562.24
6273.43
5901.05
5450.5
4927.81
4339.33
3690.71
2986.7
2230.46
1426.08
586.619
1788.05
2516.74
3218.58
3882.89
4499.55
5059.14
5553.09
5973.83
6314.93
6571.17
6738.65
6814.88
6798.76
6690.68
6492.41
6207.11
5839.1
5393.71
4876.87
4294.84
3653.2
2956.67
2208.44
1412.61
582.092
1788.05
2516.74
3218.58
3882.89
4499.55
5059.14
5553.09
5973.83
6314.93
6571.17
6738.66
6814.88
6798.76
6690.68
6492.41
6207.11
5839.1
5393.71
4876.87
4294.84
3653.2
2956.67
2208.44
1412.61
582.092
1810.11
2546.73
3256.17
3927.63
4550.87
5116.37
5615.48
6040.55
6385.08
6643.79
6812.75
6889.43
6872.75
6763.08
6562.24
6273.43
5901.05
5450.5
4927.81
4339.33
3690.71
2986.7
2230.46
1426.08
586.619
)
;

boundaryField
{
    outletCentralUnloaded
    {
        type            zeroGradient;
    }
    inletCentralUnloaded
    {
        type            zeroGradient;
    }
    outletFuelElement
    {
        type            zeroGradient;
    }
    inletFuelElement
    {
        type            zeroGradient;
    }
    defaultFaces
    {
        type            zeroGradient;
    }
}


// ************************************************************************* //
