/*--------------------------------*- C++ -*----------------------------------*\
| =========                 |                                                 |
| \\      /  F ield         | OpenFOAM: The Open Source CFD Toolbox           |
|  \\    /   O peration     | Version:  2212                                  |
|   \\  /    A nd           | Website:  www.openfoam.com                      |
|    \\/     M anipulation  |                                                 |
\*---------------------------------------------------------------------------*/
FoamFile
{
    version     2.0;
    format      ascii;
    arch        "LSB;label=32;scalar=64";
    class       volScalarField;
    location    "21/neutroRegion";
    object      TCool;
}
// * * * * * * * * * * * * * * * * * * * * * * * * * * * * * * * * * * * * * //

dimensions      [0 0 0 1 0 0 0];

internalField   nonuniform List<scalar> 
350
(
83.2884
83.2889
83.2894
83.2899
83.2904
83.2909
83.2914
83.2919
83.2924
83.2929
83.2933
83.2938
83.2943
83.2948
83.2953
83.2958
83.2963
83.2968
83.2972
83.2977
83.2982
83.2987
83.2991
83.2996
83.3
83.2884
83.2889
83.2894
83.2899
83.2904
83.2909
83.2914
83.2919
83.2924
83.2929
83.2933
83.2938
83.2943
83.2948
83.2953
83.2958
83.2963
83.2968
83.2972
83.2977
83.2982
83.2987
83.2991
83.2996
83.3
1618.48
1617.98
1605.84
1582.25
1547.52
1502.09
1446.52
1381.5
1307.86
1226.55
1138.67
1045.52
948.556
849.423
749.924
651.934
557.294
467.708
384.68
309.521
243.406
187.467
142.805
110.36
90.5824
1642.13
1641.95
1629.93
1606.26
1571.26
1525.36
1469.13
1403.27
1328.6
1246.1
1156.88
1062.24
963.642
862.778
761.485
661.687
565.285
474.04
389.502
313.015
245.773
188.921
143.572
110.67
90.6488
1614.62
1614.08
1601.94
1578.38
1543.71
1498.37
1442.92
1378.05
1304.58
1223.47
1135.82
1042.92
946.215
847.362
748.149
650.445
556.081
466.753
383.958
309.002
243.057
187.254
142.693
110.314
90.5717
1636.82
1636.55
1624.49
1600.83
1565.88
1520.07
1463.98
1398.3
1323.87
1241.63
1152.71
1058.4
960.176
859.706
758.821
659.437
563.44
472.577
388.387
312.206
245.224
188.584
143.394
110.598
90.6335
1636.82
1636.55
1624.49
1600.83
1565.88
1520.07
1463.98
1398.3
1323.87
1241.63
1152.71
1058.4
960.176
859.706
758.822
659.437
563.44
472.577
388.387
312.206
245.225
188.584
143.394
110.598
90.6335
1614.62
1614.08
1601.94
1578.38
1543.71
1498.37
1442.92
1378.05
1304.58
1223.47
1135.82
1042.92
946.216
847.363
748.15
650.446
556.082
466.753
383.958
309.003
243.058
187.254
142.693
110.314
90.5717
1642.13
1641.95
1629.93
1606.26
1571.26
1525.36
1469.13
1403.27
1328.6
1246.1
1156.88
1062.24
963.642
862.778
761.485
661.687
565.285
474.04
389.503
313.015
245.773
188.921
143.572
110.67
90.6488
1618.48
1617.98
1605.84
1582.25
1547.52
1502.09
1446.52
1381.5
1307.86
1226.55
1138.67
1045.52
948.556
849.423
749.924
651.934
557.294
467.708
384.68
309.521
243.406
187.467
142.805
110.36
90.5824
1636.82
1636.55
1624.49
1600.83
1565.88
1520.07
1463.98
1398.3
1323.87
1241.63
1152.71
1058.4
960.176
859.706
758.821
659.437
563.44
472.577
388.387
312.206
245.225
188.584
143.394
110.598
90.6335
1614.62
1614.08
1601.94
1578.38
1543.71
1498.37
1442.92
1378.05
1304.58
1223.47
1135.82
1042.92
946.215
847.361
748.149
650.445
556.081
466.753
383.958
309.002
243.057
187.254
142.693
110.314
90.5717
1614.62
1614.08
1601.94
1578.38
1543.71
1498.37
1442.92
1378.05
1304.58
1223.47
1135.82
1042.92
946.216
847.362
748.15
650.446
556.082
466.753
383.958
309.003
243.058
187.254
142.693
110.314
90.5717
1636.82
1636.55
1624.49
1600.83
1565.88
1520.07
1463.98
1398.3
1323.87
1241.63
1152.71
1058.4
960.176
859.706
758.821
659.437
563.44
472.577
388.387
312.206
245.224
188.584
143.394
110.598
90.6335
)
;

boundaryField
{
    outletCentralUnloaded
    {
        type            zeroGradient;
    }
    inletCentralUnloaded
    {
        type            zeroGradient;
    }
    outletFuelElement
    {
        type            zeroGradient;
    }
    inletFuelElement
    {
        type            zeroGradient;
    }
    defaultFaces
    {
        type            zeroGradient;
    }
}


// ************************************************************************* //
