/*--------------------------------*- C++ -*----------------------------------*\
| =========                 |                                                 |
| \\      /  F ield         | OpenFOAM: The Open Source CFD Toolbox           |
|  \\    /   O peration     | Version:  2212                                  |
|   \\  /    A nd           | Website:  www.openfoam.com                      |
|    \\/     M anipulation  |                                                 |
\*---------------------------------------------------------------------------*/
FoamFile
{
    version     2.0;
    format      ascii;
    arch        "LSB;label=32;scalar=64";
    class       volScalarField;
    location    "21/neutroRegion";
    object      TFuel;
}
// * * * * * * * * * * * * * * * * * * * * * * * * * * * * * * * * * * * * * //

dimensions      [0 0 0 1 0 0 0];

internalField   nonuniform List<scalar> 
350
(
0
0
0
0
0
0
0
0
0
0
0
0
0
0
0
0
0
0
0
0
0
0
0
0
0
0
0
0
0
0
0
0
0
0
0
0
0
0
0
0
0
0
0
0
0
0
0
0
0
0
1666.16
2366.93
3042.38
3682.22
4276.7
4816.72
5294.03
5701.32
6032.37
6282.12
6446.79
6523.91
6512.41
6412.58
6226.07
5955.81
5605.9
5181.36
4687.87
4131.45
3517.64
2851.42
2136.69
1378.43
589.096
1687.09
2396.09
3079.43
3726.7
4328.02
4874.23
5356.94
5768.78
6103.45
6355.84
6522.13
6599.82
6587.83
6486.45
6297.38
6023.61
5669.28
5239.5
4740.05
4177.04
3556.08
2882.17
2159.22
1392.2
593.719
1662.75
2362.22
3036.43
3675.1
4268.49
4807.54
5284
5690.58
6021.06
6270.4
6434.82
6511.86
6500.44
6400.86
6214.75
5945.06
5595.85
5172.15
4679.6
4124.23
3511.56
2846.56
2133.14
1376.26
588.365
1682.36
2389.46
3070.97
3716.52
4316.27
4861.04
5342.5
5753.29
6087.12
6338.89
6504.8
6582.35
6570.47
6469.45
6280.96
6008
5654.68
5226.11
4728.03
4166.54
3547.22
2875.09
2154.03
1389.02
592.654
1682.36
2389.46
3070.98
3716.52
4316.27
4861.04
5342.5
5753.29
6087.12
6338.89
6504.8
6582.35
6570.47
6469.45
6280.96
6008
5654.68
5226.11
4728.03
4166.54
3547.22
2875.09
2154.03
1389.02
592.654
1662.75
2362.22
3036.43
3675.1
4268.49
4807.54
5284
5690.58
6021.06
6270.4
6434.82
6511.86
6500.44
6400.86
6214.75
5945.06
5595.85
5172.15
4679.6
4124.23
3511.56
2846.56
2133.14
1376.26
588.365
1687.09
2396.09
3079.43
3726.7
4328.02
4874.23
5356.94
5768.78
6103.45
6355.84
6522.13
6599.82
6587.82
6486.45
6297.38
6023.61
5669.28
5239.5
4740.05
4177.04
3556.08
2882.17
2159.22
1392.2
593.719
1666.16
2366.93
3042.38
3682.22
4276.7
4816.72
5294.03
5701.32
6032.37
6282.12
6446.79
6523.91
6512.41
6412.58
6226.07
5955.81
5605.9
5181.36
4687.87
4131.45
3517.64
2851.42
2136.69
1378.43
589.096
1682.36
2389.46
3070.98
3716.52
4316.27
4861.04
5342.5
5753.29
6087.12
6338.89
6504.8
6582.35
6570.47
6469.45
6280.96
6008
5654.68
5226.11
4728.03
4166.54
3547.22
2875.09
2154.03
1389.02
592.654
1662.75
2362.22
3036.43
3675.1
4268.49
4807.54
5284
5690.58
6021.06
6270.4
6434.82
6511.86
6500.44
6400.86
6214.75
5945.06
5595.85
5172.15
4679.6
4124.23
3511.56
2846.56
2133.14
1376.26
588.365
1662.75
2362.22
3036.43
3675.1
4268.49
4807.54
5284
5690.58
6021.06
6270.4
6434.82
6511.86
6500.44
6400.86
6214.75
5945.06
5595.85
5172.15
4679.6
4124.23
3511.56
2846.56
2133.14
1376.26
588.365
1682.36
2389.46
3070.98
3716.52
4316.27
4861.04
5342.5
5753.29
6087.12
6338.89
6504.8
6582.35
6570.47
6469.45
6280.96
6008
5654.68
5226.11
4728.03
4166.54
3547.22
2875.09
2154.03
1389.02
592.654
)
;

boundaryField
{
    outletCentralUnloaded
    {
        type            zeroGradient;
    }
    inletCentralUnloaded
    {
        type            zeroGradient;
    }
    outletFuelElement
    {
        type            zeroGradient;
    }
    inletFuelElement
    {
        type            zeroGradient;
    }
    defaultFaces
    {
        type            zeroGradient;
    }
}


// ************************************************************************* //
