/*--------------------------------*- C++ -*----------------------------------*\
| =========                 |                                                 |
| \\      /  F ield         | OpenFOAM: The Open Source CFD Toolbox           |
|  \\    /   O peration     | Version:  2212                                  |
|   \\  /    A nd           | Website:  www.openfoam.com                      |
|    \\/     M anipulation  |                                                 |
\*---------------------------------------------------------------------------*/
FoamFile
{
    version     2.0;
    format      ascii;
    arch        "LSB;label=32;scalar=64";
    class       surfaceScalarField;
    location    "37/fluidRegion";
    object      alphaRhoPhi;
}
// * * * * * * * * * * * * * * * * * * * * * * * * * * * * * * * * * * * * * //

dimensions      [1 0 -1 0 0 0 0];

oriented        oriented;

internalField   nonuniform List<scalar> 
661
(
-0.00584903
-1.54856e-10
-0.00584911
-1.89095e-10
-0.00584923
-1.51926e-10
-0.00584937
-9.09766e-11
-0.00584953
-1.78302e-11
-0.00584969
5.98424e-11
-0.00584982
1.31324e-10
-0.00584991
1.86138e-10
-0.00584995
2.18234e-10
-0.00584994
2.25963e-10
-0.00584988
2.10673e-10
-0.00584977
1.75689e-10
-0.00584963
1.25807e-10
-0.00584946
6.65111e-11
-0.00584928
3.07219e-12
-0.00584912
-6.01835e-11
-0.00584897
-1.19739e-10
-0.00584886
-1.71964e-10
-0.00584879
-2.12237e-10
-0.00584878
-2.35553e-10
-0.00584882
-2.39476e-10
-0.00584892
-2.2714e-10
-0.00584906
-1.89508e-10
-0.00584924
-1.24994e-11
3.98522e-10
-0.00584903
-0.00584911
-0.00584923
-0.00584937
-0.00584953
-0.00584969
-0.00584982
-0.00584991
-0.00584995
-0.00584994
-0.00584988
-0.00584977
-0.00584963
-0.00584946
-0.00584928
-0.00584912
-0.00584897
-0.00584886
-0.00584879
-0.00584878
-0.00584882
-0.00584892
-0.00584906
-0.00584924
-0.00938133
6.40828e-07
-0.00938156
3.17706e-07
-0.00938184
3.54395e-07
-0.00938209
3.28738e-07
-0.00938232
3.08795e-07
-0.00938255
2.91204e-07
-0.00938275
2.75664e-07
-0.00938295
2.60428e-07
-0.00938313
2.41489e-07
-0.00938329
2.11074e-07
-0.00938341
1.57074e-07
-0.00938345
6.26017e-08
-0.00938338
-8.881e-08
-0.00938312
-3.04674e-07
-0.00938261
-5.84831e-07
-0.00938181
-9.10849e-07
-0.00938067
-1.25738e-06
-0.0093792
-1.60893e-06
-0.00937737
-1.97775e-06
-0.00937511
-2.4139e-06
-0.00937226
-3.00741e-06
-0.00936858
-3.8509e-06
-0.00936377
-4.96807e-06
-0.0093581
-5.84168e-06
-7.10688e-06
-0.00929766
-2.01682e-08
-1.83577e-08
-0.0092972
-8.4516e-08
-8.47202e-08
-0.00929671
-8.18757e-08
-8.15671e-08
-0.00929627
-7.31964e-08
-7.26305e-08
-0.00929585
-6.59201e-08
-6.50985e-08
-0.00929547
-5.91608e-08
-5.82348e-08
-0.00929512
-5.28183e-08
-5.18288e-08
-0.00929479
-4.64567e-08
-4.54284e-08
-0.00929449
-3.89201e-08
-3.78657e-08
-0.00929425
-2.80264e-08
-2.69917e-08
-0.00929408
-9.9838e-09
-8.97205e-09
-0.00929407
2.00724e-08
2.10223e-08
-0.00929429
6.68133e-08
6.77285e-08
-0.00929485
1.37298e-07
1.38086e-07
-0.00929587
2.29552e-07
2.30176e-07
-0.00929743
3.39442e-07
3.39831e-07
-0.00929957
4.59522e-07
4.59594e-07
-0.00930231
5.85169e-07
5.84754e-07
-0.00930568
7.21106e-07
7.19762e-07
-0.00930982
8.84725e-07
8.81815e-07
-0.009315
1.10641e-06
1.10085e-06
-0.00932162
1.41157e-06
1.40142e-06
-0.00933009
1.77984e-06
1.76036e-06
-0.00933969
1.90899e-06
1.87932e-06
1.8621e-06
1.84681e-06
-0.00939505
3.19987e-07
-0.00939538
3.13318e-07
-0.00939572
3.09025e-07
-0.00939602
2.83463e-07
-0.00939629
2.61526e-07
-0.00939654
2.41848e-07
-0.00939677
2.2371e-07
-0.00939698
2.051e-07
-0.00939716
1.81284e-07
-0.00939731
1.43669e-07
-0.00939738
7.873e-08
-0.00939734
-3.04379e-08
-0.00939711
-2.01247e-07
-0.0093966
-4.42802e-07
-0.00939572
-7.52465e-07
-0.0093944
-1.1102e-06
-0.00939259
-1.48983e-06
-0.00939028
-1.87713e-06
-0.00938744
-2.2888e-06
-0.00938394
-2.78125e-06
-0.00937956
-3.44819e-06
-0.00937395
-4.3797e-06
-0.00936682
-5.51262e-06
-0.00935887
-6.18648e-06
-6.45225e-06
-0.00931642
1.47397e-09
-0.00931615
-5.74736e-11
-0.00931587
7.19701e-11
-0.00931562
5.12974e-11
-0.00931539
9.27289e-11
-0.00931518
1.23375e-10
-0.00931498
1.15778e-10
-0.00931481
1.44374e-10
-0.00931465
1.55157e-10
-0.00931453
1.3838e-10
-0.00931446
1.59839e-10
-0.00931449
2.07225e-10
-0.00931468
2.4263e-10
-0.00931509
2.65842e-10
-0.00931579
2.25445e-10
-0.00931684
1.07986e-10
-0.00931826
-1.42459e-11
-0.00932007
-4.90356e-11
-0.00932228
-2.00925e-10
-0.00932498
-3.75246e-10
-0.00932835
-4.88985e-10
-0.00933265
-1.1707e-09
-0.00933809
-2.67996e-09
-0.00934422
-5.08454e-09
-1.03579e-08
-0.00931643
-3.16848e-07
-0.00931616
-3.13505e-07
-0.00931588
-3.08824e-07
-0.00931563
-2.83293e-07
-0.0093154
-2.61284e-07
-0.00931519
-2.41561e-07
-0.009315
-2.23415e-07
-0.00931482
-2.04746e-07
-0.00931466
-1.80898e-07
-0.00931454
-1.43273e-07
-0.00931447
-7.82596e-08
-0.0093145
3.10462e-08
-0.00931469
2.01956e-07
-0.0093151
4.4361e-07
-0.00931581
7.53274e-07
-0.00931686
1.11091e-06
-0.00931828
1.49047e-06
-0.00932008
1.87782e-06
-0.00932229
2.28933e-06
-0.00932499
2.78152e-06
-0.00932836
3.4481e-06
-0.00933266
4.37822e-06
-0.0093381
5.50702e-06
-0.00934424
6.17492e-06
6.42785e-06
-0.00939505
1.81963e-08
-0.00939539
8.461e-08
-0.00939572
8.18822e-08
-0.00939602
7.32891e-08
-0.00939629
6.61307e-08
-0.00939654
5.93888e-08
-0.00939677
5.3097e-08
-0.00939698
4.67374e-08
-0.00939717
3.92359e-08
-0.00939731
2.83041e-08
-0.00939738
1.03079e-08
-0.00939734
-1.97287e-08
-0.00939711
-6.64028e-08
-0.0093966
-1.36827e-07
-0.00939571
-2.28981e-07
-0.00939439
-3.38783e-07
-0.00939258
-4.58617e-07
-0.00939027
-5.83894e-07
-0.00938743
-7.19439e-07
-0.00938393
-8.82733e-07
-0.00937955
-1.10394e-06
-0.00937393
-1.40851e-06
-0.0093668
-1.77663e-06
-0.00935885
-1.90561e-06
-1.85005e-06
-0.00929766
-6.40941e-07
-2.02593e-08
-0.0092972
-3.1777e-07
-8.45867e-08
-0.00929671
-3.54193e-07
-8.17229e-08
-0.00929627
-3.28377e-07
-7.28081e-08
-0.00929585
-3.08229e-07
-6.53613e-08
-0.00929547
-2.90601e-07
-5.85312e-08
-0.00929512
-2.74973e-07
-5.21452e-08
-0.00929479
-2.5973e-07
-4.57752e-08
-0.00929449
-2.40738e-07
-3.8229e-08
-0.00929425
-2.10366e-07
-2.73388e-08
-0.00929408
-1.56301e-07
-9.33339e-09
-0.00929407
-6.18258e-08
2.06143e-08
-0.00929429
8.96168e-08
6.7339e-08
-0.00929485
3.05448e-07
1.37748e-07
-0.00929587
5.85561e-07
2.30003e-07
-0.00929743
9.11409e-07
3.39994e-07
-0.00929957
1.25782e-06
4.60247e-07
-0.00930231
1.60911e-06
5.86121e-07
-0.00930568
1.97723e-06
7.22514e-07
-0.00930982
2.41181e-06
8.8695e-07
-0.00931499
3.00227e-06
1.11001e-06
-0.00932162
3.84067e-06
1.41724e-06
-0.00933009
4.9464e-06
1.7881e-06
-0.00933969
5.80228e-06
1.92294e-06
7.05272e-06
1.90829e-06
-0.00938133
-0.00938156
-0.00938184
-0.00938209
-0.00938232
-0.00938254
-0.00938275
-0.00938295
-0.00938313
-0.00938329
-0.00938341
-0.00938345
-0.00938338
-0.00938312
-0.00938261
-0.00938181
-0.00938067
-0.0093792
-0.00937737
-0.00937511
-0.00937226
-0.00936858
-0.00936377
-0.0093581
-0.00931642
-3.19975e-07
1.43003e-09
-0.00931615
-3.13276e-07
-1.52193e-10
-0.00931587
-3.08979e-07
3.01149e-11
-0.00931562
-2.83428e-07
3.32789e-11
-0.00931539
-2.61428e-07
2.23911e-11
-0.00931518
-2.41729e-07
1.60609e-12
-0.00931498
-2.23565e-07
1.25776e-11
-0.00931481
-2.04929e-07
-1.06603e-11
-0.00931465
-1.81071e-07
-1.67199e-11
-0.00931453
-1.43459e-07
-2.21883e-12
-0.00931446
-7.84247e-08
-4.28167e-11
-0.00931449
3.08292e-08
-9.66554e-11
-0.00931468
2.01772e-07
-1.90121e-10
-0.00931509
4.43456e-07
-3.40272e-10
-0.00931579
7.53236e-07
-5.16966e-10
-0.00931684
1.11106e-06
-7.86066e-10
-0.00931826
1.49099e-06
-1.27234e-09
-0.00932007
1.87893e-06
-2.19598e-09
-0.00932228
2.29167e-06
-3.59159e-09
-0.00932498
2.78605e-06
-5.937e-09
-0.00932835
3.45718e-06
-1.00853e-08
-0.00933265
4.39588e-06
-1.65511e-08
-0.00933809
5.54287e-06
-2.70039e-08
-0.00934423
6.23566e-06
-4.18727e-08
6.51638e-06
-5.88518e-08
-0.00939505
-0.00939538
-0.00939572
-0.00939602
-0.00939629
-0.00939654
-0.00939677
-0.00939698
-0.00939717
-0.00939731
-0.00939739
-0.00939734
-0.00939711
-0.0093966
-0.00939572
-0.0093944
-0.00939259
-0.00939028
-0.00938744
-0.00938394
-0.00937956
-0.00937395
-0.00936682
-0.00935888
-0.00939505
3.16744e-07
-0.00939539
3.13466e-07
-0.00939572
3.09099e-07
-0.00939602
2.83774e-07
-0.00939629
2.62061e-07
-0.00939654
2.42401e-07
-0.00939677
2.24359e-07
-0.00939698
2.05708e-07
-0.00939717
1.8194e-07
-0.00939731
1.44242e-07
-0.00939738
7.93079e-08
-0.00939734
-2.99676e-08
-0.00939711
-2.00757e-07
-0.0093966
-4.42405e-07
-0.00939571
-7.5202e-07
-0.00939439
-1.10974e-06
-0.00939258
-1.48918e-06
-0.00939027
-1.87638e-06
-0.00938743
-2.28804e-06
-0.00938393
-2.78107e-06
-0.00937955
-3.44966e-06
-0.00937393
-4.38481e-06
-0.0093668
-5.52552e-06
-0.00935885
-6.21127e-06
-6.45516e-06
-0.00931643
-0.00931616
-0.00931588
-0.00931563
-0.0093154
-0.00931519
-0.009315
-0.00931482
-0.00931466
-0.00931454
-0.00931447
-0.0093145
-0.00931469
-0.0093151
-0.00931581
-0.00931686
-0.00931828
-0.00932008
-0.00932229
-0.00932499
-0.00932836
-0.00933266
-0.0093381
-0.00934425
)
;

boundaryField
{
    outletCentralUnloaded
    {
        type            calculated;
        value           nonuniform List<scalar> 2(0.005849 0.005849);
    }
    inletCentralUnloaded
    {
        type            calculated;
        value           nonuniform List<scalar> 2(-0.0058737 -0.0058737);
    }
    outletFuelElement
    {
        type            calculated;
        value           nonuniform List<scalar> 
12
(
0.00938076
0.00929831
0.00939477
0.00931671
0.00931672
0.00939478
0.00929831
0.00938076
0.00931671
0.00939477
0.00939478
0.00931672
)
;
    }
    inletFuelElement
    {
        type            calculated;
        value           nonuniform List<scalar> 
12
(
-0.00952478
-0.00952479
-0.00952478
-0.00952478
-0.00952479
-0.00952478
-0.00952479
-0.00952478
-0.00952478
-0.00952478
-0.00952478
-0.00952479
)
;
    }
    defaultFaces
    {
        type            calculated;
        value           nonuniform List<scalar> 
450
(
1.25887e-23
-1.53903e-23
0
6.93481e-24
-2.1629e-25
0
5.22039e-24
9.54835e-24
0
-2.44926e-23
-5.65992e-24
0
-8.98122e-24
-1.81776e-23
0
-1.95732e-23
-1.07135e-23
0
-1.83696e-23
-5.93583e-24
0
-1.90404e-23
-5.42166e-24
0
-1.04167e-23
-9.37369e-24
0
-1.52146e-23
-7.10427e-24
0
-8.77251e-24
-4.04562e-24
0
-5.09663e-24
-1.79217e-24
0
6.32735e-24
3.45766e-24
0
1.54942e-23
1.21269e-23
0
3.10145e-23
7.89904e-24
0
6.45064e-23
2.66109e-23
0
5.46169e-23
-2.86558e-24
0
1.44538e-22
4.73074e-23
0
1.0459e-22
-1.30123e-22
0
-4.84354e-23
-1.32947e-22
0
-7.95584e-23
-2.79289e-23
0
2.04783e-22
-1.16575e-22
0
-1.66044e-22
-5.12528e-24
0
-2.07106e-22
4.69316e-23
0
-2.17665e-22
-2.38433e-22
0
1.21212e-23
0
1.13882e-23
0
3.88899e-24
0
8.02071e-24
0
-8.32602e-24
0
8.70195e-24
0
9.15934e-24
0
7.28453e-24
0
-3.89302e-24
0
2.79781e-24
0
2.28319e-24
0
0
0
-3.72029e-24
0
-1.25634e-23
0
-1.91171e-23
0
-2.21497e-23
0
6.52363e-23
0
-3.13149e-23
0
0
0
-9.62206e-23
0
-1.54796e-22
0
2.04702e-22
0
1.10725e-22
0
-2.24781e-22
0
-1.91799e-22
0
0
0
0
-3.9517e-24
4.10165e-24
-4.28639e-24
-4.51125e-24
0
7.66838e-24
0
-1.49896e-24
8.23867e-25
7.32771e-24
0
9.41728e-24
2.1831e-23
-7.72001e-23
0
-3.78954e-23
0
6.13138e-23
-1.62445e-22
-1.10075e-22
0
-9.58063e-23
0
0
0
0
0
0
0
0
0
0
0
0
0
0
0
0
0
0
0
0
0
0
0
0
0
-8.39162e-24
7.45922e-24
7.5921e-24
7.5921e-24
7.77798e-24
1.5556e-23
-8.0207e-24
-8.0207e-24
8.32601e-24
-8.32601e-24
-8.70194e-24
-4.35097e-24
-6.8695e-24
-6.8695e-24
-7.28452e-24
-2.42817e-24
1.1679e-23
-5.19068e-24
-1.3989e-24
-4.19671e-24
-1.90265e-24
-7.61061e-25
8.36603e-25
8.62747e-25
7.44058e-24
3.72029e-24
8.37558e-24
1.67512e-23
1.91171e-23
1.91171e-23
3.32245e-23
3.32245e-23
-2.60945e-23
6.52362e-23
6.26296e-23
6.26296e-23
-1.15094e-22
1.15094e-22
-1.44331e-22
-4.81102e-23
0
-6.19181e-23
-1.63761e-22
2.04701e-22
-1.10725e-22
-1.66088e-22
-7.4927e-23
-1.87317e-22
-1.91799e-22
-2.39748e-22
1.0081e-23
0
0
3.85985e-24
0
0
7.53653e-24
0
-2.32749e-23
-3.01932e-23
0
4.00015e-24
1.25393e-23
0
-4.15237e-24
-2.56703e-23
0
4.3398e-24
-2.58232e-23
0
4.56787e-24
-2.48975e-23
0
4.8438e-24
-1.03947e-23
0
-5.17724e-24
-1.9158e-23
0
2.79055e-24
-1.24774e-23
0
6.07271e-24
-6.23584e-24
0
8.34443e-25
5.86042e-24
-0
0
2.45886e-23
-0
-8.3544e-24
4.83838e-23
-0
-9.53488e-24
8.63422e-23
-0
-1.10483e-23
4.07957e-23
-0
0
1.61195e-22
-0
0
6.79011e-23
-0
-3.82878e-23
-5.58846e-23
-0
4.80233e-23
-4.42697e-23
-0
6.18208e-23
2.27785e-22
-0
8.17755e-23
-8.75739e-23
-0
-1.10622e-22
-4.20526e-23
-0
2.24661e-22
-1.72243e-22
-0
9.58832e-23
0
-3.74148e-24
3.83258e-24
0
4.10165e-24
4.28639e-24
0
-4.78336e-24
0
-5.51069e-24
0
8.23867e-25
3.66385e-24
8.24969e-24
9.41728e-24
2.1831e-23
-5.14667e-23
0
-7.57907e-23
0
0
-8.12224e-23
-2.20149e-22
1.49354e-22
9.58063e-23
1.39861e-23
0
7.59211e-24
0
3.88899e-24
0
1.20311e-23
0
-4.16301e-24
0
8.70195e-24
0
4.57967e-24
0
4.85635e-24
0
0
0
6.99452e-24
0
3.04425e-24
0
-1.67321e-24
0
-3.7203e-24
-0
-4.1878e-24
-0
-1.91171e-23
-0
-3.32245e-23
-0
6.52363e-23
-0
-6.26298e-23
-0
1.15094e-22
-0
-9.62206e-23
-0
-1.85755e-22
-0
2.04702e-22
-0
0
-0
-2.99708e-22
-0
-2.87698e-22
-0
-9.32403e-24
7.45922e-24
-7.5921e-24
1.13882e-23
-7.77798e-24
7.77798e-24
-4.01035e-24
-2.20569e-23
0
8.32601e-24
-2.17549e-24
-1.52284e-23
-2.28983e-24
-1.60288e-23
-2.42817e-24
-1.21409e-23
1.29767e-24
-5.19068e-24
-2.7978e-24
-9.79231e-24
-3.04424e-24
-4.56637e-24
8.36603e-25
4.07844e-24
0
1.67413e-23
1.25634e-23
3.76901e-23
1.91171e-23
6.69098e-23
2.21497e-23
7.75238e-23
-1.30472e-23
6.52362e-23
0
1.25259e-22
-7.67291e-23
1.34276e-22
0
-1.20276e-22
-3.09591e-23
-1.23836e-22
-4.09403e-23
2.04701e-22
2.21451e-22
-1.66088e-22
0
-1.49854e-22
-9.58993e-23
-2.39748e-22
-0
-0
-0
-0
-0
-0
-0
-0
-0
-0
-0
0
0
0
0
0
0
0
0
0
0
0
0
0
0
)
;
    }
    baffle_master
    {
        type            calculated;
        value           nonuniform List<scalar> 
150
(
2.05457e-27
0
-1.98769e-27
1.30442e-27
0
0
2.05526e-28
0
-1.98803e-27
4.70981e-28
0
1.98819e-27
-7.05692e-28
0
-4.97089e-28
-1.60155e-28
0
0
-4.43855e-28
0
0
-1.87115e-27
0
0
-1.56384e-27
0
7.95603e-27
-3.17121e-28
0
0
-2.3613e-27
0
0
2.4024e-27
0
0
-1.86408e-27
0
1.98965e-27
-7.83561e-28
0
9.94908e-28
-1.21625e-29
0
-6.21869e-29
6.21921e-28
0
9.95074e-28
9.75334e-27
0
5.97094e-27
-1.35768e-27
0
0
1.69458e-26
0
7.96259e-27
-8.63174e-29
0
0
6.32176e-28
0
3.98196e-27
-1.37104e-26
0
-3.98229e-27
7.01604e-28
0
0
-1.83093e-28
0
2.48934e-28
-1.28914e-28
0
0
0
-6.94147e-27
0
-3.97572e-27
-8.22499e-27
0
1.98803e-27
-4.70837e-27
0
1.98819e-27
-4.24081e-27
0
2.48545e-28
3.33011e-28
0
-9.94261e-28
1.8018e-27
-0
-1.98868e-27
5.65962e-27
-0
-3.97769e-27
3.22961e-27
-0
1.19341e-26
1.18735e-26
-0
0
6.20621e-27
-0
-3.97866e-27
6.92507e-27
-0
0
4.33996e-27
-0
0
4.38024e-27
-0
-1.98982e-27
3.66391e-27
-0
-1.24374e-28
2.03273e-28
-0
9.95074e-28
-1.44482e-27
0
-1.99031e-27
-4.90094e-27
0
0
-5.37498e-27
0
-3.98129e-27
1.0271e-27
0
-3.98163e-27
4.05367e-27
0
0
7.99281e-28
0
-7.96458e-27
1.53305e-26
0
-3.98262e-27
-7.12015e-27
0
2.48934e-28
7.76065e-29
0
0
-9.98189e-27
-0
)
;
    }
    baffle_slave
    {
        type            calculated;
        value           nonuniform List<scalar> 
150
(
-6.52653e-24
-0
0
-1.9007e-24
-0
3.74148e-24
1.74549e-24
-0
0
2.04578e-24
-0
3.9517e-24
-1.28358e-23
-0
-8.20331e-24
2.2022e-24
-0
-8.57278e-24
-3.44135e-24
-0
0
-1.82441e-24
-0
0
-2.3875e-24
-0
-2.55613e-24
7.2916e-25
-0
-2.75535e-24
-7.00003e-25
-0
-1.49896e-24
-1.07726e-24
0
-4.11934e-25
-2.85163e-25
0
0
3.2105e-26
0
0
-3.04202e-24
0
0
6.2666e-24
0
-2.1831e-23
-6.89438e-23
0
-1.02933e-22
-8.46567e-24
0
0
-8.01322e-23
0
-1.13686e-22
-1.48254e-24
0
-4.75749e-23
-2.48472e-23
0
-6.13138e-23
1.57047e-22
0
1.62445e-22
-5.15205e-24
0
1.10075e-22
6.29552e-23
0
-7.46768e-23
-1.12246e-23
0
0
-4.84125e-25
1.66026e-23
0
-1.35073e-25
9.18838e-24
0
3.36645e-24
1.03835e-23
0
-2.47327e-24
8.3677e-24
0
-2.66342e-25
-1.39214e-23
0
2.44098e-24
6.27294e-24
0
-5.76462e-24
8.35757e-24
0
-3.84195e-24
1.12071e-23
0
5.91883e-24
6.52583e-24
0
-1.40421e-24
6.09063e-24
0
5.12986e-25
4.62002e-24
0
8.69673e-25
2.6162e-24
0
5.04145e-24
-8.55489e-25
0
7.97099e-25
-5.48996e-24
0
1.87096e-23
-1.33775e-23
0
1.8071e-23
-2.28572e-23
0
-4.56238e-23
-2.95509e-23
0
-4.36966e-24
-2.78542e-23
0
-2.47754e-23
4.13205e-24
0
-7.76628e-24
3.16893e-23
0
-9.08221e-23
2.65196e-23
0
-2.0703e-22
1.68129e-22
0
-2.9576e-22
-1.04758e-22
0
3.68146e-23
7.57794e-23
0
-3.54551e-23
2.0354e-22
0
)
;
    }
}


// ************************************************************************* //
