/*--------------------------------*- C++ -*----------------------------------*\
| =========                 |                                                 |
| \\      /  F ield         | OpenFOAM: The Open Source CFD Toolbox           |
|  \\    /   O peration     | Version:  2212                                  |
|   \\  /    A nd           | Website:  www.openfoam.com                      |
|    \\/     M anipulation  |                                                 |
\*---------------------------------------------------------------------------*/
FoamFile
{
    version     2.0;
    format      ascii;
    arch        "LSB;label=32;scalar=64";
    class       volScalarField;
    location    "37/fluidRegion";
    object      deltaT;
}
// * * * * * * * * * * * * * * * * * * * * * * * * * * * * * * * * * * * * * //

dimensions      [0 0 0 1 0 0 0];

internalField   nonuniform List<scalar> 
350
(
0
0
0
0
0
0
0
0
0
0
0
0
0
0
0
0
0
0
0
0
0
0
0
0
0
0
0
0
0
0
0
0
0
0
0
0
0
0
0
0
0
0
0
0
0
0
0
0
0
0
14.7493
47.7642
80.5018
112.914
144.944
176.536
207.639
238.203
268.177
297.495
326.054
353.688
380.128
404.977
427.699
447.636
464.009
475.846
481.728
479.269
464.165
428.836
361.341
248.637
91.6457
14.8498
48.1351
81.137
113.809
146.093
177.934
209.281
240.086
270.302
299.867
328.686
356.6
383.344
408.518
431.572
451.827
468.482
480.549
486.606
484.264
469.19
433.706
365.645
251.664
92.7148
14.7332
47.7055
80.4009
112.772
144.761
176.314
207.377
237.903
267.838
297.115
325.633
353.222
379.614
404.412
427.083
446.972
463.304
475.108
480.968
478.498
463.398
428.105
360.708
248.198
91.4839
14.8261
48.0484
80.9889
113.601
145.826
177.609
208.899
239.649
269.809
299.317
328.077
355.927
382.601
407.7
430.678
450.86
467.449
479.462
485.479
483.11
468.028
432.579
364.648
250.962
92.4674
14.8261
48.0484
80.9889
113.601
145.826
177.609
208.899
239.649
269.809
299.317
328.077
355.927
382.601
407.7
430.678
450.86
467.449
479.462
485.479
483.11
468.028
432.579
364.648
250.962
92.4674
14.7332
47.7055
80.4009
112.772
144.761
176.314
207.377
237.902
267.838
297.115
325.633
353.222
379.614
404.412
427.083
446.972
463.304
475.108
480.968
478.498
463.398
428.106
360.709
248.199
91.484
14.8498
48.1351
81.1371
113.809
146.093
177.934
209.281
240.086
270.302
299.867
328.686
356.6
383.344
408.518
431.572
451.827
468.482
480.548
486.606
484.264
469.19
433.706
365.646
251.664
92.7148
14.7493
47.7642
80.5018
112.914
144.944
176.536
207.639
238.203
268.177
297.495
326.054
353.688
380.128
404.977
427.699
447.636
464.009
475.846
481.728
479.269
464.165
428.836
361.341
248.637
91.6457
14.8261
48.0484
80.9889
113.601
145.826
177.609
208.899
239.649
269.809
299.317
328.077
355.927
382.601
407.7
430.678
450.86
467.449
479.462
485.479
483.11
468.028
432.579
364.648
250.962
92.4674
14.7332
47.7055
80.401
112.772
144.761
176.314
207.377
237.902
267.838
297.115
325.633
353.222
379.614
404.412
427.083
446.972
463.304
475.108
480.968
478.498
463.398
428.106
360.708
248.198
91.4839
14.7332
47.7055
80.4009
112.772
144.761
176.314
207.377
237.902
267.838
297.115
325.633
353.222
379.614
404.412
427.083
446.972
463.304
475.108
480.968
478.498
463.398
428.106
360.709
248.199
91.484
14.8261
48.0484
80.9889
113.601
145.826
177.609
208.899
239.649
269.809
299.317
328.077
355.927
382.601
407.7
430.678
450.86
467.449
479.462
485.479
483.11
468.028
432.579
364.648
250.961
92.4674
)
;

boundaryField
{
    outletCentralUnloaded
    {
        type            calculated;
        value           uniform 0;
    }
    inletCentralUnloaded
    {
        type            calculated;
        value           uniform 0;
    }
    outletFuelElement
    {
        type            calculated;
        value           uniform 0;
    }
    inletFuelElement
    {
        type            calculated;
        value           uniform 616.7;
    }
    defaultFaces
    {
        type            calculated;
        value           nonuniform List<scalar> 
450
(
0
0
0
0
0
0
0
0
0
0
0
0
0
0
0
0
0
0
0
0
0
0
0
0
0
0
0
0
0
0
0
0
0
0
0
0
0
0
0
0
0
0
0
0
0
0
0
0
95.4142
95.4142
95.4142
194.786
194.786
194.786
286.721
286.721
286.721
369.785
369.785
369.785
442.721
442.721
442.721
504.344
504.344
504.344
553.433
553.433
553.433
588.835
588.835
588.835
609.875
609.875
609.875
0
0
0
0
0
0
0
0
0
0
0
0
0
0
0
0
0
0
0
0
0
0
0
0
0
0
0
0
0
0
0
0
96.8103
96.8103
195.885
195.885
287.552
287.552
370.383
370.383
443.123
443.123
504.589
504.589
553.562
553.562
588.888
588.888
609.887
609.887
0
0
0
0
0
0
0
0
0
0
0
0
0
0
0
0
88.2919
189.142
282.423
366.671
440.609
503.044
552.746
588.559
609.816
0
0
0
0
0
0
0
0
0
0
0
0
0
0
0
0
88.2919
189.142
282.423
366.671
440.609
503.044
552.746
588.559
609.816
0
0
0
0
0
0
0
0
0
0
0
0
0
0
0
0
0
0
0
0
0
0
0
0
0
0
0
0
0
0
0
0
96.8093
96.8093
195.884
195.884
287.551
287.551
370.382
370.382
443.122
443.122
504.588
504.588
553.562
553.562
588.888
588.888
609.887
609.887
0
0
0
0
0
0
0
0
0
0
0
0
0
0
0
0
0
0
0
0
0
0
0
0
0
0
0
0
0
0
0
0
0
0
0
0
0
0
0
0
0
0
0
0
0
0
0
0
95.4141
95.4141
95.4141
194.786
194.786
194.786
286.721
286.721
286.721
369.785
369.785
369.785
442.721
442.721
442.721
504.344
504.344
504.344
553.433
553.433
553.433
588.835
588.835
588.835
609.875
609.875
609.875
0
0
0
0
0
0
0
0
0
0
0
0
0
0
0
0
88.2919
189.142
282.423
366.671
440.609
503.044
552.746
588.559
609.816
0
0
0
0
0
0
0
0
0
0
0
0
0
0
0
0
0
0
0
0
0
0
0
0
0
0
0
0
0
0
0
0
96.8104
96.8104
195.885
195.885
287.552
287.552
370.383
370.383
443.123
443.123
504.589
504.589
553.562
553.562
588.888
588.888
609.887
609.887
0
0
0
0
0
0
0
0
0
0
0
0
0
0
0
0
0
0
0
0
0
0
0
0
0
0
0
0
0
0
0
0
96.8093
96.8093
195.884
195.884
287.551
287.551
370.382
370.382
443.122
443.122
504.588
504.588
553.562
553.562
588.888
588.888
609.887
609.887
0
0
0
0
0
0
0
0
0
0
0
0
0
0
0
0
88.2919
189.142
282.423
366.671
440.609
503.044
552.746
588.559
609.816
)
;
    }
    baffle_master
    {
        type            calculated;
        value           uniform 0;
    }
    baffle_slave
    {
        type            calculated;
        value           nonuniform List<scalar> 
150
(
0
0
0
0
0
0
0
0
0
0
0
0
0
0
0
0
0
0
0
0
0
0
0
0
0
0
0
0
0
0
0
0
0
0
0
0
0
0
0
0
0
0
0
0
0
0
0
0
86.1514
88.2919
88.2919
187.443
189.142
189.142
281.128
282.423
282.423
365.731
366.671
366.671
439.972
440.609
440.609
502.651
503.044
503.044
552.539
552.746
552.746
588.475
588.559
588.559
609.798
609.816
609.816
0
0
0
0
0
0
0
0
0
0
0
0
0
0
0
0
0
0
0
0
0
0
0
0
0
0
0
0
0
0
0
0
0
0
0
0
0
0
0
0
0
0
0
0
0
0
0
0
88.2919
86.1513
88.2919
189.142
187.443
189.142
282.423
281.128
282.423
366.671
365.731
366.671
440.609
439.972
440.609
503.044
502.651
503.044
552.746
552.539
552.746
588.559
588.475
588.559
609.816
609.798
609.816
)
;
    }
}


// ************************************************************************* //
