/*--------------------------------*- C++ -*----------------------------------*\
| =========                 |                                                 |
| \\      /  F ield         | OpenFOAM: The Open Source CFD Toolbox           |
|  \\    /   O peration     | Version:  2212                                  |
|   \\  /    A nd           | Website:  www.openfoam.com                      |
|    \\/     M anipulation  |                                                 |
\*---------------------------------------------------------------------------*/
FoamFile
{
    version     2.0;
    format      ascii;
    arch        "LSB;label=32;scalar=64";
    class       volScalarField;
    location    "37/fluidRegion";
    object      dgdt;
}
// * * * * * * * * * * * * * * * * * * * * * * * * * * * * * * * * * * * * * //

dimensions      [0 0 -1 0 0 0 0];

internalField   nonuniform List<scalar> 
350
(
0.00538736
0.00538737
0.00536849
0.00534944
0.00532553
0.00529466
0.00525921
0.00522506
0.00519945
0.00518835
0.0051944
0.00521622
0.00524919
0.00528693
0.00532285
0.00535138
0.00536878
0.00537376
0.00536761
0.00535355
0.00533532
0.00531635
0.00527849
0.00522187
0.0026229
0.00538737
0.00538737
0.00536849
0.00534944
0.00532552
0.00529466
0.00525921
0.00522505
0.00519944
0.00518835
0.0051944
0.00521622
0.00524919
0.00528693
0.00532286
0.00535138
0.00536878
0.00537376
0.00536761
0.00535355
0.00533532
0.00531635
0.00527849
0.00522187
0.00262289
39.5904
49.5229
63.4564
76.3072
88.0191
98.5485
107.861
115.926
122.708
128.154
132.183
134.67
135.455
134.364
131.265
126.13
119.079
110.355
100.256
89.0096
76.714
63.301
48.6151
32.6645
20.3996
39.6354
49.4479
63.5113
76.484
88.3103
98.9461
108.357
116.515
123.384
128.918
133.036
135.617
136.498
135.496
132.463
127.358
120.288
111.501
101.304
89.9395
77.5155
63.9658
49.1291
33.0076
20.6081
39.57
49.5102
63.4237
76.2556
87.95
98.4632
107.761
115.812
122.581
128.014
132.029
134.503
135.274
134.171
131.063
125.926
118.879
110.168
100.085
88.8585
76.584
63.1935
48.5322
32.6091
20.3659
39.6351
49.4841
63.5166
76.4607
88.2599
98.8704
108.258
116.393
123.242
128.755
132.851
135.41
136.268
135.244
132.195
127.081
120.015
111.241
101.065
89.7275
77.3324
63.8138
49.0114
32.929
20.5603
39.6351
49.4841
63.5167
76.4607
88.2599
98.8704
108.258
116.393
123.242
128.755
132.851
135.41
136.268
135.244
132.195
127.081
120.015
111.241
101.065
89.7275
77.3324
63.8138
49.0114
32.929
20.5603
39.57
49.5102
63.4237
76.2556
87.95
98.4632
107.761
115.812
122.581
128.014
132.029
134.503
135.274
134.171
131.063
125.926
118.879
110.168
100.085
88.8585
76.584
63.1935
48.5322
32.6091
20.3659
39.6354
49.4479
63.5113
76.484
88.3103
98.9461
108.357
116.515
123.384
128.918
133.036
135.617
136.498
135.496
132.463
127.358
120.288
111.501
101.304
89.9395
77.5155
63.9658
49.1291
33.0076
20.6081
39.5904
49.5229
63.4564
76.3072
88.0191
98.5485
107.861
115.926
122.708
128.154
132.183
134.67
135.455
134.364
131.265
126.13
119.079
110.355
100.256
89.0096
76.714
63.301
48.6152
32.6645
20.3997
39.6351
49.4841
63.5166
76.4607
88.2599
98.8704
108.258
116.393
123.242
128.755
132.851
135.41
136.268
135.244
132.195
127.081
120.015
111.241
101.065
89.7275
77.3324
63.8137
49.0114
32.929
20.5603
39.57
49.5102
63.4237
76.2556
87.95
98.4632
107.761
115.812
122.581
128.014
132.029
134.503
135.274
134.171
131.063
125.926
118.879
110.168
100.085
88.8585
76.584
63.1935
48.5322
32.6091
20.3659
39.57
49.5102
63.4237
76.2556
87.95
98.4632
107.761
115.812
122.581
128.014
132.029
134.503
135.274
134.171
131.063
125.926
118.879
110.168
100.085
88.8585
76.584
63.1935
48.5322
32.6091
20.3659
39.6351
49.4841
63.5167
76.4607
88.2599
98.8704
108.258
116.393
123.242
128.755
132.851
135.41
136.268
135.244
132.195
127.081
120.015
111.241
101.065
89.7275
77.3324
63.8137
49.0114
32.929
20.5603
)
;

boundaryField
{
    outletCentralUnloaded
    {
        type            calculated;
        value           nonuniform List<scalar> 2(0.00538736 0.00538737);
    }
    inletCentralUnloaded
    {
        type            calculated;
        value           nonuniform List<scalar> 2(0.0026229 0.00262289);
    }
    outletFuelElement
    {
        type            calculated;
        value           nonuniform List<scalar> 
12
(
39.5904
39.6354
39.57
39.6351
39.6351
39.57
39.6354
39.5904
39.6351
39.57
39.57
39.6351
)
;
    }
    inletFuelElement
    {
        type            calculated;
        value           nonuniform List<scalar> 
12
(
20.3996
20.6081
20.3659
20.5603
20.5603
20.3659
20.6081
20.3997
20.5603
20.3659
20.3659
20.5603
)
;
    }
    defaultFaces
    {
        type            calculated;
        value           nonuniform List<scalar> 
450
(
39.5904
39.5904
39.5904
49.5229
49.5229
49.5229
63.4564
63.4564
63.4564
76.3072
76.3072
76.3072
88.0191
88.0191
88.0191
98.5485
98.5485
98.5485
107.861
107.861
107.861
115.926
115.926
115.926
122.708
122.708
122.708
128.154
128.154
128.154
132.183
132.183
132.183
134.67
134.67
134.67
135.455
135.455
135.455
134.364
134.364
134.364
131.265
131.265
131.265
126.13
126.13
126.13
119.079
119.079
119.079
110.355
110.355
110.355
100.256
100.256
100.256
89.0096
89.0096
89.0096
76.714
76.714
76.714
63.301
63.301
63.301
48.6151
48.6151
48.6151
32.6645
32.6645
32.6645
20.3996
20.3996
20.3996
39.57
39.57
49.5102
49.5102
63.4237
63.4237
76.2556
76.2556
87.95
87.95
98.4632
98.4632
107.761
107.761
115.812
115.812
122.581
122.581
128.014
128.014
132.029
132.029
134.503
134.503
135.274
135.274
134.171
134.171
131.063
131.063
125.926
125.926
118.879
118.879
110.168
110.168
100.085
100.085
88.8585
88.8585
76.584
76.584
63.1935
63.1935
48.5322
48.5322
32.6091
32.6091
20.3659
20.3659
39.6351
49.4841
63.5166
76.4607
88.2599
98.8704
108.258
116.393
123.242
128.755
132.851
135.41
136.268
135.244
132.195
127.081
120.015
111.241
101.065
89.7275
77.3324
63.8138
49.0114
32.929
20.5603
39.6351
49.4841
63.5167
76.4607
88.2599
98.8704
108.258
116.393
123.242
128.755
132.851
135.41
136.268
135.244
132.195
127.081
120.015
111.241
101.065
89.7275
77.3324
63.8138
49.0114
32.929
20.5603
39.57
39.57
49.5102
49.5102
63.4237
63.4237
76.2556
76.2556
87.95
87.95
98.4632
98.4632
107.761
107.761
115.812
115.812
122.581
122.581
128.014
128.014
132.029
132.029
134.503
134.503
135.274
135.274
134.171
134.171
131.063
131.063
125.926
125.926
118.879
118.879
110.168
110.168
100.085
100.085
88.8585
88.8585
76.584
76.584
63.1935
63.1935
48.5322
48.5322
32.6091
32.6091
20.3659
20.3659
39.5904
39.5904
39.5904
49.5229
49.5229
49.5229
63.4564
63.4564
63.4564
76.3072
76.3072
76.3072
88.0191
88.0191
88.0191
98.5485
98.5485
98.5485
107.861
107.861
107.861
115.926
115.926
115.926
122.708
122.708
122.708
128.154
128.154
128.154
132.183
132.183
132.183
134.67
134.67
134.67
135.455
135.455
135.455
134.364
134.364
134.364
131.265
131.265
131.265
126.13
126.13
126.13
119.079
119.079
119.079
110.355
110.355
110.355
100.256
100.256
100.256
89.0096
89.0096
89.0096
76.714
76.714
76.714
63.301
63.301
63.301
48.6152
48.6152
48.6152
32.6645
32.6645
32.6645
20.3997
20.3997
20.3997
39.6351
49.4841
63.5166
76.4607
88.2599
98.8704
108.258
116.393
123.242
128.755
132.851
135.41
136.268
135.244
132.195
127.081
120.015
111.241
101.065
89.7275
77.3324
63.8137
49.0114
32.929
20.5603
39.57
39.57
49.5102
49.5102
63.4237
63.4237
76.2556
76.2556
87.95
87.95
98.4632
98.4632
107.761
107.761
115.812
115.812
122.581
122.581
128.014
128.014
132.029
132.029
134.503
134.503
135.274
135.274
134.171
134.171
131.063
131.063
125.926
125.926
118.879
118.879
110.168
110.168
100.085
100.085
88.8585
88.8585
76.584
76.584
63.1935
63.1935
48.5322
48.5322
32.6091
32.6091
20.3659
20.3659
39.57
39.57
49.5102
49.5102
63.4237
63.4237
76.2556
76.2556
87.95
87.95
98.4632
98.4632
107.761
107.761
115.812
115.812
122.581
122.581
128.014
128.014
132.029
132.029
134.503
134.503
135.274
135.274
134.171
134.171
131.063
131.063
125.926
125.926
118.879
118.879
110.168
110.168
100.085
100.085
88.8585
88.8585
76.584
76.584
63.1935
63.1935
48.5322
48.5322
32.6091
32.6091
20.3659
20.3659
39.6351
49.4841
63.5167
76.4607
88.2599
98.8704
108.258
116.393
123.242
128.755
132.851
135.41
136.268
135.244
132.195
127.081
120.015
111.241
101.065
89.7275
77.3324
63.8137
49.0114
32.929
20.5603
)
;
    }
    baffle_master
    {
        type            calculated;
        value           nonuniform List<scalar> 
150
(
0.00538736
0.00538736
0.00538736
0.00538737
0.00538737
0.00538737
0.00536849
0.00536849
0.00536849
0.00534944
0.00534944
0.00534944
0.00532553
0.00532553
0.00532553
0.00529466
0.00529466
0.00529466
0.00525921
0.00525921
0.00525921
0.00522506
0.00522506
0.00522506
0.00519945
0.00519945
0.00519945
0.00518835
0.00518835
0.00518835
0.0051944
0.0051944
0.0051944
0.00521622
0.00521622
0.00521622
0.00524919
0.00524919
0.00524919
0.00528693
0.00528693
0.00528693
0.00532285
0.00532285
0.00532285
0.00535138
0.00535138
0.00535138
0.00536878
0.00536878
0.00536878
0.00537376
0.00537376
0.00537376
0.00536761
0.00536761
0.00536761
0.00535355
0.00535355
0.00535355
0.00533532
0.00533532
0.00533532
0.00531635
0.00531635
0.00531635
0.00527849
0.00527849
0.00527849
0.00522187
0.00522187
0.00522187
0.0026229
0.0026229
0.0026229
0.00538737
0.00538737
0.00538737
0.00538737
0.00538737
0.00538737
0.00536849
0.00536849
0.00536849
0.00534944
0.00534944
0.00534944
0.00532552
0.00532552
0.00532552
0.00529466
0.00529466
0.00529466
0.00525921
0.00525921
0.00525921
0.00522505
0.00522505
0.00522505
0.00519944
0.00519944
0.00519944
0.00518835
0.00518835
0.00518835
0.0051944
0.0051944
0.0051944
0.00521622
0.00521622
0.00521622
0.00524919
0.00524919
0.00524919
0.00528693
0.00528693
0.00528693
0.00532286
0.00532286
0.00532286
0.00535138
0.00535138
0.00535138
0.00536878
0.00536878
0.00536878
0.00537376
0.00537376
0.00537376
0.00536761
0.00536761
0.00536761
0.00535355
0.00535355
0.00535355
0.00533532
0.00533532
0.00533532
0.00531635
0.00531635
0.00531635
0.00527849
0.00527849
0.00527849
0.00522187
0.00522187
0.00522187
0.00262289
0.00262289
0.00262289
)
;
    }
    baffle_slave
    {
        type            calculated;
        value           nonuniform List<scalar> 
150
(
39.6354
39.6351
39.6351
49.4479
49.4841
49.4841
63.5113
63.5166
63.5167
76.484
76.4607
76.4607
88.3103
88.2599
88.2599
98.9461
98.8704
98.8704
108.357
108.258
108.258
116.515
116.393
116.393
123.384
123.242
123.242
128.918
128.755
128.755
133.036
132.851
132.851
135.617
135.41
135.41
136.498
136.268
136.268
135.496
135.244
135.244
132.463
132.195
132.195
127.358
127.081
127.081
120.288
120.015
120.015
111.501
111.241
111.241
101.304
101.065
101.065
89.9395
89.7275
89.7275
77.5155
77.3324
77.3324
63.9658
63.8138
63.8137
49.1291
49.0114
49.0114
33.0076
32.929
32.929
20.6081
20.5603
20.5603
39.6351
39.6354
39.6351
49.4841
49.4479
49.4841
63.5167
63.5113
63.5166
76.4607
76.484
76.4607
88.2599
88.3103
88.2599
98.8704
98.9461
98.8704
108.258
108.357
108.258
116.393
116.515
116.393
123.242
123.384
123.242
128.755
128.918
128.755
132.851
133.036
132.851
135.41
135.617
135.41
136.268
136.498
136.268
135.244
135.496
135.244
132.195
132.463
132.195
127.081
127.358
127.081
120.015
120.288
120.015
111.241
111.501
111.241
101.065
101.304
101.065
89.7275
89.9395
89.7275
77.3324
77.5155
77.3324
63.8138
63.9658
63.8137
49.0114
49.1291
49.0114
32.929
33.0076
32.929
20.5603
20.6081
20.5603
)
;
    }
}


// ************************************************************************* //
