/*--------------------------------*- C++ -*----------------------------------*\
| =========                 |                                                 |
| \\      /  F ield         | OpenFOAM: The Open Source CFD Toolbox           |
|  \\    /   O peration     | Version:  2212                                  |
|   \\  /    A nd           | Website:  www.openfoam.com                      |
|    \\/     M anipulation  |                                                 |
\*---------------------------------------------------------------------------*/
FoamFile
{
    version     2.0;
    format      ascii;
    arch        "LSB;label=32;scalar=64";
    class       volScalarField;
    location    "37/fluidRegion";
    object      epsilon;
}
// * * * * * * * * * * * * * * * * * * * * * * * * * * * * * * * * * * * * * //

dimensions      [0 2 -3 0 0 0 0];

internalField   nonuniform List<scalar> 
350
(
66.9784
66.9614
66.9445
66.9277
66.911
66.8944
66.878
66.8617
66.8457
66.8299
66.8145
66.7996
66.7854
66.7722
66.7605
66.7512
66.7455
66.7453
66.7538
66.7756
66.8177
66.8908
67.0114
67.2044
67.508
66.9784
66.9614
66.9445
66.9277
66.911
66.8944
66.878
66.8617
66.8457
66.8299
66.8145
66.7996
66.7854
66.7722
66.7605
66.7512
66.7455
66.7453
66.7538
66.7756
66.8177
66.8908
67.0114
67.2044
67.508
7.46796e+06
6.88014e+06
6.22708e+06
5.52885e+06
4.81292e+06
4.10454e+06
3.4257e+06
2.79437e+06
2.22407e+06
1.72373e+06
1.29782e+06
946648
666877
452164
293974
182510
107699
60086.8
31510.7
15453.6
7088.32
3097.1
1381.12
735.408
547.631
7.62885e+06
7.02982e+06
6.36419e+06
5.65195e+06
4.9212e+06
4.19778e+06
3.50422e+06
2.85893e+06
2.27578e+06
1.76399e+06
1.32818e+06
968734
682308
462464
300506
186421
109893
61229.6
32056.4
15688
7176.47
3125.02
1388.2
736.835
548.052
7.44162e+06
6.85557e+06
6.20468e+06
5.50882e+06
4.79537e+06
4.08948e+06
3.41307e+06
2.78402e+06
2.21581e+06
1.71732e+06
1.293e+06
943155
664443
450542
292947
181896
107354
59905.8
31423.4
15415.4
7073.31
3091.89
1379.5
734.921
547.456
7.59322e+06
6.9966e+06
6.33368e+06
5.62449e+06
4.89699e+06
4.17689e+06
3.48659e+06
2.8444e+06
2.26412e+06
1.75489e+06
1.3213e+06
963722
678799
460118
299015
185527
109391
60968.1
31931.5
15634.4
7156.37
3118.7
1386.63
736.54
547.973
7.59322e+06
6.9966e+06
6.33368e+06
5.62449e+06
4.89699e+06
4.17689e+06
3.48659e+06
2.8444e+06
2.26412e+06
1.75489e+06
1.3213e+06
963722
678799
460118
299015
185527
109392
60968.1
31931.5
15634.4
7156.38
3118.7
1386.63
736.54
547.972
7.44163e+06
6.85558e+06
6.20469e+06
5.50883e+06
4.79538e+06
4.08949e+06
3.41307e+06
2.78403e+06
2.21581e+06
1.71732e+06
1.293e+06
943157
664444
450543
292947
181896
107354
59905.9
31423.5
15415.4
7073.32
3091.89
1379.5
734.919
547.456
7.62885e+06
7.02982e+06
6.36419e+06
5.65195e+06
4.9212e+06
4.19778e+06
3.50422e+06
2.85893e+06
2.27578e+06
1.76399e+06
1.32818e+06
968734
682308
462464
300506
186421
109893
61229.6
32056.4
15688
7176.47
3125.02
1388.2
736.835
548.052
7.46796e+06
6.88014e+06
6.22708e+06
5.52885e+06
4.81292e+06
4.10454e+06
3.4257e+06
2.79437e+06
2.22407e+06
1.72373e+06
1.29782e+06
946648
666877
452164
293974
182510
107699
60086.8
31510.7
15453.6
7088.34
3097.11
1381.12
735.411
547.633
7.59322e+06
6.9966e+06
6.33368e+06
5.62449e+06
4.89699e+06
4.17689e+06
3.48659e+06
2.8444e+06
2.26412e+06
1.75489e+06
1.3213e+06
963722
678799
460118
299015
185527
109392
60968.1
31931.5
15634.4
7156.38
3118.7
1386.63
736.541
547.973
7.44162e+06
6.85557e+06
6.20468e+06
5.50882e+06
4.79537e+06
4.08948e+06
3.41307e+06
2.78402e+06
2.21581e+06
1.71732e+06
1.293e+06
943155
664443
450542
292947
181895
107354
59905.8
31423.4
15415.3
7073.29
3091.88
1379.49
734.916
547.453
7.44163e+06
6.85558e+06
6.20469e+06
5.50883e+06
4.79538e+06
4.08949e+06
3.41307e+06
2.78403e+06
2.21581e+06
1.71732e+06
1.29301e+06
943157
664444
450543
292947
181896
107354
59905.9
31423.5
15415.4
7073.32
3091.89
1379.5
734.919
547.455
7.59322e+06
6.9966e+06
6.33368e+06
5.62449e+06
4.89699e+06
4.17689e+06
3.48659e+06
2.8444e+06
2.26412e+06
1.75489e+06
1.3213e+06
963722
678799
460118
299015
185528
109392
60968.1
31931.5
15634.4
7156.39
3118.71
1386.64
736.545
547.976
)
;

boundaryField
{
    outletCentralUnloaded
    {
        type            zeroGradient;
    }
    inletCentralUnloaded
    {
        type            zeroGradient;
    }
    outletFuelElement
    {
        type            zeroGradient;
    }
    inletFuelElement
    {
        type            zeroGradient;
    }
    defaultFaces
    {
        type            zeroGradient;
    }
    baffle_master
    {
        type            zeroGradient;
    }
    baffle_slave
    {
        type            zeroGradient;
    }
}


// ************************************************************************* //
