/*--------------------------------*- C++ -*----------------------------------*\
| =========                 |                                                 |
| \\      /  F ield         | OpenFOAM: The Open Source CFD Toolbox           |
|  \\    /   O peration     | Version:  2212                                  |
|   \\  /    A nd           | Website:  www.openfoam.com                      |
|    \\/     M anipulation  |                                                 |
\*---------------------------------------------------------------------------*/
FoamFile
{
    version     2.0;
    format      ascii;
    arch        "LSB;label=32;scalar=64";
    class       volScalarField;
    location    "37/fluidRegion";
    object      htc;
}
// * * * * * * * * * * * * * * * * * * * * * * * * * * * * * * * * * * * * * //

dimensions      [1 0 -3 -1 0 0 0];

internalField   nonuniform List<scalar> 
350
(
3101.11
3101.15
3101.2
3101.28
3101.36
3101.44
3101.52
3101.58
3101.63
3101.65
3101.65
3101.64
3101.6
3101.55
3101.49
3101.44
3101.39
3101.35
3101.33
3101.33
3101.35
3101.4
3101.46
3101.55
3106.84
3101.11
3101.15
3101.2
3101.28
3101.36
3101.44
3101.52
3101.58
3101.63
3101.65
3101.65
3101.64
3101.6
3101.55
3101.49
3101.44
3101.39
3101.35
3101.33
3101.33
3101.35
3101.4
3101.46
3101.55
3106.84
27084.6
27007.8
26827.2
26521.6
26092.4
25541.8
24872.8
24089.2
23196.3
22201.2
21113.6
19945.8
18713
17431.9
16118.7
14787.3
13447.7
12108.1
10777.9
9473.13
8222.11
7071.29
6091.36
5374.92
4936.7
27172.6
27095.5
26915.5
26609.9
26180.3
25628.7
24958.1
24172.2
23276
22276.6
21183.3
20008.6
18767.8
17478.1
16156.5
14817.4
13471.5
12126.6
10791.8
9482.58
8227.02
7071.75
6088.33
5370.72
4934.75
27070.7
26993.5
26812.9
26507.3
26078.2
25527.8
24859.1
24075.9
23183.5
22189.2
21102.5
19935.8
18704.3
17424.5
16112.6
14782.3
13443.7
12104.8
10775.3
9471.14
8220.72
7070.46
6090.95
5374.66
4936.55
27153.1
27076.1
26895.9
26590.3
26160.7
25609.3
24939
24153.5
23258.1
22259.6
21167.5
19994.4
18755.4
17467.6
16147.9
14810.6
13466.1
12122.4
10788.7
9480.51
8225.98
7071.75
6089.14
5371.81
4935.27
27153.1
27076.1
26895.9
26590.3
26160.7
25609.3
24939
24153.5
23258.1
22259.6
21167.5
19994.4
18755.4
17467.6
16147.9
14810.6
13466.1
12122.4
10788.7
9480.51
8225.98
7071.75
6089.14
5371.81
4935.27
27070.7
26993.5
26812.9
26507.3
26078.2
25527.8
24859.1
24075.9
23183.5
22189.2
21102.5
19935.8
18704.3
17424.5
16112.6
14782.3
13443.7
12104.8
10775.3
9471.13
8220.72
7070.45
6090.94
5374.65
4936.55
27172.6
27095.5
26915.5
26609.9
26180.3
25628.7
24958.1
24172.2
23276
22276.6
21183.3
20008.6
18767.8
17478.1
16156.5
14817.4
13471.5
12126.6
10791.8
9482.58
8227.02
7071.75
6088.33
5370.72
4934.75
27084.6
27007.8
26827.2
26521.6
26092.4
25541.8
24872.8
24089.2
23196.3
22201.2
21113.6
19945.8
18713
17431.9
16118.7
14787.3
13447.7
12108.1
10777.9
9473.14
8222.11
7071.29
6091.36
5374.92
4936.7
27153.1
27076.1
26895.9
26590.3
26160.7
25609.3
24939
24153.5
23258.1
22259.6
21167.5
19994.4
18755.4
17467.6
16147.9
14810.6
13466.1
12122.4
10788.7
9480.51
8225.98
7071.74
6089.14
5371.81
4935.27
27070.7
26993.5
26812.9
26507.3
26078.2
25527.8
24859.1
24075.9
23183.5
22189.2
21102.5
19935.8
18704.3
17424.5
16112.6
14782.3
13443.7
12104.8
10775.3
9471.14
8220.72
7070.46
6090.95
5374.66
4936.55
27070.7
26993.5
26812.9
26507.3
26078.2
25527.8
24859.1
24075.9
23183.5
22189.2
21102.5
19935.8
18704.3
17424.5
16112.6
14782.3
13443.7
12104.8
10775.3
9471.13
8220.72
7070.45
6090.94
5374.65
4936.54
27153.1
27076.1
26895.9
26590.3
26160.7
25609.3
24939
24153.5
23258.1
22259.6
21167.5
19994.4
18755.4
17467.6
16147.9
14810.6
13466.1
12122.4
10788.7
9480.51
8225.98
7071.74
6089.14
5371.81
4935.27
)
;

boundaryField
{
    outletCentralUnloaded
    {
        type            zeroGradient;
    }
    inletCentralUnloaded
    {
        type            zeroGradient;
    }
    outletFuelElement
    {
        type            zeroGradient;
    }
    inletFuelElement
    {
        type            zeroGradient;
    }
    defaultFaces
    {
        type            zeroGradient;
    }
    baffle_master
    {
        type            zeroGradient;
    }
    baffle_slave
    {
        type            zeroGradient;
    }
}


// ************************************************************************* //
