/*--------------------------------*- C++ -*----------------------------------*\
| =========                 |                                                 |
| \\      /  F ield         | OpenFOAM: The Open Source CFD Toolbox           |
|  \\    /   O peration     | Version:  2212                                  |
|   \\  /    A nd           | Website:  www.openfoam.com                      |
|    \\/     M anipulation  |                                                 |
\*---------------------------------------------------------------------------*/
FoamFile
{
    version     2.0;
    format      ascii;
    arch        "LSB;label=32;scalar=64";
    class       volTensorField;
    location    "37/fluidRegion";
    object      Kd;
}
// * * * * * * * * * * * * * * * * * * * * * * * * * * * * * * * * * * * * * //

dimensions      [1 -3 -1 0 0 0 0];

internalField   nonuniform List<tensor> 
350
(
(84.7351 0 0 0 84.7351 0 0 0 84.7351)
(84.7357 0 0 0 84.7357 0 0 0 84.7357)
(84.7368 0 0 0 84.7368 0 0 0 84.7368)
(84.7382 0 0 0 84.7382 0 0 0 84.7382)
(84.7399 0 0 0 84.7399 0 0 0 84.7399)
(84.7416 0 0 0 84.7416 0 0 0 84.7416)
(84.7431 0 0 0 84.7431 0 0 0 84.7431)
(84.7443 0 0 0 84.7443 0 0 0 84.7443)
(84.745 0 0 0 84.745 0 0 0 84.745)
(84.7452 0 0 0 84.7452 0 0 0 84.7452)
(84.7448 0 0 0 84.7448 0 0 0 84.7448)
(84.7439 0 0 0 84.7439 0 0 0 84.7439)
(84.7425 0 0 0 84.7425 0 0 0 84.7425)
(84.7408 0 0 0 84.7408 0 0 0 84.7408)
(84.739 0 0 0 84.739 0 0 0 84.739)
(84.7371 0 0 0 84.7371 0 0 0 84.7371)
(84.7354 0 0 0 84.7354 0 0 0 84.7354)
(84.734 0 0 0 84.734 0 0 0 84.734)
(84.733 0 0 0 84.733 0 0 0 84.733)
(84.7326 0 0 0 84.7326 0 0 0 84.7326)
(84.7328 0 0 0 84.7328 0 0 0 84.7328)
(84.7336 0 0 0 84.7336 0 0 0 84.7336)
(84.7349 0 0 0 84.7349 0 0 0 84.7349)
(84.7366 0 0 0 84.7366 0 0 0 84.7366)
(84.8717 0 0 0 84.8717 0 0 0 84.8717)
(84.7351 0 0 0 84.7351 0 0 0 84.7351)
(84.7357 0 0 0 84.7357 0 0 0 84.7357)
(84.7368 0 0 0 84.7368 0 0 0 84.7368)
(84.7382 0 0 0 84.7382 0 0 0 84.7382)
(84.7399 0 0 0 84.7399 0 0 0 84.7399)
(84.7416 0 0 0 84.7416 0 0 0 84.7416)
(84.7431 0 0 0 84.7431 0 0 0 84.7431)
(84.7443 0 0 0 84.7443 0 0 0 84.7443)
(84.745 0 0 0 84.745 0 0 0 84.745)
(84.7452 0 0 0 84.7452 0 0 0 84.7452)
(84.7448 0 0 0 84.7448 0 0 0 84.7448)
(84.7439 0 0 0 84.7439 0 0 0 84.7439)
(84.7425 0 0 0 84.7425 0 0 0 84.7425)
(84.7408 0 0 0 84.7408 0 0 0 84.7408)
(84.739 0 0 0 84.739 0 0 0 84.739)
(84.7371 0 0 0 84.7371 0 0 0 84.7371)
(84.7354 0 0 0 84.7354 0 0 0 84.7354)
(84.734 0 0 0 84.734 0 0 0 84.734)
(84.733 0 0 0 84.733 0 0 0 84.733)
(84.7326 0 0 0 84.7326 0 0 0 84.7326)
(84.7328 0 0 0 84.7328 0 0 0 84.7328)
(84.7336 0 0 0 84.7336 0 0 0 84.7336)
(84.7349 0 0 0 84.7349 0 0 0 84.7349)
(84.7366 0 0 0 84.7366 0 0 0 84.7366)
(84.8717 0 0 0 84.8717 0 0 0 84.8717)
(681.844 0 0 0 681.844 0 0 0 681.844)
(681.342 0 0 0 681.342 0 0 0 681.342)
(681.355 0 0 0 681.355 0 0 0 681.355)
(681.358 0 0 0 681.358 0 0 0 681.358)
(681.349 0 0 0 681.349 0 0 0 681.349)
(681.328 0 0 0 681.328 0 0 0 681.328)
(681.293 0 0 0 681.293 0 0 0 681.293)
(681.242 0 0 0 681.242 0 0 0 681.242)
(681.173 0 0 0 681.173 0 0 0 681.173)
(681.085 0 0 0 681.085 0 0 0 681.085)
(680.976 0 0 0 680.976 0 0 0 680.976)
(680.845 0 0 0 680.845 0 0 0 680.845)
(680.694 0 0 0 680.694 0 0 0 680.694)
(680.522 0 0 0 680.522 0 0 0 680.522)
(680.327 0 0 0 680.327 0 0 0 680.327)
(680.099 0 0 0 680.099 0 0 0 680.099)
(679.82 0 0 0 679.82 0 0 0 679.82)
(679.475 0 0 0 679.475 0 0 0 679.475)
(679.057 0 0 0 679.057 0 0 0 679.057)
(678.621 0 0 0 678.621 0 0 0 678.621)
(678.348 0 0 0 678.348 0 0 0 678.348)
(678.789 0 0 0 678.789 0 0 0 678.789)
(681.258 0 0 0 681.258 0 0 0 681.258)
(688.063 0 0 0 688.063 0 0 0 688.063)
(692.391 0 0 0 692.391 0 0 0 692.391)
(677.333 0 0 0 677.333 0 0 0 677.333)
(676.759 0 0 0 676.759 0 0 0 676.759)
(676.733 0 0 0 676.733 0 0 0 676.733)
(676.696 0 0 0 676.696 0 0 0 676.696)
(676.651 0 0 0 676.651 0 0 0 676.651)
(676.596 0 0 0 676.596 0 0 0 676.596)
(676.529 0 0 0 676.529 0 0 0 676.529)
(676.449 0 0 0 676.449 0 0 0 676.449)
(676.353 0 0 0 676.353 0 0 0 676.353)
(676.24 0 0 0 676.24 0 0 0 676.24)
(676.111 0 0 0 676.111 0 0 0 676.111)
(675.969 0 0 0 675.969 0 0 0 675.969)
(675.821 0 0 0 675.821 0 0 0 675.821)
(675.676 0 0 0 675.676 0 0 0 675.676)
(675.541 0 0 0 675.541 0 0 0 675.541)
(675.415 0 0 0 675.415 0 0 0 675.415)
(675.287 0 0 0 675.287 0 0 0 675.287)
(675.142 0 0 0 675.142 0 0 0 675.142)
(674.974 0 0 0 674.974 0 0 0 674.974)
(674.842 0 0 0 674.842 0 0 0 674.842)
(674.942 0 0 0 674.942 0 0 0 674.942)
(675.854 0 0 0 675.854 0 0 0 675.854)
(678.949 0 0 0 678.949 0 0 0 678.949)
(686.59 0 0 0 686.59 0 0 0 686.59)
(691.913 0 0 0 691.913 0 0 0 691.913)
(682.598 0 0 0 682.598 0 0 0 682.598)
(682.093 0 0 0 682.093 0 0 0 682.093)
(682.11 0 0 0 682.11 0 0 0 682.11)
(682.116 0 0 0 682.116 0 0 0 682.116)
(682.109 0 0 0 682.109 0 0 0 682.109)
(682.09 0 0 0 682.09 0 0 0 682.09)
(682.056 0 0 0 682.056 0 0 0 682.056)
(682.006 0 0 0 682.006 0 0 0 682.006)
(681.938 0 0 0 681.938 0 0 0 681.938)
(681.85 0 0 0 681.85 0 0 0 681.85)
(681.739 0 0 0 681.739 0 0 0 681.739)
(681.605 0 0 0 681.605 0 0 0 681.605)
(681.448 0 0 0 681.448 0 0 0 681.448)
(681.266 0 0 0 681.266 0 0 0 681.266)
(681.054 0 0 0 681.054 0 0 0 681.054)
(680.802 0 0 0 680.802 0 0 0 680.802)
(680.492 0 0 0 680.492 0 0 0 680.492)
(680.106 0 0 0 680.106 0 0 0 680.106)
(679.638 0 0 0 679.638 0 0 0 679.638)
(679.143 0 0 0 679.143 0 0 0 679.143)
(678.798 0 0 0 678.798 0 0 0 678.798)
(679.149 0 0 0 679.149 0 0 0 679.149)
(681.503 0 0 0 681.503 0 0 0 681.503)
(688.174 0 0 0 688.174 0 0 0 688.174)
(692.408 0 0 0 692.408 0 0 0 692.408)
(678.343 0 0 0 678.343 0 0 0 678.343)
(677.789 0 0 0 677.789 0 0 0 677.789)
(677.773 0 0 0 677.773 0 0 0 677.773)
(677.748 0 0 0 677.748 0 0 0 677.748)
(677.713 0 0 0 677.713 0 0 0 677.713)
(677.668 0 0 0 677.668 0 0 0 677.668)
(677.61 0 0 0 677.61 0 0 0 677.61)
(677.538 0 0 0 677.538 0 0 0 677.538)
(677.45 0 0 0 677.45 0 0 0 677.45)
(677.344 0 0 0 677.344 0 0 0 677.344)
(677.221 0 0 0 677.221 0 0 0 677.221)
(677.084 0 0 0 677.084 0 0 0 677.084)
(676.937 0 0 0 676.937 0 0 0 676.937)
(676.788 0 0 0 676.788 0 0 0 676.788)
(676.64 0 0 0 676.64 0 0 0 676.64)
(676.493 0 0 0 676.493 0 0 0 676.493)
(676.333 0 0 0 676.333 0 0 0 676.333)
(676.143 0 0 0 676.143 0 0 0 676.143)
(675.919 0 0 0 675.919 0 0 0 675.919)
(675.719 0 0 0 675.719 0 0 0 675.719)
(675.735 0 0 0 675.735 0 0 0 675.735)
(676.541 0 0 0 676.541 0 0 0 676.541)
(679.495 0 0 0 679.495 0 0 0 679.495)
(686.945 0 0 0 686.945 0 0 0 686.945)
(692.031 0 0 0 692.031 0 0 0 692.031)
(678.343 0 0 0 678.343 0 0 0 678.343)
(677.789 0 0 0 677.789 0 0 0 677.789)
(677.773 0 0 0 677.773 0 0 0 677.773)
(677.748 0 0 0 677.748 0 0 0 677.748)
(677.713 0 0 0 677.713 0 0 0 677.713)
(677.668 0 0 0 677.668 0 0 0 677.668)
(677.61 0 0 0 677.61 0 0 0 677.61)
(677.538 0 0 0 677.538 0 0 0 677.538)
(677.45 0 0 0 677.45 0 0 0 677.45)
(677.344 0 0 0 677.344 0 0 0 677.344)
(677.221 0 0 0 677.221 0 0 0 677.221)
(677.084 0 0 0 677.084 0 0 0 677.084)
(676.937 0 0 0 676.937 0 0 0 676.937)
(676.788 0 0 0 676.788 0 0 0 676.788)
(676.64 0 0 0 676.64 0 0 0 676.64)
(676.493 0 0 0 676.493 0 0 0 676.493)
(676.333 0 0 0 676.333 0 0 0 676.333)
(676.143 0 0 0 676.143 0 0 0 676.143)
(675.919 0 0 0 675.919 0 0 0 675.919)
(675.719 0 0 0 675.719 0 0 0 675.719)
(675.735 0 0 0 675.735 0 0 0 675.735)
(676.541 0 0 0 676.541 0 0 0 676.541)
(679.494 0 0 0 679.494 0 0 0 679.494)
(686.945 0 0 0 686.945 0 0 0 686.945)
(692.031 0 0 0 692.031 0 0 0 692.031)
(682.598 0 0 0 682.598 0 0 0 682.598)
(682.093 0 0 0 682.093 0 0 0 682.093)
(682.11 0 0 0 682.11 0 0 0 682.11)
(682.115 0 0 0 682.115 0 0 0 682.115)
(682.109 0 0 0 682.109 0 0 0 682.109)
(682.09 0 0 0 682.09 0 0 0 682.09)
(682.056 0 0 0 682.056 0 0 0 682.056)
(682.006 0 0 0 682.006 0 0 0 682.006)
(681.938 0 0 0 681.938 0 0 0 681.938)
(681.849 0 0 0 681.849 0 0 0 681.849)
(681.739 0 0 0 681.739 0 0 0 681.739)
(681.605 0 0 0 681.605 0 0 0 681.605)
(681.448 0 0 0 681.448 0 0 0 681.448)
(681.265 0 0 0 681.265 0 0 0 681.265)
(681.053 0 0 0 681.053 0 0 0 681.053)
(680.801 0 0 0 680.801 0 0 0 680.801)
(680.491 0 0 0 680.491 0 0 0 680.491)
(680.105 0 0 0 680.105 0 0 0 680.105)
(679.638 0 0 0 679.638 0 0 0 679.638)
(679.142 0 0 0 679.142 0 0 0 679.142)
(678.797 0 0 0 678.797 0 0 0 678.797)
(679.147 0 0 0 679.147 0 0 0 679.147)
(681.502 0 0 0 681.502 0 0 0 681.502)
(688.172 0 0 0 688.172 0 0 0 688.172)
(692.408 0 0 0 692.408 0 0 0 692.408)
(677.333 0 0 0 677.333 0 0 0 677.333)
(676.759 0 0 0 676.759 0 0 0 676.759)
(676.733 0 0 0 676.733 0 0 0 676.733)
(676.696 0 0 0 676.696 0 0 0 676.696)
(676.651 0 0 0 676.651 0 0 0 676.651)
(676.596 0 0 0 676.596 0 0 0 676.596)
(676.529 0 0 0 676.529 0 0 0 676.529)
(676.449 0 0 0 676.449 0 0 0 676.449)
(676.353 0 0 0 676.353 0 0 0 676.353)
(676.24 0 0 0 676.24 0 0 0 676.24)
(676.111 0 0 0 676.111 0 0 0 676.111)
(675.969 0 0 0 675.969 0 0 0 675.969)
(675.821 0 0 0 675.821 0 0 0 675.821)
(675.676 0 0 0 675.676 0 0 0 675.676)
(675.541 0 0 0 675.541 0 0 0 675.541)
(675.415 0 0 0 675.415 0 0 0 675.415)
(675.287 0 0 0 675.287 0 0 0 675.287)
(675.142 0 0 0 675.142 0 0 0 675.142)
(674.974 0 0 0 674.974 0 0 0 674.974)
(674.842 0 0 0 674.842 0 0 0 674.842)
(674.942 0 0 0 674.942 0 0 0 674.942)
(675.854 0 0 0 675.854 0 0 0 675.854)
(678.949 0 0 0 678.949 0 0 0 678.949)
(686.59 0 0 0 686.59 0 0 0 686.59)
(691.913 0 0 0 691.913 0 0 0 691.913)
(681.844 0 0 0 681.844 0 0 0 681.844)
(681.342 0 0 0 681.342 0 0 0 681.342)
(681.355 0 0 0 681.355 0 0 0 681.355)
(681.358 0 0 0 681.358 0 0 0 681.358)
(681.349 0 0 0 681.349 0 0 0 681.349)
(681.328 0 0 0 681.328 0 0 0 681.328)
(681.293 0 0 0 681.293 0 0 0 681.293)
(681.242 0 0 0 681.242 0 0 0 681.242)
(681.173 0 0 0 681.173 0 0 0 681.173)
(681.085 0 0 0 681.085 0 0 0 681.085)
(680.976 0 0 0 680.976 0 0 0 680.976)
(680.845 0 0 0 680.845 0 0 0 680.845)
(680.694 0 0 0 680.694 0 0 0 680.694)
(680.522 0 0 0 680.522 0 0 0 680.522)
(680.327 0 0 0 680.327 0 0 0 680.327)
(680.099 0 0 0 680.099 0 0 0 680.099)
(679.82 0 0 0 679.82 0 0 0 679.82)
(679.475 0 0 0 679.475 0 0 0 679.475)
(679.057 0 0 0 679.057 0 0 0 679.057)
(678.621 0 0 0 678.621 0 0 0 678.621)
(678.348 0 0 0 678.348 0 0 0 678.348)
(678.789 0 0 0 678.789 0 0 0 678.789)
(681.258 0 0 0 681.258 0 0 0 681.258)
(688.063 0 0 0 688.063 0 0 0 688.063)
(692.392 0 0 0 692.392 0 0 0 692.392)
(678.343 0 0 0 678.343 0 0 0 678.343)
(677.789 0 0 0 677.789 0 0 0 677.789)
(677.773 0 0 0 677.773 0 0 0 677.773)
(677.748 0 0 0 677.748 0 0 0 677.748)
(677.713 0 0 0 677.713 0 0 0 677.713)
(677.668 0 0 0 677.668 0 0 0 677.668)
(677.61 0 0 0 677.61 0 0 0 677.61)
(677.538 0 0 0 677.538 0 0 0 677.538)
(677.45 0 0 0 677.45 0 0 0 677.45)
(677.344 0 0 0 677.344 0 0 0 677.344)
(677.221 0 0 0 677.221 0 0 0 677.221)
(677.084 0 0 0 677.084 0 0 0 677.084)
(676.937 0 0 0 676.937 0 0 0 676.937)
(676.788 0 0 0 676.788 0 0 0 676.788)
(676.64 0 0 0 676.64 0 0 0 676.64)
(676.493 0 0 0 676.493 0 0 0 676.493)
(676.333 0 0 0 676.333 0 0 0 676.333)
(676.143 0 0 0 676.143 0 0 0 676.143)
(675.919 0 0 0 675.919 0 0 0 675.919)
(675.719 0 0 0 675.719 0 0 0 675.719)
(675.735 0 0 0 675.735 0 0 0 675.735)
(676.541 0 0 0 676.541 0 0 0 676.541)
(679.494 0 0 0 679.494 0 0 0 679.494)
(686.945 0 0 0 686.945 0 0 0 686.945)
(692.032 0 0 0 692.032 0 0 0 692.032)
(682.598 0 0 0 682.598 0 0 0 682.598)
(682.093 0 0 0 682.093 0 0 0 682.093)
(682.11 0 0 0 682.11 0 0 0 682.11)
(682.116 0 0 0 682.116 0 0 0 682.116)
(682.109 0 0 0 682.109 0 0 0 682.109)
(682.09 0 0 0 682.09 0 0 0 682.09)
(682.056 0 0 0 682.056 0 0 0 682.056)
(682.006 0 0 0 682.006 0 0 0 682.006)
(681.938 0 0 0 681.938 0 0 0 681.938)
(681.85 0 0 0 681.85 0 0 0 681.85)
(681.739 0 0 0 681.739 0 0 0 681.739)
(681.605 0 0 0 681.605 0 0 0 681.605)
(681.448 0 0 0 681.448 0 0 0 681.448)
(681.266 0 0 0 681.266 0 0 0 681.266)
(681.054 0 0 0 681.054 0 0 0 681.054)
(680.802 0 0 0 680.802 0 0 0 680.802)
(680.492 0 0 0 680.492 0 0 0 680.492)
(680.106 0 0 0 680.106 0 0 0 680.106)
(679.638 0 0 0 679.638 0 0 0 679.638)
(679.143 0 0 0 679.143 0 0 0 679.143)
(678.798 0 0 0 678.798 0 0 0 678.798)
(679.149 0 0 0 679.149 0 0 0 679.149)
(681.503 0 0 0 681.503 0 0 0 681.503)
(688.174 0 0 0 688.174 0 0 0 688.174)
(692.408 0 0 0 692.408 0 0 0 692.408)
(682.598 0 0 0 682.598 0 0 0 682.598)
(682.093 0 0 0 682.093 0 0 0 682.093)
(682.11 0 0 0 682.11 0 0 0 682.11)
(682.115 0 0 0 682.115 0 0 0 682.115)
(682.109 0 0 0 682.109 0 0 0 682.109)
(682.09 0 0 0 682.09 0 0 0 682.09)
(682.056 0 0 0 682.056 0 0 0 682.056)
(682.006 0 0 0 682.006 0 0 0 682.006)
(681.938 0 0 0 681.938 0 0 0 681.938)
(681.849 0 0 0 681.849 0 0 0 681.849)
(681.739 0 0 0 681.739 0 0 0 681.739)
(681.605 0 0 0 681.605 0 0 0 681.605)
(681.448 0 0 0 681.448 0 0 0 681.448)
(681.265 0 0 0 681.265 0 0 0 681.265)
(681.053 0 0 0 681.053 0 0 0 681.053)
(680.801 0 0 0 680.801 0 0 0 680.801)
(680.491 0 0 0 680.491 0 0 0 680.491)
(680.105 0 0 0 680.105 0 0 0 680.105)
(679.638 0 0 0 679.638 0 0 0 679.638)
(679.142 0 0 0 679.142 0 0 0 679.142)
(678.797 0 0 0 678.797 0 0 0 678.797)
(679.147 0 0 0 679.147 0 0 0 679.147)
(681.502 0 0 0 681.502 0 0 0 681.502)
(688.172 0 0 0 688.172 0 0 0 688.172)
(692.407 0 0 0 692.407 0 0 0 692.407)
(678.343 0 0 0 678.343 0 0 0 678.343)
(677.789 0 0 0 677.789 0 0 0 677.789)
(677.773 0 0 0 677.773 0 0 0 677.773)
(677.748 0 0 0 677.748 0 0 0 677.748)
(677.713 0 0 0 677.713 0 0 0 677.713)
(677.668 0 0 0 677.668 0 0 0 677.668)
(677.61 0 0 0 677.61 0 0 0 677.61)
(677.538 0 0 0 677.538 0 0 0 677.538)
(677.45 0 0 0 677.45 0 0 0 677.45)
(677.344 0 0 0 677.344 0 0 0 677.344)
(677.221 0 0 0 677.221 0 0 0 677.221)
(677.084 0 0 0 677.084 0 0 0 677.084)
(676.937 0 0 0 676.937 0 0 0 676.937)
(676.788 0 0 0 676.788 0 0 0 676.788)
(676.64 0 0 0 676.64 0 0 0 676.64)
(676.493 0 0 0 676.493 0 0 0 676.493)
(676.333 0 0 0 676.333 0 0 0 676.333)
(676.143 0 0 0 676.143 0 0 0 676.143)
(675.919 0 0 0 675.919 0 0 0 675.919)
(675.719 0 0 0 675.719 0 0 0 675.719)
(675.735 0 0 0 675.735 0 0 0 675.735)
(676.541 0 0 0 676.541 0 0 0 676.541)
(679.494 0 0 0 679.494 0 0 0 679.494)
(686.945 0 0 0 686.945 0 0 0 686.945)
(692.032 0 0 0 692.032 0 0 0 692.032)
)
;

boundaryField
{
    outletCentralUnloaded
    {
        type            zeroGradient;
    }
    inletCentralUnloaded
    {
        type            zeroGradient;
    }
    outletFuelElement
    {
        type            zeroGradient;
    }
    inletFuelElement
    {
        type            zeroGradient;
    }
    defaultFaces
    {
        type            zeroGradient;
    }
    baffle_master
    {
        type            zeroGradient;
    }
    baffle_slave
    {
        type            zeroGradient;
    }
}


// ************************************************************************* //
