/*--------------------------------*- C++ -*----------------------------------*\
| =========                 |                                                 |
| \\      /  F ield         | OpenFOAM: The Open Source CFD Toolbox           |
|  \\    /   O peration     | Version:  2212                                  |
|   \\  /    A nd           | Website:  www.openfoam.com                      |
|    \\/     M anipulation  |                                                 |
\*---------------------------------------------------------------------------*/
FoamFile
{
    version     2.0;
    format      ascii;
    arch        "LSB;label=32;scalar=64";
    class       volScalarField;
    location    "37/fluidRegion";
    object      p;
}
// * * * * * * * * * * * * * * * * * * * * * * * * * * * * * * * * * * * * * //

dimensions      [1 -1 -2 0 0 0 0];

internalField   nonuniform List<scalar> 
350
(
3.44743e+06
3.44773e+06
3.44802e+06
3.44832e+06
3.44862e+06
3.44891e+06
3.44921e+06
3.4495e+06
3.4498e+06
3.45009e+06
3.45038e+06
3.45068e+06
3.45097e+06
3.45127e+06
3.45156e+06
3.45186e+06
3.45215e+06
3.45245e+06
3.45275e+06
3.45304e+06
3.45334e+06
3.45364e+06
3.45393e+06
3.45423e+06
3.45451e+06
3.44743e+06
3.44773e+06
3.44802e+06
3.44832e+06
3.44862e+06
3.44891e+06
3.44921e+06
3.4495e+06
3.4498e+06
3.45009e+06
3.45038e+06
3.45068e+06
3.45097e+06
3.45127e+06
3.45156e+06
3.45186e+06
3.45215e+06
3.45245e+06
3.45275e+06
3.45304e+06
3.45334e+06
3.45364e+06
3.45393e+06
3.45423e+06
3.45451e+06
3.47355e+06
3.52484e+06
3.57555e+06
3.62538e+06
3.67401e+06
3.72117e+06
3.7666e+06
3.81005e+06
3.85132e+06
3.89022e+06
3.92658e+06
3.96028e+06
3.9912e+06
4.01925e+06
4.0444e+06
4.06664e+06
4.086e+06
4.10259e+06
4.11655e+06
4.12803e+06
4.13724e+06
4.1444e+06
4.14976e+06
4.1536e+06
4.15627e+06
3.47355e+06
3.52484e+06
3.57555e+06
3.62538e+06
3.67401e+06
3.72117e+06
3.7666e+06
3.81005e+06
3.85132e+06
3.89022e+06
3.92658e+06
3.96028e+06
3.9912e+06
4.01925e+06
4.0444e+06
4.06664e+06
4.086e+06
4.10259e+06
4.11655e+06
4.12803e+06
4.13724e+06
4.1444e+06
4.14976e+06
4.1536e+06
4.15627e+06
3.47355e+06
3.52484e+06
3.57555e+06
3.62538e+06
3.67401e+06
3.72117e+06
3.7666e+06
3.81005e+06
3.85132e+06
3.89022e+06
3.92658e+06
3.96028e+06
3.9912e+06
4.01925e+06
4.0444e+06
4.06664e+06
4.086e+06
4.10259e+06
4.11655e+06
4.12803e+06
4.13724e+06
4.1444e+06
4.14976e+06
4.1536e+06
4.15627e+06
3.47355e+06
3.52484e+06
3.57555e+06
3.62538e+06
3.67401e+06
3.72117e+06
3.7666e+06
3.81005e+06
3.85132e+06
3.89022e+06
3.92658e+06
3.96028e+06
3.9912e+06
4.01925e+06
4.0444e+06
4.06664e+06
4.086e+06
4.10259e+06
4.11655e+06
4.12803e+06
4.13724e+06
4.1444e+06
4.14976e+06
4.1536e+06
4.15627e+06
3.47355e+06
3.52484e+06
3.57555e+06
3.62538e+06
3.67401e+06
3.72117e+06
3.7666e+06
3.81005e+06
3.85132e+06
3.89022e+06
3.92658e+06
3.96028e+06
3.9912e+06
4.01925e+06
4.0444e+06
4.06664e+06
4.086e+06
4.10259e+06
4.11655e+06
4.12803e+06
4.13724e+06
4.1444e+06
4.14976e+06
4.1536e+06
4.15627e+06
3.47355e+06
3.52484e+06
3.57555e+06
3.62538e+06
3.67401e+06
3.72117e+06
3.7666e+06
3.81005e+06
3.85132e+06
3.89022e+06
3.92658e+06
3.96028e+06
3.9912e+06
4.01925e+06
4.0444e+06
4.06664e+06
4.086e+06
4.10259e+06
4.11655e+06
4.12803e+06
4.13724e+06
4.1444e+06
4.14976e+06
4.1536e+06
4.15627e+06
3.47355e+06
3.52484e+06
3.57555e+06
3.62538e+06
3.67401e+06
3.72117e+06
3.7666e+06
3.81005e+06
3.85132e+06
3.89022e+06
3.92658e+06
3.96028e+06
3.9912e+06
4.01925e+06
4.0444e+06
4.06664e+06
4.086e+06
4.10259e+06
4.11655e+06
4.12803e+06
4.13724e+06
4.1444e+06
4.14976e+06
4.1536e+06
4.15627e+06
3.47355e+06
3.52484e+06
3.57555e+06
3.62538e+06
3.67401e+06
3.72117e+06
3.7666e+06
3.81005e+06
3.85132e+06
3.89022e+06
3.92658e+06
3.96028e+06
3.9912e+06
4.01925e+06
4.0444e+06
4.06664e+06
4.086e+06
4.10259e+06
4.11655e+06
4.12803e+06
4.13724e+06
4.1444e+06
4.14976e+06
4.1536e+06
4.15627e+06
3.47355e+06
3.52484e+06
3.57555e+06
3.62538e+06
3.67401e+06
3.72117e+06
3.7666e+06
3.81005e+06
3.85132e+06
3.89022e+06
3.92658e+06
3.96028e+06
3.9912e+06
4.01925e+06
4.0444e+06
4.06664e+06
4.086e+06
4.10259e+06
4.11655e+06
4.12803e+06
4.13724e+06
4.1444e+06
4.14976e+06
4.1536e+06
4.15627e+06
3.47355e+06
3.52484e+06
3.57555e+06
3.62538e+06
3.67401e+06
3.72117e+06
3.7666e+06
3.81005e+06
3.85132e+06
3.89022e+06
3.92658e+06
3.96028e+06
3.9912e+06
4.01925e+06
4.0444e+06
4.06664e+06
4.086e+06
4.10259e+06
4.11655e+06
4.12803e+06
4.13724e+06
4.1444e+06
4.14976e+06
4.1536e+06
4.15627e+06
3.47355e+06
3.52484e+06
3.57555e+06
3.62538e+06
3.67401e+06
3.72117e+06
3.7666e+06
3.81005e+06
3.85132e+06
3.89022e+06
3.92658e+06
3.96028e+06
3.9912e+06
4.01925e+06
4.0444e+06
4.06664e+06
4.086e+06
4.10259e+06
4.11655e+06
4.12803e+06
4.13724e+06
4.1444e+06
4.14976e+06
4.1536e+06
4.15627e+06
3.47355e+06
3.52484e+06
3.57555e+06
3.62538e+06
3.67401e+06
3.72117e+06
3.7666e+06
3.81005e+06
3.85132e+06
3.89022e+06
3.92658e+06
3.96028e+06
3.9912e+06
4.01925e+06
4.0444e+06
4.06664e+06
4.086e+06
4.10259e+06
4.11655e+06
4.12803e+06
4.13724e+06
4.1444e+06
4.14976e+06
4.1536e+06
4.15627e+06
)
;

boundaryField
{
    outletCentralUnloaded
    {
        type            fixedValue;
        value           uniform 3.44728e+06;
    }
    inletCentralUnloaded
    {
        type            zeroGradient;
    }
    outletFuelElement
    {
        type            fixedValue;
        value           uniform 3.44728e+06;
    }
    inletFuelElement
    {
        type            zeroGradient;
    }
    defaultFaces
    {
        type            zeroGradient;
    }
    baffle_master
    {
        type            zeroGradient;
    }
    baffle_slave
    {
        type            zeroGradient;
    }
}


// ************************************************************************* //
