/*--------------------------------*- C++ -*----------------------------------*\
| =========                 |                                                 |
| \\      /  F ield         | OpenFOAM: The Open Source CFD Toolbox           |
|  \\    /   O peration     | Version:  2212                                  |
|   \\  /    A nd           | Website:  www.openfoam.com                      |
|    \\/     M anipulation  |                                                 |
\*---------------------------------------------------------------------------*/
FoamFile
{
    version     2.0;
    format      ascii;
    arch        "LSB;label=32;scalar=64";
    class       volScalarField;
    location    "37/fluidRegion";
    object      T;
}
// * * * * * * * * * * * * * * * * * * * * * * * * * * * * * * * * * * * * * //

dimensions      [0 0 0 1 0 0 0];

internalField   nonuniform List<scalar> 
350
(
83.2888
83.2892
83.2897
83.2901
83.2905
83.291
83.2915
83.292
83.2926
83.2931
83.2937
83.2942
83.2947
83.2952
83.2957
83.2961
83.2965
83.2969
83.2973
83.2978
83.2982
83.2987
83.2991
83.2996
83.3
83.2888
83.2892
83.2897
83.2901
83.2905
83.291
83.2915
83.292
83.2926
83.2931
83.2937
83.2942
83.2947
83.2952
83.2957
83.2961
83.2965
83.2969
83.2973
83.2978
83.2982
83.2987
83.2991
83.2996
83.3
1809.85
1804.35
1786.45
1756.36
1714.44
1661.18
1597.19
1523.23
1440.16
1349
1250.89
1147.17
1039.34
929.162
818.583
709.693
604.586
505.214
413.279
330.215
257.279
195.656
146.567
111.165
90.1254
1837.74
1832.47
1814.58
1784.29
1741.96
1688.07
1623.25
1548.26
1463.99
1371.45
1271.8
1166.37
1056.71
944.569
831.947
720.986
613.849
512.557
418.872
334.269
260.028
197.349
147.461
111.525
90.202
1805.32
1799.8
1781.91
1751.88
1710.05
1656.9
1593.06
1519.28
1436.42
1345.49
1247.64
1144.19
1036.66
926.797
816.544
707.98
603.19
504.115
412.448
329.617
256.877
195.411
146.438
111.112
90.1131
1831.47
1826.14
1808.23
1777.97
1735.72
1681.96
1617.32
1542.55
1458.55
1366.31
1267.01
1161.96
1052.72
941.022
828.866
718.379
611.708
510.858
417.577
333.329
259.391
196.956
147.254
111.441
90.1844
1831.47
1826.14
1808.23
1777.97
1735.72
1681.96
1617.32
1542.55
1458.55
1366.31
1267.01
1161.96
1052.72
941.022
828.866
718.379
611.708
510.858
417.577
333.329
259.391
196.956
147.254
111.441
90.1844
1805.32
1799.8
1781.91
1751.88
1710.05
1656.9
1593.06
1519.28
1436.42
1345.49
1247.64
1144.19
1036.66
926.799
816.545
707.981
603.191
504.116
412.449
329.618
256.878
195.412
146.438
111.112
90.1131
1837.74
1832.47
1814.58
1784.29
1741.96
1688.07
1623.25
1548.26
1463.99
1371.45
1271.8
1166.37
1056.71
944.569
831.947
720.986
613.849
512.557
418.872
334.269
260.028
197.349
147.461
111.525
90.202
1809.85
1804.35
1786.45
1756.36
1714.44
1661.18
1597.19
1523.23
1440.16
1349
1250.89
1147.17
1039.34
929.162
818.583
709.693
604.586
505.214
413.279
330.215
257.279
195.656
146.567
111.165
90.1254
1831.47
1826.14
1808.23
1777.97
1735.72
1681.96
1617.32
1542.55
1458.55
1366.31
1267.01
1161.96
1052.72
941.022
828.866
718.379
611.708
510.858
417.577
333.329
259.391
196.956
147.254
111.441
90.1844
1805.32
1799.8
1781.91
1751.88
1710.05
1656.9
1593.06
1519.28
1436.42
1345.49
1247.64
1144.19
1036.66
926.797
816.544
707.98
603.19
504.115
412.448
329.617
256.877
195.411
146.438
111.112
90.1131
1805.32
1799.8
1781.91
1751.88
1710.05
1656.9
1593.06
1519.28
1436.42
1345.49
1247.64
1144.19
1036.66
926.799
816.545
707.981
603.191
504.116
412.449
329.618
256.878
195.412
146.438
111.112
90.1131
1831.47
1826.14
1808.23
1777.97
1735.72
1681.96
1617.32
1542.55
1458.55
1366.31
1267.01
1161.96
1052.72
941.022
828.866
718.379
611.708
510.858
417.577
333.329
259.391
196.956
147.254
111.441
90.1844
)
;

boundaryField
{
    outletCentralUnloaded
    {
        type            zeroGradient;
    }
    inletCentralUnloaded
    {
        type            fixedValue;
        value           uniform 83.3;
    }
    outletFuelElement
    {
        type            zeroGradient;
    }
    inletFuelElement
    {
        type            fixedValue;
        value           uniform 83.3;
    }
    defaultFaces
    {
        type            zeroGradient;
    }
    baffle_master
    {
        type            zeroGradient;
    }
    baffle_slave
    {
        type            zeroGradient;
    }
}


// ************************************************************************* //
