/*--------------------------------*- C++ -*----------------------------------*\
| =========                 |                                                 |
| \\      /  F ield         | OpenFOAM: The Open Source CFD Toolbox           |
|  \\    /   O peration     | Version:  2212                                  |
|   \\  /    A nd           | Website:  www.openfoam.com                      |
|    \\/     M anipulation  |                                                 |
\*---------------------------------------------------------------------------*/
FoamFile
{
    version     2.0;
    format      ascii;
    arch        "LSB;label=32;scalar=64";
    class       volScalarField;
    location    "58/neutroRegion";
    object      TFuel;
}
// * * * * * * * * * * * * * * * * * * * * * * * * * * * * * * * * * * * * * //

dimensions      [0 0 0 1 0 0 0];

internalField   nonuniform List<scalar> 
350
(
0
0
0
0
0
0
0
0
0
0
0
0
0
0
0
0
0
0
0
0
0
0
0
0
0
0
0
0
0
0
0
0
0
0
0
0
0
0
0
0
0
0
0
0
0
0
0
0
0
0
2221.03
3008.1
3764.46
4478.59
5139.53
5737.14
6262.19
6706.58
7063.45
7327.24
7493.87
7560.77
7526.92
7392.92
7160.94
6834.68
6419.21
5920.66
5345.78
4701.42
3993.17
3224.53
2395.2
1504.14
564.479
2253.75
3050.02
3815.14
4537.47
5205.93
5810.23
6341.08
6790.27
7150.86
7417.24
7585.29
7652.4
7617.55
7481.35
7246
6915.26
6494.29
5989.33
5407.27
4755.07
4038.44
3260.89
2422.04
1520.66
570.024
2215.73
3001.35
3756.34
4469.18
5128.95
5725.5
6249.64
6693.29
7049.57
7312.97
7479.39
7546.26
7512.58
7378.93
7147.48
6821.94
6407.34
5909.81
5336.06
4692.94
3986.03
3218.81
2390.99
1501.56
563.604
2246.37
3040.5
3803.6
4524.02
5190.73
5793.48
6322.98
6771.06
7130.78
7396.55
7564.26
7631.32
7596.69
7460.99
7226.41
6896.7
6477
5973.51
5393.1
4742.71
4028.01
3252.51
2415.85
1516.85
568.746
2246.37
3040.5
3803.6
4524.02
5190.73
5793.48
6322.98
6771.06
7130.78
7396.55
7564.26
7631.32
7596.69
7460.99
7226.41
6896.7
6477
5973.51
5393.1
4742.71
4028.01
3252.51
2415.85
1516.85
568.746
2215.73
3001.36
3756.34
4469.18
5128.95
5725.5
6249.65
6693.29
7049.58
7312.97
7479.39
7546.26
7512.58
7378.93
7147.49
6821.94
6407.34
5909.81
5336.06
4692.94
3986.03
3218.81
2390.99
1501.56
563.604
2253.75
3050.02
3815.15
4537.47
5205.92
5810.23
6341.08
6790.27
7150.86
7417.24
7585.29
7652.4
7617.55
7481.35
7246
6915.26
6494.29
5989.33
5407.27
4755.07
4038.44
3260.9
2422.04
1520.66
570.024
2221.03
3008.1
3764.47
4478.59
5139.53
5737.13
6262.19
6706.58
7063.45
7327.24
7493.87
7560.77
7526.92
7392.92
7160.94
6834.68
6419.21
5920.66
5345.78
4701.42
3993.17
3224.53
2395.2
1504.14
564.479
2246.37
3040.5
3803.6
4524.02
5190.73
5793.48
6322.98
6771.06
7130.78
7396.55
7564.26
7631.32
7596.69
7460.99
7226.41
6896.7
6477
5973.51
5393.1
4742.71
4028.01
3252.51
2415.85
1516.85
568.746
2215.73
3001.35
3756.34
4469.18
5128.95
5725.5
6249.64
6693.29
7049.57
7312.97
7479.39
7546.26
7512.58
7378.93
7147.48
6821.94
6407.34
5909.81
5336.06
4692.94
3986.03
3218.81
2390.99
1501.56
563.604
2215.73
3001.36
3756.34
4469.18
5128.95
5725.5
6249.65
6693.29
7049.58
7312.97
7479.39
7546.26
7512.58
7378.93
7147.49
6821.94
6407.34
5909.81
5336.06
4692.95
3986.03
3218.81
2390.99
1501.56
563.604
2246.37
3040.5
3803.6
4524.02
5190.73
5793.48
6322.98
6771.06
7130.78
7396.55
7564.26
7631.32
7596.69
7460.99
7226.41
6896.7
6477
5973.51
5393.1
4742.71
4028.01
3252.51
2415.85
1516.85
568.746
)
;

boundaryField
{
    outletCentralUnloaded
    {
        type            zeroGradient;
    }
    inletCentralUnloaded
    {
        type            zeroGradient;
    }
    outletFuelElement
    {
        type            zeroGradient;
    }
    inletFuelElement
    {
        type            zeroGradient;
    }
    defaultFaces
    {
        type            zeroGradient;
    }
}


// ************************************************************************* //
