/*--------------------------------*- C++ -*----------------------------------*\
| =========                 |                                                 |
| \\      /  F ield         | OpenFOAM: The Open Source CFD Toolbox           |
|  \\    /   O peration     | Version:  2212                                  |
|   \\  /    A nd           | Website:  www.openfoam.com                      |
|    \\/     M anipulation  |                                                 |
\*---------------------------------------------------------------------------*/
FoamFile
{
    version     2.0;
    format      ascii;
    arch        "LSB;label=32;scalar=64";
    class       volScalarField;
    location    "84/neutroRegion";
    object      TClad;
}
// * * * * * * * * * * * * * * * * * * * * * * * * * * * * * * * * * * * * * //

dimensions      [0 0 0 1 0 0 0];

internalField   nonuniform List<scalar> 
350
(
0
0
0
0
0
0
0
0
0
0
0
0
0
0
0
0
0
0
0
0
0
0
0
0
0
0
0
0
0
0
0
0
0
0
0
0
0
0
0
0
0
0
0
0
0
0
0
0
0
0
1845.88
1883.96
1909.1
1921.29
1920.67
1907.49
1882.19
1845.33
1797.63
1739.93
1673.2
1598.56
1517.21
1430.5
1339.87
1246.77
1152.61
1058.43
964.646
870.432
772.859
665.644
538.047
377.94
186.904
1874.34
1913.04
1938.56
1950.91
1950.21
1936.74
1910.93
1873.36
1824.74
1765.95
1697.96
1621.9
1539.01
1450.65
1358.26
1263.36
1167.36
1071.41
975.954
880.209
781.246
672.7
543.616
381.559
188.127
1841.26
1879.26
1904.36
1916.55
1915.95
1902.83
1877.63
1840.9
1793.36
1735.85
1669.33
1594.92
1513.82
1427.39
1337.03
1244.23
1150.34
1056.45
962.923
868.948
771.594
664.591
537.228
377.412
186.718
1867.94
1906.48
1931.9
1944.2
1943.5
1930.09
1904.38
1866.96
1818.54
1759.99
1692.28
1616.54
1534
1446.01
1354.02
1259.53
1163.96
1068.41
973.339
877.948
779.306
671.067
542.325
380.719
187.845
1867.94
1906.48
1931.9
1944.2
1943.5
1930.09
1904.38
1866.96
1818.54
1759.99
1692.28
1616.54
1534
1446.01
1354.02
1259.53
1163.96
1068.41
973.339
877.948
779.306
671.067
542.325
380.719
187.845
1841.26
1879.27
1904.36
1916.55
1915.95
1902.84
1877.63
1840.91
1793.36
1735.85
1669.33
1594.92
1513.83
1427.39
1337.03
1244.23
1150.34
1056.45
962.924
868.949
771.595
664.592
537.229
377.413
186.718
1874.34
1913.04
1938.56
1950.91
1950.21
1936.74
1910.93
1873.36
1824.74
1765.95
1697.96
1621.9
1539.01
1450.65
1358.26
1263.36
1167.36
1071.41
975.954
880.209
781.246
672.701
543.616
381.559
188.127
1845.88
1883.96
1909.1
1921.29
1920.67
1907.49
1882.19
1845.33
1797.63
1739.93
1673.2
1598.56
1517.21
1430.5
1339.87
1246.77
1152.61
1058.43
964.646
870.432
772.859
665.644
538.047
377.94
186.904
1867.94
1906.48
1931.9
1944.2
1943.5
1930.09
1904.38
1866.96
1818.54
1759.99
1692.28
1616.54
1534
1446.01
1354.02
1259.53
1163.96
1068.41
973.339
877.948
779.306
671.067
542.325
380.719
187.845
1841.26
1879.26
1904.36
1916.55
1915.95
1902.83
1877.63
1840.9
1793.36
1735.85
1669.33
1594.92
1513.82
1427.39
1337.03
1244.23
1150.34
1056.45
962.923
868.948
771.594
664.591
537.228
377.412
186.718
1841.26
1879.27
1904.36
1916.55
1915.95
1902.84
1877.63
1840.91
1793.36
1735.85
1669.33
1594.92
1513.83
1427.39
1337.03
1244.23
1150.34
1056.45
962.924
868.949
771.594
664.591
537.229
377.413
186.718
1867.94
1906.48
1931.9
1944.2
1943.5
1930.09
1904.38
1866.96
1818.54
1759.99
1692.28
1616.54
1534
1446.01
1354.02
1259.53
1163.96
1068.41
973.339
877.948
779.306
671.067
542.325
380.719
187.845
)
;

boundaryField
{
    outletCentralUnloaded
    {
        type            zeroGradient;
    }
    inletCentralUnloaded
    {
        type            zeroGradient;
    }
    outletFuelElement
    {
        type            zeroGradient;
    }
    inletFuelElement
    {
        type            zeroGradient;
    }
    defaultFaces
    {
        type            zeroGradient;
    }
}


// ************************************************************************* //
