/*--------------------------------*- C++ -*----------------------------------*\
| =========                 |                                                 |
| \\      /  F ield         | OpenFOAM: The Open Source CFD Toolbox           |
|  \\    /   O peration     | Version:  2212                                  |
|   \\  /    A nd           | Website:  www.openfoam.com                      |
|    \\/     M anipulation  |                                                 |
\*---------------------------------------------------------------------------*/
FoamFile
{
    version     2.0;
    format      ascii;
    arch        "LSB;label=32;scalar=64";
    class       volScalarField;
    location    "76/neutroRegion";
    object      TFuel;
}
// * * * * * * * * * * * * * * * * * * * * * * * * * * * * * * * * * * * * * //

dimensions      [0 0 0 1 0 0 0];

internalField   nonuniform List<scalar> 
350
(
0
0
0
0
0
0
0
0
0
0
0
0
0
0
0
0
0
0
0
0
0
0
0
0
0
0
0
0
0
0
0
0
0
0
0
0
0
0
0
0
0
0
0
0
0
0
0
0
0
0
2223.22
3010.25
3766.58
4480.67
5141.57
5739.12
6264.12
6708.46
7065.26
7328.98
7495.53
7562.34
7528.4
7394.3
7162.22
6835.85
6420.27
5921.61
5346.62
4702.15
3993.81
3225.07
2395.61
1504.36
564.389
2256
3052.22
3817.32
4539.6
5208.01
5812.27
6343.06
6792.19
7152.71
7419.02
7586.98
7654
7619.06
7482.76
7247.3
6916.46
6495.37
5990.3
5408.12
4755.82
4039.09
3261.44
2422.46
1520.88
569.937
2217.91
3003.5
3758.45
4471.25
5130.97
5727.48
6251.57
6695.16
7051.38
7314.7
7481.04
7547.83
7514.05
7380.3
7148.76
6823.11
6408.4
5910.75
5336.9
4693.68
3986.67
3219.35
2391.41
1501.78
563.515
2248.6
3042.7
3805.76
4526.14
5192.81
5795.51
6324.95
6772.97
7132.62
7398.32
7565.95
7632.92
7598.2
7462.39
7227.71
6897.89
6478.07
5974.47
5393.95
4743.46
4028.66
3253.06
2416.27
1517.07
568.658
2248.6
3042.7
3805.76
4526.14
5192.81
5795.51
6324.95
6772.97
7132.62
7398.32
7565.95
7632.91
7598.2
7462.39
7227.71
6897.89
6478.07
5974.47
5393.95
4743.46
4028.66
3253.06
2416.27
1517.07
568.658
2217.91
3003.5
3758.45
4471.25
5130.97
5727.48
6251.57
6695.16
7051.38
7314.7
7481.04
7547.83
7514.05
7380.31
7148.76
6823.11
6408.4
5910.75
5336.9
4693.68
3986.67
3219.35
2391.41
1501.78
563.515
2256
3052.22
3817.32
4539.6
5208.01
5812.27
6343.06
6792.19
7152.71
7419.02
7586.98
7654
7619.06
7482.76
7247.3
6916.46
6495.37
5990.3
5408.12
4755.82
4039.09
3261.44
2422.46
1520.88
569.937
2223.22
3010.25
3766.58
4480.67
5141.57
5739.12
6264.12
6708.46
7065.26
7328.98
7495.53
7562.34
7528.4
7394.3
7162.22
6835.85
6420.27
5921.61
5346.62
4702.15
3993.81
3225.07
2395.61
1504.36
564.39
2248.6
3042.7
3805.76
4526.14
5192.81
5795.51
6324.95
6772.97
7132.62
7398.32
7565.95
7632.92
7598.2
7462.39
7227.71
6897.89
6478.07
5974.47
5393.95
4743.46
4028.66
3253.06
2416.27
1517.07
568.658
2217.91
3003.5
3758.45
4471.25
5130.97
5727.48
6251.57
6695.16
7051.38
7314.7
7481.04
7547.83
7514.05
7380.3
7148.76
6823.11
6408.4
5910.75
5336.9
4693.68
3986.67
3219.35
2391.41
1501.78
563.515
2217.91
3003.5
3758.45
4471.25
5130.97
5727.48
6251.57
6695.16
7051.38
7314.7
7481.04
7547.83
7514.05
7380.31
7148.76
6823.11
6408.4
5910.75
5336.9
4693.68
3986.67
3219.35
2391.41
1501.78
563.515
2248.6
3042.7
3805.76
4526.14
5192.81
5795.51
6324.95
6772.97
7132.62
7398.32
7565.95
7632.91
7598.2
7462.39
7227.71
6897.89
6478.07
5974.47
5393.95
4743.46
4028.66
3253.06
2416.27
1517.07
568.658
)
;

boundaryField
{
    outletCentralUnloaded
    {
        type            zeroGradient;
    }
    inletCentralUnloaded
    {
        type            zeroGradient;
    }
    outletFuelElement
    {
        type            zeroGradient;
    }
    inletFuelElement
    {
        type            zeroGradient;
    }
    defaultFaces
    {
        type            zeroGradient;
    }
}


// ************************************************************************* //
