/*--------------------------------*- C++ -*----------------------------------*\
| =========                 |                                                 |
| \\      /  F ield         | OpenFOAM: The Open Source CFD Toolbox           |
|  \\    /   O peration     | Version:  2212                                  |
|   \\  /    A nd           | Website:  www.openfoam.com                      |
|    \\/     M anipulation  |                                                 |
\*---------------------------------------------------------------------------*/
FoamFile
{
    version     2.0;
    format      ascii;
    arch        "LSB;label=32;scalar=64";
    class       volScalarField;
    location    "27/neutroRegion";
    object      TFuel;
}
// * * * * * * * * * * * * * * * * * * * * * * * * * * * * * * * * * * * * * //

dimensions      [0 0 0 1 0 0 0];

internalField   nonuniform List<scalar> 
350
(
0
0
0
0
0
0
0
0
0
0
0
0
0
0
0
0
0
0
0
0
0
0
0
0
0
0
0
0
0
0
0
0
0
0
0
0
0
0
0
0
0
0
0
0
0
0
0
0
0
0
1971.24
2733.85
3467.6
4161.35
4804.51
5387.26
5900.65
6336.81
6689.04
6951.94
7121.5
7195.14
7171.82
7052
6837.67
6532.25
6140.41
5667.88
5120.98
4506.25
3829.32
3094.47
2303.62
1459.23
574.662
1998.52
2770.07
3512.37
4214.14
4864.68
5454.03
5973.17
6414.13
6770.13
7035.72
7206.84
7280.88
7256.8
7135.07
6917.71
6608.18
6211.27
5732.78
5179.16
4557.05
3872.17
3128.82
2328.88
1474.72
579.862
1966.81
2728
3460.41
4152.9
4794.9
5376.61
5889.1
6324.51
6676.15
6938.64
7107.96
7181.54
7158.35
7038.84
6824.99
6520.22
6129.2
5657.61
5111.77
4498.22
3822.56
3089.05
2299.65
1456.8
573.84
1992.36
2761.84
3502.16
4202.07
4850.9
5438.72
5956.53
6396.37
6751.5
7016.46
7187.21
7261.15
7237.24
7115.94
6899.28
6590.7
6194.95
5717.83
5165.76
4545.35
3862.3
3120.91
2323.06
1471.15
578.664
1992.36
2761.84
3502.16
4202.07
4850.9
5438.72
5956.53
6396.37
6751.5
7016.46
7187.21
7261.15
7237.24
7115.94
6899.28
6590.7
6194.95
5717.83
5165.76
4545.35
3862.3
3120.91
2323.06
1471.15
578.664
1966.81
2728
3460.41
4152.9
4794.91
5376.61
5889.1
6324.51
6676.16
6938.64
7107.96
7181.54
7158.35
7038.84
6825
6520.22
6129.2
5657.61
5111.77
4498.22
3822.56
3089.05
2299.65
1456.8
573.841
1998.52
2770.07
3512.37
4214.14
4864.68
5454.03
5973.17
6414.13
6770.13
7035.72
7206.84
7280.88
7256.8
7135.07
6917.7
6608.18
6211.27
5732.78
5179.16
4557.05
3872.17
3128.82
2328.88
1474.71
579.862
1971.24
2733.84
3467.6
4161.35
4804.51
5387.26
5900.65
6336.81
6689.04
6951.94
7121.5
7195.14
7171.82
7052
6837.67
6532.25
6140.41
5667.88
5120.98
4506.25
3829.32
3094.47
2303.62
1459.23
574.662
1992.36
2761.84
3502.16
4202.07
4850.9
5438.72
5956.53
6396.37
6751.5
7016.46
7187.21
7261.15
7237.24
7115.94
6899.28
6590.7
6194.95
5717.83
5165.76
4545.35
3862.3
3120.91
2323.06
1471.15
578.664
1966.81
2728
3460.41
4152.9
4794.9
5376.61
5889.1
6324.51
6676.15
6938.64
7107.96
7181.54
7158.34
7038.84
6824.99
6520.22
6129.2
5657.61
5111.77
4498.22
3822.56
3089.05
2299.65
1456.8
573.84
1966.81
2728
3460.41
4152.9
4794.91
5376.61
5889.1
6324.51
6676.16
6938.64
7107.96
7181.54
7158.35
7038.84
6825
6520.22
6129.2
5657.61
5111.77
4498.22
3822.56
3089.05
2299.65
1456.8
573.841
1992.36
2761.84
3502.16
4202.07
4850.9
5438.72
5956.53
6396.37
6751.5
7016.46
7187.21
7261.15
7237.24
7115.94
6899.28
6590.7
6194.95
5717.83
5165.76
4545.35
3862.3
3120.91
2323.06
1471.15
578.664
)
;

boundaryField
{
    outletCentralUnloaded
    {
        type            zeroGradient;
    }
    inletCentralUnloaded
    {
        type            zeroGradient;
    }
    outletFuelElement
    {
        type            zeroGradient;
    }
    inletFuelElement
    {
        type            zeroGradient;
    }
    defaultFaces
    {
        type            zeroGradient;
    }
}


// ************************************************************************* //
