/*--------------------------------*- C++ -*----------------------------------*\
| =========                 |                                                 |
| \\      /  F ield         | OpenFOAM: The Open Source CFD Toolbox           |
|  \\    /   O peration     | Version:  2212                                  |
|   \\  /    A nd           | Website:  www.openfoam.com                      |
|    \\/     M anipulation  |                                                 |
\*---------------------------------------------------------------------------*/
FoamFile
{
    version     2.0;
    format      ascii;
    arch        "LSB;label=32;scalar=64";
    class       volScalarField;
    location    "65/neutroRegion";
    object      TFuel;
}
// * * * * * * * * * * * * * * * * * * * * * * * * * * * * * * * * * * * * * //

dimensions      [0 0 0 1 0 0 0];

internalField   nonuniform List<scalar> 
350
(
0
0
0
0
0
0
0
0
0
0
0
0
0
0
0
0
0
0
0
0
0
0
0
0
0
0
0
0
0
0
0
0
0
0
0
0
0
0
0
0
0
0
0
0
0
0
0
0
0
0
2222.59
3009.64
3765.99
4480.09
5141.01
5738.58
6263.6
6707.96
7064.77
7328.52
7495.09
7561.93
7528.02
7393.94
7161.89
6835.55
6420
5921.36
5346.4
4701.96
3993.64
3224.93
2395.5
1504.3
564.416
2255.35
3051.6
3816.71
4539.01
5207.44
5811.71
6342.53
6791.68
7152.22
7418.55
7586.54
7653.58
7618.67
7482.39
7246.96
6916.15
6495.09
5990.05
5407.9
4755.63
4038.93
3261.3
2422.35
1520.82
569.962
2217.29
3002.89
3757.86
4470.68
5130.42
5726.94
6251.05
6694.66
7050.9
7314.24
7480.6
7547.42
7513.67
7379.95
7148.43
6822.81
6408.13
5910.51
5336.69
4693.49
3986.5
3219.21
2391.3
1501.72
563.541
2247.96
3042.08
3805.15
4525.55
5192.23
5794.95
6324.42
6772.46
7132.13
7397.85
7565.51
7632.5
7597.8
7462.03
7227.37
6897.59
6477.79
5974.23
5393.73
4743.26
4028.49
3252.92
2416.16
1517.01
568.684
2247.96
3042.08
3805.15
4525.55
5192.23
5794.95
6324.42
6772.46
7132.13
7397.85
7565.51
7632.5
7597.8
7462.03
7227.37
6897.59
6477.79
5974.22
5393.73
4743.26
4028.49
3252.92
2416.16
1517.01
568.684
2217.29
3002.89
3757.86
4470.68
5130.42
5726.94
6251.05
6694.66
7050.9
7314.24
7480.61
7547.42
7513.67
7379.95
7148.43
6822.81
6408.13
5910.51
5336.69
4693.49
3986.51
3219.21
2391.3
1501.72
563.541
2255.35
3051.6
3816.71
4539.01
5207.43
5811.71
6342.53
6791.68
7152.22
7418.55
7586.54
7653.58
7618.67
7482.39
7246.96
6916.15
6495.09
5990.05
5407.9
4755.63
4038.93
3261.3
2422.35
1520.82
569.962
2222.59
3009.64
3765.99
4480.09
5141.01
5738.58
6263.6
6707.95
7064.77
7328.52
7495.09
7561.93
7528.01
7393.94
7161.89
6835.55
6420
5921.36
5346.4
4701.96
3993.64
3224.93
2395.5
1504.3
564.416
2247.96
3042.08
3805.15
4525.55
5192.23
5794.95
6324.42
6772.46
7132.13
7397.85
7565.51
7632.5
7597.8
7462.03
7227.37
6897.59
6477.79
5974.22
5393.73
4743.26
4028.49
3252.92
2416.16
1517.01
568.684
2217.29
3002.89
3757.86
4470.68
5130.41
5726.94
6251.05
6694.66
7050.9
7314.24
7480.6
7547.42
7513.67
7379.95
7148.43
6822.81
6408.13
5910.51
5336.69
4693.49
3986.5
3219.21
2391.3
1501.72
563.541
2217.29
3002.89
3757.86
4470.68
5130.42
5726.94
6251.05
6694.66
7050.9
7314.24
7480.61
7547.42
7513.67
7379.95
7148.43
6822.81
6408.13
5910.51
5336.69
4693.49
3986.51
3219.21
2391.3
1501.72
563.541
2247.96
3042.08
3805.15
4525.55
5192.23
5794.95
6324.42
6772.46
7132.13
7397.85
7565.51
7632.5
7597.8
7462.03
7227.37
6897.58
6477.79
5974.22
5393.73
4743.26
4028.49
3252.92
2416.16
1517.01
568.684
)
;

boundaryField
{
    outletCentralUnloaded
    {
        type            zeroGradient;
    }
    inletCentralUnloaded
    {
        type            zeroGradient;
    }
    outletFuelElement
    {
        type            zeroGradient;
    }
    inletFuelElement
    {
        type            zeroGradient;
    }
    defaultFaces
    {
        type            zeroGradient;
    }
}


// ************************************************************************* //
