/*--------------------------------*- C++ -*----------------------------------*\
| =========                 |                                                 |
| \\      /  F ield         | OpenFOAM: The Open Source CFD Toolbox           |
|  \\    /   O peration     | Version:  2212                                  |
|   \\  /    A nd           | Website:  www.openfoam.com                      |
|    \\/     M anipulation  |                                                 |
\*---------------------------------------------------------------------------*/
FoamFile
{
    version     2.0;
    format      ascii;
    arch        "LSB;label=32;scalar=64";
    class       surfaceScalarField;
    location    "92/fluidRegion";
    object      alphaPhi;
}
// * * * * * * * * * * * * * * * * * * * * * * * * * * * * * * * * * * * * * //

dimensions      [0 3 -1 0 0 0 0];

oriented        oriented;

internalField   nonuniform List<scalar> 
661
(
-0.000538927
-6.65412e-14
-0.000538884
-5.31617e-14
-0.000538844
-2.52064e-14
-0.000538804
1.30093e-14
-0.000538765
5.78506e-14
-0.000538727
9.64894e-14
-0.000538691
1.13055e-13
-0.000538656
1.08297e-13
-0.00053862
9.45123e-14
-0.000538583
8.52184e-14
-0.000538546
8.38187e-14
-0.000538508
7.75551e-14
-0.00053847
5.37661e-14
-0.000538432
7.63279e-15
-0.000538394
-5.14526e-14
-0.000538354
-1.05187e-13
-0.000538311
-1.39517e-13
-0.000538266
-1.51415e-13
-0.000538218
-1.48374e-13
-0.000538169
-1.40472e-13
-0.000538119
-1.34512e-13
-0.000538067
-1.27958e-13
-0.000538014
-9.91202e-14
-0.000537959
3.02298e-14
2.76748e-13
-0.000538927
-0.000538884
-0.000538844
-0.000538804
-0.000538765
-0.000538727
-0.000538691
-0.000538656
-0.00053862
-0.000538583
-0.000538546
-0.000538508
-0.00053847
-0.000538432
-0.000538394
-0.000538354
-0.000538311
-0.000538266
-0.000538218
-0.000538169
-0.000538119
-0.000538067
-0.000538014
-0.000537959
-0.0202316
1.4142e-06
-0.0198033
6.71414e-07
-0.0192586
7.27427e-07
-0.0186066
6.54613e-07
-0.0178567
5.92589e-07
-0.0170189
5.35139e-07
-0.0161035
4.81942e-07
-0.0151209
4.3038e-07
-0.0140818
3.74711e-07
-0.0129975
3.05487e-07
-0.0118797
2.10847e-07
-0.0107413
7.91377e-08
-0.00959658
-9.31509e-08
-0.00846124
-2.92055e-07
-0.00735214
-4.95071e-07
-0.00628645
-6.68005e-07
-0.00528038
-7.84122e-07
-0.00434809
-8.36268e-07
-0.00350116
-8.38257e-07
-0.00274931
-8.14405e-07
-0.00210126
-7.87001e-07
-0.00156638
-7.61329e-07
-0.00115537
-7.26448e-07
-0.00087935
-6.31141e-07
-6.01457e-07
-0.0203616
-4.14492e-08
-3.54772e-08
-0.0199323
-1.77125e-07
-1.75176e-07
-0.0193855
-1.68333e-07
-1.65862e-07
-0.0187304
-1.46e-07
-1.43482e-07
-0.0179768
-1.26729e-07
-1.24109e-07
-0.0171344
-1.08927e-07
-1.0627e-07
-0.0162138
-9.26013e-08
-8.99475e-08
-0.0152252
-7.71017e-08
-7.44093e-08
-0.0141796
-6.09003e-08
-5.81788e-08
-0.0130882
-4.13463e-08
-3.85951e-08
-0.0119628
-1.47469e-08
-1.1878e-08
-0.0108163
2.24633e-08
2.52545e-08
-0.00966307
7.05407e-08
7.35154e-08
-0.00851894
1.30794e-07
1.33835e-07
-0.00740099
1.93036e-07
1.96168e-07
-0.00632664
2.47395e-07
2.507e-07
-0.00531238
2.84821e-07
2.88402e-07
-0.00437258
3.02271e-07
3.06309e-07
-0.00351898
3.03575e-07
3.0828e-07
-0.00276143
2.96217e-07
3.01943e-07
-0.0021087
2.86992e-07
2.93586e-07
-0.00157023
2.76375e-07
2.83112e-07
-0.00115682
2.5751e-07
2.63426e-07
-0.000879545
2.03785e-07
2.08264e-07
1.55769e-07
1.57759e-07
-0.0202103
6.91869e-07
-0.0197823
6.52215e-07
-0.0192381
6.27726e-07
-0.0185866
5.58621e-07
-0.0178374
4.96788e-07
-0.0170004
4.39915e-07
-0.0160859
3.87209e-07
-0.0151043
3.35663e-07
-0.0140663
2.78814e-07
-0.0129831
2.06409e-07
-0.0118665
1.05713e-07
-0.0107295
-3.40358e-08
-0.00958612
-2.15336e-07
-0.00845216
-4.2488e-07
-0.00734445
-6.35807e-07
-0.00628011
-8.12069e-07
-0.00527531
-9.26406e-07
-0.00434418
-9.72944e-07
-0.00349826
-9.67686e-07
-0.00274728
-9.36611e-07
-0.00209992
-9.01248e-07
-0.00156557
-8.65211e-07
-0.00115493
-8.05556e-07
-0.000879132
-6.6766e-07
-5.43351e-07
-0.0203326
2.37183e-09
-0.0199035
-1.23275e-09
-0.0193571
-9.92266e-10
-0.0187027
-9.83567e-10
-0.0179498
-8.30762e-10
-0.0171084
-6.81668e-10
-0.0161889
-5.87008e-10
-0.0152017
-4.08899e-10
-0.0141575
-2.40059e-10
-0.0130676
-9.92339e-11
-0.0119439
1.36948e-10
-0.0107993
3.84992e-10
-0.00964794
6.30332e-10
-0.00850579
8.39703e-10
-0.00738984
9.80636e-10
-0.00631747
1.05386e-09
-0.00530507
1.11936e-09
-0.00436698
1.2156e-09
-0.00351491
1.22542e-09
-0.00275867
1.20712e-09
-0.00210701
1.10255e-09
-0.00156937
7.58583e-10
-0.00115652
2.15276e-10
-0.000879527
1.43805e-10
2.81721e-10
-0.0203327
-6.86266e-07
-0.0199035
-6.54337e-07
-0.0193571
-6.29132e-07
-0.0187027
-5.60035e-07
-0.0179498
-4.97985e-07
-0.0171085
-4.40939e-07
-0.0161889
-3.88124e-07
-0.0152017
-3.36372e-07
-0.0141575
-2.79349e-07
-0.0130677
-2.06815e-07
-0.0119439
-1.05843e-07
-0.0107993
3.4103e-08
-0.00964795
2.15663e-07
-0.0085058
4.25359e-07
-0.00738985
6.36324e-07
-0.00631747
8.1253e-07
-0.00530508
9.26834e-07
-0.00436699
9.7341e-07
-0.00351492
9.68134e-07
-0.00275867
9.37095e-07
-0.00210701
9.01761e-07
-0.00156937
8.65523e-07
-0.00115652
8.05492e-07
-0.000879528
6.67992e-07
5.44276e-07
-0.0202103
3.66258e-08
-0.0197824
1.76623e-07
-0.0192381
1.67291e-07
-0.0185866
1.44868e-07
-0.0178374
1.25557e-07
-0.0170004
1.07692e-07
-0.0160859
9.12829e-08
-0.0151043
7.57264e-08
-0.0140663
5.94264e-08
-0.0129831
3.97321e-08
-0.0118665
1.29961e-08
-0.0107295
-2.41965e-08
-0.00958613
-7.24165e-08
-0.00845217
-1.32762e-07
-0.00734446
-1.95137e-07
-0.00628012
-2.49643e-07
-0.00527532
-2.87213e-07
-0.00434418
-3.04771e-07
-0.00349826
-3.06259e-07
-0.00274728
-2.99019e-07
-0.00209992
-2.89906e-07
-0.00156557
-2.79333e-07
-0.00115493
-2.60361e-07
-0.00087913
-2.06005e-07
-1.55142e-07
-0.0203616
-1.41421e-06
-3.95206e-08
-0.0199323
-6.71576e-07
-1.74532e-07
-0.0193855
-7.27667e-07
-1.65611e-07
-0.0187304
-6.54874e-07
-1.43245e-07
-0.0179768
-5.92786e-07
-1.24025e-07
-0.0171344
-5.35308e-07
-1.0632e-07
-0.0162138
-4.82103e-07
-9.00964e-08
-0.0152252
-4.30503e-07
-7.47256e-08
-0.0141796
-3.74838e-07
-5.8652e-08
-0.0130882
-3.05638e-07
-3.91922e-08
-0.0119628
-2.10946e-07
-1.27741e-08
-0.0108163
-7.91928e-08
2.42821e-08
-0.00966307
9.31709e-08
7.21759e-08
-0.00851894
2.92068e-07
1.32229e-07
-0.00740099
4.95036e-07
1.94302e-07
-0.00632664
6.67911e-07
2.48526e-07
-0.00531238
7.83996e-07
2.85774e-07
-0.00437258
8.36206e-07
3.02976e-07
-0.00351898
8.38302e-07
3.04033e-07
-0.00276143
8.14743e-07
2.96626e-07
-0.0021087
7.88088e-07
2.86847e-07
-0.00157023
7.63461e-07
2.75166e-07
-0.00115682
7.30054e-07
2.54838e-07
-0.000879545
6.36413e-07
1.99505e-07
6.08627e-07
1.52017e-07
-0.0202316
-0.0198033
-0.0192586
-0.0186066
-0.0178567
-0.0170189
-0.0161035
-0.0151209
-0.0140818
-0.0129975
-0.0118797
-0.0107413
-0.00959658
-0.00846124
-0.00735214
-0.00628645
-0.00528038
-0.00434809
-0.00350116
-0.00274931
-0.00210126
-0.00156638
-0.00115537
-0.000879351
-0.0203326
-6.94065e-07
4.47836e-09
-0.0199035
-6.5502e-07
1.30841e-09
-0.0193571
-6.30669e-07
1.69929e-09
-0.0187027
-5.61587e-07
1.79834e-09
-0.0179498
-4.99617e-07
1.82778e-09
-0.0171084
-4.42613e-07
1.86978e-09
-0.0161889
-3.89806e-07
1.95229e-09
-0.0152017
-3.38082e-07
1.99488e-09
-0.0141575
-2.81073e-07
2.07973e-09
-0.0130676
-2.08562e-07
2.17811e-09
-0.0119439
-1.07651e-07
2.36883e-09
-0.0107993
3.23332e-08
2.17775e-09
-0.00964794
2.13842e-07
2.40579e-09
-0.00850579
4.23582e-07
2.52615e-09
-0.00738984
6.34599e-07
2.72967e-09
-0.00631747
8.1086e-07
3.04494e-09
-0.00530507
9.25142e-07
3.45068e-09
-0.00436698
9.71578e-07
4.00555e-09
-0.00351491
9.65894e-07
4.8394e-09
-0.00275867
9.34271e-07
5.90977e-09
-0.00210701
8.97496e-07
7.23779e-09
-0.00156937
8.59273e-07
8.44456e-09
-0.00115651
7.97344e-07
9.5159e-09
-0.000879527
6.57737e-07
9.48221e-09
5.36073e-07
5.66502e-09
-0.0202103
-0.0197823
-0.0192381
-0.0185866
-0.0178374
-0.0170004
-0.0160859
-0.0151043
-0.0140663
-0.0129831
-0.0118665
-0.0107295
-0.00958612
-0.00845216
-0.00734445
-0.00628011
-0.00527531
-0.00434418
-0.00349826
-0.00274728
-0.00209992
-0.00156557
-0.00115493
-0.000879134
-0.0202103
6.85539e-07
-0.0197824
6.53564e-07
-0.0192381
6.28265e-07
-0.0185866
5.5913e-07
-0.0178374
4.97209e-07
-0.0170004
4.40224e-07
-0.0160859
3.87405e-07
-0.0151043
3.35742e-07
-0.0140663
2.78744e-07
-0.0129831
2.0618e-07
-0.0118665
1.05215e-07
-0.0107295
-3.43843e-08
-0.00958613
-2.15952e-07
-0.00845217
-4.2559e-07
-0.00734446
-6.36563e-07
-0.00628012
-8.12785e-07
-0.00527532
-9.27019e-07
-0.00434418
-9.73311e-07
-0.00349826
-9.67675e-07
-0.00274728
-9.3572e-07
-0.00209992
-8.99591e-07
-0.00156557
-8.62876e-07
-0.00115493
-8.0289e-07
-0.00087913
-6.64941e-07
-5.38502e-07
-0.0203327
-0.0199035
-0.0193571
-0.0187027
-0.0179498
-0.0171085
-0.0161889
-0.0152017
-0.0141575
-0.0130677
-0.0119439
-0.0107993
-0.00964795
-0.0085058
-0.00738985
-0.00631747
-0.00530508
-0.00436699
-0.00351492
-0.00275867
-0.00210701
-0.00156937
-0.00115652
-0.000879528
)
;

boundaryField
{
    outletCentralUnloaded
    {
        type            calculated;
        value           nonuniform List<scalar> 2(0.000538971 0.000538971);
    }
    inletCentralUnloaded
    {
        type            calculated;
        value           uniform -0.000540134;
    }
    outletFuelElement
    {
        type            calculated;
        value           nonuniform List<scalar> 
12
(
0.0205725
0.0207057
0.0205517
0.0206759
0.0206759
0.0205517
0.0207057
0.0205725
0.0206759
0.0205517
0.0205517
0.0206759
)
;
    }
    inletFuelElement
    {
        type            calculated;
        value           nonuniform List<scalar> 
12
(
-0.000722059
-0.00072206
-0.000722059
-0.000722059
-0.00072206
-0.000722059
-0.00072206
-0.000722059
-0.000722059
-0.000722059
-0.000722059
-0.00072206
)
;
    }
    defaultFaces
    {
        type            calculated;
        value           nonuniform List<scalar> 
450
(
5.46775e-23
-5.51137e-23
0
2.18735e-23
6.14151e-24
0
2.05983e-23
2.39761e-23
0
-3.7427e-23
-2.04291e-23
0
-1.95651e-23
-3.60982e-23
0
-3.65525e-23
-1.52139e-23
0
-3.09456e-23
-1.07731e-23
0
-2.91037e-23
-2.48164e-23
0
-1.58366e-23
-3.75861e-25
0
-2.36881e-23
-9.08205e-24
0
-1.68148e-23
-4.39739e-24
0
-5.2223e-24
6.20449e-26
0
6.31149e-24
3.36234e-24
0
2.09692e-23
1.70754e-24
0
2.66559e-23
1.74979e-23
0
4.26418e-23
3.66524e-24
0
4.24589e-23
9.84817e-24
0
6.08955e-23
5.41227e-24
0
2.53485e-23
-4.88792e-23
0
-6.02588e-24
-7.27887e-24
0
-2.29223e-23
-2.81751e-23
0
3.83227e-23
9.26056e-25
0
-3.56843e-23
-5.41656e-24
0
-2.50831e-23
-3.09473e-24
0
-1.57482e-23
-1.95629e-23
0
3.20908e-23
0
1.60454e-23
0
0
0
1.60454e-23
0
-1.2034e-23
0
1.2034e-23
0
1.2034e-23
0
8.0227e-24
0
-4.01135e-24
0
8.0227e-24
0
4.51277e-24
0
-2.00567e-24
0
-8.0227e-24
0
-1.60454e-23
0
-1.60454e-23
0
-4.01135e-23
0
4.01135e-23
0
-3.20908e-23
0
3.20908e-23
0
-3.20908e-23
0
-2.40681e-23
0
4.81362e-23
0
8.0227e-24
0
-2.40681e-23
0
-1.60454e-23
0
-1.60454e-23
-2.40681e-23
0
-8.0227e-24
8.0227e-24
0
0
4.01135e-24
4.01135e-24
-4.01135e-24
0
5.01419e-25
4.01135e-24
0
8.0227e-24
1.60454e-23
-3.20908e-23
0
-1.60454e-23
0
1.60454e-23
-6.41816e-23
-1.60454e-23
8.0227e-24
8.0227e-24
0
0
0
0
0
0
0
0
0
0
0
0
0
0
0
0
0
0
0
0
0
0
0
0
0
-1.80511e-23
1.60454e-23
8.0227e-24
1.60454e-23
2.40681e-23
4.01135e-23
-1.60454e-23
-1.60454e-23
2.00567e-23
-1.60454e-23
-1.2034e-23
-1.2034e-23
-8.0227e-24
-8.0227e-24
-8.0227e-24
-8.0227e-24
2.20624e-23
-8.0227e-24
-6.01702e-24
-4.01135e-24
-2.50709e-24
-2.00567e-24
3.00851e-24
8.77483e-25
8.0227e-24
8.0227e-24
1.60454e-23
1.60454e-23
2.40681e-23
1.60454e-23
2.40681e-23
2.40681e-23
-1.60454e-23
4.01135e-23
1.60454e-23
2.40681e-23
-4.81362e-23
3.20908e-23
-3.20908e-23
-3.20908e-23
-1.60454e-23
-2.40681e-23
-3.20908e-23
4.01135e-23
-8.0227e-24
-2.40681e-23
0
-2.00567e-23
-2.40681e-23
-1.60454e-23
3.13903e-23
0
-3.20908e-23
5.80967e-24
0
0
1.91988e-23
0
-6.41816e-23
-5.82966e-23
0
8.0227e-24
1.76246e-23
0
0
-4.63126e-23
0
8.0227e-24
-4.46724e-23
0
1.60454e-23
-3.9716e-23
0
8.0227e-24
-1.79017e-23
0
-2.40681e-23
-3.12869e-23
0
4.01135e-24
-1.79549e-23
0
4.01135e-24
-6.8879e-24
0
2.00567e-24
6.31932e-24
-0
0
2.43517e-23
-0
-4.01135e-24
4.64793e-23
-0
-8.0227e-24
6.22775e-23
-0
-8.0227e-24
3.52741e-23
-0
-1.60454e-23
8.54191e-23
-0
-3.20908e-23
3.19585e-23
-0
-1.60454e-23
-1.91109e-23
-0
0
-1.7517e-23
-0
1.60454e-23
4.0203e-23
-0
1.60454e-23
-1.93581e-23
-0
-1.60454e-23
-5.17433e-24
-0
0
-1.70482e-23
-0
8.0227e-24
0
0
0
-8.0227e-24
0
-8.0227e-24
-8.0227e-24
0
0
-4.01135e-24
-2.00567e-24
5.01419e-25
0
8.0227e-24
1.60454e-23
0
-4.81362e-23
1.60454e-23
-3.20908e-23
-1.60454e-23
1.60454e-23
-6.41816e-23
-3.20908e-23
-8.0227e-24
0
2.40681e-23
0
3.20908e-23
0
0
0
2.00567e-23
0
-1.2034e-23
0
1.60454e-23
0
1.2034e-23
0
8.0227e-24
0
-2.00567e-24
0
8.0227e-24
0
2.50709e-24
0
0
0
-1.00284e-23
-0
-1.2034e-23
-0
-2.40681e-23
-0
-2.40681e-23
-0
2.40681e-23
-0
-1.60454e-23
-0
4.81362e-23
-0
-4.81362e-23
-0
-3.20908e-23
-0
3.20908e-23
-0
0
-0
-2.40681e-23
-0
-2.40681e-23
-0
-1.2034e-23
1.60454e-23
-2.40681e-23
2.40681e-23
-1.60454e-23
8.0227e-24
-1.60454e-23
-4.41248e-23
4.01135e-24
1.2034e-23
-1.2034e-23
-2.80794e-23
-1.2034e-23
-2.00567e-23
-4.01135e-24
-2.40681e-23
2.00567e-24
-1.2034e-23
-6.01702e-24
-1.2034e-23
-4.51277e-24
-8.0227e-24
-1.00284e-24
5.01419e-24
4.01135e-24
1.60454e-23
8.0227e-24
3.61021e-23
1.60454e-23
5.21475e-23
1.60454e-23
4.81362e-23
0
5.61589e-23
0
8.0227e-23
-1.60454e-23
4.01135e-23
-1.60454e-23
-3.20908e-23
-1.60454e-23
-2.40681e-23
8.0227e-24
4.81362e-23
1.60454e-23
-2.40681e-23
0
-2.40681e-23
0
-1.60454e-23
-0
-0
-0
-0
-0
-0
-0
-0
-0
-0
-0
0
0
0
0
0
0
0
0
0
0
0
0
0
0
)
;
    }
    baffle_master
    {
        type            calculated;
        value           nonuniform List<scalar> 
150
(
8.72336e-31
0
0
4.27727e-31
0
7.15418e-31
1.11656e-31
0
-3.57709e-31
-4.02338e-33
0
-1.78854e-31
4.08119e-30
0
1.43084e-30
1.22809e-30
0
-1.43084e-30
-2.83259e-31
0
0
9.4505e-31
0
0
1.02521e-31
0
0
1.20326e-30
0
-1.43084e-30
7.69405e-31
0
0
-1.48518e-31
0
1.43084e-30
-3.41864e-31
0
7.15418e-31
-2.31059e-32
0
0
-2.3395e-31
0
0
3.3491e-31
0
1.43084e-30
1.44957e-29
0
8.58502e-30
3.90818e-31
0
0
1.08076e-29
0
8.58502e-30
-4.74045e-31
0
2.86167e-30
1.2921e-30
0
0
-7.61701e-30
0
-2.86167e-30
1.62332e-31
0
0
7.38441e-32
0
0
-1.30059e-30
0
0
1.43084e-30
-3.20304e-30
0
1.43084e-30
-1.92885e-30
0
0
-5.95638e-31
0
-1.78854e-31
4.25606e-31
-0
0
-1.42575e-30
-0
-2.86167e-30
3.8285e-30
-0
-2.86167e-30
4.82069e-30
-0
-1.43084e-30
4.10829e-30
-0
4.29251e-30
3.18213e-30
-0
-2.86167e-30
4.17578e-30
-0
-2.86167e-30
3.44355e-30
-0
-1.43084e-30
3.03433e-30
-0
0
1.64873e-30
-0
0
3.75808e-31
-0
7.15418e-31
-1.06921e-30
0
1.43084e-30
-4.00719e-30
0
-2.86167e-30
-5.39528e-30
0
2.86167e-30
-4.60457e-30
0
-2.86167e-30
-5.58797e-32
0
0
3.71032e-30
0
-2.86167e-30
2.95812e-30
0
-5.72334e-30
3.86504e-30
0
-4.29251e-30
-3.18848e-30
0
0
-7.98379e-31
-0
-5.72334e-30
-7.51409e-30
-0
)
;
    }
    baffle_slave
    {
        type            calculated;
        value           nonuniform List<scalar> 
150
(
-2.50709e-25
-0
1.60454e-23
6.26773e-25
-0
0
4.51277e-24
-0
1.60454e-23
5.01419e-25
-0
0
-3.09626e-23
-0
-2.40681e-23
1.75497e-24
-0
0
-2.50709e-25
-0
0
3.13387e-24
-0
4.01135e-24
-8.77483e-25
-0
4.01135e-24
-1.25355e-24
-0
0
1.25355e-24
-0
-2.00567e-24
-2.50709e-25
0
-5.01419e-25
0
0
4.01135e-24
-5.01419e-25
0
0
1.00284e-24
0
-8.0227e-24
-5.2649e-24
0
0
-5.00165e-23
0
-4.81362e-23
-6.26773e-25
0
0
-3.23415e-23
0
-3.20908e-23
6.26773e-24
0
0
5.01419e-25
0
-3.20908e-23
3.63529e-23
0
3.20908e-23
3.50993e-24
0
0
2.00567e-24
0
-8.0227e-24
-3.38458e-24
0
-8.0227e-24
-7.35238e-24
4.93897e-23
0
-1.11995e-23
1.34756e-23
0
8.83696e-24
1.21594e-23
0
-9.44023e-24
1.68602e-23
0
1.0275e-23
-2.55097e-23
0
-2.00628e-23
2.26892e-23
0
-5.61982e-25
1.53559e-23
0
-5.03884e-24
1.19087e-23
0
7.80742e-24
1.09059e-23
0
-5.25545e-24
1.0044e-23
0
-1.41451e-24
6.58112e-24
0
5.38416e-25
5.21005e-24
0
4.73586e-24
-8.77483e-25
0
7.79788e-24
-4.9045e-24
0
1.49837e-23
-1.09999e-23
0
1.72227e-23
-1.06865e-23
0
-1.39418e-23
-1.62961e-23
0
-2.8268e-24
-2.46949e-23
0
-3.52011e-23
-1.31622e-24
0
3.68499e-24
1.39144e-23
0
4.29564e-24
1.2034e-23
0
-1.65789e-23
3.07119e-23
0
-3.14812e-23
-1.42904e-23
0
3.93879e-24
1.27862e-23
0
-2.5721e-24
7.39593e-24
0
)
;
    }
}


// ************************************************************************* //
