/*--------------------------------*- C++ -*----------------------------------*\
| =========                 |                                                 |
| \\      /  F ield         | OpenFOAM: The Open Source CFD Toolbox           |
|  \\    /   O peration     | Version:  2212                                  |
|   \\  /    A nd           | Website:  www.openfoam.com                      |
|    \\/     M anipulation  |                                                 |
\*---------------------------------------------------------------------------*/
FoamFile
{
    version     2.0;
    format      ascii;
    arch        "LSB;label=32;scalar=64";
    class       volScalarField;
    location    "92/fluidRegion";
    object      dgdt;
}
// * * * * * * * * * * * * * * * * * * * * * * * * * * * * * * * * * * * * * //

dimensions      [0 0 -1 0 0 0 0];

internalField   nonuniform List<scalar> 
350
(
0.00529998
0.00525223
0.00526354
0.00527826
0.00528997
0.0052986
0.00531149
0.00533578
0.00536973
0.00540099
0.00541369
0.00539877
0.00536013
0.00531276
0.00527474
0.00525842
0.00526546
0.00528699
0.00530774
0.00531219
0.00529131
0.00524771
0.00517731
0.00512045
0.00275278
0.00529998
0.00525223
0.00526354
0.00527826
0.00528997
0.0052986
0.00531149
0.00533578
0.00536973
0.00540099
0.00541369
0.00539877
0.00536013
0.00531276
0.00527474
0.00525842
0.00526546
0.00528699
0.00530774
0.00531219
0.00529132
0.00524771
0.00517731
0.00512045
0.00275278
40.7839
51.1002
64.9779
77.7699
89.421
99.8886
109.139
117.144
123.867
129.258
133.234
135.674
136.414
135.277
132.128
126.934
119.815
111.016
100.838
89.515
77.1464
63.6608
48.8903
32.8235
20.3918
40.8407
51.0422
65.0492
77.9625
89.7274
100.301
109.649
117.745
124.555
130.032
134.097
136.63
137.466
136.418
133.336
128.172
121.035
112.172
101.895
90.4524
77.9542
64.331
49.4089
33.17
20.6023
40.7615
51.0845
64.9422
77.7155
89.3492
99.8008
109.037
117.028
123.738
129.116
133.079
135.505
136.231
135.083
131.925
126.729
119.614
110.827
100.666
89.3627
77.0154
63.5525
48.8067
32.7676
20.3578
40.8379
51.0748
65.0511
77.9358
89.6737
100.222
109.547
117.621
124.41
129.866
133.911
136.421
137.234
136.165
133.065
127.894
120.759
111.909
101.654
90.2386
77.7697
64.1777
49.2901
33.0906
20.5541
40.8379
51.0748
65.0511
77.9359
89.6737
100.222
109.547
117.621
124.41
129.866
133.911
136.421
137.234
136.165
133.065
127.894
120.759
111.909
101.654
90.2386
77.7697
64.1777
49.2901
33.0906
20.5541
40.7615
51.0845
64.9422
77.7155
89.3492
99.8008
109.037
117.028
123.738
129.116
133.079
135.505
136.231
135.083
131.924
126.729
119.614
110.827
100.666
89.3627
77.0154
63.5525
48.8067
32.7676
20.3577
40.8407
51.0422
65.0493
77.9625
89.7274
100.301
109.649
117.745
124.555
130.032
134.097
136.63
137.466
136.418
133.336
128.172
121.035
112.172
101.895
90.4524
77.9542
64.331
49.4089
33.17
20.6023
40.7839
51.1002
64.9779
77.7699
89.421
99.8886
109.14
117.144
123.867
129.258
133.234
135.674
136.414
135.277
132.128
126.934
119.815
111.016
100.838
89.515
77.1463
63.6608
48.8903
32.8235
20.3918
40.8379
51.0748
65.0511
77.9358
89.6737
100.222
109.547
117.621
124.41
129.866
133.911
136.421
137.234
136.165
133.065
127.894
120.759
111.909
101.654
90.2386
77.7697
64.1777
49.2901
33.0906
20.5541
40.7615
51.0844
64.9422
77.7155
89.3492
99.8008
109.037
117.028
123.738
129.116
133.079
135.505
136.231
135.083
131.925
126.729
119.614
110.827
100.666
89.3627
77.0154
63.5525
48.8067
32.7676
20.3578
40.7615
51.0844
64.9422
77.7155
89.3492
99.8008
109.037
117.028
123.738
129.116
133.079
135.505
136.231
135.083
131.924
126.729
119.614
110.827
100.666
89.3627
77.0154
63.5525
48.8067
32.7676
20.3577
40.8379
51.0748
65.0511
77.9359
89.6737
100.222
109.547
117.621
124.41
129.866
133.911
136.421
137.234
136.165
133.065
127.894
120.759
111.909
101.654
90.2386
77.7697
64.1777
49.2901
33.0906
20.5541
)
;

boundaryField
{
    outletCentralUnloaded
    {
        type            calculated;
        value           nonuniform List<scalar> 2(0.00529998 0.00529998);
    }
    inletCentralUnloaded
    {
        type            calculated;
        value           nonuniform List<scalar> 2(0.00275278 0.00275278);
    }
    outletFuelElement
    {
        type            calculated;
        value           nonuniform List<scalar> 
12
(
40.7839
40.8407
40.7615
40.8379
40.8379
40.7615
40.8407
40.7839
40.8379
40.7615
40.7615
40.8379
)
;
    }
    inletFuelElement
    {
        type            calculated;
        value           nonuniform List<scalar> 
12
(
20.3918
20.6023
20.3578
20.5541
20.5541
20.3577
20.6023
20.3918
20.5541
20.3578
20.3577
20.5541
)
;
    }
    defaultFaces
    {
        type            calculated;
        value           nonuniform List<scalar> 
450
(
40.7839
40.7839
40.7839
51.1002
51.1002
51.1002
64.9779
64.9779
64.9779
77.7699
77.7699
77.7699
89.421
89.421
89.421
99.8886
99.8886
99.8886
109.139
109.139
109.139
117.144
117.144
117.144
123.867
123.867
123.867
129.258
129.258
129.258
133.234
133.234
133.234
135.674
135.674
135.674
136.414
136.414
136.414
135.277
135.277
135.277
132.128
132.128
132.128
126.934
126.934
126.934
119.815
119.815
119.815
111.016
111.016
111.016
100.838
100.838
100.838
89.515
89.515
89.515
77.1464
77.1464
77.1464
63.6608
63.6608
63.6608
48.8903
48.8903
48.8903
32.8235
32.8235
32.8235
20.3918
20.3918
20.3918
40.7615
40.7615
51.0845
51.0845
64.9422
64.9422
77.7155
77.7155
89.3492
89.3492
99.8008
99.8008
109.037
109.037
117.028
117.028
123.738
123.738
129.116
129.116
133.079
133.079
135.505
135.505
136.231
136.231
135.083
135.083
131.925
131.925
126.729
126.729
119.614
119.614
110.827
110.827
100.666
100.666
89.3627
89.3627
77.0154
77.0154
63.5525
63.5525
48.8067
48.8067
32.7676
32.7676
20.3578
20.3578
40.8379
51.0748
65.0511
77.9358
89.6737
100.222
109.547
117.621
124.41
129.866
133.911
136.421
137.234
136.165
133.065
127.894
120.759
111.909
101.654
90.2386
77.7697
64.1777
49.2901
33.0906
20.5541
40.8379
51.0748
65.0511
77.9359
89.6737
100.222
109.547
117.621
124.41
129.866
133.911
136.421
137.234
136.165
133.065
127.894
120.759
111.909
101.654
90.2386
77.7697
64.1777
49.2901
33.0906
20.5541
40.7615
40.7615
51.0845
51.0845
64.9422
64.9422
77.7155
77.7155
89.3492
89.3492
99.8008
99.8008
109.037
109.037
117.028
117.028
123.738
123.738
129.116
129.116
133.079
133.079
135.505
135.505
136.231
136.231
135.083
135.083
131.924
131.924
126.729
126.729
119.614
119.614
110.827
110.827
100.666
100.666
89.3627
89.3627
77.0154
77.0154
63.5525
63.5525
48.8067
48.8067
32.7676
32.7676
20.3577
20.3577
40.7839
40.7839
40.7839
51.1002
51.1002
51.1002
64.9779
64.9779
64.9779
77.7699
77.7699
77.7699
89.421
89.421
89.421
99.8886
99.8886
99.8886
109.14
109.14
109.14
117.144
117.144
117.144
123.867
123.867
123.867
129.258
129.258
129.258
133.234
133.234
133.234
135.674
135.674
135.674
136.414
136.414
136.414
135.277
135.277
135.277
132.128
132.128
132.128
126.934
126.934
126.934
119.815
119.815
119.815
111.016
111.016
111.016
100.838
100.838
100.838
89.515
89.515
89.515
77.1463
77.1463
77.1463
63.6608
63.6608
63.6608
48.8903
48.8903
48.8903
32.8235
32.8235
32.8235
20.3918
20.3918
20.3918
40.8379
51.0748
65.0511
77.9358
89.6737
100.222
109.547
117.621
124.41
129.866
133.911
136.421
137.234
136.165
133.065
127.894
120.759
111.909
101.654
90.2386
77.7697
64.1777
49.2901
33.0906
20.5541
40.7615
40.7615
51.0844
51.0844
64.9422
64.9422
77.7155
77.7155
89.3492
89.3492
99.8008
99.8008
109.037
109.037
117.028
117.028
123.738
123.738
129.116
129.116
133.079
133.079
135.505
135.505
136.231
136.231
135.083
135.083
131.925
131.925
126.729
126.729
119.614
119.614
110.827
110.827
100.666
100.666
89.3627
89.3627
77.0154
77.0154
63.5525
63.5525
48.8067
48.8067
32.7676
32.7676
20.3578
20.3578
40.7615
40.7615
51.0844
51.0844
64.9422
64.9422
77.7155
77.7155
89.3492
89.3492
99.8008
99.8008
109.037
109.037
117.028
117.028
123.738
123.738
129.116
129.116
133.079
133.079
135.505
135.505
136.231
136.231
135.083
135.083
131.924
131.924
126.729
126.729
119.614
119.614
110.827
110.827
100.666
100.666
89.3627
89.3627
77.0154
77.0154
63.5525
63.5525
48.8067
48.8067
32.7676
32.7676
20.3577
20.3577
40.8379
51.0748
65.0511
77.9359
89.6737
100.222
109.547
117.621
124.41
129.866
133.911
136.421
137.234
136.165
133.065
127.894
120.759
111.909
101.654
90.2386
77.7697
64.1777
49.2901
33.0906
20.5541
)
;
    }
    baffle_master
    {
        type            calculated;
        value           nonuniform List<scalar> 
150
(
0.00529998
0.00529998
0.00529998
0.00525223
0.00525223
0.00525223
0.00526354
0.00526354
0.00526354
0.00527826
0.00527826
0.00527826
0.00528997
0.00528997
0.00528997
0.0052986
0.0052986
0.0052986
0.00531149
0.00531149
0.00531149
0.00533578
0.00533578
0.00533578
0.00536973
0.00536973
0.00536973
0.00540099
0.00540099
0.00540099
0.00541369
0.00541369
0.00541369
0.00539877
0.00539877
0.00539877
0.00536013
0.00536013
0.00536013
0.00531276
0.00531276
0.00531276
0.00527474
0.00527474
0.00527474
0.00525842
0.00525842
0.00525842
0.00526546
0.00526546
0.00526546
0.00528699
0.00528699
0.00528699
0.00530774
0.00530774
0.00530774
0.00531219
0.00531219
0.00531219
0.00529131
0.00529131
0.00529131
0.00524771
0.00524771
0.00524771
0.00517731
0.00517731
0.00517731
0.00512045
0.00512045
0.00512045
0.00275278
0.00275278
0.00275278
0.00529998
0.00529998
0.00529998
0.00525223
0.00525223
0.00525223
0.00526354
0.00526354
0.00526354
0.00527826
0.00527826
0.00527826
0.00528997
0.00528997
0.00528997
0.0052986
0.0052986
0.0052986
0.00531149
0.00531149
0.00531149
0.00533578
0.00533578
0.00533578
0.00536973
0.00536973
0.00536973
0.00540099
0.00540099
0.00540099
0.00541369
0.00541369
0.00541369
0.00539877
0.00539877
0.00539877
0.00536013
0.00536013
0.00536013
0.00531276
0.00531276
0.00531276
0.00527474
0.00527474
0.00527474
0.00525842
0.00525842
0.00525842
0.00526546
0.00526546
0.00526546
0.00528699
0.00528699
0.00528699
0.00530774
0.00530774
0.00530774
0.00531219
0.00531219
0.00531219
0.00529132
0.00529132
0.00529132
0.00524771
0.00524771
0.00524771
0.00517731
0.00517731
0.00517731
0.00512045
0.00512045
0.00512045
0.00275278
0.00275278
0.00275278
)
;
    }
    baffle_slave
    {
        type            calculated;
        value           nonuniform List<scalar> 
150
(
40.8407
40.8379
40.8379
51.0422
51.0748
51.0748
65.0492
65.0511
65.0511
77.9625
77.9358
77.9359
89.7274
89.6737
89.6737
100.301
100.222
100.222
109.649
109.547
109.547
117.745
117.621
117.621
124.555
124.41
124.41
130.032
129.866
129.866
134.097
133.911
133.911
136.63
136.421
136.421
137.466
137.234
137.234
136.418
136.165
136.165
133.336
133.065
133.065
128.172
127.894
127.894
121.035
120.759
120.759
112.172
111.909
111.909
101.895
101.654
101.654
90.4524
90.2386
90.2386
77.9542
77.7697
77.7697
64.331
64.1777
64.1777
49.4089
49.2901
49.2901
33.17
33.0906
33.0906
20.6023
20.5541
20.5541
40.8379
40.8407
40.8379
51.0748
51.0422
51.0748
65.0511
65.0493
65.0511
77.9359
77.9625
77.9358
89.6737
89.7274
89.6737
100.222
100.301
100.222
109.547
109.649
109.547
117.621
117.745
117.621
124.41
124.555
124.41
129.866
130.032
129.866
133.911
134.097
133.911
136.421
136.63
136.421
137.234
137.466
137.234
136.165
136.418
136.165
133.065
133.336
133.065
127.894
128.172
127.894
120.759
121.035
120.759
111.909
112.172
111.909
101.654
101.895
101.654
90.2386
90.4524
90.2386
77.7697
77.9542
77.7697
64.1777
64.331
64.1777
49.2901
49.4089
49.2901
33.0906
33.17
33.0906
20.5541
20.6023
20.5541
)
;
    }
}


// ************************************************************************* //
