/*--------------------------------*- C++ -*----------------------------------*\
| =========                 |                                                 |
| \\      /  F ield         | OpenFOAM: The Open Source CFD Toolbox           |
|  \\    /   O peration     | Version:  2212                                  |
|   \\  /    A nd           | Website:  www.openfoam.com                      |
|    \\/     M anipulation  |                                                 |
\*---------------------------------------------------------------------------*/
FoamFile
{
    version     2.0;
    format      ascii;
    arch        "LSB;label=32;scalar=64";
    class       volVectorField;
    location    "92/fluidRegion";
    object      U;
}
// * * * * * * * * * * * * * * * * * * * * * * * * * * * * * * * * * * * * * //

dimensions      [0 1 -1 0 0 0 0];

internalField   nonuniform List<vector> 
350
(
(2.25552e-10 1.30222e-10 -14.9673)
(1.93599e-10 1.11774e-10 -14.966)
(1.03329e-10 5.96569e-11 -14.9648)
(-2.01903e-11 -1.16569e-11 -14.9636)
(-1.60506e-10 -9.26678e-11 -14.9625)
(-2.75807e-10 -1.59237e-10 -14.9614)
(-3.16119e-10 -1.82511e-10 -14.9604)
(-2.84823e-10 -1.64442e-10 -14.9594)
(-2.23191e-10 -1.28859e-10 -14.9585)
(-1.81087e-10 -1.0455e-10 -14.9575)
(-1.74703e-10 -1.00865e-10 -14.9565)
(-1.67535e-10 -9.67259e-11 -14.9555)
(-1.19918e-10 -6.92348e-11 -14.9544)
(-1.33245e-11 -7.69289e-12 -14.9533)
(1.26946e-10 7.3292e-11 -14.9522)
(2.49443e-10 1.44015e-10 -14.951)
(3.13492e-10 1.80994e-10 -14.9498)
(3.13016e-10 1.8072e-10 -14.9485)
(2.79123e-10 1.61152e-10 -14.9472)
(2.46549e-10 1.42345e-10 -14.9458)
(2.38054e-10 1.3744e-10 -14.9444)
(2.44294e-10 1.41043e-10 -14.9431)
(2.08823e-10 1.20564e-10 -14.9417)
(-4.50265e-11 -2.5996e-11 -14.9403)
(-5.37345e-10 -3.10235e-10 -14.9698)
(2.25552e-10 1.30222e-10 -14.9673)
(1.93598e-10 1.11774e-10 -14.966)
(1.03329e-10 5.96569e-11 -14.9648)
(-2.01903e-11 -1.16569e-11 -14.9636)
(-1.60506e-10 -9.26679e-11 -14.9625)
(-2.75807e-10 -1.59237e-10 -14.9614)
(-3.16119e-10 -1.82511e-10 -14.9604)
(-2.84823e-10 -1.64442e-10 -14.9594)
(-2.23191e-10 -1.28859e-10 -14.9585)
(-1.81087e-10 -1.0455e-10 -14.9575)
(-1.74703e-10 -1.00865e-10 -14.9565)
(-1.67535e-10 -9.67259e-11 -14.9555)
(-1.19918e-10 -6.92348e-11 -14.9544)
(-1.33245e-11 -7.6929e-12 -14.9533)
(1.26946e-10 7.3292e-11 -14.9522)
(2.49443e-10 1.44015e-10 -14.951)
(3.13492e-10 1.80994e-10 -14.9498)
(3.13016e-10 1.8072e-10 -14.9485)
(2.79123e-10 1.61152e-10 -14.9472)
(2.46549e-10 1.42345e-10 -14.9458)
(2.38054e-10 1.3744e-10 -14.9444)
(2.44294e-10 1.41043e-10 -14.9431)
(2.08823e-10 1.20564e-10 -14.9417)
(-4.50265e-11 -2.5996e-11 -14.9403)
(-5.37345e-10 -3.10235e-10 -14.9698)
(-0.00197622 -0.00114097 -423.83)
(-0.000938151 -0.000541641 -415.84)
(-0.00101643 -0.000586835 -405.734)
(-0.000914674 -0.000528087 -393.304)
(-0.000828003 -0.000478047 -378.742)
(-0.000747725 -0.000431699 -362.252)
(-0.000673395 -0.000388784 -344.042)
(-0.000601355 -0.000347192 -324.327)
(-0.000523578 -0.000302288 -303.327)
(-0.000426862 -0.000246448 -281.271)
(-0.000294635 -0.000170107 -258.398)
(-0.000110612 -6.38615e-05 -234.963)
(0.000130114 7.51212e-05 -211.249)
(0.000408022 0.000235572 -187.566)
(0.000691667 0.000399334 -164.253)
(0.000933259 0.000538817 -141.663)
(0.00109544 0.000632452 -120.144)
(0.00116821 0.000674466 -100.011)
(0.00117085 0.000675991 -81.5298)
(0.00113752 0.000656749 -64.9233)
(0.0010992 0.000634622 -50.3826)
(0.00106338 0.000613941 -38.0956)
(0.00101458 0.00058577 -28.2707)
(0.000881844 0.000509132 -21.1346)
(0.00084051 0.000485269 -16.6338)
(-0.00191026 -0.00113065 -426.564)
(-0.000686019 -0.000409339 -418.531)
(-0.000775984 -0.000463496 -408.392)
(-0.000705317 -0.000423056 -395.908)
(-0.000645415 -0.000389016 -381.276)
(-0.000589918 -0.000357272 -364.698)
(-0.000538348 -0.00032764 -346.386)
(-0.000487878 -0.000298804 -326.555)
(-0.000432664 -0.000267198 -305.427)
(-0.000363197 -0.000227368 -283.23)
(-0.000267973 -0.000173034 -260.203)
(-0.000135945 -9.67814e-05 -236.605)
(3.78386e-05 2.58511e-06 -212.718)
(0.00023171 0.00011389 -188.856)
(0.000428606 0.000226709 -165.359)
(0.000594608 0.00032118 -142.588)
(0.000705044 0.000382921 -120.894)
(0.000754256 0.000408323 -100.597)
(0.000756205 0.000405372 -81.9692)
(0.000734621 0.000387344 -65.2343)
(0.000710527 0.000368551 -50.5858)
(0.000689758 0.000355693 -38.2129)
(0.000666136 0.000346594 -28.3258)
(0.00060555 0.000321291 -21.1517)
(0.000626653 0.000349513 -16.6358)
(-0.000867081 -0.000659822 -423.393)
(-0.000495304 -0.000956439 -415.402)
(-0.000481478 -0.000915489 -405.304)
(-0.000436895 -0.000805751 -392.883)
(-0.000395374 -0.000709291 -378.334)
(-0.00035739 -0.000620396 -361.859)
(-0.000321818 -0.00053844 -343.666)
(-0.000285974 -0.000459428 -323.971)
(-0.00024438 -0.000374443 -302.993)
(-0.000188878 -0.000268795 -280.961)
(-0.00011026 -0.00012328 -258.112)
(-1.79666e-06 7.94135e-05 -234.704)
(0.000139404 0.000341943 -211.017)
(0.000291723 0.000656723 -187.363)
(0.000441367 0.000977418 -164.079)
(0.000560966 0.00125105 -141.518)
(0.000633519 0.00143369 -120.026)
(0.000657913 0.00151326 -99.9173)
(0.000647571 0.00151187 -81.4591)
(0.000621447 0.00146886 -64.8722)
(0.000593671 0.00141773 -50.3477)
(0.000567996 0.00136293 -38.0734)
(0.000528172 0.0012691 -28.2578)
(0.00045994 0.00102885 -21.1277)
(0.000396879 0.000813523 -16.6315)
(-0.000968257 -0.000559022 -425.954)
(-0.000907652 -0.000524032 -417.931)
(-0.000873779 -0.000504475 -407.798)
(-0.000777276 -0.000448759 -395.325)
(-0.000691169 -0.000399045 -380.708)
(-0.000612024 -0.000353351 -364.148)
(-0.000538662 -0.000310996 -345.858)
(-0.000467079 -0.000269668 -326.053)
(-0.000388111 -0.000224075 -304.953)
(-0.000287397 -0.000165928 -282.787)
(-0.000147312 -8.50502e-05 -259.794)
(4.72981e-05 2.73075e-05 -236.232)
(0.000299958 0.00017318 -212.384)
(0.000592127 0.000341864 -188.562)
(0.000886329 0.000511721 -165.107)
(0.0011322 0.000653671 -142.377)
(0.00129156 0.000745679 -120.723)
(0.00135617 0.000782982 -100.463)
(0.00134851 0.000778562 -81.8689)
(0.00130505 0.000753466 -65.1634)
(0.00125569 0.000724972 -50.5396)
(0.00120587 0.000696208 -38.1865)
(0.00112322 0.000648488 -28.3137)
(0.000931165 0.000537607 -21.1483)
(0.000757526 0.000437357 -16.6356)
(0.000956758 0.000552383 -425.954)
(0.000917228 0.000529561 -417.931)
(0.00088164 0.000509014 -407.798)
(0.000785009 0.000453224 -395.325)
(0.000698006 0.000402993 -380.708)
(0.000617978 0.000356789 -364.148)
(0.000543912 0.000314027 -345.858)
(0.000471188 0.00027204 -326.053)
(0.000391084 0.000225792 -304.953)
(0.000289318 0.000167037 -282.787)
(0.000147654 8.5248e-05 -259.794)
(-4.85059e-05 -2.80048e-05 -236.232)
(-0.000302834 -0.000174841 -212.384)
(-0.000596441 -0.000344355 -188.562)
(-0.000891729 -0.000514839 -165.107)
(-0.00113835 -0.000657224 -142.377)
(-0.00129845 -0.000749656 -120.723)
(-0.00136394 -0.000787468 -100.463)
(-0.00135678 -0.000783337 -81.8689)
(-0.00131372 -0.000758475 -65.1634)
(-0.00126433 -0.000729962 -50.5396)
(-0.00121312 -0.000700391 -38.1865)
(-0.00112787 -0.000651173 -28.3137)
(-0.000935177 -0.000539923 -21.1483)
(-0.00076183 -0.000439842 -16.6356)
(0.000993989 0.000434276 -423.394)
(0.00107983 -4.34098e-05 -415.402)
(0.00103589 -3.36165e-05 -405.304)
(0.000918387 -1.6955e-05 -392.884)
(0.00081362 -4.62213e-06 -378.334)
(0.000717176 7.10256e-06 -361.859)
(0.000627983 1.75642e-05 -343.667)
(0.00054105 2.61546e-05 -323.971)
(0.000446044 3.29101e-05 -302.994)
(0.000326183 3.81249e-05 -280.961)
(0.000160005 4.31521e-05 -258.112)
(-7.03885e-05 5.05119e-05 -234.704)
(-0.00036922 5.99028e-05 -211.017)
(-0.00071867 8.5732e-05 -187.363)
(-0.00107178 0.000117086 -164.079)
(-0.00136899 0.000151073 -141.518)
(-0.0015639 0.000180315 -120.026)
(-0.00164552 0.000199539 -99.9173)
(-0.00163962 0.000208597 -81.4591)
(-0.00158972 0.000210052 -64.8722)
(-0.00153183 0.000208571 -50.3477)
(-0.00147115 0.000203016 -38.0733)
(-0.00136895 0.000189509 -28.2577)
(-0.00112598 0.000124871 -21.1277)
(-0.00090524 6.03745e-05 -16.6315)
(0.00192063 0.00111535 -426.564)
(0.000699018 0.000390864 -418.531)
(0.000789508 0.000444652 -408.392)
(0.000718949 0.000404236 -395.908)
(0.000658885 0.000370089 -381.276)
(0.000603053 0.000338708 -364.698)
(0.000551067 0.000309717 -346.386)
(0.000500102 0.000281383 -326.555)
(0.000444373 0.000250512 -305.427)
(0.000374433 0.000211517 -283.23)
(0.000278478 0.000157891 -260.203)
(0.000145724 8.24216e-05 -236.605)
(-2.88455e-05 -1.64199e-05 -212.718)
(-0.00022351 -0.000126952 -188.856)
(-0.000421119 -0.000239086 -165.359)
(-0.000587731 -0.000333323 -142.588)
(-0.000698929 -0.000395271 -120.894)
(-0.000749213 -0.000421717 -100.597)
(-0.000752536 -0.000420445 -81.9692)
(-0.00073218 -0.000406284 -65.2343)
(-0.00071175 -0.000390108 -50.5858)
(-0.00069736 -0.000375829 -38.2129)
(-0.00068273 -0.000360846 -28.3258)
(-0.000630966 -0.000327049 -21.1517)
(-0.000654392 -0.000354752 -16.6358)
(0.00197645 0.0011411 -423.83)
(0.000938657 0.000541933 -415.84)
(0.00101705 0.000587194 -405.734)
(0.000915328 0.000528465 -393.304)
(0.000828565 0.000478372 -378.742)
(0.000748243 0.000431998 -362.252)
(0.000673893 0.000389072 -344.042)
(0.000601786 0.000347441 -324.327)
(0.000523999 0.000302531 -303.327)
(0.000427295 0.000246699 -281.271)
(0.000294962 0.000170296 -258.398)
(0.000110834 6.399e-05 -234.963)
(-0.000130052 -7.50857e-05 -211.249)
(-0.000408037 -0.00023558 -187.566)
(-0.00069174 -0.000399376 -164.253)
(-0.000933443 -0.000538923 -141.663)
(-0.00109587 -0.000632699 -120.144)
(-0.00116918 -0.000675024 -100.011)
(-0.00117262 -0.000677014 -81.5298)
(-0.00114063 -0.00065854 -64.9233)
(-0.00110453 -0.0006377 -50.3826)
(-0.00107138 -0.000618563 -38.0955)
(-0.0010258 -0.000592244 -28.2707)
(-0.000895559 -0.000517051 -21.1346)
(-0.000856515 -0.000494509 -16.6338)
(0.000978628 0.000565009 -425.954)
(0.000919914 0.000531111 -417.931)
(0.000886554 0.00051185 -407.798)
(0.000790251 0.00045625 -395.325)
(0.00070379 0.000406332 -380.708)
(0.00062429 0.000360433 -364.148)
(0.000550714 0.000317954 -345.858)
(0.000478599 0.000276318 -326.053)
(0.00039916 0.000230454 -304.953)
(0.000298079 0.000172096 -282.787)
(0.000157476 9.09188e-05 -259.794)
(-3.82013e-05 -2.20554e-05 -236.232)
(-0.000291298 -0.000168181 -212.384)
(-0.000583908 -0.000337118 -188.562)
(-0.000878033 -0.000506931 -165.107)
(-0.0011232 -0.000648476 -142.377)
(-0.00128127 -0.000739737 -120.723)
(-0.00134383 -0.000775861 -100.463)
(-0.00133251 -0.000769324 -81.8689)
(-0.0012842 -0.000741429 -65.1634)
(-0.00122776 -0.000708848 -50.5396)
(-0.00116994 -0.000675463 -38.1865)
(-0.00108017 -0.000623634 -28.3137)
(-0.000886837 -0.000512014 -21.1483)
(-0.00072745 -0.000419992 -16.6356)
(0.000881161 0.000654815 -423.393)
(0.000512481 0.000950014 -415.402)
(0.000499314 0.000908793 -405.304)
(0.000454893 0.000798969 -392.883)
(0.000413054 0.000702523 -378.334)
(0.000374602 0.000613771 -361.859)
(0.000338539 0.000532015 -343.666)
(0.000301978 0.000453217 -323.971)
(0.000259645 0.000368472 -302.993)
(0.000203521 0.000263037 -280.961)
(0.000123913 0.00011788 -258.112)
(1.44647e-05 -8.45115e-05 -234.704)
(-0.00012778 -0.000346612 -211.017)
(-0.000281134 -0.000660877 -187.363)
(-0.000431528 -0.000980974 -164.079)
(-0.000551569 -0.0012539 -141.518)
(-0.000624456 -0.00143551 -120.026)
(-0.000649148 -0.00151352 -99.9173)
(-0.000638547 -0.00150986 -81.4591)
(-0.000611483 -0.00146447 -64.8722)
(-0.000582689 -0.00140856 -50.3477)
(-0.000556496 -0.00134688 -38.0734)
(-0.000517526 -0.00124534 -28.2578)
(-0.000452208 -0.0009988 -21.1278)
(-0.000394645 -0.000787801 -16.6315)
(-0.000989999 -0.000440128 -423.394)
(-0.00107536 3.63482e-05 -415.402)
(-0.00103127 2.66231e-05 -405.304)
(-0.000913745 1.01176e-05 -392.884)
(-0.000809101 -2.49735e-06 -378.334)
(-0.000712778 -1.41481e-05 -361.859)
(-0.000623687 -2.42722e-05 -343.667)
(-0.000536936 -3.28065e-05 -323.971)
(-0.000442085 -3.92865e-05 -302.994)
(-0.000322355 -4.40415e-05 -280.961)
(-0.000156272 -4.89216e-05 -258.112)
(7.35406e-05 -5.62862e-05 -234.704)
(0.000372378 -6.57265e-05 -211.017)
(0.000721701 -9.15101e-05 -187.363)
(0.0010748 -0.000122808 -164.079)
(0.00137209 -0.000157112 -141.518)
(0.00156711 -0.000187301 -120.026)
(0.00164871 -0.000208681 -99.9173)
(0.00164275 -0.000220776 -81.4591)
(0.00159222 -0.00022759 -64.8722)
(0.00153343 -0.000231324 -50.3477)
(0.00147127 -0.000228105 -38.0733)
(0.00136724 -0.00021278 -28.2577)
(0.00112173 -0.000143997 -21.1277)
(0.000896344 -7.91669e-05 -16.6315)
(-0.00095037 -0.000548695 -425.954)
(-0.000909955 -0.000525362 -417.931)
(-0.000873963 -0.000504582 -407.798)
(-0.000777122 -0.00044867 -395.325)
(-0.000690451 -0.000398631 -380.707)
(-0.000610653 -0.00035256 -364.148)
(-0.000536612 -0.000309813 -345.858)
(-0.000464235 -0.000268025 -326.053)
(-0.000384339 -0.000221898 -304.953)
(-0.00028267 -0.000163199 -282.787)
(-0.000141154 -8.14953e-05 -259.794)
(5.38855e-05 3.11108e-05 -236.232)
(0.000308175 0.000177925 -212.384)
(0.000601592 0.000347328 -188.562)
(0.000897068 0.000517921 -165.107)
(0.00114424 0.000660625 -142.377)
(0.00130505 0.000753468 -120.723)
(0.00137127 0.000791702 -100.463)
(0.00136542 0.000788321 -81.8689)
(0.00132325 0.000763978 -65.1634)
(0.00127528 0.00073628 -50.5396)
(0.00122562 0.00070761 -38.1864)
(0.00114215 0.000659421 -28.3137)
(0.000947565 0.000547076 -21.1483)
(0.000762283 0.000440103 -16.6356)
)
;

boundaryField
{
    outletCentralUnloaded
    {
        type            zeroGradient;
    }
    inletCentralUnloaded
    {
        type            fixedValue;
        value           uniform (0 0 -15);
    }
    outletFuelElement
    {
        type            zeroGradient;
    }
    inletFuelElement
    {
        type            fixedValue;
        value           uniform (0 0 -15);
    }
    defaultFaces
    {
        type            slip;
    }
    baffle_master
    {
        type            slip;
    }
    baffle_slave
    {
        type            slip;
    }
}


// ************************************************************************* //
