/*--------------------------------*- C++ -*----------------------------------*\
| =========                 |                                                 |
| \\      /  F ield         | OpenFOAM: The Open Source CFD Toolbox           |
|  \\    /   O peration     | Version:  2212                                  |
|   \\  /    A nd           | Website:  www.openfoam.com                      |
|    \\/     M anipulation  |                                                 |
\*---------------------------------------------------------------------------*/
FoamFile
{
    version     2.0;
    format      ascii;
    arch        "LSB;label=32;scalar=64";
    class       volScalarField;
    location    "34/fluidRegion";
    object      alphaRhoMagU;
}
// * * * * * * * * * * * * * * * * * * * * * * * * * * * * * * * * * * * * * //

dimensions      [1 -2 -1 0 0 0 0];

internalField   nonuniform List<scalar> 
350
(
36.8265
36.827
36.8278
36.8288
36.8296
36.8303
36.8308
36.831
36.8309
36.8307
36.8303
36.8298
36.8292
36.8287
36.8283
36.8281
36.828
36.828
36.8283
36.8286
36.829
36.8293
36.8295
36.8295
36.9068
36.8265
36.827
36.8278
36.8288
36.8296
36.8303
36.8308
36.831
36.8309
36.8307
36.8303
36.8298
36.8292
36.8287
36.8283
36.8281
36.828
36.828
36.8283
36.8286
36.829
36.8293
36.8295
36.8295
36.9068
58.966
58.9051
58.9066
58.907
58.9061
58.9037
58.8996
58.8938
58.8859
58.8758
58.8633
58.8483
58.831
58.8113
58.7888
58.7626
58.7306
58.691
58.643
58.5933
58.5628
58.6146
58.8989
59.6794
60.1676
58.448
58.3789
58.3758
58.3716
58.3664
58.3601
58.3524
58.3432
58.3322
58.3192
58.3045
58.2882
58.2713
58.2548
58.2394
58.2251
58.2105
58.194
58.1749
58.1602
58.1725
58.2784
58.6344
59.5102
60.1125
59.0527
58.9914
58.9934
58.9941
58.9935
58.9913
58.9875
58.9818
58.9739
58.9638
58.9511
58.9357
58.9177
58.8968
58.8724
58.8434
58.8077
58.7634
58.7098
58.6533
58.6144
58.6558
58.927
59.6921
60.1695
58.5638
58.497
58.4952
58.4923
58.4883
58.4831
58.4765
58.4682
58.4581
58.446
58.4319
58.4161
58.3994
58.3823
58.3655
58.3487
58.3303
58.3087
58.2832
58.2607
58.2633
58.357
58.6968
59.551
60.1262
58.5638
58.497
58.4952
58.4923
58.4883
58.4831
58.4765
58.4682
58.4581
58.446
58.4319
58.4161
58.3994
58.3823
58.3655
58.3487
58.3303
58.3087
58.2832
58.2607
58.2633
58.357
58.6968
59.551
60.1262
59.0527
58.9914
58.9934
58.9941
58.9935
58.9913
58.9874
58.9817
58.9739
58.9637
58.9511
58.9357
58.9176
58.8967
58.8723
58.8433
58.8077
58.7633
58.7097
58.6532
58.6143
58.6556
58.9269
59.692
60.1695
58.448
58.3789
58.3758
58.3716
58.3664
58.3601
58.3524
58.3432
58.3322
58.3192
58.3045
58.2882
58.2713
58.2548
58.2394
58.2251
58.2105
58.194
58.1749
58.1602
58.1725
58.2783
58.6344
59.5102
60.1125
58.966
58.9051
58.9066
58.907
58.9061
58.9037
58.8996
58.8938
58.8859
58.8758
58.8633
58.8483
58.831
58.8113
58.7888
58.7626
58.7306
58.691
58.643
58.5933
58.5628
58.6146
58.8989
59.6794
60.1676
58.5638
58.497
58.4952
58.4923
58.4883
58.4831
58.4765
58.4682
58.4581
58.446
58.4319
58.4161
58.3994
58.3823
58.3655
58.3487
58.3303
58.3087
58.2832
58.2607
58.2633
58.357
58.6968
59.551
60.1262
59.0527
58.9914
58.9934
58.9941
58.9935
58.9913
58.9875
58.9818
58.9739
58.9638
58.9511
58.9357
58.9177
58.8968
58.8724
58.8434
58.8077
58.7634
58.7098
58.6533
58.6144
58.6558
58.927
59.6922
60.1696
59.0527
58.9914
58.9934
58.9941
58.9935
58.9913
58.9874
58.9817
58.9739
58.9637
58.9511
58.9357
58.9176
58.8967
58.8724
58.8433
58.8077
58.7633
58.7097
58.6532
58.6143
58.6556
58.9269
59.692
60.1695
58.5638
58.497
58.4952
58.4923
58.4883
58.4831
58.4765
58.4682
58.4581
58.446
58.4319
58.4161
58.3994
58.3823
58.3655
58.3487
58.3303
58.3087
58.2832
58.2607
58.2633
58.357
58.6968
59.551
60.1262
)
;

boundaryField
{
    outletCentralUnloaded
    {
        type            calculated;
        value           nonuniform List<scalar> 2(36.8249 36.8249);
    }
    inletCentralUnloaded
    {
        type            calculated;
        value           nonuniform List<scalar> 2(36.9828 36.9828);
    }
    outletFuelElement
    {
        type            calculated;
        value           nonuniform List<scalar> 
12
(
58.5245
58.0103
58.6105
58.1253
58.1253
58.6105
58.0103
58.5245
58.1253
58.6105
58.6105
58.1253
)
;
    }
    inletFuelElement
    {
        type            calculated;
        value           nonuniform List<scalar> 
12
(
59.9107
59.9107
59.9107
59.9107
59.9107
59.9107
59.9107
59.9107
59.9107
59.9107
59.9107
59.9107
)
;
    }
    defaultFaces
    {
        type            calculated;
        value           nonuniform List<scalar> 
450
(
58.966
58.966
58.966
58.9051
58.9051
58.9051
58.9066
58.9066
58.9066
58.907
58.907
58.907
58.9061
58.9061
58.9061
58.9037
58.9037
58.9037
58.8996
58.8996
58.8996
58.8938
58.8938
58.8938
58.8859
58.8859
58.8859
58.8758
58.8758
58.8758
58.8633
58.8633
58.8633
58.8483
58.8483
58.8483
58.831
58.831
58.831
58.8113
58.8113
58.8113
58.7888
58.7888
58.7888
58.7626
58.7626
58.7626
58.7306
58.7306
58.7306
58.691
58.691
58.691
58.643
58.643
58.643
58.5933
58.5933
58.5933
58.5628
58.5628
58.5628
58.6146
58.6146
58.6146
58.8989
58.8989
58.8989
59.6794
59.6794
59.6794
60.1676
60.1676
60.1676
59.0527
59.0527
58.9914
58.9914
58.9934
58.9934
58.9941
58.9941
58.9935
58.9935
58.9913
58.9913
58.9875
58.9875
58.9818
58.9818
58.9739
58.9739
58.9638
58.9638
58.9511
58.9511
58.9357
58.9357
58.9177
58.9177
58.8968
58.8968
58.8724
58.8724
58.8434
58.8434
58.8077
58.8077
58.7634
58.7634
58.7098
58.7098
58.6533
58.6533
58.6144
58.6144
58.6558
58.6558
58.927
58.927
59.6921
59.6921
60.1695
60.1695
58.5638
58.497
58.4952
58.4923
58.4883
58.4831
58.4765
58.4682
58.4581
58.446
58.4319
58.4161
58.3994
58.3823
58.3655
58.3487
58.3303
58.3087
58.2832
58.2607
58.2633
58.357
58.6968
59.551
60.1262
58.5638
58.497
58.4952
58.4923
58.4883
58.4831
58.4765
58.4682
58.4581
58.446
58.4319
58.4161
58.3994
58.3823
58.3655
58.3487
58.3303
58.3087
58.2832
58.2607
58.2633
58.357
58.6968
59.551
60.1262
59.0527
59.0527
58.9914
58.9914
58.9934
58.9934
58.9941
58.9941
58.9935
58.9935
58.9913
58.9913
58.9874
58.9874
58.9817
58.9817
58.9739
58.9739
58.9637
58.9637
58.9511
58.9511
58.9357
58.9357
58.9176
58.9176
58.8967
58.8967
58.8723
58.8723
58.8433
58.8433
58.8077
58.8077
58.7633
58.7633
58.7097
58.7097
58.6532
58.6532
58.6143
58.6143
58.6556
58.6556
58.9269
58.9269
59.692
59.692
60.1695
60.1695
58.966
58.966
58.966
58.9051
58.9051
58.9051
58.9066
58.9066
58.9066
58.907
58.907
58.907
58.9061
58.9061
58.9061
58.9037
58.9037
58.9037
58.8996
58.8996
58.8996
58.8938
58.8938
58.8938
58.8859
58.8859
58.8859
58.8758
58.8758
58.8758
58.8633
58.8633
58.8633
58.8483
58.8483
58.8483
58.831
58.831
58.831
58.8113
58.8113
58.8113
58.7888
58.7888
58.7888
58.7626
58.7626
58.7626
58.7306
58.7306
58.7306
58.691
58.691
58.691
58.643
58.643
58.643
58.5933
58.5933
58.5933
58.5628
58.5628
58.5628
58.6146
58.6146
58.6146
58.8989
58.8989
58.8989
59.6794
59.6794
59.6794
60.1676
60.1676
60.1676
58.5638
58.497
58.4952
58.4923
58.4883
58.4831
58.4765
58.4682
58.4581
58.446
58.4319
58.4161
58.3994
58.3823
58.3655
58.3487
58.3303
58.3087
58.2832
58.2607
58.2633
58.357
58.6968
59.551
60.1262
59.0527
59.0527
58.9914
58.9914
58.9934
58.9934
58.9941
58.9941
58.9935
58.9935
58.9913
58.9913
58.9875
58.9875
58.9818
58.9818
58.9739
58.9739
58.9638
58.9638
58.9511
58.9511
58.9357
58.9357
58.9177
58.9177
58.8968
58.8968
58.8724
58.8724
58.8434
58.8434
58.8077
58.8077
58.7634
58.7634
58.7098
58.7098
58.6533
58.6533
58.6144
58.6144
58.6558
58.6558
58.927
58.927
59.6922
59.6922
60.1696
60.1696
59.0527
59.0527
58.9914
58.9914
58.9934
58.9934
58.9941
58.9941
58.9935
58.9935
58.9913
58.9913
58.9874
58.9874
58.9817
58.9817
58.9739
58.9739
58.9637
58.9637
58.9511
58.9511
58.9357
58.9357
58.9176
58.9176
58.8967
58.8967
58.8724
58.8724
58.8433
58.8433
58.8077
58.8077
58.7633
58.7633
58.7097
58.7097
58.6532
58.6532
58.6143
58.6143
58.6556
58.6556
58.9269
58.9269
59.692
59.692
60.1695
60.1695
58.5638
58.497
58.4952
58.4923
58.4883
58.4831
58.4765
58.4682
58.4581
58.446
58.4319
58.4161
58.3994
58.3823
58.3655
58.3487
58.3303
58.3087
58.2832
58.2607
58.2633
58.357
58.6968
59.551
60.1262
)
;
    }
    baffle_master
    {
        type            calculated;
        value           nonuniform List<scalar> 
150
(
36.8265
36.8265
36.8265
36.827
36.827
36.827
36.8278
36.8278
36.8278
36.8288
36.8288
36.8288
36.8296
36.8296
36.8296
36.8303
36.8303
36.8303
36.8308
36.8308
36.8308
36.831
36.831
36.831
36.8309
36.8309
36.8309
36.8307
36.8307
36.8307
36.8303
36.8303
36.8303
36.8298
36.8298
36.8298
36.8292
36.8292
36.8292
36.8287
36.8287
36.8287
36.8283
36.8283
36.8283
36.8281
36.8281
36.8281
36.828
36.828
36.828
36.828
36.828
36.828
36.8283
36.8283
36.8283
36.8286
36.8286
36.8286
36.829
36.829
36.829
36.8293
36.8293
36.8293
36.8295
36.8295
36.8295
36.8295
36.8295
36.8295
36.9068
36.9068
36.9068
36.8265
36.8265
36.8265
36.827
36.827
36.827
36.8278
36.8278
36.8278
36.8288
36.8288
36.8288
36.8296
36.8296
36.8296
36.8303
36.8303
36.8303
36.8308
36.8308
36.8308
36.831
36.831
36.831
36.8309
36.8309
36.8309
36.8307
36.8307
36.8307
36.8303
36.8303
36.8303
36.8298
36.8298
36.8298
36.8292
36.8292
36.8292
36.8287
36.8287
36.8287
36.8283
36.8283
36.8283
36.8281
36.8281
36.8281
36.828
36.828
36.828
36.828
36.828
36.828
36.8283
36.8283
36.8283
36.8286
36.8286
36.8286
36.829
36.829
36.829
36.8293
36.8293
36.8293
36.8295
36.8295
36.8295
36.8295
36.8295
36.8295
36.9068
36.9068
36.9068
)
;
    }
    baffle_slave
    {
        type            calculated;
        value           nonuniform List<scalar> 
150
(
58.448
58.5638
58.5638
58.3789
58.497
58.497
58.3758
58.4952
58.4952
58.3716
58.4923
58.4923
58.3664
58.4883
58.4883
58.3601
58.4831
58.4831
58.3524
58.4765
58.4765
58.3432
58.4682
58.4682
58.3322
58.4581
58.4581
58.3192
58.446
58.446
58.3045
58.4319
58.4319
58.2882
58.4161
58.4161
58.2713
58.3994
58.3994
58.2548
58.3823
58.3823
58.2394
58.3655
58.3655
58.2251
58.3487
58.3487
58.2105
58.3303
58.3303
58.194
58.3087
58.3087
58.1749
58.2832
58.2832
58.1602
58.2607
58.2607
58.1725
58.2633
58.2633
58.2784
58.357
58.357
58.6344
58.6968
58.6968
59.5102
59.551
59.551
60.1125
60.1262
60.1262
58.5638
58.448
58.5638
58.497
58.3789
58.497
58.4952
58.3758
58.4952
58.4923
58.3716
58.4923
58.4883
58.3664
58.4883
58.4831
58.3601
58.4831
58.4765
58.3524
58.4765
58.4682
58.3432
58.4682
58.4581
58.3322
58.4581
58.446
58.3192
58.446
58.4319
58.3045
58.4319
58.4161
58.2882
58.4161
58.3994
58.2713
58.3994
58.3823
58.2548
58.3823
58.3655
58.2394
58.3655
58.3487
58.2251
58.3487
58.3303
58.2105
58.3303
58.3087
58.194
58.3087
58.2832
58.1749
58.2832
58.2607
58.1602
58.2607
58.2633
58.1725
58.2633
58.357
58.2783
58.357
58.6968
58.6344
58.6968
59.551
59.5102
59.551
60.1262
60.1125
60.1262
)
;
    }
}


// ************************************************************************* //
