/*--------------------------------*- C++ -*----------------------------------*\
| =========                 |                                                 |
| \\      /  F ield         | OpenFOAM: The Open Source CFD Toolbox           |
|  \\    /   O peration     | Version:  2212                                  |
|   \\  /    A nd           | Website:  www.openfoam.com                      |
|    \\/     M anipulation  |                                                 |
\*---------------------------------------------------------------------------*/
FoamFile
{
    version     2.0;
    format      ascii;
    arch        "LSB;label=32;scalar=64";
    class       volScalarField;
    location    "34/fluidRegion";
    object      alphat;
}
// * * * * * * * * * * * * * * * * * * * * * * * * * * * * * * * * * * * * * //

dimensions      [1 -1 -1 0 0 0 0];

internalField   nonuniform List<scalar> 
350
(
0.00258551
0.0025855
0.0025855
0.00258551
0.00258552
0.00258553
0.00258554
0.00258555
0.00258555
0.00258557
0.00258559
0.00258563
0.00258569
0.00258577
0.0025859
0.00258609
0.00258638
0.00258683
0.00258753
0.00258859
0.00259022
0.00259272
0.00259654
0.00260237
0.00261127
0.00258551
0.0025855
0.0025855
0.00258551
0.00258552
0.00258553
0.00258554
0.00258555
0.00258555
0.00258557
0.00258559
0.00258563
0.00258569
0.00258577
0.0025859
0.00258609
0.00258638
0.00258683
0.00258753
0.00258859
0.00259022
0.00259272
0.00259654
0.00260237
0.00261127
0.000894847
0.000883096
0.000871597
0.00085995
0.000848049
0.000835786
0.000823059
0.000809769
0.00079583
0.000781182
0.000765792
0.000749668
0.000732851
0.000715411
0.000697426
0.000678991
0.000660288
0.000641784
0.000624677
0.000611821
0.000609612
0.000631348
0.00069949
0.000831213
0.000999727
0.000887066
0.000875327
0.00086386
0.000852253
0.0008404
0.000828194
0.000815529
0.000802308
0.000788444
0.000773873
0.000758569
0.00074254
0.00072584
0.000708548
0.000690755
0.000672565
0.000654157
0.000635985
0.000619227
0.00060671
0.000604817
0.000626884
0.000695597
0.000828566
0.000999003
0.000896089
0.000884326
0.000872817
0.000861159
0.000849245
0.000836969
0.000824227
0.000810921
0.000796967
0.000782301
0.000766892
0.000750747
0.000733906
0.000716436
0.000698414
0.000679934
0.000661177
0.000642612
0.000625441
0.00061252
0.00061025
0.000631923
0.000699982
0.000831549
0.000999847
0.000888853
0.000877115
0.000865644
0.00085403
0.000842168
0.000829951
0.000817274
0.000804038
0.000790158
0.00077557
0.000760245
0.000744194
0.000727467
0.00071014
0.000692302
0.000674055
0.000655579
0.000637331
0.000620491
0.000607896
0.00060593
0.000627921
0.000696503
0.000829184
0.000999173
0.000888853
0.000877115
0.000865644
0.00085403
0.000842168
0.000829951
0.000817274
0.000804038
0.000790158
0.00077557
0.000760245
0.000744194
0.000727467
0.00071014
0.000692303
0.000674055
0.000655579
0.000637331
0.000620492
0.000607896
0.00060593
0.000627921
0.000696503
0.000829184
0.000999174
0.000896089
0.000884326
0.000872817
0.000861159
0.000849245
0.000836969
0.000824227
0.000810921
0.000796966
0.0007823
0.000766892
0.000750747
0.000733906
0.000716436
0.000698414
0.000679934
0.000661177
0.000642613
0.000625441
0.00061252
0.00061025
0.000631923
0.000699981
0.000831548
0.000999846
0.000887066
0.000875327
0.00086386
0.000852253
0.0008404
0.000828194
0.000815529
0.000802308
0.000788443
0.000773873
0.000758569
0.00074254
0.00072584
0.000708548
0.000690755
0.000672565
0.000654156
0.000635985
0.000619227
0.00060671
0.000604817
0.000626884
0.000695597
0.000828566
0.000999004
0.000894847
0.000883096
0.000871597
0.00085995
0.000848049
0.000835786
0.000823059
0.000809769
0.00079583
0.000781182
0.000765792
0.000749668
0.000732851
0.000715411
0.000697426
0.000678992
0.000660289
0.000641785
0.000624677
0.000611821
0.000609613
0.000631348
0.00069949
0.000831211
0.000999722
0.000888853
0.000877115
0.000865644
0.00085403
0.000842168
0.000829951
0.000817274
0.000804038
0.000790158
0.00077557
0.000760245
0.000744195
0.000727467
0.00071014
0.000692303
0.000674055
0.000655579
0.000637331
0.000620491
0.000607896
0.00060593
0.000627921
0.000696502
0.000829183
0.000999171
0.000896089
0.000884326
0.000872817
0.000861159
0.000849245
0.000836969
0.000824227
0.000810921
0.000796967
0.000782301
0.000766892
0.000750747
0.000733906
0.000716436
0.000698414
0.000679933
0.000661176
0.000642612
0.00062544
0.000612519
0.000610248
0.000631922
0.000699981
0.000831552
0.000999855
0.000896089
0.000884326
0.000872817
0.000861159
0.000849245
0.000836969
0.000824227
0.000810921
0.000796967
0.000782301
0.000766892
0.000750747
0.000733906
0.000716437
0.000698415
0.000679934
0.000661178
0.000642613
0.000625442
0.000612521
0.00061025
0.000631923
0.000699981
0.000831548
0.000999848
0.000888853
0.000877115
0.000865644
0.00085403
0.000842169
0.000829952
0.000817274
0.000804038
0.000790158
0.00077557
0.000760245
0.000744195
0.000727467
0.000710141
0.000692303
0.000674056
0.00065558
0.000637331
0.000620492
0.000607897
0.000605931
0.000627922
0.000696502
0.000829181
0.000999166
)
;

boundaryField
{
    outletCentralUnloaded
    {
        type            zeroGradient;
    }
    inletCentralUnloaded
    {
        type            zeroGradient;
    }
    outletFuelElement
    {
        type            zeroGradient;
    }
    inletFuelElement
    {
        type            zeroGradient;
    }
    defaultFaces
    {
        type            zeroGradient;
    }
    baffle_master
    {
        type            calculated;
        value           nonuniform List<scalar> 
150
(
0.00258551
0.00258551
0.00258551
0.0025855
0.0025855
0.0025855
0.0025855
0.0025855
0.0025855
0.00258551
0.00258551
0.00258551
0.00258552
0.00258552
0.00258552
0.00258553
0.00258553
0.00258553
0.00258554
0.00258554
0.00258554
0.00258555
0.00258555
0.00258555
0.00258555
0.00258555
0.00258555
0.00258557
0.00258557
0.00258557
0.00258559
0.00258559
0.00258559
0.00258563
0.00258563
0.00258563
0.00258569
0.00258569
0.00258569
0.00258577
0.00258577
0.00258577
0.0025859
0.0025859
0.0025859
0.00258609
0.00258609
0.00258609
0.00258638
0.00258638
0.00258638
0.00258683
0.00258683
0.00258683
0.00258753
0.00258753
0.00258753
0.00258859
0.00258859
0.00258859
0.00259022
0.00259022
0.00259022
0.00259272
0.00259272
0.00259272
0.00259654
0.00259654
0.00259654
0.00260237
0.00260237
0.00260237
0.00261127
0.00261127
0.00261127
0.00258551
0.00258551
0.00258551
0.0025855
0.0025855
0.0025855
0.0025855
0.0025855
0.0025855
0.00258551
0.00258551
0.00258551
0.00258552
0.00258552
0.00258552
0.00258553
0.00258553
0.00258553
0.00258554
0.00258554
0.00258554
0.00258555
0.00258555
0.00258555
0.00258555
0.00258555
0.00258555
0.00258557
0.00258557
0.00258557
0.00258559
0.00258559
0.00258559
0.00258563
0.00258563
0.00258563
0.00258569
0.00258569
0.00258569
0.00258577
0.00258577
0.00258577
0.0025859
0.0025859
0.0025859
0.00258609
0.00258609
0.00258609
0.00258638
0.00258638
0.00258638
0.00258683
0.00258683
0.00258683
0.00258753
0.00258753
0.00258753
0.00258859
0.00258859
0.00258859
0.00259022
0.00259022
0.00259022
0.00259272
0.00259272
0.00259272
0.00259654
0.00259654
0.00259654
0.00260237
0.00260237
0.00260237
0.00261127
0.00261127
0.00261127
)
;
    }
    baffle_slave
    {
        type            calculated;
        value           nonuniform List<scalar> 
150
(
0.000887066
0.000888853
0.000888853
0.000875327
0.000877115
0.000877115
0.00086386
0.000865644
0.000865644
0.000852253
0.00085403
0.00085403
0.0008404
0.000842168
0.000842169
0.000828194
0.000829951
0.000829952
0.000815529
0.000817274
0.000817274
0.000802308
0.000804038
0.000804038
0.000788444
0.000790158
0.000790158
0.000773873
0.00077557
0.00077557
0.000758569
0.000760245
0.000760245
0.00074254
0.000744194
0.000744195
0.00072584
0.000727467
0.000727467
0.000708548
0.00071014
0.000710141
0.000690755
0.000692302
0.000692303
0.000672565
0.000674055
0.000674056
0.000654157
0.000655579
0.00065558
0.000635985
0.000637331
0.000637331
0.000619227
0.000620491
0.000620492
0.00060671
0.000607896
0.000607897
0.000604817
0.00060593
0.000605931
0.000626884
0.000627921
0.000627922
0.000695597
0.000696503
0.000696502
0.000828566
0.000829184
0.000829181
0.000999003
0.000999173
0.000999166
0.000888853
0.000887066
0.000888853
0.000877115
0.000875327
0.000877115
0.000865644
0.00086386
0.000865644
0.00085403
0.000852253
0.00085403
0.000842168
0.0008404
0.000842168
0.000829951
0.000828194
0.000829951
0.000817274
0.000815529
0.000817274
0.000804038
0.000802308
0.000804038
0.000790158
0.000788443
0.000790158
0.00077557
0.000773873
0.00077557
0.000760245
0.000758569
0.000760245
0.000744194
0.00074254
0.000744195
0.000727467
0.00072584
0.000727467
0.00071014
0.000708548
0.00071014
0.000692303
0.000690755
0.000692303
0.000674055
0.000672565
0.000674055
0.000655579
0.000654156
0.000655579
0.000637331
0.000635985
0.000637331
0.000620492
0.000619227
0.000620491
0.000607896
0.00060671
0.000607896
0.00060593
0.000604817
0.00060593
0.000627921
0.000626884
0.000627921
0.000696503
0.000695597
0.000696502
0.000829184
0.000828566
0.000829183
0.000999174
0.000999004
0.000999171
)
;
    }
}


// ************************************************************************* //
