/*--------------------------------*- C++ -*----------------------------------*\
| =========                 |                                                 |
| \\      /  F ield         | OpenFOAM: The Open Source CFD Toolbox           |
|  \\    /   O peration     | Version:  2212                                  |
|   \\  /    A nd           | Website:  www.openfoam.com                      |
|    \\/     M anipulation  |                                                 |
\*---------------------------------------------------------------------------*/
FoamFile
{
    version     2.0;
    format      ascii;
    arch        "LSB;label=32;scalar=64";
    class       volScalarField;
    location    "34/fluidRegion";
    object      epsilon;
}
// * * * * * * * * * * * * * * * * * * * * * * * * * * * * * * * * * * * * * //

dimensions      [0 2 -3 0 0 0 0];

internalField   nonuniform List<scalar> 
350
(
66.9737
66.9571
66.9406
66.9241
66.9076
66.8911
66.8748
66.8585
66.8424
66.8264
66.8107
66.7953
66.7807
66.767
66.755
66.7455
66.7397
66.7397
66.7485
66.7706
66.8132
66.8871
67.0087
67.2033
67.5092
66.9737
66.9571
66.9406
66.9241
66.9076
66.8911
66.8748
66.8585
66.8424
66.8264
66.8107
66.7953
66.7807
66.767
66.755
66.7455
66.7397
66.7397
66.7485
66.7706
66.8132
66.8871
67.0087
67.2033
67.5092
7.34436e+06
6.7708e+06
6.13215e+06
5.44782e+06
4.74493e+06
4.04853e+06
3.38045e+06
2.75856e+06
2.19636e+06
1.70282e+06
1.28248e+06
935742
659397
447238
290876
180661
106659
59539.8
31245.5
15337.3
7043.54
3082.81
1377.82
735.181
547.951
7.50213e+06
6.9177e+06
6.26682e+06
5.5688e+06
4.85142e+06
4.14028e+06
3.45775e+06
2.82214e+06
2.24731e+06
1.7425e+06
1.31241e+06
957519
674615
457398
297320
184520
108824
60668.2
31784.5
15568.8
7130.68
3110.43
1384.83
736.598
548.37
7.31852e+06
6.74668e+06
6.11014e+06
5.42812e+06
4.72767e+06
4.03371e+06
3.36801e+06
2.74836e+06
2.18822e+06
1.6965e+06
1.27773e+06
932297
656996
445638
289862
180054
106317
59361.1
31159.3
15299.4
7028.68
3077.65
1376.21
734.696
547.777
7.46719e+06
6.8851e+06
6.23686e+06
5.54182e+06
4.82761e+06
4.11973e+06
3.44039e+06
2.80783e+06
2.23582e+06
1.73353e+06
1.30563e+06
952577
671154
455083
295850
183638
108329
60410
31661.2
15515.9
7110.82
3104.18
1383.28
736.306
548.292
7.46719e+06
6.88511e+06
6.23686e+06
5.54182e+06
4.82761e+06
4.11973e+06
3.44039e+06
2.80783e+06
2.23582e+06
1.73353e+06
1.30563e+06
952578
671154
455083
295850
183638
108329
60410
31661.2
15515.9
7110.82
3104.18
1383.28
736.305
548.292
7.31853e+06
6.74669e+06
6.11015e+06
5.42813e+06
4.72767e+06
4.03372e+06
3.36801e+06
2.74836e+06
2.18822e+06
1.69651e+06
1.27773e+06
932299
656997
445639
289863
180054
106318
59361.1
31159.3
15299.4
7028.69
3077.65
1376.21
734.696
547.778
7.50213e+06
6.9177e+06
6.26682e+06
5.5688e+06
4.85142e+06
4.14028e+06
3.45775e+06
2.82214e+06
2.24731e+06
1.7425e+06
1.31241e+06
957519
674615
457398
297320
184520
108824
60668.2
31784.5
15568.9
7130.68
3110.43
1384.83
736.598
548.37
7.34436e+06
6.7708e+06
6.13215e+06
5.44782e+06
4.74493e+06
4.04853e+06
3.38045e+06
2.75856e+06
2.19636e+06
1.70282e+06
1.28248e+06
935742
659397
447238
290876
180661
106659
59539.8
31245.5
15337.3
7043.55
3082.82
1377.82
735.188
547.958
7.46719e+06
6.8851e+06
6.23686e+06
5.54182e+06
4.82761e+06
4.11973e+06
3.44039e+06
2.80783e+06
2.23582e+06
1.73353e+06
1.30563e+06
952578
671154
455083
295850
183638
108329
60410
31661.2
15515.9
7110.82
3104.18
1383.28
736.308
548.294
7.31852e+06
6.74668e+06
6.11014e+06
5.42812e+06
4.72767e+06
4.03371e+06
3.36801e+06
2.74836e+06
2.18822e+06
1.69651e+06
1.27773e+06
932297
656996
445638
289862
180054
106317
59361
31159.2
15299.4
7028.65
3077.62
1376.19
734.682
547.765
7.31853e+06
6.74669e+06
6.11015e+06
5.42813e+06
4.72767e+06
4.03372e+06
3.36801e+06
2.74836e+06
2.18822e+06
1.69651e+06
1.27773e+06
932299
656997
445639
289863
180054
106318
59361.1
31159.3
15299.4
7028.69
3077.65
1376.21
734.694
547.775
7.46719e+06
6.8851e+06
6.23686e+06
5.54182e+06
4.82761e+06
4.11973e+06
3.44039e+06
2.80783e+06
2.23582e+06
1.73353e+06
1.30563e+06
952578
671154
455083
295850
183638
108329
60410.1
31661.2
15515.9
7110.84
3104.19
1383.29
736.317
548.303
)
;

boundaryField
{
    outletCentralUnloaded
    {
        type            zeroGradient;
    }
    inletCentralUnloaded
    {
        type            zeroGradient;
    }
    outletFuelElement
    {
        type            zeroGradient;
    }
    inletFuelElement
    {
        type            zeroGradient;
    }
    defaultFaces
    {
        type            zeroGradient;
    }
    baffle_master
    {
        type            zeroGradient;
    }
    baffle_slave
    {
        type            zeroGradient;
    }
}


// ************************************************************************* //
