/*--------------------------------*- C++ -*----------------------------------*\
| =========                 |                                                 |
| \\      /  F ield         | OpenFOAM: The Open Source CFD Toolbox           |
|  \\    /   O peration     | Version:  2212                                  |
|   \\  /    A nd           | Website:  www.openfoam.com                      |
|    \\/     M anipulation  |                                                 |
\*---------------------------------------------------------------------------*/
FoamFile
{
    version     2.0;
    format      ascii;
    arch        "LSB;label=32;scalar=64";
    class       volScalarField;
    location    "34/fluidRegion";
    object      k;
}
// * * * * * * * * * * * * * * * * * * * * * * * * * * * * * * * * * * * * * //

dimensions      [0 2 -2 0 0 0 0];

internalField   nonuniform List<scalar> 
350
(
0.421046
0.420976
0.420907
0.420838
0.42077
0.420702
0.420633
0.420565
0.420497
0.420431
0.420366
0.420303
0.420244
0.420191
0.420146
0.420115
0.420103
0.420122
0.420189
0.420328
0.420577
0.420995
0.42167
0.422738
0.424406
0.421046
0.420976
0.420907
0.420838
0.42077
0.420702
0.420633
0.420565
0.420497
0.420431
0.420366
0.420303
0.420244
0.420191
0.420146
0.420115
0.420103
0.420122
0.420189
0.420328
0.420577
0.420995
0.42167
0.422738
0.424406
395.846
374.31
349.687
322.437
293.331
263.138
232.598
202.405
173.195
145.529
119.884
96.6419
76.0771
58.3487
43.4922
31.4204
21.9347
14.7493
9.52391
5.89711
3.51647
2.05898
1.24615
0.853158
0.714116
401.371
379.587
354.678
327.09
297.61
267.014
236.054
205.436
175.805
147.731
121.699
98.0994
77.2133
59.2049
44.1133
31.8517
22.2198
14.9274
9.62771
5.95265
3.54306
2.06993
1.24984
0.854169
0.7145
394.93
373.434
348.862
321.671
292.63
262.505
232.035
201.913
172.773
145.175
119.593
96.4088
75.8958
58.2123
43.3934
31.3517
21.8892
14.7208
9.50706
5.88789
3.51185
2.05687
1.24528
0.852822
0.713986
400.158
378.426
353.577
326.061
296.661
266.152
235.284
204.759
175.221
147.237
121.291
97.771
76.9566
59.011
43.9724
31.7537
22.1549
14.8868
9.60405
5.94
3.53702
2.06746
1.24902
0.853959
0.714425
400.158
378.426
353.577
326.061
296.661
266.152
235.284
204.759
175.221
147.237
121.291
97.771
76.9566
59.0111
43.9724
31.7537
22.155
14.8868
9.60406
5.94
3.53702
2.06746
1.24902
0.853958
0.714425
394.931
373.434
348.863
321.671
292.63
262.505
232.035
201.914
172.773
145.175
119.593
96.4089
75.8959
58.2124
43.3935
31.3518
21.8892
14.7208
9.50708
5.88789
3.51185
2.05688
1.24528
0.852821
0.713987
401.371
379.587
354.678
327.09
297.61
267.014
236.054
205.436
175.805
147.731
121.699
98.0994
77.2133
59.2049
44.1133
31.8517
22.2198
14.9274
9.62771
5.95265
3.54306
2.06993
1.24984
0.854169
0.7145
395.846
374.31
349.687
322.437
293.331
263.138
232.598
202.405
173.195
145.529
119.884
96.6419
76.0771
58.3487
43.4922
31.4204
21.9347
14.7493
9.52391
5.89712
3.51648
2.05898
1.24615
0.853161
0.714119
400.158
378.426
353.577
326.061
296.661
266.152
235.284
204.759
175.221
147.237
121.291
97.771
76.9566
59.0111
43.9724
31.7537
22.155
14.8868
9.60406
5.94
3.53702
2.06746
1.24902
0.853959
0.714426
394.93
373.434
348.862
321.671
292.63
262.505
232.035
201.913
172.773
145.175
119.593
96.4088
75.8958
58.2123
43.3934
31.3517
21.8892
14.7208
9.50705
5.88788
3.51183
2.05686
1.24527
0.852815
0.713981
394.931
373.434
348.863
321.671
292.63
262.505
232.035
201.914
172.773
145.175
119.593
96.4089
75.8959
58.2124
43.3935
31.3518
21.8892
14.7208
9.50708
5.8879
3.51185
2.05688
1.24528
0.85282
0.713985
400.158
378.426
353.577
326.061
296.661
266.153
235.284
204.759
175.221
147.237
121.291
97.771
76.9566
59.0111
43.9724
31.7537
22.155
14.8868
9.60406
5.94001
3.53702
2.06746
1.24903
0.853964
0.714429
)
;

boundaryField
{
    outletCentralUnloaded
    {
        type            zeroGradient;
    }
    inletCentralUnloaded
    {
        type            zeroGradient;
    }
    outletFuelElement
    {
        type            zeroGradient;
    }
    inletFuelElement
    {
        type            zeroGradient;
    }
    defaultFaces
    {
        type            zeroGradient;
    }
    baffle_master
    {
        type            zeroGradient;
    }
    baffle_slave
    {
        type            zeroGradient;
    }
}


// ************************************************************************* //
