/*--------------------------------*- C++ -*----------------------------------*\
| =========                 |                                                 |
| \\      /  F ield         | OpenFOAM: The Open Source CFD Toolbox           |
|  \\    /   O peration     | Version:  2212                                  |
|   \\  /    A nd           | Website:  www.openfoam.com                      |
|    \\/     M anipulation  |                                                 |
\*---------------------------------------------------------------------------*/
FoamFile
{
    version     2.0;
    format      ascii;
    arch        "LSB;label=32;scalar=64";
    class       volScalarField;
    location    "34/fluidRegion";
    object      nut;
}
// * * * * * * * * * * * * * * * * * * * * * * * * * * * * * * * * * * * * * //

dimensions      [0 2 -1 0 0 0 0];

internalField   nonuniform List<scalar> 
350
(
0.000537558
0.000537516
0.000537478
0.000537441
0.000537404
0.000537365
0.000537325
0.000537282
0.000537238
0.000537193
0.000537148
0.000537103
0.00053706
0.00053702
0.000536984
0.000536955
0.000536937
0.000536935
0.000536957
0.000537013
0.000537122
0.00053731
0.000537618
0.000538109
0.000539512
0.000537558
0.000537516
0.000537478
0.000537441
0.000537404
0.000537365
0.000537325
0.000537282
0.000537238
0.000537193
0.000537148
0.000537103
0.00053706
0.00053702
0.000536984
0.000536955
0.000536937
0.000536935
0.000536957
0.000537013
0.000537122
0.00053731
0.000537618
0.000538109
0.000539512
0.0102695
0.0100597
0.0097985
0.00948115
0.00911249
0.00869771
0.00824212
0.00775123
0.00723067
0.00668633
0.00612437
0.0055514
0.00497455
0.00440159
0.00384075
0.00330046
0.00278884
0.0023132
0.00187974
0.00149367
0.0011596
0.000881987
0.000665042
0.000511268
0.000416404
0.0103354
0.0101245
0.00986247
0.00954373
0.00917328
0.0087563
0.00829815
0.00780434
0.00728057
0.00673271
0.00616697
0.00558996
0.00500889
0.00443155
0.00386631
0.00332168
0.00280593
0.00232646
0.00188958
0.00150056
0.00116403
0.0008845
0.000666208
0.000511643
0.00041647
0.0102589
0.010049
0.00978805
0.00947095
0.00910262
0.00868823
0.00823309
0.00774268
0.00722267
0.00667892
0.00611758
0.00554527
0.00496911
0.00439684
0.0038367
0.0032971
0.00278613
0.00231108
0.00187815
0.00149253
0.00115883
0.000881504
0.000664764
0.000511122
0.000416356
0.0103208
0.0101101
0.00984827
0.0095298
0.00915972
0.00874321
0.0082856
0.00779243
0.00726935
0.00672226
0.00615735
0.00558124
0.00500111
0.00442475
0.0038605
0.00331685
0.00280204
0.00232344
0.00188734
0.00149899
0.00116303
0.000883934
0.000665951
0.000511568
0.000416461
0.0103208
0.0101101
0.00984827
0.0095298
0.00915972
0.00874321
0.0082856
0.00779243
0.00726935
0.00672226
0.00615735
0.00558124
0.00500111
0.00442475
0.0038605
0.00331685
0.00280204
0.00232344
0.00188734
0.00149899
0.00116303
0.000883934
0.000665951
0.000511568
0.000416461
0.0102589
0.010049
0.00978805
0.00947095
0.00910263
0.00868823
0.00823309
0.00774269
0.00722268
0.00667892
0.00611759
0.00554527
0.00496911
0.00439684
0.0038367
0.0032971
0.00278613
0.00231108
0.00187815
0.00149253
0.00115883
0.000881504
0.000664763
0.000511121
0.000416355
0.0103354
0.0101245
0.00986247
0.00954373
0.00917328
0.0087563
0.00829815
0.00780434
0.00728057
0.00673271
0.00616697
0.00558996
0.00500889
0.00443155
0.00386631
0.00332168
0.00280593
0.00232646
0.00188958
0.00150056
0.00116403
0.0008845
0.000666208
0.000511643
0.00041647
0.0102695
0.0100597
0.0097985
0.00948115
0.00911249
0.00869771
0.00824212
0.00775123
0.00723067
0.00668633
0.00612437
0.0055514
0.00497455
0.00440159
0.00384075
0.00330046
0.00278884
0.0023132
0.00187974
0.00149367
0.0011596
0.000881987
0.000665041
0.000511268
0.000416404
0.0103208
0.0101101
0.00984827
0.0095298
0.00915972
0.00874321
0.0082856
0.00779243
0.00726935
0.00672226
0.00615735
0.00558124
0.00500111
0.00442475
0.0038605
0.00331685
0.00280204
0.00232344
0.00188734
0.00149899
0.00116303
0.000883934
0.000665951
0.000511568
0.000416461
0.0102589
0.010049
0.00978805
0.00947095
0.00910262
0.00868823
0.00823309
0.00774268
0.00722267
0.00667892
0.00611758
0.00554527
0.00496911
0.00439684
0.0038367
0.0032971
0.00278613
0.00231108
0.00187815
0.00149253
0.00115883
0.000881504
0.000664764
0.000511122
0.000416357
0.0102589
0.010049
0.00978805
0.00947095
0.00910263
0.00868823
0.00823309
0.00774269
0.00722268
0.00667892
0.00611759
0.00554527
0.00496911
0.00439684
0.0038367
0.0032971
0.00278613
0.00231108
0.00187815
0.00149253
0.00115883
0.000881504
0.000664763
0.000511121
0.000416355
0.0103208
0.0101101
0.00984827
0.0095298
0.00915972
0.00874321
0.0082856
0.00779243
0.00726935
0.00672226
0.00615735
0.00558124
0.00500111
0.00442475
0.0038605
0.00331685
0.00280204
0.00232344
0.00188734
0.00149899
0.00116303
0.000883934
0.000665951
0.000511567
0.00041646
)
;

boundaryField
{
    outletCentralUnloaded
    {
        type            zeroGradient;
    }
    inletCentralUnloaded
    {
        type            zeroGradient;
    }
    outletFuelElement
    {
        type            zeroGradient;
    }
    inletFuelElement
    {
        type            zeroGradient;
    }
    defaultFaces
    {
        type            zeroGradient;
    }
    baffle_master
    {
        type            calculated;
        value           nonuniform List<scalar> 
150
(
0.000537558
0.000537558
0.000537558
0.000537516
0.000537516
0.000537516
0.000537478
0.000537478
0.000537478
0.000537441
0.000537441
0.000537441
0.000537404
0.000537404
0.000537404
0.000537365
0.000537365
0.000537365
0.000537325
0.000537325
0.000537325
0.000537282
0.000537282
0.000537282
0.000537238
0.000537238
0.000537238
0.000537193
0.000537193
0.000537193
0.000537148
0.000537148
0.000537148
0.000537103
0.000537103
0.000537103
0.00053706
0.00053706
0.00053706
0.00053702
0.00053702
0.00053702
0.000536984
0.000536984
0.000536984
0.000536955
0.000536955
0.000536955
0.000536937
0.000536937
0.000536937
0.000536935
0.000536935
0.000536935
0.000536957
0.000536957
0.000536957
0.000537013
0.000537013
0.000537013
0.000537122
0.000537122
0.000537122
0.00053731
0.00053731
0.00053731
0.000537618
0.000537618
0.000537618
0.000538109
0.000538109
0.000538109
0.000539512
0.000539512
0.000539512
0.000537558
0.000537558
0.000537558
0.000537516
0.000537516
0.000537516
0.000537478
0.000537478
0.000537478
0.000537441
0.000537441
0.000537441
0.000537404
0.000537404
0.000537404
0.000537365
0.000537365
0.000537365
0.000537325
0.000537325
0.000537325
0.000537282
0.000537282
0.000537282
0.000537238
0.000537238
0.000537238
0.000537193
0.000537193
0.000537193
0.000537148
0.000537148
0.000537148
0.000537103
0.000537103
0.000537103
0.00053706
0.00053706
0.00053706
0.00053702
0.00053702
0.00053702
0.000536984
0.000536984
0.000536984
0.000536955
0.000536955
0.000536955
0.000536937
0.000536937
0.000536937
0.000536935
0.000536935
0.000536935
0.000536957
0.000536957
0.000536957
0.000537013
0.000537013
0.000537013
0.000537122
0.000537122
0.000537122
0.00053731
0.00053731
0.00053731
0.000537618
0.000537618
0.000537618
0.000538109
0.000538109
0.000538109
0.000539512
0.000539512
0.000539512
)
;
    }
    baffle_slave
    {
        type            calculated;
        value           nonuniform List<scalar> 
150
(
0.0103354
0.0103208
0.0103208
0.0101245
0.0101101
0.0101101
0.00986247
0.00984827
0.00984827
0.00954373
0.0095298
0.0095298
0.00917328
0.00915972
0.00915972
0.0087563
0.00874321
0.00874321
0.00829815
0.0082856
0.0082856
0.00780434
0.00779243
0.00779243
0.00728057
0.00726935
0.00726935
0.00673271
0.00672226
0.00672226
0.00616697
0.00615735
0.00615735
0.00558996
0.00558124
0.00558124
0.00500889
0.00500111
0.00500111
0.00443155
0.00442475
0.00442475
0.00386631
0.0038605
0.0038605
0.00332168
0.00331685
0.00331685
0.00280593
0.00280204
0.00280204
0.00232646
0.00232344
0.00232344
0.00188958
0.00188734
0.00188734
0.00150056
0.00149899
0.00149899
0.00116403
0.00116303
0.00116303
0.0008845
0.000883934
0.000883934
0.000666208
0.000665951
0.000665951
0.000511643
0.000511568
0.000511567
0.00041647
0.000416461
0.00041646
0.0103208
0.0103354
0.0103208
0.0101101
0.0101245
0.0101101
0.00984827
0.00986247
0.00984827
0.0095298
0.00954373
0.0095298
0.00915972
0.00917328
0.00915972
0.00874321
0.0087563
0.00874321
0.0082856
0.00829815
0.0082856
0.00779243
0.00780434
0.00779243
0.00726935
0.00728057
0.00726935
0.00672226
0.00673271
0.00672226
0.00615735
0.00616697
0.00615735
0.00558124
0.00558996
0.00558124
0.00500111
0.00500889
0.00500111
0.00442475
0.00443155
0.00442475
0.0038605
0.00386631
0.0038605
0.00331685
0.00332168
0.00331685
0.00280204
0.00280593
0.00280204
0.00232344
0.00232646
0.00232344
0.00188734
0.00188958
0.00188734
0.00149899
0.00150056
0.00149899
0.00116303
0.00116403
0.00116303
0.000883934
0.0008845
0.000883934
0.000665951
0.000666208
0.000665951
0.000511568
0.000511643
0.000511568
0.000416461
0.00041647
0.000416461
)
;
    }
}


// ************************************************************************* //
