/*--------------------------------*- C++ -*----------------------------------*\
| =========                 |                                                 |
| \\      /  F ield         | OpenFOAM: The Open Source CFD Toolbox           |
|  \\    /   O peration     | Version:  2212                                  |
|   \\  /    A nd           | Website:  www.openfoam.com                      |
|    \\/     M anipulation  |                                                 |
\*---------------------------------------------------------------------------*/
FoamFile
{
    version     2.0;
    format      ascii;
    arch        "LSB;label=32;scalar=64";
    class       surfaceScalarField;
    location    "81/fluidRegion";
    object      alphaPhi;
}
// * * * * * * * * * * * * * * * * * * * * * * * * * * * * * * * * * * * * * //

dimensions      [0 3 -1 0 0 0 0];

oriented        oriented;

internalField   nonuniform List<scalar> 
661
(
-0.00053894
-6.30598e-14
-0.000538896
3.6319e-13
-0.000538855
9.13304e-13
-0.000538821
1.21721e-12
-0.000538794
9.10415e-13
-0.00053877
-5.25399e-14
-0.000538744
-1.24012e-12
-0.000538709
-2.01864e-12
-0.000538664
-1.98999e-12
-0.00053861
-1.2176e-12
-0.000538552
-1.06702e-13
-0.000538494
8.47988e-13
-0.000538438
1.30963e-12
-0.000538386
1.20227e-12
-0.000538335
6.60499e-13
-0.000538285
-2.77891e-14
-0.000538232
-5.64291e-13
-0.000538178
-7.31861e-13
-0.000538123
-4.85509e-13
-0.000538071
6.37349e-14
-0.000538024
7.0274e-13
-0.000537984
1.20652e-12
-0.000537952
1.30942e-12
-0.000537926
3.89545e-13
-1.2894e-12
-0.00053894
-0.000538896
-0.000538855
-0.000538821
-0.000538794
-0.00053877
-0.000538744
-0.000538709
-0.000538664
-0.00053861
-0.000538552
-0.000538494
-0.000538438
-0.000538386
-0.000538335
-0.000538285
-0.000538232
-0.000538178
-0.000538123
-0.000538071
-0.000538024
-0.000537984
-0.000537952
-0.000537926
-0.0202314
1.41385e-06
-0.0198031
6.71013e-07
-0.0192585
7.27016e-07
-0.0186064
6.54191e-07
-0.0178566
5.92163e-07
-0.0170188
5.34717e-07
-0.0161034
4.81534e-07
-0.0151208
4.30004e-07
-0.0140817
3.74385e-07
-0.0129974
3.05243e-07
-0.0118796
2.10716e-07
-0.0107412
7.91626e-08
-0.00959654
-9.28792e-08
-0.0084612
-2.91498e-07
-0.00735211
-4.94147e-07
-0.00628642
-6.66651e-07
-0.00528036
-7.82306e-07
-0.00434807
-8.34016e-07
-0.00350115
-8.35694e-07
-0.0027493
-8.11801e-07
-0.00210125
-7.84704e-07
-0.00156637
-7.59535e-07
-0.00115537
-7.2524e-07
-0.00087935
-6.30567e-07
-6.00972e-07
-0.0203614
-4.44519e-08
-3.35153e-08
-0.0199322
-1.80635e-07
-1.72926e-07
-0.0193854
-1.7211e-07
-1.63409e-07
-0.0187303
-1.5004e-07
-1.40816e-07
-0.0179766
-1.31053e-07
-1.21206e-07
-0.0171343
-1.13566e-07
-1.03087e-07
-0.0162137
-9.75884e-08
-8.64397e-08
-0.0152251
-8.24688e-08
-7.05211e-08
-0.0141796
-6.66664e-08
-5.38599e-08
-0.0130881
-4.75163e-08
-3.37759e-08
-0.0119627
-2.13136e-08
-6.49532e-09
-0.0108163
1.55045e-08
3.12037e-08
-0.00966303
6.31307e-08
8.03121e-08
-0.0085189
1.23053e-07
1.41468e-07
-0.00740096
1.85043e-07
2.0475e-07
-0.00632662
2.3928e-07
2.60317e-07
-0.00531236
2.7673e-07
2.99128e-07
-0.00437256
2.94404e-07
3.18126e-07
-0.00351897
2.9611e-07
3.21062e-07
-0.00276142
2.89472e-07
3.15081e-07
-0.00210869
2.81061e-07
3.06279e-07
-0.00157023
2.71369e-07
2.94493e-07
-0.00115682
2.53204e-07
2.72915e-07
-0.000879545
2.00458e-07
2.14884e-07
1.5323e-07
1.61642e-07
-0.0202101
6.88424e-07
-0.0197822
6.48413e-07
-0.0192379
6.2381e-07
-0.0185864
5.54629e-07
-0.0178373
4.9275e-07
-0.0170003
4.35871e-07
-0.0160858
3.83212e-07
-0.0151042
3.31791e-07
-0.0140662
2.75164e-07
-0.012983
2.03109e-07
-0.0118665
1.02876e-07
-0.0107294
-3.63527e-08
-0.00958608
-2.16887e-07
-0.00845213
-4.25563e-07
-0.00734442
-6.3553e-07
-0.00628009
-8.10788e-07
-0.00527529
-9.24134e-07
-0.00434416
-9.69766e-07
-0.00349825
-9.63711e-07
-0.00274727
-9.31966e-07
-0.00209992
-8.95983e-07
-0.00156557
-8.59539e-07
-0.00115493
-7.99676e-07
-0.000879132
-6.62937e-07
-5.40195e-07
-0.0203325
6.09732e-10
-0.0199033
-3.20249e-09
-0.019357
-2.9902e-09
-0.0187025
-2.97452e-09
-0.0179497
-2.78753e-09
-0.0171083
-2.56668e-09
-0.0161888
-2.34911e-09
-0.0152016
-1.98109e-09
-0.0141574
-1.53909e-09
-0.0130676
-1.01446e-09
-0.0119439
-2.94747e-10
-0.0107992
6.06125e-10
-0.00964789
1.58874e-09
-0.00850575
2.65495e-09
-0.00738981
3.7329e-09
-0.00631744
4.7619e-09
-0.00530505
5.72494e-09
-0.00436697
6.56369e-09
-0.0035149
7.06785e-09
-0.00275866
7.20183e-09
-0.00210701
6.91351e-09
-0.00156937
6.06991e-09
-0.00115651
4.81173e-09
-0.000879527
3.30391e-09
1.66295e-09
-0.0203325
-6.87394e-07
-0.0199034
-6.55517e-07
-0.019357
-6.30293e-07
-0.0187025
-5.61152e-07
-0.0179497
-4.9904e-07
-0.0171084
-4.41903e-07
-0.0161888
-3.88963e-07
-0.0152016
-3.37045e-07
-0.0141575
-2.7981e-07
-0.0130676
-2.07004e-07
-0.0119439
-1.05692e-07
-0.0107992
3.46721e-08
-0.00964791
2.16669e-07
-0.00850576
4.26854e-07
-0.00738982
6.38353e-07
-0.00631745
8.15122e-07
-0.00530506
9.30011e-07
-0.00436697
9.77173e-07
-0.0035149
9.72439e-07
-0.00275866
9.41756e-07
-0.00210701
9.06514e-07
-0.00156937
8.70076e-07
-0.00115652
8.09509e-07
-0.000879528
6.7079e-07
5.45402e-07
-0.0202101
3.8204e-08
-0.0197822
1.78367e-07
-0.019238
1.6907e-07
-0.0185865
1.46652e-07
-0.0178373
1.27318e-07
-0.0170003
1.09401e-07
-0.0160858
9.28969e-08
-0.0151042
7.719e-08
-0.0140662
6.06665e-08
-0.012983
4.0678e-08
-0.0118665
1.35969e-08
-0.0107294
-2.40415e-08
-0.00958609
-7.27744e-08
-0.00845214
-1.33712e-07
-0.00734443
-1.96683e-07
-0.00628009
-2.5175e-07
-0.0052753
-2.89752e-07
-0.00434416
-3.07527e-07
-0.00349825
-3.08915e-07
-0.00274727
-3.01341e-07
-0.00209992
-2.91556e-07
-0.00156557
-2.79907e-07
-0.00115493
-2.59648e-07
-0.00087913
-2.04439e-07
-1.53562e-07
-0.0203614
-1.41448e-06
-3.69149e-08
-0.0199322
-6.7196e-07
-1.71544e-07
-0.0193854
-7.28092e-07
-1.62488e-07
-0.0187303
-6.55325e-07
-1.40026e-07
-0.0179766
-5.93269e-07
-1.20729e-07
-0.0171343
-5.35822e-07
-1.02967e-07
-0.0162137
-4.82656e-07
-8.67151e-08
-0.0152251
-4.31094e-07
-7.13604e-08
-0.0141796
-3.75474e-07
-5.53648e-08
-0.0130881
-3.06312e-07
-3.60738e-08
-0.0119627
-2.11665e-07
-9.8463e-09
-0.0108163
-7.9902e-08
2.69338e-08
-0.00966303
9.25138e-08
7.44074e-08
-0.0085189
2.91523e-07
1.33874e-07
-0.00740096
4.94783e-07
1.95199e-07
-0.00632662
6.68214e-07
2.48452e-07
-0.00531236
7.85306e-07
2.84407e-07
-0.00437256
8.39179e-07
2.99893e-07
-0.00351897
8.4393e-07
2.98601e-07
-0.00276142
8.24223e-07
2.8794e-07
-0.00210869
8.0279e-07
2.73804e-07
-0.00157023
7.83457e-07
2.58158e-07
-0.00115682
7.54493e-07
2.35011e-07
-0.000879545
6.60324e-07
1.81037e-07
6.2785e-07
1.37673e-07
-0.0202314
-0.0198031
-0.0192585
-0.0186064
-0.0178566
-0.0170188
-0.0161034
-0.0151208
-0.0140817
-0.0129974
-0.0118796
-0.0107412
-0.00959654
-0.0084612
-0.00735211
-0.00628642
-0.00528036
-0.00434807
-0.00350115
-0.0027493
-0.00210125
-0.00156637
-0.00115537
-0.00087935
-0.0203325
-6.98121e-07
6.78621e-09
-0.0199033
-6.59652e-07
4.02047e-09
-0.019357
-6.35646e-07
4.66015e-09
-0.0187025
-5.66912e-07
5.03073e-09
-0.0179497
-5.05325e-07
5.37549e-09
-0.0171083
-4.48751e-07
5.79368e-09
-0.0161888
-3.96434e-07
6.31906e-09
-0.0152016
-3.45256e-07
6.89137e-09
-0.0141574
-2.88841e-07
7.59504e-09
-0.0130676
-2.16945e-07
8.43545e-09
-0.0119439
-1.16669e-07
9.38057e-09
-0.0107992
2.25685e-08
9.91764e-09
-0.00964789
2.03176e-07
1.13442e-08
-0.00850575
4.11992e-07
1.26889e-08
-0.00738981
6.21937e-07
1.43077e-08
-0.00631744
7.96899e-07
1.6268e-08
-0.00530505
9.09474e-07
1.86433e-08
-0.00436697
9.53624e-07
2.15096e-08
-0.0035149
9.44741e-07
2.51843e-08
-0.00275866
9.0897e-07
2.93971e-08
-0.00210701
8.66856e-07
3.4206e-08
-0.00156937
8.24159e-07
3.76182e-08
-0.00115651
7.59181e-07
3.90314e-08
-0.000879527
6.23051e-07
3.43203e-08
5.09112e-07
2.38759e-08
-0.0202101
-0.0197822
-0.0192379
-0.0185864
-0.0178373
-0.0170003
-0.0160858
-0.0151042
-0.0140662
-0.012983
-0.0118665
-0.0107294
-0.00958608
-0.00845213
-0.00734442
-0.00628009
-0.00527529
-0.00434416
-0.00349825
-0.00274727
-0.00209992
-0.00156557
-0.00115493
-0.000879133
-0.0202101
6.84006e-07
-0.0197822
6.51908e-07
-0.019238
6.26459e-07
-0.0185865
5.57149e-07
-0.0178373
4.95023e-07
-0.0170003
4.37801e-07
-0.0160858
3.84696e-07
-0.0151042
3.32697e-07
-0.0140662
2.75316e-07
-0.012983
2.0234e-07
-0.0118665
1.01005e-07
-0.0107294
-3.89778e-08
-0.00958609
-2.21139e-07
-0.00845214
-4.31345e-07
-0.00734443
-6.42828e-07
-0.00628009
-8.19472e-07
-0.0052753
-9.33929e-07
-0.00434416
-9.80044e-07
-0.00349825
-9.73535e-07
-0.00274727
-9.39884e-07
-0.00209992
-9.00951e-07
-0.00156557
-8.59828e-07
-0.00115493
-7.94402e-07
-0.000879131
-6.52953e-07
-5.25071e-07
-0.0203325
-0.0199034
-0.019357
-0.0187025
-0.0179497
-0.0171084
-0.0161888
-0.0152016
-0.0141575
-0.0130676
-0.0119439
-0.0107992
-0.0096479
-0.00850576
-0.00738982
-0.00631745
-0.00530506
-0.00436697
-0.0035149
-0.00275866
-0.00210701
-0.00156937
-0.00115652
-0.000879529
)
;

boundaryField
{
    outletCentralUnloaded
    {
        type            calculated;
        value           nonuniform List<scalar> 2(0.000538984 0.000538984);
    }
    inletCentralUnloaded
    {
        type            calculated;
        value           uniform -0.000540134;
    }
    outletFuelElement
    {
        type            calculated;
        value           nonuniform List<scalar> 
12
(
0.0205723
0.0207055
0.0205515
0.0206757
0.0206758
0.0205515
0.0207055
0.0205723
0.0206757
0.0205515
0.0205515
0.0206758
)
;
    }
    inletFuelElement
    {
        type            calculated;
        value           nonuniform List<scalar> 
12
(
-0.000722059
-0.00072206
-0.000722059
-0.000722059
-0.00072206
-0.000722059
-0.00072206
-0.000722059
-0.000722059
-0.000722059
-0.000722059
-0.00072206
)
;
    }
    defaultFaces
    {
        type            calculated;
        value           nonuniform List<scalar> 
450
(
2.04639e-23
-2.50177e-23
0
2.29634e-23
-3.71841e-24
0
5.53775e-24
2.23154e-23
0
-3.82396e-23
-2.19263e-23
0
-2.05159e-23
-3.74443e-23
0
-4.14635e-23
-1.64207e-23
0
-3.3004e-23
-1.18516e-23
0
-2.90374e-23
-9.73153e-24
0
-1.38231e-23
-1.22789e-24
0
-1.83506e-23
-1.38456e-23
0
-1.19768e-23
-9.06906e-24
0
-4.48853e-24
-2.51915e-24
0
4.85751e-24
2.86531e-24
0
2.07032e-23
5.2946e-24
0
2.87344e-23
1.71407e-23
0
5.20848e-23
1.13923e-23
0
4.20111e-23
-6.43707e-24
0
6.51779e-23
2.12676e-23
0
4.85207e-23
-3.29799e-23
0
-1.34215e-23
-2.3432e-23
0
-3.33039e-23
-1.22044e-23
0
3.58196e-23
-1.51656e-23
0
-1.60463e-23
1.06063e-23
0
-2.27228e-23
-1.91459e-23
0
-2.13071e-23
-1.95627e-23
0
2.00567e-23
0
1.60454e-23
0
2.40681e-23
0
1.60454e-23
0
-4.01135e-24
0
1.60454e-23
0
8.0227e-24
0
1.2034e-23
0
-6.01702e-24
0
6.01702e-24
0
4.01135e-24
0
-5.01419e-25
0
-4.01135e-24
0
-1.60454e-23
0
-8.0227e-24
0
-2.40681e-23
0
4.81362e-23
0
-3.20908e-23
0
3.20908e-23
0
-3.20908e-23
0
-3.20908e-23
0
3.20908e-23
0
8.0227e-24
0
-1.60454e-23
0
-1.60454e-23
0
0
0
1.60454e-23
-1.60454e-23
2.40681e-23
0
0
-8.0227e-24
1.2034e-23
0
-2.00567e-24
5.01419e-25
4.01135e-24
8.0227e-24
0
1.60454e-23
-3.20908e-23
1.60454e-23
-1.60454e-23
-1.60454e-23
0
-3.20908e-23
-1.60454e-23
8.0227e-24
0
0
0
0
0
0
0
0
0
0
0
0
0
0
0
0
0
0
0
0
0
0
0
0
0
0
-2.00567e-23
1.60454e-23
8.0227e-24
1.60454e-23
2.40681e-23
4.01135e-23
-1.60454e-23
-8.0227e-24
1.2034e-23
-1.2034e-23
-1.2034e-23
-8.0227e-24
-1.60454e-23
-8.0227e-24
-1.2034e-23
-4.01135e-24
1.80511e-23
-8.0227e-24
-8.0227e-24
-8.0227e-24
-3.00851e-24
-2.00567e-24
1.00284e-24
2.00567e-24
1.2034e-23
6.01702e-24
2.00567e-23
1.60454e-23
1.60454e-23
8.0227e-24
3.20908e-23
3.20908e-23
-3.20908e-23
3.20908e-23
3.20908e-23
2.40681e-23
-6.41816e-23
6.41816e-23
-4.81362e-23
-3.20908e-23
-1.60454e-23
-4.01135e-23
-4.01135e-23
4.81362e-23
-8.0227e-24
-3.20908e-23
-8.0227e-24
-3.20908e-23
-3.20908e-23
-8.0227e-24
-1.52607e-24
0
0
1.60667e-24
0
0
1.72832e-23
0
-8.0227e-23
-4.90115e-23
0
0
1.55857e-23
0
-8.0227e-24
-4.48028e-23
0
0
-4.38777e-23
0
8.0227e-24
-4.27829e-23
0
8.0227e-24
-1.70102e-23
0
-8.0227e-24
-2.85964e-23
0
8.0227e-24
-1.70611e-23
0
0
-6.38941e-24
0
2.00567e-24
7.29532e-24
-0
-2.00567e-24
2.85591e-23
-0
-8.0227e-24
4.35769e-23
-0
-8.0227e-24
4.78862e-23
-0
0
4.44142e-23
-0
-1.60454e-23
7.42739e-23
-0
0
3.40905e-23
-0
-1.60454e-23
-2.61617e-23
-0
0
5.08125e-25
-0
1.60454e-23
2.22525e-23
-0
3.20908e-23
-3.24295e-23
-0
0
-1.35327e-23
-0
8.0227e-24
-1.95092e-23
-0
8.0227e-24
-1.60454e-23
0
0
0
8.0227e-24
-8.0227e-24
-8.0227e-24
0
-4.01135e-24
-4.01135e-24
-2.00567e-24
2.50709e-25
4.01135e-24
0
8.0227e-24
1.60454e-23
-3.20908e-23
0
-4.81362e-23
0
0
-4.81362e-23
-1.60454e-23
0
0
2.20624e-23
0
1.60454e-23
0
0
0
2.00567e-23
0
-1.2034e-23
0
1.60454e-23
0
1.2034e-23
0
6.01702e-24
0
-2.00567e-24
0
9.02554e-24
0
3.50993e-24
0
-1.00284e-24
0
-4.01135e-24
-0
-1.2034e-23
-0
-3.20908e-23
-0
-3.20908e-23
-0
4.01135e-23
-0
-1.60454e-23
-0
6.41816e-23
-0
-3.20908e-23
-0
-4.01135e-23
-0
4.81362e-23
-0
-1.60454e-23
-0
-8.0227e-24
-0
-1.60454e-23
-0
-2.90823e-23
1.60454e-23
-8.0227e-24
2.40681e-23
-1.60454e-23
2.40681e-23
-8.0227e-24
-4.41248e-23
0
1.2034e-23
-1.2034e-23
-2.80794e-23
-1.2034e-23
-2.40681e-23
-8.0227e-24
-2.00567e-23
0
-1.2034e-23
-6.01702e-24
-1.2034e-23
-2.50709e-24
-4.01135e-24
0
6.51844e-24
8.0227e-24
1.80511e-23
1.2034e-23
4.01135e-23
8.0227e-24
4.81362e-23
1.60454e-23
5.61589e-23
0
4.81362e-23
1.60454e-23
8.82497e-23
0
4.01135e-23
0
-4.81362e-23
1.60454e-23
-3.20908e-23
0
3.20908e-23
2.40681e-23
-2.40681e-23
-8.0227e-24
-2.00567e-23
0
-1.60454e-23
-0
-0
-0
-0
-0
-0
-0
-0
-0
-0
-0
0
0
0
0
0
0
0
0
0
0
0
0
0
0
)
;
    }
    baffle_master
    {
        type            calculated;
        value           nonuniform List<scalar> 
150
(
-8.99365e-31
0
-1.43084e-30
-5.15167e-31
0
-5.72334e-30
7.85135e-30
0
1.14467e-29
8.88089e-30
0
2.28934e-29
5.26103e-29
0
3.43401e-29
-1.30222e-31
0
0
-6.50077e-30
0
0
-1.36646e-29
0
4.57867e-29
-6.43859e-30
0
0
-1.82457e-29
0
-2.28934e-29
5.19709e-31
0
0
-6.41064e-30
0
-1.14467e-29
1.94744e-29
0
2.28934e-29
4.36945e-30
0
0
-2.18647e-30
0
0
9.55718e-32
0
3.57709e-31
5.51987e-29
0
2.28934e-29
-2.81539e-30
0
0
2.76551e-29
0
2.28934e-29
5.40013e-31
0
-1.43084e-30
-6.01996e-30
0
-2.28934e-29
6.04466e-29
0
4.57867e-29
-4.78741e-30
0
2.28934e-29
-1.41392e-30
0
-5.72334e-30
9.32244e-30
0
2.28934e-29
0
-3.28644e-30
0
-5.72334e-30
9.12898e-30
-0
-1.14467e-29
3.75276e-29
-0
-2.28934e-29
3.60553e-29
-0
-1.14467e-29
-2.74619e-29
-0
7.15418e-31
-2.53309e-30
0
0
-3.04573e-29
0
4.57867e-29
-4.88554e-29
0
-4.57867e-29
-8.15368e-29
0
0
-4.58888e-29
0
1.43084e-30
-4.17704e-30
0
-2.28934e-29
2.22829e-29
-0
-2.28934e-29
4.84778e-29
-0
0
3.71642e-29
-0
0
2.5569e-29
-0
0
-9.14202e-31
0
-1.14467e-29
-1.45798e-29
0
0
-2.4426e-29
0
-1.14467e-29
6.26447e-30
0
-1.43084e-30
-1.22526e-30
-0
-1.14467e-29
-2.99624e-29
-0
4.57867e-29
-8.8308e-29
-0
0
3.81276e-29
-0
0
-1.18533e-29
-0
0
3.07493e-29
0
)
;
    }
    baffle_slave
    {
        type            calculated;
        value           nonuniform List<scalar> 
150
(
-1.15326e-23
-0
0
6.76915e-24
-0
8.0227e-24
9.52696e-24
-0
0
5.01419e-25
-0
8.0227e-24
-2.50709e-23
-0
-1.60454e-23
-2.00567e-24
-0
8.0227e-24
0
-0
0
-1.50426e-24
-0
4.01135e-24
5.01419e-25
-0
-4.01135e-24
5.01419e-25
-0
-4.01135e-24
1.50426e-24
-0
2.00567e-24
5.01419e-25
0
-1.00284e-24
0
0
-4.01135e-24
-1.00284e-24
0
-8.0227e-24
-1.00284e-24
0
-8.0227e-24
2.00567e-24
0
-1.60454e-23
-4.9139e-23
0
-4.81362e-23
5.01419e-24
0
1.60454e-23
-3.7105e-23
0
-1.60454e-23
0
0
0
-9.02554e-24
0
0
3.50993e-23
0
4.81362e-23
3.00851e-24
0
0
-5.01419e-25
0
-1.60454e-23
-5.76631e-24
0
-1.60454e-23
-9.36478e-24
5.12701e-23
0
-5.03118e-24
2.13103e-23
0
-8.88486e-24
2.20624e-23
0
5.09355e-24
2.28146e-23
0
8.92983e-25
-2.58231e-23
0
-1.3259e-23
1.07805e-23
0
-9.67416e-24
1.07805e-23
0
-6.00929e-24
1.60454e-23
0
6.94639e-24
1.30369e-23
0
2.00686e-24
1.07805e-23
0
-7.65534e-26
4.63812e-24
0
-4.37977e-26
3.00851e-24
0
4.23281e-24
-7.52128e-25
0
1.53909e-23
-4.3169e-24
0
6.59913e-24
-1.09059e-23
0
1.6923e-23
-2.3692e-23
0
-3.02304e-23
-1.83018e-23
0
1.30258e-23
-1.72989e-23
0
-1.93039e-23
3.00851e-24
0
3.57571e-24
1.50426e-23
0
-2.78709e-23
8.52412e-24
0
-1.66258e-23
3.61021e-23
0
-4.75496e-23
-2.10596e-23
0
-4.08975e-24
2.30653e-23
0
5.45097e-24
1.2034e-23
0
)
;
    }
}


// ************************************************************************* //
