/*--------------------------------*- C++ -*----------------------------------*\
| =========                 |                                                 |
| \\      /  F ield         | OpenFOAM: The Open Source CFD Toolbox           |
|  \\    /   O peration     | Version:  2212                                  |
|   \\  /    A nd           | Website:  www.openfoam.com                      |
|    \\/     M anipulation  |                                                 |
\*---------------------------------------------------------------------------*/
FoamFile
{
    version     2.0;
    format      ascii;
    arch        "LSB;label=32;scalar=64";
    class       volScalarField;
    location    "83/neutroRegion";
    object      TFuel;
}
// * * * * * * * * * * * * * * * * * * * * * * * * * * * * * * * * * * * * * //

dimensions      [0 0 0 1 0 0 0];

internalField   nonuniform List<scalar> 
350
(
0
0
0
0
0
0
0
0
0
0
0
0
0
0
0
0
0
0
0
0
0
0
0
0
0
0
0
0
0
0
0
0
0
0
0
0
0
0
0
0
0
0
0
0
0
0
0
0
0
0
2223.31
3010.34
3766.66
4480.74
5141.64
5739.19
6264.19
6708.52
7065.32
7329.03
7495.59
7562.39
7528.45
7394.34
7162.25
6835.89
6420.3
5921.63
5346.64
4702.17
3993.83
3225.09
2395.63
1504.37
564.386
2256.09
3052.31
3817.4
4539.68
5208.09
5812.34
6343.13
6792.26
7152.77
7419.08
7587.04
7654.06
7619.11
7482.8
7247.34
6916.49
6495.4
5990.32
5408.15
4755.84
4039.11
3261.46
2422.47
1520.89
569.933
2218
3003.58
3758.53
4471.33
5131.05
5727.55
6251.64
6695.22
7051.44
7314.76
7481.09
7547.88
7514.1
7380.35
7148.8
6823.14
6408.43
5910.78
5336.93
4693.7
3986.69
3219.36
2391.42
1501.78
563.511
2248.69
3042.78
3805.84
4526.22
5192.88
5795.58
6325.02
6773.03
7132.68
7398.38
7566.01
7632.97
7598.24
7462.44
7227.75
6897.93
6478.1
5974.5
5393.98
4743.48
4028.68
3253.08
2416.29
1517.08
568.655
2248.69
3042.78
3805.84
4526.22
5192.88
5795.58
6325.02
6773.03
7132.68
7398.38
7566.01
7632.97
7598.24
7462.43
7227.75
6897.93
6478.1
5974.5
5393.98
4743.48
4028.68
3253.08
2416.29
1517.08
568.655
2218
3003.58
3758.53
4471.33
5131.05
5727.55
6251.64
6695.23
7051.44
7314.76
7481.09
7547.88
7514.1
7380.35
7148.8
6823.14
6408.43
5910.78
5336.93
4693.7
3986.69
3219.37
2391.42
1501.78
563.511
2256.09
3052.31
3817.4
4539.68
5208.09
5812.34
6343.13
6792.26
7152.77
7419.08
7587.04
7654.06
7619.11
7482.8
7247.34
6916.49
6495.4
5990.32
5408.15
4755.84
4039.11
3261.46
2422.47
1520.89
569.933
2223.31
3010.34
3766.66
4480.75
5141.64
5739.19
6264.19
6708.52
7065.32
7329.03
7495.58
7562.39
7528.45
7394.34
7162.25
6835.89
6420.3
5921.63
5346.64
4702.17
3993.83
3225.09
2395.63
1504.37
564.386
2248.69
3042.78
3805.84
4526.22
5192.88
5795.58
6325.02
6773.03
7132.68
7398.38
7566.01
7632.97
7598.24
7462.44
7227.75
6897.93
6478.1
5974.5
5393.98
4743.48
4028.68
3253.08
2416.29
1517.08
568.655
2218
3003.58
3758.53
4471.33
5131.05
5727.55
6251.64
6695.22
7051.44
7314.76
7481.09
7547.88
7514.1
7380.35
7148.8
6823.14
6408.43
5910.78
5336.93
4693.7
3986.69
3219.36
2391.42
1501.78
563.511
2218
3003.58
3758.53
4471.33
5131.05
5727.55
6251.64
6695.23
7051.44
7314.76
7481.09
7547.88
7514.1
7380.35
7148.8
6823.14
6408.43
5910.78
5336.93
4693.7
3986.69
3219.36
2391.42
1501.78
563.511
2248.69
3042.78
3805.84
4526.22
5192.88
5795.58
6325.02
6773.03
7132.68
7398.38
7566.01
7632.97
7598.24
7462.43
7227.75
6897.93
6478.1
5974.5
5393.98
4743.48
4028.68
3253.08
2416.29
1517.08
568.655
)
;

boundaryField
{
    outletCentralUnloaded
    {
        type            zeroGradient;
    }
    inletCentralUnloaded
    {
        type            zeroGradient;
    }
    outletFuelElement
    {
        type            zeroGradient;
    }
    inletFuelElement
    {
        type            zeroGradient;
    }
    defaultFaces
    {
        type            zeroGradient;
    }
}


// ************************************************************************* //
