/*--------------------------------*- C++ -*----------------------------------*\
| =========                 |                                                 |
| \\      /  F ield         | OpenFOAM: The Open Source CFD Toolbox           |
|  \\    /   O peration     | Version:  2212                                  |
|   \\  /    A nd           | Website:  www.openfoam.com                      |
|    \\/     M anipulation  |                                                 |
\*---------------------------------------------------------------------------*/
FoamFile
{
    version     2.0;
    format      ascii;
    arch        "LSB;label=32;scalar=64";
    class       volScalarField;
    location    "25/fluidRegion";
    object      alphat;
}
// * * * * * * * * * * * * * * * * * * * * * * * * * * * * * * * * * * * * * //

dimensions      [1 -1 -1 0 0 0 0];

internalField   nonuniform List<scalar> 
350
(
0.002585
0.002585
0.002585
0.002585
0.002585
0.002585
0.00258501
0.00258501
0.00258503
0.00258504
0.00258507
0.0025851
0.00258516
0.00258525
0.00258539
0.00258559
0.00258591
0.00258639
0.00258713
0.00258825
0.00258997
0.0025926
0.00259662
0.00260276
0.00261215
0.002585
0.002585
0.002585
0.002585
0.002585
0.002585
0.00258501
0.00258501
0.00258503
0.00258504
0.00258507
0.0025851
0.00258516
0.00258525
0.00258539
0.00258559
0.00258591
0.00258639
0.00258713
0.00258825
0.00258997
0.0025926
0.00259662
0.00260276
0.00261215
0.000889995
0.000877911
0.000866211
0.000854395
0.000842354
0.000829984
0.000817184
0.00080386
0.000789934
0.00077535
0.000760083
0.000744142
0.000727567
0.000710417
0.000692765
0.000674707
0.000656442
0.000638478
0.000622072
0.000610134
0.000609033
0.000631693
0.00069928
0.000827183
0.000990754
0.000882441
0.000870363
0.000858689
0.000846905
0.000834905
0.000822585
0.000809841
0.000796579
0.000782722
0.000768212
0.000753028
0.000737183
0.000720725
0.000703728
0.000686271
0.000668458
0.000650485
0.000632847
0.000616781
0.000605177
0.000604392
0.0006274
0.000695579
0.000824708
0.000990097
0.000891203
0.00087911
0.000867401
0.000855574
0.000843522
0.00083114
0.000818326
0.000804987
0.000791046
0.000776445
0.00076116
0.000745199
0.000728598
0.000711418
0.000693729
0.000675625
0.000657307
0.000639285
0.000622816
0.000610815
0.000609653
0.00063225
0.000699752
0.000827504
0.000990873
0.000884176
0.000872101
0.000860423
0.000848635
0.000836628
0.000824298
0.000811542
0.000798268
0.000784395
0.000769868
0.000754665
0.000738797
0.000722312
0.000705279
0.000687777
0.000669907
0.000651866
0.000634153
0.000618008
0.000606326
0.000605469
0.000628396
0.000696439
0.000825285
0.000990251
0.000884176
0.000872101
0.000860423
0.000848635
0.000836628
0.000824298
0.000811542
0.000798268
0.000784395
0.000769868
0.000754665
0.000738797
0.000722312
0.000705279
0.000687777
0.000669906
0.000651866
0.000634153
0.000618008
0.000606326
0.000605469
0.000628396
0.000696439
0.000825285
0.000990251
0.000891203
0.000879109
0.000867401
0.000855574
0.000843522
0.000831139
0.000818325
0.000804987
0.000791045
0.000776445
0.00076116
0.000745198
0.000728598
0.000711418
0.000693728
0.000675625
0.000657307
0.000639284
0.000622815
0.000610814
0.000609652
0.000632248
0.000699751
0.000827503
0.000990874
0.000882441
0.000870363
0.000858689
0.000846905
0.000834905
0.000822585
0.000809841
0.000796579
0.000782722
0.000768212
0.000753028
0.000737183
0.000720726
0.000703728
0.000686271
0.000668458
0.000650485
0.000632847
0.000616781
0.000605177
0.000604392
0.0006274
0.000695579
0.000824708
0.000990098
0.000889995
0.000877911
0.000866212
0.000854395
0.000842354
0.000829984
0.000817184
0.00080386
0.000789934
0.00077535
0.000760083
0.000744142
0.000727567
0.000710417
0.000692765
0.000674707
0.000656442
0.000638478
0.000622072
0.000610134
0.000609032
0.000631691
0.000699277
0.000827179
0.000990748
0.000884176
0.000872101
0.000860423
0.000848635
0.000836628
0.000824298
0.000811542
0.000798268
0.000784395
0.000769868
0.000754665
0.000738797
0.000722312
0.000705279
0.000687777
0.000669907
0.000651866
0.000634153
0.000618008
0.000606326
0.000605469
0.000628396
0.000696439
0.000825284
0.00099025
0.000891203
0.00087911
0.000867401
0.000855575
0.000843522
0.00083114
0.000818326
0.000804987
0.000791046
0.000776446
0.000761161
0.000745199
0.000728598
0.000711418
0.000693729
0.000675625
0.000657307
0.000639284
0.000622816
0.000610815
0.000609653
0.00063225
0.000699753
0.000827506
0.000990878
0.000891203
0.000879109
0.000867401
0.000855574
0.000843522
0.000831139
0.000818325
0.000804987
0.000791045
0.000776445
0.00076116
0.000745198
0.000728598
0.000711418
0.000693728
0.000675625
0.000657307
0.000639284
0.000622815
0.000610814
0.000609651
0.000632248
0.00069975
0.000827502
0.000990874
0.000884176
0.000872101
0.000860424
0.000848635
0.000836628
0.000824298
0.000811543
0.000798268
0.000784395
0.000769869
0.000754665
0.000738797
0.000722312
0.000705279
0.000687777
0.000669906
0.000651866
0.000634153
0.000618008
0.000606326
0.000605467
0.000628394
0.000696436
0.000825278
0.000990242
)
;

boundaryField
{
    outletCentralUnloaded
    {
        type            zeroGradient;
    }
    inletCentralUnloaded
    {
        type            zeroGradient;
    }
    outletFuelElement
    {
        type            zeroGradient;
    }
    inletFuelElement
    {
        type            zeroGradient;
    }
    defaultFaces
    {
        type            zeroGradient;
    }
    baffle_master
    {
        type            calculated;
        value           nonuniform List<scalar> 
150
(
0.002585
0.002585
0.002585
0.002585
0.002585
0.002585
0.002585
0.002585
0.002585
0.002585
0.002585
0.002585
0.002585
0.002585
0.002585
0.002585
0.002585
0.002585
0.00258501
0.00258501
0.00258501
0.00258501
0.00258501
0.00258501
0.00258503
0.00258503
0.00258503
0.00258504
0.00258504
0.00258504
0.00258507
0.00258507
0.00258507
0.0025851
0.0025851
0.0025851
0.00258516
0.00258516
0.00258516
0.00258525
0.00258525
0.00258525
0.00258539
0.00258539
0.00258539
0.00258559
0.00258559
0.00258559
0.00258591
0.00258591
0.00258591
0.00258639
0.00258639
0.00258639
0.00258713
0.00258713
0.00258713
0.00258825
0.00258825
0.00258825
0.00258997
0.00258997
0.00258997
0.0025926
0.0025926
0.0025926
0.00259662
0.00259662
0.00259662
0.00260276
0.00260276
0.00260276
0.00261215
0.00261215
0.00261215
0.002585
0.002585
0.002585
0.002585
0.002585
0.002585
0.002585
0.002585
0.002585
0.002585
0.002585
0.002585
0.002585
0.002585
0.002585
0.002585
0.002585
0.002585
0.00258501
0.00258501
0.00258501
0.00258501
0.00258501
0.00258501
0.00258503
0.00258503
0.00258503
0.00258504
0.00258504
0.00258504
0.00258507
0.00258507
0.00258507
0.0025851
0.0025851
0.0025851
0.00258516
0.00258516
0.00258516
0.00258525
0.00258525
0.00258525
0.00258539
0.00258539
0.00258539
0.00258559
0.00258559
0.00258559
0.00258591
0.00258591
0.00258591
0.00258639
0.00258639
0.00258639
0.00258713
0.00258713
0.00258713
0.00258825
0.00258825
0.00258825
0.00258997
0.00258997
0.00258997
0.0025926
0.0025926
0.0025926
0.00259662
0.00259662
0.00259662
0.00260276
0.00260276
0.00260276
0.00261215
0.00261215
0.00261215
)
;
    }
    baffle_slave
    {
        type            calculated;
        value           nonuniform List<scalar> 
150
(
0.000882441
0.000884176
0.000884176
0.000870363
0.000872101
0.000872101
0.000858689
0.000860423
0.000860424
0.000846905
0.000848635
0.000848635
0.000834905
0.000836628
0.000836628
0.000822585
0.000824298
0.000824298
0.000809841
0.000811542
0.000811543
0.000796579
0.000798268
0.000798268
0.000782722
0.000784395
0.000784395
0.000768212
0.000769868
0.000769869
0.000753028
0.000754665
0.000754665
0.000737183
0.000738797
0.000738797
0.000720725
0.000722312
0.000722312
0.000703728
0.000705279
0.000705279
0.000686271
0.000687777
0.000687777
0.000668458
0.000669907
0.000669906
0.000650485
0.000651866
0.000651866
0.000632847
0.000634153
0.000634153
0.000616781
0.000618008
0.000618008
0.000605177
0.000606326
0.000606326
0.000604392
0.000605469
0.000605467
0.0006274
0.000628396
0.000628394
0.000695579
0.000696439
0.000696436
0.000824708
0.000825285
0.000825278
0.000990097
0.000990251
0.000990242
0.000884176
0.000882441
0.000884176
0.000872101
0.000870363
0.000872101
0.000860423
0.000858689
0.000860423
0.000848635
0.000846905
0.000848635
0.000836628
0.000834905
0.000836628
0.000824298
0.000822585
0.000824298
0.000811542
0.000809841
0.000811542
0.000798268
0.000796579
0.000798268
0.000784395
0.000782722
0.000784395
0.000769868
0.000768212
0.000769868
0.000754665
0.000753028
0.000754665
0.000738797
0.000737183
0.000738797
0.000722312
0.000720726
0.000722312
0.000705279
0.000703728
0.000705279
0.000687777
0.000686271
0.000687777
0.000669906
0.000668458
0.000669907
0.000651866
0.000650485
0.000651866
0.000634153
0.000632847
0.000634153
0.000618008
0.000616781
0.000618008
0.000606326
0.000605177
0.000606326
0.000605469
0.000604392
0.000605469
0.000628396
0.0006274
0.000628396
0.000696439
0.000695579
0.000696439
0.000825285
0.000824708
0.000825284
0.000990251
0.000990098
0.00099025
)
;
    }
}


// ************************************************************************* //
