/*--------------------------------*- C++ -*----------------------------------*\
| =========                 |                                                 |
| \\      /  F ield         | OpenFOAM: The Open Source CFD Toolbox           |
|  \\    /   O peration     | Version:  2212                                  |
|   \\  /    A nd           | Website:  www.openfoam.com                      |
|    \\/     M anipulation  |                                                 |
\*---------------------------------------------------------------------------*/
FoamFile
{
    version     2.0;
    format      ascii;
    arch        "LSB;label=32;scalar=64";
    class       volScalarField;
    location    "25/fluidRegion";
    object      dgdt;
}
// * * * * * * * * * * * * * * * * * * * * * * * * * * * * * * * * * * * * * //

dimensions      [0 0 -1 0 0 0 0];

internalField   nonuniform List<scalar> 
350
(
0.00531905
0.0053039
0.00529958
0.00529635
0.00529391
0.00529204
0.00529057
0.00528937
0.00528838
0.00528755
0.00528685
0.00528626
0.00528579
0.00528542
0.00528515
0.00528498
0.0052849
0.00528493
0.00528505
0.00528526
0.00528556
0.00528593
0.00526217
0.00520484
0.00261105
0.00531905
0.0053039
0.00529958
0.00529635
0.00529391
0.00529204
0.00529057
0.00528937
0.00528838
0.00528755
0.00528685
0.00528626
0.00528579
0.00528542
0.00528515
0.00528498
0.0052849
0.00528493
0.00528505
0.00528526
0.00528556
0.00528593
0.00526217
0.00520484
0.00261105
33.1174
41.3418
55.2124
68.0621
79.8258
90.451
99.8945
108.116
115.07
120.693
124.897
127.557
128.523
127.643
124.816
120.041
113.445
105.257
95.7416
85.0961
73.4044
60.6189
46.6457
31.562
20.3811
33.1117
41.1997
55.1985
68.1693
80.0474
90.78
100.324
108.641
115.687
121.402
125.7
128.457
129.517
128.721
125.954
121.201
114.585
106.336
96.7287
85.9734
74.1613
61.2462
47.1293
31.8843
20.5769
33.1064
41.342
55.1927
68.0235
79.7695
90.3783
99.8064
108.013
114.953
120.563
124.753
127.399
128.351
127.46
124.625
119.848
113.257
105.08
95.5804
84.9533
73.2814
60.5173
46.5674
31.5097
20.3493
33.122
41.2493
55.2179
68.1604
80.0115
90.7188
100.239
108.533
115.557
121.251
125.526
128.26
129.298
128.481
125.699
120.94
114.327
106.091
96.504
85.7733
73.9885
61.1028
47.0186
31.8104
20.532
33.122
41.2493
55.2179
68.1604
80.0115
90.7188
100.239
108.533
115.557
121.251
125.526
128.26
129.298
128.481
125.699
120.94
114.327
106.091
96.504
85.7733
73.9884
61.1028
47.0186
31.8104
20.532
33.1064
41.342
55.1927
68.0235
79.7695
90.3782
99.8064
108.013
114.953
120.563
124.753
127.399
128.351
127.46
124.625
119.848
113.257
105.08
95.5804
84.9533
73.2814
60.5173
46.5674
31.5097
20.3493
33.1117
41.1997
55.1985
68.1693
80.0474
90.78
100.324
108.641
115.687
121.402
125.7
128.457
129.517
128.721
125.954
121.201
114.585
106.336
96.7287
85.9734
74.1613
61.2462
47.1293
31.8843
20.5769
33.1174
41.3418
55.2124
68.0621
79.8258
90.451
99.8945
108.116
115.07
120.693
124.897
127.557
128.523
127.643
124.816
120.041
113.445
105.257
95.7416
85.0961
73.4044
60.6189
46.6457
31.562
20.3811
33.122
41.2493
55.2179
68.1604
80.0115
90.7188
100.239
108.533
115.557
121.251
125.526
128.26
129.298
128.481
125.699
120.94
114.327
106.091
96.504
85.7733
73.9884
61.1028
47.0186
31.8104
20.532
33.1064
41.342
55.1927
68.0235
79.7695
90.3782
99.8064
108.013
114.953
120.563
124.753
127.399
128.351
127.46
124.625
119.848
113.257
105.08
95.5804
84.9533
73.2814
60.5173
46.5674
31.5097
20.3493
33.1064
41.342
55.1927
68.0235
79.7695
90.3782
99.8064
108.013
114.953
120.563
124.753
127.399
128.351
127.46
124.625
119.848
113.257
105.08
95.5804
84.9533
73.2814
60.5173
46.5674
31.5097
20.3493
33.122
41.2493
55.2179
68.1604
80.0115
90.7188
100.239
108.533
115.557
121.251
125.526
128.26
129.298
128.481
125.699
120.94
114.327
106.091
96.504
85.7733
73.9884
61.1028
47.0186
31.8104
20.532
)
;

boundaryField
{
    outletCentralUnloaded
    {
        type            calculated;
        value           nonuniform List<scalar> 2(0.00531905 0.00531905);
    }
    inletCentralUnloaded
    {
        type            calculated;
        value           nonuniform List<scalar> 2(0.00261105 0.00261105);
    }
    outletFuelElement
    {
        type            calculated;
        value           nonuniform List<scalar> 
12
(
33.1174
33.1117
33.1064
33.122
33.122
33.1064
33.1117
33.1174
33.122
33.1064
33.1064
33.122
)
;
    }
    inletFuelElement
    {
        type            calculated;
        value           nonuniform List<scalar> 
12
(
20.3811
20.5769
20.3493
20.532
20.532
20.3493
20.5769
20.3811
20.532
20.3493
20.3493
20.532
)
;
    }
    defaultFaces
    {
        type            calculated;
        value           nonuniform List<scalar> 
450
(
33.1174
33.1174
33.1174
41.3418
41.3418
41.3418
55.2124
55.2124
55.2124
68.0621
68.0621
68.0621
79.8258
79.8258
79.8258
90.451
90.451
90.451
99.8945
99.8945
99.8945
108.116
108.116
108.116
115.07
115.07
115.07
120.693
120.693
120.693
124.897
124.897
124.897
127.557
127.557
127.557
128.523
128.523
128.523
127.643
127.643
127.643
124.816
124.816
124.816
120.041
120.041
120.041
113.445
113.445
113.445
105.257
105.257
105.257
95.7416
95.7416
95.7416
85.0961
85.0961
85.0961
73.4044
73.4044
73.4044
60.6189
60.6189
60.6189
46.6457
46.6457
46.6457
31.562
31.562
31.562
20.3811
20.3811
20.3811
33.1064
33.1064
41.342
41.342
55.1927
55.1927
68.0235
68.0235
79.7695
79.7695
90.3783
90.3783
99.8064
99.8064
108.013
108.013
114.953
114.953
120.563
120.563
124.753
124.753
127.399
127.399
128.351
128.351
127.46
127.46
124.625
124.625
119.848
119.848
113.257
113.257
105.08
105.08
95.5804
95.5804
84.9533
84.9533
73.2814
73.2814
60.5173
60.5173
46.5674
46.5674
31.5097
31.5097
20.3493
20.3493
33.122
41.2493
55.2179
68.1604
80.0115
90.7188
100.239
108.533
115.557
121.251
125.526
128.26
129.298
128.481
125.699
120.94
114.327
106.091
96.504
85.7733
73.9885
61.1028
47.0186
31.8104
20.532
33.122
41.2493
55.2179
68.1604
80.0115
90.7188
100.239
108.533
115.557
121.251
125.526
128.26
129.298
128.481
125.699
120.94
114.327
106.091
96.504
85.7733
73.9884
61.1028
47.0186
31.8104
20.532
33.1064
33.1064
41.342
41.342
55.1927
55.1927
68.0235
68.0235
79.7695
79.7695
90.3782
90.3782
99.8064
99.8064
108.013
108.013
114.953
114.953
120.563
120.563
124.753
124.753
127.399
127.399
128.351
128.351
127.46
127.46
124.625
124.625
119.848
119.848
113.257
113.257
105.08
105.08
95.5804
95.5804
84.9533
84.9533
73.2814
73.2814
60.5173
60.5173
46.5674
46.5674
31.5097
31.5097
20.3493
20.3493
33.1174
33.1174
33.1174
41.3418
41.3418
41.3418
55.2124
55.2124
55.2124
68.0621
68.0621
68.0621
79.8258
79.8258
79.8258
90.451
90.451
90.451
99.8945
99.8945
99.8945
108.116
108.116
108.116
115.07
115.07
115.07
120.693
120.693
120.693
124.897
124.897
124.897
127.557
127.557
127.557
128.523
128.523
128.523
127.643
127.643
127.643
124.816
124.816
124.816
120.041
120.041
120.041
113.445
113.445
113.445
105.257
105.257
105.257
95.7416
95.7416
95.7416
85.0961
85.0961
85.0961
73.4044
73.4044
73.4044
60.6189
60.6189
60.6189
46.6457
46.6457
46.6457
31.562
31.562
31.562
20.3811
20.3811
20.3811
33.122
41.2493
55.2179
68.1604
80.0115
90.7188
100.239
108.533
115.557
121.251
125.526
128.26
129.298
128.481
125.699
120.94
114.327
106.091
96.504
85.7733
73.9884
61.1028
47.0186
31.8104
20.532
33.1064
33.1064
41.342
41.342
55.1927
55.1927
68.0235
68.0235
79.7695
79.7695
90.3782
90.3782
99.8064
99.8064
108.013
108.013
114.953
114.953
120.563
120.563
124.753
124.753
127.399
127.399
128.351
128.351
127.46
127.46
124.625
124.625
119.848
119.848
113.257
113.257
105.08
105.08
95.5804
95.5804
84.9533
84.9533
73.2814
73.2814
60.5173
60.5173
46.5674
46.5674
31.5097
31.5097
20.3493
20.3493
33.1064
33.1064
41.342
41.342
55.1927
55.1927
68.0235
68.0235
79.7695
79.7695
90.3782
90.3782
99.8064
99.8064
108.013
108.013
114.953
114.953
120.563
120.563
124.753
124.753
127.399
127.399
128.351
128.351
127.46
127.46
124.625
124.625
119.848
119.848
113.257
113.257
105.08
105.08
95.5804
95.5804
84.9533
84.9533
73.2814
73.2814
60.5173
60.5173
46.5674
46.5674
31.5097
31.5097
20.3493
20.3493
33.122
41.2493
55.2179
68.1604
80.0115
90.7188
100.239
108.533
115.557
121.251
125.526
128.26
129.298
128.481
125.699
120.94
114.327
106.091
96.504
85.7733
73.9884
61.1028
47.0186
31.8104
20.532
)
;
    }
    baffle_master
    {
        type            calculated;
        value           nonuniform List<scalar> 
150
(
0.00531905
0.00531905
0.00531905
0.0053039
0.0053039
0.0053039
0.00529958
0.00529958
0.00529958
0.00529635
0.00529635
0.00529635
0.00529391
0.00529391
0.00529391
0.00529204
0.00529204
0.00529204
0.00529057
0.00529057
0.00529057
0.00528937
0.00528937
0.00528937
0.00528838
0.00528838
0.00528838
0.00528755
0.00528755
0.00528755
0.00528685
0.00528685
0.00528685
0.00528626
0.00528626
0.00528626
0.00528579
0.00528579
0.00528579
0.00528542
0.00528542
0.00528542
0.00528515
0.00528515
0.00528515
0.00528498
0.00528498
0.00528498
0.0052849
0.0052849
0.0052849
0.00528493
0.00528493
0.00528493
0.00528505
0.00528505
0.00528505
0.00528526
0.00528526
0.00528526
0.00528556
0.00528556
0.00528556
0.00528593
0.00528593
0.00528593
0.00526217
0.00526217
0.00526217
0.00520484
0.00520484
0.00520484
0.00261105
0.00261105
0.00261105
0.00531905
0.00531905
0.00531905
0.0053039
0.0053039
0.0053039
0.00529958
0.00529958
0.00529958
0.00529635
0.00529635
0.00529635
0.00529391
0.00529391
0.00529391
0.00529204
0.00529204
0.00529204
0.00529057
0.00529057
0.00529057
0.00528937
0.00528937
0.00528937
0.00528838
0.00528838
0.00528838
0.00528755
0.00528755
0.00528755
0.00528685
0.00528685
0.00528685
0.00528626
0.00528626
0.00528626
0.00528579
0.00528579
0.00528579
0.00528542
0.00528542
0.00528542
0.00528515
0.00528515
0.00528515
0.00528498
0.00528498
0.00528498
0.0052849
0.0052849
0.0052849
0.00528493
0.00528493
0.00528493
0.00528505
0.00528505
0.00528505
0.00528526
0.00528526
0.00528526
0.00528556
0.00528556
0.00528556
0.00528593
0.00528593
0.00528593
0.00526217
0.00526217
0.00526217
0.00520484
0.00520484
0.00520484
0.00261105
0.00261105
0.00261105
)
;
    }
    baffle_slave
    {
        type            calculated;
        value           nonuniform List<scalar> 
150
(
33.1117
33.122
33.122
41.1997
41.2493
41.2493
55.1985
55.2179
55.2179
68.1693
68.1604
68.1604
80.0474
80.0115
80.0115
90.78
90.7188
90.7188
100.324
100.239
100.239
108.641
108.533
108.533
115.687
115.557
115.557
121.402
121.251
121.251
125.7
125.526
125.526
128.457
128.26
128.26
129.517
129.298
129.298
128.721
128.481
128.481
125.954
125.699
125.699
121.201
120.94
120.94
114.585
114.327
114.327
106.336
106.091
106.091
96.7287
96.504
96.504
85.9734
85.7733
85.7733
74.1613
73.9885
73.9884
61.2462
61.1028
61.1028
47.1293
47.0186
47.0186
31.8843
31.8104
31.8104
20.5769
20.532
20.532
33.122
33.1117
33.122
41.2493
41.1997
41.2493
55.2179
55.1985
55.2179
68.1604
68.1693
68.1604
80.0115
80.0474
80.0115
90.7188
90.78
90.7188
100.239
100.324
100.239
108.533
108.641
108.533
115.557
115.687
115.557
121.251
121.402
121.251
125.526
125.7
125.526
128.26
128.457
128.26
129.298
129.517
129.298
128.481
128.721
128.481
125.699
125.954
125.699
120.94
121.201
120.94
114.327
114.585
114.327
106.091
106.336
106.091
96.504
96.7287
96.504
85.7733
85.9734
85.7733
73.9884
74.1613
73.9884
61.1028
61.2462
61.1028
47.0186
47.1293
47.0186
31.8104
31.8843
31.8104
20.532
20.5769
20.532
)
;
    }
}


// ************************************************************************* //
