/*--------------------------------*- C++ -*----------------------------------*\
| =========                 |                                                 |
| \\      /  F ield         | OpenFOAM: The Open Source CFD Toolbox           |
|  \\    /   O peration     | Version:  2212                                  |
|   \\  /    A nd           | Website:  www.openfoam.com                      |
|    \\/     M anipulation  |                                                 |
\*---------------------------------------------------------------------------*/
FoamFile
{
    version     2.0;
    format      ascii;
    arch        "LSB;label=32;scalar=64";
    class       volScalarField;
    location    "25/fluidRegion";
    object      hdeltaT;
}
// * * * * * * * * * * * * * * * * * * * * * * * * * * * * * * * * * * * * * //

dimensions      [1 0 -3 0 0 0 0];

internalField   nonuniform List<scalar> 
350
(
0
0
0
0
0
0
0
0
0
0
0
0
0
0
0
0
0
0
0
0
0
0
0
0
0
0
0
0
0
0
0
0
0
0
0
0
0
0
0
0
0
0
0
0
0
0
0
0
0
0
190044
1.04095e+06
1.87333e+06
2.67402e+06
3.43038e+06
4.1305e+06
4.76334e+06
5.31892e+06
5.78852e+06
6.16476e+06
6.44172e+06
6.61509e+06
6.68216e+06
6.64189e+06
6.49491e+06
6.24352e+06
5.89163e+06
5.44476e+06
4.90997e+06
4.29603e+06
3.61318e+06
2.87369e+06
2.09184e+06
1.28351e+06
462017
189751
1.05041e+06
1.89233e+06
2.70222e+06
3.4673e+06
4.17549e+06
4.81564e+06
5.37767e+06
5.85273e+06
6.23337e+06
6.51361e+06
6.68907e+06
6.75702e+06
6.71641e+06
6.56789e+06
6.31376e+06
5.958e+06
5.50615e+06
4.96538e+06
4.34451e+06
3.65391e+06
2.90597e+06
2.11517e+06
1.29759e+06
466735
190100
1.03945e+06
1.8703e+06
2.66952e+06
3.4245e+06
4.12333e+06
4.755e+06
5.30956e+06
5.77828e+06
6.15381e+06
6.43026e+06
6.60329e+06
6.67022e+06
6.63e+06
6.48327e+06
6.23231e+06
5.88104e+06
5.43496e+06
4.90113e+06
4.28829e+06
3.60668e+06
2.86853e+06
2.08812e+06
1.28125e+06
461264
189792
1.04821e+06
1.88794e+06
2.69571e+06
3.45878e+06
4.16512e+06
4.80359e+06
5.36414e+06
5.83794e+06
6.21757e+06
6.49706e+06
6.67204e+06
6.73979e+06
6.69926e+06
6.55109e+06
6.2976e+06
5.94272e+06
5.49202e+06
4.95263e+06
4.33335e+06
3.64453e+06
2.89854e+06
2.1098e+06
1.29435e+06
465649
189792
1.04821e+06
1.88794e+06
2.69571e+06
3.45878e+06
4.16512e+06
4.80359e+06
5.36414e+06
5.83794e+06
6.21757e+06
6.49706e+06
6.67204e+06
6.73979e+06
6.69926e+06
6.55109e+06
6.2976e+06
5.94272e+06
5.49202e+06
4.95263e+06
4.33335e+06
3.64453e+06
2.89854e+06
2.1098e+06
1.29435e+06
465649
190099
1.03945e+06
1.8703e+06
2.66952e+06
3.4245e+06
4.12333e+06
4.755e+06
5.30955e+06
5.77828e+06
6.15381e+06
6.43026e+06
6.60329e+06
6.67022e+06
6.63e+06
6.48327e+06
6.23231e+06
5.88104e+06
5.43496e+06
4.90113e+06
4.28829e+06
3.60668e+06
2.86853e+06
2.08812e+06
1.28125e+06
461264
189751
1.05041e+06
1.89233e+06
2.70222e+06
3.4673e+06
4.17549e+06
4.81564e+06
5.37767e+06
5.85273e+06
6.23337e+06
6.51361e+06
6.68907e+06
6.75702e+06
6.71641e+06
6.56789e+06
6.31376e+06
5.958e+06
5.50615e+06
4.96538e+06
4.34451e+06
3.65391e+06
2.90597e+06
2.11517e+06
1.29759e+06
466735
190044
1.04095e+06
1.87333e+06
2.67402e+06
3.43038e+06
4.1305e+06
4.76334e+06
5.31892e+06
5.78852e+06
6.16476e+06
6.44172e+06
6.61509e+06
6.68216e+06
6.64189e+06
6.49491e+06
6.24352e+06
5.89163e+06
5.44475e+06
4.90997e+06
4.29603e+06
3.61318e+06
2.87369e+06
2.09185e+06
1.28351e+06
462017
189792
1.04821e+06
1.88794e+06
2.69571e+06
3.45878e+06
4.16512e+06
4.80359e+06
5.36414e+06
5.83794e+06
6.21757e+06
6.49706e+06
6.67204e+06
6.73979e+06
6.69926e+06
6.55109e+06
6.2976e+06
5.94272e+06
5.49202e+06
4.95263e+06
4.33335e+06
3.64453e+06
2.89854e+06
2.1098e+06
1.29435e+06
465649
190100
1.03945e+06
1.8703e+06
2.66952e+06
3.4245e+06
4.12333e+06
4.755e+06
5.30955e+06
5.77828e+06
6.15381e+06
6.43026e+06
6.60329e+06
6.67022e+06
6.63e+06
6.48327e+06
6.23231e+06
5.88104e+06
5.43496e+06
4.90113e+06
4.28829e+06
3.60668e+06
2.86853e+06
2.08812e+06
1.28125e+06
461264
190099
1.03945e+06
1.8703e+06
2.66952e+06
3.4245e+06
4.12333e+06
4.755e+06
5.30955e+06
5.77828e+06
6.15381e+06
6.43026e+06
6.60329e+06
6.67022e+06
6.63e+06
6.48327e+06
6.23231e+06
5.88104e+06
5.43496e+06
4.90113e+06
4.28829e+06
3.60668e+06
2.86853e+06
2.08812e+06
1.28125e+06
461264
189792
1.04821e+06
1.88794e+06
2.69571e+06
3.45878e+06
4.16512e+06
4.80359e+06
5.36414e+06
5.83794e+06
6.21757e+06
6.49706e+06
6.67204e+06
6.73979e+06
6.69926e+06
6.55109e+06
6.2976e+06
5.94272e+06
5.49202e+06
4.95263e+06
4.33335e+06
3.64453e+06
2.89854e+06
2.1098e+06
1.29435e+06
465649
)
;

boundaryField
{
    outletCentralUnloaded
    {
        type            calculated;
        value           uniform 0;
    }
    inletCentralUnloaded
    {
        type            calculated;
        value           uniform 0;
    }
    outletFuelElement
    {
        type            calculated;
        value           uniform 0;
    }
    inletFuelElement
    {
        type            calculated;
        value           nonuniform List<scalar> 
12
(
3.01272e+06
3.01162e+06
3.01264e+06
3.01191e+06
3.01191e+06
3.01263e+06
3.01162e+06
3.01272e+06
3.01191e+06
3.01263e+06
3.01263e+06
3.01191e+06
)
;
    }
    defaultFaces
    {
        type            calculated;
        value           nonuniform List<scalar> 
450
(
0
0
0
0
0
0
0
0
0
0
0
0
0
0
0
0
0
0
0
0
0
0
0
0
0
0
0
0
0
0
0
0
0
0
0
0
0
0
0
0
0
0
0
0
0
235607
235607
235607
1.52413e+06
1.52413e+06
1.52413e+06
2.49102e+06
2.49102e+06
2.49102e+06
3.14262e+06
3.14262e+06
3.14262e+06
3.5016e+06
3.5016e+06
3.5016e+06
3.6084e+06
3.6084e+06
3.6084e+06
3.52383e+06
3.52383e+06
3.52383e+06
3.33109e+06
3.33109e+06
3.33109e+06
3.13126e+06
3.13126e+06
3.13126e+06
2.97828e+06
2.97828e+06
2.97828e+06
0
0
0
0
0
0
0
0
0
0
0
0
0
0
0
0
0
0
0
0
0
0
0
0
0
0
0
0
0
0
258582
258582
1.5408e+06
1.5408e+06
2.50252e+06
2.50252e+06
3.15007e+06
3.15007e+06
3.50608e+06
3.50608e+06
3.61085e+06
3.61085e+06
3.52504e+06
3.52504e+06
3.33161e+06
3.33161e+06
3.13137e+06
3.13137e+06
2.97825e+06
2.97825e+06
0
0
0
0
0
0
0
0
0
0
0
0
0
0
0
119222
1.43902e+06
2.43163e+06
3.1034e+06
3.47724e+06
3.59407e+06
3.51554e+06
3.32605e+06
3.12818e+06
2.97721e+06
0
0
0
0
0
0
0
0
0
0
0
0
0
0
0
119222
1.43902e+06
2.43163e+06
3.1034e+06
3.47724e+06
3.59407e+06
3.51554e+06
3.32605e+06
3.12818e+06
2.97721e+06
0
0
0
0
0
0
0
0
0
0
0
0
0
0
0
0
0
0
0
0
0
0
0
0
0
0
0
0
0
0
258568
258568
1.54078e+06
1.54078e+06
2.50251e+06
2.50251e+06
3.15006e+06
3.15006e+06
3.50607e+06
3.50607e+06
3.61084e+06
3.61084e+06
3.52503e+06
3.52503e+06
3.3316e+06
3.3316e+06
3.13137e+06
3.13137e+06
2.97825e+06
2.97825e+06
0
0
0
0
0
0
0
0
0
0
0
0
0
0
0
0
0
0
0
0
0
0
0
0
0
0
0
0
0
0
0
0
0
0
0
0
0
0
0
0
0
0
0
0
0
235607
235607
235607
1.52413e+06
1.52413e+06
1.52413e+06
2.49102e+06
2.49102e+06
2.49102e+06
3.14262e+06
3.14262e+06
3.14262e+06
3.5016e+06
3.5016e+06
3.5016e+06
3.6084e+06
3.6084e+06
3.6084e+06
3.52383e+06
3.52383e+06
3.52383e+06
3.33109e+06
3.33109e+06
3.33109e+06
3.13126e+06
3.13126e+06
3.13126e+06
2.97828e+06
2.97828e+06
2.97828e+06
0
0
0
0
0
0
0
0
0
0
0
0
0
0
0
119222
1.43902e+06
2.43163e+06
3.1034e+06
3.47724e+06
3.59407e+06
3.51554e+06
3.32605e+06
3.12818e+06
2.97721e+06
0
0
0
0
0
0
0
0
0
0
0
0
0
0
0
0
0
0
0
0
0
0
0
0
0
0
0
0
0
0
258582
258582
1.5408e+06
1.5408e+06
2.50252e+06
2.50252e+06
3.15007e+06
3.15007e+06
3.50608e+06
3.50608e+06
3.61085e+06
3.61085e+06
3.52504e+06
3.52504e+06
3.33161e+06
3.33161e+06
3.13137e+06
3.13137e+06
2.97825e+06
2.97825e+06
0
0
0
0
0
0
0
0
0
0
0
0
0
0
0
0
0
0
0
0
0
0
0
0
0
0
0
0
0
0
258569
258569
1.54078e+06
1.54078e+06
2.50251e+06
2.50251e+06
3.15006e+06
3.15006e+06
3.50607e+06
3.50607e+06
3.61084e+06
3.61084e+06
3.52503e+06
3.52503e+06
3.3316e+06
3.3316e+06
3.13137e+06
3.13137e+06
2.97825e+06
2.97825e+06
0
0
0
0
0
0
0
0
0
0
0
0
0
0
0
119222
1.43902e+06
2.43163e+06
3.1034e+06
3.47724e+06
3.59407e+06
3.51554e+06
3.32605e+06
3.12818e+06
2.97721e+06
)
;
    }
    baffle_master
    {
        type            calculated;
        value           uniform 0;
    }
    baffle_slave
    {
        type            calculated;
        value           nonuniform List<scalar> 
150
(
0
0
0
0
0
0
0
0
0
0
0
0
0
0
0
0
0
0
0
0
0
0
0
0
0
0
0
0
0
0
0
0
0
0
0
0
0
0
0
0
0
0
0
0
0
84245.7
119222
119222
1.41339e+06
1.43902e+06
1.43902e+06
2.41371e+06
2.43163e+06
2.43163e+06
3.09152e+06
3.1034e+06
3.1034e+06
3.46983e+06
3.47724e+06
3.47724e+06
3.58969e+06
3.59407e+06
3.59407e+06
3.51298e+06
3.51554e+06
3.51554e+06
3.32446e+06
3.32605e+06
3.32605e+06
3.12717e+06
3.12818e+06
3.12818e+06
2.97684e+06
2.97721e+06
2.97721e+06
0
0
0
0
0
0
0
0
0
0
0
0
0
0
0
0
0
0
0
0
0
0
0
0
0
0
0
0
0
0
0
0
0
0
0
0
0
0
0
0
0
0
0
0
0
119222
84245.4
119222
1.43902e+06
1.41339e+06
1.43902e+06
2.43163e+06
2.41371e+06
2.43163e+06
3.1034e+06
3.09152e+06
3.1034e+06
3.47724e+06
3.46983e+06
3.47724e+06
3.59407e+06
3.58969e+06
3.59407e+06
3.51554e+06
3.51298e+06
3.51554e+06
3.32605e+06
3.32446e+06
3.32605e+06
3.12818e+06
3.12717e+06
3.12818e+06
2.97721e+06
2.97684e+06
2.97721e+06
)
;
    }
}


// ************************************************************************* //
