/*--------------------------------*- C++ -*----------------------------------*\
| =========                 |                                                 |
| \\      /  F ield         | OpenFOAM: The Open Source CFD Toolbox           |
|  \\    /   O peration     | Version:  2212                                  |
|   \\  /    A nd           | Website:  www.openfoam.com                      |
|    \\/     M anipulation  |                                                 |
\*---------------------------------------------------------------------------*/
FoamFile
{
    version     2.0;
    format      ascii;
    arch        "LSB;label=32;scalar=64";
    class       volTensorField;
    location    "25/fluidRegion";
    object      Kd;
}
// * * * * * * * * * * * * * * * * * * * * * * * * * * * * * * * * * * * * * //

dimensions      [1 -3 -1 0 0 0 0];

internalField   nonuniform List<tensor> 
350
(
(84.7232 0 0 0 84.7232 0 0 0 84.7232)
(84.7232 0 0 0 84.7232 0 0 0 84.7232)
(84.7232 0 0 0 84.7232 0 0 0 84.7232)
(84.7232 0 0 0 84.7232 0 0 0 84.7232)
(84.7232 0 0 0 84.7232 0 0 0 84.7232)
(84.7232 0 0 0 84.7232 0 0 0 84.7232)
(84.7232 0 0 0 84.7232 0 0 0 84.7232)
(84.7232 0 0 0 84.7232 0 0 0 84.7232)
(84.7232 0 0 0 84.7232 0 0 0 84.7232)
(84.7232 0 0 0 84.7232 0 0 0 84.7232)
(84.7232 0 0 0 84.7232 0 0 0 84.7232)
(84.7232 0 0 0 84.7232 0 0 0 84.7232)
(84.7232 0 0 0 84.7232 0 0 0 84.7232)
(84.7232 0 0 0 84.7232 0 0 0 84.7232)
(84.7232 0 0 0 84.7232 0 0 0 84.7232)
(84.7232 0 0 0 84.7232 0 0 0 84.7232)
(84.7232 0 0 0 84.7232 0 0 0 84.7232)
(84.7232 0 0 0 84.7232 0 0 0 84.7232)
(84.7232 0 0 0 84.7232 0 0 0 84.7232)
(84.7232 0 0 0 84.7232 0 0 0 84.7232)
(84.7232 0 0 0 84.7232 0 0 0 84.7232)
(84.7232 0 0 0 84.7232 0 0 0 84.7232)
(84.7232 0 0 0 84.7232 0 0 0 84.7232)
(84.7232 0 0 0 84.7232 0 0 0 84.7232)
(84.8644 0 0 0 84.8644 0 0 0 84.8644)
(84.7232 0 0 0 84.7232 0 0 0 84.7232)
(84.7232 0 0 0 84.7232 0 0 0 84.7232)
(84.7232 0 0 0 84.7232 0 0 0 84.7232)
(84.7232 0 0 0 84.7232 0 0 0 84.7232)
(84.7232 0 0 0 84.7232 0 0 0 84.7232)
(84.7232 0 0 0 84.7232 0 0 0 84.7232)
(84.7232 0 0 0 84.7232 0 0 0 84.7232)
(84.7232 0 0 0 84.7232 0 0 0 84.7232)
(84.7232 0 0 0 84.7232 0 0 0 84.7232)
(84.7232 0 0 0 84.7232 0 0 0 84.7232)
(84.7232 0 0 0 84.7232 0 0 0 84.7232)
(84.7232 0 0 0 84.7232 0 0 0 84.7232)
(84.7232 0 0 0 84.7232 0 0 0 84.7232)
(84.7232 0 0 0 84.7232 0 0 0 84.7232)
(84.7232 0 0 0 84.7232 0 0 0 84.7232)
(84.7232 0 0 0 84.7232 0 0 0 84.7232)
(84.7232 0 0 0 84.7232 0 0 0 84.7232)
(84.7232 0 0 0 84.7232 0 0 0 84.7232)
(84.7232 0 0 0 84.7232 0 0 0 84.7232)
(84.7232 0 0 0 84.7232 0 0 0 84.7232)
(84.7232 0 0 0 84.7232 0 0 0 84.7232)
(84.7232 0 0 0 84.7232 0 0 0 84.7232)
(84.7232 0 0 0 84.7232 0 0 0 84.7232)
(84.7232 0 0 0 84.7232 0 0 0 84.7232)
(84.8644 0 0 0 84.8644 0 0 0 84.8644)
(676.148 0 0 0 676.148 0 0 0 676.148)
(675.443 0 0 0 675.443 0 0 0 675.443)
(675.46 0 0 0 675.46 0 0 0 675.46)
(675.467 0 0 0 675.467 0 0 0 675.467)
(675.461 0 0 0 675.461 0 0 0 675.461)
(675.443 0 0 0 675.443 0 0 0 675.443)
(675.411 0 0 0 675.411 0 0 0 675.411)
(675.364 0 0 0 675.364 0 0 0 675.364)
(675.299 0 0 0 675.299 0 0 0 675.299)
(675.215 0 0 0 675.215 0 0 0 675.215)
(675.111 0 0 0 675.111 0 0 0 675.111)
(674.988 0 0 0 674.988 0 0 0 674.988)
(674.844 0 0 0 674.844 0 0 0 674.844)
(674.681 0 0 0 674.681 0 0 0 674.681)
(674.493 0 0 0 674.493 0 0 0 674.493)
(674.272 0 0 0 674.272 0 0 0 674.272)
(674.003 0 0 0 674.003 0 0 0 674.003)
(673.672 0 0 0 673.672 0 0 0 673.672)
(673.28 0 0 0 673.28 0 0 0 673.28)
(672.89 0 0 0 672.89 0 0 0 672.89)
(672.687 0 0 0 672.687 0 0 0 672.687)
(673.199 0 0 0 673.199 0 0 0 673.199)
(675.617 0 0 0 675.617 0 0 0 675.617)
(681.907 0 0 0 681.907 0 0 0 681.907)
(685.181 0 0 0 685.181 0 0 0 685.181)
(671.789 0 0 0 671.789 0 0 0 671.789)
(671.013 0 0 0 671.013 0 0 0 671.013)
(670.987 0 0 0 670.987 0 0 0 670.987)
(670.95 0 0 0 670.95 0 0 0 670.95)
(670.906 0 0 0 670.906 0 0 0 670.906)
(670.851 0 0 0 670.851 0 0 0 670.851)
(670.786 0 0 0 670.786 0 0 0 670.786)
(670.707 0 0 0 670.707 0 0 0 670.707)
(670.614 0 0 0 670.614 0 0 0 670.614)
(670.505 0 0 0 670.505 0 0 0 670.505)
(670.383 0 0 0 670.383 0 0 0 670.383)
(670.252 0 0 0 670.252 0 0 0 670.252)
(670.117 0 0 0 670.117 0 0 0 670.117)
(669.986 0 0 0 669.986 0 0 0 669.986)
(669.865 0 0 0 669.865 0 0 0 669.865)
(669.751 0 0 0 669.751 0 0 0 669.751)
(669.635 0 0 0 669.635 0 0 0 669.635)
(669.504 0 0 0 669.504 0 0 0 669.504)
(669.36 0 0 0 669.36 0 0 0 669.36)
(669.271 0 0 0 669.271 0 0 0 669.271)
(669.437 0 0 0 669.437 0 0 0 669.437)
(670.416 0 0 0 670.416 0 0 0 670.416)
(673.447 0 0 0 673.447 0 0 0 673.447)
(680.538 0 0 0 680.538 0 0 0 680.538)
(684.74 0 0 0 684.74 0 0 0 684.74)
(676.876 0 0 0 676.876 0 0 0 676.876)
(676.171 0 0 0 676.171 0 0 0 676.171)
(676.192 0 0 0 676.192 0 0 0 676.192)
(676.203 0 0 0 676.203 0 0 0 676.203)
(676.2 0 0 0 676.2 0 0 0 676.2)
(676.185 0 0 0 676.185 0 0 0 676.185)
(676.155 0 0 0 676.155 0 0 0 676.155)
(676.108 0 0 0 676.108 0 0 0 676.108)
(676.044 0 0 0 676.044 0 0 0 676.044)
(675.96 0 0 0 675.96 0 0 0 675.96)
(675.855 0 0 0 675.855 0 0 0 675.855)
(675.728 0 0 0 675.728 0 0 0 675.728)
(675.578 0 0 0 675.578 0 0 0 675.578)
(675.403 0 0 0 675.403 0 0 0 675.403)
(675.198 0 0 0 675.198 0 0 0 675.198)
(674.953 0 0 0 674.953 0 0 0 674.953)
(674.651 0 0 0 674.651 0 0 0 674.651)
(674.281 0 0 0 674.281 0 0 0 674.281)
(673.84 0 0 0 673.84 0 0 0 673.84)
(673.392 0 0 0 673.392 0 0 0 673.392)
(673.118 0 0 0 673.118 0 0 0 673.118)
(673.541 0 0 0 673.541 0 0 0 673.541)
(675.847 0 0 0 675.847 0 0 0 675.847)
(682.01 0 0 0 682.01 0 0 0 682.01)
(685.196 0 0 0 685.196 0 0 0 685.196)
(672.765 0 0 0 672.765 0 0 0 672.765)
(672.008 0 0 0 672.008 0 0 0 672.008)
(671.993 0 0 0 671.993 0 0 0 671.993)
(671.969 0 0 0 671.969 0 0 0 671.969)
(671.935 0 0 0 671.935 0 0 0 671.935)
(671.891 0 0 0 671.891 0 0 0 671.891)
(671.835 0 0 0 671.835 0 0 0 671.835)
(671.765 0 0 0 671.765 0 0 0 671.765)
(671.68 0 0 0 671.68 0 0 0 671.68)
(671.579 0 0 0 671.579 0 0 0 671.579)
(671.462 0 0 0 671.462 0 0 0 671.462)
(671.334 0 0 0 671.334 0 0 0 671.334)
(671.199 0 0 0 671.199 0 0 0 671.199)
(671.063 0 0 0 671.063 0 0 0 671.063)
(670.928 0 0 0 670.928 0 0 0 670.928)
(670.792 0 0 0 670.792 0 0 0 670.792)
(670.642 0 0 0 670.642 0 0 0 670.642)
(670.467 0 0 0 670.467 0 0 0 670.467)
(670.268 0 0 0 670.268 0 0 0 670.268)
(670.111 0 0 0 670.111 0 0 0 670.111)
(670.194 0 0 0 670.194 0 0 0 670.194)
(671.067 0 0 0 671.067 0 0 0 671.067)
(673.959 0 0 0 673.959 0 0 0 673.959)
(680.868 0 0 0 680.868 0 0 0 680.868)
(684.85 0 0 0 684.85 0 0 0 684.85)
(672.765 0 0 0 672.765 0 0 0 672.765)
(672.008 0 0 0 672.008 0 0 0 672.008)
(671.993 0 0 0 671.993 0 0 0 671.993)
(671.969 0 0 0 671.969 0 0 0 671.969)
(671.935 0 0 0 671.935 0 0 0 671.935)
(671.891 0 0 0 671.891 0 0 0 671.891)
(671.835 0 0 0 671.835 0 0 0 671.835)
(671.765 0 0 0 671.765 0 0 0 671.765)
(671.68 0 0 0 671.68 0 0 0 671.68)
(671.579 0 0 0 671.579 0 0 0 671.579)
(671.462 0 0 0 671.462 0 0 0 671.462)
(671.334 0 0 0 671.334 0 0 0 671.334)
(671.199 0 0 0 671.199 0 0 0 671.199)
(671.063 0 0 0 671.063 0 0 0 671.063)
(670.928 0 0 0 670.928 0 0 0 670.928)
(670.792 0 0 0 670.792 0 0 0 670.792)
(670.642 0 0 0 670.642 0 0 0 670.642)
(670.467 0 0 0 670.467 0 0 0 670.467)
(670.268 0 0 0 670.268 0 0 0 670.268)
(670.111 0 0 0 670.111 0 0 0 670.111)
(670.194 0 0 0 670.194 0 0 0 670.194)
(671.067 0 0 0 671.067 0 0 0 671.067)
(673.959 0 0 0 673.959 0 0 0 673.959)
(680.868 0 0 0 680.868 0 0 0 680.868)
(684.85 0 0 0 684.85 0 0 0 684.85)
(676.876 0 0 0 676.876 0 0 0 676.876)
(676.17 0 0 0 676.17 0 0 0 676.17)
(676.192 0 0 0 676.192 0 0 0 676.192)
(676.202 0 0 0 676.202 0 0 0 676.202)
(676.2 0 0 0 676.2 0 0 0 676.2)
(676.185 0 0 0 676.185 0 0 0 676.185)
(676.154 0 0 0 676.154 0 0 0 676.154)
(676.108 0 0 0 676.108 0 0 0 676.108)
(676.044 0 0 0 676.044 0 0 0 676.044)
(675.96 0 0 0 675.96 0 0 0 675.96)
(675.855 0 0 0 675.855 0 0 0 675.855)
(675.727 0 0 0 675.727 0 0 0 675.727)
(675.577 0 0 0 675.577 0 0 0 675.577)
(675.402 0 0 0 675.402 0 0 0 675.402)
(675.198 0 0 0 675.198 0 0 0 675.198)
(674.952 0 0 0 674.952 0 0 0 674.952)
(674.651 0 0 0 674.651 0 0 0 674.651)
(674.28 0 0 0 674.28 0 0 0 674.28)
(673.84 0 0 0 673.84 0 0 0 673.84)
(673.391 0 0 0 673.391 0 0 0 673.391)
(673.117 0 0 0 673.117 0 0 0 673.117)
(673.54 0 0 0 673.54 0 0 0 673.54)
(675.846 0 0 0 675.846 0 0 0 675.846)
(682.009 0 0 0 682.009 0 0 0 682.009)
(685.196 0 0 0 685.196 0 0 0 685.196)
(671.789 0 0 0 671.789 0 0 0 671.789)
(671.013 0 0 0 671.013 0 0 0 671.013)
(670.987 0 0 0 670.987 0 0 0 670.987)
(670.95 0 0 0 670.95 0 0 0 670.95)
(670.906 0 0 0 670.906 0 0 0 670.906)
(670.851 0 0 0 670.851 0 0 0 670.851)
(670.786 0 0 0 670.786 0 0 0 670.786)
(670.707 0 0 0 670.707 0 0 0 670.707)
(670.614 0 0 0 670.614 0 0 0 670.614)
(670.505 0 0 0 670.505 0 0 0 670.505)
(670.383 0 0 0 670.383 0 0 0 670.383)
(670.252 0 0 0 670.252 0 0 0 670.252)
(670.117 0 0 0 670.117 0 0 0 670.117)
(669.986 0 0 0 669.986 0 0 0 669.986)
(669.865 0 0 0 669.865 0 0 0 669.865)
(669.751 0 0 0 669.751 0 0 0 669.751)
(669.635 0 0 0 669.635 0 0 0 669.635)
(669.504 0 0 0 669.504 0 0 0 669.504)
(669.36 0 0 0 669.36 0 0 0 669.36)
(669.271 0 0 0 669.271 0 0 0 669.271)
(669.437 0 0 0 669.437 0 0 0 669.437)
(670.416 0 0 0 670.416 0 0 0 670.416)
(673.447 0 0 0 673.447 0 0 0 673.447)
(680.538 0 0 0 680.538 0 0 0 680.538)
(684.74 0 0 0 684.74 0 0 0 684.74)
(676.148 0 0 0 676.148 0 0 0 676.148)
(675.443 0 0 0 675.443 0 0 0 675.443)
(675.46 0 0 0 675.46 0 0 0 675.46)
(675.467 0 0 0 675.467 0 0 0 675.467)
(675.461 0 0 0 675.461 0 0 0 675.461)
(675.443 0 0 0 675.443 0 0 0 675.443)
(675.411 0 0 0 675.411 0 0 0 675.411)
(675.364 0 0 0 675.364 0 0 0 675.364)
(675.299 0 0 0 675.299 0 0 0 675.299)
(675.215 0 0 0 675.215 0 0 0 675.215)
(675.111 0 0 0 675.111 0 0 0 675.111)
(674.988 0 0 0 674.988 0 0 0 674.988)
(674.844 0 0 0 674.844 0 0 0 674.844)
(674.681 0 0 0 674.681 0 0 0 674.681)
(674.493 0 0 0 674.493 0 0 0 674.493)
(674.272 0 0 0 674.272 0 0 0 674.272)
(674.003 0 0 0 674.003 0 0 0 674.003)
(673.672 0 0 0 673.672 0 0 0 673.672)
(673.28 0 0 0 673.28 0 0 0 673.28)
(672.89 0 0 0 672.89 0 0 0 672.89)
(672.687 0 0 0 672.687 0 0 0 672.687)
(673.199 0 0 0 673.199 0 0 0 673.199)
(675.617 0 0 0 675.617 0 0 0 675.617)
(681.907 0 0 0 681.907 0 0 0 681.907)
(685.181 0 0 0 685.181 0 0 0 685.181)
(672.765 0 0 0 672.765 0 0 0 672.765)
(672.008 0 0 0 672.008 0 0 0 672.008)
(671.993 0 0 0 671.993 0 0 0 671.993)
(671.969 0 0 0 671.969 0 0 0 671.969)
(671.935 0 0 0 671.935 0 0 0 671.935)
(671.891 0 0 0 671.891 0 0 0 671.891)
(671.835 0 0 0 671.835 0 0 0 671.835)
(671.765 0 0 0 671.765 0 0 0 671.765)
(671.68 0 0 0 671.68 0 0 0 671.68)
(671.579 0 0 0 671.579 0 0 0 671.579)
(671.462 0 0 0 671.462 0 0 0 671.462)
(671.334 0 0 0 671.334 0 0 0 671.334)
(671.199 0 0 0 671.199 0 0 0 671.199)
(671.063 0 0 0 671.063 0 0 0 671.063)
(670.928 0 0 0 670.928 0 0 0 670.928)
(670.792 0 0 0 670.792 0 0 0 670.792)
(670.642 0 0 0 670.642 0 0 0 670.642)
(670.467 0 0 0 670.467 0 0 0 670.467)
(670.268 0 0 0 670.268 0 0 0 670.268)
(670.111 0 0 0 670.111 0 0 0 670.111)
(670.194 0 0 0 670.194 0 0 0 670.194)
(671.067 0 0 0 671.067 0 0 0 671.067)
(673.959 0 0 0 673.959 0 0 0 673.959)
(680.868 0 0 0 680.868 0 0 0 680.868)
(684.85 0 0 0 684.85 0 0 0 684.85)
(676.876 0 0 0 676.876 0 0 0 676.876)
(676.171 0 0 0 676.171 0 0 0 676.171)
(676.192 0 0 0 676.192 0 0 0 676.192)
(676.203 0 0 0 676.203 0 0 0 676.203)
(676.2 0 0 0 676.2 0 0 0 676.2)
(676.185 0 0 0 676.185 0 0 0 676.185)
(676.155 0 0 0 676.155 0 0 0 676.155)
(676.108 0 0 0 676.108 0 0 0 676.108)
(676.044 0 0 0 676.044 0 0 0 676.044)
(675.96 0 0 0 675.96 0 0 0 675.96)
(675.855 0 0 0 675.855 0 0 0 675.855)
(675.728 0 0 0 675.728 0 0 0 675.728)
(675.578 0 0 0 675.578 0 0 0 675.578)
(675.403 0 0 0 675.403 0 0 0 675.403)
(675.198 0 0 0 675.198 0 0 0 675.198)
(674.953 0 0 0 674.953 0 0 0 674.953)
(674.651 0 0 0 674.651 0 0 0 674.651)
(674.281 0 0 0 674.281 0 0 0 674.281)
(673.84 0 0 0 673.84 0 0 0 673.84)
(673.392 0 0 0 673.392 0 0 0 673.392)
(673.118 0 0 0 673.118 0 0 0 673.118)
(673.541 0 0 0 673.541 0 0 0 673.541)
(675.847 0 0 0 675.847 0 0 0 675.847)
(682.01 0 0 0 682.01 0 0 0 682.01)
(685.196 0 0 0 685.196 0 0 0 685.196)
(676.876 0 0 0 676.876 0 0 0 676.876)
(676.17 0 0 0 676.17 0 0 0 676.17)
(676.192 0 0 0 676.192 0 0 0 676.192)
(676.202 0 0 0 676.202 0 0 0 676.202)
(676.2 0 0 0 676.2 0 0 0 676.2)
(676.185 0 0 0 676.185 0 0 0 676.185)
(676.155 0 0 0 676.155 0 0 0 676.155)
(676.108 0 0 0 676.108 0 0 0 676.108)
(676.044 0 0 0 676.044 0 0 0 676.044)
(675.96 0 0 0 675.96 0 0 0 675.96)
(675.855 0 0 0 675.855 0 0 0 675.855)
(675.727 0 0 0 675.727 0 0 0 675.727)
(675.577 0 0 0 675.577 0 0 0 675.577)
(675.402 0 0 0 675.402 0 0 0 675.402)
(675.198 0 0 0 675.198 0 0 0 675.198)
(674.952 0 0 0 674.952 0 0 0 674.952)
(674.651 0 0 0 674.651 0 0 0 674.651)
(674.28 0 0 0 674.28 0 0 0 674.28)
(673.84 0 0 0 673.84 0 0 0 673.84)
(673.391 0 0 0 673.391 0 0 0 673.391)
(673.117 0 0 0 673.117 0 0 0 673.117)
(673.54 0 0 0 673.54 0 0 0 673.54)
(675.846 0 0 0 675.846 0 0 0 675.846)
(682.009 0 0 0 682.009 0 0 0 682.009)
(685.196 0 0 0 685.196 0 0 0 685.196)
(672.765 0 0 0 672.765 0 0 0 672.765)
(672.008 0 0 0 672.008 0 0 0 672.008)
(671.993 0 0 0 671.993 0 0 0 671.993)
(671.969 0 0 0 671.969 0 0 0 671.969)
(671.935 0 0 0 671.935 0 0 0 671.935)
(671.891 0 0 0 671.891 0 0 0 671.891)
(671.835 0 0 0 671.835 0 0 0 671.835)
(671.765 0 0 0 671.765 0 0 0 671.765)
(671.68 0 0 0 671.68 0 0 0 671.68)
(671.579 0 0 0 671.579 0 0 0 671.579)
(671.462 0 0 0 671.462 0 0 0 671.462)
(671.334 0 0 0 671.334 0 0 0 671.334)
(671.199 0 0 0 671.199 0 0 0 671.199)
(671.063 0 0 0 671.063 0 0 0 671.063)
(670.928 0 0 0 670.928 0 0 0 670.928)
(670.792 0 0 0 670.792 0 0 0 670.792)
(670.642 0 0 0 670.642 0 0 0 670.642)
(670.467 0 0 0 670.467 0 0 0 670.467)
(670.268 0 0 0 670.268 0 0 0 670.268)
(670.111 0 0 0 670.111 0 0 0 670.111)
(670.194 0 0 0 670.194 0 0 0 670.194)
(671.067 0 0 0 671.067 0 0 0 671.067)
(673.959 0 0 0 673.959 0 0 0 673.959)
(680.868 0 0 0 680.868 0 0 0 680.868)
(684.85 0 0 0 684.85 0 0 0 684.85)
)
;

boundaryField
{
    outletCentralUnloaded
    {
        type            zeroGradient;
    }
    inletCentralUnloaded
    {
        type            zeroGradient;
    }
    outletFuelElement
    {
        type            zeroGradient;
    }
    inletFuelElement
    {
        type            zeroGradient;
    }
    defaultFaces
    {
        type            zeroGradient;
    }
    baffle_master
    {
        type            zeroGradient;
    }
    baffle_slave
    {
        type            zeroGradient;
    }
}


// ************************************************************************* //
