/*--------------------------------*- C++ -*----------------------------------*\
| =========                 |                                                 |
| \\      /  F ield         | OpenFOAM: The Open Source CFD Toolbox           |
|  \\    /   O peration     | Version:  2212                                  |
|   \\  /    A nd           | Website:  www.openfoam.com                      |
|    \\/     M anipulation  |                                                 |
\*---------------------------------------------------------------------------*/
FoamFile
{
    version     2.0;
    format      ascii;
    arch        "LSB;label=32;scalar=64";
    class       volScalarField;
    location    "25/fluidRegion";
    object      p_rgh;
}
// * * * * * * * * * * * * * * * * * * * * * * * * * * * * * * * * * * * * * //

dimensions      [1 -1 -2 0 0 0 0];

internalField   nonuniform List<scalar> 
350
(
3.44743e+06
3.44772e+06
3.44802e+06
3.44831e+06
3.44861e+06
3.44891e+06
3.4492e+06
3.4495e+06
3.44979e+06
3.45009e+06
3.45038e+06
3.45068e+06
3.45097e+06
3.45127e+06
3.45156e+06
3.45186e+06
3.45215e+06
3.45245e+06
3.45275e+06
3.45304e+06
3.45334e+06
3.45363e+06
3.45393e+06
3.45422e+06
3.45451e+06
3.44743e+06
3.44772e+06
3.44802e+06
3.44831e+06
3.44861e+06
3.44891e+06
3.4492e+06
3.4495e+06
3.44979e+06
3.45009e+06
3.45038e+06
3.45068e+06
3.45097e+06
3.45127e+06
3.45156e+06
3.45186e+06
3.45215e+06
3.45245e+06
3.45275e+06
3.45304e+06
3.45334e+06
3.45363e+06
3.45393e+06
3.45422e+06
3.45451e+06
3.47164e+06
3.51932e+06
3.56658e+06
3.61314e+06
3.65869e+06
3.70295e+06
3.74566e+06
3.78658e+06
3.8255e+06
3.86223e+06
3.89662e+06
3.92851e+06
3.9578e+06
3.9844e+06
4.00827e+06
4.02939e+06
4.04782e+06
4.06363e+06
4.07694e+06
4.08792e+06
4.09676e+06
4.10365e+06
4.10883e+06
4.11259e+06
4.11523e+06
3.47164e+06
3.51932e+06
3.56658e+06
3.61314e+06
3.65869e+06
3.70295e+06
3.74566e+06
3.78658e+06
3.8255e+06
3.86223e+06
3.89662e+06
3.92851e+06
3.9578e+06
3.9844e+06
4.00827e+06
4.02939e+06
4.04782e+06
4.06363e+06
4.07694e+06
4.08792e+06
4.09676e+06
4.10365e+06
4.10883e+06
4.11259e+06
4.11523e+06
3.47164e+06
3.51932e+06
3.56658e+06
3.61314e+06
3.65869e+06
3.70295e+06
3.74566e+06
3.78658e+06
3.8255e+06
3.86223e+06
3.89662e+06
3.92851e+06
3.9578e+06
3.9844e+06
4.00827e+06
4.02939e+06
4.04782e+06
4.06363e+06
4.07694e+06
4.08792e+06
4.09676e+06
4.10365e+06
4.10883e+06
4.11259e+06
4.11523e+06
3.47164e+06
3.51932e+06
3.56658e+06
3.61314e+06
3.65869e+06
3.70295e+06
3.74566e+06
3.78658e+06
3.8255e+06
3.86223e+06
3.89662e+06
3.92851e+06
3.9578e+06
3.9844e+06
4.00827e+06
4.02939e+06
4.04782e+06
4.06363e+06
4.07694e+06
4.08792e+06
4.09676e+06
4.10365e+06
4.10883e+06
4.11259e+06
4.11523e+06
3.47164e+06
3.51932e+06
3.56658e+06
3.61314e+06
3.65869e+06
3.70295e+06
3.74566e+06
3.78658e+06
3.8255e+06
3.86223e+06
3.89662e+06
3.92851e+06
3.9578e+06
3.9844e+06
4.00827e+06
4.02939e+06
4.04782e+06
4.06363e+06
4.07694e+06
4.08792e+06
4.09676e+06
4.10365e+06
4.10883e+06
4.11259e+06
4.11523e+06
3.47164e+06
3.51932e+06
3.56658e+06
3.61314e+06
3.65869e+06
3.70295e+06
3.74566e+06
3.78658e+06
3.8255e+06
3.86223e+06
3.89662e+06
3.92851e+06
3.9578e+06
3.9844e+06
4.00827e+06
4.02939e+06
4.04782e+06
4.06363e+06
4.07694e+06
4.08792e+06
4.09676e+06
4.10365e+06
4.10883e+06
4.11259e+06
4.11523e+06
3.47164e+06
3.51932e+06
3.56658e+06
3.61314e+06
3.65869e+06
3.70295e+06
3.74566e+06
3.78658e+06
3.8255e+06
3.86223e+06
3.89662e+06
3.92851e+06
3.9578e+06
3.9844e+06
4.00827e+06
4.02939e+06
4.04782e+06
4.06363e+06
4.07694e+06
4.08792e+06
4.09676e+06
4.10365e+06
4.10883e+06
4.11259e+06
4.11523e+06
3.47164e+06
3.51932e+06
3.56658e+06
3.61314e+06
3.65869e+06
3.70295e+06
3.74566e+06
3.78658e+06
3.8255e+06
3.86223e+06
3.89662e+06
3.92851e+06
3.9578e+06
3.9844e+06
4.00827e+06
4.02939e+06
4.04782e+06
4.06363e+06
4.07694e+06
4.08792e+06
4.09676e+06
4.10365e+06
4.10883e+06
4.11259e+06
4.11523e+06
3.47164e+06
3.51932e+06
3.56658e+06
3.61314e+06
3.65869e+06
3.70295e+06
3.74566e+06
3.78658e+06
3.8255e+06
3.86223e+06
3.89662e+06
3.92851e+06
3.9578e+06
3.9844e+06
4.00827e+06
4.02939e+06
4.04782e+06
4.06363e+06
4.07694e+06
4.08792e+06
4.09676e+06
4.10365e+06
4.10883e+06
4.11259e+06
4.11523e+06
3.47164e+06
3.51932e+06
3.56658e+06
3.61314e+06
3.65869e+06
3.70295e+06
3.74566e+06
3.78658e+06
3.8255e+06
3.86223e+06
3.89662e+06
3.92851e+06
3.9578e+06
3.9844e+06
4.00827e+06
4.02939e+06
4.04782e+06
4.06363e+06
4.07694e+06
4.08792e+06
4.09676e+06
4.10365e+06
4.10883e+06
4.11259e+06
4.11523e+06
3.47164e+06
3.51932e+06
3.56658e+06
3.61314e+06
3.65869e+06
3.70295e+06
3.74566e+06
3.78658e+06
3.8255e+06
3.86223e+06
3.89662e+06
3.92851e+06
3.9578e+06
3.9844e+06
4.00827e+06
4.02939e+06
4.04782e+06
4.06363e+06
4.07694e+06
4.08792e+06
4.09676e+06
4.10365e+06
4.10883e+06
4.11259e+06
4.11523e+06
3.47164e+06
3.51932e+06
3.56658e+06
3.61314e+06
3.65869e+06
3.70295e+06
3.74566e+06
3.78658e+06
3.8255e+06
3.86223e+06
3.89662e+06
3.92851e+06
3.9578e+06
3.9844e+06
4.00827e+06
4.02939e+06
4.04782e+06
4.06363e+06
4.07694e+06
4.08792e+06
4.09676e+06
4.10365e+06
4.10883e+06
4.11259e+06
4.11523e+06
)
;

boundaryField
{
    outletCentralUnloaded
    {
        type            fixedValue;
        value           uniform 3.44728e+06;
    }
    inletCentralUnloaded
    {
        type            zeroGradient;
    }
    outletFuelElement
    {
        type            fixedValue;
        value           uniform 3.44728e+06;
    }
    inletFuelElement
    {
        type            zeroGradient;
    }
    defaultFaces
    {
        type            zeroGradient;
    }
    baffle_master
    {
        type            zeroGradient;
    }
    baffle_slave
    {
        type            zeroGradient;
    }
}


// ************************************************************************* //
