/*--------------------------------*- C++ -*----------------------------------*\
| =========                 |                                                 |
| \\      /  F ield         | OpenFOAM: The Open Source CFD Toolbox           |
|  \\    /   O peration     | Version:  2212                                  |
|   \\  /    A nd           | Website:  www.openfoam.com                      |
|    \\/     M anipulation  |                                                 |
\*---------------------------------------------------------------------------*/
FoamFile
{
    version     2.0;
    format      ascii;
    arch        "LSB;label=32;scalar=64";
    class       volScalarField;
    location    "12/fluidRegion";
    object      alphat;
}
// * * * * * * * * * * * * * * * * * * * * * * * * * * * * * * * * * * * * * //

dimensions      [1 -1 -1 0 0 0 0];

internalField   nonuniform List<scalar> 
350
(
0.00257235
0.00257235
0.00257235
0.00257236
0.00257236
0.00257237
0.00257238
0.00257239
0.00257242
0.00257245
0.00257251
0.0025726
0.00257273
0.00257293
0.00257323
0.0025737
0.00257441
0.0025755
0.00257717
0.00257972
0.00258361
0.00258956
0.00259865
0.00261255
0.00263379
0.00257235
0.00257235
0.00257235
0.00257236
0.00257236
0.00257237
0.00257238
0.00257239
0.00257242
0.00257245
0.00257251
0.0025726
0.00257273
0.00257293
0.00257323
0.0025737
0.00257441
0.0025755
0.00257717
0.00257972
0.00258361
0.00258956
0.00259865
0.00261255
0.00263379
0.00081845
0.000806704
0.000795707
0.000784713
0.000773689
0.000762605
0.000751435
0.000740157
0.000728754
0.000717213
0.000705531
0.000693715
0.000681793
0.000669828
0.000657946
0.000646386
0.000635584
0.000626326
0.000620013
0.000619117
0.000627891
0.000653147
0.000704054
0.000789284
0.000915262
0.000814155
0.000802304
0.000791229
0.000780175
0.00076911
0.000758006
0.000746835
0.000735576
0.000724211
0.00071273
0.00070113
0.000689417
0.000677622
0.000665806
0.000654095
0.000642728
0.00063214
0.000623118
0.000617064
0.000616458
0.000625567
0.000651236
0.000702683
0.000788605
0.000915353
0.000819146
0.000807414
0.000796429
0.000785441
0.000774419
0.000763335
0.000752163
0.000740879
0.000729466
0.000717912
0.000706214
0.000694379
0.000682434
0.000670442
0.00065853
0.000646936
0.000636097
0.000626799
0.000620443
0.000619502
0.000628229
0.000653435
0.000704293
0.000789482
0.000915454
0.000815151
0.000803324
0.000792266
0.000781226
0.00077017
0.00075907
0.000747899
0.000736635
0.000725261
0.000713765
0.000702145
0.000690409
0.000678583
0.000666732
0.000654981
0.000643569
0.000632931
0.000623854
0.00061774
0.000617068
0.000626099
0.000651673
0.000702994
0.000788752
0.000915315
0.000815151
0.000803324
0.000792266
0.000781226
0.00077017
0.00075907
0.000747899
0.000736635
0.000725261
0.000713765
0.000702145
0.000690409
0.000678583
0.000666732
0.000654981
0.000643569
0.000632931
0.000623854
0.00061774
0.000617068
0.000626099
0.000651673
0.000702994
0.000788752
0.000915315
0.000819146
0.000807415
0.000796429
0.000785441
0.00077442
0.000763336
0.000752163
0.000740879
0.000729466
0.000717912
0.000706214
0.000694379
0.000682434
0.000670442
0.00065853
0.000646935
0.000636096
0.000626798
0.000620442
0.000619502
0.000628228
0.000653435
0.000704293
0.000789484
0.000915457
0.000814155
0.000802304
0.000791229
0.000780175
0.00076911
0.000758006
0.000746835
0.000735576
0.000724211
0.00071273
0.00070113
0.000689417
0.000677622
0.000665806
0.000654095
0.000642728
0.00063214
0.000623118
0.000617064
0.000616458
0.000625567
0.000651236
0.000702683
0.000788605
0.000915352
0.00081845
0.000806703
0.000795707
0.000784713
0.000773689
0.000762605
0.000751435
0.000740157
0.000728754
0.000717213
0.000705531
0.000693715
0.000681793
0.000669828
0.000657946
0.000646386
0.000635584
0.000626326
0.000620013
0.000619117
0.000627891
0.000653146
0.000704053
0.000789283
0.00091526
0.000815151
0.000803324
0.000792266
0.000781226
0.00077017
0.00075907
0.000747899
0.000736635
0.000725261
0.000713765
0.000702145
0.000690409
0.000678583
0.000666732
0.000654981
0.000643569
0.000632931
0.000623854
0.00061774
0.000617068
0.000626099
0.000651673
0.000702994
0.000788752
0.000915315
0.000819145
0.000807414
0.000796428
0.000785441
0.000774419
0.000763335
0.000752163
0.000740878
0.000729466
0.000717912
0.000706214
0.000694379
0.000682434
0.000670442
0.00065853
0.000646936
0.000636097
0.000626799
0.000620443
0.000619502
0.000628228
0.000653434
0.000704291
0.00078948
0.000915451
0.000819146
0.000807415
0.000796429
0.000785441
0.00077442
0.000763336
0.000752163
0.000740879
0.000729466
0.000717912
0.000706214
0.000694379
0.000682434
0.000670442
0.00065853
0.000646936
0.000636097
0.000626799
0.000620443
0.000619502
0.000628228
0.000653435
0.000704293
0.000789483
0.000915456
0.00081515
0.000803323
0.000792266
0.000781226
0.00077017
0.00075907
0.000747899
0.000736635
0.000725261
0.000713765
0.000702145
0.000690409
0.000678583
0.000666732
0.000654982
0.000643569
0.000632932
0.000623855
0.000617741
0.000617068
0.0006261
0.000651673
0.000702993
0.000788751
0.000915313
)
;

boundaryField
{
    outletCentralUnloaded
    {
        type            zeroGradient;
    }
    inletCentralUnloaded
    {
        type            zeroGradient;
    }
    outletFuelElement
    {
        type            zeroGradient;
    }
    inletFuelElement
    {
        type            zeroGradient;
    }
    defaultFaces
    {
        type            zeroGradient;
    }
    baffle_master
    {
        type            calculated;
        value           nonuniform List<scalar> 
150
(
0.00257235
0.00257235
0.00257235
0.00257235
0.00257235
0.00257235
0.00257235
0.00257235
0.00257235
0.00257236
0.00257236
0.00257236
0.00257236
0.00257236
0.00257236
0.00257237
0.00257237
0.00257237
0.00257238
0.00257238
0.00257238
0.00257239
0.00257239
0.00257239
0.00257242
0.00257242
0.00257242
0.00257245
0.00257245
0.00257245
0.00257251
0.00257251
0.00257251
0.0025726
0.0025726
0.0025726
0.00257273
0.00257273
0.00257273
0.00257293
0.00257293
0.00257293
0.00257323
0.00257323
0.00257323
0.0025737
0.0025737
0.0025737
0.00257441
0.00257441
0.00257441
0.0025755
0.0025755
0.0025755
0.00257717
0.00257717
0.00257717
0.00257972
0.00257972
0.00257972
0.00258361
0.00258361
0.00258361
0.00258956
0.00258956
0.00258956
0.00259865
0.00259865
0.00259865
0.00261255
0.00261255
0.00261255
0.00263379
0.00263379
0.00263379
0.00257235
0.00257235
0.00257235
0.00257235
0.00257235
0.00257235
0.00257235
0.00257235
0.00257235
0.00257236
0.00257236
0.00257236
0.00257236
0.00257236
0.00257236
0.00257237
0.00257237
0.00257237
0.00257238
0.00257238
0.00257238
0.00257239
0.00257239
0.00257239
0.00257242
0.00257242
0.00257242
0.00257245
0.00257245
0.00257245
0.00257251
0.00257251
0.00257251
0.0025726
0.0025726
0.0025726
0.00257273
0.00257273
0.00257273
0.00257293
0.00257293
0.00257293
0.00257323
0.00257323
0.00257323
0.0025737
0.0025737
0.0025737
0.00257441
0.00257441
0.00257441
0.0025755
0.0025755
0.0025755
0.00257717
0.00257717
0.00257717
0.00257972
0.00257972
0.00257972
0.00258361
0.00258361
0.00258361
0.00258956
0.00258956
0.00258956
0.00259865
0.00259865
0.00259865
0.00261255
0.00261255
0.00261255
0.00263379
0.00263379
0.00263379
)
;
    }
    baffle_slave
    {
        type            calculated;
        value           nonuniform List<scalar> 
150
(
0.000814155
0.000815151
0.00081515
0.000802304
0.000803324
0.000803323
0.000791229
0.000792266
0.000792266
0.000780175
0.000781226
0.000781226
0.00076911
0.00077017
0.00077017
0.000758006
0.00075907
0.00075907
0.000746835
0.000747899
0.000747899
0.000735576
0.000736635
0.000736635
0.000724211
0.000725261
0.000725261
0.00071273
0.000713765
0.000713765
0.00070113
0.000702145
0.000702145
0.000689417
0.000690409
0.000690409
0.000677622
0.000678583
0.000678583
0.000665806
0.000666732
0.000666732
0.000654095
0.000654981
0.000654982
0.000642728
0.000643569
0.000643569
0.00063214
0.000632931
0.000632932
0.000623118
0.000623854
0.000623855
0.000617064
0.00061774
0.000617741
0.000616458
0.000617068
0.000617068
0.000625567
0.000626099
0.0006261
0.000651236
0.000651673
0.000651673
0.000702683
0.000702994
0.000702993
0.000788605
0.000788752
0.000788751
0.000915353
0.000915315
0.000915313
0.000815151
0.000814155
0.000815151
0.000803324
0.000802304
0.000803324
0.000792266
0.000791229
0.000792266
0.000781226
0.000780175
0.000781226
0.00077017
0.00076911
0.00077017
0.00075907
0.000758006
0.00075907
0.000747899
0.000746835
0.000747899
0.000736635
0.000735576
0.000736635
0.000725261
0.000724211
0.000725261
0.000713765
0.00071273
0.000713765
0.000702145
0.00070113
0.000702145
0.000690409
0.000689417
0.000690409
0.000678583
0.000677622
0.000678583
0.000666732
0.000665806
0.000666732
0.000654981
0.000654095
0.000654981
0.000643569
0.000642728
0.000643569
0.000632931
0.00063214
0.000632931
0.000623854
0.000623118
0.000623854
0.00061774
0.000617064
0.00061774
0.000617068
0.000616458
0.000617068
0.000626099
0.000625567
0.000626099
0.000651673
0.000651236
0.000651673
0.000702994
0.000702683
0.000702994
0.000788752
0.000788605
0.000788752
0.000915315
0.000915352
0.000915315
)
;
    }
}


// ************************************************************************* //
