/*--------------------------------*- C++ -*----------------------------------*\
| =========                 |                                                 |
| \\      /  F ield         | OpenFOAM: The Open Source CFD Toolbox           |
|  \\    /   O peration     | Version:  2212                                  |
|   \\  /    A nd           | Website:  www.openfoam.com                      |
|    \\/     M anipulation  |                                                 |
\*---------------------------------------------------------------------------*/
FoamFile
{
    version     2.0;
    format      ascii;
    arch        "LSB;label=32;scalar=64";
    class       surfaceScalarField;
    location    "12/fluidRegion";
    object      alphaRhoPhi;
}
// * * * * * * * * * * * * * * * * * * * * * * * * * * * * * * * * * * * * * //

dimensions      [1 0 -1 0 0 0 0];

oriented        oriented;

internalField   nonuniform List<scalar> 
661
(
-0.00581521
1.52144e-14
-0.00581521
2.03251e-14
-0.00581521
2.38801e-14
-0.00581521
2.38613e-14
-0.00581521
1.98535e-14
-0.00581521
1.93754e-14
-0.00581521
2.19609e-14
-0.00581521
1.03444e-14
-0.00581521
2.16872e-14
-0.00581521
1.50004e-14
-0.00581521
1.66197e-14
-0.00581521
1.93214e-14
-0.00581521
1.1967e-14
-0.00581521
1.42984e-14
-0.00581521
1.66014e-14
-0.00581521
3.71337e-15
-0.00581521
9.17029e-15
-0.00581521
6.18057e-15
-0.00581521
1.30261e-14
-0.00581521
1.38134e-14
-0.00581521
1.47431e-14
-0.00581521
1.72453e-14
-0.00581521
2.59593e-14
-0.00581521
1.44235e-15
-1.76972e-13
-0.00581521
-0.00581521
-0.00581521
-0.00581521
-0.00581521
-0.00581521
-0.00581521
-0.00581521
-0.00581521
-0.00581521
-0.00581521
-0.00581521
-0.00581521
-0.00581521
-0.00581521
-0.00581521
-0.00581521
-0.00581521
-0.00581521
-0.00581521
-0.00581521
-0.00581521
-0.00581521
-0.00581521
-0.00817356
3.96474e-07
-0.00817395
5.0432e-07
-0.00817438
5.16429e-07
-0.00817475
4.29548e-07
-0.00817506
3.4682e-07
-0.00817531
2.61468e-07
-0.00817549
1.72533e-07
-0.00817561
7.81424e-08
-0.00817565
-2.27255e-08
-0.00817561
-1.30703e-07
-0.00817548
-2.46044e-07
-0.00817526
-3.69721e-07
-0.00817492
-5.00701e-07
-0.00817448
-6.40009e-07
-0.00817391
-7.87099e-07
-0.0081732
-9.44734e-07
-0.00817235
-1.11393e-06
-0.00817133
-1.29909e-06
-0.00817013
-1.50032e-06
-0.00816872
-1.71693e-06
-0.0081671
-1.93543e-06
-0.00816528
-2.12878e-06
-0.00816333
-2.23558e-06
-0.00816141
-2.13546e-06
-1.22814e-06
-0.00812866
-7.57877e-08
-7.94395e-08
-0.00812786
-1.64694e-07
-1.69924e-07
-0.00812711
-1.40462e-07
-1.43235e-07
-0.00812649
-1.15272e-07
-1.1653e-07
-0.00812601
-9.10965e-08
-9.08454e-08
-0.00812566
-6.62486e-08
-6.6008e-08
-0.00812546
-3.99262e-08
-3.97208e-08
-0.0081254
-1.19906e-08
-1.25428e-08
-0.00812551
1.79739e-08
1.73799e-08
-0.00812578
5.06883e-08
4.94734e-08
-0.00812625
8.62216e-08
8.54988e-08
-0.00812691
1.24565e-07
1.23584e-07
-0.0081278
1.66227e-07
1.66294e-07
-0.00812891
2.10878e-07
2.10979e-07
-0.00813028
2.59419e-07
2.60914e-07
-0.00813191
3.11823e-07
3.13436e-07
-0.00813384
3.69769e-07
3.72834e-07
-0.00813608
4.3355e-07
4.36486e-07
-0.00813868
5.04692e-07
5.08567e-07
-0.00814166
5.81026e-07
5.84026e-07
-0.00814503
6.58503e-07
6.61385e-07
-0.00814872
7.22756e-07
7.24003e-07
-0.00815257
7.43963e-07
7.42729e-07
-0.00815619
6.77859e-07
6.70992e-07
6.42193e-07
6.34257e-07
-0.00818105
3.79966e-07
-0.00818169
5.80369e-07
-0.00818228
5.216e-07
-0.00818277
4.28159e-07
-0.00818318
3.36343e-07
-0.00818349
2.42995e-07
-0.00818369
1.45524e-07
-0.0081838
4.27952e-08
-0.00818379
-6.7346e-08
-0.00818365
-1.84803e-07
-0.00818338
-3.11381e-07
-0.00818296
-4.46194e-07
-0.00818238
-5.9014e-07
-0.00818163
-7.42197e-07
-0.00818069
-9.04229e-07
-0.00817955
-1.07658e-06
-0.00817818
-1.26324e-06
-0.00817657
-1.46547e-06
-0.00817468
-1.6864e-06
-0.0081725
-1.92001e-06
-0.00817
-2.15268e-06
-0.00816724
-2.34335e-06
-0.00816436
-2.41314e-06
-0.00816171
-2.20429e-06
-1.72206e-06
-0.00813874
1.30266e-10
-0.00813822
-2.58199e-10
-0.00813776
9.96294e-11
-0.00813739
1.47251e-11
-0.0081371
2.4511e-11
-0.00813691
1.32824e-11
-0.00813681
-4.28307e-12
-0.00813681
1.37328e-11
-0.00813692
3.4964e-11
-0.00813714
2.5786e-11
-0.00813748
5.88154e-11
-0.00813796
9.25738e-11
-0.00813858
1.4501e-10
-0.00813935
1.62498e-10
-0.00814028
1.62886e-10
-0.00814139
1.22003e-10
-0.0081427
9.55723e-11
-0.00814421
1.55319e-10
-0.00814595
1.40878e-10
-0.00814793
1.71158e-10
-0.00815016
1.57574e-10
-0.00815259
1.28874e-11
-0.00815511
-6.2798e-10
-0.00815743
-1.16176e-09
8.27414e-10
-0.00813875
-3.79891e-07
-0.00813823
-5.80842e-07
-0.00813777
-5.21267e-07
-0.0081374
-4.28029e-07
-0.00813711
-3.36276e-07
-0.00813692
-2.42985e-07
-0.00813682
-1.45567e-07
-0.00813682
-4.27936e-08
-0.00813693
6.73772e-08
-0.00813715
1.84855e-07
-0.00813749
3.11501e-07
-0.00813797
4.464e-07
-0.00813859
5.90437e-07
-0.00813936
7.42535e-07
-0.00814029
9.04556e-07
-0.0081414
1.07685e-06
-0.00814271
1.26347e-06
-0.00814422
1.4658e-06
-0.00814596
1.68668e-06
-0.00814794
1.92033e-06
-0.00815017
2.15292e-06
-0.0081526
2.34334e-06
-0.00815512
2.41191e-06
-0.00815744
2.20191e-06
1.7241e-06
-0.00818105
7.39609e-08
-0.0081817
1.62798e-07
-0.00818229
1.39087e-07
-0.00818278
1.14484e-07
-0.00818318
9.11714e-08
-0.00818349
6.59609e-08
-0.0081837
3.99083e-08
-0.0081838
1.12544e-08
-0.00818379
-1.83882e-08
-0.00818366
-5.18011e-08
-0.00818338
-8.67285e-08
-0.00818296
-1.25656e-07
-0.00818238
-1.66371e-07
-0.00818163
-2.11597e-07
-0.00818069
-2.58965e-07
-0.00817955
-3.12078e-07
-0.00817819
-3.68699e-07
-0.00817657
-4.33362e-07
-0.00817468
-5.03225e-07
-0.00817249
-5.80926e-07
-0.00817
-6.574e-07
-0.00816724
-7.23397e-07
-0.00816436
-7.44081e-07
-0.0081617
-6.80928e-07
-6.50767e-07
-0.00812866
-4.00024e-07
-7.88482e-08
-0.00812786
-5.08082e-07
-1.68606e-07
-0.00812711
-5.17852e-07
-1.43107e-07
-0.00812649
-4.29914e-07
-1.16494e-07
-0.00812601
-3.46012e-07
-9.1126e-08
-0.00812566
-2.61208e-07
-6.61299e-08
-0.00812546
-1.72034e-07
-3.98963e-08
-0.0081254
-7.86501e-08
-1.24988e-08
-0.00812551
2.26396e-08
1.72826e-08
-0.00812578
1.29674e-07
4.96004e-08
-0.00812625
2.45955e-07
8.53166e-08
-0.00812691
3.68846e-07
1.23555e-07
-0.0081278
5.01305e-07
1.65799e-07
-0.00812891
6.39805e-07
2.10636e-07
-0.00813028
7.88745e-07
2.60058e-07
-0.00813191
9.45342e-07
3.12799e-07
-0.00813384
1.11662e-06
3.71651e-07
-0.00813608
1.30041e-06
4.35488e-07
-0.00813868
1.5036e-06
5.07072e-07
-0.00814166
1.71813e-06
5.82873e-07
-0.00814503
1.93806e-06
6.59938e-07
-0.00814872
2.12877e-06
7.23106e-07
-0.00815257
2.23581e-06
7.42409e-07
-0.00815619
2.13145e-06
6.71594e-07
1.22035e-06
6.33183e-07
-0.00817356
-0.00817395
-0.00817438
-0.00817475
-0.00817506
-0.00817531
-0.0081755
-0.00817561
-0.00817565
-0.00817561
-0.00817548
-0.00817526
-0.00817492
-0.00817448
-0.00817391
-0.0081732
-0.00817235
-0.00817133
-0.00817013
-0.00816872
-0.0081671
-0.00816528
-0.00816333
-0.00816141
-0.00813874
-3.80346e-07
5.17859e-10
-0.00813822
-5.80595e-07
-5.43823e-10
-0.00813776
-5.21529e-07
1.81581e-10
-0.00813739
-4.28035e-07
-1.6922e-10
-0.0081371
-3.36063e-07
7.20554e-11
-0.00813691
-2.42995e-07
-2.02719e-10
-0.00813681
-1.45412e-07
8.23106e-11
-0.00813681
-4.29536e-08
-1.84273e-10
-0.00813692
6.73796e-08
1.55949e-10
-0.00813714
1.84564e-07
-1.49517e-10
-0.00813748
3.11392e-07
2.91063e-10
-0.00813796
4.45969e-07
-1.06268e-10
-0.00813858
5.90243e-07
3.93028e-10
-0.00813935
7.41956e-07
-2.27702e-11
-0.00814028
9.04287e-07
6.02427e-10
-0.00814139
1.07608e-06
2.37681e-10
-0.0081427
1.26304e-06
9.68397e-10
-0.00814421
1.46463e-06
5.85496e-10
-0.00814595
1.68585e-06
1.38544e-09
-0.00814793
1.91853e-06
1.22151e-09
-0.00815016
2.15141e-06
1.99159e-09
-0.00815259
2.3407e-06
2.18401e-09
-0.00815511
2.41017e-06
2.81371e-09
-0.00815743
2.19973e-06
3.54205e-09
1.71753e-06
3.97897e-09
-0.00818105
-0.00818169
-0.00818228
-0.00818277
-0.00818318
-0.00818349
-0.0081837
-0.0081838
-0.00818379
-0.00818365
-0.00818338
-0.00818296
-0.00818238
-0.00818163
-0.00818069
-0.00817955
-0.00817818
-0.00817657
-0.00817468
-0.0081725
-0.00817
-0.00816724
-0.00816436
-0.00816171
-0.00818105
3.7563e-07
-0.0081817
5.76036e-07
-0.00818229
5.1893e-07
-0.00818278
4.26948e-07
-0.00818318
3.36926e-07
-0.00818349
2.42905e-07
-0.0081837
1.45939e-07
-0.0081838
4.17432e-08
-0.00818379
-6.77838e-08
-0.00818366
-1.86684e-07
-0.00818338
-3.11988e-07
-0.00818296
-4.48107e-07
-0.00818238
-5.90051e-07
-0.00818163
-7.43411e-07
-0.00818069
-9.02839e-07
-0.00817955
-1.07675e-06
-0.00817819
-1.26046e-06
-0.00817657
-1.46489e-06
-0.00817468
-1.68302e-06
-0.00817249
-1.91989e-06
-0.00817
-2.15047e-06
-0.00816724
-2.34514e-06
-0.00816436
-2.41379e-06
-0.00816171
-2.21125e-06
-1.73781e-06
-0.00813875
-0.00813823
-0.00813777
-0.0081374
-0.00813711
-0.00813692
-0.00813682
-0.00813682
-0.00813693
-0.00813715
-0.00813749
-0.00813797
-0.00813859
-0.00813936
-0.00814029
-0.0081414
-0.00814271
-0.00814422
-0.00814596
-0.00814794
-0.00815017
-0.0081526
-0.00815512
-0.00815744
)
;

boundaryField
{
    outletCentralUnloaded
    {
        type            calculated;
        value           nonuniform List<scalar> 2(0.00581521 0.00581521);
    }
    inletCentralUnloaded
    {
        type            calculated;
        value           nonuniform List<scalar> 2(-0.00587354 -0.00587354);
    }
    outletFuelElement
    {
        type            calculated;
        value           nonuniform List<scalar> 
12
(
0.00817327
0.00812917
0.0081807
0.00813906
0.00813907
0.00818071
0.00812917
0.00817327
0.00813906
0.0081807
0.00818071
0.00813907
)
;
    }
    inletFuelElement
    {
        type            calculated;
        value           nonuniform List<scalar> 
12
(
-0.00851176
-0.00851177
-0.00851176
-0.00851176
-0.00851177
-0.00851176
-0.00851177
-0.00851176
-0.00851176
-0.00851176
-0.00851176
-0.00851177
)
;
    }
    defaultFaces
    {
        type            calculated;
        value           nonuniform List<scalar> 
450
(
1.38137e-23
-1.60809e-23
0
1.83706e-23
2.6709e-24
0
1.57925e-23
7.82076e-24
0
-3.11157e-23
-2.20851e-23
0
-6.94448e-24
-2.81711e-23
0
-1.49514e-23
-7.26032e-24
0
-1.26701e-23
-5.60801e-24
0
-7.12418e-24
-3.08628e-24
0
1.32254e-24
1.17938e-25
0
7.30419e-24
3.70195e-24
0
1.73342e-23
7.34527e-24
0
2.42242e-23
1.67528e-23
0
3.76271e-23
1.45391e-23
0
4.95096e-23
3.82952e-23
0
5.86245e-23
2.5983e-23
0
6.52186e-23
2.06609e-23
0
6.42395e-23
-1.23899e-23
0
6.6545e-23
3.09473e-23
0
8.32973e-23
-5.62868e-23
0
-4.68052e-23
-8.61388e-23
0
-4.52901e-23
-5.16485e-23
0
1.09008e-22
-1.26527e-22
0
-7.93921e-23
2.46416e-23
0
-6.84587e-23
-3.41036e-23
0
-3.6447e-23
-5.94697e-23
0
1.65017e-23
0
3.30337e-23
0
-8.32408e-24
0
1.2674e-23
0
0
0
8.89294e-24
0
5.76458e-24
0
1.20474e-24
0
0
0
-8.07995e-24
0
-5.76555e-24
0
-1.86745e-23
0
-2.03459e-23
0
-2.23793e-23
0
-4.14409e-23
0
-3.72274e-23
0
5.28423e-23
0
-6.0716e-23
0
2.82478e-23
0
-9.97879e-23
0
-7.92576e-23
0
7.15183e-23
0
5.76882e-23
0
-1.04472e-22
0
-6.21129e-23
0
0
0
0
0
8.55435e-24
-4.40326e-24
-4.5665e-24
0
-2.51239e-24
2.66705e-24
5.70998e-24
0
0
1.47864e-23
0
3.69264e-23
-6.29326e-23
2.41188e-23
-2.8074e-23
-3.30863e-23
3.9457e-23
-9.50455e-23
-8.63445e-23
0
-2.0698e-23
0
0
0
0
0
0
0
0
0
0
0
0
0
0
0
0
0
0
0
0
0
0
0
0
0
-6.18813e-24
1.23763e-23
0
1.65169e-23
1.24861e-23
2.91343e-23
-1.68986e-23
-8.44931e-24
1.29559e-23
-8.63728e-24
-8.89294e-24
-6.66971e-24
-4.61167e-24
-4.61167e-24
-1.20474e-24
-6.0237e-25
-5.07459e-24
1.90297e-24
5.38664e-24
4.03998e-24
8.64832e-24
5.76555e-24
1.86745e-23
9.33724e-24
2.03459e-23
6.78195e-24
2.9839e-23
2.23793e-23
2.48645e-23
2.48645e-23
2.79206e-23
4.65343e-23
-3.17054e-23
6.34108e-23
4.85728e-23
3.64296e-23
-1.27115e-22
7.06196e-23
-8.31565e-23
-6.65252e-23
0
-9.9072e-23
-1.19197e-22
1.19197e-22
-2.88441e-23
-5.76882e-23
0
-5.22362e-23
-8.28172e-23
-6.21129e-23
9.0977e-24
0
0
1.16057e-23
0
-8.24523e-24
1.49644e-23
0
-3.32419e-23
-3.55005e-23
0
8.43526e-24
1.00764e-23
0
-4.31136e-24
-2.77007e-23
0
4.4389e-24
-1.44238e-23
0
6.90566e-24
-7.79468e-24
0
1.20268e-24
1.39321e-24
-0
9.49862e-25
1.35518e-23
-0
2.68876e-24
2.44541e-23
-0
0
3.39924e-23
-0
0
5.15506e-23
-0
-6.77119e-24
6.28601e-23
-0
0
8.13078e-23
-0
-1.65521e-23
1.03106e-22
-0
-3.71761e-23
4.80642e-23
-0
-2.11099e-23
9.74094e-23
-0
-2.4258e-23
9.68289e-23
-0
-2.82186e-23
-6.05928e-23
-0
3.3233e-23
-1.78458e-23
-0
3.96001e-23
7.07066e-23
-0
4.76529e-23
-7.35322e-23
-0
-2.88337e-23
-2.52119e-23
-0
3.48176e-23
-5.29893e-23
-0
6.21096e-23
0
-8.18386e-24
8.24702e-24
0
8.55435e-24
-4.40326e-24
-2.28325e-24
-5.96451e-25
0
2.66705e-24
5.70998e-24
0
0
1.47864e-23
1.64347e-23
1.84632e-23
-6.29326e-23
0
-8.42219e-23
-3.30863e-23
-7.89141e-23
-9.50455e-23
-8.63445e-23
0
2.0698e-23
8.25084e-24
0
2.47753e-23
0
4.16204e-24
0
1.68986e-23
0
-4.31864e-24
0
8.89294e-24
0
4.61167e-24
0
1.50593e-24
0
-6.34324e-25
-0
-8.07996e-24
-0
-1.15311e-23
-0
-1.86745e-23
-0
-2.03459e-23
-0
-2.9839e-23
-0
-1.65764e-23
-0
-4.65343e-23
-0
5.28424e-23
-0
-3.64296e-23
-0
7.06196e-23
-0
-8.31565e-23
-0
-5.94432e-23
-0
1.19197e-22
-0
0
-0
-1.04472e-22
-0
-8.28172e-23
-0
-8.25084e-24
4.12542e-24
-1.65169e-23
2.47753e-23
-1.66482e-23
1.24861e-23
-8.44931e-24
-2.95726e-23
0
8.63728e-24
-2.22324e-24
-2.00091e-23
-4.61167e-24
-1.03762e-23
-9.03555e-25
-3.61422e-24
0
3.80594e-24
5.38664e-24
1.21199e-23
2.88277e-24
2.5945e-23
1.24496e-23
3.73489e-23
6.78195e-24
4.74737e-23
2.23793e-23
6.71378e-23
2.48645e-23
7.45936e-23
3.72274e-23
9.30685e-23
0
7.39793e-23
2.42864e-23
1.21432e-22
-1.41239e-23
8.47435e-23
0
-4.98939e-23
0
-5.94432e-23
0
1.43037e-22
8.65323e-23
-8.65323e-23
0
-5.22362e-23
0
-5.17608e-23
-0
-0
-0
-0
-0
-0
-0
-0
0
0
0
0
0
0
0
0
0
0
0
0
0
0
0
0
0
)
;
    }
    baffle_master
    {
        type            calculated;
        value           nonuniform List<scalar> 
150
(
-2.64176e-32
0
2.42641e-31
-9.14144e-32
0
-2.42661e-31
2.33632e-31
0
0
-2.22653e-31
0
4.85401e-31
1.01359e-30
0
7.2816e-31
-1.88979e-31
0
-2.4274e-31
4.0413e-32
0
0
-1.17489e-31
0
-2.42779e-31
-1.56138e-31
0
0
-5.78332e-32
0
2.42818e-31
3.19782e-32
0
1.21419e-31
-1.85054e-31
0
0
-2.65958e-32
0
-2.42877e-31
9.15001e-32
0
2.42897e-31
1.38205e-31
0
0
4.03266e-32
0
-1.21468e-31
-3.23359e-31
0
-2.42956e-31
-5.21402e-32
0
0
-3.96564e-31
0
-3.64493e-31
4.83432e-32
0
0
-6.25295e-32
0
-1.21517e-31
8.65078e-31
0
7.29164e-31
-1.14115e-31
0
2.43074e-31
-6.75443e-32
0
-1.21547e-31
1.04592e-30
0
0
0
5.68787e-31
-0
0
6.57454e-31
-0
0
5.4872e-31
-0
0
1.27453e-30
-0
2.4272e-31
-3.64599e-31
-0
-4.8548e-31
4.20602e-31
-0
0
6.30043e-31
-0
-4.85558e-31
6.18158e-31
-0
7.28397e-31
5.29003e-31
-0
0
6.9943e-31
-0
0
2.88896e-31
-0
-2.42858e-31
6.5981e-31
-0
0
6.87696e-31
-0
-1.21449e-31
3.15956e-31
-0
-4.85834e-31
5.04344e-31
-0
-2.42936e-31
2.94166e-31
-0
1.82217e-31
1.176e-31
-0
-2.42976e-31
4.59243e-31
-0
2.42995e-31
-2.08973e-32
-0
-1.21508e-31
-2.84131e-31
-0
-1.21517e-31
-1.5163e-31
-0
2.43055e-31
-1.05322e-30
-0
4.86149e-31
6.43344e-31
-0
-1.21547e-31
-2.05333e-31
-0
0
2.68978e-30
0
)
;
    }
    baffle_slave
    {
        type            calculated;
        value           nonuniform List<scalar> 
150
(
-1.02018e-24
-0
0
-2.80713e-24
-0
0
3.60006e-24
-0
8.24702e-24
3.58809e-25
-0
1.6739e-23
-1.49354e-23
-0
-1.28315e-23
-2.74557e-24
-0
0
-1.42364e-24
-0
0
-1.48756e-25
-0
-5.96451e-25
0
0
1.2562e-24
4.15734e-25
0
0
-1.78016e-24
0
5.70998e-24
1.15342e-24
0
0
-8.38016e-25
0
-1.34387e-23
3.919e-24
0
0
2.30626e-24
0
0
-5.75821e-25
0
0
-7.29572e-23
0
-6.29326e-23
-6.11343e-24
0
0
-6.38363e-23
0
-5.61479e-23
-1.93609e-25
0
0
-1.38566e-23
0
0
7.82743e-23
0
9.50455e-23
-1.4383e-23
0
-5.7563e-23
-1.95612e-23
0
0
1.29353e-24
0
0
-2.99959e-24
8.67156e-24
0
-1.2185e-23
1.12285e-23
0
-2.10668e-24
8.61444e-24
0
-1.39111e-23
1.37652e-23
0
-8.88774e-24
-1.25351e-23
0
-1.7349e-24
6.17753e-24
0
-4.22367e-24
5.12511e-24
0
-1.15021e-24
2.23135e-24
0
-1.16561e-24
-3.13298e-25
0
3.79932e-24
-2.74384e-24
0
2.72728e-24
-7.47667e-24
0
7.4077e-24
-9.90022e-24
0
1.14048e-23
-1.15227e-23
0
1.92005e-23
-1.71744e-23
0
1.22022e-23
-1.97313e-23
0
3.28942e-23
-2.16653e-23
0
-4.84508e-23
-2.91174e-23
0
5.60264e-23
-1.93514e-23
0
-5.52236e-23
1.91618e-24
0
2.2128e-23
2.98159e-23
0
5.83107e-23
2.83291e-23
0
-9.68324e-23
8.38388e-23
0
-7.44049e-23
-6.29255e-23
0
1.91227e-23
4.45561e-23
0
6.17624e-24
1.03482e-23
0
)
;
    }
}


// ************************************************************************* //
