/*--------------------------------*- C++ -*----------------------------------*\
| =========                 |                                                 |
| \\      /  F ield         | OpenFOAM: The Open Source CFD Toolbox           |
|  \\    /   O peration     | Version:  2212                                  |
|   \\  /    A nd           | Website:  www.openfoam.com                      |
|    \\/     M anipulation  |                                                 |
\*---------------------------------------------------------------------------*/
FoamFile
{
    version     2.0;
    format      ascii;
    arch        "LSB;label=32;scalar=64";
    class       volScalarField;
    location    "12/fluidRegion";
    object      dgdt;
}
// * * * * * * * * * * * * * * * * * * * * * * * * * * * * * * * * * * * * * //

dimensions      [0 0 -1 0 0 0 0];

internalField   nonuniform List<scalar> 
350
(
0.00522911
0.00519955
0.00518376
0.00517072
0.00515942
0.00514894
0.00513853
0.00512759
0.00511561
0.00510215
0.00508682
0.00506926
0.00504914
0.00502621
0.00500032
0.00497149
0.00493997
0.0049063
0.00487137
0.00483645
0.00480313
0.00477327
0.0046948
0.00454819
0.00204799
0.00522911
0.00519955
0.00518376
0.00517072
0.00515942
0.00514894
0.00513853
0.00512759
0.00511561
0.00510215
0.00508682
0.00506926
0.00504914
0.00502621
0.00500032
0.00497149
0.00493997
0.0049063
0.00487138
0.00483645
0.00480314
0.00477328
0.00469482
0.0045482
0.00204797
2.87085
4.15113
10.7139
17.0867
23.1743
28.8863
34.138
38.8511
42.955
46.3877
49.0985
51.0498
52.2199
52.6031
52.2098
51.0637
49.199
46.6562
43.4819
39.7238
35.4394
30.6985
25.5924
20.2203
20.3628
2.74111
3.90503
10.5355
16.9768
23.1327
28.9119
34.2291
39.0049
43.1673
46.6531
49.41
51.3996
52.5987
53.0011
52.6168
51.4699
49.5951
47.0334
43.8323
40.0399
35.7143
30.9259
25.7667
20.3374
20.4336
2.88924
4.18579
10.7374
17.0992
23.1758
28.8769
34.1182
38.8215
42.9162
46.3407
49.0444
50.99
52.1558
52.5363
52.1419
50.9963
49.1337
46.5942
43.4245
39.6721
35.3945
30.6614
25.5639
20.2011
20.3511
2.77252
3.96481
10.5799
17.0056
23.1459
28.9097
34.2117
38.9731
43.1219
46.5952
49.3413
51.3219
52.514
52.9117
52.5251
51.3781
49.5053
46.9477
43.7525
39.9678
35.6515
30.8739
25.7268
20.3106
20.4174
2.77252
3.96481
10.5799
17.0056
23.1459
28.9097
34.2117
38.9731
43.1219
46.5952
49.3413
51.3219
52.514
52.9117
52.5251
51.3781
49.5053
46.9477
43.7525
39.9678
35.6515
30.8739
25.7268
20.3106
20.4174
2.88924
4.18578
10.7374
17.0992
23.1758
28.8769
34.1182
38.8215
42.9162
46.3407
49.0444
50.99
52.1558
52.5363
52.1419
50.9963
49.1337
46.5942
43.4245
39.6721
35.3944
30.6614
25.5639
20.2011
20.3511
2.74111
3.90503
10.5355
16.9768
23.1327
28.9119
34.2291
39.0049
43.1673
46.6531
49.41
51.3996
52.5987
53.0011
52.6168
51.4699
49.5951
47.0334
43.8323
40.0399
35.7142
30.9259
25.7667
20.3374
20.4336
2.87086
4.15113
10.7139
17.0867
23.1744
28.8863
34.138
38.8511
42.955
46.3877
49.0985
51.0498
52.2199
52.6031
52.2098
51.0637
49.199
46.6562
43.4819
39.7238
35.4394
30.6985
25.5924
20.2203
20.3628
2.77252
3.96481
10.5799
17.0056
23.1459
28.9097
34.2117
38.973
43.1219
46.5952
49.3413
51.3219
52.514
52.9117
52.5251
51.3781
49.5053
46.9477
43.7525
39.9678
35.6515
30.8739
25.7268
20.3106
20.4174
2.88925
4.18579
10.7374
17.0992
23.1758
28.8769
34.1182
38.8215
42.9162
46.3407
49.0444
50.99
52.1558
52.5363
52.1419
50.9963
49.1337
46.5942
43.4245
39.6721
35.3945
30.6614
25.5639
20.2011
20.3511
2.88924
4.18579
10.7374
17.0992
23.1758
28.8769
34.1182
38.8215
42.9162
46.3407
49.0444
50.99
52.1558
52.5363
52.1419
50.9963
49.1337
46.5942
43.4245
39.6721
35.3944
30.6614
25.5639
20.2011
20.3511
2.77252
3.96481
10.5799
17.0056
23.1459
28.9097
34.2117
38.9731
43.1219
46.5952
49.3413
51.3219
52.514
52.9117
52.5251
51.3781
49.5053
46.9477
43.7525
39.9678
35.6515
30.8739
25.7268
20.3106
20.4174
)
;

boundaryField
{
    outletCentralUnloaded
    {
        type            calculated;
        value           nonuniform List<scalar> 2(0.00522911 0.00522911);
    }
    inletCentralUnloaded
    {
        type            calculated;
        value           nonuniform List<scalar> 2(0.00204799 0.00204797);
    }
    outletFuelElement
    {
        type            calculated;
        value           nonuniform List<scalar> 
12
(
2.87085
2.74111
2.88924
2.77252
2.77252
2.88924
2.74111
2.87086
2.77252
2.88925
2.88924
2.77252
)
;
    }
    inletFuelElement
    {
        type            calculated;
        value           nonuniform List<scalar> 
12
(
20.3628
20.4336
20.3511
20.4174
20.4174
20.3511
20.4336
20.3628
20.4174
20.3511
20.3511
20.4174
)
;
    }
    defaultFaces
    {
        type            calculated;
        value           nonuniform List<scalar> 
450
(
2.87085
2.87085
2.87085
4.15113
4.15113
4.15113
10.7139
10.7139
10.7139
17.0867
17.0867
17.0867
23.1743
23.1743
23.1743
28.8863
28.8863
28.8863
34.138
34.138
34.138
38.8511
38.8511
38.8511
42.955
42.955
42.955
46.3877
46.3877
46.3877
49.0985
49.0985
49.0985
51.0498
51.0498
51.0498
52.2199
52.2199
52.2199
52.6031
52.6031
52.6031
52.2098
52.2098
52.2098
51.0637
51.0637
51.0637
49.199
49.199
49.199
46.6562
46.6562
46.6562
43.4819
43.4819
43.4819
39.7238
39.7238
39.7238
35.4394
35.4394
35.4394
30.6985
30.6985
30.6985
25.5924
25.5924
25.5924
20.2203
20.2203
20.2203
20.3628
20.3628
20.3628
2.88924
2.88924
4.18579
4.18579
10.7374
10.7374
17.0992
17.0992
23.1758
23.1758
28.8769
28.8769
34.1182
34.1182
38.8215
38.8215
42.9162
42.9162
46.3407
46.3407
49.0444
49.0444
50.99
50.99
52.1558
52.1558
52.5363
52.5363
52.1419
52.1419
50.9963
50.9963
49.1337
49.1337
46.5942
46.5942
43.4245
43.4245
39.6721
39.6721
35.3945
35.3945
30.6614
30.6614
25.5639
25.5639
20.2011
20.2011
20.3511
20.3511
2.77252
3.96481
10.5799
17.0056
23.1459
28.9097
34.2117
38.9731
43.1219
46.5952
49.3413
51.3219
52.514
52.9117
52.5251
51.3781
49.5053
46.9477
43.7525
39.9678
35.6515
30.8739
25.7268
20.3106
20.4174
2.77252
3.96481
10.5799
17.0056
23.1459
28.9097
34.2117
38.9731
43.1219
46.5952
49.3413
51.3219
52.514
52.9117
52.5251
51.3781
49.5053
46.9477
43.7525
39.9678
35.6515
30.8739
25.7268
20.3106
20.4174
2.88924
2.88924
4.18578
4.18578
10.7374
10.7374
17.0992
17.0992
23.1758
23.1758
28.8769
28.8769
34.1182
34.1182
38.8215
38.8215
42.9162
42.9162
46.3407
46.3407
49.0444
49.0444
50.99
50.99
52.1558
52.1558
52.5363
52.5363
52.1419
52.1419
50.9963
50.9963
49.1337
49.1337
46.5942
46.5942
43.4245
43.4245
39.6721
39.6721
35.3944
35.3944
30.6614
30.6614
25.5639
25.5639
20.2011
20.2011
20.3511
20.3511
2.87086
2.87086
2.87086
4.15113
4.15113
4.15113
10.7139
10.7139
10.7139
17.0867
17.0867
17.0867
23.1744
23.1744
23.1744
28.8863
28.8863
28.8863
34.138
34.138
34.138
38.8511
38.8511
38.8511
42.955
42.955
42.955
46.3877
46.3877
46.3877
49.0985
49.0985
49.0985
51.0498
51.0498
51.0498
52.2199
52.2199
52.2199
52.6031
52.6031
52.6031
52.2098
52.2098
52.2098
51.0637
51.0637
51.0637
49.199
49.199
49.199
46.6562
46.6562
46.6562
43.4819
43.4819
43.4819
39.7238
39.7238
39.7238
35.4394
35.4394
35.4394
30.6985
30.6985
30.6985
25.5924
25.5924
25.5924
20.2203
20.2203
20.2203
20.3628
20.3628
20.3628
2.77252
3.96481
10.5799
17.0056
23.1459
28.9097
34.2117
38.973
43.1219
46.5952
49.3413
51.3219
52.514
52.9117
52.5251
51.3781
49.5053
46.9477
43.7525
39.9678
35.6515
30.8739
25.7268
20.3106
20.4174
2.88925
2.88925
4.18579
4.18579
10.7374
10.7374
17.0992
17.0992
23.1758
23.1758
28.8769
28.8769
34.1182
34.1182
38.8215
38.8215
42.9162
42.9162
46.3407
46.3407
49.0444
49.0444
50.99
50.99
52.1558
52.1558
52.5363
52.5363
52.1419
52.1419
50.9963
50.9963
49.1337
49.1337
46.5942
46.5942
43.4245
43.4245
39.6721
39.6721
35.3945
35.3945
30.6614
30.6614
25.5639
25.5639
20.2011
20.2011
20.3511
20.3511
2.88924
2.88924
4.18579
4.18579
10.7374
10.7374
17.0992
17.0992
23.1758
23.1758
28.8769
28.8769
34.1182
34.1182
38.8215
38.8215
42.9162
42.9162
46.3407
46.3407
49.0444
49.0444
50.99
50.99
52.1558
52.1558
52.5363
52.5363
52.1419
52.1419
50.9963
50.9963
49.1337
49.1337
46.5942
46.5942
43.4245
43.4245
39.6721
39.6721
35.3944
35.3944
30.6614
30.6614
25.5639
25.5639
20.2011
20.2011
20.3511
20.3511
2.77252
3.96481
10.5799
17.0056
23.1459
28.9097
34.2117
38.9731
43.1219
46.5952
49.3413
51.3219
52.514
52.9117
52.5251
51.3781
49.5053
46.9477
43.7525
39.9678
35.6515
30.8739
25.7268
20.3106
20.4174
)
;
    }
    baffle_master
    {
        type            calculated;
        value           nonuniform List<scalar> 
150
(
0.00522911
0.00522911
0.00522911
0.00519955
0.00519955
0.00519955
0.00518376
0.00518376
0.00518376
0.00517072
0.00517072
0.00517072
0.00515942
0.00515942
0.00515942
0.00514894
0.00514894
0.00514894
0.00513853
0.00513853
0.00513853
0.00512759
0.00512759
0.00512759
0.00511561
0.00511561
0.00511561
0.00510215
0.00510215
0.00510215
0.00508682
0.00508682
0.00508682
0.00506926
0.00506926
0.00506926
0.00504914
0.00504914
0.00504914
0.00502621
0.00502621
0.00502621
0.00500032
0.00500032
0.00500032
0.00497149
0.00497149
0.00497149
0.00493997
0.00493997
0.00493997
0.0049063
0.0049063
0.0049063
0.00487137
0.00487137
0.00487137
0.00483645
0.00483645
0.00483645
0.00480313
0.00480313
0.00480313
0.00477327
0.00477327
0.00477327
0.0046948
0.0046948
0.0046948
0.00454819
0.00454819
0.00454819
0.00204799
0.00204799
0.00204799
0.00522911
0.00522911
0.00522911
0.00519955
0.00519955
0.00519955
0.00518376
0.00518376
0.00518376
0.00517072
0.00517072
0.00517072
0.00515942
0.00515942
0.00515942
0.00514894
0.00514894
0.00514894
0.00513853
0.00513853
0.00513853
0.00512759
0.00512759
0.00512759
0.00511561
0.00511561
0.00511561
0.00510215
0.00510215
0.00510215
0.00508682
0.00508682
0.00508682
0.00506926
0.00506926
0.00506926
0.00504914
0.00504914
0.00504914
0.00502621
0.00502621
0.00502621
0.00500032
0.00500032
0.00500032
0.00497149
0.00497149
0.00497149
0.00493997
0.00493997
0.00493997
0.0049063
0.0049063
0.0049063
0.00487138
0.00487138
0.00487138
0.00483645
0.00483645
0.00483645
0.00480314
0.00480314
0.00480314
0.00477328
0.00477328
0.00477328
0.00469482
0.00469482
0.00469482
0.0045482
0.0045482
0.0045482
0.00204797
0.00204797
0.00204797
)
;
    }
    baffle_slave
    {
        type            calculated;
        value           nonuniform List<scalar> 
150
(
2.74111
2.77252
2.77252
3.90503
3.96481
3.96481
10.5355
10.5799
10.5799
16.9768
17.0056
17.0056
23.1327
23.1459
23.1459
28.9119
28.9097
28.9097
34.2291
34.2117
34.2117
39.0049
38.9731
38.9731
43.1673
43.1219
43.1219
46.6531
46.5952
46.5952
49.41
49.3413
49.3413
51.3996
51.3219
51.3219
52.5987
52.514
52.514
53.0011
52.9117
52.9117
52.6168
52.5251
52.5251
51.4699
51.3781
51.3781
49.5951
49.5053
49.5053
47.0334
46.9477
46.9477
43.8323
43.7525
43.7525
40.0399
39.9678
39.9678
35.7143
35.6515
35.6515
30.9259
30.8739
30.8739
25.7667
25.7268
25.7268
20.3374
20.3106
20.3106
20.4336
20.4174
20.4174
2.77252
2.74111
2.77252
3.96481
3.90503
3.96481
10.5799
10.5355
10.5799
17.0056
16.9768
17.0056
23.1459
23.1327
23.1459
28.9097
28.9119
28.9097
34.2117
34.2291
34.2117
38.9731
39.0049
38.973
43.1219
43.1673
43.1219
46.5952
46.6531
46.5952
49.3413
49.41
49.3413
51.3219
51.3996
51.3219
52.514
52.5987
52.514
52.9117
53.0011
52.9117
52.5251
52.6168
52.5251
51.3781
51.4699
51.3781
49.5053
49.5951
49.5053
46.9477
47.0334
46.9477
43.7525
43.8323
43.7525
39.9678
40.0399
39.9678
35.6515
35.7142
35.6515
30.8739
30.9259
30.8739
25.7268
25.7667
25.7268
20.3106
20.3374
20.3106
20.4174
20.4336
20.4174
)
;
    }
}


// ************************************************************************* //
