/*--------------------------------*- C++ -*----------------------------------*\
| =========                 |                                                 |
| \\      /  F ield         | OpenFOAM: The Open Source CFD Toolbox           |
|  \\    /   O peration     | Version:  2212                                  |
|   \\  /    A nd           | Website:  www.openfoam.com                      |
|    \\/     M anipulation  |                                                 |
\*---------------------------------------------------------------------------*/
FoamFile
{
    version     2.0;
    format      ascii;
    arch        "LSB;label=32;scalar=64";
    class       volScalarField;
    location    "12/fluidRegion";
    object      htc;
}
// * * * * * * * * * * * * * * * * * * * * * * * * * * * * * * * * * * * * * //

dimensions      [1 0 -3 -1 0 0 0];

internalField   nonuniform List<scalar> 
350
(
3086.75
3086.76
3086.78
3086.8
3086.82
3086.83
3086.85
3086.87
3086.88
3086.9
3086.92
3086.94
3086.95
3086.97
3086.99
3087.01
3087.02
3087.04
3087.06
3087.07
3087.09
3087.11
3087.13
3087.14
3099.58
3086.75
3086.76
3086.78
3086.8
3086.82
3086.83
3086.85
3086.87
3086.88
3086.9
3086.92
3086.94
3086.95
3086.97
3086.99
3087.01
3087.02
3087.04
3087.06
3087.07
3087.09
3087.11
3087.13
3087.14
3099.58
14402.6
14408
14384.3
14299
14152.4
13945.9
13681.3
13361.3
12988.7
12567
12100
11591.9
11046.9
10469.7
9865.49
9240.18
8600.69
7955.42
7314.59
6690.76
6098.96
5556.7
5083.16
4697.46
4384.08
14422.8
14428.4
14405.3
14320
14173.2
13966.3
13701
13380
13006.3
12583.3
12115
11605.4
11059
10480.3
9874.67
9247.86
8606.83
7959.96
7317.53
6692.17
6099.02
5555.75
5081.73
4696.22
4383.61
14399.4
14404.7
14381
14295.6
14149.1
13942.6
13678.2
13358.3
12985.9
12564.4
12097.6
11589.7
11044.9
10467.9
9863.93
9238.84
8599.57
7954.52
7313.92
6690.3
6098.69
5556.55
5083.08
4697.39
4384.04
14418.3
14423.9
14400.6
14315.3
14168.6
13961.7
13696.6
13375.8
13002.3
12579.7
12111.7
11602.4
11056.3
10477.9
9872.63
9246.15
8605.47
7958.96
7316.9
6691.88
6099.04
5556
5082.09
4696.53
4383.73
14418.3
14423.9
14400.6
14315.3
14168.6
13961.7
13696.6
13375.8
13002.3
12579.7
12111.7
11602.4
11056.3
10477.9
9872.63
9246.15
8605.47
7958.96
7316.9
6691.88
6099.04
5556
5082.09
4696.53
4383.73
14399.4
14404.7
14381
14295.6
14149.1
13942.6
13678.2
13358.3
12985.9
12564.4
12097.6
11589.7
11044.9
10467.9
9863.93
9238.84
8599.57
7954.52
7313.92
6690.3
6098.69
5556.55
5083.07
4697.38
4384.04
14422.8
14428.4
14405.3
14320
14173.2
13966.3
13701
13380
13006.3
12583.3
12115
11605.4
11059
10480.3
9874.67
9247.86
8606.83
7959.96
7317.53
6692.17
6099.02
5555.75
5081.73
4696.22
4383.61
14402.6
14408
14384.3
14299
14152.4
13945.9
13681.3
13361.3
12988.7
12567
12100
11591.9
11046.9
10469.7
9865.49
9240.18
8600.69
7955.42
7314.59
6690.76
6098.96
5556.7
5083.16
4697.46
4384.08
14418.3
14423.9
14400.6
14315.3
14168.6
13961.7
13696.6
13375.8
13002.3
12579.7
12111.7
11602.4
11056.3
10477.9
9872.63
9246.15
8605.47
7958.96
7316.9
6691.88
6099.04
5556
5082.09
4696.53
4383.73
14399.4
14404.7
14381
14295.6
14149.1
13942.6
13678.2
13358.3
12985.9
12564.4
12097.6
11589.7
11044.9
10467.9
9863.93
9238.84
8599.57
7954.52
7313.92
6690.3
6098.69
5556.56
5083.08
4697.39
4384.04
14399.4
14404.7
14381
14295.6
14149.1
13942.6
13678.2
13358.3
12985.9
12564.4
12097.6
11589.7
11044.9
10467.9
9863.93
9238.84
8599.57
7954.52
7313.92
6690.3
6098.69
5556.55
5083.07
4697.39
4384.04
14418.3
14423.9
14400.6
14315.3
14168.6
13961.7
13696.6
13375.8
13002.3
12579.7
12111.7
11602.4
11056.3
10477.9
9872.63
9246.15
8605.47
7958.96
7316.9
6691.88
6099.04
5556
5082.09
4696.53
4383.73
)
;

boundaryField
{
    outletCentralUnloaded
    {
        type            zeroGradient;
    }
    inletCentralUnloaded
    {
        type            zeroGradient;
    }
    outletFuelElement
    {
        type            zeroGradient;
    }
    inletFuelElement
    {
        type            zeroGradient;
    }
    defaultFaces
    {
        type            zeroGradient;
    }
    baffle_master
    {
        type            zeroGradient;
    }
    baffle_slave
    {
        type            zeroGradient;
    }
}


// ************************************************************************* //
