/*--------------------------------*- C++ -*----------------------------------*\
| =========                 |                                                 |
| \\      /  F ield         | OpenFOAM: The Open Source CFD Toolbox           |
|  \\    /   O peration     | Version:  2212                                  |
|   \\  /    A nd           | Website:  www.openfoam.com                      |
|    \\/     M anipulation  |                                                 |
\*---------------------------------------------------------------------------*/
FoamFile
{
    version     2.0;
    format      ascii;
    arch        "LSB;label=32;scalar=64";
    class       volTensorField;
    location    "12/fluidRegion";
    object      Kd;
}
// * * * * * * * * * * * * * * * * * * * * * * * * * * * * * * * * * * * * * //

dimensions      [1 -3 -1 0 0 0 0];

internalField   nonuniform List<tensor> 
350
(
(84.3676 0 0 0 84.3676 0 0 0 84.3676)
(84.3676 0 0 0 84.3676 0 0 0 84.3676)
(84.3676 0 0 0 84.3676 0 0 0 84.3676)
(84.3676 0 0 0 84.3676 0 0 0 84.3676)
(84.3676 0 0 0 84.3676 0 0 0 84.3676)
(84.3676 0 0 0 84.3676 0 0 0 84.3676)
(84.3676 0 0 0 84.3676 0 0 0 84.3676)
(84.3676 0 0 0 84.3676 0 0 0 84.3676)
(84.3676 0 0 0 84.3676 0 0 0 84.3676)
(84.3676 0 0 0 84.3676 0 0 0 84.3676)
(84.3676 0 0 0 84.3676 0 0 0 84.3676)
(84.3676 0 0 0 84.3676 0 0 0 84.3676)
(84.3676 0 0 0 84.3676 0 0 0 84.3676)
(84.3676 0 0 0 84.3676 0 0 0 84.3676)
(84.3676 0 0 0 84.3676 0 0 0 84.3676)
(84.3676 0 0 0 84.3676 0 0 0 84.3676)
(84.3676 0 0 0 84.3676 0 0 0 84.3676)
(84.3676 0 0 0 84.3676 0 0 0 84.3676)
(84.3676 0 0 0 84.3676 0 0 0 84.3676)
(84.3676 0 0 0 84.3676 0 0 0 84.3676)
(84.3676 0 0 0 84.3676 0 0 0 84.3676)
(84.3676 0 0 0 84.3676 0 0 0 84.3676)
(84.3676 0 0 0 84.3676 0 0 0 84.3676)
(84.3676 0 0 0 84.3676 0 0 0 84.3676)
(84.6859 0 0 0 84.6859 0 0 0 84.6859)
(84.3676 0 0 0 84.3676 0 0 0 84.3676)
(84.3676 0 0 0 84.3676 0 0 0 84.3676)
(84.3676 0 0 0 84.3676 0 0 0 84.3676)
(84.3676 0 0 0 84.3676 0 0 0 84.3676)
(84.3676 0 0 0 84.3676 0 0 0 84.3676)
(84.3676 0 0 0 84.3676 0 0 0 84.3676)
(84.3676 0 0 0 84.3676 0 0 0 84.3676)
(84.3676 0 0 0 84.3676 0 0 0 84.3676)
(84.3676 0 0 0 84.3676 0 0 0 84.3676)
(84.3676 0 0 0 84.3676 0 0 0 84.3676)
(84.3676 0 0 0 84.3676 0 0 0 84.3676)
(84.3676 0 0 0 84.3676 0 0 0 84.3676)
(84.3676 0 0 0 84.3676 0 0 0 84.3676)
(84.3676 0 0 0 84.3676 0 0 0 84.3676)
(84.3676 0 0 0 84.3676 0 0 0 84.3676)
(84.3676 0 0 0 84.3676 0 0 0 84.3676)
(84.3676 0 0 0 84.3676 0 0 0 84.3676)
(84.3676 0 0 0 84.3676 0 0 0 84.3676)
(84.3676 0 0 0 84.3676 0 0 0 84.3676)
(84.3676 0 0 0 84.3676 0 0 0 84.3676)
(84.3676 0 0 0 84.3676 0 0 0 84.3676)
(84.3676 0 0 0 84.3676 0 0 0 84.3676)
(84.3676 0 0 0 84.3676 0 0 0 84.3676)
(84.3676 0 0 0 84.3676 0 0 0 84.3676)
(84.6859 0 0 0 84.6859 0 0 0 84.6859)
(615.67 0 0 0 615.67 0 0 0 615.67)
(614.385 0 0 0 614.385 0 0 0 614.385)
(614.407 0 0 0 614.407 0 0 0 614.407)
(614.423 0 0 0 614.423 0 0 0 614.423)
(614.431 0 0 0 614.431 0 0 0 614.431)
(614.43 0 0 0 614.43 0 0 0 614.43)
(614.421 0 0 0 614.421 0 0 0 614.421)
(614.404 0 0 0 614.404 0 0 0 614.404)
(614.377 0 0 0 614.377 0 0 0 614.377)
(614.341 0 0 0 614.341 0 0 0 614.341)
(614.295 0 0 0 614.295 0 0 0 614.295)
(614.238 0 0 0 614.238 0 0 0 614.238)
(614.17 0 0 0 614.17 0 0 0 614.17)
(614.089 0 0 0 614.089 0 0 0 614.089)
(613.997 0 0 0 613.997 0 0 0 613.997)
(613.894 0 0 0 613.894 0 0 0 613.894)
(613.786 0 0 0 613.786 0 0 0 613.786)
(613.685 0 0 0 613.685 0 0 0 613.685)
(613.611 0 0 0 613.611 0 0 0 613.611)
(613.609 0 0 0 613.609 0 0 0 613.609)
(613.744 0 0 0 613.744 0 0 0 613.744)
(614.129 0 0 0 614.129 0 0 0 614.129)
(614.913 0 0 0 614.913 0 0 0 614.913)
(616.297 0 0 0 616.297 0 0 0 616.297)
(614.423 0 0 0 614.423 0 0 0 614.423)
(613.188 0 0 0 613.188 0 0 0 613.188)
(611.814 0 0 0 611.814 0 0 0 611.814)
(611.768 0 0 0 611.768 0 0 0 611.768)
(611.723 0 0 0 611.723 0 0 0 611.723)
(611.681 0 0 0 611.681 0 0 0 611.681)
(611.641 0 0 0 611.641 0 0 0 611.641)
(611.605 0 0 0 611.605 0 0 0 611.605)
(611.571 0 0 0 611.571 0 0 0 611.571)
(611.54 0 0 0 611.54 0 0 0 611.54)
(611.514 0 0 0 611.514 0 0 0 611.514)
(611.493 0 0 0 611.493 0 0 0 611.493)
(611.478 0 0 0 611.478 0 0 0 611.478)
(611.468 0 0 0 611.468 0 0 0 611.468)
(611.464 0 0 0 611.464 0 0 0 611.464)
(611.469 0 0 0 611.469 0 0 0 611.469)
(611.485 0 0 0 611.485 0 0 0 611.485)
(611.52 0 0 0 611.52 0 0 0 611.52)
(611.586 0 0 0 611.586 0 0 0 611.586)
(611.709 0 0 0 611.709 0 0 0 611.709)
(611.936 0 0 0 611.936 0 0 0 611.936)
(612.334 0 0 0 612.334 0 0 0 612.334)
(613.018 0 0 0 613.018 0 0 0 613.018)
(614.132 0 0 0 614.132 0 0 0 614.132)
(615.859 0 0 0 615.859 0 0 0 615.859)
(614.295 0 0 0 614.295 0 0 0 614.295)
(616.087 0 0 0 616.087 0 0 0 616.087)
(614.815 0 0 0 614.815 0 0 0 614.815)
(614.848 0 0 0 614.848 0 0 0 614.848)
(614.872 0 0 0 614.872 0 0 0 614.872)
(614.886 0 0 0 614.886 0 0 0 614.886)
(614.89 0 0 0 614.89 0 0 0 614.89)
(614.884 0 0 0 614.884 0 0 0 614.884)
(614.867 0 0 0 614.867 0 0 0 614.867)
(614.838 0 0 0 614.838 0 0 0 614.838)
(614.798 0 0 0 614.798 0 0 0 614.798)
(614.745 0 0 0 614.745 0 0 0 614.745)
(614.679 0 0 0 614.679 0 0 0 614.679)
(614.598 0 0 0 614.598 0 0 0 614.598)
(614.503 0 0 0 614.503 0 0 0 614.503)
(614.391 0 0 0 614.391 0 0 0 614.391)
(614.266 0 0 0 614.266 0 0 0 614.266)
(614.132 0 0 0 614.132 0 0 0 614.132)
(614 0 0 0 614 0 0 0 614)
(613.891 0 0 0 613.891 0 0 0 613.891)
(613.848 0 0 0 613.848 0 0 0 613.848)
(613.936 0 0 0 613.936 0 0 0 613.936)
(614.269 0 0 0 614.269 0 0 0 614.269)
(614.999 0 0 0 614.999 0 0 0 614.999)
(616.333 0 0 0 616.333 0 0 0 616.333)
(614.428 0 0 0 614.428 0 0 0 614.428)
(613.745 0 0 0 613.745 0 0 0 613.745)
(612.392 0 0 0 612.392 0 0 0 612.392)
(612.363 0 0 0 612.363 0 0 0 612.363)
(612.333 0 0 0 612.333 0 0 0 612.333)
(612.303 0 0 0 612.303 0 0 0 612.303)
(612.273 0 0 0 612.273 0 0 0 612.273)
(612.244 0 0 0 612.244 0 0 0 612.244)
(612.215 0 0 0 612.215 0 0 0 612.215)
(612.186 0 0 0 612.186 0 0 0 612.186)
(612.159 0 0 0 612.159 0 0 0 612.159)
(612.133 0 0 0 612.133 0 0 0 612.133)
(612.109 0 0 0 612.109 0 0 0 612.109)
(612.086 0 0 0 612.086 0 0 0 612.086)
(612.066 0 0 0 612.066 0 0 0 612.066)
(612.049 0 0 0 612.049 0 0 0 612.049)
(612.039 0 0 0 612.039 0 0 0 612.039)
(612.041 0 0 0 612.041 0 0 0 612.041)
(612.07 0 0 0 612.07 0 0 0 612.07)
(612.149 0 0 0 612.149 0 0 0 612.149)
(612.324 0 0 0 612.324 0 0 0 612.324)
(612.662 0 0 0 612.662 0 0 0 612.662)
(613.278 0 0 0 613.278 0 0 0 613.278)
(614.316 0 0 0 614.316 0 0 0 614.316)
(615.963 0 0 0 615.963 0 0 0 615.963)
(614.326 0 0 0 614.326 0 0 0 614.326)
(613.745 0 0 0 613.745 0 0 0 613.745)
(612.392 0 0 0 612.392 0 0 0 612.392)
(612.363 0 0 0 612.363 0 0 0 612.363)
(612.333 0 0 0 612.333 0 0 0 612.333)
(612.303 0 0 0 612.303 0 0 0 612.303)
(612.273 0 0 0 612.273 0 0 0 612.273)
(612.244 0 0 0 612.244 0 0 0 612.244)
(612.215 0 0 0 612.215 0 0 0 612.215)
(612.186 0 0 0 612.186 0 0 0 612.186)
(612.159 0 0 0 612.159 0 0 0 612.159)
(612.133 0 0 0 612.133 0 0 0 612.133)
(612.109 0 0 0 612.109 0 0 0 612.109)
(612.086 0 0 0 612.086 0 0 0 612.086)
(612.066 0 0 0 612.066 0 0 0 612.066)
(612.049 0 0 0 612.049 0 0 0 612.049)
(612.039 0 0 0 612.039 0 0 0 612.039)
(612.041 0 0 0 612.041 0 0 0 612.041)
(612.07 0 0 0 612.07 0 0 0 612.07)
(612.149 0 0 0 612.149 0 0 0 612.149)
(612.324 0 0 0 612.324 0 0 0 612.324)
(612.662 0 0 0 612.662 0 0 0 612.662)
(613.278 0 0 0 613.278 0 0 0 613.278)
(614.316 0 0 0 614.316 0 0 0 614.316)
(615.963 0 0 0 615.963 0 0 0 615.963)
(614.326 0 0 0 614.326 0 0 0 614.326)
(616.087 0 0 0 616.087 0 0 0 616.087)
(614.816 0 0 0 614.816 0 0 0 614.816)
(614.848 0 0 0 614.848 0 0 0 614.848)
(614.872 0 0 0 614.872 0 0 0 614.872)
(614.887 0 0 0 614.887 0 0 0 614.887)
(614.89 0 0 0 614.89 0 0 0 614.89)
(614.884 0 0 0 614.884 0 0 0 614.884)
(614.867 0 0 0 614.867 0 0 0 614.867)
(614.838 0 0 0 614.838 0 0 0 614.838)
(614.798 0 0 0 614.798 0 0 0 614.798)
(614.745 0 0 0 614.745 0 0 0 614.745)
(614.679 0 0 0 614.679 0 0 0 614.679)
(614.598 0 0 0 614.598 0 0 0 614.598)
(614.503 0 0 0 614.503 0 0 0 614.503)
(614.391 0 0 0 614.391 0 0 0 614.391)
(614.266 0 0 0 614.266 0 0 0 614.266)
(614.132 0 0 0 614.132 0 0 0 614.132)
(614 0 0 0 614 0 0 0 614)
(613.89 0 0 0 613.89 0 0 0 613.89)
(613.848 0 0 0 613.848 0 0 0 613.848)
(613.935 0 0 0 613.935 0 0 0 613.935)
(614.269 0 0 0 614.269 0 0 0 614.269)
(614.999 0 0 0 614.999 0 0 0 614.999)
(616.332 0 0 0 616.332 0 0 0 616.332)
(614.427 0 0 0 614.427 0 0 0 614.427)
(613.188 0 0 0 613.188 0 0 0 613.188)
(611.814 0 0 0 611.814 0 0 0 611.814)
(611.768 0 0 0 611.768 0 0 0 611.768)
(611.723 0 0 0 611.723 0 0 0 611.723)
(611.681 0 0 0 611.681 0 0 0 611.681)
(611.641 0 0 0 611.641 0 0 0 611.641)
(611.605 0 0 0 611.605 0 0 0 611.605)
(611.571 0 0 0 611.571 0 0 0 611.571)
(611.54 0 0 0 611.54 0 0 0 611.54)
(611.514 0 0 0 611.514 0 0 0 611.514)
(611.493 0 0 0 611.493 0 0 0 611.493)
(611.478 0 0 0 611.478 0 0 0 611.478)
(611.468 0 0 0 611.468 0 0 0 611.468)
(611.464 0 0 0 611.464 0 0 0 611.464)
(611.469 0 0 0 611.469 0 0 0 611.469)
(611.485 0 0 0 611.485 0 0 0 611.485)
(611.52 0 0 0 611.52 0 0 0 611.52)
(611.586 0 0 0 611.586 0 0 0 611.586)
(611.709 0 0 0 611.709 0 0 0 611.709)
(611.936 0 0 0 611.936 0 0 0 611.936)
(612.334 0 0 0 612.334 0 0 0 612.334)
(613.018 0 0 0 613.018 0 0 0 613.018)
(614.132 0 0 0 614.132 0 0 0 614.132)
(615.859 0 0 0 615.859 0 0 0 615.859)
(614.295 0 0 0 614.295 0 0 0 614.295)
(615.67 0 0 0 615.67 0 0 0 615.67)
(614.385 0 0 0 614.385 0 0 0 614.385)
(614.407 0 0 0 614.407 0 0 0 614.407)
(614.423 0 0 0 614.423 0 0 0 614.423)
(614.431 0 0 0 614.431 0 0 0 614.431)
(614.43 0 0 0 614.43 0 0 0 614.43)
(614.421 0 0 0 614.421 0 0 0 614.421)
(614.404 0 0 0 614.404 0 0 0 614.404)
(614.377 0 0 0 614.377 0 0 0 614.377)
(614.341 0 0 0 614.341 0 0 0 614.341)
(614.295 0 0 0 614.295 0 0 0 614.295)
(614.238 0 0 0 614.238 0 0 0 614.238)
(614.17 0 0 0 614.17 0 0 0 614.17)
(614.089 0 0 0 614.089 0 0 0 614.089)
(613.997 0 0 0 613.997 0 0 0 613.997)
(613.894 0 0 0 613.894 0 0 0 613.894)
(613.786 0 0 0 613.786 0 0 0 613.786)
(613.685 0 0 0 613.685 0 0 0 613.685)
(613.611 0 0 0 613.611 0 0 0 613.611)
(613.609 0 0 0 613.609 0 0 0 613.609)
(613.744 0 0 0 613.744 0 0 0 613.744)
(614.129 0 0 0 614.129 0 0 0 614.129)
(614.913 0 0 0 614.913 0 0 0 614.913)
(616.297 0 0 0 616.297 0 0 0 616.297)
(614.423 0 0 0 614.423 0 0 0 614.423)
(613.745 0 0 0 613.745 0 0 0 613.745)
(612.392 0 0 0 612.392 0 0 0 612.392)
(612.363 0 0 0 612.363 0 0 0 612.363)
(612.333 0 0 0 612.333 0 0 0 612.333)
(612.303 0 0 0 612.303 0 0 0 612.303)
(612.273 0 0 0 612.273 0 0 0 612.273)
(612.244 0 0 0 612.244 0 0 0 612.244)
(612.215 0 0 0 612.215 0 0 0 612.215)
(612.186 0 0 0 612.186 0 0 0 612.186)
(612.159 0 0 0 612.159 0 0 0 612.159)
(612.133 0 0 0 612.133 0 0 0 612.133)
(612.109 0 0 0 612.109 0 0 0 612.109)
(612.086 0 0 0 612.086 0 0 0 612.086)
(612.066 0 0 0 612.066 0 0 0 612.066)
(612.049 0 0 0 612.049 0 0 0 612.049)
(612.039 0 0 0 612.039 0 0 0 612.039)
(612.041 0 0 0 612.041 0 0 0 612.041)
(612.07 0 0 0 612.07 0 0 0 612.07)
(612.149 0 0 0 612.149 0 0 0 612.149)
(612.324 0 0 0 612.324 0 0 0 612.324)
(612.662 0 0 0 612.662 0 0 0 612.662)
(613.278 0 0 0 613.278 0 0 0 613.278)
(614.316 0 0 0 614.316 0 0 0 614.316)
(615.963 0 0 0 615.963 0 0 0 615.963)
(614.326 0 0 0 614.326 0 0 0 614.326)
(616.087 0 0 0 616.087 0 0 0 616.087)
(614.815 0 0 0 614.815 0 0 0 614.815)
(614.848 0 0 0 614.848 0 0 0 614.848)
(614.872 0 0 0 614.872 0 0 0 614.872)
(614.886 0 0 0 614.886 0 0 0 614.886)
(614.89 0 0 0 614.89 0 0 0 614.89)
(614.884 0 0 0 614.884 0 0 0 614.884)
(614.867 0 0 0 614.867 0 0 0 614.867)
(614.838 0 0 0 614.838 0 0 0 614.838)
(614.798 0 0 0 614.798 0 0 0 614.798)
(614.745 0 0 0 614.745 0 0 0 614.745)
(614.679 0 0 0 614.679 0 0 0 614.679)
(614.598 0 0 0 614.598 0 0 0 614.598)
(614.503 0 0 0 614.503 0 0 0 614.503)
(614.391 0 0 0 614.391 0 0 0 614.391)
(614.266 0 0 0 614.266 0 0 0 614.266)
(614.132 0 0 0 614.132 0 0 0 614.132)
(614 0 0 0 614 0 0 0 614)
(613.891 0 0 0 613.891 0 0 0 613.891)
(613.848 0 0 0 613.848 0 0 0 613.848)
(613.936 0 0 0 613.936 0 0 0 613.936)
(614.269 0 0 0 614.269 0 0 0 614.269)
(614.999 0 0 0 614.999 0 0 0 614.999)
(616.333 0 0 0 616.333 0 0 0 616.333)
(614.428 0 0 0 614.428 0 0 0 614.428)
(616.087 0 0 0 616.087 0 0 0 616.087)
(614.816 0 0 0 614.816 0 0 0 614.816)
(614.848 0 0 0 614.848 0 0 0 614.848)
(614.872 0 0 0 614.872 0 0 0 614.872)
(614.887 0 0 0 614.887 0 0 0 614.887)
(614.89 0 0 0 614.89 0 0 0 614.89)
(614.884 0 0 0 614.884 0 0 0 614.884)
(614.867 0 0 0 614.867 0 0 0 614.867)
(614.838 0 0 0 614.838 0 0 0 614.838)
(614.798 0 0 0 614.798 0 0 0 614.798)
(614.745 0 0 0 614.745 0 0 0 614.745)
(614.679 0 0 0 614.679 0 0 0 614.679)
(614.598 0 0 0 614.598 0 0 0 614.598)
(614.503 0 0 0 614.503 0 0 0 614.503)
(614.391 0 0 0 614.391 0 0 0 614.391)
(614.266 0 0 0 614.266 0 0 0 614.266)
(614.132 0 0 0 614.132 0 0 0 614.132)
(614 0 0 0 614 0 0 0 614)
(613.89 0 0 0 613.89 0 0 0 613.89)
(613.848 0 0 0 613.848 0 0 0 613.848)
(613.935 0 0 0 613.935 0 0 0 613.935)
(614.269 0 0 0 614.269 0 0 0 614.269)
(614.999 0 0 0 614.999 0 0 0 614.999)
(616.332 0 0 0 616.332 0 0 0 616.332)
(614.427 0 0 0 614.427 0 0 0 614.427)
(613.745 0 0 0 613.745 0 0 0 613.745)
(612.392 0 0 0 612.392 0 0 0 612.392)
(612.363 0 0 0 612.363 0 0 0 612.363)
(612.333 0 0 0 612.333 0 0 0 612.333)
(612.303 0 0 0 612.303 0 0 0 612.303)
(612.273 0 0 0 612.273 0 0 0 612.273)
(612.244 0 0 0 612.244 0 0 0 612.244)
(612.215 0 0 0 612.215 0 0 0 612.215)
(612.186 0 0 0 612.186 0 0 0 612.186)
(612.159 0 0 0 612.159 0 0 0 612.159)
(612.133 0 0 0 612.133 0 0 0 612.133)
(612.109 0 0 0 612.109 0 0 0 612.109)
(612.086 0 0 0 612.086 0 0 0 612.086)
(612.066 0 0 0 612.066 0 0 0 612.066)
(612.049 0 0 0 612.049 0 0 0 612.049)
(612.039 0 0 0 612.039 0 0 0 612.039)
(612.041 0 0 0 612.041 0 0 0 612.041)
(612.07 0 0 0 612.07 0 0 0 612.07)
(612.149 0 0 0 612.149 0 0 0 612.149)
(612.324 0 0 0 612.324 0 0 0 612.324)
(612.662 0 0 0 612.662 0 0 0 612.662)
(613.278 0 0 0 613.278 0 0 0 613.278)
(614.316 0 0 0 614.316 0 0 0 614.316)
(615.963 0 0 0 615.963 0 0 0 615.963)
(614.326 0 0 0 614.326 0 0 0 614.326)
)
;

boundaryField
{
    outletCentralUnloaded
    {
        type            zeroGradient;
    }
    inletCentralUnloaded
    {
        type            zeroGradient;
    }
    outletFuelElement
    {
        type            zeroGradient;
    }
    inletFuelElement
    {
        type            zeroGradient;
    }
    defaultFaces
    {
        type            zeroGradient;
    }
    baffle_master
    {
        type            zeroGradient;
    }
    baffle_slave
    {
        type            zeroGradient;
    }
}


// ************************************************************************* //
