/*--------------------------------*- C++ -*----------------------------------*\
| =========                 |                                                 |
| \\      /  F ield         | OpenFOAM: The Open Source CFD Toolbox           |
|  \\    /   O peration     | Version:  2212                                  |
|   \\  /    A nd           | Website:  www.openfoam.com                      |
|    \\/     M anipulation  |                                                 |
\*---------------------------------------------------------------------------*/
FoamFile
{
    version     2.0;
    format      ascii;
    arch        "LSB;label=32;scalar=64";
    class       volScalarField;
    location    "12/fluidRegion";
    object      nut;
}
// * * * * * * * * * * * * * * * * * * * * * * * * * * * * * * * * * * * * * //

dimensions      [0 2 -1 0 0 0 0];

internalField   nonuniform List<scalar> 
350
(
0.000534613
0.000534569
0.000534526
0.000534483
0.00053444
0.000534397
0.000534355
0.000534313
0.000534272
0.000534232
0.000534194
0.000534159
0.000534128
0.000534103
0.000534088
0.000534088
0.00053411
0.000534167
0.000534277
0.000534468
0.000534783
0.000535287
0.00053608
0.000537315
0.000540722
0.000534613
0.000534569
0.000534526
0.000534483
0.00053444
0.000534397
0.000534355
0.000534313
0.000534272
0.000534232
0.000534194
0.000534159
0.000534128
0.000534103
0.000534088
0.000534088
0.00053411
0.000534167
0.000534277
0.000534468
0.000534783
0.000535287
0.00053608
0.000537315
0.000540722
0.00410773
0.00408351
0.00404098
0.00397086
0.00387433
0.00375299
0.0036088
0.00344405
0.00326136
0.00306357
0.00285379
0.00263524
0.00241129
0.00218531
0.00196066
0.00174059
0.00152825
0.00132661
0.00113847
0.000966469
0.000813054
0.000680386
0.000570116
0.000483126
0.000417116
0.00412409
0.00410013
0.00405786
0.00398776
0.00389106
0.00376936
0.00362463
0.00345918
0.00327562
0.00307685
0.00286596
0.00264623
0.00242103
0.00219378
0.00196787
0.00174657
0.00153307
0.00133035
0.00114124
0.000968405
0.000814303
0.000681105
0.000570467
0.000483261
0.00041717
0.00410501
0.00408075
0.00403821
0.00396809
0.00387159
0.00375032
0.00360622
0.00344159
0.00325904
0.00306142
0.00285181
0.00263346
0.00240971
0.00218393
0.00195948
0.00173961
0.00152746
0.00132599
0.001138
0.000966126
0.00081282
0.000680238
0.000570032
0.000483088
0.000417116
0.00412048
0.00409645
0.00405411
0.003984
0.00388733
0.0037657
0.00362108
0.00345578
0.00327241
0.00307386
0.00286321
0.00264374
0.00241882
0.00219186
0.00196623
0.00174522
0.00153197
0.0013295
0.00114061
0.000967966
0.000814021
0.000680944
0.00057039
0.000483232
0.000417157
0.00412048
0.00409645
0.00405411
0.003984
0.00388733
0.0037657
0.00362108
0.00345578
0.00327241
0.00307386
0.00286321
0.00264374
0.00241882
0.00219186
0.00196623
0.00174522
0.00153197
0.0013295
0.00114061
0.000967966
0.000814021
0.000680944
0.00057039
0.000483232
0.000417157
0.00410501
0.00408075
0.00403821
0.00396809
0.0038716
0.00375032
0.00360622
0.00344159
0.00325904
0.00306142
0.00285181
0.00263346
0.00240971
0.00218393
0.00195948
0.00173961
0.00152746
0.00132599
0.001138
0.000966126
0.00081282
0.000680238
0.000570031
0.000483088
0.000417117
0.00412409
0.00410013
0.00405786
0.00398776
0.00389106
0.00376936
0.00362463
0.00345918
0.00327562
0.00307685
0.00286596
0.00264623
0.00242103
0.00219378
0.00196787
0.00174657
0.00153307
0.00133035
0.00114124
0.000968405
0.000814303
0.000681105
0.000570467
0.000483261
0.00041717
0.00410773
0.00408351
0.00404098
0.00397086
0.00387433
0.00375299
0.0036088
0.00344405
0.00326136
0.00306357
0.00285379
0.00263524
0.00241129
0.00218531
0.00196066
0.00174059
0.00152825
0.00132661
0.00113847
0.000966469
0.000813054
0.000680386
0.000570116
0.000483126
0.000417116
0.00412048
0.00409645
0.00405411
0.003984
0.00388733
0.0037657
0.00362108
0.00345578
0.00327241
0.00307386
0.00286321
0.00264374
0.00241882
0.00219186
0.00196623
0.00174522
0.00153197
0.0013295
0.00114061
0.000967966
0.000814021
0.000680944
0.00057039
0.000483233
0.000417157
0.00410501
0.00408075
0.00403821
0.00396809
0.00387159
0.00375032
0.00360622
0.00344159
0.00325904
0.00306142
0.00285181
0.00263346
0.00240971
0.00218393
0.00195948
0.00173961
0.00152746
0.00132599
0.001138
0.000966126
0.00081282
0.000680238
0.000570031
0.000483088
0.000417116
0.00410501
0.00408075
0.00403821
0.00396809
0.0038716
0.00375032
0.00360622
0.00344159
0.00325904
0.00306142
0.00285181
0.00263346
0.00240971
0.00218393
0.00195948
0.00173961
0.00152746
0.00132599
0.001138
0.000966126
0.00081282
0.000680238
0.000570031
0.000483088
0.000417117
0.00412048
0.00409645
0.00405411
0.003984
0.00388733
0.0037657
0.00362108
0.00345578
0.00327241
0.00307386
0.00286321
0.00264374
0.00241882
0.00219186
0.00196623
0.00174522
0.00153198
0.0013295
0.00114061
0.000967966
0.000814021
0.000680944
0.00057039
0.000483232
0.000417157
)
;

boundaryField
{
    outletCentralUnloaded
    {
        type            zeroGradient;
    }
    inletCentralUnloaded
    {
        type            zeroGradient;
    }
    outletFuelElement
    {
        type            zeroGradient;
    }
    inletFuelElement
    {
        type            zeroGradient;
    }
    defaultFaces
    {
        type            zeroGradient;
    }
    baffle_master
    {
        type            calculated;
        value           nonuniform List<scalar> 
150
(
0.000534613
0.000534613
0.000534613
0.000534569
0.000534569
0.000534569
0.000534526
0.000534526
0.000534526
0.000534483
0.000534483
0.000534483
0.00053444
0.00053444
0.00053444
0.000534397
0.000534397
0.000534397
0.000534355
0.000534355
0.000534355
0.000534313
0.000534313
0.000534313
0.000534272
0.000534272
0.000534272
0.000534232
0.000534232
0.000534232
0.000534194
0.000534194
0.000534194
0.000534159
0.000534159
0.000534159
0.000534128
0.000534128
0.000534128
0.000534103
0.000534103
0.000534103
0.000534088
0.000534088
0.000534088
0.000534088
0.000534088
0.000534088
0.00053411
0.00053411
0.00053411
0.000534167
0.000534167
0.000534167
0.000534277
0.000534277
0.000534277
0.000534468
0.000534468
0.000534468
0.000534783
0.000534783
0.000534783
0.000535287
0.000535287
0.000535287
0.00053608
0.00053608
0.00053608
0.000537315
0.000537315
0.000537315
0.000540722
0.000540722
0.000540722
0.000534613
0.000534613
0.000534613
0.000534569
0.000534569
0.000534569
0.000534526
0.000534526
0.000534526
0.000534483
0.000534483
0.000534483
0.00053444
0.00053444
0.00053444
0.000534397
0.000534397
0.000534397
0.000534355
0.000534355
0.000534355
0.000534313
0.000534313
0.000534313
0.000534272
0.000534272
0.000534272
0.000534232
0.000534232
0.000534232
0.000534194
0.000534194
0.000534194
0.000534159
0.000534159
0.000534159
0.000534128
0.000534128
0.000534128
0.000534103
0.000534103
0.000534103
0.000534088
0.000534088
0.000534088
0.000534088
0.000534088
0.000534088
0.00053411
0.00053411
0.00053411
0.000534167
0.000534167
0.000534167
0.000534277
0.000534277
0.000534277
0.000534468
0.000534468
0.000534468
0.000534783
0.000534783
0.000534783
0.000535287
0.000535287
0.000535287
0.00053608
0.00053608
0.00053608
0.000537315
0.000537315
0.000537315
0.000540722
0.000540722
0.000540722
)
;
    }
    baffle_slave
    {
        type            calculated;
        value           nonuniform List<scalar> 
150
(
0.00412409
0.00412048
0.00412048
0.00410013
0.00409645
0.00409645
0.00405786
0.00405411
0.00405411
0.00398776
0.003984
0.003984
0.00389106
0.00388733
0.00388733
0.00376936
0.0037657
0.0037657
0.00362463
0.00362108
0.00362108
0.00345918
0.00345578
0.00345578
0.00327562
0.00327241
0.00327241
0.00307685
0.00307386
0.00307386
0.00286596
0.00286321
0.00286321
0.00264623
0.00264374
0.00264374
0.00242103
0.00241882
0.00241882
0.00219378
0.00219186
0.00219186
0.00196787
0.00196623
0.00196623
0.00174657
0.00174522
0.00174522
0.00153307
0.00153197
0.00153198
0.00133035
0.0013295
0.0013295
0.00114124
0.00114061
0.00114061
0.000968405
0.000967966
0.000967966
0.000814303
0.000814021
0.000814021
0.000681105
0.000680944
0.000680944
0.000570467
0.00057039
0.00057039
0.000483261
0.000483232
0.000483232
0.00041717
0.000417157
0.000417157
0.00412048
0.00412409
0.00412048
0.00409645
0.00410013
0.00409645
0.00405411
0.00405786
0.00405411
0.003984
0.00398776
0.003984
0.00388733
0.00389106
0.00388733
0.0037657
0.00376936
0.0037657
0.00362108
0.00362463
0.00362108
0.00345578
0.00345918
0.00345578
0.00327241
0.00327562
0.00327241
0.00307386
0.00307685
0.00307386
0.00286321
0.00286596
0.00286321
0.00264374
0.00264623
0.00264374
0.00241882
0.00242103
0.00241882
0.00219186
0.00219378
0.00219186
0.00196623
0.00196787
0.00196623
0.00174522
0.00174657
0.00174522
0.00153197
0.00153307
0.00153197
0.0013295
0.00133035
0.0013295
0.00114061
0.00114124
0.00114061
0.000967966
0.000968405
0.000967966
0.000814021
0.000814303
0.000814021
0.000680944
0.000681105
0.000680944
0.00057039
0.000570467
0.00057039
0.000483232
0.000483261
0.000483233
0.000417157
0.00041717
0.000417157
)
;
    }
}


// ************************************************************************* //
