/*--------------------------------*- C++ -*----------------------------------*\
| =========                 |                                                 |
| \\      /  F ield         | OpenFOAM: The Open Source CFD Toolbox           |
|  \\    /   O peration     | Version:  2212                                  |
|   \\  /    A nd           | Website:  www.openfoam.com                      |
|    \\/     M anipulation  |                                                 |
\*---------------------------------------------------------------------------*/
FoamFile
{
    version     2.0;
    format      ascii;
    arch        "LSB;label=32;scalar=64";
    class       volScalarField;
    location    "12/fluidRegion";
    object      p_rgh;
}
// * * * * * * * * * * * * * * * * * * * * * * * * * * * * * * * * * * * * * //

dimensions      [1 -1 -2 0 0 0 0];

internalField   nonuniform List<scalar> 
350
(
3.44743e+06
3.44772e+06
3.44801e+06
3.4483e+06
3.4486e+06
3.44889e+06
3.44918e+06
3.44948e+06
3.44977e+06
3.45006e+06
3.45035e+06
3.45065e+06
3.45094e+06
3.45123e+06
3.45152e+06
3.45182e+06
3.45211e+06
3.4524e+06
3.4527e+06
3.45299e+06
3.45328e+06
3.45357e+06
3.45387e+06
3.45416e+06
3.45443e+06
3.44743e+06
3.44772e+06
3.44801e+06
3.4483e+06
3.4486e+06
3.44889e+06
3.44918e+06
3.44948e+06
3.44977e+06
3.45006e+06
3.45035e+06
3.45065e+06
3.45094e+06
3.45123e+06
3.45152e+06
3.45182e+06
3.45211e+06
3.4524e+06
3.4527e+06
3.45299e+06
3.45328e+06
3.45357e+06
3.45387e+06
3.45416e+06
3.45443e+06
3.45625e+06
3.47414e+06
3.49214e+06
3.51012e+06
3.52796e+06
3.54554e+06
3.56272e+06
3.57941e+06
3.59548e+06
3.61085e+06
3.62543e+06
3.63914e+06
3.65193e+06
3.66374e+06
3.67456e+06
3.68435e+06
3.69314e+06
3.70092e+06
3.70773e+06
3.71362e+06
3.71863e+06
3.72284e+06
3.72633e+06
3.7292e+06
3.73149e+06
3.45625e+06
3.47414e+06
3.49214e+06
3.51012e+06
3.52796e+06
3.54554e+06
3.56272e+06
3.57941e+06
3.59548e+06
3.61085e+06
3.62543e+06
3.63914e+06
3.65193e+06
3.66374e+06
3.67456e+06
3.68435e+06
3.69314e+06
3.70092e+06
3.70773e+06
3.71362e+06
3.71863e+06
3.72284e+06
3.72633e+06
3.7292e+06
3.73149e+06
3.45625e+06
3.47414e+06
3.49214e+06
3.51012e+06
3.52796e+06
3.54554e+06
3.56272e+06
3.57941e+06
3.59548e+06
3.61085e+06
3.62543e+06
3.63914e+06
3.65193e+06
3.66374e+06
3.67456e+06
3.68435e+06
3.69314e+06
3.70092e+06
3.70773e+06
3.71362e+06
3.71863e+06
3.72284e+06
3.72633e+06
3.7292e+06
3.73149e+06
3.45625e+06
3.47414e+06
3.49214e+06
3.51012e+06
3.52796e+06
3.54554e+06
3.56272e+06
3.57941e+06
3.59548e+06
3.61085e+06
3.62543e+06
3.63914e+06
3.65193e+06
3.66374e+06
3.67456e+06
3.68435e+06
3.69314e+06
3.70092e+06
3.70773e+06
3.71362e+06
3.71863e+06
3.72284e+06
3.72633e+06
3.7292e+06
3.73149e+06
3.45625e+06
3.47414e+06
3.49214e+06
3.51012e+06
3.52796e+06
3.54554e+06
3.56272e+06
3.57941e+06
3.59548e+06
3.61085e+06
3.62543e+06
3.63914e+06
3.65193e+06
3.66374e+06
3.67456e+06
3.68435e+06
3.69314e+06
3.70092e+06
3.70773e+06
3.71362e+06
3.71863e+06
3.72284e+06
3.72633e+06
3.7292e+06
3.73149e+06
3.45625e+06
3.47414e+06
3.49214e+06
3.51012e+06
3.52796e+06
3.54554e+06
3.56272e+06
3.57941e+06
3.59548e+06
3.61085e+06
3.62543e+06
3.63914e+06
3.65193e+06
3.66374e+06
3.67456e+06
3.68435e+06
3.69314e+06
3.70092e+06
3.70773e+06
3.71362e+06
3.71863e+06
3.72284e+06
3.72633e+06
3.7292e+06
3.73149e+06
3.45625e+06
3.47414e+06
3.49214e+06
3.51012e+06
3.52796e+06
3.54554e+06
3.56272e+06
3.57941e+06
3.59548e+06
3.61085e+06
3.62543e+06
3.63914e+06
3.65193e+06
3.66374e+06
3.67456e+06
3.68435e+06
3.69314e+06
3.70092e+06
3.70773e+06
3.71362e+06
3.71863e+06
3.72284e+06
3.72633e+06
3.7292e+06
3.73149e+06
3.45625e+06
3.47414e+06
3.49214e+06
3.51012e+06
3.52796e+06
3.54554e+06
3.56272e+06
3.57941e+06
3.59548e+06
3.61085e+06
3.62543e+06
3.63914e+06
3.65193e+06
3.66374e+06
3.67456e+06
3.68435e+06
3.69314e+06
3.70092e+06
3.70773e+06
3.71362e+06
3.71863e+06
3.72284e+06
3.72633e+06
3.7292e+06
3.73149e+06
3.45625e+06
3.47414e+06
3.49214e+06
3.51012e+06
3.52796e+06
3.54554e+06
3.56272e+06
3.57941e+06
3.59548e+06
3.61085e+06
3.62543e+06
3.63914e+06
3.65193e+06
3.66374e+06
3.67456e+06
3.68435e+06
3.69314e+06
3.70092e+06
3.70773e+06
3.71362e+06
3.71863e+06
3.72284e+06
3.72633e+06
3.7292e+06
3.73149e+06
3.45625e+06
3.47414e+06
3.49214e+06
3.51012e+06
3.52796e+06
3.54554e+06
3.56272e+06
3.57941e+06
3.59548e+06
3.61085e+06
3.62543e+06
3.63914e+06
3.65193e+06
3.66374e+06
3.67456e+06
3.68435e+06
3.69314e+06
3.70092e+06
3.70773e+06
3.71362e+06
3.71863e+06
3.72284e+06
3.72633e+06
3.7292e+06
3.73149e+06
3.45625e+06
3.47414e+06
3.49214e+06
3.51012e+06
3.52796e+06
3.54554e+06
3.56272e+06
3.57941e+06
3.59548e+06
3.61085e+06
3.62543e+06
3.63914e+06
3.65193e+06
3.66374e+06
3.67456e+06
3.68435e+06
3.69314e+06
3.70092e+06
3.70773e+06
3.71362e+06
3.71863e+06
3.72284e+06
3.72633e+06
3.7292e+06
3.73149e+06
3.45625e+06
3.47414e+06
3.49214e+06
3.51012e+06
3.52796e+06
3.54554e+06
3.56272e+06
3.57941e+06
3.59548e+06
3.61085e+06
3.62543e+06
3.63914e+06
3.65193e+06
3.66374e+06
3.67456e+06
3.68435e+06
3.69314e+06
3.70092e+06
3.70773e+06
3.71362e+06
3.71863e+06
3.72284e+06
3.72633e+06
3.7292e+06
3.73149e+06
)
;

boundaryField
{
    outletCentralUnloaded
    {
        type            fixedValue;
        value           uniform 3.44728e+06;
    }
    inletCentralUnloaded
    {
        type            zeroGradient;
    }
    outletFuelElement
    {
        type            fixedValue;
        value           uniform 3.44728e+06;
    }
    inletFuelElement
    {
        type            zeroGradient;
    }
    defaultFaces
    {
        type            zeroGradient;
    }
    baffle_master
    {
        type            zeroGradient;
    }
    baffle_slave
    {
        type            zeroGradient;
    }
}


// ************************************************************************* //
