/*--------------------------------*- C++ -*----------------------------------*\
| =========                 |                                                 |
| \\      /  F ield         | OpenFOAM: The Open Source CFD Toolbox           |
|  \\    /   O peration     | Version:  2212                                  |
|   \\  /    A nd           | Website:  www.openfoam.com                      |
|    \\/     M anipulation  |                                                 |
\*---------------------------------------------------------------------------*/
FoamFile
{
    version     2.0;
    format      ascii;
    arch        "LSB;label=32;scalar=64";
    class       volScalarField;
    location    "19/fluidRegion";
    object      alphaRhoMagU;
}
// * * * * * * * * * * * * * * * * * * * * * * * * * * * * * * * * * * * * * //

dimensions      [1 -2 -1 0 0 0 0];

internalField   nonuniform List<scalar> 
350
(
36.7977
36.7977
36.7977
36.7977
36.7977
36.7977
36.7977
36.7977
36.7977
36.7977
36.7977
36.7977
36.7977
36.7977
36.7977
36.7977
36.7977
36.7977
36.7977
36.7977
36.7977
36.7978
36.7979
36.798
36.8911
36.7977
36.7977
36.7977
36.7977
36.7977
36.7977
36.7977
36.7977
36.7977
36.7977
36.7977
36.7977
36.7977
36.7977
36.7977
36.7977
36.7977
36.7977
36.7977
36.7977
36.7977
36.7978
36.7979
36.798
36.8911
56.999
56.8871
56.8895
56.8908
56.8907
56.8891
56.8859
56.8811
56.8744
56.8659
56.8553
56.8427
56.8281
56.8112
56.7915
56.768
56.7396
56.7057
56.6677
56.6339
56.6251
56.6944
56.949
57.5492
57.72
56.5331
56.4132
56.4102
56.406
56.401
56.3949
56.3877
56.3792
56.3695
56.3586
56.3468
56.3346
56.3225
56.3112
56.3008
56.2908
56.2805
56.2694
56.2592
56.2591
56.2915
56.4123
56.7328
57.4155
57.6777
57.077
56.9653
56.9685
56.9703
56.9706
56.9694
56.9665
56.9618
56.9552
56.9466
56.9357
56.9226
56.907
56.8886
56.8667
56.8403
56.8082
56.7698
56.7264
56.6862
56.6696
56.7293
56.9721
57.5594
57.7214
56.6373
56.5196
56.518
56.5153
56.5115
56.5067
56.5006
56.4931
56.4843
56.4741
56.4628
56.4506
56.4382
56.4258
56.4134
56.4005
56.3862
56.3701
56.3537
56.346
56.3691
56.4783
56.7838
57.4477
57.6882
56.6373
56.5196
56.518
56.5153
56.5115
56.5067
56.5006
56.4931
56.4843
56.4741
56.4628
56.4507
56.4382
56.4258
56.4134
56.4005
56.3862
56.3701
56.3537
56.346
56.3691
56.4783
56.7838
57.4477
57.6882
57.077
56.9653
56.9684
56.9702
56.9706
56.9693
56.9665
56.9618
56.9552
56.9466
56.9357
56.9226
56.9069
56.8885
56.8667
56.8403
56.8082
56.7698
56.7263
56.6861
56.6695
56.7291
56.972
57.5593
57.7214
56.5331
56.4132
56.4102
56.406
56.401
56.3949
56.3877
56.3792
56.3695
56.3586
56.3468
56.3346
56.3225
56.3112
56.3008
56.2908
56.2805
56.2694
56.2592
56.2591
56.2915
56.4123
56.7328
57.4155
57.6777
56.999
56.8871
56.8895
56.8908
56.8907
56.8891
56.8859
56.8811
56.8744
56.8659
56.8553
56.8427
56.8281
56.8112
56.7915
56.768
56.7396
56.7057
56.6677
56.6339
56.6251
56.6944
56.949
57.5492
57.72
56.6373
56.5196
56.518
56.5153
56.5115
56.5067
56.5006
56.4931
56.4843
56.4741
56.4628
56.4507
56.4382
56.4258
56.4134
56.4005
56.3862
56.3701
56.3537
56.346
56.3691
56.4783
56.7838
57.4477
57.6882
57.077
56.9653
56.9685
56.9703
56.9706
56.9694
56.9665
56.9618
56.9552
56.9466
56.9357
56.9226
56.907
56.8886
56.8667
56.8403
56.8082
56.7698
56.7264
56.6862
56.6696
56.7292
56.9721
57.5594
57.7214
57.077
56.9653
56.9684
56.9702
56.9706
56.9693
56.9665
56.9618
56.9552
56.9466
56.9357
56.9226
56.9069
56.8885
56.8667
56.8403
56.8082
56.7698
56.7263
56.6861
56.6695
56.7291
56.972
57.5592
57.7214
56.6373
56.5196
56.518
56.5153
56.5115
56.5067
56.5006
56.4931
56.4843
56.4741
56.4628
56.4507
56.4382
56.4258
56.4134
56.4005
56.3862
56.3701
56.3537
56.346
56.3691
56.4783
56.7838
57.4477
57.6882
)
;

boundaryField
{
    outletCentralUnloaded
    {
        type            calculated;
        value           nonuniform List<scalar> 2(36.7962 36.7962);
    }
    inletCentralUnloaded
    {
        type            calculated;
        value           nonuniform List<scalar> 2(36.9827 36.9827);
    }
    outletFuelElement
    {
        type            calculated;
        value           nonuniform List<scalar> 
12
(
56.6602
56.1971
56.7378
56.3007
56.3007
56.7378
56.1971
56.6602
56.3007
56.7378
56.7378
56.3007
)
;
    }
    inletFuelElement
    {
        type            calculated;
        value           nonuniform List<scalar> 
12
(
58.0894
58.0894
58.0894
58.0894
58.0894
58.0894
58.0894
58.0894
58.0894
58.0894
58.0894
58.0894
)
;
    }
    defaultFaces
    {
        type            calculated;
        value           nonuniform List<scalar> 
450
(
56.999
56.999
56.999
56.8871
56.8871
56.8871
56.8895
56.8895
56.8895
56.8908
56.8908
56.8908
56.8907
56.8907
56.8907
56.8891
56.8891
56.8891
56.8859
56.8859
56.8859
56.8811
56.8811
56.8811
56.8744
56.8744
56.8744
56.8659
56.8659
56.8659
56.8553
56.8553
56.8553
56.8427
56.8427
56.8427
56.8281
56.8281
56.8281
56.8112
56.8112
56.8112
56.7915
56.7915
56.7915
56.768
56.768
56.768
56.7396
56.7396
56.7396
56.7057
56.7057
56.7057
56.6677
56.6677
56.6677
56.6339
56.6339
56.6339
56.6251
56.6251
56.6251
56.6944
56.6944
56.6944
56.949
56.949
56.949
57.5492
57.5492
57.5492
57.72
57.72
57.72
57.077
57.077
56.9653
56.9653
56.9685
56.9685
56.9703
56.9703
56.9706
56.9706
56.9694
56.9694
56.9665
56.9665
56.9618
56.9618
56.9552
56.9552
56.9466
56.9466
56.9357
56.9357
56.9226
56.9226
56.907
56.907
56.8886
56.8886
56.8667
56.8667
56.8403
56.8403
56.8082
56.8082
56.7698
56.7698
56.7264
56.7264
56.6862
56.6862
56.6696
56.6696
56.7293
56.7293
56.9721
56.9721
57.5594
57.5594
57.7214
57.7214
56.6373
56.5196
56.518
56.5153
56.5115
56.5067
56.5006
56.4931
56.4843
56.4741
56.4628
56.4506
56.4382
56.4258
56.4134
56.4005
56.3862
56.3701
56.3537
56.346
56.3691
56.4783
56.7838
57.4477
57.6882
56.6373
56.5196
56.518
56.5153
56.5115
56.5067
56.5006
56.4931
56.4843
56.4741
56.4628
56.4507
56.4382
56.4258
56.4134
56.4005
56.3862
56.3701
56.3537
56.346
56.3691
56.4783
56.7838
57.4477
57.6882
57.077
57.077
56.9653
56.9653
56.9684
56.9684
56.9702
56.9702
56.9706
56.9706
56.9693
56.9693
56.9665
56.9665
56.9618
56.9618
56.9552
56.9552
56.9466
56.9466
56.9357
56.9357
56.9226
56.9226
56.9069
56.9069
56.8885
56.8885
56.8667
56.8667
56.8403
56.8403
56.8082
56.8082
56.7698
56.7698
56.7263
56.7263
56.6861
56.6861
56.6695
56.6695
56.7291
56.7291
56.972
56.972
57.5593
57.5593
57.7214
57.7214
56.999
56.999
56.999
56.8871
56.8871
56.8871
56.8895
56.8895
56.8895
56.8908
56.8908
56.8908
56.8907
56.8907
56.8907
56.8891
56.8891
56.8891
56.8859
56.8859
56.8859
56.8811
56.8811
56.8811
56.8744
56.8744
56.8744
56.8659
56.8659
56.8659
56.8553
56.8553
56.8553
56.8427
56.8427
56.8427
56.8281
56.8281
56.8281
56.8112
56.8112
56.8112
56.7915
56.7915
56.7915
56.768
56.768
56.768
56.7396
56.7396
56.7396
56.7057
56.7057
56.7057
56.6677
56.6677
56.6677
56.6339
56.6339
56.6339
56.6251
56.6251
56.6251
56.6944
56.6944
56.6944
56.949
56.949
56.949
57.5492
57.5492
57.5492
57.72
57.72
57.72
56.6373
56.5196
56.518
56.5153
56.5115
56.5067
56.5006
56.4931
56.4843
56.4741
56.4628
56.4507
56.4382
56.4258
56.4134
56.4005
56.3862
56.3701
56.3537
56.346
56.3691
56.4783
56.7838
57.4477
57.6882
57.077
57.077
56.9653
56.9653
56.9685
56.9685
56.9703
56.9703
56.9706
56.9706
56.9694
56.9694
56.9665
56.9665
56.9618
56.9618
56.9552
56.9552
56.9466
56.9466
56.9357
56.9357
56.9226
56.9226
56.907
56.907
56.8886
56.8886
56.8667
56.8667
56.8403
56.8403
56.8082
56.8082
56.7698
56.7698
56.7264
56.7264
56.6862
56.6862
56.6696
56.6696
56.7292
56.7292
56.9721
56.9721
57.5594
57.5594
57.7214
57.7214
57.077
57.077
56.9653
56.9653
56.9684
56.9684
56.9702
56.9702
56.9706
56.9706
56.9693
56.9693
56.9665
56.9665
56.9618
56.9618
56.9552
56.9552
56.9466
56.9466
56.9357
56.9357
56.9226
56.9226
56.9069
56.9069
56.8885
56.8885
56.8667
56.8667
56.8403
56.8403
56.8082
56.8082
56.7698
56.7698
56.7263
56.7263
56.6861
56.6861
56.6695
56.6695
56.7291
56.7291
56.972
56.972
57.5592
57.5592
57.7214
57.7214
56.6373
56.5196
56.518
56.5153
56.5115
56.5067
56.5006
56.4931
56.4843
56.4741
56.4628
56.4507
56.4382
56.4258
56.4134
56.4005
56.3862
56.3701
56.3537
56.346
56.3691
56.4783
56.7838
57.4477
57.6882
)
;
    }
    baffle_master
    {
        type            calculated;
        value           nonuniform List<scalar> 
150
(
36.7977
36.7977
36.7977
36.7977
36.7977
36.7977
36.7977
36.7977
36.7977
36.7977
36.7977
36.7977
36.7977
36.7977
36.7977
36.7977
36.7977
36.7977
36.7977
36.7977
36.7977
36.7977
36.7977
36.7977
36.7977
36.7977
36.7977
36.7977
36.7977
36.7977
36.7977
36.7977
36.7977
36.7977
36.7977
36.7977
36.7977
36.7977
36.7977
36.7977
36.7977
36.7977
36.7977
36.7977
36.7977
36.7977
36.7977
36.7977
36.7977
36.7977
36.7977
36.7977
36.7977
36.7977
36.7977
36.7977
36.7977
36.7977
36.7977
36.7977
36.7977
36.7977
36.7977
36.7978
36.7978
36.7978
36.7979
36.7979
36.7979
36.798
36.798
36.798
36.8911
36.8911
36.8911
36.7977
36.7977
36.7977
36.7977
36.7977
36.7977
36.7977
36.7977
36.7977
36.7977
36.7977
36.7977
36.7977
36.7977
36.7977
36.7977
36.7977
36.7977
36.7977
36.7977
36.7977
36.7977
36.7977
36.7977
36.7977
36.7977
36.7977
36.7977
36.7977
36.7977
36.7977
36.7977
36.7977
36.7977
36.7977
36.7977
36.7977
36.7977
36.7977
36.7977
36.7977
36.7977
36.7977
36.7977
36.7977
36.7977
36.7977
36.7977
36.7977
36.7977
36.7977
36.7977
36.7977
36.7977
36.7977
36.7977
36.7977
36.7977
36.7977
36.7977
36.7977
36.7977
36.7977
36.7978
36.7978
36.7978
36.7979
36.7979
36.7979
36.798
36.798
36.798
36.8911
36.8911
36.8911
)
;
    }
    baffle_slave
    {
        type            calculated;
        value           nonuniform List<scalar> 
150
(
56.5331
56.6373
56.6373
56.4132
56.5196
56.5196
56.4102
56.518
56.518
56.406
56.5153
56.5153
56.401
56.5115
56.5115
56.3949
56.5067
56.5067
56.3877
56.5006
56.5006
56.3792
56.4931
56.4931
56.3695
56.4843
56.4843
56.3586
56.4741
56.4741
56.3468
56.4628
56.4628
56.3346
56.4506
56.4507
56.3225
56.4382
56.4382
56.3112
56.4258
56.4258
56.3008
56.4134
56.4134
56.2908
56.4005
56.4005
56.2805
56.3862
56.3862
56.2694
56.3701
56.3701
56.2592
56.3537
56.3537
56.2591
56.346
56.346
56.2915
56.3691
56.3691
56.4123
56.4783
56.4783
56.7328
56.7838
56.7838
57.4155
57.4477
57.4477
57.6777
57.6882
57.6882
56.6373
56.5331
56.6373
56.5196
56.4132
56.5196
56.518
56.4102
56.518
56.5153
56.406
56.5153
56.5115
56.401
56.5115
56.5067
56.3949
56.5067
56.5006
56.3877
56.5006
56.4931
56.3792
56.4931
56.4843
56.3695
56.4843
56.4741
56.3586
56.4741
56.4628
56.3468
56.4628
56.4507
56.3346
56.4507
56.4382
56.3225
56.4382
56.4258
56.3112
56.4258
56.4134
56.3008
56.4134
56.4005
56.2908
56.4005
56.3862
56.2805
56.3862
56.3701
56.2694
56.3701
56.3537
56.2592
56.3537
56.346
56.2591
56.346
56.3691
56.2915
56.3691
56.4783
56.4123
56.4783
56.7838
56.7328
56.7838
57.4477
57.4155
57.4477
57.6882
57.6777
57.6882
)
;
    }
}


// ************************************************************************* //
