/*--------------------------------*- C++ -*----------------------------------*\
| =========                 |                                                 |
| \\      /  F ield         | OpenFOAM: The Open Source CFD Toolbox           |
|  \\    /   O peration     | Version:  2212                                  |
|   \\  /    A nd           | Website:  www.openfoam.com                      |
|    \\/     M anipulation  |                                                 |
\*---------------------------------------------------------------------------*/
FoamFile
{
    version     2.0;
    format      ascii;
    arch        "LSB;label=32;scalar=64";
    class       volScalarField;
    location    "19/fluidRegion";
    object      alphat;
}
// * * * * * * * * * * * * * * * * * * * * * * * * * * * * * * * * * * * * * //

dimensions      [1 -1 -1 0 0 0 0];

internalField   nonuniform List<scalar> 
350
(
0.00258359
0.00258359
0.00258359
0.0025836
0.0025836
0.0025836
0.00258361
0.00258361
0.00258363
0.00258365
0.00258367
0.00258372
0.00258378
0.00258388
0.00258404
0.00258427
0.00258463
0.00258518
0.00258602
0.0025873
0.00258926
0.00259226
0.00259683
0.00260383
0.00261452
0.00258359
0.00258359
0.00258359
0.0025836
0.0025836
0.0025836
0.00258361
0.00258361
0.00258363
0.00258365
0.00258367
0.00258372
0.00258378
0.00258388
0.00258404
0.00258427
0.00258463
0.00258518
0.00258602
0.0025873
0.00258926
0.00259226
0.00259683
0.00260383
0.00261452
0.000877284
0.000864736
0.000852773
0.000840741
0.000828539
0.000816071
0.000803246
0.000789989
0.000776237
0.000761949
0.000747112
0.000731736
0.00071585
0.000699498
0.000682741
0.000665684
0.000648576
0.000632017
0.000617383
0.00060767
0.00060909
0.000633564
0.000699288
0.000818237
0.000971093
0.000870207
0.000857654
0.000845701
0.000833688
0.000821514
0.000809082
0.000796302
0.000783096
0.000769403
0.000755184
0.000740429
0.000725153
0.000709395
0.000693207
0.000676653
0.000659843
0.00064302
0.000626772
0.000612462
0.000603071
0.000604815
0.00062967
0.000696025
0.000816135
0.000970583
0.000878418
0.000865865
0.000853896
0.000841856
0.000829645
0.000817166
0.000804331
0.000791061
0.000777294
0.000762991
0.000748136
0.000732738
0.000716826
0.000700444
0.000683648
0.000666546
0.000649387
0.000632772
0.000618079
0.000608306
0.000609666
0.000634076
0.000699715
0.000818525
0.000971214
0.000871835
0.000859286
0.000847333
0.000835318
0.000823139
0.0008107
0.000797911
0.000784693
0.000770987
0.000756753
0.000741978
0.000726679
0.000710891
0.000694664
0.000678063
0.000661196
0.000644307
0.000627987
0.000613601
0.000604135
0.000605805
0.000630572
0.000696782
0.000816624
0.0009707
0.000871835
0.000859286
0.000847333
0.000835318
0.000823139
0.0008107
0.000797911
0.000784694
0.000770987
0.000756753
0.000741978
0.000726679
0.000710891
0.000694664
0.000678063
0.000661196
0.000644307
0.000627987
0.000613601
0.000604135
0.000605804
0.000630572
0.000696782
0.000816624
0.0009707
0.000878418
0.000865865
0.000853896
0.000841856
0.000829645
0.000817166
0.000804331
0.00079106
0.000777294
0.000762991
0.000748136
0.000732738
0.000716826
0.000700443
0.000683647
0.000666546
0.000649386
0.000632771
0.000618078
0.000608305
0.000609666
0.000634076
0.000699715
0.000818526
0.000971217
0.000870207
0.000857654
0.000845701
0.000833688
0.000821514
0.000809082
0.000796302
0.000783096
0.000769403
0.000755184
0.000740429
0.000725153
0.000709395
0.000693207
0.000676653
0.000659843
0.00064302
0.000626773
0.000612462
0.000603071
0.000604815
0.00062967
0.000696025
0.000816135
0.000970583
0.000877284
0.000864736
0.000852773
0.000840741
0.000828539
0.000816071
0.000803247
0.000789989
0.000776237
0.000761949
0.000747112
0.000731736
0.00071585
0.000699498
0.000682741
0.000665684
0.000648576
0.000632017
0.000617383
0.000607669
0.000609089
0.000633563
0.000699287
0.000818235
0.000971091
0.000871835
0.000859286
0.000847333
0.000835318
0.000823139
0.0008107
0.000797911
0.000784694
0.000770987
0.000756753
0.000741978
0.000726679
0.000710891
0.000694664
0.000678063
0.000661196
0.000644307
0.000627987
0.000613601
0.000604136
0.000605805
0.000630572
0.000696782
0.000816623
0.0009707
0.000878418
0.000865865
0.000853896
0.000841857
0.000829646
0.000817167
0.000804331
0.000791061
0.000777295
0.000762991
0.000748136
0.000732738
0.000716827
0.000700444
0.000683648
0.000666546
0.000649387
0.000632771
0.000618079
0.000608305
0.000609665
0.000634075
0.000699713
0.000818522
0.000971211
0.000878418
0.000865865
0.000853896
0.000841856
0.000829645
0.000817166
0.000804331
0.000791061
0.000777294
0.000762991
0.000748136
0.000732738
0.000716826
0.000700443
0.000683647
0.000666545
0.000649386
0.000632771
0.000618078
0.000608305
0.000609665
0.000634075
0.000699714
0.000818524
0.000971215
0.000871835
0.000859286
0.000847333
0.000835318
0.000823139
0.0008107
0.000797911
0.000784694
0.000770987
0.000756753
0.000741978
0.000726679
0.000710891
0.000694664
0.000678063
0.000661196
0.000644307
0.000627987
0.000613601
0.000604135
0.000605803
0.000630571
0.00069678
0.000816621
0.000970696
)
;

boundaryField
{
    outletCentralUnloaded
    {
        type            zeroGradient;
    }
    inletCentralUnloaded
    {
        type            zeroGradient;
    }
    outletFuelElement
    {
        type            zeroGradient;
    }
    inletFuelElement
    {
        type            zeroGradient;
    }
    defaultFaces
    {
        type            zeroGradient;
    }
    baffle_master
    {
        type            calculated;
        value           nonuniform List<scalar> 
150
(
0.00258359
0.00258359
0.00258359
0.00258359
0.00258359
0.00258359
0.00258359
0.00258359
0.00258359
0.0025836
0.0025836
0.0025836
0.0025836
0.0025836
0.0025836
0.0025836
0.0025836
0.0025836
0.00258361
0.00258361
0.00258361
0.00258361
0.00258361
0.00258361
0.00258363
0.00258363
0.00258363
0.00258365
0.00258365
0.00258365
0.00258367
0.00258367
0.00258367
0.00258372
0.00258372
0.00258372
0.00258378
0.00258378
0.00258378
0.00258388
0.00258388
0.00258388
0.00258404
0.00258404
0.00258404
0.00258427
0.00258427
0.00258427
0.00258463
0.00258463
0.00258463
0.00258518
0.00258518
0.00258518
0.00258602
0.00258602
0.00258602
0.0025873
0.0025873
0.0025873
0.00258926
0.00258926
0.00258926
0.00259226
0.00259226
0.00259226
0.00259683
0.00259683
0.00259683
0.00260383
0.00260383
0.00260383
0.00261452
0.00261452
0.00261452
0.00258359
0.00258359
0.00258359
0.00258359
0.00258359
0.00258359
0.00258359
0.00258359
0.00258359
0.0025836
0.0025836
0.0025836
0.0025836
0.0025836
0.0025836
0.0025836
0.0025836
0.0025836
0.00258361
0.00258361
0.00258361
0.00258361
0.00258361
0.00258361
0.00258363
0.00258363
0.00258363
0.00258365
0.00258365
0.00258365
0.00258367
0.00258367
0.00258367
0.00258372
0.00258372
0.00258372
0.00258378
0.00258378
0.00258378
0.00258388
0.00258388
0.00258388
0.00258404
0.00258404
0.00258404
0.00258427
0.00258427
0.00258427
0.00258463
0.00258463
0.00258463
0.00258518
0.00258518
0.00258518
0.00258602
0.00258602
0.00258602
0.0025873
0.0025873
0.0025873
0.00258926
0.00258926
0.00258926
0.00259226
0.00259226
0.00259226
0.00259683
0.00259683
0.00259683
0.00260383
0.00260383
0.00260383
0.00261452
0.00261452
0.00261452
)
;
    }
    baffle_slave
    {
        type            calculated;
        value           nonuniform List<scalar> 
150
(
0.000870207
0.000871835
0.000871835
0.000857654
0.000859286
0.000859286
0.000845701
0.000847333
0.000847333
0.000833688
0.000835318
0.000835318
0.000821514
0.000823139
0.000823139
0.000809082
0.0008107
0.0008107
0.000796302
0.000797911
0.000797911
0.000783096
0.000784693
0.000784694
0.000769403
0.000770987
0.000770987
0.000755184
0.000756753
0.000756753
0.000740429
0.000741978
0.000741978
0.000725153
0.000726679
0.000726679
0.000709395
0.000710891
0.000710891
0.000693207
0.000694664
0.000694664
0.000676653
0.000678063
0.000678063
0.000659843
0.000661196
0.000661196
0.00064302
0.000644307
0.000644307
0.000626772
0.000627987
0.000627987
0.000612462
0.000613601
0.000613601
0.000603071
0.000604135
0.000604135
0.000604815
0.000605805
0.000605803
0.00062967
0.000630572
0.000630571
0.000696025
0.000696782
0.00069678
0.000816135
0.000816624
0.000816621
0.000970583
0.0009707
0.000970696
0.000871835
0.000870207
0.000871835
0.000859286
0.000857654
0.000859286
0.000847333
0.000845701
0.000847333
0.000835318
0.000833688
0.000835318
0.000823139
0.000821514
0.000823139
0.0008107
0.000809082
0.0008107
0.000797911
0.000796302
0.000797911
0.000784694
0.000783096
0.000784694
0.000770987
0.000769403
0.000770987
0.000756753
0.000755184
0.000756753
0.000741978
0.000740429
0.000741978
0.000726679
0.000725153
0.000726679
0.000710891
0.000709395
0.000710891
0.000694664
0.000693207
0.000694664
0.000678063
0.000676653
0.000678063
0.000661196
0.000659843
0.000661196
0.000644307
0.00064302
0.000644307
0.000627987
0.000626773
0.000627987
0.000613601
0.000612462
0.000613601
0.000604135
0.000603071
0.000604136
0.000605804
0.000604815
0.000605805
0.000630572
0.00062967
0.000630572
0.000696782
0.000696025
0.000696782
0.000816624
0.000816135
0.000816623
0.0009707
0.000970583
0.0009707
)
;
    }
}


// ************************************************************************* //
