/*--------------------------------*- C++ -*----------------------------------*\
| =========                 |                                                 |
| \\      /  F ield         | OpenFOAM: The Open Source CFD Toolbox           |
|  \\    /   O peration     | Version:  2212                                  |
|   \\  /    A nd           | Website:  www.openfoam.com                      |
|    \\/     M anipulation  |                                                 |
\*---------------------------------------------------------------------------*/
FoamFile
{
    version     2.0;
    format      ascii;
    arch        "LSB;label=32;scalar=64";
    class       surfaceScalarField;
    location    "19/fluidRegion";
    object      alphaPhi;
}
// * * * * * * * * * * * * * * * * * * * * * * * * * * * * * * * * * * * * * //

dimensions      [0 3 -1 0 0 0 0];

oriented        oriented;

internalField   nonuniform List<scalar> 
661
(
-0.00053847
-7.96768e-16
-0.000538426
-1.10444e-15
-0.000538381
-1.36296e-15
-0.000538337
-1.20958e-15
-0.000538293
-9.59084e-16
-0.000538249
-1.08517e-15
-0.000538204
-1.07768e-15
-0.00053816
-1.14967e-15
-0.000538116
-9.87754e-16
-0.000538072
-7.11115e-16
-0.000538028
-8.5864e-16
-0.000537984
-9.30758e-16
-0.000537939
-7.02182e-16
-0.000537895
-9.47465e-16
-0.000537851
-6.53249e-16
-0.000537807
-6.22917e-16
-0.000537763
-5.52078e-16
-0.000537719
-2.43133e-16
-0.000537674
-3.94057e-16
-0.00053763
-3.20467e-16
-0.000537586
-5.08981e-16
-0.000537542
-6.92738e-16
-0.000537498
-6.49367e-16
-0.000537454
1.42854e-15
9.70851e-15
-0.00053847
-0.000538426
-0.000538381
-0.000538337
-0.000538293
-0.000538249
-0.000538204
-0.00053816
-0.000538116
-0.000538072
-0.000538028
-0.000537984
-0.000537939
-0.000537895
-0.000537851
-0.000537807
-0.000537763
-0.000537719
-0.000537674
-0.00053763
-0.000537586
-0.000537542
-0.000537498
-0.000537454
-0.0164932
9.84861e-07
-0.0162543
6.6227e-07
-0.0159058
7.4551e-07
-0.0154546
6.65264e-07
-0.0149085
5.94954e-07
-0.014276
5.25231e-07
-0.013566
4.54708e-07
-0.012788
3.79007e-07
-0.011952
2.93118e-07
-0.0110686
1.90548e-07
-0.0101495
6.63218e-08
-0.00920714
-8.05956e-08
-0.00825503
-2.41249e-07
-0.00730759
-4.03963e-07
-0.00637957
-5.49052e-07
-0.00548543
-6.59322e-07
-0.0046385
-7.25915e-07
-0.00385057
-7.52015e-07
-0.00313169
-7.49484e-07
-0.00249088
-7.32276e-07
-0.00193644
-7.0967e-07
-0.00147682
-6.79534e-07
-0.00112049
-6.30985e-07
-0.000874906
-5.36417e-07
-4.71053e-07
-0.0165911
-7.10278e-08
-7.13415e-08
-0.0163526
-1.99943e-07
-2.03696e-07
-0.0160033
-1.81696e-07
-1.81656e-07
-0.0155506
-1.57668e-07
-1.55195e-07
-0.0150022
-1.36417e-07
-1.31991e-07
-0.0143667
-1.1571e-07
-1.10966e-07
-0.0136529
-9.48254e-08
-8.99942e-08
-0.0128705
-7.29964e-08
-6.85911e-08
-0.0120295
-4.83146e-08
-4.4184e-08
-0.0111406
-1.91513e-08
-1.5563e-08
-0.0102154
1.63677e-08
1.95418e-08
-0.00926652
5.76982e-08
6.03164e-08
-0.00830755
1.06073e-07
1.08227e-07
-0.00735305
1.55459e-07
1.56957e-07
-0.00641799
2.00752e-07
2.01633e-07
-0.00551699
2.36023e-07
2.36206e-07
-0.00466361
2.58204e-07
2.57745e-07
-0.00386976
2.67674e-07
2.66607e-07
-0.00314564
2.68016e-07
2.66424e-07
-0.00250033
2.63295e-07
2.61297e-07
-0.00194221
2.5608e-07
2.53895e-07
-0.00147981
2.44328e-07
2.42033e-07
-0.00112161
2.21783e-07
2.19418e-07
-0.000875068
1.71638e-07
1.69221e-07
1.2991e-07
1.27699e-07
-0.016477
6.00078e-07
-0.0162383
7.10177e-07
-0.01589
6.82873e-07
-0.0154391
6.02498e-07
-0.0148934
5.27993e-07
-0.0142614
4.55655e-07
-0.0135521
3.82085e-07
-0.0127748
3.03222e-07
-0.0119396
2.12584e-07
-0.0110572
1.03955e-07
-0.010139
-2.74923e-08
-0.00919771
-1.81775e-07
-0.0082467
-3.51088e-07
-0.00730037
-5.20644e-07
-0.00637347
-6.69945e-07
-0.0054804
-7.80711e-07
-0.00463448
-8.44691e-07
-0.00384746
-8.65857e-07
-0.00312939
-8.57542e-07
-0.00248926
-8.34078e-07
-0.00193537
-8.04011e-07
-0.00147618
-7.63195e-07
-0.00112013
-6.92647e-07
-0.000874733
-5.59786e-07
-4.38517e-07
-0.0165693
1.7476e-09
-0.0163307
-3.62809e-10
-0.0159815
1.61955e-10
-0.015529
6.79348e-11
-0.0149812
9.73004e-11
-0.0143463
9.99212e-11
-0.0136333
6.68069e-11
-0.0128519
1.01721e-10
-0.012012
1.14213e-10
-0.0111243
9.27863e-11
-0.0102005
1.41151e-10
-0.00925303
1.69336e-10
-0.0082956
2.27106e-10
-0.0073427
2.56926e-10
-0.00640923
2.34598e-10
-0.00550979
1.92121e-10
-0.00465788
1.64673e-10
-0.00386538
2.08715e-10
-0.00314246
2.05343e-10
-0.00249818
2.1072e-10
-0.0019409
2.26294e-10
-0.00147914
1.29637e-10
-0.00112137
-2.72345e-12
-0.000875051
-1.19159e-10
-3.24589e-10
-0.0165694
-5.96512e-07
-0.0163307
-7.10944e-07
-0.0159815
-6.82349e-07
-0.0155291
-6.02178e-07
-0.0149812
-5.27678e-07
-0.0143463
-4.55398e-07
-0.0136334
-3.81882e-07
-0.0128519
-3.02966e-07
-0.012012
-2.12313e-07
-0.0111243
-1.03698e-07
-0.0102005
2.78486e-08
-0.00925304
1.82171e-07
-0.00829561
3.51582e-07
-0.00734271
5.21177e-07
-0.00640924
6.70421e-07
-0.0055098
7.81113e-07
-0.00465788
8.4505e-07
-0.00386538
8.66277e-07
-0.00314246
8.57945e-07
-0.00249818
8.34483e-07
-0.00194091
8.04424e-07
-0.00147914
7.63455e-07
-0.00112138
6.92656e-07
-0.000875052
5.59551e-07
4.37892e-07
-0.0164771
6.743e-08
-0.0162383
1.98779e-07
-0.01589
1.81425e-07
-0.0154391
1.58374e-07
-0.0148934
1.38175e-07
-0.0142615
1.17274e-07
-0.0135521
9.66693e-08
-0.0127748
7.43714e-08
-0.0119396
4.97991e-08
-0.0110572
2.01142e-08
-0.010139
-1.53536e-08
-0.00919772
-5.7154e-08
-0.00824671
-1.05517e-07
-0.00730038
-1.553e-07
-0.00637348
-2.0074e-07
-0.0054804
-2.36413e-07
-0.00463448
-2.58765e-07
-0.00384746
-2.68501e-07
-0.00312939
-2.68989e-07
-0.00248926
-2.64467e-07
-0.00193537
-2.57284e-07
-0.00147618
-2.45566e-07
-0.00112013
-2.22926e-07
-0.000874731
-1.72542e-07
-1.3043e-07
-0.0165911
-9.87253e-07
-7.31073e-08
-0.0163526
-6.64792e-07
-2.02521e-07
-0.0160033
-7.44865e-07
-1.82171e-07
-0.0155506
-6.63121e-07
-1.55952e-07
-0.0150022
-5.91267e-07
-1.33129e-07
-0.0143667
-5.21954e-07
-1.11994e-07
-0.0136529
-4.51087e-07
-9.10633e-08
-0.0128705
-3.76144e-07
-6.9531e-08
-0.0120295
-2.90157e-07
-4.51345e-08
-0.0111406
-1.88366e-07
-1.63327e-08
-0.0102154
-6.41099e-08
1.87026e-08
-0.00926652
8.20774e-08
5.96502e-08
-0.00830755
2.42654e-07
1.07539e-07
-0.00735305
4.04708e-07
1.56402e-07
-0.00641799
5.49492e-07
2.01199e-07
-0.00551699
6.59106e-07
2.35966e-07
-0.00466361
7.25371e-07
2.57637e-07
-0.00386976
7.51018e-07
2.66584e-07
-0.00314564
7.48236e-07
2.6649e-07
-0.00250033
7.30738e-07
2.6144e-07
-0.00194221
7.08075e-07
2.54059e-07
-0.00147981
6.77862e-07
2.42292e-07
-0.00112161
6.29353e-07
2.1981e-07
-0.000875068
5.34923e-07
1.69711e-07
4.69803e-07
1.28389e-07
-0.0164932
-0.0162543
-0.0159058
-0.0154546
-0.0149085
-0.014276
-0.013566
-0.012788
-0.011952
-0.0110686
-0.0101495
-0.00920714
-0.00825503
-0.00730759
-0.00637957
-0.00548543
-0.0046385
-0.00385057
-0.00313169
-0.00249088
-0.00193644
-0.00147682
-0.00112049
-0.000874906
-0.0165693
-6.00387e-07
1.85815e-09
-0.0163307
-7.10152e-07
-6.79146e-10
-0.0159815
-6.82506e-07
2.1527e-10
-0.015529
-6.02127e-07
3.76924e-11
-0.0149811
-5.27419e-07
8.14948e-11
-0.0143463
-4.55325e-07
-3.54824e-11
-0.0136333
-3.81661e-07
6.9739e-11
-0.0128519
-3.0302e-07
2.46418e-11
-0.012012
-2.12282e-07
1.05207e-10
-0.0111243
-1.03901e-07
1.34101e-10
-0.0102005
2.76302e-08
2.28063e-10
-0.00925303
1.81752e-07
2.19012e-10
-0.0082956
3.51178e-07
2.46828e-10
-0.0073427
5.20601e-07
2.29633e-10
-0.00640923
6.69875e-07
2.96999e-10
-0.00550979
7.80456e-07
3.27328e-10
-0.00465788
8.44421e-07
3.59506e-10
-0.00386538
8.65558e-07
3.0995e-10
-0.00314246
8.57262e-07
3.14644e-10
-0.00249818
8.33781e-07
3.04612e-10
-0.0019409
8.03758e-07
2.74024e-10
-0.00147914
7.62878e-07
2.69763e-10
-0.00112137
6.92324e-07
2.15954e-10
-0.000875051
5.59566e-07
3.84914e-11
4.38392e-07
-2.02455e-10
-0.016477
-0.0162383
-0.01589
-0.0154391
-0.0148934
-0.0142614
-0.0135521
-0.0127748
-0.0119396
-0.0110572
-0.010139
-0.00919771
-0.0082467
-0.00730037
-0.00637347
-0.0054804
-0.00463448
-0.00384746
-0.00312939
-0.00248926
-0.00193537
-0.00147618
-0.00112013
-0.000874733
-0.0164771
5.93486e-07
-0.0162383
7.07573e-07
-0.01589
6.82653e-07
-0.0154391
6.04493e-07
-0.0148934
5.32198e-07
-0.0142615
4.59487e-07
-0.0135521
3.86476e-07
-0.0127748
3.0659e-07
-0.0119396
2.1612e-07
-0.0110572
1.06433e-07
-0.010139
-2.50284e-08
-0.00919772
-1.8027e-07
-0.00824671
-3.49744e-07
-0.00730038
-5.20229e-07
-0.00637348
-6.69843e-07
-0.0054804
-7.81457e-07
-0.00463448
-8.45822e-07
-0.00384746
-8.67676e-07
-0.00312939
-8.597e-07
-0.00248926
-8.36672e-07
-0.00193537
-8.06694e-07
-0.00147618
-7.65899e-07
-0.00112013
-6.95091e-07
-0.000874732
-5.61848e-07
-4.39737e-07
-0.0165694
-0.0163307
-0.0159815
-0.0155291
-0.0149812
-0.0143463
-0.0136334
-0.0128519
-0.012012
-0.0111243
-0.0102005
-0.00925304
-0.00829561
-0.00734271
-0.00640924
-0.0055098
-0.00465788
-0.00386538
-0.00314246
-0.00249818
-0.00194091
-0.00147914
-0.00112138
-0.000875052
)
;

boundaryField
{
    outletCentralUnloaded
    {
        type            calculated;
        value           nonuniform List<scalar> 2(0.000538515 0.000538515);
    }
    inletCentralUnloaded
    {
        type            calculated;
        value           uniform -0.000540134;
    }
    outletFuelElement
    {
        type            calculated;
        value           nonuniform List<scalar> 
12
(
0.0166831
0.0167823
0.0166672
0.0167602
0.0167602
0.0166673
0.0167823
0.0166831
0.0167602
0.0166672
0.0166673
0.0167602
)
;
    }
    inletFuelElement
    {
        type            calculated;
        value           nonuniform List<scalar> 
12
(
-0.000722059
-0.00072206
-0.000722059
-0.000722059
-0.00072206
-0.000722059
-0.00072206
-0.000722059
-0.000722059
-0.000722059
-0.000722059
-0.00072206
)
;
    }
    defaultFaces
    {
        type            calculated;
        value           nonuniform List<scalar> 
450
(
1.02275e-23
-2.88334e-23
0
2.12491e-23
-1.28837e-23
0
2.42531e-23
2.35341e-23
0
-3.37605e-23
-1.35912e-23
0
-1.89136e-23
-2.92684e-23
0
-3.1282e-23
-1.7046e-23
0
-2.79123e-23
-1.26574e-23
0
-2.15442e-23
-2.21982e-23
0
-1.5514e-23
-9.92505e-24
0
-1.3856e-23
-5.71574e-24
0
-4.36352e-24
-1.34235e-24
0
6.128e-24
2.03082e-24
0
1.52437e-23
9.95007e-24
0
3.26257e-23
1.19118e-23
0
3.12206e-23
2.20286e-23
0
4.13308e-23
1.95661e-23
0
3.60021e-23
-1.57555e-23
0
4.62902e-23
2.59702e-23
0
4.03609e-23
-3.55936e-23
0
-1.50242e-23
-1.8531e-23
0
-1.83704e-23
-7.02969e-24
0
3.81819e-23
-7.89671e-24
0
-1.95308e-23
-3.18594e-24
0
-2.37842e-23
-1.22818e-23
0
-2.26168e-23
-1.91969e-23
0
1.80511e-23
0
3.20908e-23
0
-8.0227e-24
0
2.40681e-23
0
-8.0227e-24
0
8.0227e-24
0
2.00567e-23
0
1.60454e-23
0
-1.00284e-23
0
3.00851e-24
0
0
0
-6.01702e-24
0
-1.2034e-23
0
-8.0227e-24
0
-2.40681e-23
0
-3.20908e-23
0
4.81362e-23
0
-3.20908e-23
0
2.40681e-23
0
-3.20908e-23
0
-2.40681e-23
0
3.20908e-23
0
1.60454e-23
0
-2.40681e-23
0
-2.00567e-23
0
-1.60454e-23
-1.60454e-23
0
-8.0227e-24
8.0227e-24
-1.60454e-23
8.0227e-24
-4.01135e-24
8.0227e-24
0
5.01419e-25
8.0227e-24
8.0227e-24
8.0227e-24
1.60454e-23
1.60454e-23
-1.60454e-23
0
-1.60454e-23
0
0
-3.20908e-23
-1.60454e-23
8.0227e-24
8.0227e-24
0
0
0
0
0
0
0
0
0
0
0
0
0
0
0
0
0
0
0
0
0
0
0
0
0
-1.80511e-23
1.60454e-23
-8.0227e-24
2.40681e-23
1.60454e-23
3.20908e-23
-2.40681e-23
-1.60454e-23
1.60454e-23
-1.60454e-23
-1.60454e-23
-1.2034e-23
-8.0227e-24
-8.0227e-24
-1.2034e-23
-4.01135e-24
1.40397e-23
-8.0227e-24
-3.00851e-24
-3.00851e-24
1.00284e-24
1.25355e-24
2.00567e-24
4.01135e-24
4.01135e-24
4.01135e-24
1.60454e-23
2.40681e-23
2.40681e-23
1.60454e-23
4.01135e-23
2.40681e-23
-3.20908e-23
4.01135e-23
3.20908e-23
2.40681e-23
-4.01135e-23
4.81362e-23
-4.01135e-23
-1.60454e-23
0
-1.60454e-23
-3.20908e-23
3.20908e-23
-1.60454e-23
-2.00567e-23
0
-2.00567e-23
-2.00567e-23
-1.60454e-23
3.40729e-24
0
1.60454e-23
1.11289e-23
0
0
2.98499e-23
0
-4.81362e-23
-5.8266e-23
0
8.0227e-24
1.90756e-23
0
0
-4.45994e-23
0
1.60454e-23
-3.19525e-23
0
8.0227e-24
-2.91945e-23
0
1.60454e-23
-1.10728e-23
0
-2.00567e-23
-1.68432e-23
0
4.01135e-24
-6.31356e-24
0
2.00567e-24
8.43778e-24
-0
-2.00567e-24
2.1093e-23
-0
-4.01135e-24
3.36866e-23
-0
-8.0227e-24
4.41089e-23
-0
-1.60454e-23
4.85096e-23
-0
0
4.35257e-23
-0
1.60454e-23
6.80648e-23
-0
-1.60454e-23
3.64106e-23
-0
-1.60454e-23
-1.48782e-23
-0
3.20908e-23
-1.55188e-23
-0
3.20908e-23
3.80924e-23
-0
1.60454e-23
-2.21523e-23
-0
8.0227e-24
-9.75093e-24
-0
1.60454e-23
-1.74594e-23
-0
0
0
0
0
-8.0227e-24
8.0227e-24
0
-8.0227e-24
-4.01135e-24
-4.01135e-24
-2.00567e-24
5.01419e-25
4.01135e-24
0
0
8.0227e-24
1.60454e-23
-1.60454e-23
1.60454e-23
-3.20908e-23
1.60454e-23
0
-3.20908e-23
-1.60454e-23
8.0227e-24
0
1.2034e-23
0
1.60454e-23
0
0
0
1.60454e-23
0
-1.2034e-23
0
2.40681e-23
0
1.2034e-23
0
1.2034e-23
0
2.00567e-24
0
3.50993e-24
0
-1.00284e-24
0
-6.01702e-24
-0
-1.2034e-23
-0
-1.60454e-23
-0
-2.40681e-23
-0
-3.20908e-23
-0
4.01135e-23
-0
-2.40681e-23
-0
4.01135e-23
-0
-1.60454e-23
-0
-2.40681e-23
-0
4.01135e-23
-0
1.60454e-23
-0
-1.60454e-23
-0
-2.40681e-23
-0
-1.80511e-23
0
-2.40681e-23
2.40681e-23
-8.0227e-24
2.40681e-23
-8.0227e-24
-4.01135e-23
4.01135e-24
1.60454e-23
-1.2034e-23
-3.20908e-23
-1.2034e-23
-3.20908e-23
-6.01702e-24
-1.60454e-23
2.00567e-24
-1.00284e-23
-3.50993e-24
-7.01986e-24
1.00284e-24
4.76348e-24
6.01702e-24
1.50426e-23
1.2034e-23
2.80794e-23
8.0227e-24
4.01135e-23
2.40681e-23
5.61589e-23
2.40681e-23
7.22043e-23
8.0227e-24
3.20908e-23
1.60454e-23
7.22043e-23
0
4.01135e-23
8.0227e-24
-3.20908e-23
0
-2.40681e-23
0
3.20908e-23
1.60454e-23
-2.00567e-23
0
-2.00567e-23
0
-2.00567e-23
-0
-0
-0
-0
-0
-0
-0
-0
-0
-0
0
0
0
0
0
0
0
0
0
0
0
0
0
0
0
)
;
    }
    baffle_master
    {
        type            calculated;
        value           nonuniform List<scalar> 
150
(
9.7594e-33
0
0
-5.54908e-33
0
2.23568e-32
-1.22458e-32
0
2.23568e-32
1.08423e-32
0
2.23568e-32
-5.39766e-32
0
-4.47136e-32
7.01418e-33
0
2.23568e-32
1.54504e-32
0
0
-6.53202e-33
0
2.23568e-32
3.97123e-33
0
0
-7.40666e-33
0
0
-4.18687e-33
0
0
4.38908e-33
0
0
-4.90343e-34
0
0
-4.36256e-33
0
0
-2.66454e-33
0
0
-6.9955e-33
0
-1.11784e-32
6.10649e-32
0
2.23568e-32
7.47636e-34
0
0
2.19327e-32
0
1.11784e-32
2.94308e-33
0
0
7.28361e-33
0
0
-3.79825e-32
0
-3.35352e-32
-2.82087e-33
0
-1.11784e-32
-2.6074e-33
0
-2.23568e-32
8.40884e-32
0
-1.78854e-31
1.11784e-32
-3.84462e-32
0
2.23568e-32
-5.76509e-32
0
4.47136e-32
-2.88009e-32
0
2.23568e-32
-4.59049e-32
0
0
2.37371e-32
0
0
-3.38798e-32
0
0
-2.73784e-32
0
0
-4.87588e-32
0
-4.47136e-32
-4.57862e-32
0
1.11784e-32
-2.62778e-32
0
1.11784e-32
-4.02822e-32
0
1.11784e-32
-3.73007e-32
0
1.11784e-32
-3.06239e-32
0
0
-3.34431e-32
0
2.23568e-32
-1.5867e-32
0
0
-2.98414e-32
0
-2.23568e-32
-2.72426e-32
0
5.5892e-33
-1.07888e-32
0
0
-2.04478e-33
0
5.5892e-33
8.88801e-33
0
0
1.16806e-32
0
-2.23568e-32
3.92568e-32
0
-2.23568e-32
-2.84529e-32
0
-2.23568e-32
-4.01062e-32
-0
0
-1.82033e-31
-0
)
;
    }
    baffle_slave
    {
        type            calculated;
        value           nonuniform List<scalar> 
150
(
-1.09999e-23
-0
1.60454e-23
-3.38458e-24
-0
-1.60454e-23
-8.36351e-25
-0
0
2.50709e-24
-0
0
-2.30653e-23
-0
-2.40681e-23
-6.26773e-24
-0
8.0227e-24
-5.01419e-24
-0
0
-6.26773e-25
-0
4.01135e-24
-5.01419e-25
-0
0
-3.76064e-24
-0
-2.00567e-24
-6.26773e-25
0
0
1.25355e-25
0
4.01135e-24
-2.00567e-24
0
0
2.56977e-24
0
8.0227e-24
2.09969e-24
0
0
4.54411e-24
0
0
-4.89667e-23
0
-6.41816e-23
-5.95435e-25
0
0
-2.48829e-23
0
-3.20908e-23
-5.2649e-24
0
-3.20908e-23
-6.20506e-24
0
-1.60454e-23
2.69513e-23
0
3.20908e-23
3.38458e-24
0
0
-3.88599e-24
0
-8.0227e-24
3.63529e-24
0
-8.0227e-24
-5.66146e-24
2.70766e-23
0
-2.58125e-23
1.12819e-23
0
-1.58963e-23
1.62648e-23
0
1.02405e-24
1.99314e-23
0
1.00519e-24
-2.68259e-23
0
-9.27128e-24
1.67975e-23
0
-1.06203e-24
1.47919e-23
0
-8.24997e-24
1.00284e-23
0
9.21282e-24
7.77199e-24
0
-3.00303e-25
7.77199e-24
0
-9.7658e-26
2.50709e-24
0
8.19679e-24
-1.25355e-24
0
1.38563e-23
-4.51277e-24
0
1.44744e-23
-9.58963e-24
0
1.45197e-23
-1.36637e-23
0
1.08868e-23
-1.943e-23
0
-7.08092e-24
-2.45695e-23
0
1.57863e-23
-1.66095e-23
0
-1.14761e-23
-1.75497e-24
0
-2.39587e-24
7.77199e-24
0
7.6083e-24
7.14522e-24
0
-3.58728e-23
2.85809e-23
0
-4.22497e-23
-1.14073e-23
0
1.24221e-24
7.39593e-24
0
-2.37588e-24
5.64096e-24
0
)
;
    }
}


// ************************************************************************* //
