/*--------------------------------*- C++ -*----------------------------------*\
| =========                 |                                                 |
| \\      /  F ield         | OpenFOAM: The Open Source CFD Toolbox           |
|  \\    /   O peration     | Version:  2212                                  |
|   \\  /    A nd           | Website:  www.openfoam.com                      |
|    \\/     M anipulation  |                                                 |
\*---------------------------------------------------------------------------*/
FoamFile
{
    version     2.0;
    format      ascii;
    arch        "LSB;label=32;scalar=64";
    class       volScalarField;
    location    "19/fluidRegion";
    object      deltaT;
}
// * * * * * * * * * * * * * * * * * * * * * * * * * * * * * * * * * * * * * //

dimensions      [0 0 0 1 0 0 0];

internalField   nonuniform List<scalar> 
350
(
0
0
0
0
0
0
0
0
0
0
0
0
0
0
0
0
0
0
0
0
0
0
0
0
0
0
0
0
0
0
0
0
0
0
0
0
0
0
0
0
0
0
0
0
0
0
0
0
0
0
0
29.3668
60.915
92.1005
122.879
153.206
183.031
212.298
240.938
268.854
295.905
321.887
346.512
369.399
390.074
407.962
422.358
432.313
436.403
432.313
416.193
381.97
321.304
226.59
99.9572
0
29.4148
61.2243
92.6663
123.697
154.272
184.343
213.857
242.747
270.921
298.241
324.504
349.422
372.608
393.572
411.727
426.355
436.499
440.728
436.714
420.566
386.117
324.862
229.033
100.822
0
29.3605
60.8669
92.0113
122.75
153.036
182.822
212.049
240.649
268.523
295.531
321.468
346.046
368.887
389.517
407.365
421.726
431.655
435.727
431.63
415.522
381.343
320.774
226.231
99.8262
0
29.401
61.1501
92.5327
123.505
154.023
184.037
213.495
242.327
270.442
297.7
323.899
348.75
371.867
392.764
410.858
425.432
435.533
439.73
435.697
419.556
385.158
324.038
228.467
100.622
0
29.401
61.1501
92.5327
123.505
154.023
184.037
213.495
242.327
270.442
297.7
323.899
348.75
371.867
392.764
410.858
425.432
435.533
439.73
435.697
419.556
385.158
324.038
228.467
100.622
0
29.3604
60.8668
92.0112
122.75
153.036
182.821
212.049
240.649
268.523
295.531
321.468
346.046
368.887
389.517
407.365
421.726
431.655
435.727
431.63
415.522
381.343
320.775
226.231
99.8263
0
29.4148
61.2244
92.6664
123.697
154.272
184.343
213.857
242.747
270.921
298.241
324.504
349.422
372.608
393.572
411.727
426.355
436.499
440.728
436.714
420.566
386.117
324.863
229.033
100.822
0
29.3668
60.9151
92.1006
122.879
153.206
183.031
212.298
240.938
268.854
295.905
321.887
346.512
369.399
390.074
407.962
422.358
432.313
436.403
432.313
416.193
381.97
321.304
226.59
99.9572
0
29.401
61.1501
92.5327
123.505
154.023
184.037
213.495
242.327
270.442
297.7
323.899
348.75
371.867
392.764
410.858
425.432
435.533
439.73
435.697
419.556
385.158
324.038
228.467
100.622
0
29.3605
60.8669
92.0113
122.75
153.036
182.822
212.049
240.649
268.523
295.531
321.468
346.046
368.887
389.517
407.365
421.726
431.655
435.727
431.63
415.522
381.343
320.774
226.231
99.8262
0
29.3604
60.8668
92.0112
122.75
153.036
182.821
212.049
240.649
268.523
295.531
321.468
346.046
368.887
389.517
407.365
421.726
431.655
435.727
431.63
415.522
381.343
320.775
226.231
99.8263
0
29.401
61.1501
92.5327
123.505
154.023
184.037
213.495
242.327
270.442
297.7
323.899
348.75
371.867
392.764
410.858
425.432
435.533
439.73
435.697
419.556
385.158
324.038
228.467
100.622
)
;

boundaryField
{
    outletCentralUnloaded
    {
        type            calculated;
        value           uniform 0;
    }
    inletCentralUnloaded
    {
        type            calculated;
        value           uniform 0;
    }
    outletFuelElement
    {
        type            calculated;
        value           uniform 0;
    }
    inletFuelElement
    {
        type            calculated;
        value           uniform 616.7;
    }
    defaultFaces
    {
        type            calculated;
        value           nonuniform List<scalar> 
450
(
0
0
0
0
0
0
0
0
0
0
0
0
0
0
0
0
0
0
0
0
0
0
0
0
0
0
0
0
0
0
0
0
0
0
0
0
0
0
0
0
0
0
0
0
0
75.164
75.164
75.164
164.882
164.882
164.882
249.86
249.86
249.86
328.687
328.687
328.687
400.117
400.117
400.117
463.011
463.011
463.011
516.29
516.29
516.29
558.914
558.914
558.914
590.024
590.024
590.024
609.234
609.234
609.234
0
0
0
0
0
0
0
0
0
0
0
0
0
0
0
0
0
0
0
0
0
0
0
0
0
0
0
0
0
0
76.5519
76.5519
166.012
166.012
250.75
250.75
329.36
329.36
400.602
400.602
463.336
463.336
516.488
516.488
559.019
559.019
590.067
590.067
609.244
609.244
0
0
0
0
0
0
0
0
0
0
0
0
0
0
0
68.1865
159.168
245.334
325.24
397.621
461.321
515.252
558.366
589.802
609.186
0
0
0
0
0
0
0
0
0
0
0
0
0
0
0
68.1865
159.168
245.334
325.24
397.621
461.321
515.252
558.366
589.802
609.186
0
0
0
0
0
0
0
0
0
0
0
0
0
0
0
0
0
0
0
0
0
0
0
0
0
0
0
0
0
0
76.5512
76.5512
166.011
166.011
250.75
250.75
329.36
329.36
400.601
400.601
463.336
463.336
516.488
516.488
559.019
559.019
590.067
590.067
609.244
609.244
0
0
0
0
0
0
0
0
0
0
0
0
0
0
0
0
0
0
0
0
0
0
0
0
0
0
0
0
0
0
0
0
0
0
0
0
0
0
0
0
0
0
0
0
0
75.164
75.164
75.164
164.882
164.882
164.882
249.86
249.86
249.86
328.687
328.687
328.687
400.117
400.117
400.117
463.011
463.011
463.011
516.29
516.29
516.29
558.914
558.914
558.914
590.024
590.024
590.024
609.234
609.234
609.234
0
0
0
0
0
0
0
0
0
0
0
0
0
0
0
68.1865
159.168
245.334
325.24
397.621
461.321
515.252
558.366
589.802
609.186
0
0
0
0
0
0
0
0
0
0
0
0
0
0
0
0
0
0
0
0
0
0
0
0
0
0
0
0
0
0
76.552
76.552
166.012
166.012
250.75
250.75
329.36
329.36
400.602
400.602
463.336
463.336
516.488
516.488
559.019
559.019
590.067
590.067
609.244
609.244
0
0
0
0
0
0
0
0
0
0
0
0
0
0
0
0
0
0
0
0
0
0
0
0
0
0
0
0
0
0
76.5512
76.5512
166.011
166.011
250.75
250.75
329.36
329.36
400.601
400.601
463.336
463.336
516.488
516.488
559.019
559.019
590.067
590.067
609.244
609.244
0
0
0
0
0
0
0
0
0
0
0
0
0
0
0
68.1865
159.168
245.334
325.24
397.621
461.321
515.252
558.366
589.802
609.186
)
;
    }
    baffle_master
    {
        type            calculated;
        value           uniform 0;
    }
    baffle_slave
    {
        type            calculated;
        value           nonuniform List<scalar> 
150
(
0
0
0
0
0
0
0
0
0
0
0
0
0
0
0
0
0
0
0
0
0
0
0
0
0
0
0
0
0
0
0
0
0
0
0
0
0
0
0
0
0
0
0
0
0
66.0957
68.1865
68.1865
157.454
159.168
159.168
243.974
245.334
245.334
324.204
325.24
325.24
396.87
397.621
397.621
460.812
461.321
461.321
514.939
515.252
515.252
558.201
558.366
558.366
589.735
589.802
589.802
609.172
609.186
609.186
0
0
0
0
0
0
0
0
0
0
0
0
0
0
0
0
0
0
0
0
0
0
0
0
0
0
0
0
0
0
0
0
0
0
0
0
0
0
0
0
0
0
0
0
0
68.1865
66.0957
68.1865
159.168
157.454
159.168
245.334
243.974
245.334
325.24
324.204
325.24
397.621
396.87
397.621
461.321
460.812
461.321
515.252
514.939
515.252
558.366
558.201
558.366
589.802
589.735
589.802
609.186
609.172
609.186
)
;
    }
}


// ************************************************************************* //
