/*--------------------------------*- C++ -*----------------------------------*\
| =========                 |                                                 |
| \\      /  F ield         | OpenFOAM: The Open Source CFD Toolbox           |
|  \\    /   O peration     | Version:  2212                                  |
|   \\  /    A nd           | Website:  www.openfoam.com                      |
|    \\/     M anipulation  |                                                 |
\*---------------------------------------------------------------------------*/
FoamFile
{
    version     2.0;
    format      ascii;
    arch        "LSB;label=32;scalar=64";
    class       volScalarField;
    location    "19/fluidRegion";
    object      epsilon;
}
// * * * * * * * * * * * * * * * * * * * * * * * * * * * * * * * * * * * * * //

dimensions      [0 2 -3 0 0 0 0];

internalField   nonuniform List<scalar> 
350
(
66.8225
66.806
66.7896
66.7731
66.7568
66.7404
66.7242
66.708
66.6921
66.6763
66.6609
66.646
66.632
66.6192
66.6084
66.6004
66.597
66.6004
66.6143
66.6441
66.6984
66.79
66.9387
67.1745
67.5435
66.8225
66.806
66.7896
66.7731
66.7568
66.7404
66.7242
66.708
66.6921
66.6763
66.6609
66.646
66.632
66.6192
66.6084
66.6004
66.597
66.6004
66.6143
66.6441
66.6984
66.79
66.9387
67.1745
67.5435
4.282e+06
4.00706e+06
3.68274e+06
3.31625e+06
2.9245e+06
2.52396e+06
2.12979e+06
1.75505e+06
1.41025e+06
1.10304e+06
838055
617051
439134
301190
198455
125174
75275.8
42970
23181.6
11787.4
5670.83
2639.76
1271.57
725.049
556.135
4.36774e+06
4.08834e+06
3.75851e+06
3.38536e+06
2.98615e+06
2.57773e+06
2.17556e+06
1.79303e+06
1.44092e+06
1.12707e+06
856273
630368
448482
307464
202462
127594
76649
43695.3
23533.7
11941.8
5730.43
2659.32
1276.8
726.191
556.515
4.26785e+06
3.99365e+06
3.6703e+06
3.30495e+06
2.91445e+06
2.51524e+06
2.12238e+06
1.74892e+06
1.40532e+06
1.09919e+06
835144
614929
437647
300194
197819
124789
75056.8
42853.6
23124.4
11761.7
5660.43
2636
1270.35
724.671
556.01
4.34878e+06
4.07032e+06
3.74167e+06
3.36995e+06
2.97238e+06
2.56569e+06
2.16529e+06
1.78449e+06
1.43401e+06
1.12164e+06
852149
627348
446358
306036
201548
127042
76335.4
43529.6
23453.3
11906.5
5716.87
2654.9
1275.64
725.953
556.439
4.34878e+06
4.07032e+06
3.74167e+06
3.36995e+06
2.97238e+06
2.56569e+06
2.16529e+06
1.78449e+06
1.43401e+06
1.12164e+06
852149
627348
446358
306036
201548
127042
76335.4
43529.6
23453.3
11906.5
5716.87
2654.9
1275.64
725.953
556.439
4.26786e+06
3.99366e+06
3.67031e+06
3.30495e+06
2.91445e+06
2.51524e+06
2.12238e+06
1.74892e+06
1.40532e+06
1.09919e+06
835145
614930
437648
300194
197819
124790
75056.9
42853.6
23124.4
11761.7
5660.43
2635.99
1270.34
724.67
556.01
4.36774e+06
4.08834e+06
3.75851e+06
3.38536e+06
2.98615e+06
2.57773e+06
2.17556e+06
1.79303e+06
1.44092e+06
1.12707e+06
856273
630368
448482
307464
202462
127594
76649
43695.3
23533.7
11941.8
5730.43
2659.32
1276.8
726.191
556.515
4.282e+06
4.00706e+06
3.68274e+06
3.31625e+06
2.9245e+06
2.52396e+06
2.12979e+06
1.75505e+06
1.41025e+06
1.10304e+06
838055
617051
439134
301190
198455
125174
75275.8
42970
23181.6
11787.4
5670.83
2639.76
1271.57
725.048
556.133
4.34878e+06
4.07032e+06
3.74167e+06
3.36995e+06
2.97238e+06
2.56569e+06
2.16529e+06
1.78449e+06
1.43401e+06
1.12164e+06
852149
627348
446358
306036
201548
127042
76335.4
43529.6
23453.3
11906.5
5716.87
2654.9
1275.64
725.953
556.439
4.26785e+06
3.99365e+06
3.6703e+06
3.30495e+06
2.91445e+06
2.51524e+06
2.12238e+06
1.74892e+06
1.40532e+06
1.09919e+06
835144
614929
437647
300194
197819
124789
75056.8
42853.5
23124.3
11761.7
5660.42
2635.99
1270.34
724.668
556.008
4.26786e+06
3.99366e+06
3.67031e+06
3.30495e+06
2.91445e+06
2.51524e+06
2.12238e+06
1.74892e+06
1.40533e+06
1.09919e+06
835145
614930
437648
300194
197819
124790
75056.9
42853.6
23124.4
11761.7
5660.42
2635.99
1270.34
724.669
556.009
4.34878e+06
4.07032e+06
3.74167e+06
3.36995e+06
2.97238e+06
2.56569e+06
2.16529e+06
1.78449e+06
1.43401e+06
1.12164e+06
852149
627348
446358
306036
201548
127042
76335.3
43529.5
23453.3
11906.5
5716.86
2654.9
1275.64
725.95
556.437
)
;

boundaryField
{
    outletCentralUnloaded
    {
        type            zeroGradient;
    }
    inletCentralUnloaded
    {
        type            zeroGradient;
    }
    outletFuelElement
    {
        type            zeroGradient;
    }
    inletFuelElement
    {
        type            zeroGradient;
    }
    defaultFaces
    {
        type            zeroGradient;
    }
    baffle_master
    {
        type            zeroGradient;
    }
    baffle_slave
    {
        type            zeroGradient;
    }
}


// ************************************************************************* //
