/*--------------------------------*- C++ -*----------------------------------*\
| =========                 |                                                 |
| \\      /  F ield         | OpenFOAM: The Open Source CFD Toolbox           |
|  \\    /   O peration     | Version:  2212                                  |
|   \\  /    A nd           | Website:  www.openfoam.com                      |
|    \\/     M anipulation  |                                                 |
\*---------------------------------------------------------------------------*/
FoamFile
{
    version     2.0;
    format      ascii;
    arch        "LSB;label=32;scalar=64";
    class       volScalarField;
    location    "19/fluidRegion";
    object      k;
}
// * * * * * * * * * * * * * * * * * * * * * * * * * * * * * * * * * * * * * //

dimensions      [0 2 -2 0 0 0 0];

internalField   nonuniform List<scalar> 
350
(
0.420413
0.420344
0.420275
0.420206
0.420137
0.420069
0.420001
0.419934
0.419867
0.419802
0.419738
0.419678
0.419622
0.419572
0.419533
0.41951
0.419511
0.419549
0.419644
0.419825
0.420137
0.420652
0.421474
0.422767
0.424779
0.420413
0.420344
0.420275
0.420206
0.420137
0.420069
0.420001
0.419934
0.419867
0.419802
0.419738
0.419678
0.419622
0.419572
0.419533
0.41951
0.419511
0.419549
0.419644
0.419825
0.420137
0.420652
0.421474
0.422767
0.424779
276.556
264.147
249.203
231.864
212.688
192.254
171.139
149.901
129.061
109.094
90.4079
73.3372
58.1281
44.9311
33.7974
24.6821
17.4562
11.9254
7.85396
4.98749
3.07355
1.87673
1.19105
0.848268
0.722967
280.154
267.63
252.536
235.005
215.603
194.916
173.529
152.008
130.883
110.636
91.6817
74.3618
58.9279
45.5349
34.2365
24.9883
17.6597
12.0533
7.92909
5.02806
3.0932
1.88498
1.19391
0.849103
0.723326
275.955
263.566
248.65
231.345
212.208
191.818
170.748
149.557
128.765
108.844
90.2021
73.1721
57.9994
44.8341
33.7269
24.6329
17.4233
11.9046
7.84158
4.98062
3.07004
1.87511
1.19037
0.848008
0.722882
279.365
266.864
251.802
234.311
214.957
194.325
172.997
151.538
130.476
110.29
91.3953
74.1309
58.7472
45.3982
34.137
24.9188
17.6134
12.0242
7.91198
5.01883
3.08874
1.88312
1.19328
0.848927
0.723251
279.365
266.864
251.802
234.311
214.957
194.325
172.997
151.538
130.476
110.29
91.3953
74.1309
58.7472
45.3982
34.137
24.9188
17.6134
12.0242
7.91198
5.01883
3.08874
1.88312
1.19328
0.848927
0.723251
275.955
263.567
248.651
231.345
212.208
191.818
170.748
149.557
128.765
108.844
90.2022
73.1722
57.9995
44.8341
33.7269
24.6329
17.4233
11.9046
7.84158
4.98062
3.07004
1.87511
1.19037
0.848008
0.722883
280.154
267.63
252.536
235.005
215.603
194.916
173.529
152.008
130.883
110.636
91.6817
74.3618
58.9279
45.5349
34.2365
24.9883
17.6597
12.0533
7.92909
5.02806
3.0932
1.88498
1.19391
0.849103
0.723325
276.556
264.147
249.203
231.864
212.688
192.255
171.139
149.901
129.061
109.094
90.4079
73.3372
58.1281
44.9311
33.7974
24.6821
17.4562
11.9254
7.85396
4.98748
3.07354
1.87673
1.19105
0.848266
0.722965
279.365
266.864
251.802
234.311
214.957
194.325
172.997
151.538
130.476
110.29
91.3953
74.1309
58.7472
45.3982
34.137
24.9188
17.6134
12.0242
7.91199
5.01883
3.08874
1.88312
1.19328
0.848927
0.723251
275.955
263.566
248.65
231.345
212.208
191.818
170.748
149.557
128.765
108.844
90.2021
73.1721
57.9994
44.8341
33.7269
24.6329
17.4233
11.9046
7.84157
4.98061
3.07004
1.8751
1.19036
0.848005
0.72288
275.955
263.567
248.651
231.345
212.209
191.818
170.748
149.557
128.765
108.844
90.2022
73.1722
57.9995
44.8341
33.7269
24.6329
17.4233
11.9046
7.84158
4.98062
3.07004
1.87511
1.19036
0.848006
0.722882
279.365
266.864
251.802
234.311
214.957
194.325
172.997
151.538
130.476
110.29
91.3953
74.1309
58.7472
45.3982
34.137
24.9188
17.6134
12.0242
7.91198
5.01882
3.08874
1.88312
1.19328
0.848924
0.723248
)
;

boundaryField
{
    outletCentralUnloaded
    {
        type            zeroGradient;
    }
    inletCentralUnloaded
    {
        type            zeroGradient;
    }
    outletFuelElement
    {
        type            zeroGradient;
    }
    inletFuelElement
    {
        type            zeroGradient;
    }
    defaultFaces
    {
        type            zeroGradient;
    }
    baffle_master
    {
        type            zeroGradient;
    }
    baffle_slave
    {
        type            zeroGradient;
    }
}


// ************************************************************************* //
