/*--------------------------------*- C++ -*----------------------------------*\
| =========                 |                                                 |
| \\      /  F ield         | OpenFOAM: The Open Source CFD Toolbox           |
|  \\    /   O peration     | Version:  2212                                  |
|   \\  /    A nd           | Website:  www.openfoam.com                      |
|    \\/     M anipulation  |                                                 |
\*---------------------------------------------------------------------------*/
FoamFile
{
    version     2.0;
    format      ascii;
    arch        "LSB;label=32;scalar=64";
    class       volTensorField;
    location    "19/fluidRegion";
    object      Kd;
}
// * * * * * * * * * * * * * * * * * * * * * * * * * * * * * * * * * * * * * //

dimensions      [1 -3 -1 0 0 0 0];

internalField   nonuniform List<tensor> 
350
(
(84.6837 0 0 0 84.6837 0 0 0 84.6837)
(84.6837 0 0 0 84.6837 0 0 0 84.6837)
(84.6837 0 0 0 84.6837 0 0 0 84.6837)
(84.6837 0 0 0 84.6837 0 0 0 84.6837)
(84.6837 0 0 0 84.6837 0 0 0 84.6837)
(84.6837 0 0 0 84.6837 0 0 0 84.6837)
(84.6837 0 0 0 84.6837 0 0 0 84.6837)
(84.6837 0 0 0 84.6837 0 0 0 84.6837)
(84.6837 0 0 0 84.6837 0 0 0 84.6837)
(84.6837 0 0 0 84.6837 0 0 0 84.6837)
(84.6837 0 0 0 84.6837 0 0 0 84.6837)
(84.6837 0 0 0 84.6837 0 0 0 84.6837)
(84.6837 0 0 0 84.6837 0 0 0 84.6837)
(84.6837 0 0 0 84.6837 0 0 0 84.6837)
(84.6837 0 0 0 84.6837 0 0 0 84.6837)
(84.6837 0 0 0 84.6837 0 0 0 84.6837)
(84.6837 0 0 0 84.6837 0 0 0 84.6837)
(84.6837 0 0 0 84.6837 0 0 0 84.6837)
(84.6837 0 0 0 84.6837 0 0 0 84.6837)
(84.6837 0 0 0 84.6837 0 0 0 84.6837)
(84.6837 0 0 0 84.6837 0 0 0 84.6837)
(84.6837 0 0 0 84.6837 0 0 0 84.6837)
(84.6837 0 0 0 84.6837 0 0 0 84.6837)
(84.6837 0 0 0 84.6837 0 0 0 84.6837)
(84.8446 0 0 0 84.8446 0 0 0 84.8446)
(84.6837 0 0 0 84.6837 0 0 0 84.6837)
(84.6837 0 0 0 84.6837 0 0 0 84.6837)
(84.6837 0 0 0 84.6837 0 0 0 84.6837)
(84.6837 0 0 0 84.6837 0 0 0 84.6837)
(84.6837 0 0 0 84.6837 0 0 0 84.6837)
(84.6837 0 0 0 84.6837 0 0 0 84.6837)
(84.6837 0 0 0 84.6837 0 0 0 84.6837)
(84.6837 0 0 0 84.6837 0 0 0 84.6837)
(84.6837 0 0 0 84.6837 0 0 0 84.6837)
(84.6837 0 0 0 84.6837 0 0 0 84.6837)
(84.6837 0 0 0 84.6837 0 0 0 84.6837)
(84.6837 0 0 0 84.6837 0 0 0 84.6837)
(84.6837 0 0 0 84.6837 0 0 0 84.6837)
(84.6837 0 0 0 84.6837 0 0 0 84.6837)
(84.6837 0 0 0 84.6837 0 0 0 84.6837)
(84.6837 0 0 0 84.6837 0 0 0 84.6837)
(84.6837 0 0 0 84.6837 0 0 0 84.6837)
(84.6837 0 0 0 84.6837 0 0 0 84.6837)
(84.6837 0 0 0 84.6837 0 0 0 84.6837)
(84.6837 0 0 0 84.6837 0 0 0 84.6837)
(84.6837 0 0 0 84.6837 0 0 0 84.6837)
(84.6837 0 0 0 84.6837 0 0 0 84.6837)
(84.6837 0 0 0 84.6837 0 0 0 84.6837)
(84.6837 0 0 0 84.6837 0 0 0 84.6837)
(84.8446 0 0 0 84.8446 0 0 0 84.8446)
(664.168 0 0 0 664.168 0 0 0 664.168)
(663.19 0 0 0 663.19 0 0 0 663.19)
(663.211 0 0 0 663.211 0 0 0 663.211)
(663.222 0 0 0 663.222 0 0 0 663.222)
(663.221 0 0 0 663.221 0 0 0 663.221)
(663.207 0 0 0 663.207 0 0 0 663.207)
(663.18 0 0 0 663.18 0 0 0 663.18)
(663.137 0 0 0 663.137 0 0 0 663.137)
(663.079 0 0 0 663.079 0 0 0 663.079)
(663.004 0 0 0 663.004 0 0 0 663.004)
(662.912 0 0 0 662.912 0 0 0 662.912)
(662.802 0 0 0 662.802 0 0 0 662.802)
(662.674 0 0 0 662.674 0 0 0 662.674)
(662.526 0 0 0 662.526 0 0 0 662.526)
(662.354 0 0 0 662.354 0 0 0 662.354)
(662.148 0 0 0 662.148 0 0 0 662.148)
(661.899 0 0 0 661.899 0 0 0 661.899)
(661.602 0 0 0 661.602 0 0 0 661.602)
(661.269 0 0 0 661.269 0 0 0 661.269)
(660.973 0 0 0 660.973 0 0 0 660.973)
(660.896 0 0 0 660.896 0 0 0 660.896)
(661.5 0 0 0 661.5 0 0 0 661.5)
(663.724 0 0 0 663.724 0 0 0 663.724)
(668.957 0 0 0 668.957 0 0 0 668.957)
(670.449 0 0 0 670.449 0 0 0 670.449)
(660.093 0 0 0 660.093 0 0 0 660.093)
(659.042 0 0 0 659.042 0 0 0 659.042)
(659.015 0 0 0 659.015 0 0 0 659.015)
(658.979 0 0 0 658.979 0 0 0 658.979)
(658.935 0 0 0 658.935 0 0 0 658.935)
(658.882 0 0 0 658.882 0 0 0 658.882)
(658.818 0 0 0 658.818 0 0 0 658.818)
(658.744 0 0 0 658.744 0 0 0 658.744)
(658.659 0 0 0 658.659 0 0 0 658.659)
(658.564 0 0 0 658.564 0 0 0 658.564)
(658.46 0 0 0 658.46 0 0 0 658.46)
(658.353 0 0 0 658.353 0 0 0 658.353)
(658.247 0 0 0 658.247 0 0 0 658.247)
(658.148 0 0 0 658.148 0 0 0 658.148)
(658.056 0 0 0 658.056 0 0 0 658.056)
(657.969 0 0 0 657.969 0 0 0 657.969)
(657.878 0 0 0 657.878 0 0 0 657.878)
(657.781 0 0 0 657.781 0 0 0 657.781)
(657.692 0 0 0 657.692 0 0 0 657.692)
(657.69 0 0 0 657.69 0 0 0 657.69)
(657.973 0 0 0 657.973 0 0 0 657.973)
(659.03 0 0 0 659.03 0 0 0 659.03)
(661.833 0 0 0 661.833 0 0 0 661.833)
(667.792 0 0 0 667.792 0 0 0 667.792)
(670.081 0 0 0 670.081 0 0 0 670.081)
(664.85 0 0 0 664.85 0 0 0 664.85)
(663.874 0 0 0 663.874 0 0 0 663.874)
(663.901 0 0 0 663.901 0 0 0 663.901)
(663.917 0 0 0 663.917 0 0 0 663.917)
(663.92 0 0 0 663.92 0 0 0 663.92)
(663.909 0 0 0 663.909 0 0 0 663.909)
(663.884 0 0 0 663.884 0 0 0 663.884)
(663.843 0 0 0 663.843 0 0 0 663.843)
(663.785 0 0 0 663.785 0 0 0 663.785)
(663.71 0 0 0 663.71 0 0 0 663.71)
(663.615 0 0 0 663.615 0 0 0 663.615)
(663.5 0 0 0 663.5 0 0 0 663.5)
(663.363 0 0 0 663.363 0 0 0 663.363)
(663.202 0 0 0 663.202 0 0 0 663.202)
(663.011 0 0 0 663.011 0 0 0 663.011)
(662.78 0 0 0 662.78 0 0 0 662.78)
(662.5 0 0 0 662.5 0 0 0 662.5)
(662.163 0 0 0 662.163 0 0 0 662.163)
(661.783 0 0 0 661.783 0 0 0 661.783)
(661.431 0 0 0 661.431 0 0 0 661.431)
(661.285 0 0 0 661.285 0 0 0 661.285)
(661.805 0 0 0 661.805 0 0 0 661.805)
(663.926 0 0 0 663.926 0 0 0 663.926)
(669.046 0 0 0 669.046 0 0 0 669.046)
(670.462 0 0 0 670.462 0 0 0 670.462)
(661.005 0 0 0 661.005 0 0 0 661.005)
(659.974 0 0 0 659.974 0 0 0 659.974)
(659.96 0 0 0 659.96 0 0 0 659.96)
(659.936 0 0 0 659.936 0 0 0 659.936)
(659.903 0 0 0 659.903 0 0 0 659.903)
(659.861 0 0 0 659.861 0 0 0 659.861)
(659.807 0 0 0 659.807 0 0 0 659.807)
(659.742 0 0 0 659.742 0 0 0 659.742)
(659.665 0 0 0 659.665 0 0 0 659.665)
(659.575 0 0 0 659.575 0 0 0 659.575)
(659.476 0 0 0 659.476 0 0 0 659.476)
(659.37 0 0 0 659.37 0 0 0 659.37)
(659.261 0 0 0 659.261 0 0 0 659.261)
(659.152 0 0 0 659.152 0 0 0 659.152)
(659.043 0 0 0 659.043 0 0 0 659.043)
(658.93 0 0 0 658.93 0 0 0 658.93)
(658.805 0 0 0 658.805 0 0 0 658.805)
(658.663 0 0 0 658.663 0 0 0 658.663)
(658.519 0 0 0 658.519 0 0 0 658.519)
(658.451 0 0 0 658.451 0 0 0 658.451)
(658.653 0 0 0 658.653 0 0 0 658.653)
(659.608 0 0 0 659.608 0 0 0 659.608)
(662.279 0 0 0 662.279 0 0 0 662.279)
(668.072 0 0 0 668.072 0 0 0 668.072)
(670.172 0 0 0 670.172 0 0 0 670.172)
(661.005 0 0 0 661.005 0 0 0 661.005)
(659.974 0 0 0 659.974 0 0 0 659.974)
(659.96 0 0 0 659.96 0 0 0 659.96)
(659.936 0 0 0 659.936 0 0 0 659.936)
(659.903 0 0 0 659.903 0 0 0 659.903)
(659.861 0 0 0 659.861 0 0 0 659.861)
(659.807 0 0 0 659.807 0 0 0 659.807)
(659.742 0 0 0 659.742 0 0 0 659.742)
(659.665 0 0 0 659.665 0 0 0 659.665)
(659.575 0 0 0 659.575 0 0 0 659.575)
(659.476 0 0 0 659.476 0 0 0 659.476)
(659.37 0 0 0 659.37 0 0 0 659.37)
(659.261 0 0 0 659.261 0 0 0 659.261)
(659.152 0 0 0 659.152 0 0 0 659.152)
(659.043 0 0 0 659.043 0 0 0 659.043)
(658.93 0 0 0 658.93 0 0 0 658.93)
(658.805 0 0 0 658.805 0 0 0 658.805)
(658.663 0 0 0 658.663 0 0 0 658.663)
(658.519 0 0 0 658.519 0 0 0 658.519)
(658.451 0 0 0 658.451 0 0 0 658.451)
(658.653 0 0 0 658.653 0 0 0 658.653)
(659.608 0 0 0 659.608 0 0 0 659.608)
(662.279 0 0 0 662.279 0 0 0 662.279)
(668.072 0 0 0 668.072 0 0 0 668.072)
(670.172 0 0 0 670.172 0 0 0 670.172)
(664.85 0 0 0 664.85 0 0 0 664.85)
(663.873 0 0 0 663.873 0 0 0 663.873)
(663.901 0 0 0 663.901 0 0 0 663.901)
(663.917 0 0 0 663.917 0 0 0 663.917)
(663.92 0 0 0 663.92 0 0 0 663.92)
(663.909 0 0 0 663.909 0 0 0 663.909)
(663.884 0 0 0 663.884 0 0 0 663.884)
(663.843 0 0 0 663.843 0 0 0 663.843)
(663.785 0 0 0 663.785 0 0 0 663.785)
(663.71 0 0 0 663.71 0 0 0 663.71)
(663.615 0 0 0 663.615 0 0 0 663.615)
(663.5 0 0 0 663.5 0 0 0 663.5)
(663.363 0 0 0 663.363 0 0 0 663.363)
(663.202 0 0 0 663.202 0 0 0 663.202)
(663.011 0 0 0 663.011 0 0 0 663.011)
(662.78 0 0 0 662.78 0 0 0 662.78)
(662.499 0 0 0 662.499 0 0 0 662.499)
(662.163 0 0 0 662.163 0 0 0 662.163)
(661.783 0 0 0 661.783 0 0 0 661.783)
(661.43 0 0 0 661.43 0 0 0 661.43)
(661.284 0 0 0 661.284 0 0 0 661.284)
(661.804 0 0 0 661.804 0 0 0 661.804)
(663.925 0 0 0 663.925 0 0 0 663.925)
(669.045 0 0 0 669.045 0 0 0 669.045)
(670.462 0 0 0 670.462 0 0 0 670.462)
(660.093 0 0 0 660.093 0 0 0 660.093)
(659.042 0 0 0 659.042 0 0 0 659.042)
(659.015 0 0 0 659.015 0 0 0 659.015)
(658.979 0 0 0 658.979 0 0 0 658.979)
(658.935 0 0 0 658.935 0 0 0 658.935)
(658.882 0 0 0 658.882 0 0 0 658.882)
(658.818 0 0 0 658.818 0 0 0 658.818)
(658.744 0 0 0 658.744 0 0 0 658.744)
(658.659 0 0 0 658.659 0 0 0 658.659)
(658.564 0 0 0 658.564 0 0 0 658.564)
(658.46 0 0 0 658.46 0 0 0 658.46)
(658.353 0 0 0 658.353 0 0 0 658.353)
(658.247 0 0 0 658.247 0 0 0 658.247)
(658.148 0 0 0 658.148 0 0 0 658.148)
(658.056 0 0 0 658.056 0 0 0 658.056)
(657.969 0 0 0 657.969 0 0 0 657.969)
(657.878 0 0 0 657.878 0 0 0 657.878)
(657.781 0 0 0 657.781 0 0 0 657.781)
(657.692 0 0 0 657.692 0 0 0 657.692)
(657.69 0 0 0 657.69 0 0 0 657.69)
(657.973 0 0 0 657.973 0 0 0 657.973)
(659.03 0 0 0 659.03 0 0 0 659.03)
(661.833 0 0 0 661.833 0 0 0 661.833)
(667.792 0 0 0 667.792 0 0 0 667.792)
(670.081 0 0 0 670.081 0 0 0 670.081)
(664.168 0 0 0 664.168 0 0 0 664.168)
(663.19 0 0 0 663.19 0 0 0 663.19)
(663.211 0 0 0 663.211 0 0 0 663.211)
(663.222 0 0 0 663.222 0 0 0 663.222)
(663.221 0 0 0 663.221 0 0 0 663.221)
(663.207 0 0 0 663.207 0 0 0 663.207)
(663.18 0 0 0 663.18 0 0 0 663.18)
(663.137 0 0 0 663.137 0 0 0 663.137)
(663.079 0 0 0 663.079 0 0 0 663.079)
(663.004 0 0 0 663.004 0 0 0 663.004)
(662.912 0 0 0 662.912 0 0 0 662.912)
(662.802 0 0 0 662.802 0 0 0 662.802)
(662.674 0 0 0 662.674 0 0 0 662.674)
(662.526 0 0 0 662.526 0 0 0 662.526)
(662.354 0 0 0 662.354 0 0 0 662.354)
(662.148 0 0 0 662.148 0 0 0 662.148)
(661.899 0 0 0 661.899 0 0 0 661.899)
(661.602 0 0 0 661.602 0 0 0 661.602)
(661.269 0 0 0 661.269 0 0 0 661.269)
(660.973 0 0 0 660.973 0 0 0 660.973)
(660.896 0 0 0 660.896 0 0 0 660.896)
(661.5 0 0 0 661.5 0 0 0 661.5)
(663.724 0 0 0 663.724 0 0 0 663.724)
(668.957 0 0 0 668.957 0 0 0 668.957)
(670.449 0 0 0 670.449 0 0 0 670.449)
(661.005 0 0 0 661.005 0 0 0 661.005)
(659.974 0 0 0 659.974 0 0 0 659.974)
(659.96 0 0 0 659.96 0 0 0 659.96)
(659.936 0 0 0 659.936 0 0 0 659.936)
(659.903 0 0 0 659.903 0 0 0 659.903)
(659.861 0 0 0 659.861 0 0 0 659.861)
(659.807 0 0 0 659.807 0 0 0 659.807)
(659.742 0 0 0 659.742 0 0 0 659.742)
(659.665 0 0 0 659.665 0 0 0 659.665)
(659.575 0 0 0 659.575 0 0 0 659.575)
(659.476 0 0 0 659.476 0 0 0 659.476)
(659.37 0 0 0 659.37 0 0 0 659.37)
(659.261 0 0 0 659.261 0 0 0 659.261)
(659.152 0 0 0 659.152 0 0 0 659.152)
(659.043 0 0 0 659.043 0 0 0 659.043)
(658.93 0 0 0 658.93 0 0 0 658.93)
(658.805 0 0 0 658.805 0 0 0 658.805)
(658.663 0 0 0 658.663 0 0 0 658.663)
(658.519 0 0 0 658.519 0 0 0 658.519)
(658.451 0 0 0 658.451 0 0 0 658.451)
(658.653 0 0 0 658.653 0 0 0 658.653)
(659.608 0 0 0 659.608 0 0 0 659.608)
(662.279 0 0 0 662.279 0 0 0 662.279)
(668.072 0 0 0 668.072 0 0 0 668.072)
(670.172 0 0 0 670.172 0 0 0 670.172)
(664.85 0 0 0 664.85 0 0 0 664.85)
(663.874 0 0 0 663.874 0 0 0 663.874)
(663.901 0 0 0 663.901 0 0 0 663.901)
(663.917 0 0 0 663.917 0 0 0 663.917)
(663.92 0 0 0 663.92 0 0 0 663.92)
(663.909 0 0 0 663.909 0 0 0 663.909)
(663.884 0 0 0 663.884 0 0 0 663.884)
(663.843 0 0 0 663.843 0 0 0 663.843)
(663.786 0 0 0 663.786 0 0 0 663.786)
(663.71 0 0 0 663.71 0 0 0 663.71)
(663.615 0 0 0 663.615 0 0 0 663.615)
(663.5 0 0 0 663.5 0 0 0 663.5)
(663.363 0 0 0 663.363 0 0 0 663.363)
(663.202 0 0 0 663.202 0 0 0 663.202)
(663.011 0 0 0 663.011 0 0 0 663.011)
(662.78 0 0 0 662.78 0 0 0 662.78)
(662.5 0 0 0 662.5 0 0 0 662.5)
(662.163 0 0 0 662.163 0 0 0 662.163)
(661.783 0 0 0 661.783 0 0 0 661.783)
(661.431 0 0 0 661.431 0 0 0 661.431)
(661.285 0 0 0 661.285 0 0 0 661.285)
(661.805 0 0 0 661.805 0 0 0 661.805)
(663.926 0 0 0 663.926 0 0 0 663.926)
(669.046 0 0 0 669.046 0 0 0 669.046)
(670.462 0 0 0 670.462 0 0 0 670.462)
(664.85 0 0 0 664.85 0 0 0 664.85)
(663.873 0 0 0 663.873 0 0 0 663.873)
(663.901 0 0 0 663.901 0 0 0 663.901)
(663.917 0 0 0 663.917 0 0 0 663.917)
(663.92 0 0 0 663.92 0 0 0 663.92)
(663.909 0 0 0 663.909 0 0 0 663.909)
(663.884 0 0 0 663.884 0 0 0 663.884)
(663.843 0 0 0 663.843 0 0 0 663.843)
(663.785 0 0 0 663.785 0 0 0 663.785)
(663.71 0 0 0 663.71 0 0 0 663.71)
(663.615 0 0 0 663.615 0 0 0 663.615)
(663.5 0 0 0 663.5 0 0 0 663.5)
(663.363 0 0 0 663.363 0 0 0 663.363)
(663.202 0 0 0 663.202 0 0 0 663.202)
(663.011 0 0 0 663.011 0 0 0 663.011)
(662.78 0 0 0 662.78 0 0 0 662.78)
(662.499 0 0 0 662.499 0 0 0 662.499)
(662.163 0 0 0 662.163 0 0 0 662.163)
(661.783 0 0 0 661.783 0 0 0 661.783)
(661.43 0 0 0 661.43 0 0 0 661.43)
(661.284 0 0 0 661.284 0 0 0 661.284)
(661.804 0 0 0 661.804 0 0 0 661.804)
(663.925 0 0 0 663.925 0 0 0 663.925)
(669.045 0 0 0 669.045 0 0 0 669.045)
(670.462 0 0 0 670.462 0 0 0 670.462)
(661.005 0 0 0 661.005 0 0 0 661.005)
(659.974 0 0 0 659.974 0 0 0 659.974)
(659.96 0 0 0 659.96 0 0 0 659.96)
(659.936 0 0 0 659.936 0 0 0 659.936)
(659.904 0 0 0 659.904 0 0 0 659.904)
(659.861 0 0 0 659.861 0 0 0 659.861)
(659.807 0 0 0 659.807 0 0 0 659.807)
(659.742 0 0 0 659.742 0 0 0 659.742)
(659.665 0 0 0 659.665 0 0 0 659.665)
(659.575 0 0 0 659.575 0 0 0 659.575)
(659.476 0 0 0 659.476 0 0 0 659.476)
(659.37 0 0 0 659.37 0 0 0 659.37)
(659.261 0 0 0 659.261 0 0 0 659.261)
(659.152 0 0 0 659.152 0 0 0 659.152)
(659.043 0 0 0 659.043 0 0 0 659.043)
(658.93 0 0 0 658.93 0 0 0 658.93)
(658.805 0 0 0 658.805 0 0 0 658.805)
(658.663 0 0 0 658.663 0 0 0 658.663)
(658.519 0 0 0 658.519 0 0 0 658.519)
(658.451 0 0 0 658.451 0 0 0 658.451)
(658.653 0 0 0 658.653 0 0 0 658.653)
(659.608 0 0 0 659.608 0 0 0 659.608)
(662.279 0 0 0 662.279 0 0 0 662.279)
(668.072 0 0 0 668.072 0 0 0 668.072)
(670.172 0 0 0 670.172 0 0 0 670.172)
)
;

boundaryField
{
    outletCentralUnloaded
    {
        type            zeroGradient;
    }
    inletCentralUnloaded
    {
        type            zeroGradient;
    }
    outletFuelElement
    {
        type            zeroGradient;
    }
    inletFuelElement
    {
        type            zeroGradient;
    }
    defaultFaces
    {
        type            zeroGradient;
    }
    baffle_master
    {
        type            zeroGradient;
    }
    baffle_slave
    {
        type            zeroGradient;
    }
}


// ************************************************************************* //
