/*--------------------------------*- C++ -*----------------------------------*\
| =========                 |                                                 |
| \\      /  F ield         | OpenFOAM: The Open Source CFD Toolbox           |
|  \\    /   O peration     | Version:  2212                                  |
|   \\  /    A nd           | Website:  www.openfoam.com                      |
|    \\/     M anipulation  |                                                 |
\*---------------------------------------------------------------------------*/
FoamFile
{
    version     2.0;
    format      ascii;
    arch        "LSB;label=32;scalar=64";
    class       volVectorField;
    location    "19/fluidRegion";
    object      U;
}
// * * * * * * * * * * * * * * * * * * * * * * * * * * * * * * * * * * * * * //

dimensions      [0 1 -1 0 0 0 0];

internalField   nonuniform List<vector> 
350
(
(1.8679e-12 1.07843e-12 -14.9544)
(2.00068e-12 1.15509e-12 -14.9532)
(3.29264e-12 1.901e-12 -14.9519)
(3.85927e-12 2.22814e-12 -14.9507)
(6.333e-12 3.65635e-12 -14.9495)
(9.48988e-12 5.47897e-12 -14.9482)
(1.53363e-11 8.85437e-12 -14.947)
(2.59452e-11 1.49794e-11 -14.9458)
(4.36699e-11 2.52128e-11 -14.9446)
(7.46301e-11 4.30876e-11 -14.9433)
(1.25745e-10 7.25988e-11 -14.9421)
(2.13344e-10 1.23174e-10 -14.9409)
(3.5826e-10 2.06841e-10 -14.9397)
(5.95918e-10 3.44053e-10 -14.9384)
(9.79598e-10 5.6557e-10 -14.9372)
(1.58445e-09 9.14781e-10 -14.936)
(2.51326e-09 1.45103e-09 -14.9348)
(3.8906e-09 2.24623e-09 -14.9335)
(5.85151e-09 3.37836e-09 -14.9323)
(8.50959e-09 4.913e-09 -14.9311)
(1.19197e-08 6.88181e-09 -14.9299)
(1.57569e-08 9.09722e-09 -14.9287)
(1.70911e-08 9.8675e-09 -14.9275)
(2.46606e-09 1.42378e-09 -14.9263)
(-3.82127e-08 -2.20621e-08 -14.9629)
(1.86789e-12 1.07843e-12 -14.9544)
(2.00067e-12 1.15508e-12 -14.9532)
(3.29262e-12 1.90099e-12 -14.9519)
(3.85925e-12 2.22814e-12 -14.9507)
(6.33299e-12 3.65634e-12 -14.9495)
(9.48987e-12 5.47896e-12 -14.9482)
(1.53362e-11 8.85436e-12 -14.947)
(2.59452e-11 1.49794e-11 -14.9458)
(4.36699e-11 2.52128e-11 -14.9446)
(7.46301e-11 4.30876e-11 -14.9433)
(1.25745e-10 7.25988e-11 -14.9421)
(2.13344e-10 1.23174e-10 -14.9409)
(3.5826e-10 2.06841e-10 -14.9397)
(5.95918e-10 3.44053e-10 -14.9384)
(9.79598e-10 5.6557e-10 -14.9372)
(1.58445e-09 9.14781e-10 -14.936)
(2.51326e-09 1.45103e-09 -14.9348)
(3.8906e-09 2.24623e-09 -14.9335)
(5.85151e-09 3.37836e-09 -14.9323)
(8.50959e-09 4.913e-09 -14.9311)
(1.19197e-08 6.88181e-09 -14.9299)
(1.57569e-08 9.09722e-09 -14.9287)
(1.70911e-08 9.8675e-09 -14.9275)
(2.46606e-09 1.42378e-09 -14.9263)
(-3.82127e-08 -2.20621e-08 -14.9629)
(-0.00137649 -0.000794717 -344.602)
(-0.000925526 -0.000534352 -340.149)
(-0.00104122 -0.000601148 -334.048)
(-0.000928674 -0.00053617 -325.741)
(-0.000830181 -0.000479305 -315.382)
(-0.000732804 -0.000423084 -303.14)
(-0.000634295 -0.00036621 -289.196)
(-0.000528644 -0.000305212 -273.74)
(-0.000408703 -0.000235965 -256.974)
(-0.000265492 -0.000153282 -239.115)
(-9.20043e-05 -5.31187e-05 -220.393)
(0.000113182 6.53454e-05 -201.058)
(0.000337539 0.000194878 -181.38)
(0.000564799 0.000326086 -161.649)
(0.000767381 0.000443047 -142.169)
(0.000921375 0.000531956 -123.242)
(0.00101426 0.000585581 -105.157)
(0.00105065 0.000606594 -88.1762)
(0.00104687 0.000604413 -72.525)
(0.0010228 0.000590512 -58.4019)
(0.000990921 0.000572108 -45.9868)
(0.000948647 0.000547701 -35.4539)
(0.00088043 0.000508316 -26.9788)
(0.000748561 0.000432181 -20.7268)
(0.000657698 0.000379722 -16.588)
(-0.00127685 -0.000738164 -346.65)
(-0.000648814 -0.000362925 -342.187)
(-0.000787881 -0.000452929 -336.082)
(-0.000707723 -0.00041247 -327.751)
(-0.000637751 -0.000377315 -317.352)
(-0.000569163 -0.000338649 -305.054)
(-0.00049964 -0.000299111 -291.04)
(-0.000424744 -0.000254858 -275.5)
(-0.000339309 -0.00020517 -258.637)
(-0.000237213 -0.000144736 -240.669)
(-0.000113485 -7.25213e-05 -221.826)
(3.35711e-05 1.39482e-05 -202.359)
(0.000190213 0.000105139 -182.542)
(0.000348021 0.000198132 -162.667)
(0.000487128 0.000279506 -143.04)
(0.000591377 0.000341709 -123.969)
(0.000653107 0.000378333 -105.746)
(0.000675889 0.000393224 -88.6362)
(0.000671641 0.000391172 -72.8691)
(0.000654 0.000381816 -58.6449)
(0.000632658 0.000368155 -46.1449)
(0.000607126 0.000352599 -35.5449)
(0.000570911 0.000330288 -27.0214)
(0.000509013 0.000294939 -20.7401)
(0.000476085 0.000276932 -16.5897)
(-0.000672498 -0.000656079 -344.271)
(-0.000525952 -0.00105698 -339.815)
(-0.000531232 -0.000990581 -333.717)
(-0.000475736 -0.000867396 -325.416)
(-0.000421648 -0.000755828 -315.064)
(-0.000368962 -0.000647223 -302.832)
(-0.000314731 -0.000537417 -288.9)
(-0.000255286 -0.000420905 -273.458)
(-0.000185959 -0.000288151 -256.709)
(-0.000102 -0.000129895 -238.868)
(-8.9155e-07 6.2028e-05 -220.165)
(0.000118522 0.000286546 -200.851)
(0.000242634 0.000540144 -181.195)
(0.00036466 0.000796465 -161.488)
(0.000468051 0.00102647 -142.031)
(0.000540842 0.00120118 -123.126)
(0.000578889 0.00130643 -105.064)
(0.000586578 0.00134639 -88.1022)
(0.000574471 0.00134039 -72.4688)
(0.00055293 0.00131007 -58.3612)
(0.000528147 0.00126827 -45.959)
(0.000498828 0.00120677 -35.4362)
(0.000453047 0.00109506 -26.9684)
(0.00038436 0.000866615 -20.7213)
(0.000311874 0.000668004 -16.5862)
(-0.000840605 -0.000485322 -346.194)
(-0.000991431 -0.000572401 -341.733)
(-0.000954431 -0.000551039 -335.627)
(-0.000842451 -0.000486388 -327.301)
(-0.000738737 -0.000426509 -316.91)
(-0.00063771 -0.000368181 -304.624)
(-0.00053489 -0.000308818 -290.625)
(-0.000424649 -0.00024517 -275.103)
(-0.000297985 -0.000172041 -258.262)
(-0.000146079 -8.43388e-05 -240.317)
(3.75655e-05 2.16884e-05 -221.501)
(0.000253185 0.000146176 -202.064)
(0.000489754 0.000282758 -182.278)
(0.000726725 0.000419574 -162.435)
(0.00093549 0.000540104 -142.842)
(0.00109043 0.000629559 -123.803)
(0.00118002 0.000681281 -105.612)
(0.00120963 0.000698379 -88.5314)
(0.00119813 0.000691738 -72.7907)
(0.00116553 0.000672914 -58.5896)
(0.00112369 0.000648762 -46.1091)
(0.00106695 0.000616005 -35.5244)
(0.000968607 0.000559224 -27.0121)
(0.000783341 0.000452261 -20.7375)
(0.000614236 0.000354628 -16.5895)
(0.000830728 0.00047962 -346.194)
(0.000993601 0.000573654 -341.733)
(0.000953568 0.000550541 -335.627)
(0.000842001 0.000486129 -327.301)
(0.000738069 0.000426123 -316.91)
(0.000637018 0.000367782 -304.624)
(0.000534307 0.000308481 -290.625)
(0.000423899 0.000244738 -275.103)
(0.000297153 0.000171561 -258.262)
(0.000145354 8.39202e-05 -240.317)
(-3.85957e-05 -2.22832e-05 -221.501)
(-0.000254318 -0.000146831 -202.064)
(-0.000491228 -0.00028361 -182.278)
(-0.000728298 -0.000420482 -162.435)
(-0.000936971 -0.000540959 -142.842)
(-0.00109164 -0.000630258 -123.803)
(-0.00118114 -0.000681931 -105.612)
(-0.00121091 -0.000699119 -88.5314)
(-0.00119945 -0.000692502 -72.7907)
(-0.00116683 -0.000673668 -58.5896)
(-0.00112515 -0.000649602 -46.1091)
(-0.00106787 -0.000616536 -35.5244)
(-0.00096878 -0.000559324 -27.0121)
(-0.000782663 -0.00045187 -20.7375)
(-0.000612131 -0.000353413 -16.5895)
(0.000896372 0.000262084 -344.271)
(0.0011787 -6.9658e-05 -339.815)
(0.00112244 -3.37901e-05 -333.718)
(0.000988784 -2.21058e-05 -325.416)
(0.000865734 -1.55959e-05 -315.064)
(0.00074525 -6.5205e-06 -302.832)
(0.000623314 6.42005e-07 -288.9)
(0.000492312 8.43073e-06 -273.458)
(0.000342767 1.43268e-05 -256.709)
(0.000163388 2.20812e-05 -238.868)
(-5.3435e-05 3.00565e-05 -220.165)
(-0.000307975 4.01014e-05 -200.851)
(-0.00058971 5.89726e-05 -181.196)
(-0.000873036 8.24614e-05 -161.488)
(-0.00112387 0.000107952 -142.031)
(-0.00131176 0.000133435 -123.126)
(-0.00142188 0.00015308 -105.064)
(-0.0014606 0.000167103 -88.1022)
(-0.00144931 0.000174357 -72.4688)
(-0.00141241 0.000178368 -58.3612)
(-0.00136365 0.000178071 -45.959)
(-0.00129544 0.000172656 -35.4361)
(-0.00117509 0.000155494 -26.9683)
(-0.000942343 0.000100579 -20.7212)
(-0.000733143 6.36655e-05 -16.5862)
(0.0012728 0.000753379 -346.65)
(0.000643058 0.000382319 -342.187)
(0.000784928 0.000458339 -336.082)
(0.000708684 0.000406724 -327.751)
(0.000641641 0.000361149 -317.352)
(0.000574267 0.000321515 -305.054)
(0.000504906 0.000280142 -291.04)
(0.000429816 0.000238679 -275.5)
(0.000343893 0.000189083 -258.637)
(0.000241387 0.000132314 -240.669)
(0.000116641 6.11004e-05 -221.826)
(-3.08746e-05 -2.1693e-05 -202.359)
(-0.000188401 -0.000111982 -182.542)
(-0.000347034 -0.000200982 -162.667)
(-0.000486918 -0.000280816 -143.04)
(-0.000591928 -0.000338911 -123.969)
(-0.00065443 -0.000374169 -105.746)
(-0.000678086 -0.000385616 -88.6362)
(-0.000674386 -0.000383221 -72.8691)
(-0.000657048 -0.000372125 -58.6449)
(-0.00063525 -0.000361348 -46.1449)
(-0.000608844 -0.000347455 -35.5449)
(-0.000571695 -0.000328824 -27.0214)
(-0.000509604 -0.000293639 -20.7401)
(-0.000476464 -0.000275554 -16.5897)
(0.00137907 0.000796203 -344.602)
(0.000928326 0.000535969 -340.149)
(0.00104118 0.000601127 -334.048)
(0.000927265 0.000535356 -325.741)
(0.000827189 0.000477577 -315.382)
(0.000730174 0.000421566 -303.14)
(0.000631204 0.000364426 -289.196)
(0.000526321 0.000303871 -273.74)
(0.000406172 0.000234503 -256.974)
(0.000263842 0.000152329 -239.115)
(9.01738e-05 5.20618e-05 -220.393)
(-0.000114145 -6.59018e-05 -201.058)
(-0.00033864 -0.000195514 -181.38)
(-0.000565104 -0.000326263 -161.649)
(-0.000767624 -0.000443188 -142.169)
(-0.000920788 -0.000531617 -123.242)
(-0.00101367 -0.00058524 -105.157)
(-0.00104946 -0.000605904 -88.1762)
(-0.00104587 -0.000603832 -72.525)
(-0.00102144 -0.00058973 -58.4019)
(-0.000990202 -0.000571693 -45.9868)
(-0.000948008 -0.000547332 -35.4539)
(-0.000880443 -0.000508324 -26.9788)
(-0.000748505 -0.000432149 -20.7268)
(-0.000657485 -0.000379599 -16.588)
(0.000841111 0.000485614 -346.194)
(0.000991188 0.000572261 -341.733)
(0.0009542 0.000550906 -335.627)
(0.000842091 0.00048618 -327.301)
(0.000738111 0.000426147 -316.91)
(0.000637121 0.000367841 -304.624)
(0.000534377 0.000308522 -290.625)
(0.000424241 0.000244935 -275.103)
(0.00029757 0.000171802 -258.262)
(0.000146012 8.42996e-05 -240.317)
(-3.76489e-05 -2.17365e-05 -221.501)
(-0.000253156 -0.000146159 -202.064)
(-0.000489896 -0.000282841 -182.278)
(-0.000726807 -0.000419621 -162.435)
(-0.000935387 -0.000540044 -142.842)
(-0.00109002 -0.000629321 -123.803)
(-0.00117948 -0.000680972 -105.612)
(-0.00120923 -0.000698148 -88.5314)
(-0.00119775 -0.00069152 -72.7907)
(-0.00116521 -0.000672735 -58.5896)
(-0.00112357 -0.00064869 -46.1091)
(-0.00106664 -0.000615826 -35.5244)
(-0.000968139 -0.000558954 -27.0121)
(-0.000782815 -0.000451957 -20.7375)
(-0.00061363 -0.000354278 -16.5895)
(0.000669004 0.000660217 -344.27)
(0.000521099 0.00106209 -339.815)
(0.000529017 0.000992417 -333.717)
(0.000476775 0.000865811 -325.416)
(0.000424957 0.000751473 -315.064)
(0.000373211 0.000642225 -302.832)
(0.000319122 0.000532108 -288.9)
(0.000259494 0.000416148 -273.458)
(0.000189748 0.000283658 -256.709)
(0.000105539 0.000126133 -238.868)
(3.59134e-06 -6.5076e-05 -220.165)
(-0.00011622 -0.000288877 -200.851)
(-0.000241156 -0.000541881 -181.195)
(-0.000363879 -0.000797215 -161.488)
(-0.000467836 -0.00102661 -142.031)
(-0.000541151 -0.00120037 -123.126)
(-0.000579764 -0.00130506 -105.064)
(-0.000588238 -0.00134412 -88.1022)
(-0.000576551 -0.00133785 -72.4688)
(-0.000555289 -0.0013072 -58.3612)
(-0.000530158 -0.00126604 -45.959)
(-0.000500047 -0.00120522 -35.4362)
(-0.000453393 -0.00109446 -26.9684)
(-0.000384535 -0.00086607 -20.7213)
(-0.000311867 -0.00066747 -16.5862)
(-0.00089594 -0.000250432 -344.271)
(-0.00117862 8.45115e-05 -339.815)
(-0.00112288 3.75352e-05 -333.718)
(-0.000989013 1.78575e-05 -325.416)
(-0.000866196 3.1832e-06 -315.064)
(-0.000745234 -6.09991e-06 -302.832)
(-0.000623561 -1.495e-05 -288.9)
(-0.000492164 -2.02677e-05 -273.458)
(-0.000342929 -2.64717e-05 -256.709)
(-0.000163109 -3.09472e-05 -238.868)
(5.33187e-05 -3.87601e-05 -220.165)
(0.000308165 -4.56322e-05 -200.851)
(0.000589586 -6.43433e-05 -181.196)
(0.000873197 -8.45877e-05 -161.488)
(0.00112381 -0.00010915 -142.031)
(0.00131203 -0.000131152 -123.126)
(0.00142192 -0.000149998 -105.064)
(0.00146082 -0.000161325 -88.1022)
(0.00144928 -0.000168579 -72.4688)
(0.00141256 -0.000171062 -58.3612)
(0.00136355 -0.000173208 -45.959)
(0.00129558 -0.000168699 -35.4361)
(0.0011751 -0.000154373 -26.9683)
(0.000942525 -9.94789e-05 -20.7212)
(0.000733307 -6.25039e-05 -16.5862)
(-0.000827282 -0.000477631 -346.194)
(-0.00099014 -0.000571656 -341.733)
(-0.000952962 -0.000550191 -335.627)
(-0.000843297 -0.000486876 -327.301)
(-0.000741596 -0.000428159 -316.91)
(-0.000640356 -0.000369709 -304.624)
(-0.00053811 -0.000310677 -290.625)
(-0.000426872 -0.000246454 -275.103)
(-0.000300368 -0.000173417 -258.262)
(-0.000147325 -8.50579e-05 -240.317)
(3.64088e-05 2.10206e-05 -221.501)
(0.000253104 0.00014613 -202.064)
(0.000489773 0.00028277 -182.278)
(0.00072779 0.000420189 -162.435)
(0.000936675 0.000540788 -142.842)
(0.00109255 0.000630781 -123.803)
(0.0011822 0.00068254 -105.612)
(0.00121259 0.00070009 -88.5314)
(0.001201 0.000693398 -72.7907)
(0.00116882 0.000674815 -58.5896)
(0.00112631 0.000650272 -46.1091)
(0.0010691 0.000617246 -35.5244)
(0.000969382 0.000559672 -27.0121)
(0.000783393 0.000452291 -20.7375)
(0.00061283 0.000353817 -16.5895)
)
;

boundaryField
{
    outletCentralUnloaded
    {
        type            zeroGradient;
    }
    inletCentralUnloaded
    {
        type            fixedValue;
        value           uniform (0 0 -15);
    }
    outletFuelElement
    {
        type            zeroGradient;
    }
    inletFuelElement
    {
        type            fixedValue;
        value           uniform (0 0 -15);
    }
    defaultFaces
    {
        type            slip;
    }
    baffle_master
    {
        type            slip;
    }
    baffle_slave
    {
        type            slip;
    }
}


// ************************************************************************* //
