/*--------------------------------*- C++ -*----------------------------------*\
| =========                 |                                                 |
| \\      /  F ield         | OpenFOAM: The Open Source CFD Toolbox           |
|  \\    /   O peration     | Version:  2212                                  |
|   \\  /    A nd           | Website:  www.openfoam.com                      |
|    \\/     M anipulation  |                                                 |
\*---------------------------------------------------------------------------*/
FoamFile
{
    version     2.0;
    format      ascii;
    arch        "LSB;label=32;scalar=64";
    class       volScalarField;
    location    "15/neutroRegion";
    object      TFuel;
}
// * * * * * * * * * * * * * * * * * * * * * * * * * * * * * * * * * * * * * //

dimensions      [0 0 0 1 0 0 0];

internalField   nonuniform List<scalar> 
350
(
0
0
0
0
0
0
0
0
0
0
0
0
0
0
0
0
0
0
0
0
0
0
0
0
0
0
0
0
0
0
0
0
0
0
0
0
0
0
0
0
0
0
0
0
0
0
0
0
0
0
1122.09
1618.44
2098.74
2555.59
2981.97
3371.33
3717.67
4015.68
4260.79
4449.27
4578.24
4645.78
4650.89
4593.55
4474.66
4296.03
4060.28
3770.79
3431.53
3046.98
2621.79
2160.97
1669.72
1154.1
622.832
1131.72
1633.89
2119.81
2581.99
3013.32
3407.17
3757.5
4058.91
4306.79
4497.37
4627.73
4695.94
4700.99
4642.86
4522.47
4341.66
4103.09
3810.19
3466.96
3077.95
2647.87
2181.75
1684.87
1163.31
625.923
1120.52
1615.94
2095.35
2551.36
2976.96
3365.6
3711.31
4008.79
4253.46
4441.61
4570.36
4637.8
4642.92
4585.71
4467.06
4288.78
4053.48
3764.54
3425.9
3042.06
2617.65
2157.67
1667.32
1152.64
622.342
1129.54
1630.37
2114.99
2575.94
3006.13
3398.94
3748.35
4048.97
4296.22
4486.3
4616.35
4684.4
4689.46
4631.51
4511.47
4331.16
4093.24
3801.12
3458.8
3070.82
2641.86
2176.97
1681.38
1161.18
625.212
1129.54
1630.37
2114.99
2575.94
3006.13
3398.94
3748.35
4048.97
4296.22
4486.3
4616.35
4684.4
4689.46
4631.51
4511.47
4331.16
4093.24
3801.12
3458.8
3070.82
2641.86
2176.97
1681.38
1161.18
625.212
1120.52
1615.94
2095.35
2551.36
2976.96
3365.6
3711.31
4008.79
4253.46
4441.61
4570.36
4637.8
4642.92
4585.71
4467.06
4288.78
4053.48
3764.54
3425.9
3042.06
2617.65
2157.67
1667.32
1152.64
622.342
1131.72
1633.89
2119.81
2581.99
3013.32
3407.17
3757.5
4058.91
4306.79
4497.37
4627.73
4695.94
4700.99
4642.86
4522.47
4341.66
4103.09
3810.19
3466.96
3077.95
2647.87
2181.75
1684.87
1163.31
625.923
1122.09
1618.44
2098.74
2555.59
2981.97
3371.33
3717.67
4015.68
4260.79
4449.27
4578.24
4645.78
4650.89
4593.55
4474.66
4296.03
4060.28
3770.79
3431.53
3046.98
2621.79
2160.97
1669.72
1154.09
622.832
1129.54
1630.37
2114.99
2575.94
3006.13
3398.94
3748.35
4048.97
4296.22
4486.3
4616.35
4684.4
4689.46
4631.51
4511.47
4331.16
4093.24
3801.12
3458.8
3070.82
2641.86
2176.97
1681.38
1161.18
625.212
1120.52
1615.94
2095.35
2551.36
2976.96
3365.6
3711.31
4008.79
4253.46
4441.61
4570.36
4637.8
4642.92
4585.71
4467.06
4288.78
4053.48
3764.54
3425.9
3042.06
2617.65
2157.67
1667.32
1152.64
622.342
1120.52
1615.94
2095.35
2551.36
2976.96
3365.6
3711.31
4008.79
4253.46
4441.61
4570.36
4637.8
4642.92
4585.71
4467.06
4288.78
4053.48
3764.54
3425.9
3042.06
2617.65
2157.67
1667.32
1152.64
622.342
1129.54
1630.37
2114.99
2575.94
3006.13
3398.94
3748.35
4048.97
4296.22
4486.3
4616.35
4684.4
4689.46
4631.51
4511.47
4331.16
4093.24
3801.12
3458.8
3070.82
2641.86
2176.97
1681.38
1161.18
625.212
)
;

boundaryField
{
    outletCentralUnloaded
    {
        type            zeroGradient;
    }
    inletCentralUnloaded
    {
        type            zeroGradient;
    }
    outletFuelElement
    {
        type            zeroGradient;
    }
    inletFuelElement
    {
        type            zeroGradient;
    }
    defaultFaces
    {
        type            zeroGradient;
    }
}


// ************************************************************************* //
