/*--------------------------------*- C++ -*----------------------------------*\
| =========                 |                                                 |
| \\      /  F ield         | OpenFOAM: The Open Source CFD Toolbox           |
|  \\    /   O peration     | Version:  2212                                  |
|   \\  /    A nd           | Website:  www.openfoam.com                      |
|    \\/     M anipulation  |                                                 |
\*---------------------------------------------------------------------------*/
FoamFile
{
    version     2.0;
    format      ascii;
    arch        "LSB;label=32;scalar=64";
    class       surfaceScalarField;
    location    "82/fluidRegion";
    object      alphaRhoPhi;
}
// * * * * * * * * * * * * * * * * * * * * * * * * * * * * * * * * * * * * * //

dimensions      [1 0 -1 0 0 0 0];

oriented        oriented;

internalField   nonuniform List<scalar> 
661
(
-0.00584945
1.05106e-11
-0.00584959
4.5057e-12
-0.0058497
-5.71195e-12
-0.00584974
-1.13091e-11
-0.00584972
-8.56129e-12
-0.00584969
-1.73558e-12
-0.00584967
3.43351e-12
-0.00584969
3.08648e-12
-0.00584972
-2.13573e-12
-0.0058497
-7.54187e-12
-0.00584962
-8.30473e-12
-0.00584951
-2.93772e-12
-0.00584941
5.96889e-12
-0.00584938
1.38102e-11
-0.00584945
1.67034e-11
-0.00584959
1.30523e-11
-0.00584978
3.89825e-12
-0.00584995
-7.56214e-12
-0.00585004
-1.66411e-11
-0.00585004
-1.88947e-11
-0.00584995
-1.30114e-11
-0.00584982
-2.61166e-12
-0.00584971
5.84083e-12
-0.00584966
6.7892e-12
5.7968e-12
-0.00584945
-0.00584959
-0.0058497
-0.00584974
-0.00584972
-0.00584969
-0.00584967
-0.00584969
-0.00584972
-0.0058497
-0.00584962
-0.00584951
-0.00584941
-0.00584938
-0.00584945
-0.00584959
-0.00584978
-0.00584995
-0.00585004
-0.00585004
-0.00584995
-0.00584982
-0.00584971
-0.00584966
-0.00939702
6.45782e-07
-0.00939725
3.12064e-07
-0.00939751
3.46512e-07
-0.00939776
3.21633e-07
-0.00939799
3.02302e-07
-0.0093982
2.8537e-07
-0.00939841
2.70551e-07
-0.0093986
2.56241e-07
-0.00939877
2.38493e-07
-0.00939893
2.09641e-07
-0.00939905
1.57482e-07
-0.0093991
6.50341e-08
-0.00939902
-8.48758e-08
-0.00939876
-2.99865e-07
-0.00939826
-5.80246e-07
-0.00939745
-9.07251e-07
-0.00939631
-1.25474e-06
-0.00939483
-1.60606e-06
-0.00939299
-1.97286e-06
-0.00939072
-2.40563e-06
-0.00938786
-2.99714e-06
-0.00938416
-3.84464e-06
-0.00937931
-4.97852e-06
-0.00937357
-5.8779e-06
-7.19095e-06
-0.00931276
-2.04484e-08
-1.52447e-08
-0.00931232
-8.4254e-08
-8.04357e-08
-0.00931184
-8.22841e-08
-7.78904e-08
-0.0093114
-7.40156e-08
-6.92222e-08
-0.009311
-6.71514e-08
-6.18493e-08
-0.00931063
-6.08639e-08
-5.49665e-08
-0.00931028
-5.51083e-08
-4.84827e-08
-0.00930995
-4.9468e-08
-4.18852e-08
-0.00930966
-4.28756e-08
-3.40835e-08
-0.00930941
-3.31782e-08
-2.28303e-08
-0.00930925
-1.66821e-08
-4.26689e-09
-0.00930923
1.1682e-08
2.65727e-08
-0.00930944
5.61999e-08
7.48235e-08
-0.00931
1.24538e-07
1.47738e-07
-0.00931101
2.14512e-07
2.43764e-07
-0.00931256
3.2195e-07
3.59231e-07
-0.0093147
4.39061e-07
4.87036e-07
-0.00931744
5.60909e-07
6.23079e-07
-0.00932082
6.91719e-07
7.72723e-07
-0.00932496
8.49179e-07
9.53841e-07
-0.00933013
1.0633e-06
1.19646e-06
-0.00933677
1.36124e-06
1.52378e-06
-0.00934528
1.72194e-06
1.91211e-06
-0.00935494
1.84993e-06
2.04214e-06
1.81941e-06
1.955e-06
-0.00941083
3.15252e-07
-0.00941115
3.02328e-07
-0.00941147
2.98085e-07
-0.00941176
2.73375e-07
-0.00941203
2.52183e-07
-0.00941227
2.33191e-07
-0.0094125
2.15825e-07
-0.0094127
1.98159e-07
-0.00941288
1.75623e-07
-0.00941302
1.39653e-07
-0.00941309
7.67418e-08
-0.00941305
-3.04976e-08
-0.00941282
-1.99478e-07
-0.00941231
-4.39981e-07
-0.00941143
-7.49531e-07
-0.00941011
-1.10774e-06
-0.00940829
-1.48741e-06
-0.00940598
-1.87317e-06
-0.00940312
-2.28077e-06
-0.00939961
-2.76669e-06
-0.00939521
-3.42538e-06
-0.00938957
-4.35054e-06
-0.00938238
-5.48352e-06
-0.00937435
-6.16667e-06
-6.44864e-06
-0.00933166
2.19977e-10
-0.00933139
-1.55176e-09
-0.00933112
-1.49241e-09
-0.00933088
-1.53029e-09
-0.00933065
-1.48948e-09
-0.00933045
-1.43352e-09
-0.00933026
-1.38066e-09
-0.00933008
-1.24034e-09
-0.00932993
-1.04501e-09
-0.0093298
-7.75463e-10
-0.00932973
-3.22443e-10
-0.00932976
3.78528e-10
-0.00932994
1.33193e-09
-0.00933035
2.68169e-09
-0.00933105
4.54162e-09
-0.00933209
7.08463e-09
-0.00933351
1.05914e-08
-0.00933531
1.532e-08
-0.00933752
2.11386e-08
-0.00934023
2.792e-08
-0.00934359
3.5209e-08
-0.0093479
4.13318e-08
-0.00935336
4.48002e-08
-0.00935953
4.25031e-08
2.84638e-08
-0.00933167
-3.14938e-07
-0.0093314
-3.05822e-07
-0.00933113
-3.01373e-07
-0.00933089
-2.76784e-07
-0.00933067
-2.55596e-07
-0.00933046
-2.36612e-07
-0.00933027
-2.19259e-07
-0.00933009
-2.01503e-07
-0.00932994
-1.78821e-07
-0.00932981
-1.42614e-07
-0.00932975
-7.92047e-08
-0.00932977
2.86806e-08
-0.00932995
1.98792e-07
-0.00933036
4.4088e-07
-0.00933106
7.52696e-07
-0.0093321
1.11415e-06
-0.00933352
1.49858e-06
-0.00933532
1.89117e-06
-0.00933754
2.30799e-06
-0.00934024
2.80609e-06
-0.0093436
3.48078e-06
-0.00934791
4.42465e-06
-0.00935337
5.57802e-06
-0.00935954
6.27081e-06
6.53648e-06
-0.00941083
1.7545e-08
-0.00941115
8.31424e-08
-0.00941147
8.07716e-08
-0.00941177
7.22811e-08
-0.00941203
6.51688e-08
-0.00941228
5.85538e-08
-0.0094125
5.23638e-08
-0.0094127
4.61786e-08
-0.00941288
3.88504e-08
-0.00941302
2.81738e-08
-0.00941309
1.04199e-08
-0.00941305
-1.95086e-08
-0.00941282
-6.63211e-08
-0.00941231
-1.37575e-07
-0.00941143
-2.31377e-07
-0.0094101
-3.43712e-07
-0.00940829
-4.66887e-07
-0.00940597
-5.95866e-07
-0.00940311
-7.34891e-07
-0.00939959
-9.00835e-07
-0.0093952
-1.12299e-06
-0.00938955
-1.42598e-06
-0.00938237
-1.78718e-06
-0.00937433
-1.90334e-06
-1.82893e-06
-0.00931276
-6.46092e-07
-1.67754e-08
-0.00931232
-3.12534e-07
-7.97628e-08
-0.00931184
-3.47057e-07
-7.74204e-08
-0.0093114
-3.22224e-07
-6.88044e-08
-0.009311
-3.02903e-07
-6.15809e-08
-0.00931063
-2.85999e-07
-5.48846e-08
-0.00931028
-2.71226e-07
-4.86321e-08
-0.00930995
-2.56945e-07
-4.23986e-08
-0.00930966
-2.39254e-07
-3.50829e-08
-0.00930941
-2.10462e-07
-2.44946e-08
-0.00930925
-1.58299e-07
-6.94464e-09
-0.00930923
-6.57629e-08
2.27174e-08
-0.00930944
8.44261e-08
6.87806e-08
-0.00931
2.99849e-07
1.38734e-07
-0.00931101
5.81167e-07
2.30408e-07
-0.00931256
9.10063e-07
3.39326e-07
-0.0093147
1.2613e-06
4.56967e-07
-0.00931744
1.61986e-06
5.77067e-07
-0.00932082
2.00019e-06
7.01593e-07
-0.00932496
2.45784e-06
8.43673e-07
-0.00933013
3.09521e-06
1.02477e-06
-0.00933677
4.01736e-06
1.26655e-06
-0.00934528
5.26463e-06
1.54669e-06
-0.00935494
6.27434e-06
1.59734e-06
7.6285e-06
1.5631e-06
-0.00939702
-0.00939725
-0.00939751
-0.00939776
-0.00939799
-0.0093982
-0.00939841
-0.0093986
-0.00939877
-0.00939893
-0.00939905
-0.0093991
-0.00939902
-0.00939876
-0.00939826
-0.00939745
-0.00939631
-0.00939483
-0.00939299
-0.00939072
-0.00938786
-0.00938415
-0.00937931
-0.00937357
-0.00933166
-3.1997e-07
3.1578e-09
-0.00933139
-3.07886e-07
1.94742e-09
-0.00933112
-3.04076e-07
2.30396e-09
-0.00933088
-2.79779e-07
2.55857e-09
-0.00933065
-2.58984e-07
2.83089e-09
-0.00933045
-2.40475e-07
3.18248e-09
-0.00933026
-2.23713e-07
3.65113e-09
-0.00933008
-2.06735e-07
4.22952e-09
-0.00932993
-1.85046e-07
5.00307e-09
-0.0093298
-1.50135e-07
6.04159e-09
-0.00932973
-8.84566e-08
7.4218e-09
-0.00932976
1.71388e-08
8.86255e-09
-0.00932994
1.84056e-07
1.15511e-08
-0.00933035
4.21995e-07
1.49809e-08
-0.00933105
7.28091e-07
1.98571e-08
-0.00933209
1.08152e-06
2.68866e-08
-0.00933351
1.45421e-06
3.71609e-08
-0.00933531
1.82909e-06
5.24529e-08
-0.00933752
2.21782e-06
7.62927e-08
-0.00934023
2.67124e-06
1.13276e-07
-0.00934359
3.27071e-06
1.71408e-07
-0.0093479
4.10052e-06
2.53203e-07
-0.00935336
5.0941e-06
3.60481e-07
-0.00935952
5.64103e-06
4.38515e-07
5.94302e-06
3.92069e-07
-0.00941082
-0.00941115
-0.00941147
-0.00941176
-0.00941203
-0.00941227
-0.0094125
-0.0094127
-0.00941288
-0.00941302
-0.00941309
-0.00941305
-0.00941282
-0.00941231
-0.00941143
-0.00941011
-0.00940829
-0.00940598
-0.00940312
-0.00939961
-0.00939521
-0.00938957
-0.00938239
-0.00937435
-0.00941083
3.13316e-07
-0.00941115
3.04058e-07
-0.00941147
2.99452e-07
-0.00941177
2.74718e-07
-0.00941203
2.53444e-07
-0.00941228
2.34318e-07
-0.0094125
2.16749e-07
-0.0094127
1.98789e-07
-0.00941288
1.75811e-07
-0.00941302
1.39215e-07
-0.00941309
7.54002e-08
-0.00941305
-3.2696e-08
-0.00941282
-2.03626e-07
-0.00941231
-4.46621e-07
-0.00941143
-7.59548e-07
-0.0094101
-1.12223e-06
-0.00940829
-1.50761e-06
-0.00940597
-1.89991e-06
-0.00940311
-2.31374e-06
-0.00939959
-2.80237e-06
-0.0093952
-3.45611e-06
-0.00938955
-4.35677e-06
-0.00938237
-5.43455e-06
-0.00937433
-6.03384e-06
-6.21149e-06
-0.00933167
-0.0093314
-0.00933113
-0.00933089
-0.00933067
-0.00933046
-0.00933027
-0.00933009
-0.00932994
-0.00932981
-0.00932975
-0.00932977
-0.00932995
-0.00933036
-0.00933106
-0.0093321
-0.00933352
-0.00933532
-0.00933754
-0.00934024
-0.0093436
-0.00934791
-0.00935337
-0.00935955
)
;

boundaryField
{
    outletCentralUnloaded
    {
        type            calculated;
        value           nonuniform List<scalar> 2(0.00584938 0.00584938);
    }
    inletCentralUnloaded
    {
        type            calculated;
        value           nonuniform List<scalar> 2(-0.0058737 -0.0058737);
    }
    outletFuelElement
    {
        type            calculated;
        value           nonuniform List<scalar> 
12
(
0.00939644
0.00931342
0.00941055
0.00933194
0.00933195
0.00941056
0.00931342
0.00939644
0.00933194
0.00941055
0.00941056
0.00933195
)
;
    }
    inletFuelElement
    {
        type            calculated;
        value           nonuniform List<scalar> 
12
(
-0.00953894
-0.00953894
-0.00953893
-0.00953893
-0.00953894
-0.00953894
-0.00953894
-0.00953894
-0.00953893
-0.00953893
-0.00953894
-0.00953894
)
;
    }
    defaultFaces
    {
        type            calculated;
        value           nonuniform List<scalar> 
450
(
1.06736e-23
-2.62845e-23
0
1.0054e-23
-5.50257e-24
0
6.94517e-24
3.01236e-24
0
-2.09215e-23
-1.08654e-23
0
-9.29143e-24
-2.33971e-23
0
-1.76171e-23
-8.83406e-24
0
-2.13881e-23
2.37588e-24
0
-1.83528e-23
-1.06667e-23
0
-1.57413e-23
-7.88446e-25
0
-1.667e-23
-4.03261e-24
0
-9.46056e-24
-3.812e-24
0
-2.82765e-24
-2.08763e-24
0
6.24182e-24
2.63992e-24
0
2.14364e-23
9.65372e-24
0
3.77465e-23
2.02976e-23
0
5.63806e-23
2.6645e-23
0
6.2061e-23
1.55397e-23
0
1.28434e-22
4.12939e-23
0
9.98947e-23
-7.84833e-23
0
-6.77642e-23
-2.20536e-23
0
-9.22974e-23
-1.08632e-22
0
1.84627e-22
-1.58864e-22
0
-1.45609e-22
7.3099e-23
0
-2.29369e-22
-2.53852e-22
0
-1.89883e-22
-2.34276e-22
0
7.40368e-24
0
1.13091e-23
0
0
0
7.97181e-24
0
0
0
6.49111e-24
0
6.83426e-24
0
4.83268e-24
0
-1.29164e-24
0
4.17806e-24
0
3.7891e-24
0
0
0
-7.41136e-24
0
-1.66881e-23
0
-1.90483e-23
0
-2.20741e-23
0
5.20218e-23
0
-6.24438e-23
0
3.82612e-23
0
-1.19992e-22
0
-1.854e-22
0
2.04443e-22
0
1.10692e-22
0
-2.25004e-22
0
-2.88282e-22
0
0
0
3.80742e-24
-7.8547e-24
8.15573e-24
0
-4.48784e-24
-4.75977e-24
7.63232e-24
0
-2.98498e-24
4.10226e-25
3.64925e-24
1.64362e-23
0
2.17551e-23
-5.12985e-23
3.08101e-23
0
0
-6.11929e-23
-1.6223e-22
-2.20071e-22
-1.49496e-22
9.59997e-23
0
0
0
0
0
0
0
0
0
0
0
0
0
0
0
0
0
0
0
0
0
0
0
0
0
-6.47821e-24
1.11055e-23
0
1.13091e-23
1.15912e-23
2.31823e-23
-7.97181e-24
-5.97886e-24
8.27825e-24
-4.13912e-24
-6.49111e-24
-4.3274e-24
-4.55617e-24
-6.83426e-24
-4.83267e-24
-4.83267e-24
1.16248e-23
-5.16657e-24
-4.17806e-24
-4.17806e-24
-1.51564e-24
-7.5782e-25
1.66636e-24
9.37329e-25
3.70567e-24
9.26419e-24
8.34403e-24
1.66881e-23
1.90483e-23
1.90483e-23
2.20741e-23
2.20741e-23
-5.20217e-23
7.80325e-23
3.12218e-23
4.68328e-23
-1.91306e-22
9.56529e-23
-9.59935e-23
-9.59935e-23
-6.17998e-23
-1.236e-22
-1.63554e-22
2.04442e-22
-1.10692e-22
-2.21384e-22
0
-1.87503e-22
-2.88282e-22
-1.44141e-22
6.88226e-24
0
0
2.94402e-24
0
-3.76017e-24
3.08255e-24
0
-2.31235e-23
-2.7853e-23
0
3.97573e-24
1.00339e-23
0
0
-2.97947e-23
0
8.63252e-24
-2.98103e-23
0
9.08879e-24
-2.64885e-23
0
0
-1.77296e-23
0
-1.03063e-23
-1.75748e-23
0
5.55626e-24
-1.31558e-23
0
0
-5.42295e-24
0
1.66205e-24
7.30684e-24
-0
0
2.509e-23
-0
-4.16143e-24
5.05466e-23
-0
-1.9001e-23
7.88282e-23
-0
0
8.20774e-23
-0
0
1.81126e-22
-0
-3.11541e-23
1.20287e-22
-0
0
-7.17178e-23
-0
4.79096e-23
4.92605e-24
-0
6.17022e-23
1.58205e-22
-0
0
-6.74935e-23
-0
0
-1.12262e-22
-0
1.49921e-22
-1.38905e-22
-0
1.92155e-22
-7.29773e-24
-3.71523e-24
0
-3.92735e-24
4.07786e-24
-4.26291e-24
-4.48784e-24
0
2.54411e-24
0
-2.98498e-24
2.05113e-25
0
8.21812e-24
9.38282e-24
2.17551e-23
-5.12985e-23
3.08101e-23
-1.13373e-22
4.74597e-23
0
-2.43345e-22
-1.10036e-22
0
9.59997e-23
1.2031e-23
0
1.13091e-23
0
3.86373e-24
0
1.19577e-23
0
-6.20869e-24
0
1.08185e-23
0
6.83426e-24
0
7.24902e-24
0
-1.29164e-24
0
6.96344e-24
0
3.03128e-24
0
0
0
-3.70568e-24
-0
-8.34404e-24
-0
-1.90483e-23
-0
-2.20741e-23
-0
6.50272e-23
-0
-6.24438e-23
-0
1.14784e-22
-0
-1.4399e-22
-0
-1.545e-22
-0
2.45331e-22
-0
0
-0
-2.25004e-22
-0
-2.40235e-22
-0
-6.01549e-24
3.70184e-24
-7.53938e-24
1.13091e-23
-7.72745e-24
1.15912e-23
-5.97886e-24
-2.19225e-23
0
6.20869e-24
-6.49111e-24
-1.94733e-23
-4.55617e-24
-1.82247e-23
-6.04084e-24
-9.66535e-24
0
-7.74985e-24
-2.78537e-24
-9.74881e-24
-2.27346e-24
-4.54692e-24
8.33182e-25
5.62398e-24
0
1.85284e-23
1.2516e-23
3.75481e-23
1.90483e-23
6.1907e-23
2.20741e-23
8.82963e-23
0
9.1038e-23
6.24437e-23
1.56109e-22
0
1.33914e-22
-4.79967e-23
-1.19992e-22
0
-1.236e-22
0
2.04442e-22
1.10692e-22
-1.66038e-22
-7.50012e-23
-2.25004e-22
0
-1.44141e-22
-0
-0
-0
-0
-0
-0
-0
-0
-0
-0
-0
0
0
0
0
0
0
0
0
0
0
0
0
0
0
)
;
    }
    baffle_master
    {
        type            calculated;
        value           nonuniform List<scalar> 
150
(
-6.34118e-29
0
0
1.12893e-30
0
0
4.23223e-29
0
0
-4.16804e-29
0
-2.48522e-28
-5.86314e-28
0
-3.72813e-28
2.06587e-30
0
3.10703e-29
2.33549e-29
0
-6.21458e-29
2.20337e-29
0
-6.2151e-29
2.61685e-29
0
-3.10781e-29
-1.60255e-29
0
0
9.98558e-29
0
-1.24333e-28
2.15435e-29
0
0
-3.80826e-30
0
0
1.11849e-28
0
0
-1.26739e-28
0
0
-5.6246e-30
0
2.48769e-28
-3.69643e-28
0
-1.86592e-28
-5.09676e-29
0
-1.24405e-28
8.51673e-28
0
7.46493e-28
5.37206e-30
0
4.97704e-28
9.95067e-29
0
2.48873e-28
-1.60399e-28
0
-1.24447e-28
-4.88669e-29
0
1.24457e-28
7.73455e-30
0
0
-8.54714e-31
0
0
-2.48461e-28
3.04329e-28
-0
-6.21203e-29
1.59545e-28
-0
1.24251e-28
-4.89167e-29
0
4.97044e-28
-4.24757e-28
0
0
1.21279e-28
0
0
-5.42808e-29
0
-6.21458e-29
1.19392e-28
-0
-1.24302e-28
1.18856e-28
-0
-6.21561e-29
-9.0666e-29
0
1.24323e-28
-2.70764e-28
0
1.24333e-28
-2.25661e-28
0
0
-1.05927e-28
0
-1.24354e-28
1.7793e-28
-0
0
5.36976e-28
-0
-4.97498e-28
5.7054e-28
-0
-4.97539e-28
2.5967e-28
-0
1.24395e-28
1.4429e-28
-0
0
-3.56217e-28
0
-4.97662e-28
4.00156e-29
0
0
6.6674e-28
0
0
2.99202e-28
0
-1.55558e-28
1.50357e-28
0
1.24457e-28
2.31884e-28
-0
-1.24467e-28
-1.10829e-28
-0
-1.24477e-28
-1.33017e-28
-0
)
;
    }
    baffle_slave
    {
        type            calculated;
        value           nonuniform List<scalar> 
150
(
2.27274e-24
-0
0
1.38838e-24
-0
3.71523e-24
-1.89703e-24
-0
3.80742e-24
4.89177e-25
-0
-3.92735e-24
-1.49832e-23
-0
-1.22336e-23
-2.65467e-24
-0
4.26291e-24
-2.79465e-24
-0
0
8.89166e-25
-0
0
-1.58416e-24
-0
0
2.3911e-24
-0
0
-7.43438e-25
-0
1.49249e-24
1.63471e-24
0
0
0
0
0
-2.04683e-24
0
-8.21812e-24
2.33703e-24
0
0
0
0
0
-7.82773e-23
0
-7.69478e-23
9.59628e-24
0
-3.08101e-23
-7.53478e-23
0
-1.13373e-22
-2.0705e-23
0
-4.74597e-23
0
0
-6.11929e-23
1.21422e-22
0
2.43345e-22
-2.06006e-23
0
1.10036e-22
-1.86711e-23
0
-1.49496e-22
2.99926e-23
0
-9.59997e-23
3.03888e-24
2.28411e-23
0
-6.04474e-24
1.06443e-23
0
-4.08796e-25
9.12947e-24
0
-1.43355e-24
9.29436e-24
0
4.54244e-25
-1.80306e-23
0
1.48091e-24
7.56582e-24
0
-5.41132e-24
1.28554e-23
0
-3.56493e-24
9.03986e-24
0
4.40587e-24
6.49505e-24
0
1.37251e-24
8.88123e-24
0
-5.68444e-26
6.50508e-24
0
3.74378e-25
3.16725e-24
0
3.85054e-24
-7.95262e-25
0
-6.70846e-25
-5.18103e-24
0
1.71001e-23
-1.30728e-23
0
2.29442e-23
-1.81203e-23
0
-2.26763e-23
-2.03681e-23
0
5.58215e-23
-2.39907e-23
0
-4.54655e-23
-1.29504e-23
0
1.05773e-23
3.84521e-23
0
1.60952e-23
5.72257e-23
0
-1.65162e-22
1.82133e-22
0
-3.26082e-22
-7.55356e-23
0
-3.81007e-23
1.21362e-22
0
6.52283e-23
8.39794e-23
0
)
;
    }
}


// ************************************************************************* //
