/*--------------------------------*- C++ -*----------------------------------*\
| =========                 |                                                 |
| \\      /  F ield         | OpenFOAM: The Open Source CFD Toolbox           |
|  \\    /   O peration     | Version:  2212                                  |
|   \\  /    A nd           | Website:  www.openfoam.com                      |
|    \\/     M anipulation  |                                                 |
\*---------------------------------------------------------------------------*/
FoamFile
{
    version     2.0;
    format      ascii;
    arch        "LSB;label=32;scalar=64";
    class       volScalarField;
    location    "82/fluidRegion";
    object      deltaT;
}
// * * * * * * * * * * * * * * * * * * * * * * * * * * * * * * * * * * * * * //

dimensions      [0 0 0 1 0 0 0];

internalField   nonuniform List<scalar> 
350
(
0
0
0
0
0
0
0
0
0
0
0
0
0
0
0
0
0
0
0
0
0
0
0
0
0
0
0
0
0
0
0
0
0
0
0
0
0
0
0
0
0
0
0
0
0
0
0
0
0
0
16.5235
49.4609
82.135
114.496
146.483
178.041
209.116
239.658
269.616
298.923
327.48
355.121
381.577
406.452
429.208
449.182
465.596
477.477
483.417
481.038
466.037
430.788
363.157
249.689
91.1058
16.6584
49.8648
82.8021
115.421
147.662
179.467
210.785
241.567
271.765
301.319
330.134
358.054
384.814
410.013
433.102
453.396
470.093
482.205
488.32
486.059
471.091
435.691
367.5
252.748
92.1862
16.5019
49.397
82.0292
114.349
146.296
177.814
208.85
239.353
269.272
298.54
327.056
354.651
381.06
405.884
428.588
448.515
464.887
476.736
482.653
480.263
465.266
430.053
362.519
249.245
90.9424
16.6269
49.7707
82.6467
115.206
147.388
179.136
210.397
241.124
271.267
300.764
329.52
357.376
384.066
409.191
432.203
452.424
469.054
481.113
487.188
484.899
469.922
434.556
366.493
252.038
91.9362
16.6269
49.7707
82.6467
115.206
147.388
179.136
210.397
241.124
271.267
300.764
329.52
357.376
384.066
409.191
432.203
452.424
469.054
481.113
487.188
484.899
469.922
434.556
366.493
252.038
91.9362
16.5019
49.397
82.0293
114.349
146.296
177.814
208.85
239.353
269.272
298.54
327.055
354.651
381.06
405.884
428.588
448.515
464.887
476.736
482.653
480.263
465.266
430.053
362.519
249.246
90.9425
16.6584
49.8648
82.8021
115.421
147.662
179.467
210.785
241.567
271.765
301.319
330.134
358.054
384.813
410.013
433.102
453.396
470.093
482.205
488.32
486.059
471.09
435.691
367.5
252.748
92.1862
16.5235
49.4609
82.1351
114.496
146.483
178.041
209.116
239.658
269.616
298.923
327.48
355.121
381.577
406.452
429.208
449.182
465.596
477.477
483.417
481.038
466.037
430.788
363.157
249.689
91.1059
16.6269
49.7707
82.6467
115.206
147.388
179.136
210.397
241.124
271.267
300.764
329.52
357.376
384.066
409.191
432.203
452.424
469.054
481.113
487.188
484.899
469.922
434.556
366.493
252.038
91.9362
16.5019
49.397
82.0293
114.349
146.296
177.814
208.85
239.353
269.272
298.54
327.056
354.651
381.06
405.884
428.588
448.515
464.887
476.736
482.653
480.263
465.266
430.053
362.519
249.245
90.9423
16.5019
49.397
82.0292
114.349
146.296
177.814
208.85
239.353
269.272
298.54
327.055
354.651
381.06
405.884
428.588
448.515
464.887
476.736
482.653
480.263
465.266
430.053
362.519
249.246
90.9425
16.6269
49.7707
82.6467
115.206
147.388
179.136
210.397
241.124
271.267
300.764
329.52
357.376
384.066
409.191
432.203
452.424
469.054
481.113
487.188
484.899
469.922
434.556
366.493
252.038
91.9361
)
;

boundaryField
{
    outletCentralUnloaded
    {
        type            calculated;
        value           uniform 0;
    }
    inletCentralUnloaded
    {
        type            calculated;
        value           uniform 0;
    }
    outletFuelElement
    {
        type            calculated;
        value           uniform 0;
    }
    inletFuelElement
    {
        type            calculated;
        value           uniform 616.7;
    }
    defaultFaces
    {
        type            calculated;
        value           nonuniform List<scalar> 
450
(
0
0
0
0
0
0
0
0
0
0
0
0
0
0
0
0
0
0
0
0
0
0
0
0
0
0
0
0
0
0
0
0
0
0
0
0
0
0
0
0
0
0
0
0
0
0
0
0
92.6322
92.6322
92.6322
192.573
192.573
192.573
285.022
285.022
285.022
368.542
368.542
368.542
441.873
441.873
441.873
503.832
503.832
503.832
553.194
553.194
553.194
588.791
588.791
588.791
609.915
609.915
609.915
0
0
0
0
0
0
0
0
0
0
0
0
0
0
0
0
0
0
0
0
0
0
0
0
0
0
0
0
0
0
0
0
94.0404
94.0404
193.682
193.682
285.861
285.861
369.144
369.144
442.278
442.278
504.079
504.079
553.324
553.324
588.844
588.844
609.928
609.928
0
0
0
0
0
0
0
0
0
0
0
0
0
0
0
0
85.4435
186.876
280.684
365.397
439.74
502.518
552.5
588.511
609.856
0
0
0
0
0
0
0
0
0
0
0
0
0
0
0
0
85.4435
186.876
280.684
365.397
439.74
502.518
552.5
588.511
609.856
0
0
0
0
0
0
0
0
0
0
0
0
0
0
0
0
0
0
0
0
0
0
0
0
0
0
0
0
0
0
0
0
94.0395
94.0395
193.681
193.681
285.86
285.86
369.144
369.144
442.277
442.277
504.079
504.079
553.324
553.324
588.844
588.844
609.928
609.928
0
0
0
0
0
0
0
0
0
0
0
0
0
0
0
0
0
0
0
0
0
0
0
0
0
0
0
0
0
0
0
0
0
0
0
0
0
0
0
0
0
0
0
0
0
0
0
0
92.6323
92.6323
92.6323
192.573
192.573
192.573
285.023
285.023
285.023
368.542
368.542
368.542
441.873
441.873
441.873
503.832
503.832
503.832
553.194
553.194
553.194
588.791
588.791
588.791
609.915
609.915
609.915
0
0
0
0
0
0
0
0
0
0
0
0
0
0
0
0
85.4434
186.876
280.684
365.397
439.74
502.518
552.5
588.511
609.856
0
0
0
0
0
0
0
0
0
0
0
0
0
0
0
0
0
0
0
0
0
0
0
0
0
0
0
0
0
0
0
0
94.0402
94.0402
193.682
193.682
285.861
285.861
369.144
369.144
442.278
442.278
504.079
504.079
553.324
553.324
588.844
588.844
609.928
609.928
0
0
0
0
0
0
0
0
0
0
0
0
0
0
0
0
0
0
0
0
0
0
0
0
0
0
0
0
0
0
0
0
94.0396
94.0396
193.681
193.681
285.86
285.86
369.144
369.144
442.277
442.277
504.079
504.079
553.324
553.324
588.844
588.844
609.928
609.928
0
0
0
0
0
0
0
0
0
0
0
0
0
0
0
0
85.4435
186.876
280.684
365.397
439.74
502.518
552.5
588.511
609.856
)
;
    }
    baffle_master
    {
        type            calculated;
        value           uniform 0;
    }
    baffle_slave
    {
        type            calculated;
        value           nonuniform List<scalar> 
150
(
0
0
0
0
0
0
0
0
0
0
0
0
0
0
0
0
0
0
0
0
0
0
0
0
0
0
0
0
0
0
0
0
0
0
0
0
0
0
0
0
0
0
0
0
0
0
0
0
83.2827
85.4435
85.4435
185.162
186.876
186.876
279.377
280.684
280.684
364.449
365.397
365.397
439.096
439.74
439.74
502.121
502.518
502.518
552.291
552.5
552.5
588.427
588.511
588.511
609.838
609.856
609.856
0
0
0
0
0
0
0
0
0
0
0
0
0
0
0
0
0
0
0
0
0
0
0
0
0
0
0
0
0
0
0
0
0
0
0
0
0
0
0
0
0
0
0
0
0
0
0
0
85.4435
83.2827
85.4434
186.876
185.162
186.876
280.684
279.377
280.684
365.397
364.449
365.397
439.74
439.096
439.74
502.518
502.121
502.518
552.5
552.291
552.5
588.511
588.427
588.511
609.856
609.838
609.856
)
;
    }
}


// ************************************************************************* //
