/*--------------------------------*- C++ -*----------------------------------*\
| =========                 |                                                 |
| \\      /  F ield         | OpenFOAM: The Open Source CFD Toolbox           |
|  \\    /   O peration     | Version:  2212                                  |
|   \\  /    A nd           | Website:  www.openfoam.com                      |
|    \\/     M anipulation  |                                                 |
\*---------------------------------------------------------------------------*/
FoamFile
{
    version     2.0;
    format      ascii;
    arch        "LSB;label=32;scalar=64";
    class       volScalarField;
    location    "21/fluidRegion";
    object      alphat;
}
// * * * * * * * * * * * * * * * * * * * * * * * * * * * * * * * * * * * * * //

dimensions      [1 -1 -1 0 0 0 0];

internalField   nonuniform List<scalar> 
350
(
0.00258428
0.00258428
0.00258429
0.00258429
0.00258429
0.00258429
0.0025843
0.0025843
0.00258432
0.00258433
0.00258436
0.0025844
0.00258446
0.00258456
0.0025847
0.00258492
0.00258526
0.00258578
0.00258656
0.00258777
0.00258961
0.00259243
0.00259673
0.0026033
0.00261335
0.00258428
0.00258428
0.00258429
0.00258429
0.00258429
0.00258429
0.0025843
0.0025843
0.00258432
0.00258433
0.00258436
0.0025844
0.00258446
0.00258456
0.0025847
0.00258492
0.00258526
0.00258578
0.00258656
0.00258777
0.00258961
0.00259243
0.00259673
0.0026033
0.00261335
0.000883242
0.000870872
0.000859005
0.00084705
0.000834902
0.000822458
0.000809626
0.000796318
0.000782466
0.000768024
0.000752972
0.00073732
0.000721103
0.000704373
0.000687194
0.000669665
0.000652011
0.000634791
0.000619328
0.000608586
0.000608863
0.000632557
0.000699206
0.000822219
0.000979793
0.000875949
0.000863579
0.00085173
0.0008398
0.000827685
0.000815284
0.000802501
0.000789249
0.00077546
0.000761088
0.000746117
0.000730563
0.00071447
0.000697898
0.000680919
0.000663637
0.000646271
0.000629369
0.000614237
0.000603821
0.000604419
0.000628479
0.000695744
0.00081995
0.000979217
0.00088441
0.000872032
0.000860158
0.000848195
0.000836036
0.000823581
0.000810736
0.000797415
0.000783549
0.00076909
0.00075402
0.000738347
0.000722106
0.000705345
0.000688127
0.000670553
0.000652848
0.000635569
0.000620046
0.000609243
0.000609459
0.00063309
0.000699653
0.000822521
0.000979913
0.000877625
0.000865259
0.000853408
0.000841474
0.000829354
0.000816945
0.000804151
0.000790888
0.000777085
0.000762697
0.000747707
0.00073213
0.000716008
0.000699399
0.000682373
0.000665034
0.000647601
0.000630625
0.000615416
0.000604925
0.000605449
0.000629425
0.000696547
0.000820478
0.000979351
0.000877625
0.000865259
0.000853408
0.000841475
0.000829354
0.000816945
0.000804151
0.000790888
0.000777085
0.000762697
0.000747707
0.00073213
0.000716008
0.000699399
0.000682373
0.000665034
0.000647601
0.000630625
0.000615416
0.000604925
0.000605449
0.000629425
0.000696547
0.000820478
0.000979351
0.00088441
0.000872032
0.000860158
0.000848194
0.000836036
0.000823581
0.000810736
0.000797415
0.000783549
0.00076909
0.00075402
0.000738347
0.000722105
0.000705344
0.000688127
0.000670553
0.000652847
0.000635569
0.000620045
0.000609242
0.000609459
0.000633089
0.000699653
0.000822522
0.000979915
0.000875949
0.000863579
0.00085173
0.0008398
0.000827685
0.000815284
0.000802501
0.000789249
0.00077546
0.000761088
0.000746117
0.000730563
0.00071447
0.000697898
0.000680919
0.000663637
0.000646271
0.000629369
0.000614237
0.000603821
0.000604419
0.000628479
0.000695744
0.00081995
0.000979217
0.000883242
0.000870872
0.000859005
0.00084705
0.000834902
0.000822459
0.000809626
0.000796318
0.000782467
0.000768024
0.000752972
0.00073732
0.000721103
0.000704374
0.000687194
0.000669665
0.000652011
0.000634791
0.000619327
0.000608585
0.000608862
0.000632556
0.000699205
0.000822218
0.000979791
0.000877625
0.000865259
0.000853408
0.000841475
0.000829354
0.000816945
0.000804151
0.000790888
0.000777085
0.000762697
0.000747707
0.00073213
0.000716008
0.000699399
0.000682373
0.000665034
0.000647601
0.000630625
0.000615416
0.000604925
0.000605449
0.000629425
0.000696547
0.000820478
0.000979351
0.00088441
0.000872032
0.000860159
0.000848195
0.000836036
0.000823582
0.000810737
0.000797415
0.000783549
0.000769091
0.00075402
0.000738347
0.000722106
0.000705345
0.000688127
0.000670553
0.000652847
0.000635569
0.000620045
0.000609242
0.000609458
0.000633089
0.000699651
0.000822519
0.000979909
0.00088441
0.000872032
0.000860158
0.000848194
0.000836036
0.000823581
0.000810736
0.000797415
0.000783549
0.00076909
0.00075402
0.000738347
0.000722105
0.000705344
0.000688127
0.000670553
0.000652847
0.000635569
0.000620045
0.000609242
0.000609458
0.000633089
0.000699652
0.00082252
0.000979913
0.000877625
0.000865259
0.000853408
0.000841475
0.000829354
0.000816945
0.000804152
0.000790888
0.000777085
0.000762697
0.000747707
0.00073213
0.000716008
0.000699399
0.000682373
0.000665033
0.000647601
0.000630625
0.000615416
0.000604924
0.000605448
0.000629423
0.000696546
0.000820475
0.000979347
)
;

boundaryField
{
    outletCentralUnloaded
    {
        type            zeroGradient;
    }
    inletCentralUnloaded
    {
        type            zeroGradient;
    }
    outletFuelElement
    {
        type            zeroGradient;
    }
    inletFuelElement
    {
        type            zeroGradient;
    }
    defaultFaces
    {
        type            zeroGradient;
    }
    baffle_master
    {
        type            calculated;
        value           nonuniform List<scalar> 
150
(
0.00258428
0.00258428
0.00258428
0.00258428
0.00258428
0.00258428
0.00258429
0.00258429
0.00258429
0.00258429
0.00258429
0.00258429
0.00258429
0.00258429
0.00258429
0.00258429
0.00258429
0.00258429
0.0025843
0.0025843
0.0025843
0.0025843
0.0025843
0.0025843
0.00258432
0.00258432
0.00258432
0.00258433
0.00258433
0.00258433
0.00258436
0.00258436
0.00258436
0.0025844
0.0025844
0.0025844
0.00258446
0.00258446
0.00258446
0.00258456
0.00258456
0.00258456
0.0025847
0.0025847
0.0025847
0.00258492
0.00258492
0.00258492
0.00258526
0.00258526
0.00258526
0.00258578
0.00258578
0.00258578
0.00258656
0.00258656
0.00258656
0.00258777
0.00258777
0.00258777
0.00258961
0.00258961
0.00258961
0.00259243
0.00259243
0.00259243
0.00259673
0.00259673
0.00259673
0.0026033
0.0026033
0.0026033
0.00261335
0.00261335
0.00261335
0.00258428
0.00258428
0.00258428
0.00258428
0.00258428
0.00258428
0.00258429
0.00258429
0.00258429
0.00258429
0.00258429
0.00258429
0.00258429
0.00258429
0.00258429
0.00258429
0.00258429
0.00258429
0.0025843
0.0025843
0.0025843
0.0025843
0.0025843
0.0025843
0.00258432
0.00258432
0.00258432
0.00258433
0.00258433
0.00258433
0.00258436
0.00258436
0.00258436
0.0025844
0.0025844
0.0025844
0.00258446
0.00258446
0.00258446
0.00258456
0.00258456
0.00258456
0.0025847
0.0025847
0.0025847
0.00258492
0.00258492
0.00258492
0.00258526
0.00258526
0.00258526
0.00258578
0.00258578
0.00258578
0.00258656
0.00258656
0.00258656
0.00258777
0.00258777
0.00258777
0.00258961
0.00258961
0.00258961
0.00259243
0.00259243
0.00259243
0.00259673
0.00259673
0.00259673
0.0026033
0.0026033
0.0026033
0.00261335
0.00261335
0.00261335
)
;
    }
    baffle_slave
    {
        type            calculated;
        value           nonuniform List<scalar> 
150
(
0.000875949
0.000877625
0.000877625
0.000863579
0.000865259
0.000865259
0.00085173
0.000853408
0.000853408
0.0008398
0.000841474
0.000841475
0.000827685
0.000829354
0.000829354
0.000815284
0.000816945
0.000816945
0.000802501
0.000804151
0.000804152
0.000789249
0.000790888
0.000790888
0.00077546
0.000777085
0.000777085
0.000761088
0.000762697
0.000762697
0.000746117
0.000747707
0.000747707
0.000730563
0.00073213
0.00073213
0.00071447
0.000716008
0.000716008
0.000697898
0.000699399
0.000699399
0.000680919
0.000682373
0.000682373
0.000663637
0.000665034
0.000665033
0.000646271
0.000647601
0.000647601
0.000629369
0.000630625
0.000630625
0.000614237
0.000615416
0.000615416
0.000603821
0.000604925
0.000604924
0.000604419
0.000605449
0.000605448
0.000628479
0.000629425
0.000629423
0.000695744
0.000696547
0.000696546
0.00081995
0.000820478
0.000820475
0.000979217
0.000979351
0.000979347
0.000877625
0.000875949
0.000877625
0.000865259
0.000863579
0.000865259
0.000853408
0.00085173
0.000853408
0.000841475
0.0008398
0.000841475
0.000829354
0.000827685
0.000829354
0.000816945
0.000815284
0.000816945
0.000804151
0.000802501
0.000804151
0.000790888
0.000789249
0.000790888
0.000777085
0.00077546
0.000777085
0.000762697
0.000761088
0.000762697
0.000747707
0.000746117
0.000747707
0.00073213
0.000730563
0.00073213
0.000716008
0.00071447
0.000716008
0.000699399
0.000697898
0.000699399
0.000682373
0.000680919
0.000682373
0.000665034
0.000663637
0.000665034
0.000647601
0.000646271
0.000647601
0.000630625
0.000629369
0.000630625
0.000615416
0.000614237
0.000615416
0.000604925
0.000603821
0.000604925
0.000605449
0.000604419
0.000605449
0.000629425
0.000628479
0.000629425
0.000696547
0.000695744
0.000696547
0.000820478
0.00081995
0.000820478
0.000979351
0.000979217
0.000979351
)
;
    }
}


// ************************************************************************* //
