/*--------------------------------*- C++ -*----------------------------------*\
| =========                 |                                                 |
| \\      /  F ield         | OpenFOAM: The Open Source CFD Toolbox           |
|  \\    /   O peration     | Version:  2212                                  |
|   \\  /    A nd           | Website:  www.openfoam.com                      |
|    \\/     M anipulation  |                                                 |
\*---------------------------------------------------------------------------*/
FoamFile
{
    version     2.0;
    format      ascii;
    arch        "LSB;label=32;scalar=64";
    class       volScalarField;
    location    "21/fluidRegion";
    object      epsilon;
}
// * * * * * * * * * * * * * * * * * * * * * * * * * * * * * * * * * * * * * //

dimensions      [0 2 -3 0 0 0 0];

internalField   nonuniform List<scalar> 
350
(
66.8765
66.86
66.8435
66.827
66.8106
66.7942
66.7779
66.7617
66.7457
66.7298
66.7143
66.6993
66.6851
66.6721
66.6609
66.6524
66.6482
66.6504
66.6624
66.6895
66.7396
66.8248
66.9638
67.1848
67.5312
66.8765
66.86
66.8435
66.827
66.8106
66.7942
66.7779
66.7617
66.7457
66.7298
66.7143
66.6993
66.6851
66.6721
66.6609
66.6524
66.6482
66.6504
66.6624
66.6895
66.7396
66.8248
66.9638
67.1848
67.5312
5.1257e+06
4.77633e+06
4.37152e+06
3.9213e+06
3.44568e+06
2.96385e+06
2.49319e+06
2.04848e+06
1.6414e+06
1.28027e+06
969945
711992
504985
345005
226281
141945
84802
48023.6
25654.1
12882.6
6097.77
2779.26
1305.81
728.665
553.651
5.23061e+06
4.87528e+06
4.46334e+06
4.00468e+06
3.51979e+06
3.02826e+06
2.54787e+06
2.09374e+06
1.67787e+06
1.30879e+06
991540
727756
516034
352406
230996
144784
86406.4
48866.9
26061
13059.7
6165.5
2801.21
1311.57
729.89
554.043
5.10842e+06
4.76002e+06
4.35647e+06
3.90768e+06
3.43362e+06
2.95341e+06
2.48436e+06
2.04119e+06
1.63555e+06
1.27571e+06
966502
709486
503232
343832
225534
141495
84547.1
47888.8
25588.3
12853.3
6086.04
2775.07
1304.47
728.253
553.511
5.2074e+06
4.85334e+06
4.44292e+06
3.9861e+06
3.50323e+06
3.01384e+06
2.53559e+06
2.08356e+06
1.66965e+06
1.30235e+06
986651
724180
513523
350721
229921
144136
86039.8
48674.1
25968
13019.3
6150.08
2796.25
1310.29
729.635
553.966
5.2074e+06
4.85334e+06
4.44292e+06
3.9861e+06
3.50323e+06
3.01384e+06
2.53559e+06
2.08356e+06
1.66965e+06
1.30235e+06
986651
724180
513523
350721
229921
144136
86039.8
48674.1
25968
13019.3
6150.08
2796.25
1310.29
729.635
553.966
5.10843e+06
4.76003e+06
4.35647e+06
3.90768e+06
3.43362e+06
2.95341e+06
2.48436e+06
2.04119e+06
1.63555e+06
1.27571e+06
966503
709487
503233
343832
225535
141495
84547.2
47888.9
25588.3
12853.3
6086.04
2775.07
1304.46
728.252
553.511
5.23061e+06
4.87528e+06
4.46334e+06
4.00468e+06
3.51979e+06
3.02826e+06
2.54787e+06
2.09374e+06
1.67787e+06
1.30879e+06
991540
727756
516034
352406
230996
144784
86406.4
48866.9
26061
13059.7
6165.5
2801.21
1311.57
729.89
554.043
5.1257e+06
4.77632e+06
4.37152e+06
3.9213e+06
3.44568e+06
2.96385e+06
2.49319e+06
2.04848e+06
1.6414e+06
1.28027e+06
969945
711993
504985
345005
226281
141945
84802
48023.6
25654.1
12882.6
6097.77
2779.25
1305.81
728.663
553.65
5.2074e+06
4.85334e+06
4.44292e+06
3.98609e+06
3.50323e+06
3.01384e+06
2.53559e+06
2.08356e+06
1.66965e+06
1.30235e+06
986651
724180
513523
350721
229921
144136
86039.8
48674.1
25968
13019.3
6150.08
2796.25
1310.3
729.635
553.966
5.10842e+06
4.76002e+06
4.35647e+06
3.90768e+06
3.43362e+06
2.95341e+06
2.48436e+06
2.04119e+06
1.63555e+06
1.27571e+06
966502
709486
503232
343832
225534
141495
84547
47888.8
25588.3
12853.3
6086.03
2775.07
1304.46
728.251
553.509
5.10843e+06
4.76003e+06
4.35647e+06
3.90768e+06
3.43362e+06
2.95341e+06
2.48436e+06
2.04119e+06
1.63555e+06
1.27571e+06
966503
709487
503233
343832
225535
141495
84547.1
47888.9
25588.3
12853.3
6086.03
2775.07
1304.46
728.25
553.51
5.2074e+06
4.85334e+06
4.44292e+06
3.9861e+06
3.50323e+06
3.01384e+06
2.53559e+06
2.08356e+06
1.66965e+06
1.30235e+06
986651
724180
513523
350721
229921
144136
86039.8
48674.1
25968
13019.3
6150.08
2796.25
1310.29
729.633
553.964
)
;

boundaryField
{
    outletCentralUnloaded
    {
        type            zeroGradient;
    }
    inletCentralUnloaded
    {
        type            zeroGradient;
    }
    outletFuelElement
    {
        type            zeroGradient;
    }
    inletFuelElement
    {
        type            zeroGradient;
    }
    defaultFaces
    {
        type            zeroGradient;
    }
    baffle_master
    {
        type            zeroGradient;
    }
    baffle_slave
    {
        type            zeroGradient;
    }
}


// ************************************************************************* //
