/*--------------------------------*- C++ -*----------------------------------*\
| =========                 |                                                 |
| \\      /  F ield         | OpenFOAM: The Open Source CFD Toolbox           |
|  \\    /   O peration     | Version:  2212                                  |
|   \\  /    A nd           | Website:  www.openfoam.com                      |
|    \\/     M anipulation  |                                                 |
\*---------------------------------------------------------------------------*/
FoamFile
{
    version     2.0;
    format      ascii;
    arch        "LSB;label=32;scalar=64";
    class       volVectorField;
    location    "21/fluidRegion";
    object      U;
}
// * * * * * * * * * * * * * * * * * * * * * * * * * * * * * * * * * * * * * //

dimensions      [0 1 -1 0 0 0 0];

internalField   nonuniform List<vector> 
350
(
(5.11177e-12 2.95127e-12 -14.959)
(6.50479e-12 3.75553e-12 -14.9578)
(5.75301e-12 3.32149e-12 -14.9565)
(6.37662e-12 3.68153e-12 -14.9553)
(6.43959e-12 3.71789e-12 -14.9541)
(5.2402e-12 3.02542e-12 -14.9528)
(5.16817e-12 2.98383e-12 -14.9516)
(5.37922e-12 3.10568e-12 -14.9504)
(5.24726e-12 3.0295e-12 -14.9491)
(3.92129e-12 2.26395e-12 -14.9479)
(3.65835e-12 2.11214e-12 -14.9467)
(3.20225e-12 1.84881e-12 -14.9455)
(2.81599e-12 1.62581e-12 -14.9442)
(2.65974e-12 1.5356e-12 -14.943)
(2.75407e-12 1.59006e-12 -14.9418)
(4.53469e-12 2.6181e-12 -14.9405)
(1.10557e-11 6.38301e-12 -14.9393)
(3.88032e-11 2.2403e-11 -14.9381)
(1.40864e-10 8.13276e-11 -14.9369)
(4.99971e-10 2.88657e-10 -14.9356)
(1.65646e-09 9.56353e-10 -14.9344)
(4.74791e-09 2.7412e-09 -14.9332)
(9.58032e-09 5.53118e-09 -14.9319)
(2.06921e-09 1.19465e-09 -14.9307)
(-1.15877e-08 -6.69012e-09 -14.9651)
(5.11176e-12 2.95127e-12 -14.959)
(6.50478e-12 3.75553e-12 -14.9578)
(5.753e-12 3.32149e-12 -14.9565)
(6.37661e-12 3.68153e-12 -14.9553)
(6.43958e-12 3.71788e-12 -14.9541)
(5.24019e-12 3.02542e-12 -14.9528)
(5.16815e-12 2.98383e-12 -14.9516)
(5.37921e-12 3.10568e-12 -14.9504)
(5.24725e-12 3.02949e-12 -14.9491)
(3.92128e-12 2.26395e-12 -14.9479)
(3.65834e-12 2.11214e-12 -14.9467)
(3.20224e-12 1.84881e-12 -14.9455)
(2.81598e-12 1.6258e-12 -14.9442)
(2.65973e-12 1.53559e-12 -14.943)
(2.75406e-12 1.59005e-12 -14.9418)
(4.53468e-12 2.61809e-12 -14.9405)
(1.10557e-11 6.38301e-12 -14.9393)
(3.88032e-11 2.2403e-11 -14.9381)
(1.40864e-10 8.13276e-11 -14.9369)
(4.99971e-10 2.88657e-10 -14.9356)
(1.65646e-09 9.56353e-10 -14.9344)
(4.74791e-09 2.7412e-09 -14.9332)
(9.58032e-09 5.53118e-09 -14.9319)
(2.06921e-09 1.19465e-09 -14.9307)
(-1.15877e-08 -6.69012e-09 -14.9651)
(-0.00153253 -0.000884804 -367.207)
(-0.000941922 -0.000543819 -361.91)
(-0.00105635 -0.000609881 -354.84)
(-0.000946105 -0.000546233 -345.497)
(-0.000850781 -0.000491198 -334.047)
(-0.000758035 -0.000437651 -320.671)
(-0.000666423 -0.000384759 -305.561)
(-0.00057003 -0.000329107 -288.917)
(-0.000461246 -0.000266301 -270.948)
(-0.000328968 -0.00018993 -251.876)
(-0.000164079 -9.47307e-05 -231.936)
(4.17216e-05 2.4088e-05 -211.383)
(0.00027515 0.000158858 -190.493)
(0.00052182 0.000301273 -169.567)
(0.000750194 0.000433124 -148.922)
(0.000929663 0.00053674 -128.878)
(0.0010416 0.00060137 -109.744)
(0.00108767 0.000627965 -91.7965)
(0.0010859 0.000626944 -75.2766)
(0.00106012 0.000612059 -60.3902)
(0.00102753 0.000593246 -47.3227)
(0.000987261 0.000569995 -36.2543)
(0.000923128 0.000532968 -27.3711)
(0.000789186 0.000455636 -20.8545)
(0.000710983 0.000410486 -16.6048)
(-0.00144088 -0.000832812 -369.44)
(-0.000668553 -0.000372442 -364.126)
(-0.000802365 -0.000463319 -357.046)
(-0.000723051 -0.000426412 -347.672)
(-0.00065493 -0.00039427 -336.174)
(-0.000589616 -0.000357919 -322.736)
(-0.000525254 -0.000321224 -307.548)
(-0.000457167 -0.000280516 -290.812)
(-0.000379951 -0.000235055 -272.737)
(-0.000285423 -0.000178608 -253.547)
(-0.000168764 -0.000109621 -233.477)
(-1.96452e-05 -2.17603e-05 -212.784)
(0.000143174 7.40204e-05 -191.745)
(0.000314755 0.000175527 -170.665)
(0.000471639 0.000268428 -149.862)
(0.000593386 0.000341381 -129.663)
(0.000667831 0.000386894 -110.379)
(0.000697064 0.000406272 -92.2935)
(0.000693774 0.000406686 -75.6484)
(0.000674736 0.000397701 -60.6529)
(0.000652408 0.00038576 -47.4937)
(0.000628038 0.000371959 -36.3527)
(0.000595027 0.000351565 -27.4173)
(0.000533704 0.000315058 -20.8689)
(0.000517095 0.000304947 -16.6065)
(-0.000729344 -0.000667387 -366.847)
(-0.000530578 -0.0010519 -361.548)
(-0.000532515 -0.0009917 -354.482)
(-0.000478402 -0.000871206 -345.145)
(-0.000426703 -0.000763275 -333.703)
(-0.000377728 -0.00066018 -320.339)
(-0.000328712 -0.000558154 -305.243)
(-0.000275777 -0.00045226 -288.614)
(-0.000213802 -0.000332014 -270.663)
(-0.000136231 -0.000186765 -251.61)
(-4.04678e-05 -2.61567e-06 -231.691)
(8.12116e-05 0.000219174 -211.16)
(0.000211021 0.000483176 -190.295)
(0.000344568 0.000760964 -169.394)
(0.000462071 0.00101987 -148.773)
(0.000548022 0.00122324 -128.754)
(0.000594973 0.00134968 -109.643)
(0.000606604 0.00140008 -91.7168)
(0.000594378 0.00139558 -75.2161)
(0.000571266 0.00136273 -60.3465)
(0.000545334 0.00131949 -47.2928)
(0.000516739 0.00125995 -36.2352)
(0.000472268 0.00115131 -27.36)
(0.00040391 0.000916926 -20.8486)
(0.000334974 0.000711522 -16.6028)
(-0.000884647 -0.00051075 -368.943)
(-0.000991311 -0.000572332 -363.633)
(-0.000956016 -0.000551954 -356.553)
(-0.000846573 -0.000488768 -347.185)
(-0.000746628 -0.000431064 -335.697)
(-0.000651383 -0.000376075 -322.272)
(-0.000556715 -0.000321419 -307.101)
(-0.000457229 -0.00026398 -290.384)
(-0.000343023 -0.000198044 -272.333)
(-0.000203267 -0.000117356 -253.169)
(-2.78746e-05 -1.60934e-05 -233.128)
(0.000187518 0.000108263 -212.466)
(0.00043419 0.000250679 -191.461)
(0.000691836 0.000399431 -170.415)
(0.000927563 0.000535527 -149.648)
(0.00110869 0.000640098 -129.484)
(0.00121713 0.000702709 -110.234)
(0.00125573 0.000724991 -92.1801)
(0.00124509 0.00071885 -75.5636)
(0.0012099 0.000698537 -60.5931)
(0.00116645 0.000673448 -47.4549)
(0.00111137 0.000641647 -36.3306)
(0.00101575 0.000586441 -27.4071)
(0.000827016 0.000477477 -20.8661)
(0.000656032 0.000378759 -16.6064)
(0.000872703 0.000503854 -368.943)
(0.000993287 0.000573473 -363.633)
(0.000954832 0.000551271 -356.553)
(0.000845873 0.000488364 -347.185)
(0.000745783 0.000430577 -335.697)
(0.000650568 0.000375605 -322.272)
(0.000556057 0.000321039 -307.101)
(0.000456394 0.000263499 -290.384)
(0.000342132 0.000197529 -272.333)
(0.000202482 0.000116903 -253.169)
(2.67764e-05 1.54593e-05 -233.128)
(-0.000188712 -0.000108953 -212.466)
(-0.00043569 -0.000251545 -191.461)
(-0.000693464 -0.000400371 -170.415)
(-0.000929033 -0.000536376 -149.648)
(-0.0011099 -0.000640797 -129.484)
(-0.00121817 -0.000703311 -110.234)
(-0.00125696 -0.000725703 -92.1801)
(-0.00124627 -0.000719532 -75.5637)
(-0.0012111 -0.000699225 -60.5931)
(-0.00116775 -0.000674201 -47.4549)
(-0.00111224 -0.000642152 -36.3306)
(-0.00101597 -0.000586569 -27.4071)
(-0.000826408 -0.000477126 -20.8661)
(-0.000653846 -0.000377497 -16.6064)
(0.000932858 0.000307367 -366.847)
(0.00117628 -6.23139e-05 -361.548)
(0.00112411 -3.421e-05 -354.482)
(0.000993817 -2.36894e-05 -345.145)
(0.000875398 -1.77578e-05 -333.704)
(0.000761531 -8.07172e-06 -320.339)
(0.000648985 -3.42854e-07 -305.243)
(0.000530334 8.09287e-06 -288.614)
(0.000395288 1.41912e-05 -270.663)
(0.000230285 2.12293e-05 -251.61)
(2.28328e-05 3.00965e-05 -231.691)
(-0.000230541 3.70317e-05 -211.161)
(-0.000524204 5.6511e-05 -190.295)
(-0.000831952 8.09694e-05 -169.394)
(-0.00111497 0.000109195 -148.773)
(-0.00133432 0.000137813 -128.754)
(-0.00146739 0.000161015 -109.643)
(-0.00151719 0.000177011 -91.7168)
(-0.00150731 0.000185978 -75.2161)
(-0.00146755 0.000190399 -60.3465)
(-0.00141725 0.00019146 -47.2927)
(-0.00135124 0.000186647 -36.2352)
(-0.00123435 0.000170101 -27.3599)
(-0.000996334 0.000110874 -20.8486)
(-0.000782756 6.68368e-05 -16.6028)
(0.00143582 0.000851632 -369.44)
(0.00066171 0.000395496 -364.126)
(0.000800238 0.000464773 -357.046)
(0.000726951 0.00041098 -347.672)
(0.000663047 0.000364545 -336.174)
(0.000599462 0.000326766 -322.736)
(0.000535165 0.00028834 -307.548)
(0.000466701 0.000251396 -290.812)
(0.000388626 0.000206863 -272.737)
(0.000293413 0.000154987 -253.547)
(0.000175219 8.83361e-05 -233.477)
(2.53696e-05 4.80868e-06 -212.784)
(-0.00013891 -8.8263e-05 -191.745)
(-0.000311781 -0.000184656 -170.665)
(-0.000470112 -0.000273645 -149.862)
(-0.000593161 -0.000341265 -129.663)
(-0.000669146 -0.00038245 -110.379)
(-0.000699906 -0.000397006 -92.2935)
(-0.000698092 -0.000393346 -75.6484)
(-0.000680245 -0.000380462 -60.6529)
(-0.000658582 -0.000366811 -47.4937)
(-0.000634137 -0.000352692 -36.3527)
(-0.000600139 -0.000335603 -27.4173)
(-0.000537988 -0.000302672 -20.8689)
(-0.00052027 -0.000295621 -16.6065)
(0.00153565 0.000886609 -367.207)
(0.000945222 0.000545724 -361.91)
(0.00105552 0.000609405 -354.84)
(0.000943307 0.000544618 -345.497)
(0.000845925 0.000488394 -334.047)
(0.000753684 0.000435139 -320.671)
(0.000661594 0.000381971 -305.561)
(0.000566172 0.000326879 -288.917)
(0.000457232 0.000263983 -270.948)
(0.000325964 0.000188195 -251.876)
(0.000161007 9.29573e-05 -231.936)
(-4.38625e-05 -2.5324e-05 -211.383)
(-0.000277201 -0.000160042 -190.493)
(-0.000522985 -0.000301945 -169.567)
(-0.000750939 -0.000433555 -148.922)
(-0.000929495 -0.000536644 -128.878)
(-0.00104095 -0.000600991 -109.744)
(-0.00108633 -0.000627194 -91.7965)
(-0.00108412 -0.000625914 -75.2766)
(-0.00105779 -0.000610716 -60.3902)
(-0.00102504 -0.000591805 -47.3227)
(-0.000984658 -0.000568492 -36.2543)
(-0.000921042 -0.000531763 -27.3711)
(-0.000787731 -0.000454796 -20.8545)
(-0.000709867 -0.000409842 -16.6048)
(0.00088513 0.000511028 -368.943)
(0.000990778 0.000572024 -363.633)
(0.000955545 0.000551682 -356.553)
(0.000846038 0.000488459 -347.185)
(0.000745857 0.000430619 -335.697)
(0.000650786 0.000375731 -322.272)
(0.000556212 0.000321128 -307.101)
(0.000456907 0.000263794 -290.384)
(0.000342666 0.000197838 -272.333)
(0.00020334 0.000117398 -253.169)
(2.77379e-05 1.60145e-05 -233.128)
(-0.000187361 -0.000108172 -212.466)
(-0.000434313 -0.00025075 -191.461)
(-0.000691871 -0.000399451 -170.415)
(-0.000927453 -0.000535464 -149.648)
(-0.00110822 -0.000639827 -129.484)
(-0.00121656 -0.00070238 -110.234)
(-0.00125525 -0.000724718 -92.1801)
(-0.00124462 -0.000718578 -75.5637)
(-0.00120943 -0.000698262 -60.5931)
(-0.00116611 -0.00067325 -47.4549)
(-0.00111088 -0.000641367 -36.3306)
(-0.00101517 -0.000586107 -27.4071)
(-0.00082656 -0.000477213 -20.8661)
(-0.000655494 -0.000378448 -16.6064)
(0.000724996 0.000672458 -366.847)
(0.000524694 0.00105783 -361.548)
(0.000530926 0.000992502 -354.482)
(0.000481791 0.000866906 -345.145)
(0.000433418 0.000755137 -333.703)
(0.000385822 0.000651161 -320.339)
(0.000336882 0.000548896 -305.243)
(0.000283635 0.000443798 -288.614)
(0.000220949 0.000324083 -270.663)
(0.000142925 0.000179829 -251.61)
(4.58572e-05 -3.26464e-06 -231.691)
(-7.63746e-05 -0.000224068 -211.16)
(-0.000207504 -0.000487026 -190.295)
(-0.00034211 -0.000763463 -169.394)
(-0.000460744 -0.00102116 -148.773)
(-0.000547627 -0.00122316 -128.754)
(-0.000595792 -0.00134831 -109.643)
(-0.000608711 -0.00139731 -91.7168)
(-0.000597673 -0.00139159 -75.2161)
(-0.000575524 -0.00135769 -60.3465)
(-0.000550171 -0.00131393 -47.2928)
(-0.00052146 -0.00125442 -36.2352)
(-0.000476132 -0.00114676 -27.36)
(-0.000407136 -0.000913232 -20.8486)
(-0.000337265 -0.000708723 -16.6028)
(-0.000932334 -0.0002929 -366.847)
(-0.00117617 8.0054e-05 -361.548)
(-0.00112471 3.48282e-05 -354.482)
(-0.000994059 1.21219e-05 -345.145)
(-0.000875913 -4.93602e-06 -333.704)
(-0.000761372 -1.4983e-05 -320.339)
(-0.000649165 -2.43912e-05 -305.243)
(-0.000530022 -2.95383e-05 -288.614)
(-0.000395363 -3.53785e-05 -270.663)
(-0.000229876 -3.84263e-05 -251.61)
(-2.29164e-05 -4.61645e-05 -231.691)
(0.000230822 -4.94391e-05 -211.161)
(0.000524149 -6.73669e-05 -190.295)
(0.000832146 -8.77856e-05 -169.394)
(0.00111498 -0.000113232 -148.773)
(0.00133458 -0.000137525 -128.754)
(0.00146751 -0.000157587 -109.643)
(0.00151736 -0.000169988 -91.7168)
(0.00150737 -0.000175998 -75.2161)
(0.00146765 -0.00017742 -60.3465)
(0.00141726 -0.00017729 -47.2927)
(0.00135138 -0.000172032 -36.2352)
(0.00123446 -0.000157909 -27.3599)
(0.000996372 -0.00010155 -20.8486)
(0.00078283 -5.97559e-05 -16.6028)
(-0.000868533 -0.000501447 -368.943)
(-0.000989226 -0.000571128 -363.633)
(-0.000955136 -0.000551447 -356.553)
(-0.000848995 -0.000490167 -347.185)
(-0.000751893 -0.000434105 -335.697)
(-0.000656356 -0.000378947 -322.272)
(-0.000562359 -0.000324677 -307.101)
(-0.000461573 -0.000266489 -290.384)
(-0.000347484 -0.000200619 -272.333)
(-0.000206325 -0.000119122 -253.169)
(-3.07877e-05 -1.77752e-05 -233.128)
(0.000185958 0.000107363 -212.466)
(0.000432954 0.000249966 -191.461)
(0.000691875 0.000399453 -170.415)
(0.000928098 0.000535836 -149.648)
(0.00111036 0.000641067 -129.484)
(0.00121937 0.000704004 -110.234)
(0.00125896 0.000726858 -92.1801)
(0.00124891 0.000721057 -75.5636)
(0.00121449 0.000701183 -60.5931)
(0.00117129 0.00067624 -47.4549)
(0.00111608 0.000644366 -36.3306)
(0.00101933 0.000588507 -27.4071)
(0.000828993 0.000478618 -20.8661)
(0.000655941 0.000378707 -16.6064)
)
;

boundaryField
{
    outletCentralUnloaded
    {
        type            zeroGradient;
    }
    inletCentralUnloaded
    {
        type            fixedValue;
        value           uniform (0 0 -15);
    }
    outletFuelElement
    {
        type            zeroGradient;
    }
    inletFuelElement
    {
        type            fixedValue;
        value           uniform (0 0 -15);
    }
    defaultFaces
    {
        type            slip;
    }
    baffle_master
    {
        type            slip;
    }
    baffle_slave
    {
        type            slip;
    }
}


// ************************************************************************* //
