/*--------------------------------*- C++ -*----------------------------------*\
| =========                 |                                                 |
| \\      /  F ield         | OpenFOAM: The Open Source CFD Toolbox           |
|  \\    /   O peration     | Version:  2212                                  |
|   \\  /    A nd           | Website:  www.openfoam.com                      |
|    \\/     M anipulation  |                                                 |
\*---------------------------------------------------------------------------*/
FoamFile
{
    version     2.0;
    format      ascii;
    arch        "LSB;label=32;scalar=64";
    class       volScalarField;
    location    "61/neutroRegion";
    object      TCool;
}
// * * * * * * * * * * * * * * * * * * * * * * * * * * * * * * * * * * * * * //

dimensions      [0 0 0 1 0 0 0];

internalField   nonuniform List<scalar> 
350
(
83.2889
83.2894
83.2899
83.2904
83.2908
83.2913
83.2917
83.2922
83.2927
83.2932
83.2937
83.2943
83.2948
83.2953
83.2958
83.2963
83.2968
83.2972
83.2976
83.2979
83.2981
83.2984
83.2988
83.2992
83.2998
83.2889
83.2894
83.2899
83.2904
83.2908
83.2913
83.2917
83.2922
83.2927
83.2932
83.2937
83.2943
83.2948
83.2953
83.2958
83.2963
83.2968
83.2972
83.2976
83.2979
83.2981
83.2984
83.2988
83.2992
83.2998
1823.43
1817.26
1798.68
1767.92
1725.31
1671.36
1606.68
1532.02
1448.25
1356.4
1257.6
1153.18
1044.67
933.82
822.577
713.045
607.33
507.397
414.954
331.444
258.113
196.157
146.802
111.211
90.0862
1851.67
1845.73
1827.15
1796.16
1753.12
1698.52
1632.99
1557.29
1472.3
1379.05
1278.69
1172.56
1062.2
949.366
836.063
724.442
616.678
514.807
420.599
335.537
260.889
197.867
147.706
111.575
90.1636
1818.84
1812.66
1794.1
1763.39
1720.87
1667.04
1602.51
1528.03
1444.47
1352.85
1254.31
1150.18
1041.97
931.436
820.52
711.317
605.922
506.288
414.116
330.842
257.708
195.91
146.672
111.158
90.0739
1845.32
1839.31
1820.72
1789.77
1746.81
1692.35
1627
1551.53
1466.81
1373.87
1273.86
1168.12
1058.17
945.787
832.954
721.811
614.518
513.093
419.292
334.588
260.245
197.47
147.496
111.491
90.1458
1845.32
1839.31
1820.72
1789.77
1746.81
1692.35
1627
1551.53
1466.81
1373.87
1273.86
1168.12
1058.17
945.787
832.954
721.811
614.518
513.093
419.292
334.588
260.245
197.47
147.496
111.491
90.1458
1818.84
1812.66
1794.1
1763.39
1720.87
1667.04
1602.51
1528.03
1444.48
1352.85
1254.32
1150.18
1041.97
931.437
820.522
711.318
605.923
506.289
414.117
330.842
257.708
195.91
146.672
111.158
90.0739
1851.67
1845.73
1827.15
1796.16
1753.12
1698.52
1632.99
1557.29
1472.3
1379.05
1278.69
1172.56
1062.2
949.366
836.063
724.442
616.678
514.807
420.599
335.537
260.889
197.867
147.706
111.575
90.1636
1823.43
1817.26
1798.68
1767.92
1725.31
1671.36
1606.68
1532.02
1448.25
1356.4
1257.6
1153.18
1044.67
933.82
822.577
713.045
607.33
507.396
414.954
331.444
258.113
196.157
146.802
111.211
90.0862
1845.32
1839.31
1820.72
1789.77
1746.81
1692.35
1627
1551.53
1466.81
1373.87
1273.86
1168.12
1058.17
945.787
832.954
721.811
614.518
513.093
419.292
334.588
260.245
197.47
147.496
111.491
90.1458
1818.84
1812.66
1794.1
1763.39
1720.87
1667.04
1602.51
1528.03
1444.47
1352.85
1254.31
1150.18
1041.97
931.436
820.521
711.317
605.922
506.288
414.116
330.842
257.708
195.91
146.672
111.158
90.0739
1818.84
1812.66
1794.1
1763.39
1720.87
1667.04
1602.51
1528.03
1444.48
1352.85
1254.32
1150.18
1041.97
931.437
820.521
711.318
605.923
506.289
414.117
330.842
257.708
195.91
146.672
111.158
90.0739
1845.32
1839.31
1820.72
1789.77
1746.81
1692.35
1627
1551.53
1466.81
1373.87
1273.86
1168.12
1058.17
945.787
832.954
721.811
614.518
513.093
419.292
334.588
260.245
197.47
147.496
111.491
90.1458
)
;

boundaryField
{
    outletCentralUnloaded
    {
        type            zeroGradient;
    }
    inletCentralUnloaded
    {
        type            zeroGradient;
    }
    outletFuelElement
    {
        type            zeroGradient;
    }
    inletFuelElement
    {
        type            zeroGradient;
    }
    defaultFaces
    {
        type            zeroGradient;
    }
}


// ************************************************************************* //
