/*--------------------------------*- C++ -*----------------------------------*\
| =========                 |                                                 |
| \\      /  F ield         | OpenFOAM: The Open Source CFD Toolbox           |
|  \\    /   O peration     | Version:  2212                                  |
|   \\  /    A nd           | Website:  www.openfoam.com                      |
|    \\/     M anipulation  |                                                 |
\*---------------------------------------------------------------------------*/
FoamFile
{
    version     2.0;
    format      ascii;
    arch        "LSB;label=32;scalar=64";
    class       volScalarField;
    location    "70/neutroRegion";
    object      TClad;
}
// * * * * * * * * * * * * * * * * * * * * * * * * * * * * * * * * * * * * * //

dimensions      [0 0 0 1 0 0 0];

internalField   nonuniform List<scalar> 
350
(
0
0
0
0
0
0
0
0
0
0
0
0
0
0
0
0
0
0
0
0
0
0
0
0
0
0
0
0
0
0
0
0
0
0
0
0
0
0
0
0
0
0
0
0
0
0
0
0
0
0
1845.83
1883.91
1909.05
1921.25
1920.62
1907.45
1882.15
1845.3
1797.6
1739.9
1673.18
1598.53
1517.19
1430.49
1339.85
1246.76
1152.59
1058.42
964.636
870.423
772.851
665.636
538.04
377.936
186.907
1874.28
1912.98
1938.51
1950.86
1950.17
1936.7
1910.9
1873.33
1824.71
1765.92
1697.94
1621.88
1538.99
1450.63
1358.24
1263.34
1167.35
1071.4
975.944
880.201
781.238
672.692
543.608
381.554
188.13
1841.21
1879.21
1904.31
1916.5
1915.9
1902.8
1877.6
1840.87
1793.33
1735.82
1669.31
1594.9
1513.8
1427.37
1337.02
1244.21
1150.33
1056.44
962.913
868.94
771.586
664.583
537.221
377.408
186.721
1867.88
1906.43
1931.85
1944.15
1943.46
1930.05
1904.34
1866.93
1818.51
1759.96
1692.26
1616.52
1533.98
1445.99
1354
1259.51
1163.94
1068.4
973.33
877.939
779.298
671.059
542.318
380.715
187.848
1867.88
1906.43
1931.85
1944.15
1943.46
1930.05
1904.34
1866.93
1818.51
1759.96
1692.26
1616.52
1533.98
1445.99
1354
1259.51
1163.94
1068.4
973.33
877.939
779.298
671.059
542.318
380.715
187.848
1841.21
1879.21
1904.31
1916.5
1915.91
1902.8
1877.6
1840.87
1793.33
1735.82
1669.31
1594.9
1513.81
1427.37
1337.02
1244.21
1150.33
1056.44
962.914
868.94
771.587
664.584
537.222
377.409
186.721
1874.28
1912.98
1938.51
1950.86
1950.17
1936.7
1910.9
1873.33
1824.71
1765.92
1697.94
1621.88
1538.99
1450.63
1358.24
1263.34
1167.35
1071.4
975.944
880.201
781.238
672.693
543.608
381.554
188.13
1845.83
1883.91
1909.05
1921.25
1920.62
1907.45
1882.15
1845.3
1797.6
1739.9
1673.18
1598.53
1517.19
1430.49
1339.85
1246.76
1152.59
1058.42
964.636
870.423
772.851
665.636
538.04
377.936
186.907
1867.88
1906.43
1931.85
1944.15
1943.46
1930.05
1904.34
1866.93
1818.51
1759.96
1692.26
1616.52
1533.98
1445.99
1354
1259.51
1163.94
1068.4
973.33
877.939
779.298
671.059
542.318
380.715
187.848
1841.21
1879.21
1904.31
1916.5
1915.9
1902.8
1877.6
1840.87
1793.33
1735.82
1669.31
1594.9
1513.8
1427.37
1337.02
1244.21
1150.33
1056.44
962.913
868.94
771.586
664.583
537.221
377.408
186.721
1841.21
1879.21
1904.31
1916.5
1915.91
1902.8
1877.6
1840.87
1793.33
1735.82
1669.31
1594.9
1513.81
1427.37
1337.02
1244.21
1150.33
1056.44
962.914
868.94
771.586
664.584
537.222
377.409
186.721
1867.88
1906.43
1931.85
1944.15
1943.46
1930.05
1904.34
1866.92
1818.51
1759.96
1692.26
1616.52
1533.98
1445.99
1354
1259.51
1163.94
1068.4
973.33
877.939
779.297
671.059
542.318
380.714
187.847
)
;

boundaryField
{
    outletCentralUnloaded
    {
        type            zeroGradient;
    }
    inletCentralUnloaded
    {
        type            zeroGradient;
    }
    outletFuelElement
    {
        type            zeroGradient;
    }
    inletFuelElement
    {
        type            zeroGradient;
    }
    defaultFaces
    {
        type            zeroGradient;
    }
}


// ************************************************************************* //
