/*--------------------------------*- C++ -*----------------------------------*\
| =========                 |                                                 |
| \\      /  F ield         | OpenFOAM: The Open Source CFD Toolbox           |
|  \\    /   O peration     | Version:  2212                                  |
|   \\  /    A nd           | Website:  www.openfoam.com                      |
|    \\/     M anipulation  |                                                 |
\*---------------------------------------------------------------------------*/
FoamFile
{
    version     2.0;
    format      ascii;
    arch        "LSB;label=32;scalar=64";
    class       surfaceScalarField;
    location    "51/fluidRegion";
    object      alphaPhi;
}
// * * * * * * * * * * * * * * * * * * * * * * * * * * * * * * * * * * * * * //

dimensions      [0 3 -1 0 0 0 0];

oriented        oriented;

internalField   nonuniform List<scalar> 
661
(
-0.000538992
2.08368e-12
-0.00053894
1.94634e-12
-0.000538887
9.58389e-13
-0.000538833
-1.4324e-13
-0.000538779
-9.34073e-13
-0.000538728
-1.27294e-12
-0.000538679
-1.24385e-12
-0.000538633
-1.06418e-12
-0.000538588
-9.38676e-13
-0.000538546
-9.44667e-13
-0.000538505
-1.01201e-12
-0.000538465
-9.9148e-13
-0.000538426
-7.70948e-13
-0.000538388
-3.49606e-13
-0.000538349
1.55888e-13
-0.000538309
5.81765e-13
-0.000538268
8.10938e-13
-0.000538226
8.31859e-13
-0.000538182
7.32469e-13
-0.000538138
6.36693e-13
-0.000538093
6.24221e-13
-0.000538046
6.8668e-13
-0.000537998
6.8571e-13
-0.00053795
1.48144e-13
-1.25881e-12
-0.000538992
-0.00053894
-0.000538887
-0.000538833
-0.000538779
-0.000538728
-0.000538679
-0.000538633
-0.000538588
-0.000538546
-0.000538505
-0.000538465
-0.000538426
-0.000538388
-0.000538349
-0.000538309
-0.000538268
-0.000538226
-0.000538182
-0.000538138
-0.000538093
-0.000538046
-0.000537998
-0.00053795
-0.0202149
1.41235e-06
-0.0197881
6.72794e-07
-0.0192447
7.29395e-07
-0.0185939
6.56399e-07
-0.0178452
5.94215e-07
-0.0170086
5.36576e-07
-0.0160942
4.83181e-07
-0.0151125
4.31391e-07
-0.0140744
3.75476e-07
-0.0129908
3.05986e-07
-0.0118738
2.11089e-07
-0.0107362
7.91522e-08
-0.00959219
-9.32452e-08
-0.00845749
-2.92177e-07
-0.007349
-4.95122e-07
-0.00628387
-6.67959e-07
-0.00527831
-7.84015e-07
-0.00434647
-8.36203e-07
-0.00349994
-8.38323e-07
-0.00274843
-8.147e-07
-0.00210068
-7.87429e-07
-0.00156605
-7.61699e-07
-0.00115525
-7.26565e-07
-0.000879349
-6.3088e-07
-6.00954e-07
-0.0203448
-3.98358e-08
-3.72969e-08
-0.0199169
-1.74952e-07
-1.77548e-07
-0.0193715
-1.65904e-07
-1.6804e-07
-0.0187177
-1.43494e-07
-1.45518e-07
-0.0179652
-1.24166e-07
-1.26038e-07
-0.017124
-1.06308e-07
-1.08168e-07
-0.0162043
-8.99202e-08
-9.18393e-08
-0.0152168
-7.43799e-08
-7.6322e-08
-0.0141721
-5.81404e-08
-6.01232e-08
-0.0130815
-3.85512e-08
-4.05934e-08
-0.0119569
-1.18757e-08
-1.40068e-08
-0.0108111
2.52595e-08
2.30881e-08
-0.00965861
7.33036e-08
7.11862e-08
-0.00851514
1.33421e-07
1.31303e-07
-0.00739781
1.955e-07
1.93372e-07
-0.00632403
2.49676e-07
2.47583e-07
-0.00531028
2.86964e-07
2.84919e-07
-0.00437094
3.04335e-07
3.02408e-07
-0.00351774
3.05703e-07
3.03876e-07
-0.00276054
2.98515e-07
2.96872e-07
-0.00210811
2.89562e-07
2.87954e-07
-0.0015699
2.79011e-07
2.77386e-07
-0.0011567
2.6004e-07
2.58149e-07
-0.000879543
2.0594e-07
2.04135e-07
1.56966e-07
1.55956e-07
-0.0201937
6.94373e-07
-0.0197671
6.5691e-07
-0.0192242
6.32378e-07
-0.018574
5.62937e-07
-0.0178259
5.00759e-07
-0.0169901
4.43542e-07
-0.0160766
3.90457e-07
-0.0150959
3.38499e-07
-0.0140588
2.81178e-07
-0.0129765
2.08289e-07
-0.0118607
1.07056e-07
-0.0107244
-3.30435e-08
-0.00958173
-2.14759e-07
-0.00844843
-4.24535e-07
-0.00734132
-6.35572e-07
-0.00627754
-8.11869e-07
-0.00527325
-9.26247e-07
-0.00434256
-9.72861e-07
-0.00349704
-9.67721e-07
-0.0027464
-9.36732e-07
-0.00209934
-9.01435e-07
-0.00156524
-8.65425e-07
-0.00115481
-8.05799e-07
-0.000879131
-6.68302e-07
-5.445e-07
-0.0203159
4.04001e-09
-0.0198882
8.38152e-10
-0.0193431
1.09338e-09
-0.0186899
1.0233e-09
-0.0179382
1.05101e-09
-0.017098
1.02933e-09
-0.0161795
9.06486e-10
-0.0151932
8.22225e-10
-0.01415
6.8154e-10
-0.013061
4.76671e-10
-0.011938
3.07299e-10
-0.0107941
1.61123e-10
-0.0096435
4.28505e-12
-0.008502
-1.58329e-10
-0.00738667
-3.51601e-10
-0.00631486
-5.46857e-10
-0.00530298
-6.66094e-10
-0.00436535
-6.58632e-10
-0.00351368
-6.43414e-10
-0.00275778
-5.70966e-10
-0.00210643
-4.55276e-10
-0.00156904
-4.45332e-10
-0.00115639
-5.35018e-10
-0.000879525
-5.09917e-10
-6.64308e-10
-0.0203159
-6.86136e-07
-0.0198882
-6.5568e-07
-0.0193431
-6.30351e-07
-0.0186899
-5.60982e-07
-0.0179382
-4.9871e-07
-0.017098
-4.41494e-07
-0.0161795
-3.88525e-07
-0.0151932
-3.36632e-07
-0.01415
-2.79467e-07
-0.013061
-2.06805e-07
-0.011938
-1.05738e-07
-0.0107941
3.42209e-08
-0.00964351
2.15747e-07
-0.00850201
4.25284e-07
-0.00738668
6.36001e-07
-0.00631487
8.11944e-07
-0.00530299
9.26054e-07
-0.00436535
9.7254e-07
-0.00351368
9.67246e-07
-0.00275778
9.36173e-07
-0.00210643
9.00841e-07
-0.00156904
8.64679e-07
-0.00115639
8.04688e-07
-0.000879526
6.67144e-07
5.42938e-07
-0.0201937
3.6048e-08
-0.0197672
1.76004e-07
-0.0192242
1.66672e-07
-0.018574
1.44356e-07
-0.017826
1.2517e-07
-0.0169901
1.07394e-07
-0.0160766
9.10902e-08
-0.0150959
7.5631e-08
-0.0140589
5.94456e-08
-0.0129765
3.98591e-08
-0.0118607
1.32576e-08
-0.0107244
-2.38294e-08
-0.00958175
-7.18523e-08
-0.00844844
-1.31998e-07
-0.00734133
-1.9417e-07
-0.00627755
-2.48497e-07
-0.00527325
-2.8593e-07
-0.00434257
-3.03435e-07
-0.00349704
-3.04986e-07
-0.0027464
-2.98011e-07
-0.00209934
-2.89194e-07
-0.00156524
-2.78803e-07
-0.00115481
-2.59999e-07
-0.000879129
-2.05824e-07
-1.5606e-07
-0.0203448
-1.41246e-06
-4.17071e-08
-0.0199169
-6.72702e-07
-1.77604e-07
-0.0193715
-7.29154e-07
-1.68537e-07
-0.0187177
-6.56073e-07
-1.45971e-07
-0.0179652
-5.93738e-07
-1.26543e-07
-0.017124
-5.36072e-07
-1.0865e-07
-0.0162043
-4.82664e-07
-9.22237e-08
-0.0152168
-4.3088e-07
-7.66329e-08
-0.0141721
-3.75005e-07
-6.02998e-08
-0.0130815
-3.056e-07
-4.05977e-08
-0.0119569
-2.10724e-07
-1.38805e-08
-0.0108111
-7.88122e-08
2.33108e-08
-0.00965861
9.35373e-08
7.15605e-08
-0.00851514
2.92382e-07
1.31851e-07
-0.00739781
4.95172e-07
1.94158e-07
-0.00632403
6.67821e-07
2.48637e-07
-0.00531028
7.83706e-07
2.86237e-07
-0.00437094
8.35738e-07
3.03934e-07
-0.00351774
8.37589e-07
3.05713e-07
-0.00276054
8.13594e-07
2.99043e-07
-0.00210811
7.85803e-07
2.90541e-07
-0.0015699
7.59525e-07
2.80333e-07
-0.0011567
7.23512e-07
2.61627e-07
-0.000879543
6.27757e-07
2.07395e-07
5.98043e-07
1.59434e-07
-0.0202149
-0.0197881
-0.0192447
-0.0185939
-0.0178452
-0.0170086
-0.0160942
-0.0151125
-0.0140744
-0.0129908
-0.0118738
-0.0107362
-0.00959219
-0.00845749
-0.007349
-0.00628387
-0.00527831
-0.00434647
-0.00349994
-0.00274843
-0.00210068
-0.00156605
-0.00115525
-0.000879349
-0.0203159
-6.92064e-07
2.10611e-09
-0.0198882
-6.53824e-07
-1.69029e-09
-0.0193431
-6.292e-07
-1.47845e-09
-0.0186899
-5.59779e-07
-1.52356e-09
-0.0179382
-4.97522e-07
-1.62716e-09
-0.017098
-4.40285e-07
-1.72846e-09
-0.0161795
-3.87248e-07
-1.7953e-09
-0.0151932
-3.35338e-07
-1.90657e-09
-0.01415
-2.78137e-07
-1.99355e-09
-0.013061
-2.05434e-07
-2.02662e-09
-0.011938
-1.04286e-07
-2.1008e-09
-0.0107941
3.56879e-08
-2.17374e-09
-0.0096435
2.17192e-07
-2.26917e-09
-0.008502
4.2674e-07
-2.33908e-09
-0.00738667
6.37508e-07
-2.38019e-09
-0.00631486
8.13526e-07
-2.39582e-09
-0.00530298
9.27781e-07
-2.48382e-09
-0.00436535
9.74449e-07
-2.6496e-09
-0.00351368
9.69514e-07
-2.85515e-09
-0.00275778
9.38876e-07
-3.05602e-09
-0.00210643
9.04249e-07
-3.41689e-09
-0.00156904
8.68762e-07
-3.54847e-09
-0.00115639
8.09605e-07
-3.64528e-09
-0.000879525
6.72102e-07
-3.3322e-09
5.48182e-07
-3.36707e-09
-0.0201937
-0.0197671
-0.0192242
-0.018574
-0.0178259
-0.0169901
-0.0160766
-0.0150959
-0.0140588
-0.0129765
-0.0118607
-0.0107244
-0.00958174
-0.00844843
-0.00734132
-0.00627754
-0.00527325
-0.00434256
-0.00349704
-0.0027464
-0.00209934
-0.00156524
-0.00115481
-0.000879131
-0.0201937
6.86776e-07
-0.0197672
6.56482e-07
-0.0192242
6.31339e-07
-0.018574
5.621e-07
-0.017826
5.0009e-07
-0.0169901
4.42945e-07
-0.0160766
3.89979e-07
-0.0150959
3.381e-07
-0.0140588
2.80894e-07
-0.0129765
2.08079e-07
-0.0118607
1.06976e-07
-0.0107244
-3.30373e-08
-0.00958174
-2.14586e-07
-0.00844844
-4.24234e-07
-0.00734133
-6.35147e-07
-0.00627755
-8.11339e-07
-0.00527325
-9.25631e-07
-0.00434257
-9.72227e-07
-0.00349704
-9.67161e-07
-0.0027464
-9.36373e-07
-0.00209934
-9.0151e-07
-0.00156524
-8.66125e-07
-0.00115481
-8.07121e-07
-0.000879129
-6.699e-07
-5.44468e-07
-0.0203159
-0.0198882
-0.0193431
-0.0186899
-0.0179382
-0.017098
-0.0161795
-0.0151932
-0.01415
-0.013061
-0.011938
-0.0107941
-0.00964351
-0.00850201
-0.00738668
-0.00631487
-0.00530299
-0.00436535
-0.00351368
-0.00275778
-0.00210643
-0.00156904
-0.00115639
-0.000879527
)
;

boundaryField
{
    outletCentralUnloaded
    {
        type            calculated;
        value           nonuniform List<scalar> 2(0.000539039 0.000539039);
    }
    inletCentralUnloaded
    {
        type            calculated;
        value           uniform -0.000540134;
    }
    outletFuelElement
    {
        type            calculated;
        value           nonuniform List<scalar> 
12
(
0.0205549
0.0206878
0.0205341
0.0206581
0.0206581
0.0205341
0.0206878
0.0205549
0.0206581
0.0205341
0.0205341
0.0206581
)
;
    }
    inletFuelElement
    {
        type            calculated;
        value           nonuniform List<scalar> 
12
(
-0.000722059
-0.00072206
-0.000722059
-0.000722059
-0.00072206
-0.000722059
-0.00072206
-0.000722059
-0.000722059
-0.000722059
-0.000722059
-0.00072206
)
;
    }
    defaultFaces
    {
        type            calculated;
        value           nonuniform List<scalar> 
450
(
-1.4102e-24
-7.75616e-23
0
2.15062e-23
-1.12632e-23
0
1.56705e-23
1.3197e-23
0
-4.05593e-23
-2.54391e-23
0
-1.99167e-23
-4.41989e-23
0
-3.8586e-23
-1.1169e-23
0
-3.56659e-23
-1.14045e-23
0
-3.26943e-23
-1.48177e-23
0
-1.74825e-23
-1.25343e-23
0
-1.9286e-23
-7.94383e-24
0
-9.02697e-24
-6.60368e-24
0
-5.5374e-24
-3.0227e-24
0
6.7918e-24
2.9145e-24
0
2.02827e-23
1.04493e-23
0
2.77017e-23
1.29013e-23
0
4.45496e-23
1.33173e-23
0
4.1155e-23
1.12092e-24
0
5.57483e-23
3.38867e-23
0
3.586e-23
-4.79778e-23
0
-3.05315e-23
-3.45234e-23
0
-1.85573e-23
-3.8634e-24
0
3.84867e-23
-1.99571e-23
0
-2.71983e-23
-7.81739e-24
0
-2.67525e-23
-1.98083e-23
0
-1.10194e-23
-1.95716e-23
0
2.80794e-23
0
1.60454e-23
0
8.0227e-24
0
1.60454e-23
0
-8.0227e-24
0
1.60454e-23
0
1.2034e-23
0
1.2034e-23
0
-6.01702e-24
0
6.01702e-24
0
4.51277e-24
0
-1.00284e-24
0
-4.01135e-24
0
-8.0227e-24
0
-1.60454e-23
0
-4.01135e-23
0
3.20908e-23
0
-3.20908e-23
0
3.20908e-23
0
-3.20908e-23
0
-3.20908e-23
0
4.01135e-23
0
1.60454e-23
0
-2.40681e-23
0
-2.40681e-23
0
0
0
8.0227e-24
-8.0227e-24
8.0227e-24
0
-8.0227e-24
-8.0227e-24
4.01135e-24
-8.0227e-24
-2.00567e-24
0
4.01135e-24
0
8.0227e-24
0
-4.81362e-23
0
-1.60454e-23
0
-1.60454e-23
-1.60454e-23
-3.20908e-23
0
0
0
0
0
0
0
0
0
0
0
0
0
0
0
0
0
0
0
0
0
0
0
0
0
0
0
-1.2034e-23
1.60454e-23
0
3.20908e-23
1.60454e-23
4.01135e-23
-1.60454e-23
-1.60454e-23
2.00567e-23
-1.60454e-23
-1.2034e-23
-1.2034e-23
-1.60454e-23
-1.2034e-23
-1.60454e-23
-4.01135e-24
1.60454e-23
-8.0227e-24
-8.0227e-24
-4.01135e-24
-1.00284e-24
-3.00851e-24
1.00284e-24
1.88032e-24
6.01702e-24
6.01702e-24
1.60454e-23
1.60454e-23
1.60454e-23
1.60454e-23
2.40681e-23
3.20908e-23
-3.20908e-23
5.61589e-23
3.20908e-23
2.40681e-23
-6.41816e-23
4.81362e-23
-3.20908e-23
-3.20908e-23
0
-2.40681e-23
-4.01135e-23
5.61589e-23
-8.0227e-24
-3.20908e-23
0
-2.00567e-23
-2.40681e-23
-1.60454e-23
2.50417e-23
0
0
8.21762e-24
0
-8.0227e-24
3.18546e-23
0
-4.81362e-23
-6.3222e-23
0
8.0227e-24
1.68965e-23
0
-8.0227e-24
-4.02153e-23
0
8.0227e-24
-4.23723e-23
0
8.0227e-24
-3.66681e-23
0
1.60454e-23
-1.63838e-23
0
-1.60454e-23
-2.58446e-23
0
8.0227e-24
-1.95956e-23
0
0
-6.38904e-24
0
1.00284e-24
8.95437e-24
-0
-4.01135e-24
2.35543e-23
-0
0
4.51343e-23
-0
-1.60454e-23
5.85198e-23
-0
-8.0227e-24
4.60406e-23
-0
-1.60454e-23
7.43323e-23
-0
0
5.74975e-23
-0
-3.20908e-23
-2.31927e-23
-0
3.20908e-23
1.47564e-24
-0
1.60454e-23
3.44021e-23
-0
1.60454e-23
-3.01316e-23
-0
0
-5.13558e-24
-0
1.60454e-23
-1.29444e-23
-0
8.0227e-24
-1.60454e-23
-8.0227e-24
8.0227e-24
-1.60454e-23
1.60454e-23
-8.0227e-24
-8.0227e-24
-1.2034e-23
0
0
-2.00567e-24
-5.01419e-25
0
1.60454e-23
0
0
-1.60454e-23
3.20908e-23
-3.20908e-23
0
1.60454e-23
-6.41816e-23
-3.20908e-23
1.60454e-23
0
1.60454e-23
0
2.40681e-23
0
8.0227e-24
0
1.60454e-23
0
-8.0227e-24
0
1.60454e-23
0
1.60454e-23
0
8.0227e-24
0
-4.01135e-24
0
8.0227e-24
0
3.00851e-24
0
0
0
-4.01135e-24
-0
-8.0227e-24
-0
-1.60454e-23
-0
-2.40681e-23
-0
4.01135e-23
-0
-3.20908e-23
-0
4.81362e-23
-0
-1.60454e-23
-0
-3.20908e-23
-0
4.01135e-23
-0
8.0227e-24
-0
-8.0227e-24
-0
-1.60454e-23
-0
-2.80794e-23
0
-1.60454e-23
1.60454e-23
-1.60454e-23
1.60454e-23
-1.60454e-23
-4.01135e-23
-4.01135e-24
2.00567e-23
-8.0227e-24
-3.61021e-23
-8.0227e-24
-2.40681e-23
-8.0227e-24
-2.40681e-23
-2.00567e-24
-1.60454e-23
-2.00567e-24
-1.00284e-23
-4.51277e-24
-8.0227e-24
0
5.2649e-24
4.01135e-24
1.80511e-23
1.2034e-23
3.20908e-23
1.60454e-23
5.61589e-23
3.20908e-23
7.22043e-23
-8.0227e-24
4.81362e-23
1.60454e-23
7.22043e-23
-1.60454e-23
5.61589e-23
0
-2.40681e-23
8.0227e-24
-2.40681e-23
0
3.20908e-23
1.60454e-23
-2.40681e-23
0
-2.40681e-23
-8.0227e-24
-2.00567e-23
-0
-0
-0
-0
-0
-0
-0
-0
-0
-0
-0
0
0
0
0
0
0
0
0
0
0
0
0
0
0
)
;
    }
    baffle_master
    {
        type            calculated;
        value           nonuniform List<scalar> 
150
(
8.075e-30
0
0
-8.27543e-30
0
-4.57867e-29
5.24638e-30
0
-1.14467e-29
2.40671e-30
0
0
-5.53488e-29
0
-4.57867e-29
8.64562e-30
0
2.28934e-29
-2.6285e-30
0
-2.28934e-29
-5.6189e-31
0
0
-1.38926e-29
0
1.14467e-29
2.57147e-30
0
-1.14467e-29
-8.77361e-30
0
0
1.06722e-29
0
0
6.42073e-30
0
1.14467e-29
-5.77369e-30
0
0
-5.95687e-31
0
-2.86167e-30
-5.72526e-30
0
0
-8.14324e-29
0
-3.43401e-29
1.11505e-30
0
0
-4.72585e-29
0
-2.28934e-29
-1.01676e-29
0
0
8.63667e-30
0
0
5.20226e-29
0
3.43401e-29
-7.00305e-30
0
0
-1.60548e-31
0
-2.86167e-30
-1.97265e-29
0
0
0
5.17635e-29
-0
0
4.42165e-29
-0
0
2.181e-29
-0
2.86167e-30
-3.66634e-30
0
0
1.07976e-29
0
4.57867e-29
-3.00184e-29
0
2.28934e-29
-5.61238e-29
0
0
-3.05864e-29
0
-2.28934e-29
-3.53245e-29
0
1.14467e-29
-2.66979e-29
0
2.28934e-29
-2.53476e-29
0
2.28934e-29
-2.06924e-29
0
1.14467e-29
-2.94126e-29
0
0
-1.05387e-29
0
-2.86167e-30
2.02608e-30
-0
-1.14467e-29
2.43812e-29
-0
3.43401e-29
3.47494e-29
-0
0
3.0478e-29
-0
1.14467e-29
3.79159e-30
-0
0
-1.07479e-29
-0
0
-1.0818e-29
-0
2.28934e-29
-5.19881e-29
-0
2.28934e-29
4.0189e-29
-0
2.86167e-30
-2.57907e-30
-0
0
4.32551e-29
0
)
;
    }
    baffle_slave
    {
        type            calculated;
        value           nonuniform List<scalar> 
150
(
8.27341e-24
-0
0
-7.52128e-25
-0
8.0227e-24
-3.82332e-24
-0
0
-5.20222e-24
-0
8.0227e-24
-2.3222e-23
-0
-1.60454e-23
-7.83467e-25
-0
8.0227e-24
-2.47575e-24
-0
0
2.47575e-24
-0
8.0227e-24
5.45293e-24
-0
0
8.14805e-25
-0
4.01135e-24
6.89451e-25
-0
-2.00567e-24
2.50709e-25
0
5.01419e-25
4.38741e-25
0
0
-1.25355e-25
0
8.0227e-24
1.62961e-24
0
-8.0227e-24
4.76348e-24
0
0
-4.12417e-23
0
-6.41816e-23
1.06551e-24
0
0
-3.67289e-23
0
-1.60454e-23
2.63245e-24
0
-1.60454e-23
-1.62961e-24
0
-3.20908e-23
3.03358e-23
0
4.81362e-23
6.0797e-24
0
1.60454e-23
-1.88032e-24
0
-8.0227e-24
-4.7008e-24
0
-8.0227e-24
-1.53513e-23
5.21475e-23
0
-1.40336e-23
1.95553e-23
0
-1.13264e-23
2.23758e-23
0
-7.68484e-24
2.35667e-23
0
1.01718e-24
-3.06492e-23
0
-9.05656e-24
1.31936e-23
0
-1.01862e-23
1.28175e-23
0
-3.9466e-24
1.83645e-23
0
1.0892e-23
1.09529e-23
0
-8.31732e-25
9.88735e-24
0
-2.26848e-24
6.18939e-24
0
3.79515e-25
4.27773e-24
0
5.77672e-24
-1.05768e-24
0
4.05467e-24
-5.71931e-24
0
1.80242e-23
-1.09646e-23
0
1.85301e-23
-1.62354e-23
0
-3.89758e-23
-2.49848e-23
0
9.39629e-24
-1.85838e-23
0
-1.84114e-23
-1.84898e-24
0
8.4159e-24
8.93152e-24
0
-1.96089e-23
1.41024e-23
0
-3.75122e-23
2.98344e-23
0
-1.78626e-23
-1.93673e-23
0
3.26192e-24
9.46428e-24
0
-1.06044e-23
1.79257e-23
0
)
;
    }
}


// ************************************************************************* //
