/*--------------------------------*- C++ -*----------------------------------*\
| =========                 |                                                 |
| \\      /  F ield         | OpenFOAM: The Open Source CFD Toolbox           |
|  \\    /   O peration     | Version:  2212                                  |
|   \\  /    A nd           | Website:  www.openfoam.com                      |
|    \\/     M anipulation  |                                                 |
\*---------------------------------------------------------------------------*/
FoamFile
{
    version     2.0;
    format      ascii;
    arch        "LSB;label=32;scalar=64";
    class       surfaceScalarField;
    location    "51/fluidRegion";
    object      alphaRhoPhi;
}
// * * * * * * * * * * * * * * * * * * * * * * * * * * * * * * * * * * * * * //

dimensions      [1 0 -1 0 0 0 0];

oriented        oriented;

internalField   nonuniform List<scalar> 
661
(
-0.00584991
2.26142e-11
-0.00584984
2.11253e-11
-0.00584974
1.04031e-11
-0.00584963
-1.55496e-12
-0.00584953
-1.01408e-11
-0.00584946
-1.38208e-11
-0.00584941
-1.35061e-11
-0.00584939
-1.15561e-11
-0.00584939
-1.01942e-11
-0.00584941
-1.02601e-11
-0.00584944
-1.09924e-11
-0.00584949
-1.07703e-11
-0.00584955
-8.37536e-12
-0.00584962
-3.79834e-12
-0.00584968
1.69381e-12
-0.00584974
6.3217e-12
-0.00584978
8.81273e-12
-0.00584981
9.04084e-12
-0.00584982
7.96131e-12
-0.00584982
6.92088e-12
-0.00584981
6.78586e-12
-0.00584978
7.46546e-12
-0.00584974
7.45553e-12
-0.00584969
1.61086e-12
-1.36889e-11
-0.00584991
-0.00584984
-0.00584974
-0.00584963
-0.00584953
-0.00584946
-0.00584941
-0.00584939
-0.00584939
-0.00584941
-0.00584944
-0.00584949
-0.00584955
-0.00584962
-0.00584968
-0.00584974
-0.00584978
-0.00584981
-0.00584982
-0.00584982
-0.00584981
-0.00584978
-0.00584974
-0.00584969
-0.00939558
6.45557e-07
-0.00939581
3.13108e-07
-0.00939608
3.47868e-07
-0.00939633
3.22911e-07
-0.00939656
3.03521e-07
-0.00939678
2.86516e-07
-0.00939698
2.71616e-07
-0.00939717
2.57196e-07
-0.00939735
2.39306e-07
-0.00939751
2.10259e-07
-0.00939763
1.57848e-07
-0.00939767
6.50733e-08
-0.0093976
-8.52398e-08
-0.00939734
-3.0073e-07
-0.00939684
-5.81787e-07
-0.00939603
-9.09792e-07
-0.00939489
-1.25879e-06
-0.00939341
-1.61234e-06
-0.00939157
-1.9821e-06
-0.0093893
-2.41822e-06
-0.00938645
-3.01228e-06
-0.00938275
-3.8603e-06
-0.0093779
-4.99149e-06
-0.00937217
-5.88327e-06
-7.19171e-06
-0.0093114
-1.82312e-08
-1.70693e-08
-0.00931095
-8.15241e-08
-8.27337e-08
-0.00931047
-7.92253e-08
-8.02455e-08
-0.00931003
-7.0682e-08
-7.16792e-08
-0.00930963
-6.35055e-08
-6.44626e-08
-0.00930925
-5.68392e-08
-5.78338e-08
-0.0093089
-5.06139e-08
-5.16941e-08
-0.00930858
-4.44036e-08
-4.55629e-08
-0.00930828
-3.7104e-08
-3.83694e-08
-0.00930804
-2.65254e-08
-2.79306e-08
-0.00930787
-8.89208e-09
-1.04878e-08
-0.00930785
2.07937e-08
1.90062e-08
-0.00930807
6.70974e-08
6.51592e-08
-0.00930862
1.37503e-07
1.3532e-07
-0.00930964
2.30008e-07
2.27505e-07
-0.00931119
3.40484e-07
3.3763e-07
-0.00931332
4.61275e-07
4.57987e-07
-0.00931606
5.87452e-07
5.83734e-07
-0.00931944
7.23525e-07
7.192e-07
-0.00932358
8.86875e-07
8.81993e-07
-0.00932876
1.10859e-06
1.10243e-06
-0.0093354
1.41495e-06
1.40671e-06
-0.00934391
1.78731e-06
1.77432e-06
-0.00935357
1.92101e-06
1.90418e-06
1.87859e-06
1.86651e-06
-0.00940938
3.18326e-07
-0.00940971
3.06633e-07
-0.00941003
3.02511e-07
-0.00941033
2.77779e-07
-0.00941059
2.56572e-07
-0.00941084
2.37573e-07
-0.00941106
2.20178e-07
-0.00941127
2.02448e-07
-0.00941145
1.79773e-07
-0.00941159
1.43581e-07
-0.00941166
8.03095e-08
-0.00941162
-2.72526e-08
-0.00941139
-1.96945e-07
-0.00941088
-4.38338e-07
-0.00941
-7.49132e-07
-0.00940868
-1.10914e-06
-0.00940687
-1.49145e-06
-0.00940455
-1.88099e-06
-0.00940169
-2.29389e-06
-0.00939818
-2.7869e-06
-0.00939379
-3.45541e-06
-0.00938815
-4.39333e-06
-0.00938098
-5.5426e-06
-0.00937295
-6.2366e-06
-6.51745e-06
-0.00933028
1.83875e-09
-0.00933001
3.88388e-10
-0.00932974
5.19204e-10
-0.00932949
5.0121e-10
-0.00932927
5.34491e-10
-0.00932906
5.472e-10
-0.00932887
5.07305e-10
-0.0093287
4.88017e-10
-0.00932854
4.3242e-10
-0.00932842
3.26066e-10
-0.00932835
2.28752e-10
-0.00932838
1.31863e-10
-0.00932856
3.89947e-12
-0.00932896
-1.62235e-10
-0.00932966
-4.11327e-10
-0.00933071
-7.41655e-10
-0.00933213
-1.06505e-09
-0.00933393
-1.26499e-09
-0.00933614
-1.51572e-09
-0.00933884
-1.68914e-09
-0.00934221
-1.73657e-09
-0.00934652
-2.25154e-09
-0.00935198
-3.66913e-09
-0.00935815
-4.75051e-09
-7.94762e-09
-0.00933029
-3.14549e-07
-0.00933002
-3.06059e-07
-0.00932975
-3.01541e-07
-0.0093295
-2.76815e-07
-0.00932928
-2.55522e-07
-0.00932907
-2.36476e-07
-0.00932888
-2.19089e-07
-0.00932871
-2.01332e-07
-0.00932855
-1.78679e-07
-0.00932843
-1.42558e-07
-0.00932836
-7.9321e-08
-0.00932839
2.82236e-08
-0.00932857
1.9785e-07
-0.00932897
4.39111e-07
-0.00932967
7.49638e-07
-0.00933072
1.10924e-06
-0.00933214
1.49114e-06
-0.00933394
1.88037e-06
-0.00933615
2.29276e-06
-0.00933885
2.78523e-06
-0.00934222
3.45313e-06
-0.00934653
4.38954e-06
-0.00935199
5.53495e-06
-0.00935816
6.22579e-06
6.49875e-06
-0.00940939
1.64977e-08
-0.00940971
8.2014e-08
-0.00941004
7.95924e-08
-0.00941033
7.11065e-08
-0.0094106
6.40186e-08
-0.00941084
5.74197e-08
-0.00941107
5.12725e-08
-0.00941127
4.51505e-08
-0.00941145
3.79369e-08
-0.00941159
2.74254e-08
-0.00941166
9.9268e-09
-0.00941162
-1.96164e-08
-0.00941139
-6.57689e-08
-0.00941088
-1.36036e-07
-0.00941
-2.28443e-07
-0.00940867
-3.38876e-07
-0.00940686
-4.59613e-07
-0.00940454
-5.85716e-07
-0.00940168
-7.21829e-07
-0.00939817
-8.85377e-07
-0.00939378
-1.10718e-06
-0.00938814
-1.41389e-06
-0.00938096
-1.78703e-06
-0.00937293
-1.91993e-06
-1.86775e-06
-0.0093114
-6.45608e-07
-1.90876e-08
-0.00931095
-3.13065e-07
-8.27596e-08
-0.00931047
-3.47753e-07
-8.04829e-08
-0.00931003
-3.22751e-07
-7.19021e-08
-0.00930963
-3.03278e-07
-6.47208e-08
-0.00930925
-2.86246e-07
-5.80913e-08
-0.0093089
-2.71326e-07
-5.19105e-08
-0.00930858
-2.56891e-07
-4.57486e-08
-0.00930828
-2.39007e-07
-3.84821e-08
-0.00930804
-2.09995e-07
-2.79336e-08
-0.00930787
-1.57575e-07
-1.03932e-08
-0.00930785
-6.47937e-08
1.91895e-08
-0.00930807
8.55068e-08
6.55019e-08
-0.00930862
3.00941e-07
1.35885e-07
-0.00930964
5.81846e-07
2.28429e-07
-0.00931119
9.09604e-07
3.39067e-07
-0.00931332
1.25829e-06
4.60106e-07
-0.00931606
1.61144e-06
5.86678e-07
-0.00931944
1.98036e-06
7.2355e-07
-0.00932358
2.41494e-06
8.88444e-07
-0.00932876
3.00605e-06
1.11234e-06
-0.0093354
3.84929e-06
1.42165e-06
-0.00934391
4.97052e-06
1.79822e-06
-0.00935357
5.85415e-06
1.93458e-06
7.15688e-06
1.90813e-06
-0.00939558
-0.00939581
-0.00939608
-0.00939633
-0.00939656
-0.00939678
-0.00939698
-0.00939717
-0.00939735
-0.00939751
-0.00939763
-0.00939767
-0.0093976
-0.00939734
-0.00939684
-0.00939603
-0.00939489
-0.00939341
-0.00939157
-0.0093893
-0.00938645
-0.00938275
-0.00937791
-0.00937218
-0.00933028
-3.17267e-07
9.58564e-10
-0.00933001
-3.05192e-07
-7.83255e-10
-0.00932974
-3.00991e-07
-7.02059e-10
-0.00932949
-2.76221e-07
-7.46237e-10
-0.00932927
-2.54913e-07
-8.27488e-10
-0.00932906
-2.35829e-07
-9.18863e-10
-0.00932887
-2.18368e-07
-1.00472e-09
-0.0093287
-2.00558e-07
-1.13161e-09
-0.00932854
-1.77829e-07
-1.26486e-09
-0.00932842
-1.41614e-07
-1.38631e-09
-0.00932835
-7.82313e-08
-1.56382e-09
-0.00932838
2.94336e-08
-1.77899e-09
-0.00932856
1.99176e-07
-2.06499e-09
-0.00932896
4.40615e-07
-2.39678e-09
-0.00932966
7.51415e-07
-2.7845e-09
-0.00933071
1.1114e-06
-3.24924e-09
-0.00933213
1.49392e-06
-3.9715e-09
-0.00933393
1.88406e-06
-5.0889e-09
-0.00933614
2.29814e-06
-6.72602e-09
-0.00933884
2.79328e-06
-9.04093e-09
-0.00934221
3.4662e-06
-1.30331e-08
-0.00934652
4.41026e-06
-1.79406e-08
-0.00935198
5.56878e-06
-2.49992e-08
-0.00935815
6.27206e-06
-3.10436e-08
6.56152e-06
-4.02828e-08
-0.00940938
-0.00940971
-0.00941003
-0.00941033
-0.00941059
-0.00941084
-0.00941106
-0.00941127
-0.00941145
-0.00941159
-0.00941166
-0.00941162
-0.00941139
-0.00941088
-0.00941
-0.00940868
-0.00940687
-0.00940455
-0.00940169
-0.00939818
-0.00939379
-0.00938815
-0.00938098
-0.00937296
-0.00940939
3.14843e-07
-0.00940971
3.06433e-07
-0.00941004
3.02014e-07
-0.00941033
2.77366e-07
-0.0094106
2.56229e-07
-0.00941084
2.37253e-07
-0.00941107
2.19909e-07
-0.00941127
2.0221e-07
-0.00941145
1.79592e-07
-0.00941159
1.43437e-07
-0.00941166
8.02497e-08
-0.00941162
-2.72475e-08
-0.00941139
-1.96786e-07
-0.00941088
-4.38027e-07
-0.00941
-7.48631e-07
-0.00940867
-1.10841e-06
-0.00940686
-1.49046e-06
-0.00940454
-1.87976e-06
-0.00940168
-2.29256e-06
-0.00939817
-2.78583e-06
-0.00939378
-3.4557e-06
-0.00938814
-4.39688e-06
-0.00938096
-5.55169e-06
-0.00937293
-6.25151e-06
-6.51708e-06
-0.00933029
-0.00933002
-0.00932975
-0.00932951
-0.00932928
-0.00932907
-0.00932888
-0.00932871
-0.00932855
-0.00932843
-0.00932836
-0.00932839
-0.00932857
-0.00932897
-0.00932967
-0.00933072
-0.00933214
-0.00933394
-0.00933615
-0.00933885
-0.00934222
-0.00934653
-0.009352
-0.00935817
)
;

boundaryField
{
    outletCentralUnloaded
    {
        type            calculated;
        value           nonuniform List<scalar> 2(0.00584994 0.00584994);
    }
    inletCentralUnloaded
    {
        type            calculated;
        value           nonuniform List<scalar> 2(-0.0058737 -0.0058737);
    }
    outletFuelElement
    {
        type            calculated;
        value           nonuniform List<scalar> 
12
(
0.00939501
0.00931205
0.00940911
0.00933056
0.00933057
0.00940912
0.00931205
0.00939501
0.00933056
0.00940911
0.00940912
0.00933057
)
;
    }
    inletFuelElement
    {
        type            calculated;
        value           nonuniform List<scalar> 
12
(
-0.00953769
-0.00953769
-0.00953768
-0.00953768
-0.00953769
-0.00953769
-0.00953769
-0.00953769
-0.00953768
-0.00953768
-0.00953769
-0.00953769
)
;
    }
    defaultFaces
    {
        type            calculated;
        value           nonuniform List<scalar> 
450
(
-6.49509e-25
-3.57234e-23
0
1.00862e-23
-5.2823e-24
0
7.53213e-24
6.34322e-24
0
-2.01104e-23
-1.26134e-23
0
-1.02543e-23
-2.27563e-23
0
-2.07691e-23
-6.01181e-24
0
-2.02115e-23
-6.46279e-24
0
-1.96512e-23
-8.90629e-24
0
-1.12337e-23
-8.05411e-24
0
-1.33617e-23
-5.50363e-24
0
-6.80607e-24
-4.97898e-24
0
-4.59019e-24
-2.50564e-24
0
6.26006e-24
2.68632e-24
0
2.10478e-23
1.08434e-23
0
3.28135e-23
1.5282e-23
0
6.11567e-23
1.82817e-23
0
6.65782e-23
1.81336e-24
0
1.08267e-22
6.58101e-23
0
8.53562e-23
-1.142e-22
0
-9.11801e-23
-1.03102e-22
0
-7.13726e-23
-1.48589e-23
0
1.95918e-22
-1.01592e-22
0
-1.8746e-22
-5.388e-23
0
-2.49941e-22
-1.85064e-22
0
-1.3194e-22
-2.3434e-22
0
1.29654e-23
0
7.54415e-24
0
3.86598e-24
0
7.97611e-24
0
-4.14119e-24
0
8.65884e-24
0
6.83723e-24
0
7.25197e-24
0
-3.87641e-24
0
4.17958e-24
0
3.41136e-24
0
-8.33454e-25
0
-3.70683e-24
0
-8.3465e-24
0
-1.90536e-23
0
-5.51998e-23
0
5.20346e-23
0
-6.2458e-23
0
7.65383e-23
0
-9.60112e-23
0
-1.23618e-22
0
2.04463e-22
0
1.10694e-22
0
-2.24983e-22
0
-2.88227e-22
0
0
0
3.80967e-24
-3.92949e-24
4.07993e-24
0
-4.48982e-24
-4.76174e-24
2.5451e-24
-5.48792e-24
-1.49301e-24
0
3.6504e-24
0
9.38549e-24
0
-7.69671e-23
0
-3.77989e-23
0
-6.12024e-23
-8.11235e-23
-2.20077e-22
0
0
0
0
0
0
0
0
0
0
0
0
0
0
0
0
0
0
0
0
0
0
0
0
0
0
0
-5.55658e-24
7.40877e-24
0
1.50883e-23
7.73195e-24
1.93299e-23
-7.9761e-24
-7.9761e-24
1.0353e-23
-8.28238e-24
-6.49412e-24
-6.49412e-24
-9.1163e-24
-6.83723e-24
-9.66929e-24
-2.41732e-24
1.03371e-23
-5.16854e-24
-5.57276e-24
-2.78638e-24
-7.5808e-25
-2.27424e-24
8.33453e-25
1.56272e-24
5.56023e-24
5.56023e-24
1.6693e-23
1.6693e-23
1.90536e-23
1.90536e-23
3.31198e-23
4.41597e-23
-5.20345e-23
9.10603e-23
6.24579e-23
4.68434e-23
-1.53076e-22
1.14807e-22
-9.60111e-23
-9.60111e-23
0
-9.27136e-23
-2.04463e-22
2.86248e-22
-5.53471e-23
-2.21388e-22
0
-1.87485e-22
-2.88227e-22
-1.92151e-22
1.15337e-23
0
0
3.85397e-24
0
-3.76255e-24
1.53111e-23
0
-2.3137e-23
-3.13472e-23
0
3.97787e-24
8.69933e-24
0
-4.13057e-24
-2.16461e-23
0
4.31827e-24
-2.40119e-23
0
4.54637e-24
-2.20397e-23
0
9.64423e-24
-1.05277e-23
0
-1.03102e-23
-1.79056e-23
0
5.55827e-24
-1.47745e-23
0
0
-5.29615e-24
0
8.31294e-25
8.25332e-24
-0
-3.69729e-24
2.44428e-23
-0
0
5.3463e-23
-0
-1.90063e-23
8.03346e-23
-0
-1.10134e-23
7.44819e-23
-0
-2.59574e-23
1.44358e-22
-0
0
1.36859e-22
-0
-7.63845e-23
-6.92633e-23
-0
9.58369e-23
5.67538e-24
-0
6.17115e-23
1.75125e-22
-0
8.16797e-23
-2.07677e-22
-0
0
-4.79802e-23
-0
1.49907e-22
-1.54989e-22
-0
9.60595e-23
-7.30282e-24
-3.71761e-24
3.80967e-24
-7.85899e-24
8.15986e-24
-4.26492e-24
-4.48982e-24
-7.1426e-24
0
0
-1.49301e-24
-4.10362e-25
0
1.64412e-23
0
0
-2.56557e-23
6.16347e-23
-7.55979e-23
0
6.12024e-23
-3.24494e-22
-2.20077e-22
1.49483e-22
0
7.40877e-24
0
1.13162e-23
0
3.86598e-24
0
7.97611e-24
0
-4.14119e-24
0
8.65884e-24
0
9.11631e-24
0
4.83465e-24
0
-2.58427e-24
0
5.57277e-24
0
2.27424e-24
0
0
0
-3.70683e-24
-0
-8.34649e-24
-0
-1.90536e-23
-0
-3.31199e-23
-0
6.50432e-23
-0
-6.2458e-23
-0
1.14807e-22
-0
-4.80056e-23
-0
-1.23618e-22
-0
2.04463e-22
-0
5.53471e-23
-0
-7.49942e-23
-0
-1.92151e-22
-0
-1.29653e-23
0
-7.54415e-24
7.54415e-24
-7.73195e-24
7.73195e-24
-7.9761e-24
-1.99403e-23
-2.0706e-24
1.0353e-23
-4.32942e-24
-1.94824e-23
-4.55815e-24
-1.36745e-23
-4.83464e-24
-1.45039e-23
-1.29214e-24
-1.03371e-23
-1.39319e-24
-6.96595e-24
-3.41136e-24
-6.06464e-24
0
4.37563e-24
3.70682e-24
1.66807e-23
1.25197e-23
3.33859e-23
1.90536e-23
6.66876e-23
4.41598e-23
9.93594e-23
-1.30086e-23
7.80517e-23
3.1229e-23
1.4053e-22
-3.82691e-23
1.33942e-22
0
-7.20083e-23
3.09045e-23
-9.27136e-23
0
1.6357e-22
1.10694e-22
-1.66041e-22
0
-2.24983e-22
-9.60757e-23
-2.40189e-22
-0
-0
-0
-0
-0
-0
-0
-0
-0
-0
-0
0
0
0
0
0
0
0
0
0
0
0
0
0
0
)
;
    }
    baffle_master
    {
        type            calculated;
        value           nonuniform List<scalar> 
150
(
8.76378e-29
0
0
-8.98205e-29
0
-4.96964e-28
5.69484e-29
0
-1.24251e-28
2.61264e-29
0
0
-6.00898e-28
0
-4.97087e-28
9.38695e-29
0
2.48564e-28
-2.85412e-29
0
-2.48584e-28
-6.1017e-30
0
0
-1.50876e-28
0
1.24313e-28
2.79288e-29
0
-1.24323e-28
-9.52983e-29
0
0
1.15931e-28
0
0
6.9753e-29
0
1.24354e-28
-6.27289e-29
0
0
-6.47245e-30
0
-3.10936e-29
-6.22132e-29
0
0
-8.84953e-28
0
-3.73185e-28
1.21186e-29
0
0
-5.1366e-28
0
-2.48831e-28
-1.10523e-28
0
0
9.38887e-29
0
0
5.6558e-28
0
3.73339e-28
-7.61422e-29
0
0
-1.74573e-30
0
-3.11167e-29
-2.14516e-28
0
0
0
5.61789e-28
-0
0
4.79921e-28
-0
0
2.36743e-28
-0
3.10654e-29
-3.98006e-29
0
0
1.17225e-28
0
4.97128e-28
-3.25924e-28
0
2.48584e-28
-6.09412e-28
0
0
-3.32145e-28
0
-2.48625e-28
-3.83629e-28
0
1.24323e-28
-2.89967e-28
0
2.48666e-28
-2.75324e-28
0
2.48687e-28
-2.24778e-28
0
1.24354e-28
-3.1953e-28
0
0
-1.14499e-28
0
-3.10936e-29
2.20145e-29
-0
-1.24385e-28
2.64936e-28
-0
3.73185e-28
3.77633e-28
-0
0
3.31242e-28
-0
1.24416e-28
4.12113e-29
-0
0
-1.1683e-28
-0
0
-1.17602e-28
-0
2.48893e-28
-5.65205e-28
-0
2.48913e-28
4.36963e-28
-0
3.11167e-29
-2.80438e-29
-0
0
4.70377e-28
0
)
;
    }
    baffle_slave
    {
        type            calculated;
        value           nonuniform List<scalar> 
150
(
3.75265e-24
-0
0
-3.47319e-25
-0
3.71761e-24
-1.80918e-24
-0
0
-2.539e-24
-0
3.92949e-24
-1.17672e-23
-0
-8.15986e-24
-4.14989e-25
-0
4.26492e-24
-1.38047e-24
-0
0
1.46403e-24
-0
4.76174e-24
3.44689e-24
-0
0
5.55282e-25
-0
2.74396e-24
5.11293e-25
-0
-1.49301e-24
2.04407e-25
0
4.10362e-25
3.97757e-25
0
0
-1.27965e-25
0
8.22059e-24
1.89938e-24
0
-9.38549e-24
6.43698e-24
0
0
-6.57137e-23
0
-1.02623e-22
2.03969e-24
0
0
-8.62565e-23
0
-3.77989e-23
7.76585e-24
0
-4.74687e-23
-6.20043e-24
0
-1.22405e-22
1.53059e-22
0
2.43371e-22
4.16316e-23
0
1.10039e-22
-1.75026e-23
0
-7.47415e-23
-5.62256e-23
0
-9.59816e-23
-6.98691e-24
2.3653e-23
0
-6.50297e-24
9.03029e-24
0
-5.37845e-24
1.05882e-23
0
-3.76401e-24
1.1502e-23
0
5.17283e-25
-1.55307e-23
0
-4.81453e-24
6.98842e-24
0
-5.70057e-24
7.14698e-24
0
-2.34244e-24
1.08597e-23
0
6.91067e-24
6.9235e-24
0
-5.68946e-25
6.73814e-24
0
-1.68864e-24
4.59001e-24
0
3.10595e-25
3.48769e-24
0
5.25692e-24
-9.58878e-25
0
4.15468e-24
-5.83842e-24
0
2.10859e-23
-1.27797e-23
0
2.51308e-23
-2.19392e-23
0
-6.23202e-23
-3.98102e-23
0
1.80468e-23
-3.55746e-23
0
-4.33727e-23
-4.34226e-24
0
2.48976e-23
2.63484e-23
0
-7.47947e-23
5.36576e-23
0
-1.89657e-22
1.50529e-22
0
-1.22501e-22
-1.3262e-22
0
3.03889e-23
8.80962e-23
0
-1.26868e-22
2.14407e-22
0
)
;
    }
}


// ************************************************************************* //
