/*--------------------------------*- C++ -*----------------------------------*\
| =========                 |                                                 |
| \\      /  F ield         | OpenFOAM: The Open Source CFD Toolbox           |
|  \\    /   O peration     | Version:  2212                                  |
|   \\  /    A nd           | Website:  www.openfoam.com                      |
|    \\/     M anipulation  |                                                 |
\*---------------------------------------------------------------------------*/
FoamFile
{
    version     2.0;
    format      ascii;
    arch        "LSB;label=32;scalar=64";
    class       volScalarField;
    location    "51/fluidRegion";
    object      alphaRhoMagU;
}
// * * * * * * * * * * * * * * * * * * * * * * * * * * * * * * * * * * * * * //

dimensions      [1 -2 -1 0 0 0 0];

internalField   nonuniform List<scalar> 
350
(
36.8333
36.833
36.8324
36.8317
36.831
36.8304
36.8299
36.8295
36.8293
36.8293
36.8294
36.8297
36.8302
36.8309
36.8316
36.8323
36.8328
36.8332
36.8334
36.8333
36.8331
36.8328
36.8324
36.832
36.908
36.8333
36.833
36.8324
36.8317
36.831
36.8304
36.8299
36.8295
36.8293
36.8293
36.8294
36.8297
36.8302
36.8309
36.8316
36.8323
36.8328
36.8332
36.8334
36.8333
36.8331
36.8328
36.8324
36.832
36.908
59.1156
59.0627
59.064
59.0643
59.0632
59.0606
59.0565
59.0505
59.0425
59.0322
59.0195
59.0044
58.9868
58.9669
58.9442
58.9177
58.8855
58.8455
58.7968
58.7458
58.7132
58.7625
59.0474
59.8426
60.3643
58.5923
58.5312
58.528
58.5238
58.5186
58.5123
58.5046
58.4953
58.4842
58.4712
58.4562
58.4397
58.4225
58.4056
58.3899
58.3752
58.3604
58.3436
58.3239
58.308
58.3183
58.4219
58.7788
59.6702
60.3081
59.2032
59.1498
59.1516
59.1521
59.1513
59.149
59.145
59.1391
59.1312
59.1209
59.108
59.0924
59.0742
59.053
59.0284
58.9992
58.9633
58.9186
58.8642
58.8064
58.7654
58.8042
59.076
59.8555
60.3663
58.7093
58.6505
58.6486
58.6456
58.6416
58.6363
58.6297
58.6213
58.6112
58.5989
58.5847
58.5687
58.5516
58.5342
58.5171
58.5
58.4814
58.4594
58.4333
58.4095
58.4102
58.5016
58.8422
59.7117
60.322
58.7093
58.6505
58.6486
58.6456
58.6416
58.6363
58.6297
58.6213
58.6112
58.5989
58.5847
58.5687
58.5516
58.5342
58.5171
58.5
58.4814
58.4594
58.4333
58.4096
58.4102
58.5016
58.8422
59.7117
60.322
59.2032
59.1498
59.1516
59.1521
59.1513
59.149
59.145
59.1391
59.1311
59.1208
59.108
59.0924
59.0741
59.053
59.0284
58.9992
58.9632
58.9185
58.8641
58.8063
58.7653
58.8041
59.0758
59.8553
60.3662
58.5923
58.5312
58.528
58.5238
58.5186
58.5123
58.5046
58.4953
58.4842
58.4712
58.4562
58.4397
58.4225
58.4056
58.3899
58.3752
58.3604
58.3436
58.3239
58.308
58.3183
58.4219
58.7788
59.6702
60.3081
59.1156
59.0627
59.064
59.0643
59.0632
59.0606
59.0565
59.0505
59.0425
59.0322
59.0195
59.0044
58.9868
58.9669
58.9442
58.9177
58.8855
58.8455
58.7968
58.7458
58.7132
58.7625
59.0475
59.8426
60.3643
58.7093
58.6505
58.6486
58.6456
58.6416
58.6363
58.6297
58.6213
58.6112
58.5989
58.5847
58.5687
58.5516
58.5342
58.5171
58.5
58.4814
58.4594
58.4333
58.4095
58.4102
58.5016
58.8422
59.7117
60.322
59.2032
59.1498
59.1516
59.1521
59.1513
59.149
59.145
59.1391
59.1312
59.1208
59.108
59.0924
59.0742
59.053
59.0284
58.9992
58.9633
58.9186
58.8642
58.8063
58.7654
58.8042
59.0759
59.8555
60.3663
59.2032
59.1498
59.1516
59.1521
59.1513
59.149
59.145
59.1391
59.1311
59.1208
59.108
59.0924
59.0741
59.053
59.0284
58.9992
58.9632
58.9185
58.8642
58.8063
58.7653
58.8041
59.0758
59.8553
60.3662
58.7093
58.6505
58.6486
58.6456
58.6416
58.6363
58.6297
58.6213
58.6112
58.5989
58.5847
58.5687
58.5516
58.5342
58.5171
58.5
58.4814
58.4594
58.4333
58.4096
58.4102
58.5016
58.8422
59.7118
60.3221
)
;

boundaryField
{
    outletCentralUnloaded
    {
        type            calculated;
        value           nonuniform List<scalar> 2(36.8318 36.8318);
    }
    inletCentralUnloaded
    {
        type            calculated;
        value           nonuniform List<scalar> 2(36.9829 36.9829);
    }
    outletFuelElement
    {
        type            calculated;
        value           nonuniform List<scalar> 
12
(
58.6651
58.1457
58.752
58.2618
58.2618
58.752
58.1457
58.6651
58.2618
58.752
58.752
58.2618
)
;
    }
    inletFuelElement
    {
        type            calculated;
        value           nonuniform List<scalar> 
12
(
60.0526
60.0526
60.0526
60.0526
60.0526
60.0526
60.0526
60.0526
60.0526
60.0526
60.0526
60.0526
)
;
    }
    defaultFaces
    {
        type            calculated;
        value           nonuniform List<scalar> 
450
(
59.1156
59.1156
59.1156
59.0627
59.0627
59.0627
59.064
59.064
59.064
59.0643
59.0643
59.0643
59.0632
59.0632
59.0632
59.0606
59.0606
59.0606
59.0565
59.0565
59.0565
59.0505
59.0505
59.0505
59.0425
59.0425
59.0425
59.0322
59.0322
59.0322
59.0195
59.0195
59.0195
59.0044
59.0044
59.0044
58.9868
58.9868
58.9868
58.9669
58.9669
58.9669
58.9442
58.9442
58.9442
58.9177
58.9177
58.9177
58.8855
58.8855
58.8855
58.8455
58.8455
58.8455
58.7968
58.7968
58.7968
58.7458
58.7458
58.7458
58.7132
58.7132
58.7132
58.7625
58.7625
58.7625
59.0474
59.0474
59.0474
59.8426
59.8426
59.8426
60.3643
60.3643
60.3643
59.2032
59.2032
59.1498
59.1498
59.1516
59.1516
59.1521
59.1521
59.1513
59.1513
59.149
59.149
59.145
59.145
59.1391
59.1391
59.1312
59.1312
59.1209
59.1209
59.108
59.108
59.0924
59.0924
59.0742
59.0742
59.053
59.053
59.0284
59.0284
58.9992
58.9992
58.9633
58.9633
58.9186
58.9186
58.8642
58.8642
58.8064
58.8064
58.7654
58.7654
58.8042
58.8042
59.076
59.076
59.8555
59.8555
60.3663
60.3663
58.7093
58.6505
58.6486
58.6456
58.6416
58.6363
58.6297
58.6213
58.6112
58.5989
58.5847
58.5687
58.5516
58.5342
58.5171
58.5
58.4814
58.4594
58.4333
58.4095
58.4102
58.5016
58.8422
59.7117
60.322
58.7093
58.6505
58.6486
58.6456
58.6416
58.6363
58.6297
58.6213
58.6112
58.5989
58.5847
58.5687
58.5516
58.5342
58.5171
58.5
58.4814
58.4594
58.4333
58.4096
58.4102
58.5016
58.8422
59.7117
60.322
59.2032
59.2032
59.1498
59.1498
59.1516
59.1516
59.1521
59.1521
59.1513
59.1513
59.149
59.149
59.145
59.145
59.1391
59.1391
59.1311
59.1311
59.1208
59.1208
59.108
59.108
59.0924
59.0924
59.0741
59.0741
59.053
59.053
59.0284
59.0284
58.9992
58.9992
58.9632
58.9632
58.9185
58.9185
58.8641
58.8641
58.8063
58.8063
58.7653
58.7653
58.8041
58.8041
59.0758
59.0758
59.8553
59.8553
60.3662
60.3662
59.1156
59.1156
59.1156
59.0627
59.0627
59.0627
59.064
59.064
59.064
59.0643
59.0643
59.0643
59.0632
59.0632
59.0632
59.0606
59.0606
59.0606
59.0565
59.0565
59.0565
59.0505
59.0505
59.0505
59.0425
59.0425
59.0425
59.0322
59.0322
59.0322
59.0195
59.0195
59.0195
59.0044
59.0044
59.0044
58.9868
58.9868
58.9868
58.9669
58.9669
58.9669
58.9442
58.9442
58.9442
58.9177
58.9177
58.9177
58.8855
58.8855
58.8855
58.8455
58.8455
58.8455
58.7968
58.7968
58.7968
58.7458
58.7458
58.7458
58.7132
58.7132
58.7132
58.7625
58.7625
58.7625
59.0475
59.0475
59.0475
59.8426
59.8426
59.8426
60.3643
60.3643
60.3643
58.7093
58.6505
58.6486
58.6456
58.6416
58.6363
58.6297
58.6213
58.6112
58.5989
58.5847
58.5687
58.5516
58.5342
58.5171
58.5
58.4814
58.4594
58.4333
58.4095
58.4102
58.5016
58.8422
59.7117
60.322
59.2032
59.2032
59.1498
59.1498
59.1516
59.1516
59.1521
59.1521
59.1513
59.1513
59.149
59.149
59.145
59.145
59.1391
59.1391
59.1312
59.1312
59.1208
59.1208
59.108
59.108
59.0924
59.0924
59.0742
59.0742
59.053
59.053
59.0284
59.0284
58.9992
58.9992
58.9633
58.9633
58.9186
58.9186
58.8642
58.8642
58.8063
58.8063
58.7654
58.7654
58.8042
58.8042
59.0759
59.0759
59.8555
59.8555
60.3663
60.3663
59.2032
59.2032
59.1498
59.1498
59.1516
59.1516
59.1521
59.1521
59.1513
59.1513
59.149
59.149
59.145
59.145
59.1391
59.1391
59.1311
59.1311
59.1208
59.1208
59.108
59.108
59.0924
59.0924
59.0741
59.0741
59.053
59.053
59.0284
59.0284
58.9992
58.9992
58.9632
58.9632
58.9185
58.9185
58.8642
58.8642
58.8063
58.8063
58.7653
58.7653
58.8041
58.8041
59.0758
59.0758
59.8553
59.8553
60.3662
60.3662
58.7093
58.6505
58.6486
58.6456
58.6416
58.6363
58.6297
58.6213
58.6112
58.5989
58.5847
58.5687
58.5516
58.5342
58.5171
58.5
58.4814
58.4594
58.4333
58.4096
58.4102
58.5016
58.8422
59.7118
60.3221
)
;
    }
    baffle_master
    {
        type            calculated;
        value           nonuniform List<scalar> 
150
(
36.8333
36.8333
36.8333
36.833
36.833
36.833
36.8324
36.8324
36.8324
36.8317
36.8317
36.8317
36.831
36.831
36.831
36.8304
36.8304
36.8304
36.8299
36.8299
36.8299
36.8295
36.8295
36.8295
36.8293
36.8293
36.8293
36.8293
36.8293
36.8293
36.8294
36.8294
36.8294
36.8297
36.8297
36.8297
36.8302
36.8302
36.8302
36.8309
36.8309
36.8309
36.8316
36.8316
36.8316
36.8323
36.8323
36.8323
36.8328
36.8328
36.8328
36.8332
36.8332
36.8332
36.8334
36.8334
36.8334
36.8333
36.8333
36.8333
36.8331
36.8331
36.8331
36.8328
36.8328
36.8328
36.8324
36.8324
36.8324
36.832
36.832
36.832
36.908
36.908
36.908
36.8333
36.8333
36.8333
36.833
36.833
36.833
36.8324
36.8324
36.8324
36.8317
36.8317
36.8317
36.831
36.831
36.831
36.8304
36.8304
36.8304
36.8299
36.8299
36.8299
36.8295
36.8295
36.8295
36.8293
36.8293
36.8293
36.8293
36.8293
36.8293
36.8294
36.8294
36.8294
36.8297
36.8297
36.8297
36.8302
36.8302
36.8302
36.8309
36.8309
36.8309
36.8316
36.8316
36.8316
36.8323
36.8323
36.8323
36.8328
36.8328
36.8328
36.8332
36.8332
36.8332
36.8334
36.8334
36.8334
36.8333
36.8333
36.8333
36.8331
36.8331
36.8331
36.8328
36.8328
36.8328
36.8324
36.8324
36.8324
36.832
36.832
36.832
36.908
36.908
36.908
)
;
    }
    baffle_slave
    {
        type            calculated;
        value           nonuniform List<scalar> 
150
(
58.5923
58.7093
58.7093
58.5312
58.6505
58.6505
58.528
58.6486
58.6486
58.5238
58.6456
58.6456
58.5186
58.6416
58.6416
58.5123
58.6363
58.6363
58.5046
58.6297
58.6297
58.4953
58.6213
58.6213
58.4842
58.6112
58.6112
58.4712
58.5989
58.5989
58.4562
58.5847
58.5847
58.4397
58.5687
58.5687
58.4225
58.5516
58.5516
58.4056
58.5342
58.5342
58.3899
58.5171
58.5171
58.3752
58.5
58.5
58.3604
58.4814
58.4814
58.3436
58.4594
58.4594
58.3239
58.4333
58.4333
58.308
58.4095
58.4096
58.3183
58.4102
58.4102
58.4219
58.5016
58.5016
58.7788
58.8422
58.8422
59.6702
59.7117
59.7118
60.3081
60.322
60.3221
58.7093
58.5923
58.7093
58.6505
58.5312
58.6505
58.6486
58.528
58.6486
58.6456
58.5238
58.6456
58.6416
58.5186
58.6416
58.6363
58.5123
58.6363
58.6297
58.5046
58.6297
58.6213
58.4953
58.6213
58.6112
58.4842
58.6112
58.5989
58.4712
58.5989
58.5847
58.4562
58.5847
58.5687
58.4397
58.5687
58.5516
58.4225
58.5516
58.5342
58.4056
58.5342
58.5171
58.3899
58.5171
58.5
58.3752
58.5
58.4814
58.3604
58.4814
58.4594
58.3436
58.4594
58.4333
58.3239
58.4333
58.4096
58.308
58.4095
58.4102
58.3183
58.4102
58.5016
58.4219
58.5016
58.8422
58.7788
58.8422
59.7117
59.6702
59.7117
60.322
60.3081
60.322
)
;
    }
}


// ************************************************************************* //
