/*--------------------------------*- C++ -*----------------------------------*\
| =========                 |                                                 |
| \\      /  F ield         | OpenFOAM: The Open Source CFD Toolbox           |
|  \\    /   O peration     | Version:  2212                                  |
|   \\  /    A nd           | Website:  www.openfoam.com                      |
|    \\/     M anipulation  |                                                 |
\*---------------------------------------------------------------------------*/
FoamFile
{
    version     2.0;
    format      ascii;
    arch        "LSB;label=32;scalar=64";
    class       volScalarField;
    location    "51/fluidRegion";
    object      alphat;
}
// * * * * * * * * * * * * * * * * * * * * * * * * * * * * * * * * * * * * * //

dimensions      [1 -1 -1 0 0 0 0];

internalField   nonuniform List<scalar> 
350
(
0.00258559
0.00258562
0.00258564
0.00258567
0.00258569
0.0025857
0.00258571
0.00258572
0.00258572
0.00258573
0.00258574
0.00258576
0.00258581
0.00258588
0.002586
0.00258619
0.00258648
0.00258693
0.00258762
0.00258867
0.00259029
0.00259275
0.00259651
0.00260225
0.00261103
0.00258559
0.00258562
0.00258564
0.00258567
0.00258569
0.0025857
0.00258571
0.00258572
0.00258572
0.00258573
0.00258574
0.00258576
0.00258581
0.00258588
0.002586
0.00258619
0.00258648
0.00258693
0.00258762
0.00258867
0.00259029
0.00259275
0.00259651
0.00260225
0.00261103
0.000895842
0.000884227
0.00087281
0.000861233
0.00084939
0.000837176
0.000824485
0.000811221
0.000797295
0.000782646
0.00076724
0.000751085
0.000734223
0.000716725
0.000698671
0.000680156
0.000661357
0.000642729
0.000625453
0.000612367
0.000609864
0.000631328
0.000699559
0.000832251
0.00100209
0.000887989
0.000876387
0.000865005
0.000853471
0.000841679
0.000829523
0.000816898
0.000803704
0.000789855
0.000775286
0.000759966
0.000743908
0.000727162
0.000709812
0.00069195
0.000673679
0.000655176
0.000636884
0.00061996
0.000607214
0.000605026
0.000626817
0.000695612
0.000829556
0.00100134
0.000897096
0.000885467
0.00087404
0.000862451
0.000850595
0.000838367
0.000825662
0.000812381
0.000798439
0.000783772
0.000768347
0.000752171
0.000735285
0.000717757
0.000699666
0.000681105
0.000662252
0.000643564
0.000626223
0.000613072
0.000610506
0.000631908
0.000700055
0.000832589
0.0010022
0.000889792
0.000878192
0.000866804
0.000855263
0.000843462
0.000831295
0.000818656
0.000805448
0.000791582
0.000776994
0.000761655
0.000745574
0.000728801
0.000711416
0.000693509
0.000675182
0.00065661
0.00063824
0.000621235
0.00060841
0.000606149
0.000627865
0.000696531
0.000830186
0.00100152
0.000889792
0.000878192
0.000866804
0.000855263
0.000843462
0.000831295
0.000818656
0.000805448
0.000791582
0.000776994
0.000761655
0.000745574
0.000728801
0.000711416
0.000693509
0.000675182
0.00065661
0.00063824
0.000621235
0.00060841
0.000606149
0.000627865
0.000696531
0.000830186
0.00100152
0.000897095
0.000885467
0.000874039
0.000862451
0.000850595
0.000838367
0.000825661
0.000812381
0.000798439
0.000783772
0.000768347
0.000752171
0.000735285
0.000717757
0.000699666
0.000681105
0.000662251
0.000643563
0.000626223
0.000613071
0.000610506
0.000631907
0.000700055
0.00083259
0.0010022
0.000887989
0.000876387
0.000865005
0.000853471
0.000841679
0.000829523
0.000816898
0.000803704
0.000789855
0.000775286
0.000759966
0.000743908
0.000727162
0.000709812
0.00069195
0.000673679
0.000655176
0.000636884
0.00061996
0.000607214
0.000605026
0.000626817
0.000695611
0.000829555
0.00100134
0.000895842
0.000884227
0.00087281
0.000861233
0.00084939
0.000837176
0.000824486
0.000811221
0.000797295
0.000782646
0.00076724
0.000751085
0.000734223
0.000716725
0.000698671
0.000680156
0.000661357
0.000642729
0.000625454
0.000612368
0.000609865
0.00063133
0.000699563
0.000832257
0.00100209
0.000889792
0.000878192
0.000866804
0.000855263
0.000843462
0.000831295
0.000818656
0.000805448
0.000791582
0.000776994
0.000761655
0.000745574
0.000728801
0.000711416
0.000693509
0.000675182
0.00065661
0.00063824
0.000621235
0.00060841
0.00060615
0.000627866
0.000696532
0.000830188
0.00100152
0.000897096
0.000885467
0.00087404
0.000862451
0.000850595
0.000838367
0.000825662
0.000812381
0.000798439
0.000783772
0.000768347
0.000752171
0.000735285
0.000717757
0.000699666
0.000681105
0.000662252
0.000643563
0.000626222
0.00061307
0.000610504
0.000631903
0.000700048
0.000832578
0.00100219
0.000897095
0.000885467
0.000874039
0.000862451
0.000850595
0.000838367
0.000825662
0.000812381
0.000798439
0.000783772
0.000768347
0.000752171
0.000735285
0.000717757
0.000699666
0.000681105
0.000662252
0.000643563
0.000626223
0.000613071
0.000610506
0.000631907
0.000700054
0.000832588
0.0010022
0.000889792
0.000878192
0.000866804
0.000855263
0.000843462
0.000831295
0.000818656
0.000805448
0.000791582
0.000776994
0.000761655
0.000745574
0.000728801
0.000711416
0.000693509
0.000675182
0.00065661
0.000638241
0.000621235
0.000608411
0.000606151
0.000627869
0.000696536
0.000830195
0.00100153
)
;

boundaryField
{
    outletCentralUnloaded
    {
        type            zeroGradient;
    }
    inletCentralUnloaded
    {
        type            zeroGradient;
    }
    outletFuelElement
    {
        type            zeroGradient;
    }
    inletFuelElement
    {
        type            zeroGradient;
    }
    defaultFaces
    {
        type            zeroGradient;
    }
    baffle_master
    {
        type            calculated;
        value           nonuniform List<scalar> 
150
(
0.00258559
0.00258559
0.00258559
0.00258562
0.00258562
0.00258562
0.00258564
0.00258564
0.00258564
0.00258567
0.00258567
0.00258567
0.00258569
0.00258569
0.00258569
0.0025857
0.0025857
0.0025857
0.00258571
0.00258571
0.00258571
0.00258572
0.00258572
0.00258572
0.00258572
0.00258572
0.00258572
0.00258573
0.00258573
0.00258573
0.00258574
0.00258574
0.00258574
0.00258576
0.00258576
0.00258576
0.00258581
0.00258581
0.00258581
0.00258588
0.00258588
0.00258588
0.002586
0.002586
0.002586
0.00258619
0.00258619
0.00258619
0.00258648
0.00258648
0.00258648
0.00258693
0.00258693
0.00258693
0.00258762
0.00258762
0.00258762
0.00258867
0.00258867
0.00258867
0.00259029
0.00259029
0.00259029
0.00259275
0.00259275
0.00259275
0.00259651
0.00259651
0.00259651
0.00260225
0.00260225
0.00260225
0.00261103
0.00261103
0.00261103
0.00258559
0.00258559
0.00258559
0.00258562
0.00258562
0.00258562
0.00258564
0.00258564
0.00258564
0.00258567
0.00258567
0.00258567
0.00258569
0.00258569
0.00258569
0.0025857
0.0025857
0.0025857
0.00258571
0.00258571
0.00258571
0.00258572
0.00258572
0.00258572
0.00258572
0.00258572
0.00258572
0.00258573
0.00258573
0.00258573
0.00258574
0.00258574
0.00258574
0.00258576
0.00258576
0.00258576
0.00258581
0.00258581
0.00258581
0.00258588
0.00258588
0.00258588
0.002586
0.002586
0.002586
0.00258619
0.00258619
0.00258619
0.00258648
0.00258648
0.00258648
0.00258693
0.00258693
0.00258693
0.00258762
0.00258762
0.00258762
0.00258867
0.00258867
0.00258867
0.00259029
0.00259029
0.00259029
0.00259275
0.00259275
0.00259275
0.00259651
0.00259651
0.00259651
0.00260225
0.00260225
0.00260225
0.00261103
0.00261103
0.00261103
)
;
    }
    baffle_slave
    {
        type            calculated;
        value           nonuniform List<scalar> 
150
(
0.000887989
0.000889792
0.000889792
0.000876387
0.000878192
0.000878192
0.000865005
0.000866804
0.000866804
0.000853471
0.000855263
0.000855263
0.000841679
0.000843462
0.000843462
0.000829523
0.000831295
0.000831295
0.000816898
0.000818656
0.000818656
0.000803704
0.000805448
0.000805448
0.000789855
0.000791582
0.000791582
0.000775286
0.000776994
0.000776994
0.000759966
0.000761655
0.000761655
0.000743908
0.000745574
0.000745574
0.000727162
0.000728801
0.000728801
0.000709812
0.000711416
0.000711416
0.00069195
0.000693509
0.000693509
0.000673679
0.000675182
0.000675182
0.000655176
0.00065661
0.00065661
0.000636884
0.00063824
0.000638241
0.00061996
0.000621235
0.000621235
0.000607214
0.00060841
0.000608411
0.000605026
0.000606149
0.000606151
0.000626817
0.000627865
0.000627869
0.000695612
0.000696531
0.000696536
0.000829556
0.000830186
0.000830195
0.00100134
0.00100152
0.00100153
0.000889792
0.000887989
0.000889792
0.000878192
0.000876387
0.000878192
0.000866804
0.000865005
0.000866804
0.000855263
0.000853471
0.000855263
0.000843462
0.000841679
0.000843462
0.000831295
0.000829523
0.000831295
0.000818656
0.000816898
0.000818656
0.000805448
0.000803704
0.000805448
0.000791582
0.000789855
0.000791582
0.000776994
0.000775286
0.000776994
0.000761655
0.000759966
0.000761655
0.000745574
0.000743908
0.000745574
0.000728801
0.000727162
0.000728801
0.000711416
0.000709812
0.000711416
0.000693509
0.00069195
0.000693509
0.000675182
0.000673679
0.000675182
0.00065661
0.000655176
0.00065661
0.00063824
0.000636884
0.00063824
0.000621235
0.00061996
0.000621235
0.00060841
0.000607214
0.00060841
0.000606149
0.000605026
0.00060615
0.000627865
0.000626817
0.000627866
0.000696531
0.000695611
0.000696532
0.000830186
0.000829555
0.000830188
0.00100152
0.00100134
0.00100152
)
;
    }
}


// ************************************************************************* //
