/*--------------------------------*- C++ -*----------------------------------*\
| =========                 |                                                 |
| \\      /  F ield         | OpenFOAM: The Open Source CFD Toolbox           |
|  \\    /   O peration     | Version:  2212                                  |
|   \\  /    A nd           | Website:  www.openfoam.com                      |
|    \\/     M anipulation  |                                                 |
\*---------------------------------------------------------------------------*/
FoamFile
{
    version     2.0;
    format      ascii;
    arch        "LSB;label=32;scalar=64";
    class       volScalarField;
    location    "51/fluidRegion";
    object      deltaT;
}
// * * * * * * * * * * * * * * * * * * * * * * * * * * * * * * * * * * * * * //

dimensions      [0 0 0 1 0 0 0];

internalField   nonuniform List<scalar> 
350
(
0
0
0
0
0
0
0
0
0
0
0
0
0
0
0
0
0
0
0
0
0
0
0
0
0
0
0
0
0
0
0
0
0
0
0
0
0
0
0
0
0
0
0
0
0
0
0
0
0
0
16.2992
49.2524
81.9402
114.313
146.311
177.877
208.96
239.509
269.473
298.786
327.347
354.991
381.449
406.325
429.082
449.056
465.469
477.349
483.286
480.9
465.887
430.624
362.995
249.592
91.1666
16.4293
49.6519
82.603
115.234
147.485
179.3
210.626
241.415
271.619
301.178
329.998
357.921
384.683
409.884
432.974
453.268
469.963
482.075
488.186
485.918
470.938
435.524
367.334
252.648
92.2458
16.2783
49.1892
81.8351
114.167
146.124
177.651
208.695
239.205
269.13
298.403
326.923
354.522
380.932
405.757
428.462
448.389
464.76
476.608
482.522
480.125
465.117
429.889
362.358
249.149
91.0033
16.399
49.5587
82.4486
115.02
147.212
178.969
210.239
240.973
271.122
300.624
329.385
357.244
383.936
409.063
432.075
452.296
468.926
480.983
487.054
484.759
469.77
434.39
366.328
251.939
91.9961
16.3989
49.5587
82.4486
115.02
147.212
178.969
210.239
240.973
271.122
300.624
329.385
357.244
383.936
409.063
432.075
452.296
468.926
480.983
487.054
484.759
469.77
434.39
366.328
251.939
91.9961
16.2783
49.1892
81.8351
114.167
146.124
177.651
208.695
239.205
269.13
298.403
326.923
354.521
380.932
405.757
428.462
448.389
464.76
476.608
482.522
480.125
465.117
429.89
362.358
249.15
91.0034
16.4293
49.6519
82.603
115.234
147.485
179.3
210.626
241.415
271.619
301.178
329.998
357.921
384.683
409.884
432.974
453.268
469.963
482.075
488.186
485.918
470.938
435.524
367.334
252.648
92.2458
16.2992
49.2524
81.9403
114.313
146.311
177.877
208.96
239.509
269.473
298.786
327.347
354.991
381.449
406.325
429.082
449.056
465.469
477.349
483.286
480.9
465.887
430.624
362.995
249.592
91.1666
16.3989
49.5587
82.4486
115.02
147.212
178.969
210.239
240.973
271.122
300.624
329.385
357.244
383.936
409.063
432.075
452.296
468.926
480.983
487.054
484.759
469.77
434.39
366.328
251.939
91.9961
16.2783
49.1892
81.8351
114.167
146.124
177.651
208.695
239.205
269.13
298.403
326.923
354.522
380.932
405.757
428.462
448.389
464.76
476.608
482.522
480.125
465.116
429.889
362.358
249.149
91.0033
16.2783
49.1892
81.8351
114.167
146.124
177.651
208.695
239.205
269.13
298.403
326.923
354.522
380.932
405.757
428.462
448.389
464.76
476.608
482.522
480.125
465.117
429.89
362.358
249.15
91.0034
16.399
49.5587
82.4486
115.02
147.212
178.969
210.239
240.973
271.122
300.624
329.385
357.244
383.936
409.063
432.075
452.296
468.926
480.983
487.054
484.759
469.77
434.39
366.328
251.939
91.996
)
;

boundaryField
{
    outletCentralUnloaded
    {
        type            calculated;
        value           uniform 0;
    }
    inletCentralUnloaded
    {
        type            calculated;
        value           uniform 0;
    }
    outletFuelElement
    {
        type            calculated;
        value           uniform 0;
    }
    inletFuelElement
    {
        type            calculated;
        value           uniform 616.7;
    }
    defaultFaces
    {
        type            calculated;
        value           nonuniform List<scalar> 
450
(
0
0
0
0
0
0
0
0
0
0
0
0
0
0
0
0
0
0
0
0
0
0
0
0
0
0
0
0
0
0
0
0
0
0
0
0
0
0
0
0
0
0
0
0
0
0
0
0
92.8558
92.8558
92.8558
192.752
192.752
192.752
285.16
285.16
285.16
368.643
368.643
368.643
441.943
441.943
441.943
503.875
503.875
503.875
553.215
553.215
553.215
588.794
588.794
588.794
609.911
609.911
609.911
0
0
0
0
0
0
0
0
0
0
0
0
0
0
0
0
0
0
0
0
0
0
0
0
0
0
0
0
0
0
0
0
94.2629
94.2629
193.859
193.859
285.998
285.998
369.245
369.245
442.348
442.348
504.122
504.122
553.345
553.345
588.847
588.847
609.923
609.923
0
0
0
0
0
0
0
0
0
0
0
0
0
0
0
0
85.673
187.059
280.825
365.502
439.812
502.563
552.521
588.515
609.852
0
0
0
0
0
0
0
0
0
0
0
0
0
0
0
0
85.673
187.059
280.825
365.502
439.812
502.563
552.521
588.515
609.852
0
0
0
0
0
0
0
0
0
0
0
0
0
0
0
0
0
0
0
0
0
0
0
0
0
0
0
0
0
0
0
0
94.262
94.262
193.859
193.859
285.997
285.997
369.245
369.245
442.347
442.347
504.122
504.122
553.344
553.344
588.847
588.847
609.923
609.923
0
0
0
0
0
0
0
0
0
0
0
0
0
0
0
0
0
0
0
0
0
0
0
0
0
0
0
0
0
0
0
0
0
0
0
0
0
0
0
0
0
0
0
0
0
0
0
0
92.8559
92.8559
92.8559
192.752
192.752
192.752
285.16
285.16
285.16
368.643
368.643
368.643
441.943
441.943
441.943
503.875
503.875
503.875
553.215
553.215
553.215
588.794
588.794
588.794
609.911
609.911
609.911
0
0
0
0
0
0
0
0
0
0
0
0
0
0
0
0
85.6729
187.059
280.825
365.502
439.812
502.563
552.521
588.515
609.852
0
0
0
0
0
0
0
0
0
0
0
0
0
0
0
0
0
0
0
0
0
0
0
0
0
0
0
0
0
0
0
0
94.2627
94.2627
193.859
193.859
285.997
285.997
369.245
369.245
442.348
442.348
504.122
504.122
553.345
553.345
588.847
588.847
609.923
609.923
0
0
0
0
0
0
0
0
0
0
0
0
0
0
0
0
0
0
0
0
0
0
0
0
0
0
0
0
0
0
0
0
94.262
94.262
193.859
193.859
285.997
285.997
369.245
369.245
442.347
442.347
504.122
504.122
553.344
553.344
588.847
588.847
609.923
609.923
0
0
0
0
0
0
0
0
0
0
0
0
0
0
0
0
85.6731
187.059
280.825
365.502
439.812
502.563
552.522
588.515
609.852
)
;
    }
    baffle_master
    {
        type            calculated;
        value           uniform 0;
    }
    baffle_slave
    {
        type            calculated;
        value           nonuniform List<scalar> 
150
(
0
0
0
0
0
0
0
0
0
0
0
0
0
0
0
0
0
0
0
0
0
0
0
0
0
0
0
0
0
0
0
0
0
0
0
0
0
0
0
0
0
0
0
0
0
0
0
0
83.514
85.673
85.6731
185.346
187.059
187.059
279.519
280.825
280.825
364.554
365.502
365.502
439.169
439.812
439.812
502.166
502.563
502.563
552.312
552.521
552.522
588.43
588.515
588.515
609.834
609.852
609.852
0
0
0
0
0
0
0
0
0
0
0
0
0
0
0
0
0
0
0
0
0
0
0
0
0
0
0
0
0
0
0
0
0
0
0
0
0
0
0
0
0
0
0
0
0
0
0
0
85.673
83.514
85.6729
187.059
185.346
187.059
280.825
279.519
280.825
365.502
364.554
365.502
439.812
439.169
439.812
502.563
502.166
502.563
552.521
552.312
552.521
588.515
588.43
588.515
609.852
609.834
609.852
)
;
    }
}


// ************************************************************************* //
