/*--------------------------------*- C++ -*----------------------------------*\
| =========                 |                                                 |
| \\      /  F ield         | OpenFOAM: The Open Source CFD Toolbox           |
|  \\    /   O peration     | Version:  2212                                  |
|   \\  /    A nd           | Website:  www.openfoam.com                      |
|    \\/     M anipulation  |                                                 |
\*---------------------------------------------------------------------------*/
FoamFile
{
    version     2.0;
    format      ascii;
    arch        "LSB;label=32;scalar=64";
    class       volTensorField;
    location    "51/fluidRegion";
    object      Kd;
}
// * * * * * * * * * * * * * * * * * * * * * * * * * * * * * * * * * * * * * //

dimensions      [1 -3 -1 0 0 0 0];

internalField   nonuniform List<tensor> 
350
(
(84.745 0 0 0 84.745 0 0 0 84.745)
(84.7444 0 0 0 84.7444 0 0 0 84.7444)
(84.7435 0 0 0 84.7435 0 0 0 84.7435)
(84.7424 0 0 0 84.7424 0 0 0 84.7424)
(84.7412 0 0 0 84.7412 0 0 0 84.7412)
(84.7403 0 0 0 84.7403 0 0 0 84.7403)
(84.7396 0 0 0 84.7396 0 0 0 84.7396)
(84.7393 0 0 0 84.7393 0 0 0 84.7393)
(84.7392 0 0 0 84.7392 0 0 0 84.7392)
(84.7393 0 0 0 84.7393 0 0 0 84.7393)
(84.7396 0 0 0 84.7396 0 0 0 84.7396)
(84.74 0 0 0 84.74 0 0 0 84.74)
(84.7406 0 0 0 84.7406 0 0 0 84.7406)
(84.7413 0 0 0 84.7413 0 0 0 84.7413)
(84.742 0 0 0 84.742 0 0 0 84.742)
(84.7426 0 0 0 84.7426 0 0 0 84.7426)
(84.7432 0 0 0 84.7432 0 0 0 84.7432)
(84.7436 0 0 0 84.7436 0 0 0 84.7436)
(84.7438 0 0 0 84.7438 0 0 0 84.7438)
(84.7439 0 0 0 84.7439 0 0 0 84.7439)
(84.7438 0 0 0 84.7438 0 0 0 84.7438)
(84.7436 0 0 0 84.7436 0 0 0 84.7436)
(84.7432 0 0 0 84.7432 0 0 0 84.7432)
(84.7427 0 0 0 84.7427 0 0 0 84.7427)
(84.8741 0 0 0 84.8741 0 0 0 84.8741)
(84.745 0 0 0 84.745 0 0 0 84.745)
(84.7444 0 0 0 84.7444 0 0 0 84.7444)
(84.7435 0 0 0 84.7435 0 0 0 84.7435)
(84.7424 0 0 0 84.7424 0 0 0 84.7424)
(84.7412 0 0 0 84.7412 0 0 0 84.7412)
(84.7403 0 0 0 84.7403 0 0 0 84.7403)
(84.7396 0 0 0 84.7396 0 0 0 84.7396)
(84.7393 0 0 0 84.7393 0 0 0 84.7393)
(84.7392 0 0 0 84.7392 0 0 0 84.7392)
(84.7393 0 0 0 84.7393 0 0 0 84.7393)
(84.7396 0 0 0 84.7396 0 0 0 84.7396)
(84.74 0 0 0 84.74 0 0 0 84.74)
(84.7406 0 0 0 84.7406 0 0 0 84.7406)
(84.7413 0 0 0 84.7413 0 0 0 84.7413)
(84.742 0 0 0 84.742 0 0 0 84.742)
(84.7426 0 0 0 84.7426 0 0 0 84.7426)
(84.7432 0 0 0 84.7432 0 0 0 84.7432)
(84.7436 0 0 0 84.7436 0 0 0 84.7436)
(84.7438 0 0 0 84.7438 0 0 0 84.7438)
(84.7439 0 0 0 84.7439 0 0 0 84.7439)
(84.7438 0 0 0 84.7438 0 0 0 84.7438)
(84.7436 0 0 0 84.7436 0 0 0 84.7436)
(84.7432 0 0 0 84.7432 0 0 0 84.7432)
(84.7427 0 0 0 84.7427 0 0 0 84.7427)
(84.8741 0 0 0 84.8741 0 0 0 84.8741)
(682.584 0 0 0 682.584 0 0 0 682.584)
(682.125 0 0 0 682.125 0 0 0 682.125)
(682.136 0 0 0 682.136 0 0 0 682.136)
(682.139 0 0 0 682.139 0 0 0 682.139)
(682.129 0 0 0 682.129 0 0 0 682.129)
(682.107 0 0 0 682.107 0 0 0 682.107)
(682.071 0 0 0 682.071 0 0 0 682.071)
(682.02 0 0 0 682.02 0 0 0 682.02)
(681.95 0 0 0 681.95 0 0 0 681.95)
(681.861 0 0 0 681.861 0 0 0 681.861)
(681.751 0 0 0 681.751 0 0 0 681.751)
(681.62 0 0 0 681.62 0 0 0 681.62)
(681.468 0 0 0 681.468 0 0 0 681.468)
(681.295 0 0 0 681.295 0 0 0 681.295)
(681.098 0 0 0 681.098 0 0 0 681.098)
(680.869 0 0 0 680.869 0 0 0 680.869)
(680.59 0 0 0 680.59 0 0 0 680.59)
(680.243 0 0 0 680.243 0 0 0 680.243)
(679.821 0 0 0 679.821 0 0 0 679.821)
(679.379 0 0 0 679.379 0 0 0 679.379)
(679.096 0 0 0 679.096 0 0 0 679.096)
(679.523 0 0 0 679.523 0 0 0 679.523)
(681.993 0 0 0 681.993 0 0 0 681.993)
(688.869 0 0 0 688.869 0 0 0 688.869)
(693.369 0 0 0 693.369 0 0 0 693.369)
(678.046 0 0 0 678.046 0 0 0 678.046)
(677.516 0 0 0 677.516 0 0 0 677.516)
(677.489 0 0 0 677.489 0 0 0 677.489)
(677.452 0 0 0 677.452 0 0 0 677.452)
(677.407 0 0 0 677.407 0 0 0 677.407)
(677.352 0 0 0 677.352 0 0 0 677.352)
(677.285 0 0 0 677.285 0 0 0 677.285)
(677.205 0 0 0 677.205 0 0 0 677.205)
(677.108 0 0 0 677.108 0 0 0 677.108)
(676.995 0 0 0 676.995 0 0 0 676.995)
(676.865 0 0 0 676.865 0 0 0 676.865)
(676.722 0 0 0 676.722 0 0 0 676.722)
(676.572 0 0 0 676.572 0 0 0 676.572)
(676.426 0 0 0 676.426 0 0 0 676.426)
(676.289 0 0 0 676.289 0 0 0 676.289)
(676.162 0 0 0 676.162 0 0 0 676.162)
(676.033 0 0 0 676.033 0 0 0 676.033)
(675.887 0 0 0 675.887 0 0 0 675.887)
(675.715 0 0 0 675.715 0 0 0 675.715)
(675.578 0 0 0 675.578 0 0 0 675.578)
(675.667 0 0 0 675.667 0 0 0 675.667)
(676.567 0 0 0 676.567 0 0 0 676.567)
(679.665 0 0 0 679.665 0 0 0 679.665)
(687.381 0 0 0 687.381 0 0 0 687.381)
(692.884 0 0 0 692.884 0 0 0 692.884)
(683.342 0 0 0 683.342 0 0 0 683.342)
(682.879 0 0 0 682.879 0 0 0 682.879)
(682.895 0 0 0 682.895 0 0 0 682.895)
(682.9 0 0 0 682.9 0 0 0 682.9)
(682.892 0 0 0 682.892 0 0 0 682.892)
(682.872 0 0 0 682.872 0 0 0 682.872)
(682.838 0 0 0 682.838 0 0 0 682.838)
(682.787 0 0 0 682.787 0 0 0 682.787)
(682.718 0 0 0 682.718 0 0 0 682.718)
(682.629 0 0 0 682.629 0 0 0 682.629)
(682.517 0 0 0 682.517 0 0 0 682.517)
(682.383 0 0 0 682.383 0 0 0 682.383)
(682.224 0 0 0 682.224 0 0 0 682.224)
(682.041 0 0 0 682.041 0 0 0 682.041)
(681.828 0 0 0 681.828 0 0 0 681.828)
(681.575 0 0 0 681.575 0 0 0 681.575)
(681.264 0 0 0 681.264 0 0 0 681.264)
(680.876 0 0 0 680.876 0 0 0 680.876)
(680.405 0 0 0 680.405 0 0 0 680.405)
(679.904 0 0 0 679.904 0 0 0 679.904)
(679.548 0 0 0 679.548 0 0 0 679.548)
(679.885 0 0 0 679.885 0 0 0 679.885)
(682.24 0 0 0 682.24 0 0 0 682.24)
(688.981 0 0 0 688.981 0 0 0 688.981)
(693.386 0 0 0 693.386 0 0 0 693.386)
(679.061 0 0 0 679.061 0 0 0 679.061)
(678.552 0 0 0 678.552 0 0 0 678.552)
(678.535 0 0 0 678.535 0 0 0 678.535)
(678.509 0 0 0 678.509 0 0 0 678.509)
(678.474 0 0 0 678.474 0 0 0 678.474)
(678.429 0 0 0 678.429 0 0 0 678.429)
(678.371 0 0 0 678.371 0 0 0 678.371)
(678.299 0 0 0 678.299 0 0 0 678.299)
(678.21 0 0 0 678.21 0 0 0 678.21)
(678.104 0 0 0 678.104 0 0 0 678.104)
(677.98 0 0 0 677.98 0 0 0 677.98)
(677.841 0 0 0 677.841 0 0 0 677.841)
(677.693 0 0 0 677.693 0 0 0 677.693)
(677.542 0 0 0 677.542 0 0 0 677.542)
(677.394 0 0 0 677.394 0 0 0 677.394)
(677.245 0 0 0 677.245 0 0 0 677.245)
(677.084 0 0 0 677.084 0 0 0 677.084)
(676.893 0 0 0 676.893 0 0 0 676.893)
(676.666 0 0 0 676.666 0 0 0 676.666)
(676.46 0 0 0 676.46 0 0 0 676.46)
(676.466 0 0 0 676.466 0 0 0 676.466)
(677.259 0 0 0 677.259 0 0 0 677.259)
(680.214 0 0 0 680.214 0 0 0 680.214)
(687.739 0 0 0 687.739 0 0 0 687.739)
(693.005 0 0 0 693.005 0 0 0 693.005)
(679.061 0 0 0 679.061 0 0 0 679.061)
(678.552 0 0 0 678.552 0 0 0 678.552)
(678.535 0 0 0 678.535 0 0 0 678.535)
(678.509 0 0 0 678.509 0 0 0 678.509)
(678.474 0 0 0 678.474 0 0 0 678.474)
(678.429 0 0 0 678.429 0 0 0 678.429)
(678.371 0 0 0 678.371 0 0 0 678.371)
(678.299 0 0 0 678.299 0 0 0 678.299)
(678.21 0 0 0 678.21 0 0 0 678.21)
(678.104 0 0 0 678.104 0 0 0 678.104)
(677.98 0 0 0 677.98 0 0 0 677.98)
(677.842 0 0 0 677.842 0 0 0 677.842)
(677.693 0 0 0 677.693 0 0 0 677.693)
(677.542 0 0 0 677.542 0 0 0 677.542)
(677.394 0 0 0 677.394 0 0 0 677.394)
(677.245 0 0 0 677.245 0 0 0 677.245)
(677.084 0 0 0 677.084 0 0 0 677.084)
(676.893 0 0 0 676.893 0 0 0 676.893)
(676.666 0 0 0 676.666 0 0 0 676.666)
(676.46 0 0 0 676.46 0 0 0 676.46)
(676.466 0 0 0 676.466 0 0 0 676.466)
(677.259 0 0 0 677.259 0 0 0 677.259)
(680.214 0 0 0 680.214 0 0 0 680.214)
(687.739 0 0 0 687.739 0 0 0 687.739)
(693.005 0 0 0 693.005 0 0 0 693.005)
(683.342 0 0 0 683.342 0 0 0 683.342)
(682.879 0 0 0 682.879 0 0 0 682.879)
(682.895 0 0 0 682.895 0 0 0 682.895)
(682.899 0 0 0 682.899 0 0 0 682.899)
(682.892 0 0 0 682.892 0 0 0 682.892)
(682.872 0 0 0 682.872 0 0 0 682.872)
(682.838 0 0 0 682.838 0 0 0 682.838)
(682.787 0 0 0 682.787 0 0 0 682.787)
(682.718 0 0 0 682.718 0 0 0 682.718)
(682.629 0 0 0 682.629 0 0 0 682.629)
(682.517 0 0 0 682.517 0 0 0 682.517)
(682.382 0 0 0 682.382 0 0 0 682.382)
(682.224 0 0 0 682.224 0 0 0 682.224)
(682.041 0 0 0 682.041 0 0 0 682.041)
(681.828 0 0 0 681.828 0 0 0 681.828)
(681.575 0 0 0 681.575 0 0 0 681.575)
(681.263 0 0 0 681.263 0 0 0 681.263)
(680.876 0 0 0 680.876 0 0 0 680.876)
(680.404 0 0 0 680.404 0 0 0 680.404)
(679.903 0 0 0 679.903 0 0 0 679.903)
(679.547 0 0 0 679.547 0 0 0 679.547)
(679.884 0 0 0 679.884 0 0 0 679.884)
(682.239 0 0 0 682.239 0 0 0 682.239)
(688.98 0 0 0 688.98 0 0 0 688.98)
(693.385 0 0 0 693.385 0 0 0 693.385)
(678.046 0 0 0 678.046 0 0 0 678.046)
(677.516 0 0 0 677.516 0 0 0 677.516)
(677.489 0 0 0 677.489 0 0 0 677.489)
(677.452 0 0 0 677.452 0 0 0 677.452)
(677.407 0 0 0 677.407 0 0 0 677.407)
(677.352 0 0 0 677.352 0 0 0 677.352)
(677.285 0 0 0 677.285 0 0 0 677.285)
(677.205 0 0 0 677.205 0 0 0 677.205)
(677.108 0 0 0 677.108 0 0 0 677.108)
(676.995 0 0 0 676.995 0 0 0 676.995)
(676.865 0 0 0 676.865 0 0 0 676.865)
(676.722 0 0 0 676.722 0 0 0 676.722)
(676.572 0 0 0 676.572 0 0 0 676.572)
(676.426 0 0 0 676.426 0 0 0 676.426)
(676.289 0 0 0 676.289 0 0 0 676.289)
(676.162 0 0 0 676.162 0 0 0 676.162)
(676.033 0 0 0 676.033 0 0 0 676.033)
(675.887 0 0 0 675.887 0 0 0 675.887)
(675.715 0 0 0 675.715 0 0 0 675.715)
(675.578 0 0 0 675.578 0 0 0 675.578)
(675.667 0 0 0 675.667 0 0 0 675.667)
(676.567 0 0 0 676.567 0 0 0 676.567)
(679.664 0 0 0 679.664 0 0 0 679.664)
(687.381 0 0 0 687.381 0 0 0 687.381)
(692.884 0 0 0 692.884 0 0 0 692.884)
(682.584 0 0 0 682.584 0 0 0 682.584)
(682.125 0 0 0 682.125 0 0 0 682.125)
(682.136 0 0 0 682.136 0 0 0 682.136)
(682.139 0 0 0 682.139 0 0 0 682.139)
(682.129 0 0 0 682.129 0 0 0 682.129)
(682.107 0 0 0 682.107 0 0 0 682.107)
(682.071 0 0 0 682.071 0 0 0 682.071)
(682.02 0 0 0 682.02 0 0 0 682.02)
(681.95 0 0 0 681.95 0 0 0 681.95)
(681.861 0 0 0 681.861 0 0 0 681.861)
(681.751 0 0 0 681.751 0 0 0 681.751)
(681.62 0 0 0 681.62 0 0 0 681.62)
(681.468 0 0 0 681.468 0 0 0 681.468)
(681.295 0 0 0 681.295 0 0 0 681.295)
(681.098 0 0 0 681.098 0 0 0 681.098)
(680.869 0 0 0 680.869 0 0 0 680.869)
(680.59 0 0 0 680.59 0 0 0 680.59)
(680.243 0 0 0 680.243 0 0 0 680.243)
(679.821 0 0 0 679.821 0 0 0 679.821)
(679.379 0 0 0 679.379 0 0 0 679.379)
(679.096 0 0 0 679.096 0 0 0 679.096)
(679.523 0 0 0 679.523 0 0 0 679.523)
(681.993 0 0 0 681.993 0 0 0 681.993)
(688.869 0 0 0 688.869 0 0 0 688.869)
(693.369 0 0 0 693.369 0 0 0 693.369)
(679.061 0 0 0 679.061 0 0 0 679.061)
(678.552 0 0 0 678.552 0 0 0 678.552)
(678.535 0 0 0 678.535 0 0 0 678.535)
(678.509 0 0 0 678.509 0 0 0 678.509)
(678.474 0 0 0 678.474 0 0 0 678.474)
(678.429 0 0 0 678.429 0 0 0 678.429)
(678.371 0 0 0 678.371 0 0 0 678.371)
(678.299 0 0 0 678.299 0 0 0 678.299)
(678.21 0 0 0 678.21 0 0 0 678.21)
(678.104 0 0 0 678.104 0 0 0 678.104)
(677.98 0 0 0 677.98 0 0 0 677.98)
(677.841 0 0 0 677.841 0 0 0 677.841)
(677.693 0 0 0 677.693 0 0 0 677.693)
(677.542 0 0 0 677.542 0 0 0 677.542)
(677.394 0 0 0 677.394 0 0 0 677.394)
(677.245 0 0 0 677.245 0 0 0 677.245)
(677.084 0 0 0 677.084 0 0 0 677.084)
(676.893 0 0 0 676.893 0 0 0 676.893)
(676.666 0 0 0 676.666 0 0 0 676.666)
(676.46 0 0 0 676.46 0 0 0 676.46)
(676.465 0 0 0 676.465 0 0 0 676.465)
(677.259 0 0 0 677.259 0 0 0 677.259)
(680.214 0 0 0 680.214 0 0 0 680.214)
(687.739 0 0 0 687.739 0 0 0 687.739)
(693.005 0 0 0 693.005 0 0 0 693.005)
(683.342 0 0 0 683.342 0 0 0 683.342)
(682.879 0 0 0 682.879 0 0 0 682.879)
(682.895 0 0 0 682.895 0 0 0 682.895)
(682.9 0 0 0 682.9 0 0 0 682.9)
(682.892 0 0 0 682.892 0 0 0 682.892)
(682.872 0 0 0 682.872 0 0 0 682.872)
(682.838 0 0 0 682.838 0 0 0 682.838)
(682.787 0 0 0 682.787 0 0 0 682.787)
(682.718 0 0 0 682.718 0 0 0 682.718)
(682.629 0 0 0 682.629 0 0 0 682.629)
(682.517 0 0 0 682.517 0 0 0 682.517)
(682.383 0 0 0 682.383 0 0 0 682.383)
(682.224 0 0 0 682.224 0 0 0 682.224)
(682.041 0 0 0 682.041 0 0 0 682.041)
(681.828 0 0 0 681.828 0 0 0 681.828)
(681.575 0 0 0 681.575 0 0 0 681.575)
(681.264 0 0 0 681.264 0 0 0 681.264)
(680.876 0 0 0 680.876 0 0 0 680.876)
(680.405 0 0 0 680.405 0 0 0 680.405)
(679.903 0 0 0 679.903 0 0 0 679.903)
(679.548 0 0 0 679.548 0 0 0 679.548)
(679.885 0 0 0 679.885 0 0 0 679.885)
(682.24 0 0 0 682.24 0 0 0 682.24)
(688.981 0 0 0 688.981 0 0 0 688.981)
(693.386 0 0 0 693.386 0 0 0 693.386)
(683.342 0 0 0 683.342 0 0 0 683.342)
(682.879 0 0 0 682.879 0 0 0 682.879)
(682.895 0 0 0 682.895 0 0 0 682.895)
(682.899 0 0 0 682.899 0 0 0 682.899)
(682.892 0 0 0 682.892 0 0 0 682.892)
(682.872 0 0 0 682.872 0 0 0 682.872)
(682.838 0 0 0 682.838 0 0 0 682.838)
(682.787 0 0 0 682.787 0 0 0 682.787)
(682.718 0 0 0 682.718 0 0 0 682.718)
(682.629 0 0 0 682.629 0 0 0 682.629)
(682.517 0 0 0 682.517 0 0 0 682.517)
(682.382 0 0 0 682.382 0 0 0 682.382)
(682.224 0 0 0 682.224 0 0 0 682.224)
(682.041 0 0 0 682.041 0 0 0 682.041)
(681.828 0 0 0 681.828 0 0 0 681.828)
(681.575 0 0 0 681.575 0 0 0 681.575)
(681.263 0 0 0 681.263 0 0 0 681.263)
(680.876 0 0 0 680.876 0 0 0 680.876)
(680.405 0 0 0 680.405 0 0 0 680.405)
(679.903 0 0 0 679.903 0 0 0 679.903)
(679.547 0 0 0 679.547 0 0 0 679.547)
(679.884 0 0 0 679.884 0 0 0 679.884)
(682.239 0 0 0 682.239 0 0 0 682.239)
(688.98 0 0 0 688.98 0 0 0 688.98)
(693.385 0 0 0 693.385 0 0 0 693.385)
(679.061 0 0 0 679.061 0 0 0 679.061)
(678.552 0 0 0 678.552 0 0 0 678.552)
(678.535 0 0 0 678.535 0 0 0 678.535)
(678.509 0 0 0 678.509 0 0 0 678.509)
(678.474 0 0 0 678.474 0 0 0 678.474)
(678.429 0 0 0 678.429 0 0 0 678.429)
(678.371 0 0 0 678.371 0 0 0 678.371)
(678.299 0 0 0 678.299 0 0 0 678.299)
(678.21 0 0 0 678.21 0 0 0 678.21)
(678.104 0 0 0 678.104 0 0 0 678.104)
(677.98 0 0 0 677.98 0 0 0 677.98)
(677.842 0 0 0 677.842 0 0 0 677.842)
(677.693 0 0 0 677.693 0 0 0 677.693)
(677.542 0 0 0 677.542 0 0 0 677.542)
(677.394 0 0 0 677.394 0 0 0 677.394)
(677.245 0 0 0 677.245 0 0 0 677.245)
(677.084 0 0 0 677.084 0 0 0 677.084)
(676.893 0 0 0 676.893 0 0 0 676.893)
(676.666 0 0 0 676.666 0 0 0 676.666)
(676.46 0 0 0 676.46 0 0 0 676.46)
(676.466 0 0 0 676.466 0 0 0 676.466)
(677.259 0 0 0 677.259 0 0 0 677.259)
(680.214 0 0 0 680.214 0 0 0 680.214)
(687.74 0 0 0 687.74 0 0 0 687.74)
(693.005 0 0 0 693.005 0 0 0 693.005)
)
;

boundaryField
{
    outletCentralUnloaded
    {
        type            zeroGradient;
    }
    inletCentralUnloaded
    {
        type            zeroGradient;
    }
    outletFuelElement
    {
        type            zeroGradient;
    }
    inletFuelElement
    {
        type            zeroGradient;
    }
    defaultFaces
    {
        type            zeroGradient;
    }
    baffle_master
    {
        type            zeroGradient;
    }
    baffle_slave
    {
        type            zeroGradient;
    }
}


// ************************************************************************* //
