/*--------------------------------*- C++ -*----------------------------------*\
| =========                 |                                                 |
| \\      /  F ield         | OpenFOAM: The Open Source CFD Toolbox           |
|  \\    /   O peration     | Version:  2212                                  |
|   \\  /    A nd           | Website:  www.openfoam.com                      |
|    \\/     M anipulation  |                                                 |
\*---------------------------------------------------------------------------*/
FoamFile
{
    version     2.0;
    format      ascii;
    arch        "LSB;label=32;scalar=64";
    class       volScalarField;
    location    "51/fluidRegion";
    object      nut;
}
// * * * * * * * * * * * * * * * * * * * * * * * * * * * * * * * * * * * * * //

dimensions      [0 2 -1 0 0 0 0];

internalField   nonuniform List<scalar> 
350
(
0.000537616
0.000537571
0.000537525
0.000537478
0.00053743
0.000537383
0.000537336
0.000537291
0.000537246
0.000537203
0.000537161
0.000537122
0.000537084
0.00053705
0.00053702
0.000536995
0.00053698
0.000536978
0.000536998
0.000537051
0.000537155
0.000537337
0.000537637
0.000538118
0.000539499
0.000537616
0.000537571
0.000537525
0.000537478
0.00053743
0.000537383
0.000537336
0.000537291
0.000537246
0.000537203
0.000537161
0.000537122
0.000537084
0.00053705
0.00053702
0.000536995
0.00053698
0.000536978
0.000536998
0.000537051
0.000537155
0.000537337
0.000537637
0.000538118
0.000539499
0.0104145
0.0101956
0.00992451
0.00959753
0.00921959
0.00879585
0.00833166
0.00783251
0.00730406
0.00675216
0.00618297
0.00560307
0.00501959
0.0044403
0.00387346
0.00332754
0.00281073
0.0023304
0.00189277
0.00150308
0.00116592
0.000885743
0.000666819
0.000511746
0.000416367
0.0104818
0.0102618
0.00998974
0.0096613
0.00928147
0.00885545
0.00838862
0.0078865
0.00735475
0.00679927
0.00622622
0.00564223
0.00505446
0.00447073
0.00389941
0.0033491
0.00282809
0.00234387
0.00190277
0.00151008
0.00117042
0.0008883
0.000668006
0.000512127
0.000416434
0.0104036
0.0101847
0.00991385
0.00958715
0.00920954
0.00878621
0.00832247
0.00782384
0.00729594
0.00674464
0.00617608
0.00559685
0.00501407
0.00443549
0.00386935
0.00332413
0.00280798
0.00232824
0.00189116
0.00150192
0.00116514
0.000885253
0.000666536
0.000511597
0.000416318
0.0104669
0.0102471
0.00997526
0.00964711
0.00926767
0.00884214
0.00837587
0.00787439
0.00734336
0.00678865
0.00621646
0.00563337
0.00504656
0.00446382
0.00389351
0.00334419
0.00282413
0.0023408
0.00190049
0.00150848
0.0011694
0.000887724
0.000667745
0.000512051
0.000416425
0.0104669
0.0102471
0.00997526
0.00964711
0.00926767
0.00884214
0.00837587
0.00787439
0.00734336
0.00678865
0.00621646
0.00563337
0.00504656
0.00446382
0.00389351
0.00334419
0.00282413
0.0023408
0.00190049
0.00150848
0.0011694
0.000887724
0.000667745
0.000512051
0.000416425
0.0104036
0.0101847
0.00991386
0.00958715
0.00920955
0.00878621
0.00832248
0.00782384
0.00729594
0.00674464
0.00617608
0.00559685
0.00501407
0.00443549
0.00386935
0.00332413
0.00280798
0.00232824
0.00189116
0.00150192
0.00116514
0.000885252
0.000666536
0.000511597
0.000416318
0.0104818
0.0102618
0.00998974
0.0096613
0.00928147
0.00885545
0.00838862
0.0078865
0.00735475
0.00679927
0.00622622
0.00564223
0.00505446
0.00447073
0.00389941
0.0033491
0.00282809
0.00234387
0.00190277
0.00151008
0.00117042
0.0008883
0.000668006
0.000512127
0.000416434
0.0104145
0.0101956
0.00992451
0.00959753
0.00921959
0.00879585
0.00833166
0.00783251
0.00730406
0.00675216
0.00618297
0.00560307
0.00501959
0.0044403
0.00387346
0.00332754
0.00281073
0.0023304
0.00189277
0.00150308
0.00116592
0.000885743
0.000666819
0.000511747
0.000416368
0.0104669
0.0102471
0.00997526
0.00964711
0.00926767
0.00884214
0.00837587
0.00787439
0.00734336
0.00678866
0.00621646
0.00563337
0.00504656
0.00446382
0.00389351
0.00334419
0.00282413
0.0023408
0.00190049
0.00150848
0.0011694
0.000887724
0.000667745
0.000512051
0.000416425
0.0104036
0.0101847
0.00991385
0.00958715
0.00920954
0.00878621
0.00832247
0.00782384
0.00729594
0.00674464
0.00617608
0.00559685
0.00501407
0.00443549
0.00386935
0.00332413
0.00280798
0.00232824
0.00189115
0.00150192
0.00116514
0.000885252
0.000666535
0.000511596
0.000416317
0.0104036
0.0101847
0.00991386
0.00958715
0.00920955
0.00878621
0.00832248
0.00782384
0.00729594
0.00674464
0.00617608
0.00559685
0.00501407
0.00443549
0.00386935
0.00332413
0.00280798
0.00232824
0.00189116
0.00150192
0.00116514
0.000885252
0.000666536
0.000511596
0.000416317
0.0104669
0.0102471
0.00997526
0.00964711
0.00926767
0.00884214
0.00837587
0.00787439
0.00734336
0.00678865
0.00621646
0.00563337
0.00504656
0.00446382
0.00389351
0.00334419
0.00282413
0.0023408
0.00190049
0.00150848
0.0011694
0.000887725
0.000667745
0.000512052
0.000416426
)
;

boundaryField
{
    outletCentralUnloaded
    {
        type            zeroGradient;
    }
    inletCentralUnloaded
    {
        type            zeroGradient;
    }
    outletFuelElement
    {
        type            zeroGradient;
    }
    inletFuelElement
    {
        type            zeroGradient;
    }
    defaultFaces
    {
        type            zeroGradient;
    }
    baffle_master
    {
        type            calculated;
        value           nonuniform List<scalar> 
150
(
0.000537616
0.000537616
0.000537616
0.000537571
0.000537571
0.000537571
0.000537525
0.000537525
0.000537525
0.000537478
0.000537478
0.000537478
0.00053743
0.00053743
0.00053743
0.000537383
0.000537383
0.000537383
0.000537336
0.000537336
0.000537336
0.000537291
0.000537291
0.000537291
0.000537246
0.000537246
0.000537246
0.000537203
0.000537203
0.000537203
0.000537161
0.000537161
0.000537161
0.000537122
0.000537122
0.000537122
0.000537084
0.000537084
0.000537084
0.00053705
0.00053705
0.00053705
0.00053702
0.00053702
0.00053702
0.000536995
0.000536995
0.000536995
0.00053698
0.00053698
0.00053698
0.000536978
0.000536978
0.000536978
0.000536998
0.000536998
0.000536998
0.000537051
0.000537051
0.000537051
0.000537155
0.000537155
0.000537155
0.000537337
0.000537337
0.000537337
0.000537637
0.000537637
0.000537637
0.000538118
0.000538118
0.000538118
0.000539499
0.000539499
0.000539499
0.000537616
0.000537616
0.000537616
0.000537571
0.000537571
0.000537571
0.000537525
0.000537525
0.000537525
0.000537478
0.000537478
0.000537478
0.00053743
0.00053743
0.00053743
0.000537383
0.000537383
0.000537383
0.000537336
0.000537336
0.000537336
0.000537291
0.000537291
0.000537291
0.000537246
0.000537246
0.000537246
0.000537203
0.000537203
0.000537203
0.000537161
0.000537161
0.000537161
0.000537122
0.000537122
0.000537122
0.000537084
0.000537084
0.000537084
0.00053705
0.00053705
0.00053705
0.00053702
0.00053702
0.00053702
0.000536995
0.000536995
0.000536995
0.00053698
0.00053698
0.00053698
0.000536978
0.000536978
0.000536978
0.000536998
0.000536998
0.000536998
0.000537051
0.000537051
0.000537051
0.000537155
0.000537155
0.000537155
0.000537337
0.000537337
0.000537337
0.000537637
0.000537637
0.000537637
0.000538118
0.000538118
0.000538118
0.000539499
0.000539499
0.000539499
)
;
    }
    baffle_slave
    {
        type            calculated;
        value           nonuniform List<scalar> 
150
(
0.0104818
0.0104669
0.0104669
0.0102618
0.0102471
0.0102471
0.00998974
0.00997526
0.00997526
0.0096613
0.00964711
0.00964711
0.00928147
0.00926767
0.00926767
0.00885545
0.00884214
0.00884214
0.00838862
0.00837587
0.00837587
0.0078865
0.00787439
0.00787439
0.00735475
0.00734336
0.00734336
0.00679927
0.00678865
0.00678865
0.00622622
0.00621646
0.00621646
0.00564223
0.00563337
0.00563337
0.00505446
0.00504656
0.00504656
0.00447073
0.00446382
0.00446382
0.00389941
0.00389351
0.00389351
0.0033491
0.00334419
0.00334419
0.00282809
0.00282413
0.00282413
0.00234387
0.0023408
0.0023408
0.00190277
0.00190049
0.00190049
0.00151008
0.00150848
0.00150848
0.00117042
0.0011694
0.0011694
0.0008883
0.000887724
0.000887725
0.000668006
0.000667745
0.000667745
0.000512127
0.000512051
0.000512052
0.000416434
0.000416425
0.000416426
0.0104669
0.0104818
0.0104669
0.0102471
0.0102618
0.0102471
0.00997526
0.00998974
0.00997526
0.00964711
0.0096613
0.00964711
0.00926767
0.00928147
0.00926767
0.00884214
0.00885545
0.00884214
0.00837587
0.00838862
0.00837587
0.00787439
0.0078865
0.00787439
0.00734336
0.00735475
0.00734336
0.00678865
0.00679927
0.00678866
0.00621646
0.00622622
0.00621646
0.00563337
0.00564223
0.00563337
0.00504656
0.00505446
0.00504656
0.00446382
0.00447073
0.00446382
0.00389351
0.00389941
0.00389351
0.00334419
0.0033491
0.00334419
0.00282413
0.00282809
0.00282413
0.0023408
0.00234387
0.0023408
0.00190049
0.00190277
0.00190049
0.00150848
0.00151008
0.00150848
0.0011694
0.00117042
0.0011694
0.000887724
0.0008883
0.000887724
0.000667745
0.000668006
0.000667745
0.000512051
0.000512127
0.000512051
0.000416425
0.000416434
0.000416425
)
;
    }
}


// ************************************************************************* //
