/*--------------------------------*- C++ -*----------------------------------*\
| =========                 |                                                 |
| \\      /  F ield         | OpenFOAM: The Open Source CFD Toolbox           |
|  \\    /   O peration     | Version:  2212                                  |
|   \\  /    A nd           | Website:  www.openfoam.com                      |
|    \\/     M anipulation  |                                                 |
\*---------------------------------------------------------------------------*/
FoamFile
{
    version     2.0;
    format      ascii;
    arch        "LSB;label=32;scalar=64";
    class       volScalarField;
    location    "51/fluidRegion";
    object      p_rgh;
}
// * * * * * * * * * * * * * * * * * * * * * * * * * * * * * * * * * * * * * //

dimensions      [1 -1 -2 0 0 0 0];

internalField   nonuniform List<scalar> 
350
(
3.44743e+06
3.44772e+06
3.44802e+06
3.44832e+06
3.44861e+06
3.44891e+06
3.4492e+06
3.4495e+06
3.44979e+06
3.45009e+06
3.45038e+06
3.45068e+06
3.45097e+06
3.45127e+06
3.45156e+06
3.45186e+06
3.45215e+06
3.45245e+06
3.45275e+06
3.45304e+06
3.45334e+06
3.45364e+06
3.45393e+06
3.45423e+06
3.45451e+06
3.44743e+06
3.44772e+06
3.44802e+06
3.44832e+06
3.44861e+06
3.44891e+06
3.4492e+06
3.4495e+06
3.44979e+06
3.45009e+06
3.45038e+06
3.45068e+06
3.45097e+06
3.45127e+06
3.45156e+06
3.45186e+06
3.45215e+06
3.45245e+06
3.45275e+06
3.45304e+06
3.45334e+06
3.45364e+06
3.45393e+06
3.45423e+06
3.45451e+06
3.47383e+06
3.52562e+06
3.57681e+06
3.62708e+06
3.67613e+06
3.72368e+06
3.76946e+06
3.81325e+06
3.85482e+06
3.894e+06
3.93061e+06
3.96454e+06
3.99566e+06
4.0239e+06
4.0492e+06
4.07158e+06
4.09106e+06
4.10775e+06
4.12178e+06
4.13332e+06
4.14258e+06
4.14978e+06
4.15516e+06
4.15901e+06
4.16169e+06
3.47383e+06
3.52562e+06
3.57681e+06
3.62708e+06
3.67613e+06
3.72368e+06
3.76946e+06
3.81325e+06
3.85482e+06
3.894e+06
3.93061e+06
3.96454e+06
3.99566e+06
4.0239e+06
4.0492e+06
4.07158e+06
4.09106e+06
4.10775e+06
4.12178e+06
4.13332e+06
4.14258e+06
4.14978e+06
4.15516e+06
4.15901e+06
4.16169e+06
3.47383e+06
3.52562e+06
3.57681e+06
3.62708e+06
3.67613e+06
3.72368e+06
3.76946e+06
3.81325e+06
3.85482e+06
3.894e+06
3.93061e+06
3.96454e+06
3.99566e+06
4.0239e+06
4.0492e+06
4.07158e+06
4.09106e+06
4.10775e+06
4.12178e+06
4.13332e+06
4.14258e+06
4.14978e+06
4.15516e+06
4.15901e+06
4.16169e+06
3.47383e+06
3.52562e+06
3.57681e+06
3.62708e+06
3.67613e+06
3.72368e+06
3.76946e+06
3.81325e+06
3.85482e+06
3.894e+06
3.93061e+06
3.96454e+06
3.99566e+06
4.0239e+06
4.0492e+06
4.07158e+06
4.09106e+06
4.10775e+06
4.12178e+06
4.13332e+06
4.14258e+06
4.14978e+06
4.15516e+06
4.15901e+06
4.16169e+06
3.47383e+06
3.52562e+06
3.57681e+06
3.62708e+06
3.67613e+06
3.72368e+06
3.76946e+06
3.81325e+06
3.85482e+06
3.894e+06
3.93061e+06
3.96454e+06
3.99566e+06
4.0239e+06
4.0492e+06
4.07158e+06
4.09106e+06
4.10775e+06
4.12178e+06
4.13332e+06
4.14258e+06
4.14978e+06
4.15516e+06
4.15901e+06
4.16169e+06
3.47383e+06
3.52562e+06
3.57681e+06
3.62708e+06
3.67613e+06
3.72368e+06
3.76946e+06
3.81325e+06
3.85482e+06
3.894e+06
3.93061e+06
3.96454e+06
3.99566e+06
4.0239e+06
4.0492e+06
4.07158e+06
4.09106e+06
4.10775e+06
4.12178e+06
4.13332e+06
4.14258e+06
4.14978e+06
4.15516e+06
4.15901e+06
4.16169e+06
3.47383e+06
3.52562e+06
3.57681e+06
3.62708e+06
3.67613e+06
3.72368e+06
3.76946e+06
3.81325e+06
3.85482e+06
3.894e+06
3.93061e+06
3.96454e+06
3.99566e+06
4.0239e+06
4.0492e+06
4.07158e+06
4.09106e+06
4.10775e+06
4.12178e+06
4.13332e+06
4.14258e+06
4.14978e+06
4.15516e+06
4.15901e+06
4.16169e+06
3.47383e+06
3.52562e+06
3.57681e+06
3.62708e+06
3.67613e+06
3.72368e+06
3.76946e+06
3.81325e+06
3.85482e+06
3.894e+06
3.93061e+06
3.96454e+06
3.99566e+06
4.0239e+06
4.0492e+06
4.07158e+06
4.09106e+06
4.10775e+06
4.12178e+06
4.13332e+06
4.14258e+06
4.14978e+06
4.15516e+06
4.15901e+06
4.16169e+06
3.47383e+06
3.52562e+06
3.57681e+06
3.62708e+06
3.67613e+06
3.72368e+06
3.76946e+06
3.81325e+06
3.85482e+06
3.894e+06
3.93061e+06
3.96454e+06
3.99566e+06
4.0239e+06
4.0492e+06
4.07158e+06
4.09106e+06
4.10775e+06
4.12178e+06
4.13332e+06
4.14258e+06
4.14978e+06
4.15516e+06
4.15901e+06
4.16169e+06
3.47383e+06
3.52562e+06
3.57681e+06
3.62708e+06
3.67613e+06
3.72368e+06
3.76946e+06
3.81325e+06
3.85482e+06
3.894e+06
3.93061e+06
3.96454e+06
3.99566e+06
4.0239e+06
4.0492e+06
4.07158e+06
4.09106e+06
4.10775e+06
4.12178e+06
4.13332e+06
4.14258e+06
4.14978e+06
4.15516e+06
4.15901e+06
4.16169e+06
3.47383e+06
3.52562e+06
3.57681e+06
3.62708e+06
3.67613e+06
3.72368e+06
3.76946e+06
3.81325e+06
3.85482e+06
3.894e+06
3.93061e+06
3.96454e+06
3.99566e+06
4.0239e+06
4.0492e+06
4.07158e+06
4.09106e+06
4.10775e+06
4.12178e+06
4.13332e+06
4.14258e+06
4.14978e+06
4.15516e+06
4.15901e+06
4.16169e+06
3.47383e+06
3.52562e+06
3.57681e+06
3.62708e+06
3.67613e+06
3.72368e+06
3.76946e+06
3.81325e+06
3.85482e+06
3.894e+06
3.93061e+06
3.96454e+06
3.99566e+06
4.0239e+06
4.0492e+06
4.07158e+06
4.09106e+06
4.10775e+06
4.12178e+06
4.13332e+06
4.14258e+06
4.14978e+06
4.15516e+06
4.15901e+06
4.16169e+06
)
;

boundaryField
{
    outletCentralUnloaded
    {
        type            fixedValue;
        value           uniform 3.44728e+06;
    }
    inletCentralUnloaded
    {
        type            zeroGradient;
    }
    outletFuelElement
    {
        type            fixedValue;
        value           uniform 3.44728e+06;
    }
    inletFuelElement
    {
        type            zeroGradient;
    }
    defaultFaces
    {
        type            zeroGradient;
    }
    baffle_master
    {
        type            zeroGradient;
    }
    baffle_slave
    {
        type            zeroGradient;
    }
}


// ************************************************************************* //
