/*--------------------------------*- C++ -*----------------------------------*\
| =========                 |                                                 |
| \\      /  F ield         | OpenFOAM: The Open Source CFD Toolbox           |
|  \\    /   O peration     | Version:  2212                                  |
|   \\  /    A nd           | Website:  www.openfoam.com                      |
|    \\/     M anipulation  |                                                 |
\*---------------------------------------------------------------------------*/
FoamFile
{
    version     2.0;
    format      ascii;
    arch        "LSB;label=32;scalar=64";
    class       volScalarField;
    location    "52/neutroRegion";
    object      fluxStar1;
}
// * * * * * * * * * * * * * * * * * * * * * * * * * * * * * * * * * * * * * //

dimensions      [0 -2 -1 0 0 0 0];

internalField   nonuniform List<scalar> 
350
(
5.80441e+17
1.73217e+18
2.85658e+18
3.93594e+18
4.95323e+18
5.8924e+18
6.73864e+18
7.4786e+18
8.10063e+18
8.5949e+18
8.95363e+18
9.17116e+18
9.24405e+18
9.17116e+18
8.95363e+18
8.5949e+18
8.10063e+18
7.4786e+18
6.73864e+18
5.8924e+18
4.95323e+18
3.93594e+18
2.85658e+18
1.73217e+18
5.80441e+17
5.80441e+17
1.73217e+18
2.85658e+18
3.93594e+18
4.95322e+18
5.8924e+18
6.73864e+18
7.4786e+18
8.10063e+18
8.5949e+18
8.95363e+18
9.17116e+18
9.24405e+18
9.17116e+18
8.95363e+18
8.5949e+18
8.10063e+18
7.4786e+18
6.73864e+18
5.8924e+18
4.95322e+18
3.93594e+18
2.85658e+18
1.73217e+18
5.80441e+17
5.24282e+17
1.56458e+18
2.5802e+18
3.55513e+18
4.47399e+18
5.32229e+18
6.08666e+18
6.75503e+18
7.31687e+18
7.76332e+18
8.08734e+18
8.28382e+18
8.34966e+18
8.28382e+18
8.08734e+18
7.76332e+18
7.31687e+18
6.75503e+18
6.08666e+18
5.32229e+18
4.47399e+18
3.55513e+18
2.5802e+18
1.56458e+18
5.24282e+17
5.3192e+17
1.58737e+18
2.61779e+18
3.60692e+18
4.53917e+18
5.39983e+18
6.17533e+18
6.85344e+18
7.42346e+18
7.87642e+18
8.20516e+18
8.4045e+18
8.4713e+18
8.4045e+18
8.20516e+18
7.87642e+18
7.42346e+18
6.85344e+18
6.17533e+18
5.39983e+18
4.53917e+18
3.60692e+18
2.61779e+18
1.58737e+18
5.3192e+17
5.23049e+17
1.5609e+18
2.57413e+18
3.54677e+18
4.46347e+18
5.30978e+18
6.07234e+18
6.73915e+18
7.29967e+18
7.74507e+18
8.06833e+18
8.26435e+18
8.33003e+18
8.26435e+18
8.06833e+18
7.74507e+18
7.29967e+18
6.73915e+18
6.07234e+18
5.30978e+18
4.46347e+18
3.54677e+18
2.57413e+18
1.5609e+18
5.23049e+17
5.30246e+17
1.58237e+18
2.60955e+18
3.59556e+18
4.52488e+18
5.38283e+18
6.15589e+18
6.83187e+18
7.4001e+18
7.85163e+18
8.17934e+18
8.37805e+18
8.44464e+18
8.37805e+18
8.17934e+18
7.85163e+18
7.4001e+18
6.83187e+18
6.15589e+18
5.38283e+18
4.52488e+18
3.59556e+18
2.60955e+18
1.58238e+18
5.30246e+17
5.30246e+17
1.58237e+18
2.60955e+18
3.59557e+18
4.52488e+18
5.38283e+18
6.15589e+18
6.83187e+18
7.4001e+18
7.85163e+18
8.17934e+18
8.37805e+18
8.44464e+18
8.37805e+18
8.17934e+18
7.85163e+18
7.4001e+18
6.83187e+18
6.15589e+18
5.38283e+18
4.52488e+18
3.59557e+18
2.60955e+18
1.58237e+18
5.30246e+17
5.23049e+17
1.5609e+18
2.57413e+18
3.54677e+18
4.46347e+18
5.30978e+18
6.07235e+18
6.73915e+18
7.29967e+18
7.74507e+18
8.06833e+18
8.26435e+18
8.33003e+18
8.26435e+18
8.06833e+18
7.74507e+18
7.29967e+18
6.73915e+18
6.07234e+18
5.30978e+18
4.46347e+18
3.54677e+18
2.57413e+18
1.5609e+18
5.2305e+17
5.3192e+17
1.58737e+18
2.61779e+18
3.60692e+18
4.53916e+18
5.39983e+18
6.17533e+18
6.85343e+18
7.42346e+18
7.87642e+18
8.20516e+18
8.4045e+18
8.4713e+18
8.4045e+18
8.20516e+18
7.87642e+18
7.42346e+18
6.85343e+18
6.17533e+18
5.39983e+18
4.53916e+18
3.60692e+18
2.61779e+18
1.58737e+18
5.3192e+17
5.24282e+17
1.56458e+18
2.5802e+18
3.55513e+18
4.47399e+18
5.32229e+18
6.08666e+18
6.75503e+18
7.31687e+18
7.76332e+18
8.08734e+18
8.28382e+18
8.34966e+18
8.28382e+18
8.08734e+18
7.76332e+18
7.31687e+18
6.75503e+18
6.08666e+18
5.32229e+18
4.47399e+18
3.55513e+18
2.5802e+18
1.56458e+18
5.24282e+17
5.30246e+17
1.58238e+18
2.60955e+18
3.59557e+18
4.52488e+18
5.38283e+18
6.15589e+18
6.83187e+18
7.4001e+18
7.85163e+18
8.17934e+18
8.37805e+18
8.44464e+18
8.37805e+18
8.17934e+18
7.85163e+18
7.4001e+18
6.83187e+18
6.15589e+18
5.38283e+18
4.52488e+18
3.59557e+18
2.60955e+18
1.58238e+18
5.30246e+17
5.23049e+17
1.5609e+18
2.57413e+18
3.54677e+18
4.46347e+18
5.30978e+18
6.07234e+18
6.73915e+18
7.29967e+18
7.74507e+18
8.06833e+18
8.26435e+18
8.33003e+18
8.26435e+18
8.06833e+18
7.74507e+18
7.29967e+18
6.73915e+18
6.07234e+18
5.30978e+18
4.46347e+18
3.54677e+18
2.57413e+18
1.5609e+18
5.23049e+17
5.23049e+17
1.5609e+18
2.57413e+18
3.54677e+18
4.46347e+18
5.30978e+18
6.07234e+18
6.73915e+18
7.29967e+18
7.74507e+18
8.06833e+18
8.26435e+18
8.33003e+18
8.26435e+18
8.06833e+18
7.74507e+18
7.29967e+18
6.73915e+18
6.07234e+18
5.30978e+18
4.46347e+18
3.54677e+18
2.57413e+18
1.5609e+18
5.23049e+17
5.30246e+17
1.58237e+18
2.60955e+18
3.59557e+18
4.52488e+18
5.38283e+18
6.15589e+18
6.83187e+18
7.4001e+18
7.85163e+18
8.17934e+18
8.37805e+18
8.44464e+18
8.37805e+18
8.17934e+18
7.85163e+18
7.4001e+18
6.83187e+18
6.15589e+18
5.38283e+18
4.52488e+18
3.59557e+18
2.60955e+18
1.58237e+18
5.30246e+17
)
;

boundaryField
{
    outletCentralUnloaded
    {
        type            fixedValue;
        value           uniform 0;
    }
    inletCentralUnloaded
    {
        type            fixedValue;
        value           uniform 0;
    }
    outletFuelElement
    {
        type            fixedValue;
        value           uniform 0;
    }
    inletFuelElement
    {
        type            fixedValue;
        value           uniform 0;
    }
    defaultFaces
    {
        type            zeroGradient;
    }
}


// ************************************************************************* //
