/*--------------------------------*- C++ -*----------------------------------*\
| =========                 |                                                 |
| \\      /  F ield         | OpenFOAM: The Open Source CFD Toolbox           |
|  \\    /   O peration     | Version:  2212                                  |
|   \\  /    A nd           | Website:  www.openfoam.com                      |
|    \\/     M anipulation  |                                                 |
\*---------------------------------------------------------------------------*/
FoamFile
{
    version     2.0;
    format      ascii;
    arch        "LSB;label=32;scalar=64";
    class       volScalarField;
    location    "52/neutroRegion";
    object      TClad;
}
// * * * * * * * * * * * * * * * * * * * * * * * * * * * * * * * * * * * * * //

dimensions      [0 0 0 1 0 0 0];

internalField   nonuniform List<scalar> 
350
(
0
0
0
0
0
0
0
0
0
0
0
0
0
0
0
0
0
0
0
0
0
0
0
0
0
0
0
0
0
0
0
0
0
0
0
0
0
0
0
0
0
0
0
0
0
0
0
0
0
0
1844.55
1882.71
1907.93
1920.19
1919.64
1906.53
1881.3
1844.5
1796.87
1739.23
1672.56
1597.97
1516.68
1430.02
1339.44
1246.4
1152.27
1058.14
964.388
870.203
772.65
665.449
537.878
377.848
186.962
1872.97
1911.75
1937.35
1949.78
1949.16
1935.76
1910.02
1872.51
1823.96
1765.23
1697.3
1621.3
1538.47
1450.15
1357.82
1262.97
1167.02
1071.11
975.69
879.975
781.033
672.502
543.443
381.463
188.185
1839.93
1878.02
1903.19
1915.45
1914.92
1901.88
1876.74
1840.08
1792.6
1735.15
1668.69
1594.33
1513.3
1426.91
1336.61
1243.85
1150.01
1056.15
962.666
868.719
771.385
664.397
537.06
377.32
186.776
1866.58
1905.2
1930.7
1943.07
1942.45
1929.11
1903.47
1866.11
1817.76
1759.27
1691.62
1615.94
1533.45
1445.52
1353.58
1259.14
1163.61
1068.11
973.077
877.714
779.093
670.869
542.153
380.624
187.902
1866.58
1905.2
1930.7
1943.07
1942.45
1929.11
1903.47
1866.11
1817.76
1759.27
1691.62
1615.94
1533.45
1445.52
1353.58
1259.14
1163.61
1068.11
973.077
877.714
779.093
670.869
542.153
380.624
187.902
1839.94
1878.02
1903.19
1915.45
1914.92
1901.88
1876.74
1840.08
1792.6
1735.15
1668.69
1594.34
1513.3
1426.91
1336.61
1243.85
1150.01
1056.16
962.667
868.72
771.386
664.398
537.061
377.321
186.776
1872.97
1911.75
1937.35
1949.78
1949.16
1935.76
1910.02
1872.51
1823.96
1765.23
1697.3
1621.3
1538.47
1450.15
1357.82
1262.97
1167.02
1071.11
975.69
879.975
781.033
672.502
543.443
381.463
188.185
1844.55
1882.71
1907.93
1920.19
1919.64
1906.53
1881.3
1844.5
1796.87
1739.23
1672.56
1597.97
1516.68
1430.02
1339.44
1246.4
1152.27
1058.14
964.388
870.203
772.649
665.45
537.879
377.847
186.962
1866.58
1905.2
1930.7
1943.07
1942.45
1929.11
1903.47
1866.11
1817.76
1759.27
1691.62
1615.94
1533.45
1445.52
1353.58
1259.14
1163.61
1068.11
973.077
877.714
779.093
670.869
542.153
380.624
187.902
1839.93
1878.02
1903.19
1915.45
1914.92
1901.88
1876.74
1840.08
1792.6
1735.15
1668.69
1594.33
1513.3
1426.91
1336.61
1243.85
1150.01
1056.15
962.666
868.72
771.385
664.397
537.06
377.32
186.776
1839.94
1878.02
1903.19
1915.45
1914.92
1901.88
1876.74
1840.08
1792.6
1735.15
1668.69
1594.34
1513.3
1426.91
1336.61
1243.85
1150.01
1056.16
962.667
868.72
771.386
664.398
537.061
377.321
186.776
1866.58
1905.2
1930.7
1943.07
1942.45
1929.11
1903.47
1866.11
1817.76
1759.27
1691.62
1615.94
1533.45
1445.52
1353.58
1259.14
1163.61
1068.11
973.077
877.714
779.093
670.869
542.153
380.624
187.902
)
;

boundaryField
{
    outletCentralUnloaded
    {
        type            zeroGradient;
    }
    inletCentralUnloaded
    {
        type            zeroGradient;
    }
    outletFuelElement
    {
        type            zeroGradient;
    }
    inletFuelElement
    {
        type            zeroGradient;
    }
    defaultFaces
    {
        type            zeroGradient;
    }
}


// ************************************************************************* //
