/*--------------------------------*- C++ -*----------------------------------*\
| =========                 |                                                 |
| \\      /  F ield         | OpenFOAM: The Open Source CFD Toolbox           |
|  \\    /   O peration     | Version:  2212                                  |
|   \\  /    A nd           | Website:  www.openfoam.com                      |
|    \\/     M anipulation  |                                                 |
\*---------------------------------------------------------------------------*/
FoamFile
{
    version     2.0;
    format      ascii;
    arch        "LSB;label=32;scalar=64";
    class       volScalarField;
    location    "52/neutroRegion";
    object      TCool;
}
// * * * * * * * * * * * * * * * * * * * * * * * * * * * * * * * * * * * * * //

dimensions      [0 0 0 1 0 0 0];

internalField   nonuniform List<scalar> 
350
(
83.2888
83.2893
83.2898
83.2903
83.2908
83.2913
83.2917
83.2922
83.2927
83.2932
83.2937
83.2942
83.2946
83.2951
83.2955
83.2959
83.2964
83.2968
83.2973
83.2978
83.2983
83.2988
83.2993
83.2997
83.3001
83.2888
83.2893
83.2898
83.2903
83.2908
83.2913
83.2917
83.2922
83.2927
83.2932
83.2937
83.2942
83.2946
83.2951
83.2955
83.2959
83.2964
83.2968
83.2973
83.2978
83.2983
83.2988
83.2993
83.2997
83.3001
1822.57
1816.46
1797.93
1767.22
1724.66
1670.76
1606.12
1531.51
1447.79
1355.98
1257.22
1152.85
1044.38
933.561
822.356
712.86
607.179
507.276
414.861
331.375
258.065
196.128
146.788
111.209
90.0891
1850.79
1844.9
1826.37
1795.44
1752.45
1697.9
1632.42
1556.76
1471.82
1378.61
1278.3
1172.21
1061.89
949.099
835.835
724.25
616.522
514.682
420.503
335.465
260.84
197.837
147.691
111.573
90.1665
1817.99
1811.86
1793.35
1762.69
1720.22
1666.44
1601.95
1527.52
1444.01
1352.43
1253.94
1149.84
1041.68
931.178
820.301
711.133
605.771
506.168
414.023
330.773
257.661
195.881
146.658
111.156
90.0768
1844.45
1838.49
1819.95
1789.05
1746.15
1691.73
1626.43
1551
1466.33
1373.44
1273.47
1167.77
1057.86
945.522
832.727
721.621
614.362
512.969
419.197
334.518
260.196
197.44
147.482
111.488
90.1487
1844.45
1838.49
1819.95
1789.05
1746.15
1691.73
1626.43
1551
1466.33
1373.44
1273.47
1167.77
1057.86
945.522
832.727
721.621
614.362
512.969
419.197
334.518
260.196
197.44
147.482
111.488
90.1487
1817.99
1811.86
1793.35
1762.69
1720.23
1666.44
1601.96
1527.52
1444.01
1352.43
1253.94
1149.85
1041.68
931.179
820.302
711.134
605.772
506.169
414.024
330.774
257.661
195.881
146.659
111.156
90.0768
1850.79
1844.9
1826.37
1795.44
1752.45
1697.9
1632.42
1556.76
1471.82
1378.61
1278.3
1172.21
1061.89
949.099
835.835
724.25
616.522
514.682
420.503
335.465
260.84
197.837
147.691
111.573
90.1665
1822.57
1816.46
1797.93
1767.22
1724.66
1670.76
1606.12
1531.51
1447.79
1355.98
1257.22
1152.85
1044.38
933.561
822.356
712.86
607.179
507.276
414.861
331.375
258.065
196.128
146.788
111.209
90.0891
1844.45
1838.49
1819.95
1789.05
1746.15
1691.73
1626.43
1551
1466.33
1373.44
1273.47
1167.77
1057.86
945.522
832.727
721.621
614.362
512.969
419.197
334.518
260.196
197.44
147.482
111.488
90.1487
1817.99
1811.86
1793.35
1762.69
1720.22
1666.44
1601.95
1527.52
1444.01
1352.43
1253.94
1149.84
1041.68
931.178
820.301
711.133
605.772
506.168
414.024
330.773
257.661
195.881
146.658
111.156
90.0768
1817.99
1811.86
1793.35
1762.69
1720.23
1666.44
1601.96
1527.52
1444.01
1352.43
1253.94
1149.85
1041.68
931.179
820.302
711.134
605.772
506.169
414.024
330.774
257.661
195.881
146.659
111.156
90.0768
1844.45
1838.49
1819.95
1789.05
1746.15
1691.73
1626.43
1551
1466.33
1373.44
1273.47
1167.77
1057.86
945.522
832.727
721.621
614.362
512.969
419.197
334.518
260.196
197.44
147.482
111.488
90.1487
)
;

boundaryField
{
    outletCentralUnloaded
    {
        type            zeroGradient;
    }
    inletCentralUnloaded
    {
        type            zeroGradient;
    }
    outletFuelElement
    {
        type            zeroGradient;
    }
    inletFuelElement
    {
        type            zeroGradient;
    }
    defaultFaces
    {
        type            zeroGradient;
    }
}


// ************************************************************************* //
