/*--------------------------------*- C++ -*----------------------------------*\
| =========                 |                                                 |
| \\      /  F ield         | OpenFOAM: The Open Source CFD Toolbox           |
|  \\    /   O peration     | Version:  2212                                  |
|   \\  /    A nd           | Website:  www.openfoam.com                      |
|    \\/     M anipulation  |                                                 |
\*---------------------------------------------------------------------------*/
FoamFile
{
    version     2.0;
    format      ascii;
    arch        "LSB;label=32;scalar=64";
    class       volScalarField;
    location    "12/neutroRegion";
    object      TClad;
}
// * * * * * * * * * * * * * * * * * * * * * * * * * * * * * * * * * * * * * //

dimensions      [0 0 0 1 0 0 0];

internalField   nonuniform List<scalar> 
350
(
0
0
0
0
0
0
0
0
0
0
0
0
0
0
0
0
0
0
0
0
0
0
0
0
0
0
0
0
0
0
0
0
0
0
0
0
0
0
0
0
0
0
0
0
0
0
0
0
0
0
795.928
825.394
849.146
867.005
878.906
884.873
885.019
879.541
868.712
852.875
832.434
807.835
779.553
748.064
713.816
677.198
638.49
597.817
555.101
510.008
461.926
410.042
353.522
291.907
226.559
802.836
832.83
857.022
875.229
887.38
893.501
893.705
888.19
877.235
861.189
840.462
815.51
786.819
754.876
720.143
683.017
643.789
602.591
559.344
513.712
465.069
412.585
355.408
293.071
226.954
794.783
824.168
847.854
865.662
877.527
883.474
883.616
878.148
867.343
851.544
831.152
806.613
778.399
746.984
712.816
676.28
637.656
597.068
554.436
509.43
461.438
409.649
353.232
291.729
226.498
801.284
831.153
855.242
873.365
885.455
891.538
891.725
886.216
875.287
859.286
838.622
813.749
785.15
753.31
718.688
681.678
642.569
601.491
558.366
512.858
464.344
411.998
354.973
292.802
226.863
801.284
831.153
855.242
873.365
885.455
891.538
891.725
886.216
875.287
859.286
838.622
813.749
785.15
753.31
718.688
681.678
642.569
601.491
558.366
512.858
464.344
411.998
354.973
292.802
226.863
794.783
824.168
847.855
865.662
877.527
883.474
883.616
878.148
867.343
851.544
831.152
806.613
778.399
746.984
712.816
676.28
637.656
597.068
554.436
509.43
461.438
409.649
353.232
291.729
226.498
802.836
832.829
857.022
875.229
887.38
893.501
893.705
888.19
877.235
861.189
840.461
815.51
786.819
754.876
720.143
683.017
643.789
602.591
559.344
513.712
465.069
412.585
355.408
293.071
226.954
795.928
825.394
849.146
867.005
878.906
884.873
885.019
879.541
868.712
852.875
832.434
807.835
779.553
748.064
713.816
677.198
638.49
597.817
555.101
510.008
461.926
410.042
353.522
291.907
226.559
801.284
831.153
855.242
873.365
885.455
891.538
891.725
886.216
875.287
859.286
838.622
813.749
785.15
753.31
718.688
681.678
642.569
601.491
558.366
512.858
464.344
411.998
354.973
292.802
226.863
794.783
824.168
847.854
865.662
877.527
883.474
883.616
878.148
867.343
851.544
831.152
806.613
778.399
746.984
712.816
676.28
637.656
597.068
554.436
509.43
461.437
409.649
353.232
291.729
226.498
794.783
824.168
847.855
865.662
877.527
883.474
883.616
878.148
867.343
851.544
831.152
806.613
778.399
746.984
712.816
676.28
637.656
597.068
554.436
509.43
461.438
409.649
353.232
291.729
226.498
801.284
831.153
855.242
873.365
885.455
891.538
891.725
886.216
875.287
859.286
838.622
813.749
785.15
753.31
718.688
681.678
642.569
601.491
558.366
512.858
464.344
411.998
354.973
292.802
226.863
)
;

boundaryField
{
    outletCentralUnloaded
    {
        type            zeroGradient;
    }
    inletCentralUnloaded
    {
        type            zeroGradient;
    }
    outletFuelElement
    {
        type            zeroGradient;
    }
    inletFuelElement
    {
        type            zeroGradient;
    }
    defaultFaces
    {
        type            zeroGradient;
    }
}


// ************************************************************************* //
