/*--------------------------------*- C++ -*----------------------------------*\
| =========                 |                                                 |
| \\      /  F ield         | OpenFOAM: The Open Source CFD Toolbox           |
|  \\    /   O peration     | Version:  2212                                  |
|   \\  /    A nd           | Website:  www.openfoam.com                      |
|    \\/     M anipulation  |                                                 |
\*---------------------------------------------------------------------------*/
FoamFile
{
    version     2.0;
    format      ascii;
    arch        "LSB;label=32;scalar=64";
    class       volScalarField;
    location    "18/fluidRegion";
    object      deltaT;
}
// * * * * * * * * * * * * * * * * * * * * * * * * * * * * * * * * * * * * * //

dimensions      [0 0 0 1 0 0 0];

internalField   nonuniform List<scalar> 
350
(
0
0
0
0
0
0
0
0
0
0
0
0
0
0
0
0
0
0
0
0
0
0
0
0
0
0
0
0
0
0
0
0
0
0
0
0
0
0
0
0
0
0
0
0
0
0
0
0
0
0
0
26.7367
57.8737
88.6508
119.025
148.95
178.375
207.241
235.473
262.968
289.577
315.092
339.226
361.605
381.768
399.159
413.084
422.606
426.311
421.926
405.738
372.014
313.081
222.174
101.481
0
26.7378
58.1341
89.166
119.791
149.963
179.634
208.746
237.229
264.981
291.859
317.654
342.076
364.744
385.187
402.833
416.98
426.682
430.517
426.199
409.971
376.01
316.492
224.504
102.306
0
26.7381
57.8335
88.5698
118.904
148.789
178.174
207.001
235.192
262.645
289.211
314.682
338.77
361.104
381.224
398.576
412.469
421.966
425.653
421.263
405.089
371.409
312.573
221.83
101.356
0
26.7346
58.071
89.044
119.611
149.726
179.34
208.396
236.821
264.515
291.331
317.061
341.417
364.019
384.397
401.985
416.081
425.741
429.546
425.212
408.993
375.086
315.702
223.964
102.115
0
26.7346
58.071
89.044
119.611
149.726
179.34
208.396
236.821
264.515
291.331
317.061
341.417
364.019
384.397
401.985
416.081
425.741
429.546
425.212
408.993
375.086
315.702
223.964
102.115
0
26.738
57.8335
88.5698
118.904
148.789
178.174
207.001
235.192
262.645
289.211
314.682
338.77
361.103
381.224
398.576
412.469
421.966
425.653
421.263
405.089
371.409
312.574
221.83
101.356
0
26.7378
58.1342
89.166
119.791
149.963
179.634
208.746
237.229
264.981
291.859
317.654
342.075
364.744
385.187
402.833
416.98
426.682
430.517
426.199
409.971
376.01
316.492
224.504
102.306
0
26.7367
57.8737
88.6509
119.025
148.95
178.375
207.241
235.473
262.968
289.577
315.092
339.226
361.605
381.768
399.159
413.084
422.606
426.311
421.926
405.738
372.014
313.082
222.174
101.481
0
26.7346
58.071
89.044
119.611
149.726
179.34
208.396
236.821
264.515
291.331
317.061
341.417
364.019
384.397
401.985
416.081
425.741
429.546
425.212
408.993
375.086
315.702
223.964
102.115
0
26.7381
57.8335
88.5698
118.904
148.789
178.174
207.001
235.192
262.645
289.211
314.682
338.77
361.104
381.224
398.576
412.469
421.965
425.653
421.263
405.089
371.409
312.573
221.83
101.356
0
26.738
57.8334
88.5698
118.904
148.789
178.174
207.001
235.192
262.645
289.211
314.682
338.77
361.103
381.224
398.576
412.469
421.966
425.653
421.263
405.089
371.409
312.574
221.83
101.356
0
26.7346
58.071
89.044
119.611
149.726
179.34
208.396
236.821
264.514
291.331
317.061
341.417
364.019
384.397
401.985
416.081
425.741
429.546
425.212
408.993
375.086
315.702
223.964
102.115
)
;

boundaryField
{
    outletCentralUnloaded
    {
        type            calculated;
        value           uniform 0;
    }
    inletCentralUnloaded
    {
        type            calculated;
        value           uniform 0;
    }
    outletFuelElement
    {
        type            calculated;
        value           uniform 0;
    }
    inletFuelElement
    {
        type            calculated;
        value           uniform 616.7;
    }
    defaultFaces
    {
        type            calculated;
        value           nonuniform List<scalar> 
450
(
0
0
0
0
0
0
0
0
0
0
0
0
0
0
0
0
0
0
0
0
0
0
0
0
0
0
0
0
0
0
0
0
0
0
0
0
0
0
0
0
0
0
3.59901
3.59901
3.59901
93.0752
93.0752
93.0752
179.535
179.535
179.535
261.466
261.466
261.466
337.512
337.512
337.512
406.473
406.473
406.473
467.237
467.237
467.237
518.76
518.76
518.76
560.042
560.042
560.042
590.276
590.276
590.276
609.116
609.116
609.116
0
0
0
0
0
0
0
0
0
0
0
0
0
0
0
0
0
0
0
0
0
0
0
0
0
0
0
0
5.17617
5.17617
94.3973
94.3973
180.612
180.612
262.314
262.314
338.154
338.154
406.934
406.934
467.548
467.548
518.949
518.949
560.141
560.141
590.317
590.317
609.126
609.126
0
0
0
0
0
0
0
0
0
0
0
0
0
0
0
86.4392
174.102
257.162
334.235
404.099
465.63
517.772
559.52
590.065
609.071
0
0
0
0
0
0
0
0
0
0
0
0
0
0
0
86.4392
174.102
257.162
334.235
404.099
465.63
517.772
559.52
590.065
609.071
0
0
0
0
0
0
0
0
0
0
0
0
0
0
0
0
0
0
0
0
0
0
0
0
0
0
0
0
5.17543
5.17543
94.3966
94.3966
180.611
180.611
262.313
262.313
338.153
338.153
406.934
406.934
467.547
467.547
518.949
518.949
560.141
560.141
590.317
590.317
609.126
609.126
0
0
0
0
0
0
0
0
0
0
0
0
0
0
0
0
0
0
0
0
0
0
0
0
0
0
0
0
0
0
0
0
0
0
0
0
0
0
0
0
0
0
3.59901
3.59901
3.59901
93.0752
93.0752
93.0752
179.535
179.535
179.535
261.466
261.466
261.466
337.512
337.512
337.512
406.473
406.473
406.473
467.237
467.237
467.237
518.76
518.76
518.76
560.042
560.042
560.042
590.276
590.276
590.276
609.116
609.116
609.116
0
0
0
0
0
0
0
0
0
0
0
0
0
0
0
86.4392
174.102
257.162
334.235
404.099
465.63
517.772
559.52
590.065
609.071
0
0
0
0
0
0
0
0
0
0
0
0
0
0
0
0
0
0
0
0
0
0
0
0
0
0
0
0
5.1762
5.1762
94.3973
94.3973
180.612
180.612
262.314
262.314
338.154
338.154
406.934
406.934
467.548
467.548
518.949
518.949
560.141
560.141
590.317
590.317
609.126
609.126
0
0
0
0
0
0
0
0
0
0
0
0
0
0
0
0
0
0
0
0
0
0
0
0
0
0
0
0
5.17548
5.17548
94.3966
94.3966
180.612
180.612
262.313
262.313
338.153
338.153
406.934
406.934
467.547
467.547
518.949
518.949
560.141
560.141
590.317
590.317
609.126
609.126
0
0
0
0
0
0
0
0
0
0
0
0
0
0
0
86.4392
174.102
257.162
334.235
404.099
465.63
517.772
559.52
590.065
609.071
)
;
    }
    baffle_master
    {
        type            calculated;
        value           uniform 0;
    }
    baffle_slave
    {
        type            calculated;
        value           nonuniform List<scalar> 
150
(
0
0
0
0
0
0
0
0
0
0
0
0
0
0
0
0
0
0
0
0
0
0
0
0
0
0
0
0
0
0
0
0
0
0
0
0
0
0
0
0
0
0
0
0
0
84.4513
86.4392
86.4392
172.473
174.102
174.102
255.869
257.162
257.162
333.249
334.235
334.235
403.384
404.099
404.099
465.146
465.63
465.63
517.475
517.772
517.772
559.363
559.52
559.52
590.001
590.065
590.065
609.057
609.071
609.071
0
0
0
0
0
0
0
0
0
0
0
0
0
0
0
0
0
0
0
0
0
0
0
0
0
0
0
0
0
0
0
0
0
0
0
0
0
0
0
0
0
0
0
0
0
86.4392
84.4513
86.4392
174.102
172.473
174.102
257.162
255.869
257.162
334.235
333.249
334.235
404.099
403.384
404.099
465.63
465.146
465.63
517.772
517.475
517.772
559.52
559.363
559.52
590.065
590.001
590.065
609.071
609.057
609.071
)
;
    }
}


// ************************************************************************* //
