/*--------------------------------*- C++ -*----------------------------------*\
| =========                 |                                                 |
| \\      /  F ield         | OpenFOAM: The Open Source CFD Toolbox           |
|  \\    /   O peration     | Version:  2212                                  |
|   \\  /    A nd           | Website:  www.openfoam.com                      |
|    \\/     M anipulation  |                                                 |
\*---------------------------------------------------------------------------*/
FoamFile
{
    version     2.0;
    format      ascii;
    arch        "LSB;label=32;scalar=64";
    class       volScalarField;
    location    "18/fluidRegion";
    object      k;
}
// * * * * * * * * * * * * * * * * * * * * * * * * * * * * * * * * * * * * * //

dimensions      [0 2 -2 0 0 0 0];

internalField   nonuniform List<scalar> 
350
(
0.42026
0.42019
0.420122
0.420053
0.419984
0.419916
0.419848
0.419781
0.419715
0.41965
0.419586
0.419526
0.419471
0.419422
0.419385
0.419364
0.419368
0.41941
0.419511
0.419702
0.42003
0.420568
0.421426
0.422774
0.42487
0.42026
0.42019
0.420122
0.420053
0.419984
0.419916
0.419848
0.419781
0.419715
0.41965
0.419586
0.419526
0.419471
0.419422
0.419385
0.419364
0.419368
0.41941
0.419511
0.419702
0.42003
0.420568
0.421426
0.422774
0.42487
254.992
243.98
230.576
214.88
197.407
178.694
159.282
139.695
120.426
101.925
84.5807
68.7114
54.5524
42.249
31.8528
23.3255
16.5508
11.352
7.51331
4.80095
2.98207
1.83865
1.17924
0.847029
0.724772
258.261
247.151
233.617
217.75
200.075
181.134
161.475
141.63
122.101
103.343
85.7523
69.6539
55.2885
42.805
32.2574
23.6079
16.7388
11.4704
7.583
4.83868
3.00041
1.84639
1.18195
0.847831
0.725127
254.445
243.451
230.071
214.405
196.967
178.294
158.923
139.379
120.154
101.695
84.3912
68.5593
54.4339
42.1596
31.7876
23.2799
16.5204
11.3327
7.50179
4.79454
2.97879
1.83712
1.1786
0.846784
0.724697
257.544
246.454
232.946
217.116
199.484
180.592
160.987
141.198
121.726
103.025
85.4888
69.4415
55.1222
42.6792
32.1657
23.5438
16.6961
11.4435
7.56713
4.83009
2.99625
1.84464
1.18135
0.84766
0.725052
257.544
246.454
232.946
217.116
199.484
180.592
160.987
141.198
121.726
103.025
85.4888
69.4415
55.1222
42.6792
32.1657
23.5438
16.6961
11.4435
7.56713
4.83009
2.99625
1.84464
1.18135
0.84766
0.725052
254.445
243.451
230.071
214.405
196.967
178.294
158.923
139.379
120.154
101.695
84.3913
68.5593
54.4339
42.1596
31.7877
23.28
16.5204
11.3328
7.50179
4.79454
2.97879
1.83712
1.1786
0.846785
0.724699
258.261
247.151
233.617
217.75
200.075
181.134
161.475
141.63
122.101
103.343
85.7523
69.6539
55.2885
42.805
32.2574
23.6079
16.7388
11.4704
7.583
4.83868
3.00041
1.84639
1.18195
0.847831
0.725127
254.992
243.98
230.576
214.88
197.407
178.694
159.282
139.695
120.426
101.925
84.5807
68.7114
54.5525
42.249
31.8528
23.3255
16.5508
11.352
7.51331
4.80094
2.98207
1.83865
1.17924
0.847027
0.72477
257.544
246.454
232.946
217.116
199.483
180.592
160.987
141.198
121.726
103.025
85.4888
69.4415
55.1222
42.6792
32.1657
23.5438
16.6961
11.4435
7.56713
4.83009
2.99625
1.84464
1.18135
0.84766
0.725052
254.445
243.451
230.071
214.405
196.967
178.294
158.923
139.379
120.154
101.695
84.3912
68.5593
54.4339
42.1596
31.7876
23.2799
16.5204
11.3327
7.50179
4.79453
2.97878
1.83712
1.17859
0.846782
0.724695
254.445
243.451
230.071
214.405
196.967
178.294
158.923
139.379
120.154
101.695
84.3913
68.5593
54.4339
42.1596
31.7876
23.28
16.5204
11.3327
7.50179
4.79453
2.97879
1.83712
1.17859
0.846783
0.724697
257.544
246.454
232.947
217.116
199.484
180.592
160.987
141.198
121.726
103.025
85.4889
69.4415
55.1223
42.6792
32.1657
23.5438
16.6961
11.4435
7.56713
4.83009
2.99625
1.84464
1.18135
0.847658
0.725049
)
;

boundaryField
{
    outletCentralUnloaded
    {
        type            zeroGradient;
    }
    inletCentralUnloaded
    {
        type            zeroGradient;
    }
    outletFuelElement
    {
        type            zeroGradient;
    }
    inletFuelElement
    {
        type            zeroGradient;
    }
    defaultFaces
    {
        type            zeroGradient;
    }
    baffle_master
    {
        type            zeroGradient;
    }
    baffle_slave
    {
        type            zeroGradient;
    }
}


// ************************************************************************* //
