/*--------------------------------*- C++ -*----------------------------------*\
| =========                 |                                                 |
| \\      /  F ield         | OpenFOAM: The Open Source CFD Toolbox           |
|  \\    /   O peration     | Version:  2212                                  |
|   \\  /    A nd           | Website:  www.openfoam.com                      |
|    \\/     M anipulation  |                                                 |
\*---------------------------------------------------------------------------*/
FoamFile
{
    version     2.0;
    format      ascii;
    arch        "LSB;label=32;scalar=64";
    class       volScalarField;
    location    "18/fluidRegion";
    object      Re;
}
// * * * * * * * * * * * * * * * * * * * * * * * * * * * * * * * * * * * * * //

dimensions      [0 0 0 0 0 0 0];

internalField   nonuniform List<scalar> 
350
(
173837
173837
173837
173837
173837
173837
173837
173837
173837
173837
173837
173837
173837
173837
173837
173837
173837
173837
173837
173837
173837
173837
173837
173837
174295
173837
173837
173837
173837
173837
173837
173837
173837
173837
173837
173837
173837
173837
173837
173837
173837
173837
173837
173837
173837
173837
173837
173837
173837
174295
53060.1
52948.5
52950.9
52952.2
52952.2
52950.8
52948
52943.7
52937.7
52929.9
52920.4
52909.1
52895.8
52880.5
52862.5
52841.1
52815.2
52784.7
52751.1
52722.4
52717.7
52784.2
53014.4
53542.5
53654.1
52633.1
52513.9
52511.1
52507.2
52502.5
52496.8
52490.2
52482.5
52473.7
52464
52453.7
52443.1
52432.7
52423.1
52414.2
52405.7
52396.8
52387.6
52380
52382.5
52416.1
52530.2
52820.8
53423.6
53616.8
53131.7
53020.3
53023.4
53025.2
53025.7
53024.7
53022.1
53017.9
53012
53004.1
52994.3
52982.4
52968.2
52951.3
52931.3
52907.1
52877.8
52843.1
52804.5
52769.9
52758
52815.6
53035.2
53551.5
53655.4
52728.7
52611.5
52610
52607.5
52604
52599.5
52593.9
52587.2
52579.2
52570.1
52560.1
52549.5
52538.7
52527.9
52517.1
52505.8
52493.2
52479.2
52465.8
52461.3
52486.2
52589.6
52866.5
53452.2
53626
52728.7
52611.5
52610
52607.5
52604
52599.5
52593.9
52587.2
52579.2
52570.1
52560.1
52549.5
52538.7
52527.9
52517.1
52505.8
52493.2
52479.2
52465.8
52461.3
52486.2
52589.6
52866.5
53452.2
53626
53131.7
53020.3
53023.4
53025.2
53025.7
53024.7
53022.1
53017.9
53012
53004.1
52994.3
52982.3
52968.1
52951.3
52931.3
52907.1
52877.8
52843.1
52804.5
52769.8
52757.9
52815.5
53035
53551.4
53655.4
52633.1
52513.9
52511.1
52507.2
52502.5
52496.8
52490.2
52482.5
52473.7
52464
52453.7
52443.1
52432.7
52423.1
52414.2
52405.7
52396.8
52387.6
52380
52382.5
52416.1
52530.2
52820.8
53423.6
53616.8
53060.1
52948.5
52950.9
52952.2
52952.2
52950.8
52948
52943.7
52937.7
52929.9
52920.4
52909.1
52895.8
52880.5
52862.5
52841.1
52815.2
52784.7
52751.1
52722.4
52717.7
52784.2
53014.4
53542.5
53654.1
52728.7
52611.5
52610
52607.5
52604
52599.5
52593.9
52587.2
52579.2
52570.1
52560.1
52549.5
52538.7
52527.9
52517.1
52505.8
52493.2
52479.2
52465.8
52461.3
52486.2
52589.6
52866.5
53452.2
53626
53131.7
53020.3
53023.4
53025.2
53025.7
53024.7
53022.1
53017.9
53012
53004.1
52994.3
52982.4
52968.2
52951.3
52931.3
52907.1
52877.8
52843.1
52804.5
52769.9
52758
52815.6
53035.2
53551.5
53655.4
53131.7
53020.3
53023.4
53025.2
53025.7
53024.7
53022.1
53017.9
53012
53004.1
52994.3
52982.3
52968.1
52951.3
52931.3
52907.1
52877.8
52843.1
52804.5
52769.8
52757.9
52815.5
53035
53551.4
53655.4
52728.7
52611.5
52610
52607.5
52604
52599.5
52593.9
52587.2
52579.2
52570.1
52560.1
52549.5
52538.7
52527.9
52517.1
52505.8
52493.2
52479.2
52465.8
52461.3
52486.2
52589.6
52866.5
53452.2
53626
)
;

boundaryField
{
    outletCentralUnloaded
    {
        type            zeroGradient;
    }
    inletCentralUnloaded
    {
        type            zeroGradient;
    }
    outletFuelElement
    {
        type            zeroGradient;
    }
    inletFuelElement
    {
        type            zeroGradient;
    }
    defaultFaces
    {
        type            zeroGradient;
    }
    baffle_master
    {
        type            zeroGradient;
    }
    baffle_slave
    {
        type            zeroGradient;
    }
}


// ************************************************************************* //
