/*--------------------------------*- C++ -*----------------------------------*\
| =========                 |                                                 |
| \\      /  F ield         | OpenFOAM: The Open Source CFD Toolbox           |
|  \\    /   O peration     | Version:  2212                                  |
|   \\  /    A nd           | Website:  www.openfoam.com                      |
|    \\/     M anipulation  |                                                 |
\*---------------------------------------------------------------------------*/
FoamFile
{
    version     2.0;
    format      ascii;
    arch        "LSB;label=32;scalar=64";
    class       volVectorField;
    location    "18/fluidRegion";
    object      U;
}
// * * * * * * * * * * * * * * * * * * * * * * * * * * * * * * * * * * * * * //

dimensions      [0 1 -1 0 0 0 0];

internalField   nonuniform List<vector> 
350
(
(1.08895e-12 6.28701e-13 -14.9513)
(2.40499e-12 1.38852e-12 -14.95)
(2.7595e-12 1.59319e-12 -14.9488)
(3.87515e-12 2.23731e-12 -14.9476)
(6.06937e-12 3.50414e-12 -14.9464)
(9.93175e-12 5.73408e-12 -14.9451)
(1.78801e-11 1.03231e-11 -14.9439)
(2.91455e-11 1.68271e-11 -14.9427)
(4.89305e-11 2.825e-11 -14.9415)
(8.10456e-11 4.67916e-11 -14.9402)
(1.34916e-10 7.78936e-11 -14.939)
(2.22465e-10 1.2844e-10 -14.9378)
(3.65231e-10 2.10865e-10 -14.9366)
(5.93475e-10 3.42642e-10 -14.9353)
(9.51424e-10 5.49303e-10 -14.9341)
(1.50246e-09 8.67441e-10 -14.9329)
(2.32548e-09 1.34261e-09 -14.9317)
(3.51502e-09 2.02939e-09 -14.9304)
(5.16392e-09 2.98138e-09 -14.9292)
(7.34588e-09 4.24113e-09 -14.928)
(1.00965e-08 5.82921e-09 -14.9268)
(1.3168e-08 7.60254e-09 -14.9256)
(1.41851e-08 8.18974e-09 -14.9244)
(2.06469e-09 1.19205e-09 -14.9232)
(-3.26226e-08 -1.88346e-08 -14.9613)
(1.08894e-12 6.28695e-13 -14.9513)
(2.40498e-12 1.38851e-12 -14.95)
(2.75949e-12 1.59318e-12 -14.9488)
(3.87514e-12 2.23731e-12 -14.9476)
(6.06936e-12 3.50414e-12 -14.9464)
(9.93174e-12 5.73408e-12 -14.9451)
(1.78801e-11 1.03231e-11 -14.9439)
(2.91455e-11 1.68271e-11 -14.9427)
(4.89305e-11 2.825e-11 -14.9415)
(8.10456e-11 4.67916e-11 -14.9402)
(1.34916e-10 7.78936e-11 -14.939)
(2.22465e-10 1.2844e-10 -14.9378)
(3.65231e-10 2.10865e-10 -14.9366)
(5.93475e-10 3.42642e-10 -14.9353)
(9.51424e-10 5.49303e-10 -14.9341)
(1.50246e-09 8.67441e-10 -14.9329)
(2.32548e-09 1.34261e-09 -14.9317)
(3.51502e-09 2.02939e-09 -14.9304)
(5.16392e-09 2.98138e-09 -14.9292)
(7.34588e-09 4.24113e-09 -14.928)
(1.00965e-08 5.82921e-09 -14.9268)
(1.3168e-08 7.60254e-09 -14.9256)
(1.41851e-08 8.18974e-09 -14.9244)
(2.06469e-09 1.19205e-09 -14.9232)
(-3.26226e-08 -1.88346e-08 -14.9613)
(-0.00128323 -0.000740873 -330.116)
(-0.00091337 -0.000527334 -326.156)
(-0.0010277 -0.000593344 -320.628)
(-0.000913496 -0.000527407 -312.946)
(-0.000812624 -0.000469168 -303.256)
(-0.000711843 -0.000410983 -291.718)
(-0.000608607 -0.000351379 -278.506)
(-0.000497012 -0.00028695 -263.804)
(-0.000370469 -0.00021389 -247.81)
(-0.000221537 -0.000127904 -230.734)
(-4.42271e-05 -2.55345e-05 -212.803)
(0.000157913 9.11713e-05 -194.264)
(0.000374362 0.000216138 -175.38)
(0.000587833 0.000339385 -156.435)
(0.000773712 0.000446702 -137.721)
(0.000912121 0.000526613 -119.529)
(0.000993967 0.000573867 -102.136)
(0.00102506 0.000591818 -85.791)
(0.00102051 0.000589194 -70.7124)
(0.000997591 0.000575959 -57.0928)
(0.000966259 0.00055787 -45.108)
(0.000922863 0.000532815 -34.9277)
(0.000852523 0.000492204 -26.7203)
(0.00072228 0.000417008 -20.6414)
(0.000623259 0.000359838 -16.5761)
(-0.00117952 -0.000681575 -332.048)
(-0.000636014 -0.000355982 -328.082)
(-0.000775678 -0.000445303 -322.553)
(-0.00069447 -0.000403473 -314.851)
(-0.000622789 -0.000366958 -305.125)
(-0.000551677 -0.000326811 -293.536)
(-0.000478633 -0.000285337 -280.258)
(-0.000399414 -0.000238733 -265.477)
(-0.000309181 -0.000186445 -249.391)
(-0.000203315 -0.000124029 -232.211)
(-7.58597e-05 -5.00353e-05 -214.165)
(6.74223e-05 3.40884e-05 -195.5)
(0.00021879 0.000121865 -176.484)
(0.000366855 0.000208861 -157.401)
(0.000494344 0.000283191 -138.548)
(0.000587893 0.000338848 -120.219)
(0.000642089 0.000370893 -102.694)
(0.000661284 0.000383468 -86.2273)
(0.000656452 0.00038113 -71.0387)
(0.000639529 0.000372253 -57.3231)
(0.000618369 0.00035923 -45.2578)
(0.000591856 0.000343586 -35.0138)
(0.000553719 0.000320827 -26.7607)
(0.000491714 0.000285628 -20.6541)
(0.000448546 0.000261506 -16.5777)
(-0.000638195 -0.000647499 -329.802)
(-0.000521874 -0.00105606 -325.84)
(-0.000527883 -0.000985495 -320.315)
(-0.000470943 -0.000860341 -312.638)
(-0.000414849 -0.000746056 -302.954)
(-0.00035946 -0.000633537 -291.426)
(-0.000301751 -0.000518406 -278.224)
(-0.000238261 -0.000395099 -263.536)
(-0.000164653 -0.000254898 -247.557)
(-7.77542e-05 -8.95558e-05 -230.498)
(2.64927e-05 0.000104682 -212.586)
(0.000141906 0.000328965 -194.067)
(0.000261694 0.000573216 -175.205)
(0.000375672 0.000814235 -156.282)
(0.000469925 0.00102549 -137.59)
(0.000534726 0.00118267 -119.42)
(0.000567515 0.0012756 -102.047)
(0.000573037 0.00130985 -85.7207)
(0.000560922 0.00130332 -70.659)
(0.000540145 0.00127456 -57.0541)
(0.000515604 0.00123353 -45.0815)
(0.000485542 0.00117091 -34.9107)
(0.000438944 0.00105773 -26.7103)
(0.000370397 0.000833905 -20.6362)
(0.000295914 0.000639882 -16.5744)
(-0.000812967 -0.000469365 -331.618)
(-0.000988234 -0.000570555 -327.653)
(-0.000949122 -0.000547974 -322.122)
(-0.000835001 -0.000482086 -314.424)
(-0.00072832 -0.000420495 -304.706)
(-0.000623136 -0.000359767 -293.127)
(-0.000514789 -0.000297213 -279.864)
(-0.000397741 -0.000229635 -265.1)
(-0.000263718 -0.000152257 -249.033)
(-0.000105541 -6.09337e-05 -231.876)
(8.15692e-05 4.70939e-05 -213.856)
(0.00029446 0.000170006 -195.22)
(0.000522476 0.000301651 -176.233)
(0.000744812 0.000430016 -157.181)
(0.000936105 0.000540459 -138.359)
(0.00107506 0.000620686 -120.062)
(0.00115365 0.000666058 -102.567)
(0.00117834 0.000680313 -86.1279)
(0.00116651 0.000673482 -70.9644)
(0.00113537 0.000655502 -57.2707)
(0.00109417 0.000631718 -45.2238)
(0.00103625 0.000598278 -34.9945)
(0.00093647 0.00054067 -26.7519)
(0.000754135 0.000435399 -20.6516)
(0.000586526 0.00033863 -16.5776)
(0.000804244 0.00046433 -331.618)
(0.000990428 0.000571823 -327.653)
(0.000948313 0.000547507 -322.122)
(0.000834588 0.000481849 -314.424)
(0.000727667 0.000420118 -304.706)
(0.000622448 0.00035937 -293.127)
(0.000514197 0.000296871 -279.864)
(0.000396994 0.000229204 -265.1)
(0.00026289 0.000151779 -249.033)
(0.000104816 6.05153e-05 -231.876)
(-8.25409e-05 -4.76549e-05 -213.856)
(-0.000295578 -0.000170652 -195.22)
(-0.0005239 -0.000302473 -176.233)
(-0.000746321 -0.000430888 -157.181)
(-0.000937518 -0.000541275 -138.359)
(-0.00107622 -0.000621352 -120.062)
(-0.00115471 -0.000666672 -102.567)
(-0.00117956 -0.000681016 -86.1279)
(-0.00116774 -0.000674195 -70.9644)
(-0.00113658 -0.000656204 -57.2707)
(-0.0010955 -0.000632483 -45.2238)
(-0.00103707 -0.000598749 -34.9945)
(-0.000936562 -0.000540723 -26.7519)
(-0.000753438 -0.000434996 -20.6516)
(-0.000584643 -0.000337543 -16.5776)
(0.000872723 0.000235847 -329.803)
(0.00117597 -7.30314e-05 -325.841)
(0.00111635 -3.39827e-05 -320.315)
(0.000980187 -2.23062e-05 -312.638)
(0.000853709 -1.59843e-05 -302.954)
(0.000728493 -7.355e-06 -291.426)
(0.000600194 -5.2603e-07 -278.224)
(0.00046132 7.05635e-06 -263.536)
(0.000303189 1.29551e-05 -247.557)
(0.000116239 2.15798e-05 -230.498)
(-0.000104118 2.79682e-05 -212.587)
(-0.000356419 4.11525e-05 -194.067)
(-0.000627859 5.90305e-05 -175.205)
(-0.000893862 8.16994e-05 -156.282)
(-0.00112385 0.000105616 -137.59)
(-0.00129253 0.000129115 -119.42)
(-0.00138933 0.000147089 -102.047)
(-0.001422 0.000160051 -85.7207)
(-0.00141024 0.000167085 -70.659)
(-0.00137509 0.000171234 -57.0541)
(-0.00132715 0.000171336 -45.0815)
(-0.00125765 0.000166152 -34.9107)
(-0.00113573 0.00014926 -26.7103)
(-0.000907093 9.65704e-05 -20.6362)
(-0.000701027 6.37231e-05 -16.5744)
(0.00117583 0.000695537 -332.048)
(0.000630546 0.000374345 -328.082)
(0.00077253 0.000451682 -322.553)
(0.000694736 0.000400129 -314.851)
(0.000625737 0.000353997 -305.125)
(0.000555774 0.000312856 -293.536)
(0.000482955 0.000269445 -280.258)
(0.000403604 0.00022529 -265.477)
(0.000312988 0.000172834 -249.391)
(0.000206805 0.000113649 -232.211)
(7.86018e-05 4.00311e-05 -214.165)
(-6.51042e-05 -4.08722e-05 -195.5)
(-0.000217113 -0.000128389 -176.484)
(-0.000365786 -0.000212111 -157.401)
(-0.000493843 -0.000285528 -138.548)
(-0.000587947 -0.000337768 -120.219)
(-0.000642756 -0.000368865 -102.694)
(-0.00066269 -0.000378444 -86.2273)
(-0.000658391 -0.000375658 -71.0387)
(-0.000641829 -0.000364917 -57.3231)
(-0.000620467 -0.00035376 -45.2578)
(-0.00059341 -0.00033887 -35.0138)
(-0.000554702 -0.000318475 -26.7607)
(-0.000492694 -0.000283047 -20.6541)
(-0.000449309 -0.000258953 -16.5777)
(0.00128562 0.000742251 -330.116)
(0.000916016 0.000528861 -326.156)
(0.00102786 0.000593436 -320.628)
(0.00091245 0.000526803 -312.946)
(0.000810109 0.000467716 -303.256)
(0.000709648 0.000409715 -291.718)
(0.000605955 0.000349848 -278.506)
(0.000495057 0.000285821 -263.804)
(0.000368281 0.000212627 -247.81)
(0.000220147 0.000127102 -230.734)
(4.26011e-05 2.45957e-05 -212.803)
(-0.000158785 -9.16746e-05 -194.264)
(-0.000375444 -0.000216762 -175.38)
(-0.000588223 -0.00033961 -156.435)
(-0.00077412 -0.000446938 -137.721)
(-0.000911798 -0.000526426 -119.529)
(-0.000993683 -0.000573702 -102.136)
(-0.00102423 -0.000591342 -85.791)
(-0.00101984 -0.000588803 -70.7124)
(-0.000996554 -0.00057536 -57.0928)
(-0.000965684 -0.000557537 -45.108)
(-0.000922263 -0.000532468 -34.9277)
(-0.000852368 -0.000492115 -26.7203)
(-0.000722041 -0.00041687 -20.6414)
(-0.000622898 -0.00035963 -16.5761)
(0.000813423 0.000469629 -331.618)
(0.000988028 0.000570437 -327.653)
(0.000948958 0.000547879 -322.122)
(0.000834728 0.000481929 -314.424)
(0.000727793 0.00042019 -304.706)
(0.000622624 0.000359471 -293.127)
(0.00051435 0.000296959 -279.864)
(0.000397387 0.000229431 -265.1)
(0.000263357 0.000152049 -249.033)
(0.000105481 6.08991e-05 -231.876)
(-8.15781e-05 -4.7099e-05 -213.856)
(-0.000294493 -0.000170025 -195.22)
(-0.000522642 -0.000301746 -176.233)
(-0.00074493 -0.000430084 -157.181)
(-0.000936054 -0.000540429 -138.359)
(-0.00107472 -0.000620489 -120.062)
(-0.00115319 -0.000665793 -102.567)
(-0.00117801 -0.000680121 -86.1279)
(-0.00116618 -0.000673295 -70.9644)
(-0.00113508 -0.000655339 -57.2707)
(-0.00109404 -0.000631641 -45.2238)
(-0.00103592 -0.000598085 -34.9945)
(-0.000935981 -0.000540387 -26.7519)
(-0.000753616 -0.000435099 -20.6516)
(-0.00058599 -0.00033832 -16.5776)
(0.000634993 0.000651306 -329.802)
(0.00051728 0.00106093 -325.84)
(0.000525517 0.000987576 -320.315)
(0.000471435 0.000859423 -312.638)
(0.000417417 0.000742596 -302.954)
(0.000362911 0.000629456 -291.426)
(0.00030539 0.000513976 -278.224)
(0.000241765 0.000391139 -263.536)
(0.000167824 0.000251115 -247.557)
(8.0741e-05 8.63974e-05 -230.498)
(-2.41045e-05 -0.000107347 -212.586)
(-0.00013993 -0.000331003 -194.067)
(-0.000260326 -0.000574862 -175.205)
(-0.000374825 -0.000815099 -156.282)
(-0.000469481 -0.00102593 -137.59)
(-0.000534644 -0.00118235 -119.42)
(-0.000567878 -0.00127485 -102.047)
(-0.000574071 -0.00130832 -85.7207)
(-0.000562365 -0.0013015 -70.659)
(-0.000541903 -0.00127237 -57.0541)
(-0.000517215 -0.00123171 -45.0815)
(-0.00048662 -0.00116947 -34.9107)
(-0.000439454 -0.00105691 -26.7103)
(-0.0003709 -0.000833009 -20.6362)
(-0.000296259 -0.00063905 -16.5744)
(-0.000872319 -0.000225174 -329.803)
(-0.0011759 8.70749e-05 -325.841)
(-0.00111676 3.84959e-05 -320.315)
(-0.000980415 1.98785e-05 -312.638)
(-0.000854159 6.00437e-06 -302.954)
(-0.000728505 -2.89944e-06 -291.426)
(-0.000600447 -1.14755e-05 -278.224)
(-0.000461201 -1.68666e-05 -263.536)
(-0.000303362 -2.32501e-05 -247.557)
(-0.000115992 -2.89483e-05 -230.498)
(0.000103984 -3.5589e-05 -212.587)
(0.000356593 -4.59945e-05 -194.067)
(0.000627719 -6.41666e-05 -175.205)
(0.000894003 -8.41318e-05 -156.282)
(0.00112378 -0.000107583 -137.59)
(0.00129278 -0.000128132 -119.42)
(0.00138937 -0.000145609 -102.047)
(0.00142221 -0.000156217 -85.7207)
(0.00141023 -0.000163152 -70.659)
(0.00137524 -0.000165698 -57.0541)
(0.00132707 -0.000167444 -45.0815)
(0.00125779 -0.000162517 -34.9107)
(0.00113577 -0.000147438 -26.7103)
(0.000907266 -9.45098e-05 -20.6362)
(0.000701171 -6.16771e-05 -16.5744)
(-0.000801096 -0.000462512 -331.618)
(-0.000987154 -0.000569932 -327.653)
(-0.000947478 -0.000547026 -322.122)
(-0.000835405 -0.00048232 -314.424)
(-0.00073056 -0.000421788 -304.706)
(-0.000625202 -0.00036096 -293.127)
(-0.000517422 -0.000298733 -279.864)
(-0.000399478 -0.000230638 -265.1)
(-0.000265645 -0.00015337 -249.033)
(-0.000106454 -6.14609e-05 -231.876)
(8.06447e-05 4.65601e-05 -213.856)
(0.000294488 0.000170022 -195.22)
(0.000522483 0.000301655 -176.233)
(0.000745712 0.000430536 -157.181)
(0.000937008 0.000540981 -138.359)
(0.00107677 0.000621669 -120.062)
(0.00115534 0.000667035 -102.567)
(0.00118074 0.000681697 -86.1279)
(0.00116883 0.000674823 -70.9644)
(0.00113813 0.000657098 -57.2707)
(0.00109644 0.000633029 -45.2238)
(0.00103823 0.00059942 -34.9945)
(0.000937353 0.00054118 -26.7519)
(0.000754383 0.000435542 -20.6516)
(0.000585516 0.000338047 -16.5776)
)
;

boundaryField
{
    outletCentralUnloaded
    {
        type            zeroGradient;
    }
    inletCentralUnloaded
    {
        type            fixedValue;
        value           uniform (0 0 -15);
    }
    outletFuelElement
    {
        type            zeroGradient;
    }
    inletFuelElement
    {
        type            fixedValue;
        value           uniform (0 0 -15);
    }
    defaultFaces
    {
        type            slip;
    }
    baffle_master
    {
        type            slip;
    }
    baffle_slave
    {
        type            slip;
    }
}


// ************************************************************************* //
