/*--------------------------------*- C++ -*----------------------------------*\
| =========                 |                                                 |
| \\      /  F ield         | OpenFOAM: The Open Source CFD Toolbox           |
|  \\    /   O peration     | Version:  2212                                  |
|   \\  /    A nd           | Website:  www.openfoam.com                      |
|    \\/     M anipulation  |                                                 |
\*---------------------------------------------------------------------------*/
FoamFile
{
    version     2.0;
    format      ascii;
    arch        "LSB;label=32;scalar=64";
    class       volScalarField;
    location    "87/neutroRegion";
    object      TFuel;
}
// * * * * * * * * * * * * * * * * * * * * * * * * * * * * * * * * * * * * * //

dimensions      [0 0 0 1 0 0 0];

internalField   nonuniform List<scalar> 
350
(
0
0
0
0
0
0
0
0
0
0
0
0
0
0
0
0
0
0
0
0
0
0
0
0
0
0
0
0
0
0
0
0
0
0
0
0
0
0
0
0
0
0
0
0
0
0
0
0
0
0
2223.32
3010.35
3766.68
4480.76
5141.66
5739.21
6264.2
6708.54
7065.33
7329.04
7495.6
7562.4
7528.46
7394.35
7162.26
6835.89
6420.31
5921.64
5346.65
4702.18
3993.83
3225.09
2395.63
1504.37
564.385
2256.1
3052.33
3817.41
4539.69
5208.1
5812.35
6343.14
6792.27
7152.78
7419.09
7587.05
7654.07
7619.12
7482.81
7247.35
6916.5
6495.41
5990.33
5408.15
4755.85
4039.12
3261.46
2422.48
1520.89
569.932
2218.01
3003.6
3758.55
4471.34
5131.06
5727.56
6251.65
6695.24
7051.45
7314.77
7481.1
7547.89
7514.11
7380.36
7148.8
6823.15
6408.44
5910.79
5336.93
4693.7
3986.69
3219.37
2391.42
1501.79
563.51
2248.71
3042.8
3805.85
4526.23
5192.9
5795.59
6325.04
6773.05
7132.69
7398.39
7566.02
7632.98
7598.25
7462.44
7227.75
6897.93
6478.11
5974.51
5393.98
4743.48
4028.68
3253.08
2416.29
1517.08
568.654
2248.71
3042.8
3805.85
4526.23
5192.9
5795.59
6325.04
6773.05
7132.69
7398.39
7566.02
7632.98
7598.25
7462.44
7227.75
6897.93
6478.11
5974.51
5393.98
4743.48
4028.68
3253.08
2416.29
1517.08
568.654
2218.01
3003.6
3758.55
4471.34
5131.06
5727.56
6251.65
6695.24
7051.45
7314.77
7481.11
7547.89
7514.11
7380.36
7148.81
6823.15
6408.44
5910.79
5336.93
4693.71
3986.69
3219.37
2391.42
1501.79
563.51
2256.1
3052.33
3817.41
4539.69
5208.1
5812.35
6343.14
6792.27
7152.78
7419.09
7587.05
7654.07
7619.12
7482.81
7247.35
6916.5
6495.41
5990.33
5408.15
4755.85
4039.12
3261.47
2422.48
1520.89
569.932
2223.32
3010.35
3766.68
4480.76
5141.66
5739.21
6264.2
6708.53
7065.33
7329.04
7495.6
7562.4
7528.46
7394.35
7162.26
6835.89
6420.31
5921.64
5346.65
4702.18
3993.83
3225.09
2395.63
1504.37
564.385
2248.71
3042.8
3805.86
4526.23
5192.9
5795.59
6325.04
6773.05
7132.69
7398.39
7566.02
7632.98
7598.25
7462.44
7227.75
6897.93
6478.11
5974.51
5393.98
4743.48
4028.68
3253.08
2416.29
1517.08
568.654
2218.01
3003.6
3758.55
4471.34
5131.06
5727.56
6251.65
6695.24
7051.45
7314.77
7481.1
7547.89
7514.11
7380.35
7148.8
6823.15
6408.44
5910.78
5336.93
4693.7
3986.69
3219.37
2391.42
1501.79
563.51
2218.01
3003.6
3758.55
4471.34
5131.06
5727.56
6251.65
6695.24
7051.45
7314.77
7481.11
7547.89
7514.11
7380.36
7148.81
6823.15
6408.44
5910.79
5336.93
4693.71
3986.69
3219.37
2391.42
1501.79
563.51
2248.71
3042.8
3805.85
4526.23
5192.9
5795.59
6325.04
6773.05
7132.69
7398.39
7566.02
7632.98
7598.25
7462.44
7227.75
6897.93
6478.11
5974.51
5393.98
4743.48
4028.68
3253.08
2416.29
1517.08
568.654
)
;

boundaryField
{
    outletCentralUnloaded
    {
        type            zeroGradient;
    }
    inletCentralUnloaded
    {
        type            zeroGradient;
    }
    outletFuelElement
    {
        type            zeroGradient;
    }
    inletFuelElement
    {
        type            zeroGradient;
    }
    defaultFaces
    {
        type            zeroGradient;
    }
}


// ************************************************************************* //
