/*--------------------------------*- C++ -*----------------------------------*\
| =========                 |                                                 |
| \\      /  F ield         | OpenFOAM: The Open Source CFD Toolbox           |
|  \\    /   O peration     | Version:  2212                                  |
|   \\  /    A nd           | Website:  www.openfoam.com                      |
|    \\/     M anipulation  |                                                 |
\*---------------------------------------------------------------------------*/
FoamFile
{
    version     2.0;
    format      ascii;
    arch        "LSB;label=32;scalar=64";
    class       volScalarField;
    location    "22/neutroRegion";
    object      prec5;
}
// * * * * * * * * * * * * * * * * * * * * * * * * * * * * * * * * * * * * * //

dimensions      [0 -3 0 0 0 0 0];

internalField   nonuniform List<scalar> 
350
(
0
0
0
0
0
0
0
0
0
0
0
0
0
0
0
0
0
0
0
0
0
0
0
0
0
0
0
0
0
0
0
0
0
0
0
0
0
0
0
0
0
0
0
0
0
0
0
0
0
0
1.34875e+15
4.02498e+15
6.63772e+15
9.14579e+15
1.15096e+16
1.36919e+16
1.56583e+16
1.73777e+16
1.88231e+16
1.99716e+16
2.08052e+16
2.13107e+16
2.148e+16
2.13107e+16
2.08052e+16
1.99716e+16
1.88231e+16
1.73777e+16
1.56583e+16
1.36919e+16
1.15096e+16
9.14579e+15
6.63772e+15
4.02498e+15
1.34875e+15
1.36417e+15
4.07099e+15
6.71361e+15
9.25035e+15
1.16412e+16
1.38485e+16
1.58373e+16
1.75764e+16
1.90383e+16
2.02e+16
2.10431e+16
2.15543e+16
2.17256e+16
2.15543e+16
2.10431e+16
2.02e+16
1.90383e+16
1.75764e+16
1.58373e+16
1.38485e+16
1.16412e+16
9.25035e+15
6.71361e+15
4.07099e+15
1.36417e+15
1.34629e+15
4.01765e+15
6.62564e+15
9.12914e+15
1.14887e+16
1.3667e+16
1.56298e+16
1.73461e+16
1.87889e+16
1.99353e+16
2.07673e+16
2.12719e+16
2.14409e+16
2.12719e+16
2.07673e+16
1.99353e+16
1.87889e+16
1.73461e+16
1.56298e+16
1.3667e+16
1.14887e+16
9.12914e+15
6.62564e+15
4.01765e+15
1.34629e+15
1.36062e+15
4.0604e+15
6.69614e+15
9.22628e+15
1.16109e+16
1.38124e+16
1.57961e+16
1.75307e+16
1.89888e+16
2.01474e+16
2.09883e+16
2.14982e+16
2.16691e+16
2.14982e+16
2.09883e+16
2.01474e+16
1.89888e+16
1.75307e+16
1.57961e+16
1.38124e+16
1.16109e+16
9.22628e+15
6.69614e+15
4.0604e+15
1.36062e+15
1.36062e+15
4.0604e+15
6.69615e+15
9.22628e+15
1.16109e+16
1.38124e+16
1.57961e+16
1.75307e+16
1.89888e+16
2.01474e+16
2.09883e+16
2.14982e+16
2.16691e+16
2.14982e+16
2.09883e+16
2.01474e+16
1.89888e+16
1.75307e+16
1.57961e+16
1.38124e+16
1.16109e+16
9.22628e+15
6.69615e+15
4.0604e+15
1.36062e+15
1.34629e+15
4.01765e+15
6.62564e+15
9.12914e+15
1.14887e+16
1.3667e+16
1.56298e+16
1.73461e+16
1.87889e+16
1.99353e+16
2.07673e+16
2.12719e+16
2.14409e+16
2.12719e+16
2.07673e+16
1.99353e+16
1.87889e+16
1.73461e+16
1.56298e+16
1.3667e+16
1.14887e+16
9.12914e+15
6.62564e+15
4.01765e+15
1.34629e+15
1.36417e+15
4.07099e+15
6.71362e+15
9.25035e+15
1.16412e+16
1.38485e+16
1.58373e+16
1.75764e+16
1.90383e+16
2.02e+16
2.10431e+16
2.15543e+16
2.17256e+16
2.15543e+16
2.10431e+16
2.02e+16
1.90383e+16
1.75764e+16
1.58373e+16
1.38485e+16
1.16412e+16
9.25035e+15
6.71362e+15
4.07099e+15
1.36417e+15
1.34875e+15
4.02498e+15
6.63773e+15
9.14579e+15
1.15096e+16
1.36919e+16
1.56583e+16
1.73777e+16
1.88231e+16
1.99716e+16
2.08052e+16
2.13107e+16
2.148e+16
2.13107e+16
2.08052e+16
1.99716e+16
1.88231e+16
1.73777e+16
1.56583e+16
1.36919e+16
1.15096e+16
9.14579e+15
6.63773e+15
4.02498e+15
1.34875e+15
1.36062e+15
4.0604e+15
6.69615e+15
9.22628e+15
1.16109e+16
1.38124e+16
1.57961e+16
1.75307e+16
1.89888e+16
2.01474e+16
2.09883e+16
2.14982e+16
2.16691e+16
2.14982e+16
2.09883e+16
2.01474e+16
1.89888e+16
1.75307e+16
1.57961e+16
1.38124e+16
1.16109e+16
9.22628e+15
6.69615e+15
4.0604e+15
1.36062e+15
1.34629e+15
4.01765e+15
6.62564e+15
9.12914e+15
1.14887e+16
1.3667e+16
1.56298e+16
1.73461e+16
1.87889e+16
1.99353e+16
2.07673e+16
2.12719e+16
2.14409e+16
2.12719e+16
2.07673e+16
1.99353e+16
1.87889e+16
1.73461e+16
1.56298e+16
1.3667e+16
1.14887e+16
9.12914e+15
6.62564e+15
4.01765e+15
1.34629e+15
1.34629e+15
4.01765e+15
6.62564e+15
9.12914e+15
1.14887e+16
1.3667e+16
1.56298e+16
1.73461e+16
1.87889e+16
1.99353e+16
2.07673e+16
2.12719e+16
2.14409e+16
2.12719e+16
2.07673e+16
1.99353e+16
1.87889e+16
1.73461e+16
1.56298e+16
1.3667e+16
1.14887e+16
9.12914e+15
6.62564e+15
4.01765e+15
1.34629e+15
1.36062e+15
4.0604e+15
6.69615e+15
9.22628e+15
1.16109e+16
1.38124e+16
1.57961e+16
1.75307e+16
1.89888e+16
2.01474e+16
2.09883e+16
2.14982e+16
2.16691e+16
2.14982e+16
2.09883e+16
2.01474e+16
1.89888e+16
1.75307e+16
1.57961e+16
1.38124e+16
1.16109e+16
9.22628e+15
6.69615e+15
4.0604e+15
1.36062e+15
)
;

boundaryField
{
    outletCentralUnloaded
    {
        type            zeroGradient;
    }
    inletCentralUnloaded
    {
        type            zeroGradient;
    }
    outletFuelElement
    {
        type            zeroGradient;
    }
    inletFuelElement
    {
        type            zeroGradient;
    }
    defaultFaces
    {
        type            zeroGradient;
    }
}


// ************************************************************************* //
