/*--------------------------------*- C++ -*----------------------------------*\
| =========                 |                                                 |
| \\      /  F ield         | OpenFOAM: The Open Source CFD Toolbox           |
|  \\    /   O peration     | Version:  2212                                  |
|   \\  /    A nd           | Website:  www.openfoam.com                      |
|    \\/     M anipulation  |                                                 |
\*---------------------------------------------------------------------------*/
FoamFile
{
    version     2.0;
    format      ascii;
    arch        "LSB;label=32;scalar=64";
    class       surfaceScalarField;
    location    "86/fluidRegion";
    object      alphaPhi;
}
// * * * * * * * * * * * * * * * * * * * * * * * * * * * * * * * * * * * * * //

dimensions      [0 3 -1 0 0 0 0];

oriented        oriented;

internalField   nonuniform List<scalar> 
661
(
-0.000538912
4.50984e-14
-0.00053887
5.52398e-14
-0.000538829
5.77464e-14
-0.000538789
5.53241e-14
-0.000538751
4.80636e-14
-0.000538714
3.92103e-14
-0.000538678
3.05967e-14
-0.000538643
2.47605e-14
-0.000538609
1.99357e-14
-0.000538575
1.492e-14
-0.000538542
8.15472e-15
-0.000538509
-2.60706e-15
-0.000538477
-1.9281e-14
-0.000538444
-4.15728e-14
-0.00053841
-6.78916e-14
-0.000538374
-9.48459e-14
-0.000538335
-1.16756e-13
-0.000538291
-1.29263e-13
-0.000538243
-1.29642e-13
-0.000538192
-1.19025e-13
-0.000538137
-1.03136e-13
-0.00053808
-8.89354e-14
-0.000538022
-7.30067e-14
-0.000537962
2.58839e-14
2.95701e-13
-0.000538912
-0.00053887
-0.000538829
-0.000538789
-0.000538751
-0.000538714
-0.000538678
-0.000538643
-0.000538609
-0.000538575
-0.000538542
-0.000538509
-0.000538477
-0.000538444
-0.00053841
-0.000538374
-0.000538335
-0.000538291
-0.000538243
-0.000538192
-0.000538137
-0.00053808
-0.000538022
-0.000537962
-0.0202314
1.41419e-06
-0.0198031
6.71516e-07
-0.0192585
7.27547e-07
-0.0186064
6.54728e-07
-0.0178566
5.927e-07
-0.0170188
5.35244e-07
-0.0161034
4.82038e-07
-0.0151208
4.30466e-07
-0.0140817
3.74783e-07
-0.0129974
3.05545e-07
-0.0118796
2.10884e-07
-0.0107412
7.91586e-08
-0.00959654
-9.31515e-08
-0.0084612
-2.92078e-07
-0.00735211
-4.95125e-07
-0.00628642
-6.68102e-07
-0.00528036
-7.84277e-07
-0.00434807
-8.36516e-07
-0.00350115
-8.38628e-07
-0.0027493
-8.14964e-07
-0.00210125
-7.87642e-07
-0.00156637
-7.61991e-07
-0.00115537
-7.2706e-07
-0.00087935
-6.31518e-07
-6.01561e-07
-0.0203614
-4.04237e-08
-3.61101e-08
-0.0199322
-1.75749e-07
-1.75973e-07
-0.0193854
-1.66887e-07
-1.66701e-07
-0.0187303
-1.4453e-07
-1.44345e-07
-0.0179766
-1.25241e-07
-1.24996e-07
-0.0171343
-1.07426e-07
-1.07184e-07
-0.0162137
-9.1094e-08
-9.0892e-08
-0.0152251
-7.55951e-08
-7.5391e-08
-0.0141796
-5.93911e-08
-5.92193e-08
-0.0130881
-3.98302e-08
-3.97007e-08
-0.0119627
-1.32188e-08
-1.30935e-08
-0.0108163
2.39214e-08
2.40279e-08
-0.00966303
7.20465e-08
7.21157e-08
-0.0085189
1.323e-07
1.32271e-07
-0.00740096
1.94564e-07
1.94381e-07
-0.00632662
2.48967e-07
2.48609e-07
-0.00531236
2.86478e-07
2.85902e-07
-0.00437256
3.04059e-07
3.03252e-07
-0.00351897
3.05584e-07
3.045e-07
-0.00276142
2.98512e-07
2.97235e-07
-0.00210869
2.89591e-07
2.88187e-07
-0.00157023
2.79137e-07
2.77338e-07
-0.00115682
2.60359e-07
2.57808e-07
-0.000879545
2.06256e-07
2.03657e-07
1.57196e-07
1.56029e-07
-0.0202101
6.9291e-07
-0.0197822
6.53559e-07
-0.0192379
6.29083e-07
-0.0185864
5.59949e-07
-0.0178373
4.98068e-07
-0.0170003
4.41131e-07
-0.0160858
3.88344e-07
-0.0151042
3.367e-07
-0.0140662
2.79734e-07
-0.012983
2.0721e-07
-0.0118665
1.06343e-07
-0.0107294
-3.34487e-08
-0.00958608
-2.14918e-07
-0.00845213
-4.2459e-07
-0.00734442
-6.35637e-07
-0.00628009
-8.12005e-07
-0.00527529
-9.26443e-07
-0.00434416
-9.73066e-07
-0.00349825
-9.67891e-07
-0.00274727
-9.3688e-07
-0.00209992
-9.01644e-07
-0.00156557
-8.65779e-07
-0.00115493
-8.06501e-07
-0.000879132
-6.6887e-07
-5.45103e-07
-0.0203325
3.30167e-09
-0.0199033
-1.25715e-10
-0.019357
1.05763e-10
-0.0187025
6.84027e-11
-0.0179497
1.52185e-10
-0.0171083
2.0961e-10
-0.0161888
1.89539e-10
-0.0152016
2.28564e-10
-0.0141574
2.32815e-10
-0.0130676
1.89966e-10
-0.0119439
2.15422e-10
-0.0107992
2.43152e-10
-0.00964789
2.73616e-10
-0.00850575
2.51573e-10
-0.00738981
1.66718e-10
-0.00631744
2.37309e-11
-0.00530505
-1.10732e-10
-0.00436697
-1.90951e-10
-0.0035149
-3.28635e-10
-0.00275866
-4.51607e-10
-0.00210701
-5.32687e-10
-0.00156937
-7.34582e-10
-0.00115651
-1.08624e-09
-0.000879527
-9.21569e-10
-5.77785e-10
-0.0203325
-6.85923e-07
-0.0199034
-6.53988e-07
-0.019357
-6.28784e-07
-0.0187025
-5.59695e-07
-0.0179497
-4.97659e-07
-0.0171084
-4.40634e-07
-0.0161888
-3.87846e-07
-0.0152016
-3.36126e-07
-0.0141575
-2.79142e-07
-0.0130676
-2.06651e-07
-0.0119439
-1.0572e-07
-0.0107992
3.41628e-08
-0.00964791
2.15702e-07
-0.00850576
4.25359e-07
-0.00738982
6.36286e-07
-0.00631745
8.12449e-07
-0.00530506
9.267e-07
-0.00436697
9.73191e-07
-0.0035149
9.67773e-07
-0.00275866
9.3651e-07
-0.00210701
9.01034e-07
-0.00156937
8.64703e-07
-0.00115652
8.0455e-07
-0.000879528
6.67072e-07
5.43621e-07
-0.0202101
3.61683e-08
-0.0197822
1.7606e-07
-0.019238
1.66739e-07
-0.0185865
1.44353e-07
-0.0178373
1.25094e-07
-0.0170003
1.07293e-07
-0.0160858
9.09592e-08
-0.0151042
7.54897e-08
-0.0140662
5.92816e-08
-0.012983
3.96903e-08
-0.0118665
1.30767e-08
-0.0107294
-2.40388e-08
-0.00958609
-7.21171e-08
-0.00845214
-1.32341e-07
-0.00734443
-1.94593e-07
-0.00628009
-2.48985e-07
-0.0052753
-2.8645e-07
-0.00434416
-3.03935e-07
-0.00349825
-3.05417e-07
-0.00274727
-2.9832e-07
-0.00209992
-2.89312e-07
-0.00156557
-2.7895e-07
-0.00115493
-2.60483e-07
-0.00087913
-2.06591e-07
-1.55972e-07
-0.0203614
-1.4142e-06
-4.03939e-08
-0.0199322
-6.71538e-07
-1.75707e-07
-0.0193854
-7.27622e-07
-1.66807e-07
-0.0187303
-6.54823e-07
-1.44414e-07
-0.0179766
-5.9273e-07
-1.25151e-07
-0.0171343
-5.35245e-07
-1.07389e-07
-0.0162137
-4.82036e-07
-9.10929e-08
-0.0152251
-4.30431e-07
-7.56352e-08
-0.0141796
-3.74765e-07
-5.94624e-08
-0.0130881
-3.05559e-07
-3.99092e-08
-0.0119627
-2.1087e-07
-1.33274e-08
-0.0108163
-7.91009e-08
2.37506e-08
-0.00966303
9.32432e-08
7.18159e-08
-0.0085189
2.92162e-07
1.32009e-07
-0.00740096
4.95147e-07
1.94236e-07
-0.00632662
6.68042e-07
2.48647e-07
-0.00531236
7.84152e-07
2.86151e-07
-0.00437256
8.36342e-07
3.03715e-07
-0.00351897
8.38289e-07
3.05345e-07
-0.00276142
8.14333e-07
2.98584e-07
-0.00210869
7.86526e-07
2.9028e-07
-0.00157023
7.6013e-07
2.80216e-07
-0.00115682
7.23779e-07
2.61785e-07
-0.000879545
6.27914e-07
2.07272e-07
5.98442e-07
1.59981e-07
-0.0202314
-0.0198031
-0.0192585
-0.0186064
-0.0178566
-0.0170188
-0.0161034
-0.0151208
-0.0140817
-0.0129974
-0.0118796
-0.0107412
-0.00959654
-0.0084612
-0.00735211
-0.00628642
-0.00528036
-0.00434807
-0.00350115
-0.0027493
-0.00210125
-0.00156637
-0.00115537
-0.000879351
-0.0203325
-6.9288e-07
3.23239e-09
-0.0199033
-6.5352e-07
-2.30497e-10
-0.019357
-6.29106e-07
6.58699e-11
-0.0187025
-5.6e-07
9.57244e-11
-0.0179497
-4.98016e-07
5.61839e-11
-0.0171083
-4.41003e-07
2.72421e-11
-0.0161888
-3.88203e-07
3.26559e-11
-0.0152016
-3.36494e-07
-5.15972e-12
-0.0141574
-2.79499e-07
-1.94839e-11
-0.0130676
-2.0699e-07
-1.51904e-12
-0.0119439
-1.06093e-07
-4.00494e-11
-0.0107992
3.37749e-08
-1.07961e-10
-0.00964789
2.15338e-07
-2.12085e-10
-0.00850575
4.25072e-07
-3.254e-10
-0.00738981
6.3614e-07
-4.60321e-10
-0.00631744
8.12517e-07
-6.3389e-10
-0.00530505
9.2707e-07
-9.35612e-10
-0.00436697
9.73967e-07
-1.41271e-09
-0.0035149
9.69172e-07
-2.01368e-09
-0.00275866
9.38697e-07
-2.77968e-09
-0.00210701
9.04459e-07
-3.8003e-09
-0.00156937
8.69247e-07
-4.67988e-09
-0.00115651
8.10677e-07
-5.10055e-09
-0.000879527
6.72921e-07
-4.29002e-09
5.501e-07
-4.02571e-09
-0.0202101
-0.0197822
-0.0192379
-0.0185864
-0.0178373
-0.0170003
-0.0160858
-0.0151042
-0.0140662
-0.012983
-0.0118665
-0.0107294
-0.00958608
-0.00845213
-0.00734442
-0.00628009
-0.00527529
-0.00434416
-0.00349825
-0.00274727
-0.00209992
-0.00156557
-0.00115493
-0.000879134
-0.0202101
6.85988e-07
-0.0197822
6.5407e-07
-0.019238
6.2879e-07
-0.0185865
5.59667e-07
-0.0178373
4.97762e-07
-0.0170003
4.40795e-07
-0.0160858
3.87987e-07
-0.0151042
3.36332e-07
-0.0140662
2.79346e-07
-0.012983
2.06793e-07
-0.0118665
1.05883e-07
-0.0107294
-3.3961e-08
-0.00958609
-2.15421e-07
-0.00845214
-4.25078e-07
-0.00734443
-6.3608e-07
-0.00628009
-8.12355e-07
-0.0052753
-9.26657e-07
-0.00434416
-9.73112e-07
-0.00349825
-9.67742e-07
-0.00274727
-9.36501e-07
-0.00209992
-9.00988e-07
-0.00156557
-8.65428e-07
-0.00115493
-8.06985e-07
-0.00087913
-6.70702e-07
-5.45227e-07
-0.0203325
-0.0199034
-0.019357
-0.0187025
-0.0179497
-0.0171084
-0.0161888
-0.0152016
-0.0141575
-0.0130676
-0.0119439
-0.0107992
-0.0096479
-0.00850576
-0.00738982
-0.00631745
-0.00530506
-0.00436697
-0.0035149
-0.00275866
-0.00210701
-0.00156937
-0.00115652
-0.000879529
)
;

boundaryField
{
    outletCentralUnloaded
    {
        type            calculated;
        value           nonuniform List<scalar> 2(0.000538955 0.000538955);
    }
    inletCentralUnloaded
    {
        type            calculated;
        value           uniform -0.000540134;
    }
    outletFuelElement
    {
        type            calculated;
        value           nonuniform List<scalar> 
12
(
0.0205723
0.0207055
0.0205515
0.0206757
0.0206758
0.0205515
0.0207055
0.0205723
0.0206757
0.0205515
0.0205515
0.0206758
)
;
    }
    inletFuelElement
    {
        type            calculated;
        value           nonuniform List<scalar> 
12
(
-0.000722059
-0.00072206
-0.000722059
-0.000722059
-0.00072206
-0.000722059
-0.00072206
-0.000722059
-0.000722059
-0.000722059
-0.000722059
-0.00072206
)
;
    }
    defaultFaces
    {
        type            calculated;
        value           nonuniform List<scalar> 
450
(
8.84982e-24
-2.5013e-23
0
2.61788e-23
-3.71471e-24
0
3.10238e-23
6.27358e-24
0
-3.94289e-23
-2.19228e-23
0
-1.48019e-23
-2.94181e-23
0
-4.16309e-23
-1.64172e-23
0
-3.61288e-23
-1.98708e-23
0
-2.37547e-23
-9.72799e-24
0
-2.63724e-23
-9.24706e-24
0
-2.30176e-23
-9.8308e-24
0
-1.31223e-23
-9.06566e-24
0
-4.44586e-24
-1.513e-24
0
4.58646e-24
2.86847e-24
0
1.80188e-23
9.30884e-24
0
3.4569e-23
2.51661e-23
0
4.24413e-23
2.74401e-23
0
4.54968e-23
9.61037e-24
0
6.06708e-23
3.73147e-23
0
3.8875e-23
-3.29788e-23
0
-2.62577e-23
-2.34317e-23
0
-2.60173e-23
-2.82498e-23
0
1.39561e-23
-1.51655e-23
0
-1.31159e-23
1.06067e-23
0
-2.45457e-23
-3.10018e-24
0
-1.80244e-23
-1.95626e-23
0
3.20908e-23
0
1.60454e-23
0
8.0227e-24
0
1.60454e-23
0
-8.0227e-24
0
2.00567e-23
0
1.60454e-23
0
8.0227e-24
0
-2.00567e-24
0
6.01702e-24
0
4.01135e-24
0
-1.00284e-24
0
-1.00284e-23
0
-2.00567e-23
0
-1.60454e-23
0
-2.40681e-23
0
4.01135e-23
0
-4.81362e-23
0
1.60454e-23
0
-3.20908e-23
0
-2.40681e-23
0
4.81362e-23
0
-8.0227e-24
0
-3.20908e-23
0
-2.40681e-23
0
-1.60454e-23
0
-8.0227e-24
-1.60454e-23
1.60454e-23
-1.60454e-23
0
-4.01135e-24
8.0227e-24
0
0
1.00284e-24
0
8.0227e-24
0
0
-6.41816e-23
0
-1.60454e-23
0
1.60454e-23
-4.81362e-23
-1.60454e-23
0
8.0227e-24
0
0
0
0
0
0
0
0
0
0
0
0
0
0
0
0
0
0
0
0
0
0
0
0
0
-1.80511e-23
2.40681e-23
8.0227e-24
2.40681e-23
2.40681e-23
4.01135e-23
-1.2034e-23
-1.2034e-23
1.2034e-23
-1.2034e-23
-8.0227e-24
-1.2034e-23
-1.2034e-23
-1.2034e-23
-1.2034e-23
-8.0227e-24
1.80511e-23
-8.0227e-24
-6.01702e-24
-6.01702e-24
-3.00851e-24
-2.00567e-24
1.00284e-24
2.00567e-24
6.01702e-24
6.01702e-24
1.2034e-23
1.60454e-23
1.60454e-23
1.2034e-23
1.60454e-23
1.60454e-23
-2.40681e-23
4.81362e-23
4.81362e-23
1.60454e-23
-4.81362e-23
4.81362e-23
-4.81362e-23
-2.40681e-23
0
-4.01135e-23
-4.81362e-23
4.81362e-23
-2.40681e-23
-2.40681e-23
-8.0227e-24
-2.00567e-23
-1.60454e-23
-2.00567e-23
2.71847e-23
0
3.20908e-23
1.62983e-23
0
0
1.01265e-23
0
-6.41816e-23
-5.36999e-23
0
8.0227e-24
2.35781e-23
0
-8.0227e-24
-5.2583e-23
0
2.40681e-23
-5.30845e-23
0
1.60454e-23
-4.57267e-23
0
0
-2.58228e-23
0
-2.40681e-23
-2.72634e-23
0
8.0227e-24
-1.67171e-23
0
8.0227e-24
-6.84392e-24
0
1.00284e-24
6.28874e-24
-0
0
2.43232e-23
-0
-8.0227e-24
4.49077e-23
-0
-8.0227e-24
6.11564e-23
-0
-1.60454e-23
4.28246e-23
-0
-1.60454e-23
7.63143e-23
-0
0
3.14828e-23
-0
-3.20908e-23
-2.53725e-23
-0
1.60454e-23
-4.91967e-24
-0
0
4.24953e-23
-0
1.60454e-23
-1.92863e-23
-0
1.60454e-23
-1.23137e-23
-0
1.60454e-23
-1.50995e-23
-0
8.0227e-24
0
0
8.0227e-24
-8.0227e-24
8.0227e-24
0
-8.0227e-24
-4.01135e-24
0
-4.01135e-24
0
0
8.0227e-24
0
0
1.60454e-23
-3.20908e-23
3.20908e-23
-1.60454e-23
-1.60454e-23
1.60454e-23
-3.20908e-23
-3.20908e-23
0
8.0227e-24
2.80794e-23
0
1.60454e-23
0
0
0
1.60454e-23
0
-2.00567e-23
0
2.00567e-23
0
1.2034e-23
0
1.2034e-23
0
-4.01135e-24
0
6.01702e-24
0
5.01419e-24
0
-1.00284e-24
0
-6.01702e-24
-0
-1.2034e-23
-0
-1.60454e-23
-0
-4.01135e-23
-0
3.20908e-23
-0
-3.20908e-23
-0
4.81362e-23
-0
-4.81362e-23
-0
-2.40681e-23
-0
3.20908e-23
-0
8.0227e-24
-0
-2.40681e-23
-0
-1.60454e-23
-0
-2.20624e-23
8.0227e-24
-1.60454e-23
2.40681e-23
-1.60454e-23
1.60454e-23
-1.60454e-23
-4.41248e-23
0
1.2034e-23
-8.0227e-24
-3.20908e-23
-1.2034e-23
-2.80794e-23
-8.0227e-24
-2.40681e-23
0
-1.2034e-23
-4.01135e-24
-1.40397e-23
-3.00851e-24
-7.01986e-24
1.00284e-24
4.63812e-24
4.01135e-24
1.80511e-23
8.0227e-24
3.61021e-23
8.0227e-24
4.81362e-23
2.40681e-23
8.0227e-23
-8.0227e-24
4.81362e-23
1.60454e-23
8.82497e-23
0
5.61589e-23
0
-4.01135e-23
1.60454e-23
-3.20908e-23
0
4.01135e-23
2.40681e-23
-2.40681e-23
0
-2.40681e-23
0
-1.2034e-23
-0
-0
-0
-0
-0
-0
-0
-0
-0
-0
-0
0
0
0
0
0
0
0
0
0
0
0
0
0
0
)
;
    }
    baffle_master
    {
        type            calculated;
        value           nonuniform List<scalar> 
150
(
4.16161e-31
0
0
-2.3651e-31
0
0
6.82931e-31
0
-1.43084e-30
2.86351e-31
0
1.43084e-30
3.17842e-30
0
2.86167e-30
-2.29002e-31
0
-3.57709e-31
-1.25722e-31
0
1.78854e-31
-4.62302e-32
0
8.94272e-32
4.93954e-32
0
0
2.07125e-31
0
3.57709e-31
1.82018e-32
0
0
4.84279e-33
0
3.57709e-31
2.32047e-31
0
0
-6.79847e-32
0
-7.15418e-31
7.38075e-31
0
0
1.0514e-30
0
2.86167e-30
1.04176e-29
0
7.15418e-30
-8.97482e-31
0
0
7.86344e-30
0
5.72334e-30
-8.75594e-31
0
1.43084e-30
-1.43072e-30
0
1.43084e-30
-5.99082e-30
0
-4.29251e-30
3.47985e-31
0
0
8.68152e-31
0
-7.15418e-31
-5.35122e-31
0
0
-1.43084e-30
3.38334e-30
-0
0
2.9938e-30
-0
0
3.48921e-30
-0
-2.86167e-30
2.42593e-30
-0
0
-1.69069e-30
-0
-3.57709e-31
1.17193e-30
-0
-1.78854e-31
3.85626e-31
-0
0
-1.15508e-31
0
-3.57709e-31
-5.57639e-31
0
7.15418e-31
-4.80038e-31
0
0
-6.96002e-31
0
3.57709e-31
-7.36042e-31
0
7.15418e-31
-1.8202e-30
0
7.15418e-31
-2.37058e-30
0
0
-3.97255e-30
0
2.86167e-30
-3.28527e-30
0
-4.29251e-30
-4.79764e-30
0
2.86167e-30
-4.18167e-30
0
-2.86167e-30
-9.23932e-31
0
0
3.27277e-30
0
0
3.6729e-30
0
-4.29251e-30
6.54757e-30
0
-1.43084e-30
-3.51315e-30
0
0
-1.38934e-30
-0
-5.72334e-30
-2.84613e-30
-0
)
;
    }
    baffle_slave
    {
        type            calculated;
        value           nonuniform List<scalar> 
150
(
4.1367e-24
-0
-1.60454e-23
-3.67446e-24
-0
0
2.52276e-24
-0
0
-5.04553e-24
-0
0
-2.32455e-23
-0
-1.60454e-23
-3.43158e-24
-0
0
4.7008e-24
-0
0
8.11672e-24
-0
0
-2.82048e-25
-0
-8.0227e-24
6.26773e-25
-0
4.01135e-24
1.33189e-24
-0
2.00567e-24
1.25355e-25
0
-5.01419e-25
0
0
0
-5.95435e-25
0
0
-3.10253e-24
0
0
9.08821e-25
0
0
-5.14581e-23
0
-4.81362e-23
-4.26206e-24
0
0
-3.37204e-23
0
-4.81362e-23
-4.35607e-24
0
0
-5.54694e-24
0
0
2.96777e-23
0
3.20908e-23
-1.19087e-24
0
0
3.13387e-25
0
0
5.01419e-25
0
0
-9.3628e-24
5.2649e-23
0
-1.30505e-23
1.93673e-23
0
-8.88132e-24
1.89364e-23
0
-1.09483e-23
1.18382e-23
0
8.96534e-25
-2.51023e-23
0
-5.23272e-24
1.77338e-23
0
-9.67052e-24
1.43531e-23
0
-1.99426e-24
1.22338e-23
0
6.95012e-24
1.36637e-23
0
-2.00071e-24
8.46144e-24
0
-2.07837e-24
7.36459e-24
0
9.62951e-25
2.23288e-24
0
2.25294e-25
-9.63664e-25
0
7.37189e-24
-6.59679e-24
0
6.60264e-24
-1.39457e-23
0
1.69262e-23
-1.84585e-23
0
-4.6273e-23
-1.10939e-23
0
-1.90627e-23
-2.13103e-23
0
-1.93025e-23
2.85182e-24
0
-1.24693e-23
1.22221e-23
0
2.02649e-23
1.94613e-23
0
-3.26716e-23
1.98374e-23
0
-3.15042e-23
-1.72363e-23
0
3.93312e-24
4.32474e-24
0
5.45103e-24
1.00284e-23
0
)
;
    }
}


// ************************************************************************* //
