/*--------------------------------*- C++ -*----------------------------------*\
| =========                 |                                                 |
| \\      /  F ield         | OpenFOAM: The Open Source CFD Toolbox           |
|  \\    /   O peration     | Version:  2212                                  |
|   \\  /    A nd           | Website:  www.openfoam.com                      |
|    \\/     M anipulation  |                                                 |
\*---------------------------------------------------------------------------*/
FoamFile
{
    version     2.0;
    format      ascii;
    arch        "LSB;label=32;scalar=64";
    class       volScalarField;
    location    "86/fluidRegion";
    object      deltaT;
}
// * * * * * * * * * * * * * * * * * * * * * * * * * * * * * * * * * * * * * //

dimensions      [0 0 0 1 0 0 0];

internalField   nonuniform List<scalar> 
350
(
0
0
0
0
0
0
0
0
0
0
0
0
0
0
0
0
0
0
0
0
0
0
0
0
0
0
0
0
0
0
0
0
0
0
0
0
0
0
0
0
0
0
0
0
0
0
0
0
0
0
16.5242
49.4616
82.1358
114.497
146.484
178.042
209.116
239.659
269.616
298.924
327.481
355.121
381.578
406.453
429.208
449.183
465.596
477.478
483.418
481.039
466.038
430.788
363.157
249.689
91.1057
16.6591
49.8656
82.8028
115.422
147.663
179.468
210.786
241.568
271.766
301.319
330.135
358.054
384.814
410.014
433.103
453.397
470.093
482.206
488.321
486.06
471.091
435.692
367.5
252.749
92.186
16.5026
49.3977
82.03
114.35
146.297
177.815
208.851
239.354
269.273
298.541
327.056
354.652
381.06
405.884
428.589
448.515
464.887
476.736
482.654
480.263
465.267
430.053
362.519
249.246
90.9422
16.6277
49.7714
82.6474
115.207
147.388
179.136
210.398
241.125
271.267
300.764
329.521
357.376
384.067
409.192
432.204
452.424
469.055
481.114
487.188
484.9
469.923
434.557
366.493
252.038
91.936
16.6277
49.7714
82.6475
115.207
147.388
179.136
210.398
241.125
271.267
300.764
329.521
357.376
384.067
409.192
432.204
452.424
469.055
481.114
487.188
484.9
469.923
434.557
366.493
252.038
91.936
16.5026
49.3977
82.03
114.35
146.297
177.815
208.85
239.354
269.273
298.541
327.056
354.652
381.06
405.884
428.589
448.515
464.887
476.737
482.654
480.264
465.267
430.054
362.52
249.246
90.9423
16.6591
49.8656
82.8028
115.422
147.662
179.468
210.786
241.568
271.766
301.319
330.135
358.054
384.814
410.014
433.103
453.397
470.093
482.206
488.321
486.06
471.091
435.692
367.5
252.749
92.186
16.5242
49.4616
82.1358
114.497
146.484
178.042
209.116
239.659
269.616
298.924
327.481
355.121
381.578
406.452
429.208
449.183
465.596
477.478
483.418
481.039
466.038
430.788
363.157
249.689
91.1057
16.6277
49.7714
82.6475
115.207
147.388
179.136
210.398
241.125
271.267
300.764
329.521
357.376
384.067
409.192
432.204
452.424
469.055
481.114
487.188
484.9
469.923
434.557
366.493
252.038
91.936
16.5026
49.3977
82.03
114.35
146.297
177.815
208.851
239.354
269.273
298.541
327.056
354.652
381.06
405.884
428.589
448.515
464.887
476.736
482.654
480.263
465.267
430.053
362.519
249.246
90.9421
16.5026
49.3977
82.03
114.35
146.297
177.815
208.85
239.354
269.273
298.541
327.056
354.652
381.06
405.884
428.589
448.515
464.887
476.737
482.654
480.264
465.267
430.054
362.52
249.246
90.9423
16.6277
49.7714
82.6475
115.207
147.388
179.136
210.398
241.125
271.267
300.764
329.521
357.376
384.067
409.192
432.204
452.424
469.055
481.114
487.188
484.9
469.923
434.557
366.494
252.038
91.9359
)
;

boundaryField
{
    outletCentralUnloaded
    {
        type            calculated;
        value           uniform 0;
    }
    inletCentralUnloaded
    {
        type            calculated;
        value           uniform 0;
    }
    outletFuelElement
    {
        type            calculated;
        value           uniform 0;
    }
    inletFuelElement
    {
        type            calculated;
        value           uniform 616.7;
    }
    defaultFaces
    {
        type            calculated;
        value           nonuniform List<scalar> 
450
(
0
0
0
0
0
0
0
0
0
0
0
0
0
0
0
0
0
0
0
0
0
0
0
0
0
0
0
0
0
0
0
0
0
0
0
0
0
0
0
0
0
0
0
0
0
0
0
0
92.6322
92.6322
92.6322
192.573
192.573
192.573
285.022
285.022
285.022
368.542
368.542
368.542
441.873
441.873
441.873
503.832
503.832
503.832
553.194
553.194
553.194
588.791
588.791
588.791
609.915
609.915
609.915
0
0
0
0
0
0
0
0
0
0
0
0
0
0
0
0
0
0
0
0
0
0
0
0
0
0
0
0
0
0
0
0
94.0404
94.0404
193.682
193.682
285.861
285.861
369.144
369.144
442.278
442.278
504.079
504.079
553.324
553.324
588.844
588.844
609.928
609.928
0
0
0
0
0
0
0
0
0
0
0
0
0
0
0
0
85.4435
186.876
280.684
365.397
439.74
502.518
552.5
588.511
609.856
0
0
0
0
0
0
0
0
0
0
0
0
0
0
0
0
85.4435
186.876
280.684
365.397
439.74
502.518
552.5
588.511
609.856
0
0
0
0
0
0
0
0
0
0
0
0
0
0
0
0
0
0
0
0
0
0
0
0
0
0
0
0
0
0
0
0
94.0395
94.0395
193.681
193.681
285.86
285.86
369.144
369.144
442.277
442.277
504.079
504.079
553.324
553.324
588.844
588.844
609.928
609.928
0
0
0
0
0
0
0
0
0
0
0
0
0
0
0
0
0
0
0
0
0
0
0
0
0
0
0
0
0
0
0
0
0
0
0
0
0
0
0
0
0
0
0
0
0
0
0
0
92.6323
92.6323
92.6323
192.573
192.573
192.573
285.023
285.023
285.023
368.542
368.542
368.542
441.873
441.873
441.873
503.832
503.832
503.832
553.194
553.194
553.194
588.791
588.791
588.791
609.915
609.915
609.915
0
0
0
0
0
0
0
0
0
0
0
0
0
0
0
0
85.4434
186.876
280.684
365.397
439.74
502.518
552.5
588.511
609.856
0
0
0
0
0
0
0
0
0
0
0
0
0
0
0
0
0
0
0
0
0
0
0
0
0
0
0
0
0
0
0
0
94.0402
94.0402
193.682
193.682
285.861
285.861
369.144
369.144
442.278
442.278
504.079
504.079
553.324
553.324
588.844
588.844
609.928
609.928
0
0
0
0
0
0
0
0
0
0
0
0
0
0
0
0
0
0
0
0
0
0
0
0
0
0
0
0
0
0
0
0
94.0396
94.0396
193.681
193.681
285.86
285.86
369.144
369.144
442.277
442.277
504.079
504.079
553.324
553.324
588.844
588.844
609.928
609.928
0
0
0
0
0
0
0
0
0
0
0
0
0
0
0
0
85.4435
186.876
280.684
365.397
439.74
502.518
552.5
588.511
609.856
)
;
    }
    baffle_master
    {
        type            calculated;
        value           uniform 0;
    }
    baffle_slave
    {
        type            calculated;
        value           nonuniform List<scalar> 
150
(
0
0
0
0
0
0
0
0
0
0
0
0
0
0
0
0
0
0
0
0
0
0
0
0
0
0
0
0
0
0
0
0
0
0
0
0
0
0
0
0
0
0
0
0
0
0
0
0
83.2827
85.4435
85.4435
185.162
186.876
186.876
279.377
280.684
280.684
364.449
365.397
365.397
439.096
439.74
439.74
502.121
502.518
502.518
552.291
552.5
552.5
588.427
588.511
588.511
609.838
609.856
609.856
0
0
0
0
0
0
0
0
0
0
0
0
0
0
0
0
0
0
0
0
0
0
0
0
0
0
0
0
0
0
0
0
0
0
0
0
0
0
0
0
0
0
0
0
0
0
0
0
85.4435
83.2827
85.4434
186.876
185.162
186.876
280.684
279.377
280.684
365.397
364.449
365.397
439.74
439.096
439.74
502.518
502.121
502.518
552.5
552.291
552.5
588.511
588.427
588.511
609.856
609.838
609.856
)
;
    }
}


// ************************************************************************* //
