/*--------------------------------*- C++ -*----------------------------------*\
| =========                 |                                                 |
| \\      /  F ield         | OpenFOAM: The Open Source CFD Toolbox           |
|  \\    /   O peration     | Version:  2212                                  |
|   \\  /    A nd           | Website:  www.openfoam.com                      |
|    \\/     M anipulation  |                                                 |
\*---------------------------------------------------------------------------*/
FoamFile
{
    version     2.0;
    format      ascii;
    arch        "LSB;label=32;scalar=64";
    class       volScalarField;
    location    "86/fluidRegion";
    object      k;
}
// * * * * * * * * * * * * * * * * * * * * * * * * * * * * * * * * * * * * * //

dimensions      [0 2 -2 0 0 0 0];

internalField   nonuniform List<scalar> 
350
(
0.421086
0.421018
0.420953
0.420889
0.420824
0.420757
0.420689
0.420619
0.42055
0.420482
0.420415
0.420352
0.420291
0.420236
0.42019
0.420156
0.420142
0.420159
0.420223
0.420358
0.420603
0.421014
0.42168
0.422734
0.424378
0.421086
0.421018
0.420953
0.420889
0.420824
0.420757
0.420689
0.420619
0.42055
0.420482
0.420415
0.420352
0.420291
0.420236
0.42019
0.420156
0.420142
0.420159
0.420223
0.420358
0.420603
0.421014
0.42168
0.422734
0.424378
406.912
384.306
358.598
330.299
300.194
269.061
237.647
206.653
176.717
148.402
122.184
98.4434
77.454
59.3715
44.2277
31.9297
22.2725
14.9624
9.65018
5.96618
3.55024
2.07282
1.25017
0.853304
0.713258
412.637
389.765
363.753
335.099
304.602
273.049
241.201
209.767
179.397
150.661
124.045
99.938
78.6188
60.2492
44.8641
32.3717
22.5646
15.1447
9.75643
6.02302
3.57744
2.08402
1.25394
0.854332
0.713645
405.965
383.401
357.747
329.51
299.472
268.41
237.069
206.149
176.285
148.038
121.885
98.2045
77.2683
59.2319
44.1265
31.8595
22.226
14.9332
9.63297
5.95676
3.54552
2.07068
1.24929
0.852962
0.713125
411.38
388.564
362.616
334.037
303.625
272.163
240.409
209.072
178.797
150.154
123.627
99.6011
78.3556
60.0505
44.7197
32.2712
22.4982
15.1032
9.73222
6.01007
3.57125
2.08149
1.2531
0.854118
0.713569
411.38
388.564
362.616
334.037
303.625
272.163
240.409
209.072
178.797
150.154
123.627
99.6011
78.3556
60.0505
44.7197
32.2712
22.4982
15.1032
9.73222
6.01007
3.57125
2.08149
1.2531
0.854118
0.713569
405.965
383.401
357.748
329.51
299.472
268.41
237.069
206.149
176.285
148.038
121.885
98.2046
77.2684
59.232
44.1266
31.8595
22.226
14.9332
9.63298
5.95676
3.54552
2.07068
1.24929
0.852961
0.713124
412.637
389.765
363.753
335.099
304.602
273.049
241.201
209.767
179.397
150.661
124.045
99.9379
78.6188
60.2492
44.8641
32.3717
22.5646
15.1447
9.75643
6.02302
3.57744
2.08402
1.25394
0.854332
0.713645
406.912
384.306
358.598
330.299
300.194
269.061
237.647
206.653
176.717
148.402
122.184
98.4434
77.454
59.3715
44.2277
31.9297
22.2725
14.9624
9.65019
5.96618
3.55024
2.07283
1.25017
0.853306
0.713259
411.38
388.564
362.616
334.038
303.625
272.163
240.409
209.072
178.797
150.154
123.627
99.6011
78.3557
60.0505
44.7197
32.2712
22.4982
15.1032
9.73222
6.01007
3.57125
2.08149
1.2531
0.854119
0.71357
405.965
383.401
357.747
329.51
299.472
268.41
237.069
206.149
176.285
148.038
121.885
98.2045
77.2683
59.2319
44.1265
31.8595
22.226
14.9332
9.63296
5.95675
3.54551
2.07067
1.24928
0.85296
0.713124
405.965
383.401
357.748
329.51
299.472
268.41
237.069
206.149
176.285
148.038
121.885
98.2047
77.2684
59.232
44.1266
31.8596
22.2261
14.9332
9.63299
5.95677
3.54552
2.07068
1.24929
0.85296
0.713124
411.38
388.564
362.616
334.038
303.625
272.163
240.409
209.072
178.797
150.154
123.627
99.6011
78.3557
60.0505
44.7197
32.2712
22.4982
15.1032
9.73223
6.01007
3.57126
2.0815
1.25311
0.854121
0.713571
)
;

boundaryField
{
    outletCentralUnloaded
    {
        type            zeroGradient;
    }
    inletCentralUnloaded
    {
        type            zeroGradient;
    }
    outletFuelElement
    {
        type            zeroGradient;
    }
    inletFuelElement
    {
        type            zeroGradient;
    }
    defaultFaces
    {
        type            zeroGradient;
    }
    baffle_master
    {
        type            zeroGradient;
    }
    baffle_slave
    {
        type            zeroGradient;
    }
}


// ************************************************************************* //
