/*--------------------------------*- C++ -*----------------------------------*\
| =========                 |                                                 |
| \\      /  F ield         | OpenFOAM: The Open Source CFD Toolbox           |
|  \\    /   O peration     | Version:  2212                                  |
|   \\  /    A nd           | Website:  www.openfoam.com                      |
|    \\/     M anipulation  |                                                 |
\*---------------------------------------------------------------------------*/
FoamFile
{
    version     2.0;
    format      ascii;
    arch        "LSB;label=32;scalar=64";
    class       volVectorField;
    location    "86/fluidRegion";
    object      U;
}
// * * * * * * * * * * * * * * * * * * * * * * * * * * * * * * * * * * * * * //

dimensions      [0 1 -1 0 0 0 0];

internalField   nonuniform List<vector> 
350
(
(-2.06547e-10 -1.19249e-10 -14.9664)
(-2.1224e-10 -1.22537e-10 -14.9653)
(-1.66784e-10 -9.62926e-11 -14.9642)
(-1.15573e-10 -6.67261e-11 -14.9632)
(-5.21202e-11 -3.00915e-11 -14.9622)
(2.41097e-11 1.39197e-11 -14.9612)
(9.83134e-11 5.67611e-11 -14.9603)
(1.54215e-10 8.90355e-11 -14.9594)
(1.86309e-10 1.07565e-10 -14.9584)
(1.96833e-10 1.13641e-10 -14.9575)
(1.90011e-10 1.09703e-10 -14.9565)
(1.7538e-10 1.01256e-10 -14.9556)
(1.58823e-10 9.16965e-11 -14.9546)
(1.38136e-10 7.97525e-11 -14.9536)
(1.12412e-10 6.49007e-11 -14.9526)
(7.5023e-11 4.33144e-11 -14.9515)
(1.91724e-11 1.10692e-11 -14.9503)
(-5.16177e-11 -2.98014e-11 -14.949)
(-1.30221e-10 -7.51831e-11 -14.9477)
(-1.96469e-10 -1.13431e-10 -14.9462)
(-2.33789e-10 -1.34978e-10 -14.9447)
(-2.39379e-10 -1.38205e-10 -14.9432)
(-1.98016e-10 -1.14324e-10 -14.9417)
(-3.79744e-11 -2.19244e-11 -14.9402)
(2.2381e-10 1.29216e-10 -14.9697)
(-2.06547e-10 -1.19249e-10 -14.9664)
(-2.1224e-10 -1.22537e-10 -14.9653)
(-1.66784e-10 -9.62926e-11 -14.9642)
(-1.15573e-10 -6.67261e-11 -14.9632)
(-5.21202e-11 -3.00915e-11 -14.9622)
(2.41097e-11 1.39197e-11 -14.9612)
(9.83134e-11 5.67611e-11 -14.9603)
(1.54215e-10 8.90355e-11 -14.9594)
(1.86309e-10 1.07565e-10 -14.9584)
(1.96833e-10 1.13641e-10 -14.9575)
(1.90011e-10 1.09703e-10 -14.9565)
(1.7538e-10 1.01256e-10 -14.9556)
(1.58823e-10 9.16965e-11 -14.9546)
(1.38136e-10 7.97525e-11 -14.9536)
(1.12412e-10 6.49007e-11 -14.9526)
(7.5023e-11 4.33144e-11 -14.9515)
(1.91724e-11 1.10692e-11 -14.9503)
(-5.16177e-11 -2.98014e-11 -14.949)
(-1.30221e-10 -7.51831e-11 -14.9477)
(-1.96469e-10 -1.13431e-10 -14.9462)
(-2.33789e-10 -1.34978e-10 -14.9447)
(-2.39379e-10 -1.38205e-10 -14.9432)
(-1.98016e-10 -1.14324e-10 -14.9417)
(-3.79744e-11 -2.19245e-11 -14.9402)
(2.2381e-10 1.29216e-10 -14.9697)
(-0.00197635 -0.00114104 -423.826)
(-0.000938476 -0.000541829 -415.837)
(-0.00101678 -0.000587039 -405.731)
(-0.000915024 -0.000528289 -393.301)
(-0.000828343 -0.000478244 -378.74)
(-0.000748052 -0.000431888 -362.249)
(-0.000673698 -0.000388959 -344.039)
(-0.000601625 -0.000347348 -324.325)
(-0.000523804 -0.000302418 -303.326)
(-0.000427036 -0.000246549 -281.27)
(-0.000294733 -0.000170164 -258.396)
(-0.000110626 -6.38698e-05 -234.962)
(0.000130209 7.51759e-05 -211.248)
(0.000408254 0.000235705 -187.565)
(0.000692072 0.000399568 -164.252)
(0.00093389 0.000539181 -141.663)
(0.00109634 0.000632972 -120.144)
(0.00116945 0.000675184 -100.01)
(0.00117246 0.000676921 -81.5295)
(0.00113958 0.000657938 -64.9231)
(0.00110147 0.000635935 -50.3825)
(0.00106562 0.000615238 -38.0955)
(0.00101656 0.000586911 -28.2707)
(0.000882919 0.000509753 -21.1346)
(0.000840828 0.000485452 -16.6338)
(-0.00191579 -0.00112249 -426.56)
(-0.000693039 -0.000399456 -418.527)
(-0.000783375 -0.000453106 -408.389)
(-0.000712902 -0.000412336 -395.905)
(-0.000653176 -0.000377965 -381.273)
(-0.000597858 -0.000345857 -364.696)
(-0.000546463 -0.000315816 -346.384)
(-0.000496173 -0.000286506 -326.553)
(-0.000441181 -0.000254276 -305.425)
(-0.000371976 -0.000213721 -283.228)
(-0.000277092 -0.00015838 -260.202)
(-0.000145155 -8.1525e-05 -236.604)
(2.80663e-05 1.94322e-05 -212.717)
(0.000221445 0.000132402 -188.855)
(0.000417673 0.000247416 -165.359)
(0.000582791 0.000344793 -142.588)
(0.000692028 0.000410331 -120.893)
(0.00073969 0.000440649 -100.597)
(0.000739567 0.000443839 -81.9689)
(0.000715533 0.000433153 -65.2341)
(0.000688734 0.000421124 -50.5856)
(0.000666404 0.000411805 -38.2128)
(0.000642384 0.000402149 -28.3258)
(0.00058499 0.000366828 -21.1517)
(0.000615776 0.000370199 -16.6358)
(-0.000874238 -0.000656957 -423.389)
(-0.00050408 -0.000952756 -415.398)
(-0.000490549 -0.000911538 -405.3)
(-0.000446053 -0.000801611 -392.88)
(-0.000404557 -0.000704954 -378.332)
(-0.000366551 -0.000615839 -361.857)
(-0.000330905 -0.000533647 -343.664)
(-0.000294931 -0.000454373 -323.969)
(-0.000253179 -0.000369077 -302.992)
(-0.000197518 -0.000263079 -280.959)
(-0.000118682 -0.000117118 -258.111)
(-9.98456e-06 8.57469e-05 -234.703)
(0.000131354 0.000348887 -211.016)
(0.000283852 0.000664166 -187.362)
(0.000433582 0.000985459 -164.078)
(0.000553155 0.00125978 -141.517)
(0.000625526 0.00144329 -120.025)
(0.000649558 0.00152388 -99.9169)
(0.000638581 0.0015238 -81.4588)
(0.000611606 0.00148227 -64.872)
(0.000582878 0.00143291 -50.3475)
(0.000557032 0.00137918 -38.0733)
(0.000517809 0.00128626 -28.2577)
(0.000452021 0.00104429 -21.1277)
(0.000395019 0.000824635 -16.6315)
(-0.000973073 -0.000561802 -425.951)
(-0.000913316 -0.000527301 -417.928)
(-0.000879449 -0.000507749 -407.795)
(-0.000782798 -0.000451947 -395.322)
(-0.00069645 -0.000402094 -380.705)
(-0.000616971 -0.000356207 -364.146)
(-0.000543178 -0.000313603 -345.856)
(-0.000471058 -0.000271965 -326.051)
(-0.000391441 -0.000225998 -304.951)
(-0.000290002 -0.000167432 -282.785)
(-0.000149026 -8.60399e-05 -259.793)
(4.63582e-05 2.67648e-05 -236.231)
(0.000300029 0.000173221 -212.383)
(0.000593223 0.000342497 -188.561)
(0.000888474 0.000512959 -165.107)
(0.0011354 0.000655519 -142.377)
(0.00129581 0.000748135 -120.722)
(0.00136143 0.000786021 -100.463)
(0.00135474 0.000782158 -81.8687)
(0.00131209 0.000757533 -65.1632)
(0.00126337 0.000729406 -50.5395)
(0.00121387 0.000700828 -38.1864)
(0.00113164 0.000653353 -28.3136)
(0.000939216 0.000542255 -21.1483)
(0.000765858 0.000442167 -16.6356)
(0.000953813 0.000550683 -425.951)
(0.000913943 0.000527664 -417.928)
(0.000878384 0.000507134 -407.795)
(0.000781878 0.000451416 -395.322)
(0.000695064 0.000401295 -380.705)
(0.000615297 0.000355241 -364.146)
(0.000541569 0.000312674 -345.856)
(0.000469261 0.000270927 -326.051)
(0.000389662 0.000224971 -304.951)
(0.000288471 0.000166548 -282.785)
(0.000147464 8.51382e-05 -259.793)
(-4.79608e-05 -2.76901e-05 -236.231)
(-0.000301573 -0.000174113 -212.383)
(-0.000594372 -0.00034316 -188.561)
(-0.000888819 -0.000513159 -165.107)
(-0.00113455 -0.000655034 -142.377)
(-0.00129374 -0.000746937 -120.722)
(-0.00135825 -0.000784186 -100.463)
(-0.00135007 -0.000779461 -81.8687)
(-0.00130592 -0.00075397 -65.1632)
(-0.00125584 -0.000725059 -50.5395)
(-0.00120457 -0.00069546 -38.1864)
(-0.00111968 -0.000646449 -28.3136)
(-0.000928407 -0.000536015 -21.1483)
(-0.000757234 -0.000437188 -16.6356)
(0.000992223 0.000436518 -423.39)
(0.00107792 -4.07758e-05 -415.399)
(0.00103401 -3.10407e-05 -405.301)
(0.000916599 -1.4544e-05 -392.881)
(0.00081196 -2.43749e-06 -378.332)
(0.000715687 9.00786e-06 -361.857)
(0.000626704 1.91512e-05 -343.664)
(0.000540023 2.73716e-05 -323.969)
(0.000445305 3.37361e-05 -302.992)
(0.000325771 3.8504e-05 -280.959)
(0.000159962 4.2985e-05 -258.111)
(-7.00575e-05 4.99278e-05 -234.703)
(-0.000368483 5.86058e-05 -211.017)
(-0.000717501 8.37721e-05 -187.362)
(-0.00107016 0.000114428 -164.078)
(-0.00136689 0.000147739 -141.517)
(-0.00156129 0.000176323 -120.025)
(-0.00164235 0.000195078 -99.917)
(-0.00163587 0.000204051 -81.4588)
(-0.00158547 0.00020636 -64.872)
(-0.00152735 0.000206274 -50.3475)
(-0.00146692 0.000202716 -38.0732)
(-0.00136563 0.000193003 -28.2577)
(-0.001124 0.000130876 -21.1277)
(-0.000904937 6.71733e-05 -16.6315)
(0.00191599 0.00112191 -426.56)
(0.000693286 0.000398705 -418.527)
(0.0007837 0.000452493 -408.389)
(0.000713248 0.000411805 -395.905)
(0.000653373 0.000377254 -381.273)
(0.000597795 0.000345353 -364.696)
(0.000546139 0.000315734 -346.384)
(0.00049557 0.000286656 -326.553)
(0.000440301 0.00025496 -305.425)
(0.000370834 0.000215072 -283.228)
(0.0002756 0.000160256 -260.202)
(0.000143196 8.4022e-05 -236.604)
(-3.04616e-05 -1.62496e-05 -212.717)
(-0.000224287 -0.000128164 -188.855)
(-0.000420853 -0.000241819 -165.359)
(-0.000586099 -0.000337745 -142.588)
(-0.000695338 -0.000401757 -120.893)
(-0.000742653 -0.000430639 -100.597)
(-0.000741258 -0.000432406 -81.969)
(-0.000714375 -0.000420957 -65.2341)
(-0.000682814 -0.00040875 -50.5856)
(-0.000654662 -0.000398016 -38.2128)
(-0.000623034 -0.00038429 -28.3258)
(-0.000561167 -0.00034943 -21.1517)
(-0.000580205 -0.00037481 -16.6358)
(0.00197631 0.00114102 -423.826)
(0.000938435 0.000541805 -415.837)
(0.00101681 0.000587054 -405.731)
(0.000915067 0.000528314 -393.301)
(0.000828287 0.000478211 -378.74)
(0.000747947 0.000431827 -362.249)
(0.000673585 0.000388894 -344.039)
(0.000601463 0.000347254 -324.325)
(0.000523668 0.00030234 -303.326)
(0.000426952 0.000246501 -281.27)
(0.000294628 0.000170103 -258.396)
(0.000110487 6.37894e-05 -234.962)
(-0.000130347 -7.52556e-05 -211.248)
(-0.000408308 -0.000235736 -187.565)
(-0.000691925 -0.000399483 -164.252)
(-0.000933441 -0.000538922 -141.663)
(-0.00109553 -0.000632504 -120.144)
(-0.00116814 -0.000674428 -100.01)
(-0.00117028 -0.000675662 -81.5295)
(-0.00113598 -0.000655855 -64.9231)
(-0.00109565 -0.000632573 -50.3825)
(-0.00105664 -0.000610052 -38.0955)
(-0.00100251 -0.000578798 -28.2707)
(-0.000866336 -0.000500179 -21.1346)
(-0.000823689 -0.000475557 -16.6338)
(0.000972687 0.00056158 -425.951)
(0.000912798 0.000527003 -417.928)
(0.000879051 0.000507519 -407.795)
(0.000782468 0.000451757 -395.322)
(0.000695729 0.000401678 -380.705)
(0.000615939 0.000355611 -364.146)
(0.000542067 0.000312962 -345.856)
(0.000469636 0.000271143 -326.051)
(0.000389823 0.000225064 -304.951)
(0.000288338 0.000166471 -282.785)
(0.000147048 8.48982e-05 -259.793)
(-4.87613e-05 -2.81523e-05 -236.231)
(-0.00030303 -0.000174954 -212.383)
(-0.000596775 -0.000344547 -188.561)
(-0.000892572 -0.000515325 -165.107)
(-0.00114017 -0.000658278 -142.377)
(-0.00130191 -0.000751657 -120.722)
(-0.00136986 -0.000790885 -100.463)
(-0.00136647 -0.000788927 -81.8687)
(-0.00132853 -0.000767026 -65.1632)
(-0.00128686 -0.00074297 -50.5395)
(-0.00124455 -0.000718539 -38.1864)
(-0.00116921 -0.000675044 -28.3136)
(-0.000979105 -0.000565285 -21.1483)
(-0.000804638 -0.000464556 -16.6356)
(0.000874178 0.00065676 -423.389)
(0.000503981 0.000952522 -415.398)
(0.000490562 0.000911274 -405.3)
(0.000446103 0.000801311 -392.881)
(0.000404294 0.000704671 -378.332)
(0.000365925 0.000615676 -361.857)
(0.000330013 0.00053363 -343.664)
(0.000293655 0.000454491 -323.969)
(0.000251562 0.000369352 -302.992)
(0.00019564 0.000263504 -280.959)
(0.000116411 0.000117718 -258.111)
(7.12735e-06 -8.49124e-05 -234.703)
(-0.000134833 -0.000347858 -211.016)
(-0.000287937 -0.000662933 -187.362)
(-0.000438177 -0.000984106 -164.078)
(-0.00055815 -0.00125852 -141.517)
(-0.000631101 -0.0014424 -120.025)
(-0.000655913 -0.00152385 -99.9169)
(-0.000645543 -0.00152566 -81.4589)
(-0.000618814 -0.00148751 -64.872)
(-0.00059056 -0.00144358 -50.3475)
(-0.000564931 -0.00139585 -38.0733)
(-0.000526067 -0.00130975 -28.2577)
(-0.000460608 -0.00107119 -21.1277)
(-0.000397382 -0.000858895 -16.6315)
(-0.00099238 -0.000437145 -423.39)
(-0.0010781 3.99553e-05 -415.398)
(-0.00103415 3.04277e-05 -405.301)
(-0.000916747 1.40561e-05 -392.881)
(-0.000812237 1.58449e-06 -378.332)
(-0.000716067 -9.89384e-06 -361.857)
(-0.000627131 -1.97899e-05 -343.664)
(-0.000540555 -2.80361e-05 -323.969)
(-0.000445917 -3.41056e-05 -302.992)
(-0.000326422 -3.8379e-05 -280.959)
(-0.000160715 -4.25938e-05 -258.111)
(6.91996e-05 -4.92792e-05 -234.703)
(0.000367415 -5.7695e-05 -211.016)
(0.000716254 -8.22048e-05 -187.362)
(0.00106875 -0.000111818 -164.078)
(0.00136532 -0.000143834 -141.517)
(0.00155945 -0.000171011 -120.025)
(0.00164017 -0.000188312 -99.917)
(0.00163343 -0.00019521 -81.4588)
(0.00158302 -0.000195161 -64.872)
(0.00152528 -0.000192283 -50.3475)
(0.00146657 -0.000183804 -38.0732)
(0.00136856 -0.000165894 -28.2577)
(0.00113068 -0.000101438 -21.1277)
(0.000914439 -5.3939e-05 -16.6315)
(-0.000954327 -0.00055098 -425.951)
(-0.00091461 -0.000528049 -417.928)
(-0.000878904 -0.000507434 -407.795)
(-0.000782301 -0.000451661 -395.322)
(-0.000695889 -0.000401771 -380.705)
(-0.000616369 -0.00035586 -364.146)
(-0.00054262 -0.000313281 -345.856)
(-0.000470557 -0.000271675 -326.051)
(-0.000391027 -0.000225759 -304.951)
(-0.000289719 -0.000167269 -282.785)
(-0.000148902 -8.59682e-05 -259.793)
(4.63033e-05 2.67331e-05 -236.231)
(0.000299481 0.000172905 -212.383)
(0.000592003 0.000341792 -188.561)
(0.000886273 0.000511689 -165.107)
(0.00113183 0.000653459 -142.377)
(0.00129041 0.000745014 -120.722)
(0.0013537 0.000781559 -100.463)
(0.00134407 0.000775995 -81.8687)
(0.00129803 0.000749414 -65.1632)
(0.00124557 0.000719129 -50.5395)
(0.00119366 0.000689158 -38.1864)
(0.00111118 0.000641536 -28.3136)
(0.000923684 0.000533288 -21.1483)
(0.000752585 0.000434504 -16.6356)
)
;

boundaryField
{
    outletCentralUnloaded
    {
        type            zeroGradient;
    }
    inletCentralUnloaded
    {
        type            fixedValue;
        value           uniform (0 0 -15);
    }
    outletFuelElement
    {
        type            zeroGradient;
    }
    inletFuelElement
    {
        type            fixedValue;
        value           uniform (0 0 -15);
    }
    defaultFaces
    {
        type            slip;
    }
    baffle_master
    {
        type            slip;
    }
    baffle_slave
    {
        type            slip;
    }
}


// ************************************************************************* //
