/*--------------------------------*- C++ -*----------------------------------*\
| =========                 |                                                 |
| \\      /  F ield         | OpenFOAM: The Open Source CFD Toolbox           |
|  \\    /   O peration     | Version:  2212                                  |
|   \\  /    A nd           | Website:  www.openfoam.com                      |
|    \\/     M anipulation  |                                                 |
\*---------------------------------------------------------------------------*/
FoamFile
{
    version     2.0;
    format      ascii;
    arch        "LSB;label=32;scalar=64";
    class       volScalarField;
    location    "74/neutroRegion";
    object      TClad;
}
// * * * * * * * * * * * * * * * * * * * * * * * * * * * * * * * * * * * * * //

dimensions      [0 0 0 1 0 0 0];

internalField   nonuniform List<scalar> 
350
(
0
0
0
0
0
0
0
0
0
0
0
0
0
0
0
0
0
0
0
0
0
0
0
0
0
0
0
0
0
0
0
0
0
0
0
0
0
0
0
0
0
0
0
0
0
0
0
0
0
0
1845.86
1883.94
1909.08
1921.28
1920.65
1907.47
1882.17
1845.32
1797.62
1739.92
1673.19
1598.55
1517.2
1430.5
1339.86
1246.77
1152.6
1058.43
964.642
870.428
772.855
665.64
538.044
377.938
186.906
1874.32
1913.02
1938.54
1950.89
1950.2
1936.73
1910.92
1873.35
1824.73
1765.94
1697.95
1621.9
1539
1450.64
1358.25
1263.35
1167.36
1071.41
975.95
880.205
781.243
672.697
543.612
381.557
188.129
1841.24
1879.24
1904.34
1916.53
1915.93
1902.82
1877.62
1840.89
1793.35
1735.84
1669.32
1594.91
1513.82
1427.38
1337.02
1244.22
1150.34
1056.44
962.919
868.944
771.59
664.587
537.225
377.41
186.719
1867.92
1906.46
1931.88
1944.18
1943.49
1930.07
1904.37
1866.95
1818.53
1759.98
1692.27
1616.53
1533.99
1446
1354.01
1259.52
1163.95
1068.41
973.335
877.944
779.302
671.063
542.322
380.717
187.846
1867.92
1906.46
1931.88
1944.18
1943.49
1930.07
1904.37
1866.95
1818.53
1759.98
1692.27
1616.53
1533.99
1446
1354.01
1259.52
1163.95
1068.41
973.335
877.944
779.302
671.063
542.322
380.717
187.846
1841.24
1879.25
1904.34
1916.53
1915.93
1902.82
1877.62
1840.89
1793.35
1735.84
1669.32
1594.91
1513.82
1427.38
1337.03
1244.22
1150.34
1056.44
962.92
868.945
771.591
664.588
537.226
377.411
186.719
1874.32
1913.02
1938.54
1950.89
1950.2
1936.73
1910.92
1873.35
1824.73
1765.94
1697.95
1621.9
1539
1450.64
1358.25
1263.35
1167.36
1071.41
975.95
880.205
781.243
672.697
543.612
381.557
188.129
1845.86
1883.94
1909.08
1921.28
1920.65
1907.47
1882.17
1845.32
1797.62
1739.92
1673.19
1598.55
1517.2
1430.5
1339.86
1246.77
1152.6
1058.43
964.642
870.428
772.855
665.64
538.044
377.938
186.906
1867.92
1906.46
1931.88
1944.18
1943.49
1930.07
1904.37
1866.95
1818.53
1759.98
1692.27
1616.53
1533.99
1446
1354.01
1259.52
1163.95
1068.41
973.335
877.944
779.302
671.063
542.322
380.717
187.846
1841.24
1879.24
1904.34
1916.53
1915.93
1902.82
1877.62
1840.89
1793.35
1735.84
1669.32
1594.91
1513.82
1427.38
1337.02
1244.22
1150.34
1056.44
962.919
868.944
771.59
664.587
537.225
377.41
186.719
1841.24
1879.25
1904.34
1916.53
1915.93
1902.82
1877.62
1840.89
1793.35
1735.84
1669.32
1594.91
1513.82
1427.38
1337.03
1244.22
1150.34
1056.44
962.919
868.945
771.591
664.588
537.226
377.411
186.719
1867.92
1906.46
1931.88
1944.18
1943.49
1930.07
1904.37
1866.95
1818.53
1759.98
1692.27
1616.53
1533.99
1446
1354.01
1259.52
1163.95
1068.41
973.335
877.944
779.302
671.063
542.322
380.717
187.846
)
;

boundaryField
{
    outletCentralUnloaded
    {
        type            zeroGradient;
    }
    inletCentralUnloaded
    {
        type            zeroGradient;
    }
    outletFuelElement
    {
        type            zeroGradient;
    }
    inletFuelElement
    {
        type            zeroGradient;
    }
    defaultFaces
    {
        type            zeroGradient;
    }
}


// ************************************************************************* //
