/*--------------------------------*- C++ -*----------------------------------*\
| =========                 |                                                 |
| \\      /  F ield         | OpenFOAM: The Open Source CFD Toolbox           |
|  \\    /   O peration     | Version:  2212                                  |
|   \\  /    A nd           | Website:  www.openfoam.com                      |
|    \\/     M anipulation  |                                                 |
\*---------------------------------------------------------------------------*/
FoamFile
{
    version     2.0;
    format      ascii;
    arch        "LSB;label=32;scalar=64";
    class       surfaceScalarField;
    location    "36/fluidRegion";
    object      alphaPhi;
}
// * * * * * * * * * * * * * * * * * * * * * * * * * * * * * * * * * * * * * //

dimensions      [0 3 -1 0 0 0 0];

oriented        oriented;

internalField   nonuniform List<scalar> 
661
(
-0.000538954
-8.75579e-12
-0.000538906
-1.24336e-11
-0.000538859
-1.10691e-11
-0.000538813
-7.96916e-12
-0.000538768
-3.49842e-12
-0.000538724
2.10286e-12
-0.00053868
7.83989e-12
-0.000538636
1.24841e-11
-0.000538591
1.52529e-11
-0.000538546
1.60676e-11
-0.000538501
1.53269e-11
-0.000538455
1.35196e-11
-0.00053841
1.10152e-11
-0.000538363
7.94648e-12
-0.000538316
4.22794e-12
-0.000538268
-2.83601e-13
-0.00053822
-5.65481e-12
-0.00053817
-1.16401e-11
-0.000538122
-1.75632e-11
-0.000538074
-2.25063e-11
-0.000538029
-2.59107e-11
-0.000537987
-2.80225e-11
-0.000537948
-2.66198e-11
-0.000537912
-3.58288e-12
4.52284e-11
-0.000538954
-0.000538906
-0.000538859
-0.000538813
-0.000538768
-0.000538724
-0.00053868
-0.000538636
-0.000538591
-0.000538546
-0.000538501
-0.000538455
-0.00053841
-0.000538363
-0.000538316
-0.000538268
-0.00053822
-0.00053817
-0.000538122
-0.000538074
-0.000538029
-0.000537987
-0.000537948
-0.000537912
-0.0200189
1.38839e-06
-0.0196061
6.79113e-07
-0.0190764
7.40015e-07
-0.0184388
6.6565e-07
-0.0177028
6.02317e-07
-0.0168783
5.4342e-07
-0.0159756
4.88631e-07
-0.015005
4.35154e-07
-0.0139775
3.77257e-07
-0.0129041
3.0552e-07
-0.0117968
2.08467e-07
-0.0106685
7.47977e-08
-0.00953333
-9.8013e-08
-0.00840712
-2.96093e-07
-0.00730667
-4.96919e-07
-0.00624906
-6.67204e-07
-0.00525039
-7.81252e-07
-0.00432475
-8.32648e-07
-0.00348367
-8.35135e-07
-0.00273691
-8.12446e-07
-0.0020932
-7.85808e-07
-0.00156193
-7.59766e-07
-0.00115369
-7.23358e-07
-0.000879256
-6.26767e-07
-5.94526e-07
-0.0201468
-4.44262e-08
-4.00332e-08
-0.0197332
-1.80961e-07
-1.80917e-07
-0.0192015
-1.70964e-07
-1.69966e-07
-0.0185609
-1.48171e-07
-1.46835e-07
-0.0178212
-1.28471e-07
-1.26886e-07
-0.0169923
-1.10198e-07
-1.08723e-07
-0.0160844
-9.32984e-08
-9.2082e-08
-0.0151081
-7.71423e-08
-7.62874e-08
-0.0140741
-6.01264e-08
-5.97154e-08
-0.0129938
-3.96504e-08
-3.98291e-08
-0.011879
-1.2022e-08
-1.28556e-08
-0.0107426
2.58564e-08
2.43227e-08
-0.00959905
7.46583e-08
7.22276e-08
-0.00846416
1.34953e-07
1.3148e-07
-0.00735496
1.96871e-07
1.9222e-07
-0.00628879
2.50703e-07
2.44738e-07
-0.00528202
2.87774e-07
2.80369e-07
-0.00434894
3.05238e-07
2.96322e-07
-0.00350128
3.0706e-07
2.96454e-07
-0.00274888
3.00453e-07
2.88251e-07
-0.00210055
2.92174e-07
2.78029e-07
-0.00156574
2.81938e-07
2.66365e-07
-0.00115512
2.63469e-07
2.45685e-07
-0.000879449
2.09526e-07
1.92114e-07
1.60293e-07
1.47718e-07
-0.019998
6.93076e-07
-0.0195855
6.6889e-07
-0.0190562
6.44121e-07
-0.0184191
5.73067e-07
-0.0176837
5.09426e-07
-0.01686
4.50807e-07
-0.0159581
3.9619e-07
-0.0149886
3.4248e-07
-0.0139621
2.83079e-07
-0.0128899
2.07906e-07
-0.0117838
1.04453e-07
-0.0106568
-3.72176e-08
-0.00952298
-2.19317e-07
-0.00839815
-4.28047e-07
-0.00729907
-6.36819e-07
-0.00624279
-8.10479e-07
-0.00524538
-9.22931e-07
-0.00432087
-9.68975e-07
-0.00348081
-9.64612e-07
-0.0027349
-9.35135e-07
-0.00209189
-9.01362e-07
-0.00156114
-8.6617e-07
-0.00115325
-8.06644e-07
-0.000879041
-6.68918e-07
-5.45151e-07
-0.0201184
3.43385e-09
-0.0197048
1.47052e-10
-0.0191735
4.38037e-10
-0.0185336
4.02247e-10
-0.0177946
4.83241e-10
-0.0169666
5.29036e-10
-0.0160599
4.89017e-10
-0.0150848
4.95499e-10
-0.0140523
4.47877e-10
-0.0129735
3.27029e-10
-0.0118603
2.30591e-10
-0.0107257
1.02073e-10
-0.00958409
-9.69485e-11
-0.00845116
-3.83686e-10
-0.00734394
-7.99492e-10
-0.00627972
-1.32853e-09
-0.00527479
-1.89004e-09
-0.00434342
-2.40965e-09
-0.00349726
-2.97588e-09
-0.00274615
-3.46981e-09
-0.00209888
-3.87285e-09
-0.00156489
-4.19479e-09
-0.00115481
-4.58214e-09
-0.000879431
-4.1579e-09
-3.66157e-09
-0.0201184
-6.85739e-07
-0.0197048
-6.68639e-07
-0.0191735
-6.43006e-07
-0.0185336
-5.71986e-07
-0.0177946
-5.08185e-07
-0.0169667
-4.49483e-07
-0.0160599
-3.94876e-07
-0.0150848
-3.41117e-07
-0.0140523
-2.81758e-07
-0.0129735
-2.0672e-07
-0.0118603
-1.03387e-07
-0.0107258
3.81978e-08
-0.00958411
2.19983e-07
-0.00845117
4.28281e-07
-0.00734395
6.36389e-07
-0.00627973
8.09184e-07
-0.0052748
9.20679e-07
-0.00434342
9.65725e-07
-0.00349727
9.60138e-07
-0.00274615
9.29347e-07
-0.00209889
8.94094e-07
-0.00156489
8.57339e-07
-0.00115481
7.95811e-07
-0.000879432
6.58222e-07
5.34836e-07
-0.019998
4.03155e-08
-0.0195855
1.81349e-07
-0.0190562
1.71174e-07
-0.0184191
1.48587e-07
-0.0176837
1.29159e-07
-0.01686
1.10982e-07
-0.0159582
9.42521e-08
-0.0149886
7.82139e-08
-0.0139621
6.13969e-08
-0.0128899
4.10612e-08
-0.0117838
1.37354e-08
-0.0106568
-2.38687e-08
-0.00952299
-7.22279e-08
-0.00839816
-1.32077e-07
-0.00729908
-1.93503e-07
-0.00624279
-2.46876e-07
-0.00524538
-2.83437e-07
-0.00432088
-3.0046e-07
-0.00348081
-3.01982e-07
-0.0027349
-2.9534e-07
-0.00209189
-2.87111e-07
-0.00156114
-2.7727e-07
-0.00115325
-2.59632e-07
-0.000879039
-2.06532e-07
-1.57468e-07
-0.0201468
-1.38845e-06
-4.43519e-08
-0.0197332
-6.79024e-07
-1.80898e-07
-0.0192015
-7.39407e-07
-1.70551e-07
-0.0185609
-6.64754e-07
-1.47446e-07
-0.0178212
-6.01075e-07
-1.27624e-07
-0.0169923
-5.42156e-07
-1.09463e-07
-0.0160844
-4.87282e-07
-9.27647e-08
-0.0151081
-4.33863e-07
-7.68949e-08
-0.0140741
-3.75969e-07
-6.01777e-08
-0.0129938
-3.04394e-07
-4.00253e-08
-0.011879
-2.07368e-07
-1.27518e-08
-0.0107426
-7.38564e-08
2.46646e-08
-0.00959905
9.8731e-08
7.31812e-08
-0.00846416
2.96446e-07
1.33186e-07
-0.00735496
4.96715e-07
1.95001e-07
-0.00628879
6.66091e-07
2.48989e-07
-0.00528202
7.78907e-07
2.86552e-07
-0.00434894
8.28464e-07
3.05012e-07
-0.00350128
8.28167e-07
3.08641e-07
-0.00274888
8.01433e-07
3.04974e-07
-0.00210055
7.69042e-07
3.00778e-07
-0.00156574
7.36079e-07
2.95723e-07
-0.00115512
6.90075e-07
2.82756e-07
-0.000879449
5.8837e-07
2.3194e-07
5.55554e-07
1.85375e-07
-0.0200189
-0.0196061
-0.0190764
-0.0184388
-0.0177028
-0.0168783
-0.0159756
-0.015005
-0.0139775
-0.0129041
-0.0117968
-0.0106685
-0.00953333
-0.00840712
-0.00730667
-0.00624906
-0.00525039
-0.00432475
-0.00348367
-0.00273691
-0.0020932
-0.00156193
-0.00115369
-0.000879257
-0.0201184
-6.92808e-07
2.93265e-09
-0.0197048
-6.68521e-07
-5.14948e-10
-0.0191735
-6.43683e-07
-1.64152e-10
-0.0185336
-5.72554e-07
-2.05764e-10
-0.0177946
-5.08669e-07
-2.9896e-10
-0.0169666
-4.49858e-07
-4.26236e-10
-0.0160599
-3.95018e-07
-5.2446e-10
-0.0150848
-3.41053e-07
-7.14633e-10
-0.0140523
-2.81355e-07
-9.13203e-10
-0.0129735
-2.05924e-07
-1.1489e-09
-0.0118603
-1.02078e-07
-1.54363e-09
-0.0107257
3.99801e-08
-1.84399e-09
-0.00958409
2.22598e-07
-2.49896e-09
-0.00845116
4.3183e-07
-3.24184e-09
-0.00734394
6.41146e-07
-4.14552e-09
-0.00627972
8.15444e-07
-5.31497e-09
-0.00527479
9.28937e-07
-6.91196e-09
-0.00434342
9.76614e-07
-9.09458e-09
-0.00349726
9.74889e-07
-1.20669e-08
-0.00274615
9.49443e-07
-1.59659e-08
-0.00209888
9.22179e-07
-2.14787e-08
-0.00156489
8.95257e-07
-2.74338e-08
-0.00115481
8.45947e-07
-3.44042e-08
-0.000879431
7.15809e-07
-3.74748e-08
5.92091e-07
-3.70132e-08
-0.019998
-0.0195855
-0.0190562
-0.0184191
-0.0176837
-0.01686
-0.0159581
-0.0149886
-0.0139621
-0.0128899
-0.0117838
-0.0106568
-0.00952298
-0.00839815
-0.00729907
-0.00624279
-0.00524538
-0.00432087
-0.00348081
-0.0027349
-0.00209188
-0.00156114
-0.00115325
-0.00087904
-0.019998
6.86339e-07
-0.0195855
6.69465e-07
-0.0190562
6.44468e-07
-0.0184191
5.73838e-07
-0.0176837
5.1056e-07
-0.01686
4.51925e-07
-0.0159582
3.97427e-07
-0.0149886
3.43634e-07
-0.0139621
2.84327e-07
-0.0128899
2.09128e-07
-0.0117838
1.05842e-07
-0.0106568
-3.58378e-08
-0.00952299
-2.17538e-07
-0.00839816
-4.25945e-07
-0.00729908
-6.3419e-07
-0.00624279
-8.0733e-07
-0.00524538
-9.1917e-07
-0.00432088
-9.64833e-07
-0.00348081
-9.60424e-07
-0.0027349
-9.31748e-07
-0.00209189
-9.0002e-07
-0.00156114
-8.68559e-07
-0.00115325
-8.14792e-07
-0.000879039
-6.83323e-07
-5.6215e-07
-0.0201184
-0.0197048
-0.0191735
-0.0185336
-0.0177946
-0.0169667
-0.0160599
-0.0150848
-0.0140523
-0.0129735
-0.0118603
-0.0107258
-0.00958411
-0.00845117
-0.00734395
-0.00627973
-0.0052748
-0.00434342
-0.00349727
-0.00274615
-0.00209889
-0.00156489
-0.00115481
-0.000879433
)
;

boundaryField
{
    outletCentralUnloaded
    {
        type            calculated;
        value           nonuniform List<scalar> 2(0.000539001 0.000539001);
    }
    inletCentralUnloaded
    {
        type            calculated;
        value           uniform -0.000540134;
    }
    outletFuelElement
    {
        type            calculated;
        value           nonuniform List<scalar> 
12
(
0.0203482
0.0204791
0.0203277
0.0204498
0.0204498
0.0203277
0.0204791
0.0203482
0.0204498
0.0203277
0.0203277
0.0204498
)
;
    }
    inletFuelElement
    {
        type            calculated;
        value           nonuniform List<scalar> 
12
(
-0.000722059
-0.00072206
-0.000722059
-0.000722059
-0.00072206
-0.000722059
-0.00072206
-0.000722059
-0.000722059
-0.000722059
-0.000722059
-0.00072206
)
;
    }
    defaultFaces
    {
        type            calculated;
        value           nonuniform List<scalar> 
450
(
-2.17607e-24
-1.083e-23
0
2.88937e-23
1.09315e-23
0
2.30188e-23
6.64287e-24
0
-3.89028e-23
-9.36371e-24
0
-1.57354e-23
-3.47029e-23
0
-4.2721e-23
-1.36187e-23
0
-3.32457e-23
-7.22349e-24
0
-3.02157e-23
-1.49918e-24
0
-2.07276e-23
-1.95782e-23
0
-1.54337e-23
-8.49414e-24
0
-1.77577e-23
-5.59859e-24
0
-3.90537e-24
-2.04884e-24
0
8.01755e-24
3.55721e-24
0
1.96641e-23
9.52849e-24
0
2.96083e-23
1.59188e-23
0
3.6756e-23
1.10574e-23
0
4.12868e-23
3.49142e-24
0
5.75699e-23
2.5824e-23
0
3.86184e-23
-5.80487e-23
0
-2.88075e-23
-2.22608e-23
0
-2.35598e-23
-8.89796e-24
0
2.52077e-23
-1.75806e-23
0
-2.18312e-23
1.00368e-23
0
-2.70676e-23
-1.25874e-23
0
-1.91105e-23
-2.8087e-23
0
2.80794e-23
0
1.60454e-23
0
0
0
2.40681e-23
0
-2.00567e-23
0
1.60454e-23
0
4.01135e-24
0
1.2034e-23
0
-4.01135e-24
0
4.01135e-24
0
2.50709e-24
0
-2.00567e-24
0
-4.01135e-24
0
-1.2034e-23
0
-3.20908e-23
0
-4.01135e-23
0
4.01135e-23
0
-1.60454e-23
0
1.60454e-23
0
-4.81362e-23
0
-4.81362e-23
0
4.01135e-23
0
0
0
-2.40681e-23
0
-1.60454e-23
0
-1.60454e-23
-8.0227e-24
8.0227e-24
0
0
-8.0227e-24
0
0
4.01135e-24
0
-2.00567e-24
5.01419e-25
0
0
1.60454e-23
1.60454e-23
-4.81362e-23
3.20908e-23
-1.60454e-23
0
0
-4.81362e-23
-1.60454e-23
0
8.0227e-24
0
0
0
0
0
0
0
0
0
0
0
0
0
0
0
0
0
0
0
0
0
0
0
0
0
-2.00567e-23
1.60454e-23
2.40681e-23
1.60454e-23
2.40681e-23
4.81362e-23
-1.60454e-23
-1.60454e-23
1.2034e-23
-1.2034e-23
-1.2034e-23
-1.2034e-23
-4.01135e-24
-8.0227e-24
-1.2034e-23
-8.0227e-24
2.00567e-23
-8.0227e-24
-8.0227e-24
-4.01135e-24
-3.50993e-24
-2.00567e-24
2.00567e-24
2.03701e-24
6.01702e-24
6.01702e-24
1.60454e-23
1.60454e-23
1.60454e-23
1.2034e-23
2.40681e-23
1.60454e-23
-2.40681e-23
4.81362e-23
3.20908e-23
4.01135e-23
-6.41816e-23
3.20908e-23
-4.81362e-23
-2.40681e-23
0
-2.40681e-23
-4.01135e-23
4.01135e-23
-2.40681e-23
-1.60454e-23
-8.0227e-24
-2.00567e-23
-3.20908e-23
-2.00567e-23
1.21432e-24
0
-3.20908e-23
1.12161e-23
0
0
1.78649e-23
0
-4.81362e-23
-6.04586e-23
0
1.60454e-23
2.05958e-23
0
0
-5.15743e-23
0
8.0227e-24
-4.24895e-23
0
1.60454e-23
-4.00426e-23
0
8.0227e-24
-2.58932e-23
0
-1.60454e-23
-2.73736e-23
0
4.01135e-24
-1.78547e-23
0
4.01135e-24
-6.19635e-24
0
2.00567e-24
9.68182e-24
-0
-2.00567e-24
2.61086e-23
-0
-4.01135e-24
4.91141e-23
-0
-8.0227e-24
6.28427e-23
-0
-1.60454e-23
4.04884e-23
-0
-1.60454e-23
7.06167e-23
-0
-1.60454e-23
5.53386e-23
-0
-1.60454e-23
-2.73354e-23
-0
1.60454e-23
-6.00636e-24
-0
1.60454e-23
2.96894e-23
-0
1.60454e-23
-2.11021e-23
-0
0
-1.14247e-23
-0
1.60454e-23
-1.25057e-23
-0
0
-1.60454e-23
0
0
-1.60454e-23
8.0227e-24
0
0
-8.0227e-24
4.01135e-24
-8.0227e-24
-4.01135e-24
0
0
8.0227e-24
8.0227e-24
1.60454e-23
-3.20908e-23
1.60454e-23
-4.81362e-23
-1.60454e-23
0
-3.20908e-23
-4.81362e-23
0
0
3.40965e-23
0
2.40681e-23
0
0
0
2.40681e-23
0
-8.0227e-24
0
8.0227e-24
0
1.2034e-23
0
1.2034e-23
0
0
0
4.01135e-24
0
3.00851e-24
0
0
0
-8.0227e-24
-0
-1.2034e-23
-0
-3.20908e-23
-0
-4.01135e-23
-0
5.61589e-23
-0
-4.81362e-23
-0
4.81362e-23
-0
-4.81362e-23
-0
-1.60454e-23
-0
4.81362e-23
-0
1.60454e-23
-0
-2.40681e-23
-0
-2.40681e-23
-0
-1.80511e-23
8.0227e-24
-8.0227e-24
1.60454e-23
-1.60454e-23
2.40681e-23
-8.0227e-24
-5.21475e-23
0
1.2034e-23
-1.2034e-23
-2.80794e-23
-8.0227e-24
-3.20908e-23
-4.01135e-24
-2.00567e-23
2.00567e-24
-1.2034e-23
-4.01135e-24
-1.40397e-23
-4.51277e-24
-6.01702e-24
0
5.45293e-24
4.01135e-24
2.00567e-23
8.0227e-24
3.61021e-23
1.60454e-23
5.61589e-23
3.20908e-23
7.22043e-23
8.0227e-24
4.01135e-23
3.20908e-23
9.62724e-23
0
4.81362e-23
0
-4.01135e-23
8.0227e-24
-1.60454e-23
0
4.01135e-23
3.20908e-23
-4.01135e-23
0
-8.0227e-24
0
-1.60454e-23
-0
-0
-0
-0
-0
-0
-0
-0
-0
-0
-0
0
0
0
0
0
0
0
0
0
0
0
0
0
0
)
;
    }
    baffle_master
    {
        type            calculated;
        value           nonuniform List<scalar> 
150
(
-7.3373e-29
0
-1.83147e-28
1.19906e-28
0
0
-1.60551e-28
0
0
4.32454e-29
0
1.83147e-28
-2.34024e-28
0
-1.3736e-28
-1.99176e-30
0
4.57867e-29
3.27195e-29
0
0
-8.01128e-29
0
-1.83147e-28
-2.95578e-29
0
3.66294e-28
1.22651e-28
0
-3.66294e-28
-4.85688e-29
0
0
3.5525e-29
0
3.66294e-28
2.83491e-29
0
0
-3.06344e-29
0
0
-7.81617e-29
0
0
-1.49876e-30
0
-5.72334e-30
5.59164e-28
0
1.83147e-28
-5.42139e-29
0
1.83147e-28
1.0687e-27
0
3.66294e-28
3.17145e-29
0
0
-4.028e-29
0
7.32588e-28
-1.27953e-27
0
-1.09888e-27
2.04167e-28
0
3.66294e-28
5.30869e-30
0
4.57867e-29
-1.19215e-28
0
0
0
-3.55833e-28
0
0
-3.9064e-28
0
1.83147e-28
-2.80948e-28
0
1.83147e-28
-3.52642e-28
0
9.15735e-29
9.03148e-29
0
-4.57867e-29
5.29134e-29
-0
0
2.79782e-28
-0
0
3.01006e-28
-0
3.66294e-28
4.02838e-28
-0
0
8.84876e-28
-0
-1.83147e-28
6.01012e-28
-0
-1.83147e-28
3.81441e-28
-0
-3.66294e-28
3.58962e-28
-0
-1.83147e-28
2.77027e-28
-0
0
2.00996e-28
-0
0
-1.25489e-29
0
-2.7472e-28
-2.15028e-28
0
1.83147e-28
-3.57402e-28
0
-7.32588e-28
-7.6391e-30
0
0
1.66187e-28
0
3.66294e-28
5.64154e-28
0
-7.32588e-28
1.99842e-27
0
-7.32588e-28
-1.04335e-27
0
-4.57867e-29
4.60346e-29
0
-1.46518e-27
-9.56258e-28
-0
)
;
    }
    baffle_slave
    {
        type            calculated;
        value           nonuniform List<scalar> 
150
(
-4.01135e-24
-0
1.60454e-23
6.51061e-24
-0
0
2.88316e-24
-0
8.0227e-24
3.13387e-24
-0
-8.0227e-24
-3.48486e-23
-0
-8.0227e-24
-1.88032e-25
-0
0
-1.69229e-24
-0
8.0227e-24
-1.47292e-24
-0
0
-2.99284e-24
-0
0
3.04769e-24
-0
-4.01135e-24
4.45009e-24
-0
0
-1.25355e-25
0
0
-1.25355e-25
0
0
5.01419e-25
0
8.0227e-24
-3.00851e-24
0
8.0227e-24
1.25355e-24
0
1.60454e-23
-5.39025e-23
0
-4.81362e-23
2.00567e-24
0
-1.60454e-23
-2.95837e-23
0
-3.20908e-23
4.01135e-24
0
-1.60454e-23
2.50709e-24
0
0
3.1088e-23
0
0
-2.50709e-24
0
1.60454e-23
6.51844e-24
0
-2.40681e-23
1.50426e-24
0
-8.0227e-24
-1.3523e-23
3.94867e-23
0
-7.50894e-24
1.73616e-23
0
7.58025e-24
2.30026e-23
0
-5.28953e-24
2.21878e-23
0
-2.20905e-24
-3.03985e-23
0
-1.52705e-23
1.52306e-23
0
-1.68857e-23
1.84898e-23
0
-6.36244e-25
1.25981e-23
0
6.70891e-24
1.10312e-23
0
-1.73501e-24
1.03104e-23
0
-2.85702e-24
7.4586e-24
0
1.00481e-24
3.25922e-24
0
-1.71793e-24
-8.14805e-25
0
9.77553e-24
-6.11104e-24
0
8.37504e-24
-8.71215e-24
0
2.03967e-23
-1.58574e-23
0
-7.68578e-24
-1.84271e-23
0
1.48826e-23
-2.1561e-23
0
-3.03755e-23
-4.01135e-24
0
1.93071e-23
9.52696e-24
0
-9.52802e-24
1.10312e-23
0
-5.17455e-23
2.30653e-23
0
-1.63332e-23
-7.01986e-24
0
2.37024e-24
1.2034e-23
0
4.93764e-24
1.2034e-23
0
)
;
    }
}


// ************************************************************************* //
