/*--------------------------------*- C++ -*----------------------------------*\
| =========                 |                                                 |
| \\      /  F ield         | OpenFOAM: The Open Source CFD Toolbox           |
|  \\    /   O peration     | Version:  2212                                  |
|   \\  /    A nd           | Website:  www.openfoam.com                      |
|    \\/     M anipulation  |                                                 |
\*---------------------------------------------------------------------------*/
FoamFile
{
    version     2.0;
    format      ascii;
    arch        "LSB;label=32;scalar=64";
    class       volScalarField;
    location    "36/fluidRegion";
    object      deltaT;
}
// * * * * * * * * * * * * * * * * * * * * * * * * * * * * * * * * * * * * * //

dimensions      [0 0 0 1 0 0 0];

internalField   nonuniform List<scalar> 
350
(
0
0
0
0
0
0
0
0
0
0
0
0
0
0
0
0
0
0
0
0
0
0
0
0
0
0
0
0
0
0
0
0
0
0
0
0
0
0
0
0
0
0
0
0
0
0
0
0
0
0
14.4798
47.5009
80.2429
112.658
144.69
176.283
207.385
237.949
267.922
297.237
325.793
353.421
379.855
404.695
427.408
447.334
463.697
475.522
481.392
478.918
463.796
428.459
360.999
248.443
91.7364
14.5752
47.867
80.8735
113.549
145.834
177.676
209.023
239.828
270.043
299.605
328.421
356.33
383.067
408.232
431.277
451.521
468.165
480.22
486.265
483.907
468.816
433.323
365.297
251.464
92.8035
14.4645
47.443
80.1428
112.517
144.508
176.061
207.124
237.649
267.583
296.858
325.372
352.956
379.341
404.13
426.792
446.67
462.992
474.785
480.632
478.147
463.03
427.729
360.367
248.004
91.5749
14.5527
47.7813
80.7264
113.341
145.568
177.352
208.643
239.392
269.551
299.057
327.813
355.658
382.325
407.416
430.384
450.555
467.133
479.135
485.139
482.754
467.655
432.197
364.301
250.762
92.5566
14.5527
47.7813
80.7264
113.341
145.568
177.352
208.643
239.392
269.551
299.057
327.813
355.658
382.325
407.416
430.384
450.555
467.133
479.135
485.139
482.754
467.655
432.197
364.301
250.762
92.5566
14.4645
47.443
80.1428
112.517
144.508
176.061
207.124
237.649
267.583
296.858
325.372
352.956
379.341
404.13
426.792
446.671
462.992
474.785
480.632
478.147
463.03
427.73
360.368
248.005
91.575
14.5752
47.8669
80.8735
113.549
145.834
177.676
209.023
239.828
270.043
299.605
328.421
356.33
383.067
408.232
431.277
451.521
468.165
480.22
486.265
483.907
468.816
433.323
365.297
251.464
92.8036
14.4798
47.5009
80.2429
112.658
144.69
176.283
207.385
237.949
267.922
297.237
325.793
353.421
379.855
404.695
427.408
447.334
463.697
475.522
481.392
478.918
463.796
428.459
360.999
248.442
91.7364
14.5527
47.7813
80.7264
113.341
145.568
177.352
208.643
239.392
269.551
299.057
327.813
355.658
382.325
407.416
430.384
450.555
467.133
479.135
485.139
482.754
467.655
432.197
364.301
250.762
92.5566
14.4645
47.443
80.1428
112.517
144.508
176.061
207.124
237.649
267.583
296.858
325.372
352.956
379.341
404.13
426.792
446.67
462.992
474.785
480.632
478.147
463.03
427.729
360.367
248.004
91.5749
14.4645
47.443
80.1428
112.517
144.508
176.061
207.124
237.649
267.583
296.858
325.372
352.956
379.341
404.13
426.792
446.67
462.992
474.785
480.632
478.147
463.03
427.73
360.368
248.005
91.575
14.5527
47.7813
80.7264
113.341
145.568
177.352
208.643
239.392
269.551
299.057
327.813
355.658
382.325
407.416
430.384
450.555
467.133
479.135
485.139
482.754
467.655
432.197
364.301
250.762
92.5566
)
;

boundaryField
{
    outletCentralUnloaded
    {
        type            calculated;
        value           uniform 0;
    }
    inletCentralUnloaded
    {
        type            calculated;
        value           uniform 0;
    }
    outletFuelElement
    {
        type            calculated;
        value           uniform 0;
    }
    inletFuelElement
    {
        type            calculated;
        value           uniform 616.7;
    }
    defaultFaces
    {
        type            calculated;
        value           nonuniform List<scalar> 
450
(
0
0
0
0
0
0
0
0
0
0
0
0
0
0
0
0
0
0
0
0
0
0
0
0
0
0
0
0
0
0
0
0
0
0
0
0
0
0
0
0
0
0
0
0
0
0
0
0
95.9619
95.9619
95.9619
195.221
195.221
195.221
287.054
287.054
287.054
370.028
370.028
370.028
442.886
442.886
442.886
504.442
504.442
504.442
553.479
553.479
553.479
588.845
588.845
588.845
609.868
609.868
609.868
0
0
0
0
0
0
0
0
0
0
0
0
0
0
0
0
0
0
0
0
0
0
0
0
0
0
0
0
0
0
0
0
97.3558
97.3558
196.318
196.318
287.884
287.884
370.625
370.625
443.287
443.287
504.687
504.687
553.607
553.607
588.897
588.897
609.88
609.88
0
0
0
0
0
0
0
0
0
0
0
0
0
0
0
0
88.8521
189.587
282.764
366.919
440.778
503.145
552.793
588.568
609.809
0
0
0
0
0
0
0
0
0
0
0
0
0
0
0
0
88.8521
189.587
282.764
366.919
440.778
503.145
552.793
588.568
609.809
0
0
0
0
0
0
0
0
0
0
0
0
0
0
0
0
0
0
0
0
0
0
0
0
0
0
0
0
0
0
0
0
97.3548
97.3548
196.318
196.318
287.883
287.883
370.624
370.624
443.286
443.286
504.687
504.687
553.607
553.607
588.897
588.897
609.88
609.88
0
0
0
0
0
0
0
0
0
0
0
0
0
0
0
0
0
0
0
0
0
0
0
0
0
0
0
0
0
0
0
0
0
0
0
0
0
0
0
0
0
0
0
0
0
0
0
0
95.9619
95.9619
95.9619
195.221
195.221
195.221
287.054
287.054
287.054
370.028
370.028
370.028
442.886
442.886
442.886
504.442
504.442
504.442
553.479
553.479
553.479
588.845
588.845
588.845
609.868
609.868
609.868
0
0
0
0
0
0
0
0
0
0
0
0
0
0
0
0
88.8521
189.587
282.764
366.919
440.778
503.145
552.793
588.568
609.809
0
0
0
0
0
0
0
0
0
0
0
0
0
0
0
0
0
0
0
0
0
0
0
0
0
0
0
0
0
0
0
0
97.3558
97.3558
196.318
196.318
287.884
287.884
370.625
370.625
443.287
443.287
504.687
504.687
553.607
553.607
588.897
588.897
609.88
609.88
0
0
0
0
0
0
0
0
0
0
0
0
0
0
0
0
0
0
0
0
0
0
0
0
0
0
0
0
0
0
0
0
97.3548
97.3548
196.318
196.318
287.883
287.883
370.624
370.624
443.286
443.286
504.687
504.687
553.607
553.607
588.897
588.897
609.88
609.88
0
0
0
0
0
0
0
0
0
0
0
0
0
0
0
0
88.8521
189.587
282.764
366.919
440.778
503.145
552.793
588.569
609.809
)
;
    }
    baffle_master
    {
        type            calculated;
        value           uniform 0;
    }
    baffle_slave
    {
        type            calculated;
        value           nonuniform List<scalar> 
150
(
0
0
0
0
0
0
0
0
0
0
0
0
0
0
0
0
0
0
0
0
0
0
0
0
0
0
0
0
0
0
0
0
0
0
0
0
0
0
0
0
0
0
0
0
0
0
0
0
86.7153
88.8521
88.8521
187.891
189.587
189.587
281.471
282.764
282.764
365.982
366.919
366.919
440.141
440.778
440.778
502.753
503.145
503.145
552.586
552.793
552.793
588.485
588.568
588.569
609.791
609.809
609.809
0
0
0
0
0
0
0
0
0
0
0
0
0
0
0
0
0
0
0
0
0
0
0
0
0
0
0
0
0
0
0
0
0
0
0
0
0
0
0
0
0
0
0
0
0
0
0
0
88.8521
86.7153
88.8521
189.587
187.891
189.587
282.764
281.471
282.764
366.919
365.982
366.919
440.778
440.141
440.778
503.145
502.753
503.145
552.793
552.586
552.793
588.568
588.485
588.568
609.809
609.791
609.809
)
;
    }
}


// ************************************************************************* //
