/*--------------------------------*- C++ -*----------------------------------*\
| =========                 |                                                 |
| \\      /  F ield         | OpenFOAM: The Open Source CFD Toolbox           |
|  \\    /   O peration     | Version:  2212                                  |
|   \\  /    A nd           | Website:  www.openfoam.com                      |
|    \\/     M anipulation  |                                                 |
\*---------------------------------------------------------------------------*/
FoamFile
{
    version     2.0;
    format      ascii;
    arch        "LSB;label=32;scalar=64";
    class       volScalarField;
    location    "36/fluidRegion";
    object      dgdt;
}
// * * * * * * * * * * * * * * * * * * * * * * * * * * * * * * * * * * * * * //

dimensions      [0 0 -1 0 0 0 0];

internalField   nonuniform List<scalar> 
350
(
0.00530895
0.00525593
0.00524528
0.00525121
0.00527732
0.00532057
0.00537083
0.00541413
0.00543789
0.00543553
0.00540851
0.0053651
0.00531675
0.00527387
0.00524278
0.00522476
0.00521725
0.00521639
0.0052193
0.00522561
0.00523792
0.00526172
0.00527962
0.00527778
0.00279425
0.00530894
0.00525592
0.00524527
0.0052512
0.00527732
0.00532057
0.00537083
0.00541413
0.00543789
0.00543553
0.00540852
0.00536511
0.00531675
0.00527387
0.00524278
0.00522476
0.00521725
0.00521638
0.0052193
0.00522561
0.00523791
0.00526172
0.00527962
0.00527779
0.00279425
39.3847
49.2561
63.195
76.0522
87.7714
98.3088
107.63
115.703
122.494
127.948
131.984
134.479
135.271
134.187
131.097
125.973
118.934
110.225
100.141
88.9097
76.629
63.2311
48.5627
32.6347
20.4002
39.4279
49.1786
63.2474
76.2265
88.0602
98.704
108.124
116.29
123.168
128.71
132.836
135.425
136.313
135.318
132.294
127.198
120.142
111.369
101.187
89.8382
77.4293
63.8949
49.0758
32.9772
20.6083
39.3646
49.2439
63.1627
76.0011
87.7028
98.224
107.53
115.59
122.367
127.809
131.831
134.312
135.09
133.995
130.896
125.769
118.735
110.038
99.97
88.7588
76.4992
63.1238
48.4799
32.5793
20.3665
39.428
49.2152
63.2532
76.2037
88.0103
98.6288
108.025
116.169
123.026
128.547
132.652
135.218
136.083
135.067
132.026
126.922
119.868
111.109
100.949
89.6265
77.2465
63.7431
48.9583
32.8987
20.5606
39.428
49.2153
63.2532
76.2037
88.0103
98.6288
108.025
116.169
123.026
128.547
132.652
135.218
136.083
135.067
132.026
126.922
119.868
111.109
100.949
89.6265
77.2465
63.7431
48.9583
32.8987
20.5606
39.3646
49.2439
63.1627
76.0011
87.7027
98.2239
107.53
115.59
122.367
127.809
131.831
134.312
135.09
133.995
130.896
125.769
118.735
110.038
99.97
88.7588
76.4992
63.1238
48.4799
32.5793
20.3665
39.4279
49.1786
63.2474
76.2266
88.0602
98.704
108.124
116.29
123.168
128.71
132.836
135.425
136.313
135.318
132.294
127.198
120.142
111.369
101.187
89.8382
77.4293
63.8949
49.0758
32.9772
20.6083
39.3847
49.2561
63.195
76.0522
87.7714
98.3088
107.63
115.703
122.494
127.948
131.984
134.479
135.271
134.187
131.097
125.973
118.934
110.225
100.141
88.9097
76.629
63.2312
48.5627
32.6347
20.4002
39.428
49.2152
63.2532
76.2037
88.0103
98.6288
108.025
116.169
123.026
128.547
132.652
135.218
136.083
135.067
132.026
126.922
119.868
111.109
100.949
89.6265
77.2465
63.743
48.9583
32.8987
20.5606
39.3646
49.2439
63.1627
76.0011
87.7028
98.224
107.53
115.59
122.367
127.809
131.831
134.312
135.09
133.995
130.896
125.769
118.735
110.038
99.9699
88.7588
76.4991
63.1237
48.4798
32.5793
20.3665
39.3646
49.2439
63.1627
76.0011
87.7027
98.2239
107.53
115.59
122.367
127.809
131.831
134.312
135.09
133.995
130.896
125.769
118.735
110.038
99.97
88.7588
76.4992
63.1238
48.4799
32.5793
20.3665
39.428
49.2153
63.2532
76.2037
88.0103
98.6288
108.025
116.169
123.026
128.547
132.652
135.218
136.083
135.067
132.026
126.922
119.868
111.109
100.949
89.6265
77.2465
63.7431
48.9583
32.8987
20.5606
)
;

boundaryField
{
    outletCentralUnloaded
    {
        type            calculated;
        value           nonuniform List<scalar> 2(0.00530895 0.00530894);
    }
    inletCentralUnloaded
    {
        type            calculated;
        value           nonuniform List<scalar> 2(0.00279425 0.00279425);
    }
    outletFuelElement
    {
        type            calculated;
        value           nonuniform List<scalar> 
12
(
39.3847
39.4279
39.3646
39.428
39.428
39.3646
39.4279
39.3847
39.428
39.3646
39.3646
39.428
)
;
    }
    inletFuelElement
    {
        type            calculated;
        value           nonuniform List<scalar> 
12
(
20.4002
20.6083
20.3665
20.5606
20.5606
20.3665
20.6083
20.4002
20.5606
20.3665
20.3665
20.5606
)
;
    }
    defaultFaces
    {
        type            calculated;
        value           nonuniform List<scalar> 
450
(
39.3847
39.3847
39.3847
49.2561
49.2561
49.2561
63.195
63.195
63.195
76.0522
76.0522
76.0522
87.7714
87.7714
87.7714
98.3088
98.3088
98.3088
107.63
107.63
107.63
115.703
115.703
115.703
122.494
122.494
122.494
127.948
127.948
127.948
131.984
131.984
131.984
134.479
134.479
134.479
135.271
135.271
135.271
134.187
134.187
134.187
131.097
131.097
131.097
125.973
125.973
125.973
118.934
118.934
118.934
110.225
110.225
110.225
100.141
100.141
100.141
88.9097
88.9097
88.9097
76.629
76.629
76.629
63.2311
63.2311
63.2311
48.5627
48.5627
48.5627
32.6347
32.6347
32.6347
20.4002
20.4002
20.4002
39.3646
39.3646
49.2439
49.2439
63.1627
63.1627
76.0011
76.0011
87.7028
87.7028
98.224
98.224
107.53
107.53
115.59
115.59
122.367
122.367
127.809
127.809
131.831
131.831
134.312
134.312
135.09
135.09
133.995
133.995
130.896
130.896
125.769
125.769
118.735
118.735
110.038
110.038
99.97
99.97
88.7588
88.7588
76.4992
76.4992
63.1238
63.1238
48.4799
48.4799
32.5793
32.5793
20.3665
20.3665
39.428
49.2152
63.2532
76.2037
88.0103
98.6288
108.025
116.169
123.026
128.547
132.652
135.218
136.083
135.067
132.026
126.922
119.868
111.109
100.949
89.6265
77.2465
63.7431
48.9583
32.8987
20.5606
39.428
49.2153
63.2532
76.2037
88.0103
98.6288
108.025
116.169
123.026
128.547
132.652
135.218
136.083
135.067
132.026
126.922
119.868
111.109
100.949
89.6265
77.2465
63.7431
48.9583
32.8987
20.5606
39.3646
39.3646
49.2439
49.2439
63.1627
63.1627
76.0011
76.0011
87.7027
87.7027
98.2239
98.2239
107.53
107.53
115.59
115.59
122.367
122.367
127.809
127.809
131.831
131.831
134.312
134.312
135.09
135.09
133.995
133.995
130.896
130.896
125.769
125.769
118.735
118.735
110.038
110.038
99.97
99.97
88.7588
88.7588
76.4992
76.4992
63.1238
63.1238
48.4799
48.4799
32.5793
32.5793
20.3665
20.3665
39.3847
39.3847
39.3847
49.2561
49.2561
49.2561
63.195
63.195
63.195
76.0522
76.0522
76.0522
87.7714
87.7714
87.7714
98.3088
98.3088
98.3088
107.63
107.63
107.63
115.703
115.703
115.703
122.494
122.494
122.494
127.948
127.948
127.948
131.984
131.984
131.984
134.479
134.479
134.479
135.271
135.271
135.271
134.187
134.187
134.187
131.097
131.097
131.097
125.973
125.973
125.973
118.934
118.934
118.934
110.225
110.225
110.225
100.141
100.141
100.141
88.9097
88.9097
88.9097
76.629
76.629
76.629
63.2312
63.2312
63.2312
48.5627
48.5627
48.5627
32.6347
32.6347
32.6347
20.4002
20.4002
20.4002
39.428
49.2152
63.2532
76.2037
88.0103
98.6288
108.025
116.169
123.026
128.547
132.652
135.218
136.083
135.067
132.026
126.922
119.868
111.109
100.949
89.6265
77.2465
63.743
48.9583
32.8987
20.5606
39.3646
39.3646
49.2439
49.2439
63.1627
63.1627
76.0011
76.0011
87.7028
87.7028
98.224
98.224
107.53
107.53
115.59
115.59
122.367
122.367
127.809
127.809
131.831
131.831
134.312
134.312
135.09
135.09
133.995
133.995
130.896
130.896
125.769
125.769
118.735
118.735
110.038
110.038
99.9699
99.9699
88.7588
88.7588
76.4991
76.4991
63.1237
63.1237
48.4798
48.4798
32.5793
32.5793
20.3665
20.3665
39.3646
39.3646
49.2439
49.2439
63.1627
63.1627
76.0011
76.0011
87.7027
87.7027
98.2239
98.2239
107.53
107.53
115.59
115.59
122.367
122.367
127.809
127.809
131.831
131.831
134.312
134.312
135.09
135.09
133.995
133.995
130.896
130.896
125.769
125.769
118.735
118.735
110.038
110.038
99.97
99.97
88.7588
88.7588
76.4992
76.4992
63.1238
63.1238
48.4799
48.4799
32.5793
32.5793
20.3665
20.3665
39.428
49.2153
63.2532
76.2037
88.0103
98.6288
108.025
116.169
123.026
128.547
132.652
135.218
136.083
135.067
132.026
126.922
119.868
111.109
100.949
89.6265
77.2465
63.7431
48.9583
32.8987
20.5606
)
;
    }
    baffle_master
    {
        type            calculated;
        value           nonuniform List<scalar> 
150
(
0.00530895
0.00530895
0.00530895
0.00525593
0.00525593
0.00525593
0.00524528
0.00524528
0.00524528
0.00525121
0.00525121
0.00525121
0.00527732
0.00527732
0.00527732
0.00532057
0.00532057
0.00532057
0.00537083
0.00537083
0.00537083
0.00541413
0.00541413
0.00541413
0.00543789
0.00543789
0.00543789
0.00543553
0.00543553
0.00543553
0.00540851
0.00540851
0.00540851
0.0053651
0.0053651
0.0053651
0.00531675
0.00531675
0.00531675
0.00527387
0.00527387
0.00527387
0.00524278
0.00524278
0.00524278
0.00522476
0.00522476
0.00522476
0.00521725
0.00521725
0.00521725
0.00521639
0.00521639
0.00521639
0.0052193
0.0052193
0.0052193
0.00522561
0.00522561
0.00522561
0.00523792
0.00523792
0.00523792
0.00526172
0.00526172
0.00526172
0.00527962
0.00527962
0.00527962
0.00527778
0.00527778
0.00527778
0.00279425
0.00279425
0.00279425
0.00530894
0.00530894
0.00530894
0.00525592
0.00525592
0.00525592
0.00524527
0.00524527
0.00524527
0.0052512
0.0052512
0.0052512
0.00527732
0.00527732
0.00527732
0.00532057
0.00532057
0.00532057
0.00537083
0.00537083
0.00537083
0.00541413
0.00541413
0.00541413
0.00543789
0.00543789
0.00543789
0.00543553
0.00543553
0.00543553
0.00540852
0.00540852
0.00540852
0.00536511
0.00536511
0.00536511
0.00531675
0.00531675
0.00531675
0.00527387
0.00527387
0.00527387
0.00524278
0.00524278
0.00524278
0.00522476
0.00522476
0.00522476
0.00521725
0.00521725
0.00521725
0.00521638
0.00521638
0.00521638
0.0052193
0.0052193
0.0052193
0.00522561
0.00522561
0.00522561
0.00523791
0.00523791
0.00523791
0.00526172
0.00526172
0.00526172
0.00527962
0.00527962
0.00527962
0.00527779
0.00527779
0.00527779
0.00279425
0.00279425
0.00279425
)
;
    }
    baffle_slave
    {
        type            calculated;
        value           nonuniform List<scalar> 
150
(
39.4279
39.428
39.428
49.1786
49.2152
49.2153
63.2474
63.2532
63.2532
76.2265
76.2037
76.2037
88.0602
88.0103
88.0103
98.704
98.6288
98.6288
108.124
108.025
108.025
116.29
116.169
116.169
123.168
123.026
123.026
128.71
128.547
128.547
132.836
132.652
132.652
135.425
135.218
135.218
136.313
136.083
136.083
135.318
135.067
135.067
132.294
132.026
132.026
127.198
126.922
126.922
120.142
119.868
119.868
111.369
111.109
111.109
101.187
100.949
100.949
89.8382
89.6265
89.6265
77.4293
77.2465
77.2465
63.8949
63.7431
63.7431
49.0758
48.9583
48.9583
32.9772
32.8987
32.8987
20.6083
20.5606
20.5606
39.428
39.4279
39.428
49.2153
49.1786
49.2152
63.2532
63.2474
63.2532
76.2037
76.2266
76.2037
88.0103
88.0602
88.0103
98.6288
98.704
98.6288
108.025
108.124
108.025
116.169
116.29
116.169
123.026
123.168
123.026
128.547
128.71
128.547
132.652
132.836
132.652
135.218
135.425
135.218
136.083
136.313
136.083
135.067
135.318
135.067
132.026
132.294
132.026
126.922
127.198
126.922
119.868
120.142
119.868
111.109
111.369
111.109
100.949
101.187
100.949
89.6265
89.8382
89.6265
77.2465
77.4293
77.2465
63.7431
63.8949
63.743
48.9583
49.0758
48.9583
32.8987
32.9772
32.8987
20.5606
20.6083
20.5606
)
;
    }
}


// ************************************************************************* //
