/*--------------------------------*- C++ -*----------------------------------*\
| =========                 |                                                 |
| \\      /  F ield         | OpenFOAM: The Open Source CFD Toolbox           |
|  \\    /   O peration     | Version:  2212                                  |
|   \\  /    A nd           | Website:  www.openfoam.com                      |
|    \\/     M anipulation  |                                                 |
\*---------------------------------------------------------------------------*/
FoamFile
{
    version     2.0;
    format      ascii;
    arch        "LSB;label=32;scalar=64";
    class       volScalarField;
    location    "36/fluidRegion";
    object      epsilon;
}
// * * * * * * * * * * * * * * * * * * * * * * * * * * * * * * * * * * * * * //

dimensions      [0 2 -3 0 0 0 0];

internalField   nonuniform List<scalar> 
350
(
66.9761
66.9602
66.9445
66.9288
66.913
66.8969
66.8804
66.8637
66.8468
66.83
66.8135
66.7976
66.7824
66.7684
66.7561
66.7463
66.7403
66.7401
66.7488
66.7711
66.8139
66.8881
67.0098
67.2041
67.509
66.9761
66.9602
66.9445
66.9288
66.913
66.8969
66.8804
66.8637
66.8468
66.83
66.8135
66.7976
66.7824
66.7684
66.7561
66.7463
66.7403
66.7401
66.7488
66.7711
66.8139
66.8881
67.0098
67.2041
67.509
7.43331e+06
6.84953e+06
6.20054e+06
5.50623e+06
4.79396e+06
4.08894e+06
3.41311e+06
2.78442e+06
2.21637e+06
1.71793e+06
1.29357e+06
943626
664805
450800
293116
181999
107411
59935.4
31437.3
15421.4
7075.91
3093.13
1380.2
735.346
547.722
7.59333e+06
6.99843e+06
6.33697e+06
5.62873e+06
4.90174e+06
4.18176e+06
3.49129e+06
2.8487e+06
2.26788e+06
1.75803e+06
1.3238e+06
965626
680177
461062
299624
185895
109597
61074.3
31981.1
15655
7163.78
3120.97
1387.27
736.772
548.143
7.40712e+06
6.82509e+06
6.17825e+06
5.48629e+06
4.77649e+06
4.07395e+06
3.40053e+06
2.77411e+06
2.20815e+06
1.71155e+06
1.28877e+06
940147
662381
449185
292093
181386
107067
59755.1
31350.4
15383.3
7060.95
3087.95
1378.6
734.865
547.552
7.55789e+06
6.96539e+06
6.30661e+06
5.60141e+06
4.87764e+06
4.16097e+06
3.47373e+06
2.83423e+06
2.25626e+06
1.74896e+06
1.31696e+06
960634
676682
458724
298139
185005
109098
60813.7
31856.7
15601.6
7143.74
3114.67
1385.7
736.475
548.062
7.55789e+06
6.96539e+06
6.30661e+06
5.60141e+06
4.87764e+06
4.16097e+06
3.47373e+06
2.83423e+06
2.25626e+06
1.74896e+06
1.31696e+06
960634
676682
458724
298139
185005
109098
60813.7
31856.7
15601.6
7143.74
3114.67
1385.7
736.476
548.063
7.40713e+06
6.8251e+06
6.17826e+06
5.4863e+06
4.7765e+06
4.07396e+06
3.40054e+06
2.77411e+06
2.20815e+06
1.71155e+06
1.28877e+06
940148
662382
449186
292094
181386
107067
59755.2
31350.4
15383.3
7060.94
3087.94
1378.59
734.859
547.548
7.59332e+06
6.99843e+06
6.33697e+06
5.62873e+06
4.90174e+06
4.18176e+06
3.49129e+06
2.8487e+06
2.26788e+06
1.75803e+06
1.3238e+06
965626
680177
461062
299624
185895
109597
61074.3
31981.1
15655
7163.78
3120.97
1387.27
736.773
548.144
7.43331e+06
6.84953e+06
6.20054e+06
5.50623e+06
4.79396e+06
4.08894e+06
3.41311e+06
2.78442e+06
2.21637e+06
1.71793e+06
1.29357e+06
943626
664805
450800
293116
181999
107411
59935.4
31437.3
15421.4
7075.9
3093.12
1380.19
735.336
547.712
7.55789e+06
6.96539e+06
6.30661e+06
5.60141e+06
4.87764e+06
4.16097e+06
3.47373e+06
2.83423e+06
2.25626e+06
1.74896e+06
1.31696e+06
960634
676682
458724
298139
185005
109098
60813.7
31856.7
15601.6
7143.74
3114.66
1385.7
736.472
548.059
7.40711e+06
6.82509e+06
6.17825e+06
5.48629e+06
4.77649e+06
4.07395e+06
3.40053e+06
2.77411e+06
2.20815e+06
1.71155e+06
1.28877e+06
940147
662381
449185
292093
181386
107067
59755.2
31350.4
15383.3
7060.98
3087.97
1378.62
734.884
547.571
7.40713e+06
6.8251e+06
6.17826e+06
5.4863e+06
4.7765e+06
4.07396e+06
3.40054e+06
2.77411e+06
2.20815e+06
1.71155e+06
1.28877e+06
940148
662382
449186
292094
181386
107067
59755.2
31350.3
15383.3
7060.94
3087.94
1378.59
734.862
547.551
7.55789e+06
6.96539e+06
6.30661e+06
5.60141e+06
4.87764e+06
4.16097e+06
3.47373e+06
2.83423e+06
2.25626e+06
1.74896e+06
1.31696e+06
960634
676682
458724
298139
185005
109098
60813.7
31856.7
15601.6
7143.72
3114.65
1385.68
736.461
548.048
)
;

boundaryField
{
    outletCentralUnloaded
    {
        type            zeroGradient;
    }
    inletCentralUnloaded
    {
        type            zeroGradient;
    }
    outletFuelElement
    {
        type            zeroGradient;
    }
    inletFuelElement
    {
        type            zeroGradient;
    }
    defaultFaces
    {
        type            zeroGradient;
    }
    baffle_master
    {
        type            zeroGradient;
    }
    baffle_slave
    {
        type            zeroGradient;
    }
}


// ************************************************************************* //
