/*--------------------------------*- C++ -*----------------------------------*\
| =========                 |                                                 |
| \\      /  F ield         | OpenFOAM: The Open Source CFD Toolbox           |
|  \\    /   O peration     | Version:  2212                                  |
|   \\  /    A nd           | Website:  www.openfoam.com                      |
|    \\/     M anipulation  |                                                 |
\*---------------------------------------------------------------------------*/
FoamFile
{
    version     2.0;
    format      ascii;
    arch        "LSB;label=32;scalar=64";
    class       volScalarField;
    location    "36/fluidRegion";
    object      hdeltaT;
}
// * * * * * * * * * * * * * * * * * * * * * * * * * * * * * * * * * * * * * //

dimensions      [1 0 -3 0 0 0 0];

internalField   nonuniform List<scalar> 
350
(
0
0
0
0
0
0
0
0
0
0
0
0
0
0
0
0
0
0
0
0
0
0
0
0
0
0
0
0
0
0
0
0
0
0
0
0
0
0
0
0
0
0
0
0
0
0
0
0
0
0
391714
1.28141e+06
2.15026e+06
2.98459e+06
3.77125e+06
4.49785e+06
5.15295e+06
5.72621e+06
6.20863e+06
6.59261e+06
6.87211e+06
7.04274e+06
7.10183e+06
7.04845e+06
6.88347e+06
6.60947e+06
6.23078e+06
5.75335e+06
5.18468e+06
4.53382e+06
3.81108e+06
3.02819e+06
2.19809e+06
1.33495e+06
452745
395575
1.29547e+06
2.17429e+06
3.01819e+06
3.81388e+06
4.54883e+06
5.21144e+06
5.7913e+06
6.27927e+06
6.66768e+06
6.95041e+06
7.12302e+06
7.18281e+06
7.12885e+06
6.96201e+06
6.68491e+06
6.30192e+06
5.81906e+06
5.2439e+06
4.58562e+06
3.85462e+06
3.06277e+06
2.22315e+06
1.35013e+06
457832
391099
1.27916e+06
2.14643e+06
2.97924e+06
3.76446e+06
4.48973e+06
5.14363e+06
5.71584e+06
6.19738e+06
6.58065e+06
6.85964e+06
7.02995e+06
7.08892e+06
7.03564e+06
6.87095e+06
6.59746e+06
6.21945e+06
5.74289e+06
5.17524e+06
4.52557e+06
3.80414e+06
3.02268e+06
2.19409e+06
1.33253e+06
451935
394680
1.29222e+06
2.16875e+06
3.01045e+06
3.80407e+06
4.53709e+06
5.19798e+06
5.77632e+06
6.26301e+06
6.6504e+06
6.93238e+06
7.10454e+06
7.16417e+06
7.11035e+06
6.94393e+06
6.66755e+06
6.28555e+06
5.80393e+06
5.23027e+06
4.5737e+06
3.8446e+06
3.05481e+06
2.21738e+06
1.34664e+06
456661
394680
1.29222e+06
2.16875e+06
3.01045e+06
3.80407e+06
4.53709e+06
5.19798e+06
5.77632e+06
6.26301e+06
6.6504e+06
6.93238e+06
7.10454e+06
7.16417e+06
7.11035e+06
6.94393e+06
6.66755e+06
6.28555e+06
5.80393e+06
5.23027e+06
4.5737e+06
3.8446e+06
3.05481e+06
2.21738e+06
1.34664e+06
456661
391099
1.27916e+06
2.14643e+06
2.97924e+06
3.76446e+06
4.48973e+06
5.14363e+06
5.71584e+06
6.19738e+06
6.58065e+06
6.85964e+06
7.02995e+06
7.08892e+06
7.03564e+06
6.87095e+06
6.59746e+06
6.21945e+06
5.74289e+06
5.17524e+06
4.52557e+06
3.80414e+06
3.02268e+06
2.19409e+06
1.33253e+06
451935
395575
1.29547e+06
2.17429e+06
3.01819e+06
3.81388e+06
4.54883e+06
5.21144e+06
5.7913e+06
6.27927e+06
6.66768e+06
6.95041e+06
7.12302e+06
7.18281e+06
7.12885e+06
6.96201e+06
6.68491e+06
6.30192e+06
5.81906e+06
5.2439e+06
4.58562e+06
3.85462e+06
3.06277e+06
2.22315e+06
1.35013e+06
457832
391714
1.28141e+06
2.15026e+06
2.98459e+06
3.77125e+06
4.49785e+06
5.15295e+06
5.72621e+06
6.20863e+06
6.59261e+06
6.87211e+06
7.04274e+06
7.10183e+06
7.04845e+06
6.88347e+06
6.60947e+06
6.23078e+06
5.75335e+06
5.18468e+06
4.53382e+06
3.81108e+06
3.02819e+06
2.19809e+06
1.33495e+06
452745
394680
1.29222e+06
2.16875e+06
3.01045e+06
3.80407e+06
4.53709e+06
5.19798e+06
5.77632e+06
6.26301e+06
6.6504e+06
6.93238e+06
7.10454e+06
7.16417e+06
7.11035e+06
6.94393e+06
6.66755e+06
6.28555e+06
5.80393e+06
5.23027e+06
4.5737e+06
3.84459e+06
3.05481e+06
2.21738e+06
1.34664e+06
456661
391099
1.27917e+06
2.14643e+06
2.97924e+06
3.76446e+06
4.48973e+06
5.14363e+06
5.71584e+06
6.19738e+06
6.58065e+06
6.85964e+06
7.02995e+06
7.08892e+06
7.03564e+06
6.87095e+06
6.59745e+06
6.21945e+06
5.74288e+06
5.17524e+06
4.52557e+06
3.80414e+06
3.02268e+06
2.19409e+06
1.33253e+06
451935
391099
1.27916e+06
2.14643e+06
2.97924e+06
3.76446e+06
4.48973e+06
5.14363e+06
5.71584e+06
6.19738e+06
6.58065e+06
6.85964e+06
7.02995e+06
7.08892e+06
7.03564e+06
6.87095e+06
6.59746e+06
6.21945e+06
5.74289e+06
5.17524e+06
4.52557e+06
3.80414e+06
3.02268e+06
2.19409e+06
1.33253e+06
451935
394680
1.29222e+06
2.16875e+06
3.01045e+06
3.80407e+06
4.53709e+06
5.19798e+06
5.77632e+06
6.26301e+06
6.6504e+06
6.93238e+06
7.10454e+06
7.16417e+06
7.11035e+06
6.94393e+06
6.66755e+06
6.28555e+06
5.80393e+06
5.23027e+06
4.5737e+06
3.8446e+06
3.05481e+06
2.21738e+06
1.34664e+06
456661
)
;

boundaryField
{
    outletCentralUnloaded
    {
        type            calculated;
        value           uniform 0;
    }
    inletCentralUnloaded
    {
        type            calculated;
        value           uniform 0;
    }
    outletFuelElement
    {
        type            calculated;
        value           uniform 0;
    }
    inletFuelElement
    {
        type            calculated;
        value           nonuniform List<scalar> 
12
(
3.04359e+06
3.04239e+06
3.0435e+06
3.04271e+06
3.04271e+06
3.0435e+06
3.04239e+06
3.04359e+06
3.04271e+06
3.0435e+06
3.0435e+06
3.04271e+06
)
;
    }
    defaultFaces
    {
        type            calculated;
        value           nonuniform List<scalar> 
450
(
0
0
0
0
0
0
0
0
0
0
0
0
0
0
0
0
0
0
0
0
0
0
0
0
0
0
0
0
0
0
0
0
0
0
0
0
0
0
0
0
0
0
0
0
0
0
0
0
1.28946e+06
1.28946e+06
1.28946e+06
2.36199e+06
2.36199e+06
2.36199e+06
3.09163e+06
3.09163e+06
3.09163e+06
3.50299e+06
3.50299e+06
3.50299e+06
3.63926e+06
3.63926e+06
3.63926e+06
3.56521e+06
3.56521e+06
3.56521e+06
3.37008e+06
3.37008e+06
3.37008e+06
3.16403e+06
3.16403e+06
3.16403e+06
3.00987e+06
3.00987e+06
3.00987e+06
0
0
0
0
0
0
0
0
0
0
0
0
0
0
0
0
0
0
0
0
0
0
0
0
0
0
0
0
0
0
0
0
1.3078e+06
1.3078e+06
2.37462e+06
2.37462e+06
3.09981e+06
3.09981e+06
3.5079e+06
3.5079e+06
3.64194e+06
3.64194e+06
3.56653e+06
3.56653e+06
3.37063e+06
3.37063e+06
3.16416e+06
3.16416e+06
3.00984e+06
3.00984e+06
0
0
0
0
0
0
0
0
0
0
0
0
0
0
0
0
1.19556e+06
2.29653e+06
3.04847e+06
3.47626e+06
3.62364e+06
3.55627e+06
3.36468e+06
3.16072e+06
3.00871e+06
0
0
0
0
0
0
0
0
0
0
0
0
0
0
0
0
1.19556e+06
2.29653e+06
3.04847e+06
3.47626e+06
3.62364e+06
3.55627e+06
3.36468e+06
3.16072e+06
3.00871e+06
0
0
0
0
0
0
0
0
0
0
0
0
0
0
0
0
0
0
0
0
0
0
0
0
0
0
0
0
0
0
0
0
1.30778e+06
1.30778e+06
2.37461e+06
2.37461e+06
3.0998e+06
3.0998e+06
3.50789e+06
3.50789e+06
3.64193e+06
3.64193e+06
3.56652e+06
3.56652e+06
3.37063e+06
3.37063e+06
3.16415e+06
3.16415e+06
3.00984e+06
3.00984e+06
0
0
0
0
0
0
0
0
0
0
0
0
0
0
0
0
0
0
0
0
0
0
0
0
0
0
0
0
0
0
0
0
0
0
0
0
0
0
0
0
0
0
0
0
0
0
0
0
1.28946e+06
1.28946e+06
1.28946e+06
2.36199e+06
2.36199e+06
2.36199e+06
3.09163e+06
3.09163e+06
3.09163e+06
3.50299e+06
3.50299e+06
3.50299e+06
3.63926e+06
3.63926e+06
3.63926e+06
3.56522e+06
3.56522e+06
3.56522e+06
3.37008e+06
3.37008e+06
3.37008e+06
3.16403e+06
3.16403e+06
3.16403e+06
3.00987e+06
3.00987e+06
3.00987e+06
0
0
0
0
0
0
0
0
0
0
0
0
0
0
0
0
1.19556e+06
2.29653e+06
3.04847e+06
3.47626e+06
3.62364e+06
3.55627e+06
3.36468e+06
3.16072e+06
3.00871e+06
0
0
0
0
0
0
0
0
0
0
0
0
0
0
0
0
0
0
0
0
0
0
0
0
0
0
0
0
0
0
0
0
1.3078e+06
1.3078e+06
2.37462e+06
2.37462e+06
3.09981e+06
3.09981e+06
3.5079e+06
3.5079e+06
3.64193e+06
3.64193e+06
3.56653e+06
3.56653e+06
3.37063e+06
3.37063e+06
3.16416e+06
3.16416e+06
3.00984e+06
3.00984e+06
0
0
0
0
0
0
0
0
0
0
0
0
0
0
0
0
0
0
0
0
0
0
0
0
0
0
0
0
0
0
0
0
1.30778e+06
1.30778e+06
2.37461e+06
2.37461e+06
3.0998e+06
3.0998e+06
3.50789e+06
3.50789e+06
3.64193e+06
3.64193e+06
3.56652e+06
3.56652e+06
3.37063e+06
3.37063e+06
3.16415e+06
3.16415e+06
3.00984e+06
3.00984e+06
0
0
0
0
0
0
0
0
0
0
0
0
0
0
0
0
1.19556e+06
2.29653e+06
3.04847e+06
3.47626e+06
3.62364e+06
3.55627e+06
3.36468e+06
3.16072e+06
3.00871e+06
)
;
    }
    baffle_master
    {
        type            calculated;
        value           uniform 0;
    }
    baffle_slave
    {
        type            calculated;
        value           nonuniform List<scalar> 
150
(
0
0
0
0
0
0
0
0
0
0
0
0
0
0
0
0
0
0
0
0
0
0
0
0
0
0
0
0
0
0
0
0
0
0
0
0
0
0
0
0
0
0
0
0
0
0
0
0
1.16727e+06
1.19556e+06
1.19556e+06
2.27677e+06
2.29653e+06
2.29653e+06
3.0354e+06
3.04847e+06
3.04847e+06
3.46813e+06
3.47626e+06
3.47626e+06
3.61886e+06
3.62364e+06
3.62364e+06
3.5535e+06
3.55627e+06
3.55627e+06
3.36297e+06
3.36468e+06
3.36468e+06
3.15963e+06
3.16072e+06
3.16072e+06
3.00831e+06
3.00871e+06
3.00871e+06
0
0
0
0
0
0
0
0
0
0
0
0
0
0
0
0
0
0
0
0
0
0
0
0
0
0
0
0
0
0
0
0
0
0
0
0
0
0
0
0
0
0
0
0
0
0
0
0
1.19556e+06
1.16727e+06
1.19556e+06
2.29653e+06
2.27677e+06
2.29653e+06
3.04847e+06
3.0354e+06
3.04847e+06
3.47626e+06
3.46813e+06
3.47626e+06
3.62364e+06
3.61886e+06
3.62364e+06
3.55627e+06
3.5535e+06
3.55627e+06
3.36468e+06
3.36297e+06
3.36468e+06
3.16072e+06
3.15963e+06
3.16072e+06
3.00871e+06
3.00831e+06
3.00871e+06
)
;
    }
}


// ************************************************************************* //
