/*--------------------------------*- C++ -*----------------------------------*\
| =========                 |                                                 |
| \\      /  F ield         | OpenFOAM: The Open Source CFD Toolbox           |
|  \\    /   O peration     | Version:  2212                                  |
|   \\  /    A nd           | Website:  www.openfoam.com                      |
|    \\/     M anipulation  |                                                 |
\*---------------------------------------------------------------------------*/
FoamFile
{
    version     2.0;
    format      ascii;
    arch        "LSB;label=32;scalar=64";
    class       volScalarField;
    location    "36/fluidRegion";
    object      Re;
}
// * * * * * * * * * * * * * * * * * * * * * * * * * * * * * * * * * * * * * //

dimensions      [0 0 0 0 0 0 0];

internalField   nonuniform List<scalar> 
350
(
174028
174027
174026
174025
174024
174024
174025
174025
174025
174026
174026
174026
174026
174025
174024
174023
174022
174020
174018
174017
174016
174016
174017
174020
174388
174028
174027
174026
174025
174024
174024
174025
174025
174025
174026
174026
174026
174026
174025
174024
174023
174022
174020
174018
174017
174016
174016
174017
174020
174388
55327.7
55272.6
55273.9
55274.3
55273.4
55271.1
55267.3
55261.8
55254.4
55244.8
55233
55219
55202.6
55184.1
55163
55138.3
55108.2
55070.9
55025.8
54978.8
54949.6
54997.5
55264.3
56000.2
56467
54840.6
54777.8
54774.9
54771
54766.1
54760.2
54753
54744.3
54734
54721.8
54707.9
54692.6
54676.6
54661
54646.5
54632.9
54619.2
54603.6
54585.5
54571.4
54582.4
54681
55015.2
55840.7
56415.1
55409.2
55353.7
55355.5
55356.2
55355.5
55353.5
55349.8
55344.4
55337.1
55327.5
55315.5
55301.1
55284.1
55264.4
55241.5
55214.2
55180.7
55139.1
55088.6
55035.2
54998.2
55036.3
55290.8
56012.2
56468.8
54949.5
54888.9
54887.2
54884.4
54880.7
54875.8
54869.6
54861.8
54852.3
54840.9
54827.6
54812.8
54797
54780.9
54765
54749.2
54731.9
54711.5
54687.4
54665.9
54667.8
54755.1
55074
55879.1
56427.9
54949.5
54888.9
54887.2
54884.4
54880.7
54875.8
54869.6
54861.8
54852.3
54840.9
54827.6
54812.8
54797
54780.9
54765
54749.2
54731.9
54711.5
54687.4
54665.9
54667.8
54755.1
55074
55879.1
56427.9
55409.2
55353.7
55355.5
55356.2
55355.5
55353.4
55349.8
55344.4
55337
55327.5
55315.5
55301.1
55284.1
55264.4
55241.5
55214.2
55180.7
55139
55088.5
55035.1
54998.1
55036.2
55290.7
56012.1
56468.8
54840.6
54777.8
54774.9
54771
54766.1
54760.2
54753
54744.3
54734
54721.8
54707.9
54692.6
54676.6
54661
54646.5
54632.9
54619.2
54603.6
54585.5
54571.4
54582.4
54681
55015.2
55840.7
56415.1
55327.7
55272.6
55273.9
55274.3
55273.4
55271.1
55267.3
55261.8
55254.4
55244.8
55233
55219
55202.6
55184.1
55163
55138.3
55108.2
55070.9
55025.8
54978.8
54949.6
54997.5
55264.4
56000.3
56467
54949.5
54888.9
54887.2
54884.4
54880.7
54875.8
54869.6
54861.8
54852.3
54840.9
54827.6
54812.8
54797
54780.9
54765
54749.2
54731.9
54711.5
54687.4
54665.9
54667.8
54755.1
55074
55879.1
56427.9
55409.2
55353.7
55355.5
55356.2
55355.5
55353.5
55349.8
55344.4
55337.1
55327.5
55315.5
55301.1
55284.1
55264.4
55241.5
55214.2
55180.7
55139.1
55088.6
55035.2
54998.2
55036.3
55290.8
56012.2
56468.8
55409.2
55353.7
55355.5
55356.2
55355.5
55353.4
55349.8
55344.4
55337
55327.5
55315.5
55301.1
55284.1
55264.4
55241.5
55214.2
55180.7
55139
55088.5
55035.1
54998.1
55036.2
55290.7
56012.1
56468.8
54949.5
54888.9
54887.2
54884.4
54880.7
54875.8
54869.6
54861.8
54852.3
54840.9
54827.6
54812.8
54797
54780.9
54765
54749.2
54731.9
54711.5
54687.4
54665.9
54667.8
54755.1
55074
55879.2
56428
)
;

boundaryField
{
    outletCentralUnloaded
    {
        type            zeroGradient;
    }
    inletCentralUnloaded
    {
        type            zeroGradient;
    }
    outletFuelElement
    {
        type            zeroGradient;
    }
    inletFuelElement
    {
        type            zeroGradient;
    }
    defaultFaces
    {
        type            zeroGradient;
    }
    baffle_master
    {
        type            zeroGradient;
    }
    baffle_slave
    {
        type            zeroGradient;
    }
}


// ************************************************************************* //
