/*--------------------------------*- C++ -*----------------------------------*\
| =========                 |                                                 |
| \\      /  F ield         | OpenFOAM: The Open Source CFD Toolbox           |
|  \\    /   O peration     | Version:  2212                                  |
|   \\  /    A nd           | Website:  www.openfoam.com                      |
|    \\/     M anipulation  |                                                 |
\*---------------------------------------------------------------------------*/
FoamFile
{
    version     2.0;
    format      ascii;
    arch        "LSB;label=32;scalar=64";
    class       surfaceScalarField;
    location    "42/fluidRegion";
    object      alphaPhi;
}
// * * * * * * * * * * * * * * * * * * * * * * * * * * * * * * * * * * * * * //

dimensions      [0 3 -1 0 0 0 0];

oriented        oriented;

internalField   nonuniform List<scalar> 
661
(
-0.000538974
7.34149e-12
-0.000538926
8.57344e-12
-0.000538875
5.66976e-12
-0.000538824
1.29692e-12
-0.000538773
-3.40645e-12
-0.000538725
-7.30247e-12
-0.000538678
-9.41328e-12
-0.000538633
-9.3805e-12
-0.000538591
-7.61056e-12
-0.00053855
-4.99984e-12
-0.00053851
-2.48379e-12
-0.000538471
-6.62519e-13
-0.000538431
3.4455e-13
-0.000538392
8.08647e-13
-0.000538352
1.1675e-12
-0.000538312
1.7814e-12
-0.000538271
2.78655e-12
-0.000538228
4.07633e-12
-0.000538184
5.3908e-12
-0.000538138
6.45884e-12
-0.00053809
7.11684e-12
-0.000538042
7.34105e-12
-0.000537992
6.5948e-12
-0.000537942
6.93891e-13
-1.39987e-11
-0.000538974
-0.000538926
-0.000538875
-0.000538824
-0.000538773
-0.000538725
-0.000538678
-0.000538633
-0.000538591
-0.00053855
-0.00053851
-0.000538471
-0.000538431
-0.000538392
-0.000538352
-0.000538312
-0.000538271
-0.000538228
-0.000538184
-0.000538138
-0.00053809
-0.000538042
-0.000537992
-0.000537942
-0.0201547
1.40519e-06
-0.0197325
6.75439e-07
-0.0191935
7.33538e-07
-0.018547
6.59989e-07
-0.0178023
5.97347e-07
-0.0169695
5.39229e-07
-0.0160587
4.85329e-07
-0.0150805
4.3296e-07
-0.0140456
3.76394e-07
-0.0129652
3.06193e-07
-0.0118511
2.10631e-07
-0.0107162
7.81936e-08
-0.00957488
-9.43114e-08
-0.00844271
-2.92941e-07
-0.00733659
-4.95191e-07
-0.00627367
-6.67194e-07
-0.00527013
-7.82581e-07
-0.00434009
-8.34473e-07
-0.00349515
-8.36672e-07
-0.00274503
-8.13322e-07
-0.00209846
-7.86281e-07
-0.00156482
-7.60545e-07
-0.00115479
-7.25128e-07
-0.000879334
-6.29366e-07
-5.98675e-07
-0.0202839
-4.19795e-08
-3.79981e-08
-0.0198607
-1.77938e-07
-1.78495e-07
-0.0193197
-1.68608e-07
-1.68469e-07
-0.0186702
-1.46079e-07
-1.4571e-07
-0.0179218
-1.2665e-07
-1.26023e-07
-0.0170844
-1.08692e-07
-1.07987e-07
-0.0161684
-9.21883e-08
-9.14665e-08
-0.0151844
-7.65085e-08
-7.57592e-08
-0.014143
-6.00886e-08
-5.93233e-08
-0.0130555
-4.03021e-08
-3.9542e-08
-0.0119338
-1.34417e-08
-1.26643e-08
-0.0107909
2.38426e-08
2.4656e-08
-0.00964109
7.2065e-08
7.28619e-08
-0.00850017
1.32183e-07
1.3295e-07
-0.00738524
1.94165e-07
1.94893e-07
-0.0063137
2.48209e-07
2.48902e-07
-0.00530199
2.85417e-07
2.86073e-07
-0.00436448
3.02826e-07
3.03468e-07
-0.0035129
3.04337e-07
3.04915e-07
-0.00275709
2.97339e-07
2.97923e-07
-0.00210587
2.88539e-07
2.88942e-07
-0.00156866
2.78072e-07
2.78125e-07
-0.00115623
2.59171e-07
2.58308e-07
-0.000879528
2.05182e-07
2.03856e-07
1.56488e-07
1.55462e-07
-0.0201336
6.93866e-07
-0.0197116
6.60763e-07
-0.0191731
6.36077e-07
-0.0185271
5.6601e-07
-0.0177831
5.03274e-07
-0.016951
4.45539e-07
-0.0160412
3.91917e-07
-0.0150639
3.39383e-07
-0.0140301
2.81418e-07
-0.0129508
2.07854e-07
-0.011838
1.05993e-07
-0.0107045
-3.44753e-08
-0.00956446
-2.16185e-07
-0.00843367
-4.25497e-07
-0.00732893
-6.35695e-07
-0.00626735
-8.11037e-07
-0.00526508
-9.24673e-07
-0.0043362
-9.70951e-07
-0.00349226
-9.65873e-07
-0.002743
-9.3516e-07
-0.00209713
-9.0011e-07
-0.00156402
-8.64104e-07
-0.00115435
-8.04248e-07
-0.000879117
-6.66508e-07
-5.4264e-07
-0.0202552
3.31799e-09
-0.0198321
-6.82321e-11
-0.0192915
1.81283e-10
-0.0186426
1.35815e-10
-0.0178949
2.1046e-10
-0.0170585
2.55323e-10
-0.0161437
2.2143e-10
-0.0151609
2.47492e-10
-0.0141209
2.40485e-10
-0.013035
1.91091e-10
-0.0119151
2.08486e-10
-0.010774
2.42899e-10
-0.00962602
2.74455e-10
-0.00848707
2.8357e-10
-0.00737414
2.41727e-10
-0.00630456
1.57979e-10
-0.00529471
9.74236e-11
-0.00435891
1.03824e-10
-0.00350884
5.40877e-11
-0.00275434
1.40241e-11
-0.00210419
-2.54517e-11
-0.0015678
-2.22345e-10
-0.00115592
-5.70331e-10
-0.00087951
-5.76331e-10
-5.74921e-10
-0.0202552
-6.86866e-07
-0.0198321
-6.61076e-07
-0.0192915
-6.35624e-07
-0.0186426
-5.65621e-07
-0.0178949
-5.02754e-07
-0.0170586
-4.44957e-07
-0.0161437
-3.91362e-07
-0.0151609
-3.38776e-07
-0.014121
-2.80818e-07
-0.0130351
-2.07307e-07
-0.0119151
-1.05418e-07
-0.010774
3.51566e-08
-0.00962603
2.16901e-07
-0.00848708
4.26208e-07
-0.00737415
6.36304e-07
-0.00630456
8.11477e-07
-0.00529472
9.24984e-07
-0.00435891
9.71214e-07
-0.00350885
9.65995e-07
-0.00275435
9.35155e-07
-0.00210419
8.99956e-07
-0.00156781
8.63563e-07
-0.00115593
8.02967e-07
-0.000879511
6.652e-07
5.41215e-07
-0.0201336
3.77437e-08
-0.0197117
1.7824e-07
-0.0191731
1.68581e-07
-0.0185271
1.46119e-07
-0.0177831
1.26807e-07
-0.0169511
1.08859e-07
-0.0160412
9.23802e-08
-0.015064
7.66945e-08
-0.0140301
6.02664e-08
-0.0129509
4.03961e-08
-0.011838
1.3519e-08
-0.0107045
-2.38219e-08
-0.00956447
-7.20342e-08
-0.00843368
-1.32197e-07
-0.00732894
-1.9424e-07
-0.00626736
-2.48378e-07
-0.00526508
-2.85639e-07
-0.0043362
-3.03076e-07
-0.00349227
-3.04662e-07
-0.002743
-2.97756e-07
-0.00209713
-2.88963e-07
-0.00156402
-2.78575e-07
-0.00115435
-2.59796e-07
-0.000879115
-2.05634e-07
-1.55427e-07
-0.0202839
-1.40531e-06
-4.2213e-08
-0.0198607
-6.75531e-07
-1.78211e-07
-0.0193197
-7.33405e-07
-1.68661e-07
-0.0186702
-6.59725e-07
-1.45894e-07
-0.0179218
-5.96878e-07
-1.26319e-07
-0.0170844
-5.38738e-07
-1.08324e-07
-0.0161684
-4.84794e-07
-9.17985e-08
-0.0151844
-4.32437e-07
-7.61199e-08
-0.014143
-3.75877e-07
-5.96804e-08
-0.0130555
-3.0576e-07
-3.98545e-08
-0.0119338
-2.10176e-07
-1.29753e-08
-0.0107909
-7.77468e-08
2.42264e-08
-0.00964109
9.47476e-08
7.24325e-08
-0.00850017
2.9333e-07
1.32519e-07
-0.00738524
4.95497e-07
1.94513e-07
-0.0063137
6.67369e-07
2.48612e-07
-0.00530199
7.82662e-07
2.85861e-07
-0.00436448
8.34457e-07
3.03289e-07
-0.0035129
8.36441e-07
3.04887e-07
-0.00275709
8.12763e-07
2.98134e-07
-0.00210587
7.85276e-07
2.89563e-07
-0.00156866
7.58866e-07
2.79339e-07
-0.00115623
7.22261e-07
2.60601e-07
-0.000879528
6.26313e-07
2.06285e-07
5.96058e-07
1.58841e-07
-0.0201547
-0.0197325
-0.0191935
-0.018547
-0.0178023
-0.0169695
-0.0160587
-0.0150805
-0.0140456
-0.0129652
-0.0118511
-0.0107162
-0.00957488
-0.00844271
-0.00733659
-0.00627367
-0.00527013
-0.00434009
-0.00349515
-0.00274503
-0.00209846
-0.00156482
-0.00115479
-0.000879335
-0.0202552
-6.93658e-07
3.09759e-09
-0.0198321
-6.60464e-07
-3.84787e-10
-0.0192915
-6.35799e-07
-5.26433e-11
-0.0186426
-5.65762e-07
-3.77107e-11
-0.0178949
-5.02937e-07
-6.80671e-11
-0.0170585
-4.45176e-07
-9.55709e-11
-0.0161437
-3.91567e-07
-7.11537e-11
-0.0151609
-3.3903e-07
-9.05225e-11
-0.0141209
-2.81089e-07
-7.28358e-11
-0.013035
-2.07624e-07
-2.15353e-11
-0.0119151
-1.05787e-07
-5.01148e-11
-0.010774
3.46863e-08
2.72162e-11
-0.00962602
2.16445e-07
-2.2223e-11
-0.00848707
4.25747e-07
-3.99991e-11
-0.00737414
6.35889e-07
-3.58186e-11
-0.00630456
8.11137e-07
-2.98231e-11
-0.00529471
9.24776e-07
-9.35887e-11
-0.00435891
9.71166e-07
-2.53141e-10
-0.00350884
9.66255e-07
-4.60152e-10
-0.00275434
9.35836e-07
-7.50165e-10
-0.00210419
9.01405e-07
-1.30193e-09
-0.0015678
8.65825e-07
-1.81678e-09
-0.00115592
8.06702e-07
-2.37872e-09
-0.00087951
6.69222e-07
-2.37792e-09
5.46633e-07
-3.36719e-09
-0.0201336
-0.0197116
-0.0191731
-0.0185271
-0.0177831
-0.016951
-0.0160412
-0.0150639
-0.0140301
-0.0129508
-0.011838
-0.0107045
-0.00956446
-0.00843367
-0.00732893
-0.00626735
-0.00526508
-0.0043362
-0.00349226
-0.002743
-0.00209713
-0.00156402
-0.00115435
-0.000879118
-0.0201336
6.86838e-07
-0.0197117
6.61092e-07
-0.0191731
6.35896e-07
-0.0185271
5.66054e-07
-0.0177831
5.03501e-07
-0.0169511
4.45756e-07
-0.0160412
3.92195e-07
-0.015064
3.39611e-07
-0.0140301
2.8166e-07
-0.0129509
2.08018e-07
-0.011838
1.06153e-07
-0.0107045
-3.44926e-08
-0.00956447
-2.16155e-07
-0.00843368
-4.2552e-07
-0.00732894
-6.35705e-07
-0.00626736
-8.11039e-07
-0.00526508
-9.24609e-07
-0.0043362
-9.70844e-07
-0.00349227
-9.65727e-07
-0.002743
-9.34971e-07
-0.00209713
-9.0004e-07
-0.00156402
-8.64377e-07
-0.00115435
-8.05173e-07
-0.000879115
-6.68134e-07
-5.42501e-07
-0.0202552
-0.0198321
-0.0192915
-0.0186426
-0.0178949
-0.0170586
-0.0161437
-0.0151609
-0.014121
-0.0130351
-0.0119151
-0.010774
-0.00962603
-0.00848708
-0.00737415
-0.00630456
-0.00529472
-0.00435891
-0.00350885
-0.00275434
-0.00210419
-0.0015678
-0.00115593
-0.000879512
)
;

boundaryField
{
    outletCentralUnloaded
    {
        type            calculated;
        value           nonuniform List<scalar> 2(0.000539021 0.000539021);
    }
    inletCentralUnloaded
    {
        type            calculated;
        value           uniform -0.000540134;
    }
    outletFuelElement
    {
        type            calculated;
        value           nonuniform List<scalar> 
12
(
0.0204912
0.0206235
0.0204705
0.0205939
0.0205939
0.0204705
0.0206235
0.0204912
0.0205939
0.0204705
0.0204705
0.0205939
)
;
    }
    inletFuelElement
    {
        type            calculated;
        value           nonuniform List<scalar> 
12
(
-0.000722059
-0.00072206
-0.000722059
-0.000722059
-0.00072206
-0.000722059
-0.00072206
-0.000722059
-0.000722059
-0.000722059
-0.000722059
-0.00072206
)
;
    }
    defaultFaces
    {
        type            calculated;
        value           nonuniform List<scalar> 
450
(
3.01136e-23
-3.22139e-23
0
3.22453e-23
-3.18937e-24
0
3.08509e-23
2.1248e-23
0
-4.02806e-23
-1.94568e-23
0
-1.9569e-23
-4.23794e-23
0
-3.6115e-23
-1.56163e-23
0
-3.31425e-23
-1.61836e-23
0
-3.63188e-23
-1.39512e-23
0
-1.04818e-23
-7.99635e-24
0
-2.3753e-23
-5.61908e-24
0
-1.85857e-23
-2.15816e-25
0
-5.94781e-24
-2.20338e-24
0
4.82425e-24
2.69044e-24
0
1.62183e-23
7.7423e-24
0
3.5835e-23
4.2128e-24
0
3.89302e-23
1.30309e-23
0
3.05713e-23
-6.90783e-25
0
5.34009e-23
3.6435e-23
0
4.30883e-23
-5.93871e-23
0
-3.3279e-23
-4.61164e-23
0
-1.84342e-23
-3.38532e-23
0
2.59122e-23
-2.22869e-23
0
-3.50676e-23
-7.69706e-25
0
-1.74256e-23
-6.29593e-24
0
-2.04373e-23
-1.96484e-23
0
3.20908e-23
0
3.20908e-23
0
1.60454e-23
0
1.60454e-23
0
-4.01135e-24
0
1.2034e-23
0
1.60454e-23
0
4.01135e-24
0
-8.0227e-24
0
8.0227e-24
0
3.50993e-24
0
-2.00567e-24
0
-6.01702e-24
0
-1.60454e-23
0
-1.60454e-23
0
-1.60454e-23
0
3.20908e-23
0
-4.81362e-23
0
1.60454e-23
0
-4.81362e-23
0
-3.20908e-23
0
4.81362e-23
0
8.0227e-24
0
-4.01135e-23
0
-8.0227e-24
0
-1.60454e-23
-1.60454e-23
8.0227e-24
0
0
-1.60454e-23
8.0227e-24
0
8.0227e-24
-4.01135e-24
0
5.01419e-25
4.01135e-24
-8.0227e-24
8.0227e-24
0
-1.60454e-23
0
-3.20908e-23
1.60454e-23
0
-1.60454e-23
-3.20908e-23
-8.0227e-24
8.0227e-24
0
0
0
0
0
0
0
0
0
0
0
0
0
0
0
0
0
0
0
0
0
0
0
0
0
-1.00284e-23
2.40681e-23
8.0227e-24
2.40681e-23
2.40681e-23
4.81362e-23
-8.0227e-24
-1.60454e-23
2.00567e-23
-8.0227e-24
-1.2034e-23
-4.01135e-24
-1.2034e-23
-1.2034e-23
-1.2034e-23
-4.01135e-24
1.80511e-23
-8.0227e-24
-6.01702e-24
-4.01135e-24
-3.00851e-24
-2.00567e-24
2.00567e-24
1.56693e-24
6.01702e-24
6.01702e-24
8.0227e-24
1.2034e-23
2.40681e-23
2.40681e-23
2.40681e-23
1.60454e-23
-2.40681e-23
4.81362e-23
3.20908e-23
4.01135e-23
-6.41816e-23
4.01135e-23
-4.81362e-23
-2.40681e-23
-8.0227e-24
-2.40681e-23
-4.81362e-23
4.01135e-23
-2.40681e-23
-2.40681e-23
0
-2.40681e-23
-2.40681e-23
-1.60454e-23
3.58135e-23
0
3.20908e-23
6.2152e-24
0
0
3.19223e-23
0
-6.41816e-23
-5.9979e-23
0
8.0227e-24
1.15496e-23
0
-8.0227e-24
-5.45844e-23
0
8.0227e-24
-4.45087e-23
0
1.60454e-23
-3.91585e-23
0
8.0227e-24
-9.22514e-24
0
-1.60454e-23
-2.88023e-23
0
4.01135e-24
-1.46643e-23
0
4.01135e-24
-7.2605e-24
0
1.00284e-24
7.71369e-24
-0
0
2.79733e-23
-0
-8.0227e-24
4.76035e-23
-0
-8.0227e-24
5.28139e-23
-0
-2.40681e-23
2.40667e-23
-0
0
6.6538e-23
-0
-1.60454e-23
2.81802e-23
-0
0
-3.64331e-23
-0
1.60454e-23
7.2941e-25
-0
1.60454e-23
3.48072e-23
-0
3.20908e-23
-2.87429e-23
-0
-1.60454e-23
-1.04088e-23
-0
8.0227e-24
-1.4517e-23
-0
0
0
-8.0227e-24
0
0
8.0227e-24
-8.0227e-24
-8.0227e-24
-8.0227e-24
-4.01135e-24
0
0
0
4.01135e-24
8.0227e-24
2.40681e-23
1.60454e-23
-4.81362e-23
1.60454e-23
-3.20908e-23
0
0
-3.20908e-23
-4.81362e-23
8.0227e-24
-8.0227e-24
2.00567e-23
0
2.40681e-23
0
0
0
1.60454e-23
0
-8.0227e-24
0
1.2034e-23
0
1.60454e-23
0
4.01135e-24
0
4.01135e-24
0
4.01135e-24
0
3.50993e-24
0
-1.00284e-24
0
-1.2034e-23
-0
-2.00567e-23
-0
-2.40681e-23
-0
-1.60454e-23
-0
4.01135e-23
-0
-3.20908e-23
-0
3.20908e-23
-0
-3.20908e-23
-0
-4.81362e-23
-0
3.20908e-23
-0
8.0227e-24
-0
-1.60454e-23
-0
-2.40681e-23
-0
-2.40681e-23
0
-1.60454e-23
2.40681e-23
-1.60454e-23
1.60454e-23
-8.0227e-24
-4.41248e-23
0
1.2034e-23
-1.2034e-23
-2.80794e-23
-1.2034e-23
-3.20908e-23
-1.2034e-23
-2.40681e-23
-2.00567e-24
-1.2034e-23
-6.01702e-24
-1.40397e-23
-4.01135e-24
-6.01702e-24
0
5.01419e-24
0
1.80511e-23
1.2034e-23
4.01135e-23
1.60454e-23
5.21475e-23
2.40681e-23
6.41816e-23
8.0227e-24
4.81362e-23
3.20908e-23
9.62724e-23
0
4.81362e-23
0
-2.40681e-23
0
-2.40681e-23
-8.0227e-24
4.01135e-23
8.0227e-24
-1.60454e-23
0
-2.40681e-23
0
-2.00567e-23
-0
-0
-0
-0
-0
-0
-0
-0
-0
-0
-0
0
0
0
0
0
0
0
0
0
0
0
0
0
0
)
;
    }
    baffle_master
    {
        type            calculated;
        value           nonuniform List<scalar> 
150
(
-3.60451e-29
0
-1.83147e-28
1.02876e-28
0
0
3.06676e-29
0
0
7.31164e-30
0
0
-1.91019e-28
0
-1.3736e-28
-4.2741e-29
0
1.83147e-28
1.25599e-28
0
1.83147e-28
-1.67402e-28
0
-1.83147e-28
1.0463e-29
0
0
-2.64568e-29
0
0
1.68025e-30
0
4.57867e-29
7.41766e-30
0
-1.14467e-29
-9.7763e-31
0
0
2.12302e-31
0
0
-8.64038e-30
0
0
-8.75121e-30
0
-2.28934e-29
-2.55295e-28
0
-1.3736e-28
2.74437e-29
0
0
-3.07451e-28
0
-9.15735e-29
-5.54281e-29
0
0
3.05055e-29
0
-1.83147e-28
4.26815e-28
0
3.66294e-28
-7.74601e-29
0
9.15735e-29
1.12631e-30
0
0
-1.25768e-28
0
3.66294e-28
0
3.50279e-28
-0
0
2.40516e-28
-0
0
3.05391e-28
-0
-2.28934e-29
5.62196e-29
-0
4.57867e-29
1.10696e-28
0
9.15735e-29
-3.00491e-28
0
1.83147e-28
-2.53683e-28
0
1.83147e-28
-3.01448e-28
0
-1.83147e-28
-4.07786e-28
0
0
-1.93742e-28
0
9.15735e-29
-7.54445e-29
0
0
-2.99007e-29
0
-1.14467e-29
1.37632e-29
-0
0
2.28626e-29
-0
-4.57867e-29
2.40708e-29
-0
-2.28934e-29
5.37016e-29
-0
1.3736e-28
8.53928e-29
-0
0
1.57601e-28
-0
1.83147e-28
-2.98077e-29
-0
0
-1.80957e-28
-0
0
-2.92131e-28
-0
3.66294e-28
-4.53769e-28
-0
1.83147e-28
1.41818e-28
-0
1.14467e-29
-2.11801e-29
-0
0
4.21085e-28
0
)
;
    }
    baffle_slave
    {
        type            calculated;
        value           nonuniform List<scalar> 
150
(
5.01419e-24
-0
0
1.41024e-25
-0
0
4.75564e-24
-0
0
-3.35324e-24
-0
8.0227e-24
-2.46635e-23
-0
-2.40681e-23
3.13387e-24
-0
0
3.76064e-25
-0
-8.0227e-24
4.7008e-25
-0
0
2.66379e-24
-0
-4.01135e-24
-2.97717e-24
-0
0
-1.25355e-25
-0
0
-3.76064e-25
0
-5.01419e-25
-1.56693e-25
0
-4.01135e-24
2.19371e-25
0
0
-1.19087e-24
0
-1.60454e-23
-3.60395e-24
0
-1.60454e-23
-4.82615e-23
0
-6.41816e-23
-1.66095e-24
0
0
-2.61051e-23
0
-1.60454e-23
-4.38741e-24
0
-1.60454e-23
4.77915e-24
0
-1.60454e-23
3.1464e-23
0
3.20908e-23
-4.32474e-24
0
0
-4.01135e-24
0
0
3.13387e-24
0
-8.0227e-24
8.58692e-24
5.02672e-23
0
-1.89797e-23
1.25198e-23
0
8.11794e-24
2.07697e-23
0
-6.0285e-24
1.39065e-23
0
-1.17092e-24
-2.45695e-23
0
-9.18044e-24
1.69542e-23
0
-1.03453e-23
8.77483e-24
0
-1.42219e-23
1.31622e-23
0
1.25806e-23
9.49562e-24
0
-1.09997e-24
1.08118e-23
0
-2.34913e-25
8.91585e-24
0
5.90407e-25
4.93584e-24
0
5.67733e-24
-8.93152e-25
0
-8.3249e-24
-6.67514e-24
0
1.59405e-23
-1.41416e-23
0
9.03327e-24
-1.34051e-23
0
-2.57083e-23
-1.74165e-23
0
-4.86176e-24
-1.90304e-23
0
-3.0399e-23
1.09685e-25
0
1.24475e-23
1.17677e-23
0
-1.7496e-24
1.20027e-23
0
-4.00178e-23
3.27176e-23
0
-2.69482e-23
-1.66722e-23
0
7.00466e-25
9.55829e-24
0
5.36077e-24
1.2034e-23
0
)
;
    }
}


// ************************************************************************* //
