/*--------------------------------*- C++ -*----------------------------------*\
| =========                 |                                                 |
| \\      /  F ield         | OpenFOAM: The Open Source CFD Toolbox           |
|  \\    /   O peration     | Version:  2212                                  |
|   \\  /    A nd           | Website:  www.openfoam.com                      |
|    \\/     M anipulation  |                                                 |
\*---------------------------------------------------------------------------*/
FoamFile
{
    version     2.0;
    format      ascii;
    arch        "LSB;label=32;scalar=64";
    class       volScalarField;
    location    "42/fluidRegion";
    object      alphaRhoMagU;
}
// * * * * * * * * * * * * * * * * * * * * * * * * * * * * * * * * * * * * * //

dimensions      [1 -2 -1 0 0 0 0];

internalField   nonuniform List<scalar> 
350
(
36.8323
36.8321
36.8317
36.8312
36.8307
36.8302
36.8298
36.8296
36.8295
36.8296
36.8298
36.8301
36.8304
36.8309
36.8314
36.832
36.8325
36.8329
36.8331
36.833
36.8327
36.8324
36.8319
36.8315
36.9078
36.8323
36.8321
36.8317
36.8312
36.8307
36.8302
36.8298
36.8296
36.8295
36.8296
36.8298
36.8301
36.8304
36.8309
36.8314
36.832
36.8325
36.8329
36.8331
36.833
36.8327
36.8324
36.8319
36.8315
36.9078
59.0849
59.0299
59.0313
59.0316
59.0306
59.0281
59.0239
59.018
59.01
58.9998
58.9871
58.972
58.9545
58.9346
58.912
58.8855
58.8534
58.8134
58.7649
58.7142
58.682
58.7319
59.0169
59.8088
60.3227
58.5628
58.4997
58.4966
58.4923
58.4872
58.4808
58.4731
58.4639
58.4528
58.4398
58.4248
58.4084
58.3912
58.3744
58.3587
58.3442
58.3294
58.3126
58.293
58.2774
58.2881
58.3923
58.7491
59.6372
60.2667
59.1723
59.1168
59.1187
59.1193
59.1185
59.1162
59.1123
59.1065
59.0985
59.0883
59.0754
59.0599
59.0417
59.0206
58.9961
58.9669
58.931
58.8864
58.8322
58.7746
58.7341
58.7736
59.0453
59.8217
60.3246
58.6795
58.6187
58.6168
58.6139
58.6099
58.6046
58.598
58.5897
58.5795
58.5673
58.5531
58.5371
58.5201
58.5028
58.4857
58.4687
58.4501
58.4282
58.4022
58.3787
58.3798
58.4717
58.8123
59.6785
60.2806
58.6795
58.6187
58.6168
58.6139
58.6099
58.6046
58.598
58.5897
58.5795
58.5673
58.5531
58.5371
58.5201
58.5028
58.4857
58.4687
58.4501
58.4282
58.4022
58.3787
58.3798
58.4717
58.8123
59.6785
60.2806
59.1723
59.1168
59.1187
59.1193
59.1185
59.1162
59.1123
59.1064
59.0985
59.0882
59.0754
59.0599
59.0417
59.0205
58.996
58.9668
58.931
58.8863
58.8321
58.7745
58.734
58.7734
59.0451
59.8216
60.3246
58.5628
58.4997
58.4966
58.4923
58.4872
58.4808
58.4731
58.4639
58.4528
58.4398
58.4248
58.4084
58.3912
58.3744
58.3587
58.3442
58.3294
58.3126
58.293
58.2774
58.2881
58.3923
58.7491
59.6372
60.2667
59.0849
59.0299
59.0313
59.0316
59.0306
59.0281
59.0239
59.018
59.01
58.9998
58.9871
58.972
58.9545
58.9346
58.912
58.8855
58.8534
58.8134
58.7649
58.7142
58.682
58.7319
59.0169
59.8089
60.3227
58.6795
58.6187
58.6168
58.6139
58.6099
58.6046
58.598
58.5897
58.5795
58.5673
58.5531
58.5371
58.5201
58.5028
58.4857
58.4687
58.4501
58.4282
58.4022
58.3787
58.3798
58.4717
58.8123
59.6785
60.2806
59.1723
59.1169
59.1187
59.1193
59.1185
59.1162
59.1123
59.1065
59.0985
59.0883
59.0754
59.0599
59.0417
59.0206
58.9961
58.9669
58.931
58.8864
58.8322
58.7746
58.7341
58.7735
59.0453
59.8218
60.3247
59.1723
59.1168
59.1187
59.1193
59.1185
59.1162
59.1123
59.1064
59.0985
59.0882
59.0754
59.0599
59.0417
59.0206
58.996
58.9668
58.931
58.8863
58.8321
58.7745
58.734
58.7734
59.0452
59.8216
60.3245
58.6795
58.6187
58.6168
58.6139
58.6099
58.6046
58.598
58.5897
58.5795
58.5673
58.5531
58.5371
58.5201
58.5028
58.4857
58.4687
58.4501
58.4282
58.4022
58.3787
58.3798
58.4717
58.8123
59.6786
60.2806
)
;

boundaryField
{
    outletCentralUnloaded
    {
        type            calculated;
        value           nonuniform List<scalar> 2(36.8308 36.8308);
    }
    inletCentralUnloaded
    {
        type            calculated;
        value           nonuniform List<scalar> 2(36.9828 36.9828);
    }
    outletFuelElement
    {
        type            calculated;
        value           nonuniform List<scalar> 
12
(
58.6363
58.1182
58.723
58.234
58.234
58.723
58.1182
58.6363
58.234
58.723
58.723
58.234
)
;
    }
    inletFuelElement
    {
        type            calculated;
        value           nonuniform List<scalar> 
12
(
60.023
60.023
60.023
60.023
60.023
60.023
60.023
60.023
60.023
60.023
60.023
60.023
)
;
    }
    defaultFaces
    {
        type            calculated;
        value           nonuniform List<scalar> 
450
(
59.0849
59.0849
59.0849
59.0299
59.0299
59.0299
59.0313
59.0313
59.0313
59.0316
59.0316
59.0316
59.0306
59.0306
59.0306
59.0281
59.0281
59.0281
59.0239
59.0239
59.0239
59.018
59.018
59.018
59.01
59.01
59.01
58.9998
58.9998
58.9998
58.9871
58.9871
58.9871
58.972
58.972
58.972
58.9545
58.9545
58.9545
58.9346
58.9346
58.9346
58.912
58.912
58.912
58.8855
58.8855
58.8855
58.8534
58.8534
58.8534
58.8134
58.8134
58.8134
58.7649
58.7649
58.7649
58.7142
58.7142
58.7142
58.682
58.682
58.682
58.7319
58.7319
58.7319
59.0169
59.0169
59.0169
59.8088
59.8088
59.8088
60.3227
60.3227
60.3227
59.1723
59.1723
59.1168
59.1168
59.1187
59.1187
59.1193
59.1193
59.1185
59.1185
59.1162
59.1162
59.1123
59.1123
59.1065
59.1065
59.0985
59.0985
59.0883
59.0883
59.0754
59.0754
59.0599
59.0599
59.0417
59.0417
59.0206
59.0206
58.9961
58.9961
58.9669
58.9669
58.931
58.931
58.8864
58.8864
58.8322
58.8322
58.7746
58.7746
58.7341
58.7341
58.7736
58.7736
59.0453
59.0453
59.8217
59.8217
60.3246
60.3246
58.6795
58.6187
58.6168
58.6139
58.6099
58.6046
58.598
58.5897
58.5795
58.5673
58.5531
58.5371
58.5201
58.5028
58.4857
58.4687
58.4501
58.4282
58.4022
58.3787
58.3798
58.4717
58.8123
59.6785
60.2806
58.6795
58.6187
58.6168
58.6139
58.6099
58.6046
58.598
58.5897
58.5795
58.5673
58.5531
58.5371
58.5201
58.5028
58.4857
58.4687
58.4501
58.4282
58.4022
58.3787
58.3798
58.4717
58.8123
59.6785
60.2806
59.1723
59.1723
59.1168
59.1168
59.1187
59.1187
59.1193
59.1193
59.1185
59.1185
59.1162
59.1162
59.1123
59.1123
59.1064
59.1064
59.0985
59.0985
59.0882
59.0882
59.0754
59.0754
59.0599
59.0599
59.0417
59.0417
59.0205
59.0205
58.996
58.996
58.9668
58.9668
58.931
58.931
58.8863
58.8863
58.8321
58.8321
58.7745
58.7745
58.734
58.734
58.7734
58.7734
59.0451
59.0451
59.8216
59.8216
60.3246
60.3246
59.0849
59.0849
59.0849
59.0299
59.0299
59.0299
59.0313
59.0313
59.0313
59.0316
59.0316
59.0316
59.0306
59.0306
59.0306
59.0281
59.0281
59.0281
59.0239
59.0239
59.0239
59.018
59.018
59.018
59.01
59.01
59.01
58.9998
58.9998
58.9998
58.9871
58.9871
58.9871
58.972
58.972
58.972
58.9545
58.9545
58.9545
58.9346
58.9346
58.9346
58.912
58.912
58.912
58.8855
58.8855
58.8855
58.8534
58.8534
58.8534
58.8134
58.8134
58.8134
58.7649
58.7649
58.7649
58.7142
58.7142
58.7142
58.682
58.682
58.682
58.7319
58.7319
58.7319
59.0169
59.0169
59.0169
59.8089
59.8089
59.8089
60.3227
60.3227
60.3227
58.6795
58.6187
58.6168
58.6139
58.6099
58.6046
58.598
58.5897
58.5795
58.5673
58.5531
58.5371
58.5201
58.5028
58.4857
58.4687
58.4501
58.4282
58.4022
58.3787
58.3798
58.4717
58.8123
59.6785
60.2806
59.1723
59.1723
59.1169
59.1169
59.1187
59.1187
59.1193
59.1193
59.1185
59.1185
59.1162
59.1162
59.1123
59.1123
59.1065
59.1065
59.0985
59.0985
59.0883
59.0883
59.0754
59.0754
59.0599
59.0599
59.0417
59.0417
59.0206
59.0206
58.9961
58.9961
58.9669
58.9669
58.931
58.931
58.8864
58.8864
58.8322
58.8322
58.7746
58.7746
58.7341
58.7341
58.7735
58.7735
59.0453
59.0453
59.8218
59.8218
60.3247
60.3247
59.1723
59.1723
59.1168
59.1168
59.1187
59.1187
59.1193
59.1193
59.1185
59.1185
59.1162
59.1162
59.1123
59.1123
59.1064
59.1064
59.0985
59.0985
59.0882
59.0882
59.0754
59.0754
59.0599
59.0599
59.0417
59.0417
59.0206
59.0206
58.996
58.996
58.9668
58.9668
58.931
58.931
58.8863
58.8863
58.8321
58.8321
58.7745
58.7745
58.734
58.734
58.7734
58.7734
59.0452
59.0452
59.8216
59.8216
60.3245
60.3245
58.6795
58.6187
58.6168
58.6139
58.6099
58.6046
58.598
58.5897
58.5795
58.5673
58.5531
58.5371
58.5201
58.5028
58.4857
58.4687
58.4501
58.4282
58.4022
58.3787
58.3798
58.4717
58.8123
59.6786
60.2806
)
;
    }
    baffle_master
    {
        type            calculated;
        value           nonuniform List<scalar> 
150
(
36.8323
36.8323
36.8323
36.8321
36.8321
36.8321
36.8317
36.8317
36.8317
36.8312
36.8312
36.8312
36.8307
36.8307
36.8307
36.8302
36.8302
36.8302
36.8298
36.8298
36.8298
36.8296
36.8296
36.8296
36.8295
36.8295
36.8295
36.8296
36.8296
36.8296
36.8298
36.8298
36.8298
36.8301
36.8301
36.8301
36.8304
36.8304
36.8304
36.8309
36.8309
36.8309
36.8314
36.8314
36.8314
36.832
36.832
36.832
36.8325
36.8325
36.8325
36.8329
36.8329
36.8329
36.8331
36.8331
36.8331
36.833
36.833
36.833
36.8327
36.8327
36.8327
36.8324
36.8324
36.8324
36.8319
36.8319
36.8319
36.8315
36.8315
36.8315
36.9078
36.9078
36.9078
36.8323
36.8323
36.8323
36.8321
36.8321
36.8321
36.8317
36.8317
36.8317
36.8312
36.8312
36.8312
36.8307
36.8307
36.8307
36.8302
36.8302
36.8302
36.8298
36.8298
36.8298
36.8296
36.8296
36.8296
36.8295
36.8295
36.8295
36.8296
36.8296
36.8296
36.8298
36.8298
36.8298
36.8301
36.8301
36.8301
36.8304
36.8304
36.8304
36.8309
36.8309
36.8309
36.8314
36.8314
36.8314
36.832
36.832
36.832
36.8325
36.8325
36.8325
36.8329
36.8329
36.8329
36.8331
36.8331
36.8331
36.833
36.833
36.833
36.8327
36.8327
36.8327
36.8324
36.8324
36.8324
36.8319
36.8319
36.8319
36.8315
36.8315
36.8315
36.9078
36.9078
36.9078
)
;
    }
    baffle_slave
    {
        type            calculated;
        value           nonuniform List<scalar> 
150
(
58.5628
58.6795
58.6795
58.4997
58.6187
58.6187
58.4966
58.6168
58.6168
58.4923
58.6139
58.6139
58.4872
58.6099
58.6099
58.4808
58.6046
58.6046
58.4731
58.598
58.598
58.4639
58.5897
58.5897
58.4528
58.5795
58.5795
58.4398
58.5673
58.5673
58.4248
58.5531
58.5531
58.4084
58.5371
58.5371
58.3912
58.5201
58.5201
58.3744
58.5028
58.5028
58.3587
58.4857
58.4857
58.3442
58.4687
58.4687
58.3294
58.4501
58.4501
58.3126
58.4282
58.4282
58.293
58.4022
58.4022
58.2774
58.3787
58.3787
58.2881
58.3798
58.3798
58.3923
58.4717
58.4717
58.7491
58.8123
58.8123
59.6372
59.6785
59.6786
60.2667
60.2806
60.2806
58.6795
58.5628
58.6795
58.6187
58.4997
58.6187
58.6168
58.4966
58.6168
58.6139
58.4923
58.6139
58.6099
58.4872
58.6099
58.6046
58.4808
58.6046
58.598
58.4731
58.598
58.5897
58.4639
58.5897
58.5795
58.4528
58.5795
58.5673
58.4398
58.5673
58.5531
58.4248
58.5531
58.5371
58.4084
58.5371
58.5201
58.3912
58.5201
58.5028
58.3744
58.5028
58.4857
58.3587
58.4857
58.4687
58.3442
58.4687
58.4501
58.3294
58.4501
58.4282
58.3126
58.4282
58.4022
58.293
58.4022
58.3787
58.2774
58.3787
58.3798
58.2881
58.3798
58.4717
58.3923
58.4717
58.8123
58.7491
58.8123
59.6785
59.6372
59.6785
60.2806
60.2667
60.2806
)
;
    }
}


// ************************************************************************* //
