/*--------------------------------*- C++ -*----------------------------------*\
| =========                 |                                                 |
| \\      /  F ield         | OpenFOAM: The Open Source CFD Toolbox           |
|  \\    /   O peration     | Version:  2212                                  |
|   \\  /    A nd           | Website:  www.openfoam.com                      |
|    \\/     M anipulation  |                                                 |
\*---------------------------------------------------------------------------*/
FoamFile
{
    version     2.0;
    format      ascii;
    arch        "LSB;label=32;scalar=64";
    class       volScalarField;
    location    "42/fluidRegion";
    object      epsilon;
}
// * * * * * * * * * * * * * * * * * * * * * * * * * * * * * * * * * * * * * //

dimensions      [0 2 -3 0 0 0 0];

internalField   nonuniform List<scalar> 
350
(
66.9822
66.9655
66.9487
66.9319
66.9151
66.8985
66.8821
66.866
66.85
66.8343
66.819
66.8041
66.7898
66.7765
66.7648
66.7554
66.7495
66.7493
66.7576
66.779
66.8207
66.8933
67.013
67.2048
67.5067
66.9822
66.9655
66.9487
66.9319
66.9151
66.8985
66.8821
66.866
66.85
66.8343
66.819
66.8041
66.7898
66.7765
66.7648
66.7554
66.7495
66.7493
66.7576
66.779
66.8207
66.8933
67.013
67.2048
67.5067
7.57549e+06
6.97487e+06
6.30897e+06
5.59848e+06
4.87111e+06
4.1523e+06
3.46417e+06
2.82472e+06
2.24748e+06
1.74135e+06
1.31072e+06
955798
673142
456284
296562
184055
108568
60543.8
31732.6
15551.2
7125.98
3109.14
1383.89
735.578
547.342
7.73914e+06
7.127e+06
6.44823e+06
5.72341e+06
4.98094e+06
4.24683e+06
3.54373e+06
2.89011e+06
2.29985e+06
1.78211e+06
1.34144e+06
978148
688755
466704
303169
188009
110786
61698.9
32284
15787.9
7214.99
3137.32
1391.03
737.016
547.764
7.54871e+06
6.94991e+06
6.28623e+06
5.57815e+06
4.85331e+06
4.13704e+06
3.45136e+06
2.81423e+06
2.23912e+06
1.73486e+06
1.30584e+06
952265
670680
454645
295524
183433
108219
60361.1
31644.5
15512.6
7110.86
3103.9
1382.27
735.091
547.168
7.70289e+06
7.09324e+06
6.41724e+06
5.69555e+06
4.95638e+06
4.22565e+06
3.52587e+06
2.87539e+06
2.28804e+06
1.77289e+06
1.33448e+06
973076
685204
464330
301661
187106
110279
61434.6
32157.8
15733.8
7194.69
3130.94
1389.45
736.717
547.684
7.70289e+06
7.09324e+06
6.41724e+06
5.69555e+06
4.95638e+06
4.22565e+06
3.52587e+06
2.87539e+06
2.28804e+06
1.77289e+06
1.33448e+06
973076
685204
464330
301661
187106
110279
61434.6
32157.8
15733.8
7194.69
3130.94
1389.45
736.717
547.685
7.54872e+06
6.94992e+06
6.28624e+06
5.57816e+06
4.85331e+06
4.13705e+06
3.45137e+06
2.81424e+06
2.23912e+06
1.73487e+06
1.30584e+06
952266
670681
454645
295524
183434
108219
60361
31644.5
15512.6
7110.83
3103.88
1382.26
735.086
547.166
7.73914e+06
7.127e+06
6.44823e+06
5.72341e+06
4.98094e+06
4.24683e+06
3.54373e+06
2.89011e+06
2.29985e+06
1.78211e+06
1.34144e+06
978148
688755
466704
303169
188009
110786
61698.9
32284
15787.9
7214.99
3137.32
1391.03
737.016
547.765
7.57549e+06
6.97487e+06
6.30897e+06
5.59848e+06
4.87111e+06
4.1523e+06
3.46417e+06
2.82472e+06
2.24748e+06
1.74135e+06
1.31072e+06
955798
673142
456284
296562
184055
108568
60543.8
31732.6
15551.2
7125.96
3109.12
1383.88
735.572
547.338
7.70289e+06
7.09324e+06
6.41724e+06
5.69555e+06
4.95638e+06
4.22565e+06
3.52587e+06
2.87539e+06
2.28804e+06
1.77289e+06
1.33448e+06
973076
685204
464330
301661
187106
110279
61434.6
32157.8
15733.8
7194.69
3130.93
1389.44
736.715
547.683
7.54871e+06
6.94991e+06
6.28623e+06
5.57815e+06
4.85331e+06
4.13704e+06
3.45136e+06
2.81423e+06
2.23912e+06
1.73486e+06
1.30584e+06
952265
670681
454645
295524
183433
108219
60361.1
31644.6
15512.7
7110.9
3103.93
1382.29
735.103
547.176
7.54872e+06
6.94992e+06
6.28624e+06
5.57816e+06
4.85331e+06
4.13704e+06
3.45137e+06
2.81424e+06
2.23912e+06
1.73486e+06
1.30584e+06
952266
670681
454645
295524
183433
108219
60361
31644.4
15512.5
7110.82
3103.88
1382.26
735.087
547.167
7.70289e+06
7.09324e+06
6.41724e+06
5.69555e+06
4.95638e+06
4.22565e+06
3.52587e+06
2.87539e+06
2.28804e+06
1.77289e+06
1.33448e+06
973076
685204
464330
301661
187106
110279
61434.5
32157.7
15733.8
7194.65
3130.91
1389.43
736.708
547.679
)
;

boundaryField
{
    outletCentralUnloaded
    {
        type            zeroGradient;
    }
    inletCentralUnloaded
    {
        type            zeroGradient;
    }
    outletFuelElement
    {
        type            zeroGradient;
    }
    inletFuelElement
    {
        type            zeroGradient;
    }
    defaultFaces
    {
        type            zeroGradient;
    }
    baffle_master
    {
        type            zeroGradient;
    }
    baffle_slave
    {
        type            zeroGradient;
    }
}


// ************************************************************************* //
