/*--------------------------------*- C++ -*----------------------------------*\
| =========                 |                                                 |
| \\      /  F ield         | OpenFOAM: The Open Source CFD Toolbox           |
|  \\    /   O peration     | Version:  2212                                  |
|   \\  /    A nd           | Website:  www.openfoam.com                      |
|    \\/     M anipulation  |                                                 |
\*---------------------------------------------------------------------------*/
FoamFile
{
    version     2.0;
    format      ascii;
    arch        "LSB;label=32;scalar=64";
    class       volScalarField;
    location    "42/fluidRegion";
    object      htc;
}
// * * * * * * * * * * * * * * * * * * * * * * * * * * * * * * * * * * * * * //

dimensions      [1 0 -3 -1 0 0 0];

internalField   nonuniform List<scalar> 
350
(
3101.41
3101.42
3101.41
3101.4
3101.38
3101.37
3101.37
3101.38
3101.4
3101.43
3101.47
3101.51
3101.55
3101.59
3101.63
3101.66
3101.7
3101.73
3101.75
3101.77
3101.78
3101.78
3101.78
3101.77
3106.92
3101.41
3101.42
3101.41
3101.4
3101.38
3101.37
3101.37
3101.38
3101.4
3101.43
3101.47
3101.51
3101.55
3101.59
3101.63
3101.66
3101.7
3101.73
3101.75
3101.77
3101.78
3101.78
3101.78
3101.77
3106.92
27184.1
27104.8
26920.6
26611.3
26178.4
25624
24951
24163.3
23266.2
22266.7
21174.5
20001.9
18764.2
17478
16159.9
14823.6
13479.5
12135.6
10801.2
9492.34
8237.25
7082.43
6098.88
5379.91
4941.04
27272.7
27193
27009.4
26700.1
26266.8
25711.4
25036.8
24246.8
23346.4
22342.6
21244.7
20065.1
18819.3
17524.5
16197.9
14854
13503.4
12154.2
10815.2
9501.86
8242.2
7082.92
6095.84
5375.68
4939.08
27170.1
27090.4
26906.2
26596.9
26164.1
25609.9
24937.2
24150
23253.4
22254.7
21163.3
19991.9
18755.4
17470.6
16153.8
14818.6
13475.5
12132.3
10798.5
9490.33
8235.85
7081.6
6098.46
5379.65
4940.9
27253
27173.5
26989.7
26680.4
26247
25691.8
25017.6
24228.1
23328.4
22325.5
21228.8
20050.8
18806.8
17514
16189.3
14847.1
13498
12150
10812
9499.77
8241.16
7082.9
6096.65
5376.78
4939.6
27253
27173.5
26989.7
26680.4
26247
25691.8
25017.6
24228.1
23328.4
22325.5
21228.8
20050.8
18806.8
17514
16189.3
14847.1
13498
12150
10812
9499.77
8241.16
7082.9
6096.65
5376.78
4939.6
27170.2
27090.4
26906.2
26596.9
26164.1
25609.9
24937.2
24150
23253.4
22254.7
21163.3
19991.9
18755.4
17470.6
16153.8
14818.6
13475.5
12132.3
10798.5
9490.32
8235.84
7081.59
6098.45
5379.64
4940.89
27272.7
27193
27009.4
26700.1
26266.8
25711.4
25036.8
24246.8
23346.4
22342.6
21244.7
20065.1
18819.3
17524.5
16197.9
14854
13503.4
12154.2
10815.2
9501.86
8242.2
7082.92
6095.84
5375.68
4939.08
27184.1
27104.8
26920.6
26611.3
26178.4
25624
24951
24163.3
23266.2
22266.7
21174.5
20001.9
18764.2
17478
16159.9
14823.6
13479.5
12135.6
10801.2
9492.34
8237.25
7082.43
6098.88
5379.91
4941.04
27253
27173.5
26989.7
26680.4
26247
25691.8
25017.6
24228.1
23328.4
22325.5
21228.8
20050.8
18806.8
17514
16189.3
14847.1
13498
12150
10812
9499.77
8241.16
7082.9
6096.65
5376.78
4939.6
27170.1
27090.4
26906.2
26596.9
26164.1
25609.9
24937.2
24150
23253.4
22254.7
21163.3
19991.9
18755.4
17470.6
16153.8
14818.6
13475.5
12132.3
10798.5
9490.33
8235.85
7081.59
6098.46
5379.65
4940.9
27170.2
27090.4
26906.2
26596.9
26164.1
25609.9
24937.2
24150
23253.4
22254.7
21163.3
19991.9
18755.4
17470.6
16153.8
14818.6
13475.4
12132.3
10798.5
9490.32
8235.84
7081.59
6098.45
5379.64
4940.89
27253
27173.5
26989.7
26680.4
26247
25691.8
25017.6
24228.1
23328.4
22325.5
21228.8
20050.8
18806.8
17514
16189.3
14847.1
13498
12150
10812
9499.77
8241.16
7082.9
6096.65
5376.78
4939.6
)
;

boundaryField
{
    outletCentralUnloaded
    {
        type            zeroGradient;
    }
    inletCentralUnloaded
    {
        type            zeroGradient;
    }
    outletFuelElement
    {
        type            zeroGradient;
    }
    inletFuelElement
    {
        type            zeroGradient;
    }
    defaultFaces
    {
        type            zeroGradient;
    }
    baffle_master
    {
        type            zeroGradient;
    }
    baffle_slave
    {
        type            zeroGradient;
    }
}


// ************************************************************************* //
