/*--------------------------------*- C++ -*----------------------------------*\
| =========                 |                                                 |
| \\      /  F ield         | OpenFOAM: The Open Source CFD Toolbox           |
|  \\    /   O peration     | Version:  2212                                  |
|   \\  /    A nd           | Website:  www.openfoam.com                      |
|    \\/     M anipulation  |                                                 |
\*---------------------------------------------------------------------------*/
FoamFile
{
    version     2.0;
    format      ascii;
    arch        "LSB;label=32;scalar=64";
    class       volTensorField;
    location    "42/fluidRegion";
    object      Kd;
}
// * * * * * * * * * * * * * * * * * * * * * * * * * * * * * * * * * * * * * //

dimensions      [1 -3 -1 0 0 0 0];

internalField   nonuniform List<tensor> 
350
(
(84.743 0 0 0 84.743 0 0 0 84.743)
(84.7427 0 0 0 84.7427 0 0 0 84.7427)
(84.7421 0 0 0 84.7421 0 0 0 84.7421)
(84.7413 0 0 0 84.7413 0 0 0 84.7413)
(84.7405 0 0 0 84.7405 0 0 0 84.7405)
(84.7398 0 0 0 84.7398 0 0 0 84.7398)
(84.7393 0 0 0 84.7393 0 0 0 84.7393)
(84.7391 0 0 0 84.7391 0 0 0 84.7391)
(84.7391 0 0 0 84.7391 0 0 0 84.7391)
(84.7395 0 0 0 84.7395 0 0 0 84.7395)
(84.74 0 0 0 84.74 0 0 0 84.74)
(84.7405 0 0 0 84.7405 0 0 0 84.7405)
(84.7411 0 0 0 84.7411 0 0 0 84.7411)
(84.7417 0 0 0 84.7417 0 0 0 84.7417)
(84.7423 0 0 0 84.7423 0 0 0 84.7423)
(84.7428 0 0 0 84.7428 0 0 0 84.7428)
(84.7433 0 0 0 84.7433 0 0 0 84.7433)
(84.7437 0 0 0 84.7437 0 0 0 84.7437)
(84.7439 0 0 0 84.7439 0 0 0 84.7439)
(84.744 0 0 0 84.744 0 0 0 84.744)
(84.7439 0 0 0 84.7439 0 0 0 84.7439)
(84.7436 0 0 0 84.7436 0 0 0 84.7436)
(84.743 0 0 0 84.743 0 0 0 84.743)
(84.7423 0 0 0 84.7423 0 0 0 84.7423)
(84.8738 0 0 0 84.8738 0 0 0 84.8738)
(84.743 0 0 0 84.743 0 0 0 84.743)
(84.7427 0 0 0 84.7427 0 0 0 84.7427)
(84.7421 0 0 0 84.7421 0 0 0 84.7421)
(84.7413 0 0 0 84.7413 0 0 0 84.7413)
(84.7405 0 0 0 84.7405 0 0 0 84.7405)
(84.7398 0 0 0 84.7398 0 0 0 84.7398)
(84.7393 0 0 0 84.7393 0 0 0 84.7393)
(84.7391 0 0 0 84.7391 0 0 0 84.7391)
(84.7391 0 0 0 84.7391 0 0 0 84.7391)
(84.7395 0 0 0 84.7395 0 0 0 84.7395)
(84.74 0 0 0 84.74 0 0 0 84.74)
(84.7405 0 0 0 84.7405 0 0 0 84.7405)
(84.7411 0 0 0 84.7411 0 0 0 84.7411)
(84.7417 0 0 0 84.7417 0 0 0 84.7417)
(84.7423 0 0 0 84.7423 0 0 0 84.7423)
(84.7428 0 0 0 84.7428 0 0 0 84.7428)
(84.7433 0 0 0 84.7433 0 0 0 84.7433)
(84.7437 0 0 0 84.7437 0 0 0 84.7437)
(84.7439 0 0 0 84.7439 0 0 0 84.7439)
(84.744 0 0 0 84.744 0 0 0 84.744)
(84.7439 0 0 0 84.7439 0 0 0 84.7439)
(84.7436 0 0 0 84.7436 0 0 0 84.7436)
(84.743 0 0 0 84.743 0 0 0 84.743)
(84.7423 0 0 0 84.7423 0 0 0 84.7423)
(84.8738 0 0 0 84.8738 0 0 0 84.8738)
(682.318 0 0 0 682.318 0 0 0 682.318)
(681.841 0 0 0 681.841 0 0 0 681.841)
(681.853 0 0 0 681.853 0 0 0 681.853)
(681.856 0 0 0 681.856 0 0 0 681.856)
(681.847 0 0 0 681.847 0 0 0 681.847)
(681.825 0 0 0 681.825 0 0 0 681.825)
(681.789 0 0 0 681.789 0 0 0 681.789)
(681.738 0 0 0 681.738 0 0 0 681.738)
(681.669 0 0 0 681.669 0 0 0 681.669)
(681.58 0 0 0 681.58 0 0 0 681.58)
(681.47 0 0 0 681.47 0 0 0 681.47)
(681.339 0 0 0 681.339 0 0 0 681.339)
(681.188 0 0 0 681.188 0 0 0 681.188)
(681.015 0 0 0 681.015 0 0 0 681.015)
(680.819 0 0 0 680.819 0 0 0 680.819)
(680.59 0 0 0 680.59 0 0 0 680.59)
(680.311 0 0 0 680.311 0 0 0 680.311)
(679.965 0 0 0 679.965 0 0 0 679.965)
(679.544 0 0 0 679.544 0 0 0 679.544)
(679.104 0 0 0 679.104 0 0 0 679.104)
(678.825 0 0 0 678.825 0 0 0 678.825)
(679.258 0 0 0 679.258 0 0 0 679.258)
(681.728 0 0 0 681.728 0 0 0 681.728)
(688.578 0 0 0 688.578 0 0 0 688.578)
(693.01 0 0 0 693.01 0 0 0 693.01)
(677.791 0 0 0 677.791 0 0 0 677.791)
(677.242 0 0 0 677.242 0 0 0 677.242)
(677.215 0 0 0 677.215 0 0 0 677.215)
(677.179 0 0 0 677.179 0 0 0 677.179)
(677.134 0 0 0 677.134 0 0 0 677.134)
(677.079 0 0 0 677.079 0 0 0 677.079)
(677.012 0 0 0 677.012 0 0 0 677.012)
(676.931 0 0 0 676.931 0 0 0 676.931)
(676.835 0 0 0 676.835 0 0 0 676.835)
(676.722 0 0 0 676.722 0 0 0 676.722)
(676.592 0 0 0 676.592 0 0 0 676.592)
(676.45 0 0 0 676.45 0 0 0 676.45)
(676.301 0 0 0 676.301 0 0 0 676.301)
(676.155 0 0 0 676.155 0 0 0 676.155)
(676.018 0 0 0 676.018 0 0 0 676.018)
(675.892 0 0 0 675.892 0 0 0 675.892)
(675.763 0 0 0 675.763 0 0 0 675.763)
(675.617 0 0 0 675.617 0 0 0 675.617)
(675.447 0 0 0 675.447 0 0 0 675.447)
(675.312 0 0 0 675.312 0 0 0 675.312)
(675.405 0 0 0 675.405 0 0 0 675.405)
(676.31 0 0 0 676.31 0 0 0 676.31)
(679.407 0 0 0 679.407 0 0 0 679.407)
(687.095 0 0 0 687.095 0 0 0 687.095)
(692.528 0 0 0 692.528 0 0 0 692.528)
(683.074 0 0 0 683.074 0 0 0 683.074)
(682.594 0 0 0 682.594 0 0 0 682.594)
(682.61 0 0 0 682.61 0 0 0 682.61)
(682.615 0 0 0 682.615 0 0 0 682.615)
(682.609 0 0 0 682.609 0 0 0 682.609)
(682.589 0 0 0 682.589 0 0 0 682.589)
(682.555 0 0 0 682.555 0 0 0 682.555)
(682.504 0 0 0 682.504 0 0 0 682.504)
(682.436 0 0 0 682.436 0 0 0 682.436)
(682.346 0 0 0 682.346 0 0 0 682.346)
(682.235 0 0 0 682.235 0 0 0 682.235)
(682.101 0 0 0 682.101 0 0 0 682.101)
(681.943 0 0 0 681.943 0 0 0 681.943)
(681.76 0 0 0 681.76 0 0 0 681.76)
(681.548 0 0 0 681.548 0 0 0 681.548)
(681.295 0 0 0 681.295 0 0 0 681.295)
(680.984 0 0 0 680.984 0 0 0 680.984)
(680.597 0 0 0 680.597 0 0 0 680.597)
(680.128 0 0 0 680.128 0 0 0 680.128)
(679.628 0 0 0 679.628 0 0 0 679.628)
(679.277 0 0 0 679.277 0 0 0 679.277)
(679.619 0 0 0 679.619 0 0 0 679.619)
(681.974 0 0 0 681.974 0 0 0 681.974)
(688.689 0 0 0 688.689 0 0 0 688.689)
(693.027 0 0 0 693.027 0 0 0 693.027)
(678.804 0 0 0 678.804 0 0 0 678.804)
(678.276 0 0 0 678.276 0 0 0 678.276)
(678.259 0 0 0 678.259 0 0 0 678.259)
(678.234 0 0 0 678.234 0 0 0 678.234)
(678.199 0 0 0 678.199 0 0 0 678.199)
(678.153 0 0 0 678.153 0 0 0 678.153)
(678.096 0 0 0 678.096 0 0 0 678.096)
(678.024 0 0 0 678.024 0 0 0 678.024)
(677.935 0 0 0 677.935 0 0 0 677.935)
(677.829 0 0 0 677.829 0 0 0 677.829)
(677.706 0 0 0 677.706 0 0 0 677.706)
(677.567 0 0 0 677.567 0 0 0 677.567)
(677.42 0 0 0 677.42 0 0 0 677.42)
(677.269 0 0 0 677.269 0 0 0 677.269)
(677.121 0 0 0 677.121 0 0 0 677.121)
(676.973 0 0 0 676.973 0 0 0 676.973)
(676.812 0 0 0 676.812 0 0 0 676.812)
(676.622 0 0 0 676.622 0 0 0 676.622)
(676.396 0 0 0 676.396 0 0 0 676.396)
(676.192 0 0 0 676.192 0 0 0 676.192)
(676.201 0 0 0 676.201 0 0 0 676.201)
(677 0 0 0 677 0 0 0 677)
(679.955 0 0 0 679.955 0 0 0 679.955)
(687.452 0 0 0 687.452 0 0 0 687.452)
(692.647 0 0 0 692.647 0 0 0 692.647)
(678.804 0 0 0 678.804 0 0 0 678.804)
(678.276 0 0 0 678.276 0 0 0 678.276)
(678.259 0 0 0 678.259 0 0 0 678.259)
(678.234 0 0 0 678.234 0 0 0 678.234)
(678.199 0 0 0 678.199 0 0 0 678.199)
(678.153 0 0 0 678.153 0 0 0 678.153)
(678.096 0 0 0 678.096 0 0 0 678.096)
(678.024 0 0 0 678.024 0 0 0 678.024)
(677.935 0 0 0 677.935 0 0 0 677.935)
(677.829 0 0 0 677.829 0 0 0 677.829)
(677.706 0 0 0 677.706 0 0 0 677.706)
(677.567 0 0 0 677.567 0 0 0 677.567)
(677.42 0 0 0 677.42 0 0 0 677.42)
(677.269 0 0 0 677.269 0 0 0 677.269)
(677.121 0 0 0 677.121 0 0 0 677.121)
(676.973 0 0 0 676.973 0 0 0 676.973)
(676.812 0 0 0 676.812 0 0 0 676.812)
(676.622 0 0 0 676.622 0 0 0 676.622)
(676.396 0 0 0 676.396 0 0 0 676.396)
(676.192 0 0 0 676.192 0 0 0 676.192)
(676.201 0 0 0 676.201 0 0 0 676.201)
(677 0 0 0 677 0 0 0 677)
(679.955 0 0 0 679.955 0 0 0 679.955)
(687.452 0 0 0 687.452 0 0 0 687.452)
(692.647 0 0 0 692.647 0 0 0 692.647)
(683.074 0 0 0 683.074 0 0 0 683.074)
(682.594 0 0 0 682.594 0 0 0 682.594)
(682.61 0 0 0 682.61 0 0 0 682.61)
(682.615 0 0 0 682.615 0 0 0 682.615)
(682.608 0 0 0 682.608 0 0 0 682.608)
(682.589 0 0 0 682.589 0 0 0 682.589)
(682.554 0 0 0 682.554 0 0 0 682.554)
(682.504 0 0 0 682.504 0 0 0 682.504)
(682.435 0 0 0 682.435 0 0 0 682.435)
(682.346 0 0 0 682.346 0 0 0 682.346)
(682.235 0 0 0 682.235 0 0 0 682.235)
(682.101 0 0 0 682.101 0 0 0 682.101)
(681.943 0 0 0 681.943 0 0 0 681.943)
(681.76 0 0 0 681.76 0 0 0 681.76)
(681.547 0 0 0 681.547 0 0 0 681.547)
(681.294 0 0 0 681.294 0 0 0 681.294)
(680.984 0 0 0 680.984 0 0 0 680.984)
(680.597 0 0 0 680.597 0 0 0 680.597)
(680.127 0 0 0 680.127 0 0 0 680.127)
(679.627 0 0 0 679.627 0 0 0 679.627)
(679.276 0 0 0 679.276 0 0 0 679.276)
(679.618 0 0 0 679.618 0 0 0 679.618)
(681.973 0 0 0 681.973 0 0 0 681.973)
(688.688 0 0 0 688.688 0 0 0 688.688)
(693.026 0 0 0 693.026 0 0 0 693.026)
(677.791 0 0 0 677.791 0 0 0 677.791)
(677.242 0 0 0 677.242 0 0 0 677.242)
(677.215 0 0 0 677.215 0 0 0 677.215)
(677.179 0 0 0 677.179 0 0 0 677.179)
(677.134 0 0 0 677.134 0 0 0 677.134)
(677.079 0 0 0 677.079 0 0 0 677.079)
(677.012 0 0 0 677.012 0 0 0 677.012)
(676.931 0 0 0 676.931 0 0 0 676.931)
(676.835 0 0 0 676.835 0 0 0 676.835)
(676.722 0 0 0 676.722 0 0 0 676.722)
(676.592 0 0 0 676.592 0 0 0 676.592)
(676.45 0 0 0 676.45 0 0 0 676.45)
(676.301 0 0 0 676.301 0 0 0 676.301)
(676.155 0 0 0 676.155 0 0 0 676.155)
(676.018 0 0 0 676.018 0 0 0 676.018)
(675.892 0 0 0 675.892 0 0 0 675.892)
(675.763 0 0 0 675.763 0 0 0 675.763)
(675.617 0 0 0 675.617 0 0 0 675.617)
(675.447 0 0 0 675.447 0 0 0 675.447)
(675.312 0 0 0 675.312 0 0 0 675.312)
(675.405 0 0 0 675.405 0 0 0 675.405)
(676.31 0 0 0 676.31 0 0 0 676.31)
(679.407 0 0 0 679.407 0 0 0 679.407)
(687.095 0 0 0 687.095 0 0 0 687.095)
(692.528 0 0 0 692.528 0 0 0 692.528)
(682.318 0 0 0 682.318 0 0 0 682.318)
(681.841 0 0 0 681.841 0 0 0 681.841)
(681.853 0 0 0 681.853 0 0 0 681.853)
(681.856 0 0 0 681.856 0 0 0 681.856)
(681.847 0 0 0 681.847 0 0 0 681.847)
(681.825 0 0 0 681.825 0 0 0 681.825)
(681.789 0 0 0 681.789 0 0 0 681.789)
(681.738 0 0 0 681.738 0 0 0 681.738)
(681.669 0 0 0 681.669 0 0 0 681.669)
(681.58 0 0 0 681.58 0 0 0 681.58)
(681.47 0 0 0 681.47 0 0 0 681.47)
(681.339 0 0 0 681.339 0 0 0 681.339)
(681.188 0 0 0 681.188 0 0 0 681.188)
(681.015 0 0 0 681.015 0 0 0 681.015)
(680.819 0 0 0 680.819 0 0 0 680.819)
(680.59 0 0 0 680.59 0 0 0 680.59)
(680.311 0 0 0 680.311 0 0 0 680.311)
(679.965 0 0 0 679.965 0 0 0 679.965)
(679.544 0 0 0 679.544 0 0 0 679.544)
(679.104 0 0 0 679.104 0 0 0 679.104)
(678.825 0 0 0 678.825 0 0 0 678.825)
(679.258 0 0 0 679.258 0 0 0 679.258)
(681.728 0 0 0 681.728 0 0 0 681.728)
(688.578 0 0 0 688.578 0 0 0 688.578)
(693.01 0 0 0 693.01 0 0 0 693.01)
(678.804 0 0 0 678.804 0 0 0 678.804)
(678.276 0 0 0 678.276 0 0 0 678.276)
(678.259 0 0 0 678.259 0 0 0 678.259)
(678.234 0 0 0 678.234 0 0 0 678.234)
(678.199 0 0 0 678.199 0 0 0 678.199)
(678.153 0 0 0 678.153 0 0 0 678.153)
(678.096 0 0 0 678.096 0 0 0 678.096)
(678.024 0 0 0 678.024 0 0 0 678.024)
(677.935 0 0 0 677.935 0 0 0 677.935)
(677.829 0 0 0 677.829 0 0 0 677.829)
(677.706 0 0 0 677.706 0 0 0 677.706)
(677.567 0 0 0 677.567 0 0 0 677.567)
(677.42 0 0 0 677.42 0 0 0 677.42)
(677.269 0 0 0 677.269 0 0 0 677.269)
(677.121 0 0 0 677.121 0 0 0 677.121)
(676.973 0 0 0 676.973 0 0 0 676.973)
(676.812 0 0 0 676.812 0 0 0 676.812)
(676.622 0 0 0 676.622 0 0 0 676.622)
(676.396 0 0 0 676.396 0 0 0 676.396)
(676.192 0 0 0 676.192 0 0 0 676.192)
(676.201 0 0 0 676.201 0 0 0 676.201)
(677 0 0 0 677 0 0 0 677)
(679.955 0 0 0 679.955 0 0 0 679.955)
(687.452 0 0 0 687.452 0 0 0 687.452)
(692.647 0 0 0 692.647 0 0 0 692.647)
(683.074 0 0 0 683.074 0 0 0 683.074)
(682.594 0 0 0 682.594 0 0 0 682.594)
(682.61 0 0 0 682.61 0 0 0 682.61)
(682.615 0 0 0 682.615 0 0 0 682.615)
(682.609 0 0 0 682.609 0 0 0 682.609)
(682.589 0 0 0 682.589 0 0 0 682.589)
(682.555 0 0 0 682.555 0 0 0 682.555)
(682.504 0 0 0 682.504 0 0 0 682.504)
(682.436 0 0 0 682.436 0 0 0 682.436)
(682.347 0 0 0 682.347 0 0 0 682.347)
(682.235 0 0 0 682.235 0 0 0 682.235)
(682.101 0 0 0 682.101 0 0 0 682.101)
(681.943 0 0 0 681.943 0 0 0 681.943)
(681.76 0 0 0 681.76 0 0 0 681.76)
(681.548 0 0 0 681.548 0 0 0 681.548)
(681.295 0 0 0 681.295 0 0 0 681.295)
(680.984 0 0 0 680.984 0 0 0 680.984)
(680.597 0 0 0 680.597 0 0 0 680.597)
(680.127 0 0 0 680.127 0 0 0 680.127)
(679.628 0 0 0 679.628 0 0 0 679.628)
(679.277 0 0 0 679.277 0 0 0 679.277)
(679.619 0 0 0 679.619 0 0 0 679.619)
(681.974 0 0 0 681.974 0 0 0 681.974)
(688.69 0 0 0 688.69 0 0 0 688.69)
(693.027 0 0 0 693.027 0 0 0 693.027)
(683.074 0 0 0 683.074 0 0 0 683.074)
(682.594 0 0 0 682.594 0 0 0 682.594)
(682.61 0 0 0 682.61 0 0 0 682.61)
(682.615 0 0 0 682.615 0 0 0 682.615)
(682.608 0 0 0 682.608 0 0 0 682.608)
(682.589 0 0 0 682.589 0 0 0 682.589)
(682.554 0 0 0 682.554 0 0 0 682.554)
(682.504 0 0 0 682.504 0 0 0 682.504)
(682.435 0 0 0 682.435 0 0 0 682.435)
(682.346 0 0 0 682.346 0 0 0 682.346)
(682.235 0 0 0 682.235 0 0 0 682.235)
(682.101 0 0 0 682.101 0 0 0 682.101)
(681.943 0 0 0 681.943 0 0 0 681.943)
(681.76 0 0 0 681.76 0 0 0 681.76)
(681.547 0 0 0 681.547 0 0 0 681.547)
(681.295 0 0 0 681.295 0 0 0 681.295)
(680.984 0 0 0 680.984 0 0 0 680.984)
(680.597 0 0 0 680.597 0 0 0 680.597)
(680.127 0 0 0 680.127 0 0 0 680.127)
(679.627 0 0 0 679.627 0 0 0 679.627)
(679.276 0 0 0 679.276 0 0 0 679.276)
(679.618 0 0 0 679.618 0 0 0 679.618)
(681.973 0 0 0 681.973 0 0 0 681.973)
(688.688 0 0 0 688.688 0 0 0 688.688)
(693.026 0 0 0 693.026 0 0 0 693.026)
(678.804 0 0 0 678.804 0 0 0 678.804)
(678.276 0 0 0 678.276 0 0 0 678.276)
(678.259 0 0 0 678.259 0 0 0 678.259)
(678.234 0 0 0 678.234 0 0 0 678.234)
(678.199 0 0 0 678.199 0 0 0 678.199)
(678.153 0 0 0 678.153 0 0 0 678.153)
(678.096 0 0 0 678.096 0 0 0 678.096)
(678.024 0 0 0 678.024 0 0 0 678.024)
(677.935 0 0 0 677.935 0 0 0 677.935)
(677.829 0 0 0 677.829 0 0 0 677.829)
(677.706 0 0 0 677.706 0 0 0 677.706)
(677.567 0 0 0 677.567 0 0 0 677.567)
(677.42 0 0 0 677.42 0 0 0 677.42)
(677.269 0 0 0 677.269 0 0 0 677.269)
(677.121 0 0 0 677.121 0 0 0 677.121)
(676.973 0 0 0 676.973 0 0 0 676.973)
(676.812 0 0 0 676.812 0 0 0 676.812)
(676.622 0 0 0 676.622 0 0 0 676.622)
(676.396 0 0 0 676.396 0 0 0 676.396)
(676.192 0 0 0 676.192 0 0 0 676.192)
(676.201 0 0 0 676.201 0 0 0 676.201)
(677 0 0 0 677 0 0 0 677)
(679.955 0 0 0 679.955 0 0 0 679.955)
(687.453 0 0 0 687.453 0 0 0 687.453)
(692.648 0 0 0 692.648 0 0 0 692.648)
)
;

boundaryField
{
    outletCentralUnloaded
    {
        type            zeroGradient;
    }
    inletCentralUnloaded
    {
        type            zeroGradient;
    }
    outletFuelElement
    {
        type            zeroGradient;
    }
    inletFuelElement
    {
        type            zeroGradient;
    }
    defaultFaces
    {
        type            zeroGradient;
    }
    baffle_master
    {
        type            zeroGradient;
    }
    baffle_slave
    {
        type            zeroGradient;
    }
}


// ************************************************************************* //
