/*--------------------------------*- C++ -*----------------------------------*\
| =========                 |                                                 |
| \\      /  F ield         | OpenFOAM: The Open Source CFD Toolbox           |
|  \\    /   O peration     | Version:  2212                                  |
|   \\  /    A nd           | Website:  www.openfoam.com                      |
|    \\/     M anipulation  |                                                 |
\*---------------------------------------------------------------------------*/
FoamFile
{
    version     2.0;
    format      ascii;
    arch        "LSB;label=32;scalar=64";
    class       volScalarField;
    location    "67/neutroRegion";
    object      TClad;
}
// * * * * * * * * * * * * * * * * * * * * * * * * * * * * * * * * * * * * * //

dimensions      [0 0 0 1 0 0 0];

internalField   nonuniform List<scalar> 
350
(
0
0
0
0
0
0
0
0
0
0
0
0
0
0
0
0
0
0
0
0
0
0
0
0
0
0
0
0
0
0
0
0
0
0
0
0
0
0
0
0
0
0
0
0
0
0
0
0
0
0
1845.79
1883.88
1909.02
1921.22
1920.59
1907.42
1882.13
1845.28
1797.58
1739.88
1673.16
1598.52
1517.18
1430.47
1339.84
1246.75
1152.58
1058.41
964.629
870.417
772.844
665.63
538.035
377.933
186.909
1874.24
1912.94
1938.48
1950.83
1950.14
1936.68
1910.87
1873.3
1824.69
1765.9
1697.92
1621.86
1538.98
1450.61
1358.23
1263.33
1167.34
1071.39
975.937
880.194
781.232
672.686
543.603
381.551
188.132
1841.17
1879.18
1904.28
1916.47
1915.88
1902.77
1877.57
1840.85
1793.31
1735.8
1669.29
1594.88
1513.79
1427.35
1337
1244.2
1150.32
1056.43
962.906
868.933
771.58
664.577
537.216
377.405
186.723
1867.84
1906.39
1931.82
1944.12
1943.43
1930.02
1904.32
1866.9
1818.49
1759.94
1692.24
1616.5
1533.96
1445.97
1353.99
1259.5
1163.93
1068.39
973.322
877.932
779.291
671.053
542.312
380.711
187.85
1867.84
1906.39
1931.82
1944.12
1943.43
1930.02
1904.32
1866.9
1818.49
1759.94
1692.24
1616.5
1533.96
1445.97
1353.99
1259.5
1163.93
1068.39
973.322
877.932
779.291
671.053
542.312
380.711
187.85
1841.17
1879.18
1904.28
1916.47
1915.88
1902.77
1877.57
1840.85
1793.31
1735.8
1669.29
1594.88
1513.79
1427.36
1337
1244.2
1150.32
1056.43
962.907
868.934
771.58
664.578
537.217
377.406
186.723
1874.24
1912.94
1938.48
1950.83
1950.14
1936.68
1910.87
1873.3
1824.69
1765.9
1697.92
1621.86
1538.98
1450.61
1358.23
1263.33
1167.34
1071.39
975.937
880.194
781.232
672.687
543.603
381.551
188.132
1845.79
1883.88
1909.02
1921.22
1920.59
1907.42
1882.13
1845.28
1797.58
1739.88
1673.16
1598.52
1517.18
1430.47
1339.84
1246.75
1152.58
1058.41
964.629
870.417
772.844
665.63
538.035
377.933
186.909
1867.84
1906.39
1931.82
1944.12
1943.43
1930.02
1904.32
1866.9
1818.49
1759.94
1692.24
1616.5
1533.96
1445.97
1353.99
1259.5
1163.93
1068.39
973.322
877.932
779.291
671.053
542.312
380.711
187.85
1841.17
1879.18
1904.28
1916.47
1915.88
1902.77
1877.57
1840.85
1793.31
1735.8
1669.29
1594.88
1513.79
1427.35
1337
1244.2
1150.32
1056.43
962.906
868.933
771.58
664.577
537.216
377.405
186.723
1841.17
1879.18
1904.28
1916.47
1915.88
1902.77
1877.57
1840.85
1793.31
1735.8
1669.29
1594.88
1513.79
1427.36
1337
1244.2
1150.32
1056.43
962.907
868.934
771.58
664.578
537.217
377.406
186.723
1867.84
1906.39
1931.82
1944.12
1943.43
1930.02
1904.32
1866.9
1818.49
1759.94
1692.24
1616.5
1533.96
1445.97
1353.99
1259.5
1163.93
1068.39
973.322
877.932
779.291
671.053
542.312
380.711
187.85
)
;

boundaryField
{
    outletCentralUnloaded
    {
        type            zeroGradient;
    }
    inletCentralUnloaded
    {
        type            zeroGradient;
    }
    outletFuelElement
    {
        type            zeroGradient;
    }
    inletFuelElement
    {
        type            zeroGradient;
    }
    defaultFaces
    {
        type            zeroGradient;
    }
}


// ************************************************************************* //
