/*--------------------------------*- C++ -*----------------------------------*\
| =========                 |                                                 |
| \\      /  F ield         | OpenFOAM: The Open Source CFD Toolbox           |
|  \\    /   O peration     | Version:  2212                                  |
|   \\  /    A nd           | Website:  www.openfoam.com                      |
|    \\/     M anipulation  |                                                 |
\*---------------------------------------------------------------------------*/
FoamFile
{
    version     2.0;
    format      ascii;
    arch        "LSB;label=32;scalar=64";
    class       volScalarField;
    location    "14/neutroRegion";
    object      TClad;
}
// * * * * * * * * * * * * * * * * * * * * * * * * * * * * * * * * * * * * * //

dimensions      [0 0 0 1 0 0 0];

internalField   nonuniform List<scalar> 
350
(
0
0
0
0
0
0
0
0
0
0
0
0
0
0
0
0
0
0
0
0
0
0
0
0
0
0
0
0
0
0
0
0
0
0
0
0
0
0
0
0
0
0
0
0
0
0
0
0
0
0
1107.92
1146.33
1175.98
1196.78
1208.75
1212.03
1206.87
1193.63
1172.78
1144.88
1110.58
1070.63
1025.83
976.995
924.945
870.402
813.92
755.766
695.772
633.156
566.306
492.753
409.53
314.555
210
1121.11
1160.19
1190.37
1211.55
1223.74
1227.11
1221.89
1208.44
1187.25
1158.87
1123.98
1083.34
1037.75
988.073
935.128
879.669
822.272
763.223
702.366
638.912
571.228
496.795
412.582
316.461
210.648
1105.74
1144.05
1173.63
1194.38
1206.32
1209.6
1204.46
1191.26
1170.47
1142.65
1108.45
1068.62
1023.95
975.252
923.348
868.952
812.616
754.605
694.749
632.266
565.549
492.136
409.068
314.267
209.902
1118.15
1157.07
1187.12
1208.2
1220.34
1223.68
1218.46
1205.06
1183.94
1155.67
1120.91
1080.42
1035.01
985.525
932.784
877.534
820.347
761.504
700.844
637.584
570.092
495.862
411.877
316.02
210.498
1118.15
1157.07
1187.12
1208.2
1220.34
1223.68
1218.46
1205.06
1183.94
1155.67
1120.91
1080.42
1035.01
985.525
932.784
877.534
820.347
761.503
700.844
637.584
570.092
495.862
411.877
316.02
210.498
1105.74
1144.05
1173.63
1194.38
1206.32
1209.6
1204.46
1191.26
1170.47
1142.65
1108.45
1068.62
1023.95
975.253
923.348
868.953
812.617
754.605
694.749
632.266
565.55
492.136
409.068
314.268
209.902
1121.11
1160.19
1190.37
1211.55
1223.74
1227.11
1221.89
1208.44
1187.25
1158.87
1123.98
1083.34
1037.75
988.073
935.128
879.669
822.272
763.223
702.366
638.912
571.228
496.796
412.583
316.461
210.648
1107.92
1146.33
1175.98
1196.78
1208.75
1212.03
1206.87
1193.63
1172.78
1144.88
1110.58
1070.63
1025.83
976.995
924.945
870.402
813.92
755.766
695.772
633.156
566.306
492.753
409.531
314.555
210
1118.15
1157.07
1187.12
1208.2
1220.34
1223.68
1218.46
1205.06
1183.94
1155.67
1120.91
1080.42
1035.01
985.525
932.784
877.534
820.347
761.503
700.844
637.584
570.092
495.862
411.877
316.02
210.498
1105.74
1144.05
1173.63
1194.38
1206.32
1209.6
1204.46
1191.26
1170.47
1142.65
1108.45
1068.62
1023.95
975.252
923.348
868.952
812.616
754.605
694.749
632.266
565.549
492.136
409.068
314.267
209.902
1105.74
1144.05
1173.63
1194.38
1206.32
1209.6
1204.46
1191.26
1170.47
1142.65
1108.45
1068.62
1023.95
975.253
923.348
868.953
812.617
754.605
694.749
632.266
565.55
492.136
409.068
314.268
209.902
1118.15
1157.07
1187.12
1208.2
1220.34
1223.68
1218.46
1205.06
1183.94
1155.67
1120.91
1080.42
1035.01
985.525
932.784
877.534
820.347
761.503
700.844
637.584
570.092
495.862
411.877
316.02
210.498
)
;

boundaryField
{
    outletCentralUnloaded
    {
        type            zeroGradient;
    }
    inletCentralUnloaded
    {
        type            zeroGradient;
    }
    outletFuelElement
    {
        type            zeroGradient;
    }
    inletFuelElement
    {
        type            zeroGradient;
    }
    defaultFaces
    {
        type            zeroGradient;
    }
}


// ************************************************************************* //
