/*--------------------------------*- C++ -*----------------------------------*\
|       ______          _   __           ______                               |
|      / ____/  ___    / | / /          / ____/  ____   ____ _   ____ ___     |
|     / / __   / _ \  /  |/ /  ______  / /_     / __ \ / __ `/  / __ `__ \    |
|    / /_/ /  /  __/ / /|  /  /_____/ / __/    / /_/ // /_/ /  / / / / / /    |
|    \____/   \___/ /_/ |_/          /_/       \____/ \__,_/  /_/ /_/ /_/     |
|    Copyright (C) 2015 - 2022 EPFL                                           |
\*---------------------------------------------------------------------------*/
FoamFile
{
    version     2.0;
    format      ascii;
    class       labelList;
    object      neighbour;
}
// * * * * * * * * * * * * * * * * * * * * * * * * * * * * * * * * * * * * * //

3006
(
1
9
334
2
10
335
3
11
336
4
12
337
5
13
338
6
14
339
7
15
340
8
16
341
17
90
342
10
18
11
19
12
20
13
21
14
22
15
23
16
24
17
25
26
93
19
27
20
28
21
29
22
30
23
31
24
32
25
33
26
34
35
96
28
36
29
37
30
38
31
39
32
40
33
41
34
42
35
43
44
99
37
45
38
46
39
47
40
48
41
49
42
50
43
51
44
52
53
102
46
54
47
55
48
56
49
57
50
58
51
59
52
60
53
61
62
105
55
63
56
64
57
65
58
66
59
67
60
68
61
69
62
70
71
108
64
72
65
73
66
74
67
75
68
76
69
77
70
78
71
79
80
111
73
81
74
82
75
83
76
84
77
85
78
86
79
87
80
88
89
114
82
83
84
85
86
87
88
89
117
91
93
361
92
94
362
95
120
363
94
96
95
97
98
129
97
99
98
100
101
138
100
102
101
103
104
147
103
105
104
106
107
156
106
108
107
109
110
165
109
111
110
112
113
174
112
114
113
115
116
183
115
117
116
118
119
192
118
119
201
121
129
418
122
130
419
123
131
420
124
132
421
125
133
422
126
134
423
127
135
424
128
136
425
137
210
426
130
138
131
139
132
140
133
141
134
142
135
143
136
144
137
145
146
217
139
147
140
148
141
149
142
150
143
151
144
152
145
153
146
154
155
224
148
156
149
157
150
158
151
159
152
160
153
161
154
162
155
163
164
231
157
165
158
166
159
167
160
168
161
169
162
170
163
171
164
172
173
238
166
174
167
175
168
176
169
177
170
178
171
179
172
180
173
181
182
245
175
183
176
184
177
185
178
186
179
187
180
188
181
189
182
190
191
252
184
192
185
193
186
194
187
195
188
196
189
197
190
198
191
199
200
259
193
201
194
202
195
203
196
204
197
205
198
206
199
207
200
208
209
266
202
203
204
205
206
207
208
209
273
211
217
469
212
218
470
213
219
471
214
220
472
215
221
473
216
222
474
223
475
218
224
219
225
220
226
221
227
222
228
223
229
230
225
231
226
232
227
233
228
234
229
235
230
236
237
232
238
233
239
234
240
235
241
236
242
237
243
244
239
245
240
246
241
247
242
248
243
249
244
250
251
246
252
247
253
248
254
249
255
250
256
251
257
258
253
259
254
260
255
261
256
262
257
263
258
264
265
260
266
261
267
262
268
263
269
264
270
265
271
272
267
273
268
274
269
275
270
276
271
277
272
278
279
274
275
276
277
278
279
281
289
512
282
290
513
283
291
514
284
292
515
285
293
516
286
294
517
287
295
518
288
296
519
297
343
520
290
298
291
299
292
300
293
301
294
302
295
303
296
304
297
305
306
346
299
307
300
308
301
309
302
310
303
311
304
312
305
313
306
314
315
349
308
316
309
317
310
318
311
319
312
320
313
321
314
322
315
323
324
352
317
325
318
326
319
327
320
328
321
329
322
330
323
331
324
332
333
355
326
334
327
335
328
336
329
337
330
338
331
339
332
340
333
341
342
358
335
336
337
338
339
340
341
342
361
344
346
533
345
347
534
348
535
347
349
348
350
351
350
352
351
353
354
353
355
354
356
357
356
358
357
359
360
359
361
360
362
363
362
363
365
373
572
366
374
573
367
375
574
368
376
575
369
377
576
370
378
577
371
379
578
372
380
579
381
580
374
382
375
383
376
384
377
385
378
386
379
387
380
388
381
389
390
383
391
384
392
385
393
386
394
387
395
388
396
389
397
390
398
399
392
400
393
401
394
402
395
403
396
404
397
405
398
406
399
407
408
401
409
402
410
403
411
404
412
405
413
406
414
407
415
408
416
417
410
418
411
419
412
420
413
421
414
422
415
423
416
424
417
425
426
419
420
421
422
423
424
425
426
428
434
609
429
435
610
430
436
611
431
437
612
432
438
613
433
439
614
440
615
435
441
436
442
437
443
438
444
439
445
440
446
447
442
448
443
449
444
450
445
451
446
452
447
453
454
449
455
450
456
451
457
452
458
453
459
454
460
461
456
462
457
463
458
464
459
465
460
466
461
467
468
463
469
464
470
465
471
466
472
467
473
468
474
475
470
471
472
473
474
475
477
485
679
478
486
680
479
487
681
480
488
682
481
489
683
482
490
684
483
491
685
484
492
686
493
521
687
486
494
487
495
488
496
489
497
490
498
491
499
492
500
493
501
502
524
495
503
496
504
497
505
498
506
499
507
500
508
501
509
502
510
511
527
504
512
505
513
506
514
507
515
508
516
509
517
510
518
511
519
520
530
513
514
515
516
517
518
519
520
533
522
524
709
523
525
710
526
711
525
527
526
528
529
528
530
529
531
532
531
533
532
534
535
534
535
537
545
775
538
546
776
539
547
777
540
548
778
541
549
779
542
550
780
543
551
781
544
552
782
553
783
546
554
547
555
548
556
549
557
550
558
551
559
552
560
553
561
562
555
563
556
564
557
565
558
566
559
567
560
568
561
569
562
570
571
564
572
565
573
566
574
567
575
568
576
569
577
570
578
571
579
580
573
574
575
576
577
578
579
580
582
588
833
583
589
834
584
590
835
585
591
836
586
592
837
587
593
838
594
839
589
595
590
596
591
597
592
598
593
599
594
600
601
596
602
597
603
598
604
599
605
600
606
601
607
608
603
609
604
610
605
611
606
612
607
613
608
614
615
610
611
612
613
614
615
617
625
885
618
626
886
619
627
887
620
628
888
621
629
889
622
630
890
623
631
891
624
632
892
633
688
893
626
634
627
635
628
636
629
637
630
638
631
639
632
640
633
641
642
691
635
643
636
644
637
645
638
646
639
647
640
648
641
649
642
650
651
694
644
652
645
653
646
654
647
655
648
656
649
657
650
658
651
659
660
697
653
661
654
662
655
663
656
664
657
665
658
666
659
667
660
668
669
700
662
670
663
671
664
672
665
673
666
674
667
675
668
676
669
677
678
703
671
679
672
680
673
681
674
682
675
683
676
684
677
685
678
686
687
706
680
681
682
683
684
685
686
687
709
689
691
909
690
692
910
693
911
692
694
693
695
696
695
697
696
698
699
698
700
699
701
702
701
703
702
704
705
704
706
705
707
708
707
709
708
710
711
710
711
713
721
957
714
722
958
715
723
959
716
724
960
717
725
961
718
726
962
719
727
963
720
728
964
729
965
722
730
723
731
724
732
725
733
726
734
727
735
728
736
729
737
738
731
739
732
740
733
741
734
742
735
743
736
744
737
745
738
746
747
740
748
741
749
742
750
743
751
744
752
745
753
746
754
747
755
756
749
757
750
758
751
759
752
760
753
761
754
762
755
763
756
764
765
758
766
759
767
760
768
761
769
762
770
763
771
764
772
765
773
774
767
775
768
776
769
777
770
778
771
779
772
780
773
781
774
782
783
776
777
778
779
780
781
782
783
785
791
1001
786
792
1002
787
793
1003
788
794
1004
789
795
1005
790
796
1006
797
1007
792
798
793
799
794
800
795
801
796
802
797
803
804
799
805
800
806
801
807
802
808
803
809
804
810
811
806
812
807
813
808
814
809
815
810
816
811
817
818
813
819
814
820
815
821
816
822
817
823
818
824
825
820
826
821
827
822
828
823
829
824
830
825
831
832
827
833
828
834
829
835
830
836
831
837
832
838
839
834
835
836
837
838
839
841
849
1179
842
850
1180
843
851
1181
844
852
1182
845
853
1183
846
854
1184
847
855
1185
848
856
1186
857
894
1187
850
858
851
859
852
860
853
861
854
862
855
863
856
864
857
865
866
897
859
867
860
868
861
869
862
870
863
871
864
872
865
873
866
874
875
900
868
876
869
877
870
878
871
879
872
880
873
881
874
882
875
883
884
903
877
885
878
886
879
887
880
888
881
889
882
890
883
891
884
892
893
906
886
887
888
889
890
891
892
893
909
895
897
1245
896
898
1246
899
912
1247
898
900
899
901
902
921
901
903
902
904
905
930
904
906
905
907
908
939
907
909
908
910
911
948
910
911
957
913
921
1419
914
922
1420
915
923
1421
916
924
1422
917
925
1423
918
926
1424
919
927
1425
920
928
1426
929
1427
922
930
923
931
924
932
925
933
926
934
927
935
928
936
929
937
938
931
939
932
940
933
941
934
942
935
943
936
944
937
945
938
946
947
940
948
941
949
942
950
943
951
944
952
945
953
946
954
947
955
956
949
957
950
958
951
959
952
960
953
961
954
962
955
963
956
964
965
958
959
960
961
962
963
964
965
967
973
1561
968
974
1562
969
975
1563
970
976
1564
971
977
1565
972
978
1566
979
1567
974
980
975
981
976
982
977
983
978
984
979
985
986
981
987
982
988
983
989
984
990
985
991
986
992
993
988
994
989
995
990
996
991
997
992
998
993
999
1000
995
1001
996
1002
997
1003
998
1004
999
1005
1000
1006
1007
1002
1003
1004
1005
1006
1007
1009
1017
1010
1018
1011
1019
1012
1020
1013
1021
1014
1022
1015
1023
1016
1024
1025
1188
1018
1026
1019
1027
1020
1028
1021
1029
1022
1030
1023
1031
1024
1032
1025
1033
1034
1191
1027
1035
1028
1036
1029
1037
1030
1038
1031
1039
1032
1040
1033
1041
1034
1042
1043
1194
1036
1044
1037
1045
1038
1046
1039
1047
1040
1048
1041
1049
1042
1050
1043
1051
1052
1197
1045
1053
1046
1054
1047
1055
1048
1056
1049
1057
1050
1058
1051
1059
1052
1060
1061
1200
1054
1062
1055
1063
1056
1064
1057
1065
1058
1066
1059
1067
1060
1068
1061
1069
1070
1203
1063
1071
1064
1072
1065
1073
1066
1074
1067
1075
1068
1076
1069
1077
1070
1078
1079
1206
1072
1080
1073
1081
1074
1082
1075
1083
1076
1084
1077
1085
1078
1086
1079
1087
1088
1209
1081
1089
1082
1090
1083
1091
1084
1092
1085
1093
1086
1094
1087
1095
1088
1096
1097
1212
1090
1098
1091
1099
1092
1100
1093
1101
1094
1102
1095
1103
1096
1104
1097
1105
1106
1215
1099
1107
1100
1108
1101
1109
1102
1110
1103
1111
1104
1112
1105
1113
1106
1114
1115
1218
1108
1116
1109
1117
1110
1118
1111
1119
1112
1120
1113
1121
1114
1122
1115
1123
1124
1221
1117
1125
1118
1126
1119
1127
1120
1128
1121
1129
1122
1130
1123
1131
1124
1132
1133
1224
1126
1134
1127
1135
1128
1136
1129
1137
1130
1138
1131
1139
1132
1140
1133
1141
1142
1227
1135
1143
1136
1144
1137
1145
1138
1146
1139
1147
1140
1148
1141
1149
1142
1150
1151
1230
1144
1152
1145
1153
1146
1154
1147
1155
1148
1156
1149
1157
1150
1158
1151
1159
1160
1233
1153
1161
1154
1162
1155
1163
1156
1164
1157
1165
1158
1166
1159
1167
1160
1168
1169
1236
1162
1170
1163
1171
1164
1172
1165
1173
1166
1174
1167
1175
1168
1176
1169
1177
1178
1239
1171
1179
1172
1180
1173
1181
1174
1182
1175
1183
1176
1184
1177
1185
1178
1186
1187
1242
1180
1181
1182
1183
1184
1185
1186
1187
1245
1189
1191
1190
1192
1193
1248
1192
1194
1193
1195
1196
1257
1195
1197
1196
1198
1199
1266
1198
1200
1199
1201
1202
1275
1201
1203
1202
1204
1205
1284
1204
1206
1205
1207
1208
1293
1207
1209
1208
1210
1211
1302
1210
1212
1211
1213
1214
1311
1213
1215
1214
1216
1217
1320
1216
1218
1217
1219
1220
1329
1219
1221
1220
1222
1223
1338
1222
1224
1223
1225
1226
1347
1225
1227
1226
1228
1229
1356
1228
1230
1229
1231
1232
1365
1231
1233
1232
1234
1235
1374
1234
1236
1235
1237
1238
1383
1237
1239
1238
1240
1241
1392
1240
1242
1241
1243
1244
1401
1243
1245
1244
1246
1247
1410
1246
1247
1419
1249
1257
1250
1258
1251
1259
1252
1260
1253
1261
1254
1262
1255
1263
1256
1264
1265
1428
1258
1266
1259
1267
1260
1268
1261
1269
1262
1270
1263
1271
1264
1272
1265
1273
1274
1435
1267
1275
1268
1276
1269
1277
1270
1278
1271
1279
1272
1280
1273
1281
1274
1282
1283
1442
1276
1284
1277
1285
1278
1286
1279
1287
1280
1288
1281
1289
1282
1290
1283
1291
1292
1449
1285
1293
1286
1294
1287
1295
1288
1296
1289
1297
1290
1298
1291
1299
1292
1300
1301
1456
1294
1302
1295
1303
1296
1304
1297
1305
1298
1306
1299
1307
1300
1308
1301
1309
1310
1463
1303
1311
1304
1312
1305
1313
1306
1314
1307
1315
1308
1316
1309
1317
1310
1318
1319
1470
1312
1320
1313
1321
1314
1322
1315
1323
1316
1324
1317
1325
1318
1326
1319
1327
1328
1477
1321
1329
1322
1330
1323
1331
1324
1332
1325
1333
1326
1334
1327
1335
1328
1336
1337
1484
1330
1338
1331
1339
1332
1340
1333
1341
1334
1342
1335
1343
1336
1344
1337
1345
1346
1491
1339
1347
1340
1348
1341
1349
1342
1350
1343
1351
1344
1352
1345
1353
1346
1354
1355
1498
1348
1356
1349
1357
1350
1358
1351
1359
1352
1360
1353
1361
1354
1362
1355
1363
1364
1505
1357
1365
1358
1366
1359
1367
1360
1368
1361
1369
1362
1370
1363
1371
1364
1372
1373
1512
1366
1374
1367
1375
1368
1376
1369
1377
1370
1378
1371
1379
1372
1380
1373
1381
1382
1519
1375
1383
1376
1384
1377
1385
1378
1386
1379
1387
1380
1388
1381
1389
1382
1390
1391
1526
1384
1392
1385
1393
1386
1394
1387
1395
1388
1396
1389
1397
1390
1398
1391
1399
1400
1533
1393
1401
1394
1402
1395
1403
1396
1404
1397
1405
1398
1406
1399
1407
1400
1408
1409
1540
1402
1410
1403
1411
1404
1412
1405
1413
1406
1414
1407
1415
1408
1416
1409
1417
1418
1547
1411
1419
1412
1420
1413
1421
1414
1422
1415
1423
1416
1424
1417
1425
1418
1426
1427
1554
1420
1421
1422
1423
1424
1425
1426
1427
1561
1429
1435
1430
1436
1431
1437
1432
1438
1433
1439
1434
1440
1441
1436
1442
1437
1443
1438
1444
1439
1445
1440
1446
1441
1447
1448
1443
1449
1444
1450
1445
1451
1446
1452
1447
1453
1448
1454
1455
1450
1456
1451
1457
1452
1458
1453
1459
1454
1460
1455
1461
1462
1457
1463
1458
1464
1459
1465
1460
1466
1461
1467
1462
1468
1469
1464
1470
1465
1471
1466
1472
1467
1473
1468
1474
1469
1475
1476
1471
1477
1472
1478
1473
1479
1474
1480
1475
1481
1476
1482
1483
1478
1484
1479
1485
1480
1486
1481
1487
1482
1488
1483
1489
1490
1485
1491
1486
1492
1487
1493
1488
1494
1489
1495
1490
1496
1497
1492
1498
1493
1499
1494
1500
1495
1501
1496
1502
1497
1503
1504
1499
1505
1500
1506
1501
1507
1502
1508
1503
1509
1504
1510
1511
1506
1512
1507
1513
1508
1514
1509
1515
1510
1516
1511
1517
1518
1513
1519
1514
1520
1515
1521
1516
1522
1517
1523
1518
1524
1525
1520
1526
1521
1527
1522
1528
1523
1529
1524
1530
1525
1531
1532
1527
1533
1528
1534
1529
1535
1530
1536
1531
1537
1532
1538
1539
1534
1540
1535
1541
1536
1542
1537
1543
1538
1544
1539
1545
1546
1541
1547
1542
1548
1543
1549
1544
1550
1545
1551
1546
1552
1553
1548
1554
1549
1555
1550
1556
1551
1557
1552
1558
1553
1559
1560
1555
1561
1556
1562
1557
1563
1558
1564
1559
1565
1560
1566
1567
1562
1563
1564
1565
1566
1567
)

// ************************************************************************* //
