/*--------------------------------*- C++ -*----------------------------------*\
| =========                 |                                                 |
| \\      /  F ield         | OpenFOAM: The Open Source CFD Toolbox           |
|  \\    /   O peration     | Version:  2212                                  |
|   \\  /    A nd           | Website:  www.openfoam.com                      |
|    \\/     M anipulation  |                                                 |
\*---------------------------------------------------------------------------*/
FoamFile
{
    version     2.0;
    format      ascii;
    arch        "LSB;label=32;scalar=64";
    class       volScalarField;
    location    "26/neutroRegion";
    object      TClad;
}
// * * * * * * * * * * * * * * * * * * * * * * * * * * * * * * * * * * * * * //

dimensions      [0 0 0 1 0 0 0];

internalField   nonuniform List<scalar> 
350
(
0
0
0
0
0
0
0
0
0
0
0
0
0
0
0
0
0
0
0
0
0
0
0
0
0
0
0
0
0
0
0
0
0
0
0
0
0
0
0
0
0
0
0
0
0
0
0
0
0
0
1747.05
1787.79
1815.81
1831.11
1833.81
1824.18
1802.62
1769.7
1726.09
1672.63
1610.27
1540.07
1463.25
1381.1
1295.02
1206.42
1116.59
1026.49
936.41
845.462
750.764
646.422
522.873
370.074
190.226
1773.21
1814.62
1843.1
1858.63
1861.35
1851.51
1829.54
1795.99
1751.58
1697.12
1633.6
1562.1
1483.83
1400.13
1312.41
1222.1
1130.56
1038.8
947.156
854.768
758.749
653.12
528.122
373.459
191.372
1742.79
1783.44
1811.4
1826.68
1829.4
1819.82
1798.35
1765.53
1722.07
1668.78
1606.61
1536.63
1460.04
1378.15
1292.33
1204
1114.44
1024.6
934.768
844.046
749.556
645.419
522.098
369.577
190.052
1767.33
1808.57
1836.93
1852.4
1855.09
1845.29
1823.4
1789.99
1745.75
1691.51
1628.25
1557.04
1479.1
1395.75
1308.4
1218.48
1127.34
1035.96
944.673
852.617
756.902
651.57
526.906
372.674
191.107
1767.33
1808.57
1836.93
1852.4
1855.09
1845.29
1823.4
1789.99
1745.75
1691.51
1628.25
1557.04
1479.1
1395.75
1308.4
1218.48
1127.34
1035.96
944.673
852.617
756.902
651.57
526.906
372.674
191.107
1742.79
1783.44
1811.41
1826.69
1829.4
1819.82
1798.35
1765.54
1722.07
1668.78
1606.61
1536.63
1460.04
1378.15
1292.33
1204
1114.44
1024.6
934.769
844.046
749.557
645.42
522.099
369.577
190.052
1773.21
1814.62
1843.1
1858.63
1861.35
1851.51
1829.54
1795.99
1751.58
1697.12
1633.6
1562.1
1483.83
1400.13
1312.41
1222.1
1130.56
1038.8
947.156
854.768
758.748
653.12
528.122
373.459
191.372
1747.05
1787.79
1815.81
1831.11
1833.81
1824.18
1802.62
1769.7
1726.09
1672.63
1610.27
1540.07
1463.25
1381.1
1295.02
1206.42
1116.59
1026.49
936.41
845.462
750.764
646.422
522.874
370.073
190.226
1767.33
1808.57
1836.93
1852.4
1855.09
1845.29
1823.4
1789.99
1745.75
1691.51
1628.25
1557.04
1479.1
1395.75
1308.4
1218.48
1127.34
1035.96
944.673
852.617
756.902
651.57
526.906
372.674
191.107
1742.79
1783.44
1811.4
1826.68
1829.4
1819.82
1798.35
1765.53
1722.07
1668.78
1606.61
1536.63
1460.04
1378.15
1292.33
1204
1114.44
1024.6
934.768
844.046
749.556
645.419
522.098
369.577
190.052
1742.79
1783.44
1811.41
1826.69
1829.4
1819.82
1798.35
1765.54
1722.07
1668.78
1606.61
1536.63
1460.04
1378.15
1292.33
1204
1114.44
1024.6
934.769
844.046
749.557
645.42
522.098
369.577
190.052
1767.32
1808.57
1836.93
1852.4
1855.09
1845.29
1823.4
1789.99
1745.75
1691.51
1628.25
1557.04
1479.1
1395.75
1308.4
1218.48
1127.34
1035.96
944.673
852.617
756.902
651.57
526.906
372.674
191.107
)
;

boundaryField
{
    outletCentralUnloaded
    {
        type            zeroGradient;
    }
    inletCentralUnloaded
    {
        type            zeroGradient;
    }
    outletFuelElement
    {
        type            zeroGradient;
    }
    inletFuelElement
    {
        type            zeroGradient;
    }
    defaultFaces
    {
        type            zeroGradient;
    }
}


// ************************************************************************* //
