/*--------------------------------*- C++ -*----------------------------------*\
| =========                 |                                                 |
| \\      /  F ield         | OpenFOAM: The Open Source CFD Toolbox           |
|  \\    /   O peration     | Version:  2212                                  |
|   \\  /    A nd           | Website:  www.openfoam.com                      |
|    \\/     M anipulation  |                                                 |
\*---------------------------------------------------------------------------*/
FoamFile
{
    version     2.0;
    format      ascii;
    arch        "LSB;label=32;scalar=64";
    class       volScalarField;
    location    "61/fluidRegion";
    object      alphat;
}
// * * * * * * * * * * * * * * * * * * * * * * * * * * * * * * * * * * * * * //

dimensions      [1 -1 -1 0 0 0 0];

internalField   nonuniform List<scalar> 
350
(
0.00258567
0.00258564
0.00258562
0.0025856
0.00258559
0.00258558
0.00258558
0.00258558
0.00258559
0.00258562
0.00258568
0.00258575
0.00258585
0.00258597
0.00258612
0.00258633
0.00258662
0.00258706
0.00258773
0.00258877
0.00259035
0.00259279
0.00259653
0.00260225
0.002611
0.00258567
0.00258564
0.00258562
0.0025856
0.00258559
0.00258558
0.00258558
0.00258558
0.00258559
0.00258562
0.00258568
0.00258575
0.00258585
0.00258597
0.00258612
0.00258633
0.00258662
0.00258706
0.00258773
0.00258877
0.00259035
0.00259279
0.00259653
0.00260225
0.002611
0.000895867
0.000884261
0.00087285
0.000861279
0.000849441
0.00083723
0.000824543
0.000811281
0.000797357
0.000782709
0.000767303
0.000751148
0.000734285
0.000716786
0.000698729
0.000680212
0.000661409
0.000642776
0.000625494
0.000612396
0.000609879
0.000631329
0.000699562
0.0008323
0.0010022
0.000888009
0.000876417
0.000865042
0.000853513
0.000841726
0.000829574
0.000816952
0.000803761
0.000789914
0.000775346
0.000760027
0.000743968
0.000727221
0.00070987
0.000692005
0.000673732
0.000655226
0.000636929
0.000619998
0.000607242
0.00060504
0.000626816
0.000695613
0.000829602
0.00100146
0.000897121
0.000885502
0.000874081
0.000862497
0.000850646
0.000838422
0.00082572
0.000812441
0.000798501
0.000783835
0.000768411
0.000752234
0.000735347
0.000717817
0.000699724
0.000681161
0.000662304
0.00064361
0.000626263
0.000613101
0.000610522
0.00063191
0.00070006
0.000832642
0.00100232
0.000889813
0.000878223
0.000866842
0.000855306
0.000843509
0.000831346
0.000818711
0.000805505
0.000791641
0.000777055
0.000761716
0.000745634
0.000728861
0.000711474
0.000693565
0.000675235
0.00065666
0.000638286
0.000621273
0.000608438
0.000606163
0.000627865
0.000696532
0.000830232
0.00100163
0.000889813
0.000878223
0.000866842
0.000855306
0.00084351
0.000831346
0.000818711
0.000805505
0.000791641
0.000777055
0.000761716
0.000745634
0.000728861
0.000711474
0.000693565
0.000675236
0.000656661
0.000638286
0.000621273
0.000608438
0.000606163
0.000627865
0.000696532
0.000830232
0.00100163
0.00089712
0.000885502
0.00087408
0.000862497
0.000850646
0.000838422
0.000825719
0.000812441
0.000798501
0.000783835
0.000768411
0.000752234
0.000735347
0.000717817
0.000699724
0.000681161
0.000662304
0.000643611
0.000626264
0.000613102
0.000610522
0.000631909
0.000700059
0.000832639
0.00100232
0.000888009
0.000876417
0.000865042
0.000853513
0.000841726
0.000829574
0.000816952
0.000803761
0.000789914
0.000775346
0.000760027
0.000743968
0.000727221
0.000709869
0.000692005
0.000673732
0.000655226
0.000636928
0.000619997
0.000607242
0.000605039
0.000626816
0.000695613
0.000829603
0.00100146
0.000895866
0.000884261
0.00087285
0.000861279
0.000849441
0.00083723
0.000824543
0.000811281
0.000797357
0.000782709
0.000767303
0.000751148
0.000734285
0.000716786
0.000698729
0.000680212
0.000661409
0.000642777
0.000625494
0.000612397
0.00060988
0.000631328
0.000699559
0.00083229
0.00100218
0.000889813
0.000878223
0.000866842
0.000855306
0.00084351
0.000831346
0.000818712
0.000805505
0.000791641
0.000777055
0.000761716
0.000745635
0.000728861
0.000711474
0.000693565
0.000675236
0.000656661
0.000638286
0.000621274
0.000608439
0.000606164
0.000627865
0.000696531
0.000830229
0.00100162
0.00089712
0.000885502
0.000874081
0.000862497
0.000850646
0.000838422
0.00082572
0.000812441
0.000798501
0.000783835
0.000768411
0.000752234
0.000735347
0.000717817
0.000699724
0.000681161
0.000662304
0.00064361
0.000626262
0.0006131
0.000610521
0.00063191
0.000700066
0.00083266
0.00100236
0.00089712
0.000885502
0.000874081
0.000862497
0.000850646
0.000838422
0.00082572
0.000812442
0.000798501
0.000783835
0.000768411
0.000752234
0.000735347
0.000717818
0.000699725
0.000681162
0.000662305
0.000643612
0.000626265
0.000613103
0.000610523
0.000631911
0.000700061
0.000832644
0.00100233
0.000889813
0.000878223
0.000866842
0.000855306
0.00084351
0.000831347
0.000818712
0.000805505
0.000791641
0.000777055
0.000761716
0.000745635
0.000728861
0.000711474
0.000693565
0.000675236
0.000656661
0.000638286
0.000621274
0.000608439
0.000606163
0.000627863
0.000696526
0.000830217
0.0010016
)
;

boundaryField
{
    outletCentralUnloaded
    {
        type            zeroGradient;
    }
    inletCentralUnloaded
    {
        type            zeroGradient;
    }
    outletFuelElement
    {
        type            zeroGradient;
    }
    inletFuelElement
    {
        type            zeroGradient;
    }
    defaultFaces
    {
        type            zeroGradient;
    }
    baffle_master
    {
        type            calculated;
        value           nonuniform List<scalar> 
150
(
0.00258567
0.00258567
0.00258567
0.00258564
0.00258564
0.00258564
0.00258562
0.00258562
0.00258562
0.0025856
0.0025856
0.0025856
0.00258559
0.00258559
0.00258559
0.00258558
0.00258558
0.00258558
0.00258558
0.00258558
0.00258558
0.00258558
0.00258558
0.00258558
0.00258559
0.00258559
0.00258559
0.00258562
0.00258562
0.00258562
0.00258568
0.00258568
0.00258568
0.00258575
0.00258575
0.00258575
0.00258585
0.00258585
0.00258585
0.00258597
0.00258597
0.00258597
0.00258612
0.00258612
0.00258612
0.00258633
0.00258633
0.00258633
0.00258662
0.00258662
0.00258662
0.00258706
0.00258706
0.00258706
0.00258773
0.00258773
0.00258773
0.00258877
0.00258877
0.00258877
0.00259035
0.00259035
0.00259035
0.00259279
0.00259279
0.00259279
0.00259653
0.00259653
0.00259653
0.00260225
0.00260225
0.00260225
0.002611
0.002611
0.002611
0.00258567
0.00258567
0.00258567
0.00258564
0.00258564
0.00258564
0.00258562
0.00258562
0.00258562
0.0025856
0.0025856
0.0025856
0.00258559
0.00258559
0.00258559
0.00258558
0.00258558
0.00258558
0.00258558
0.00258558
0.00258558
0.00258558
0.00258558
0.00258558
0.00258559
0.00258559
0.00258559
0.00258562
0.00258562
0.00258562
0.00258568
0.00258568
0.00258568
0.00258575
0.00258575
0.00258575
0.00258585
0.00258585
0.00258585
0.00258597
0.00258597
0.00258597
0.00258612
0.00258612
0.00258612
0.00258633
0.00258633
0.00258633
0.00258662
0.00258662
0.00258662
0.00258706
0.00258706
0.00258706
0.00258773
0.00258773
0.00258773
0.00258877
0.00258877
0.00258877
0.00259035
0.00259035
0.00259035
0.00259279
0.00259279
0.00259279
0.00259653
0.00259653
0.00259653
0.00260225
0.00260225
0.00260225
0.002611
0.002611
0.002611
)
;
    }
    baffle_slave
    {
        type            calculated;
        value           nonuniform List<scalar> 
150
(
0.000888009
0.000889813
0.000889813
0.000876417
0.000878223
0.000878223
0.000865042
0.000866842
0.000866842
0.000853513
0.000855306
0.000855306
0.000841726
0.000843509
0.00084351
0.000829574
0.000831346
0.000831347
0.000816952
0.000818711
0.000818712
0.000803761
0.000805505
0.000805505
0.000789914
0.000791641
0.000791641
0.000775346
0.000777055
0.000777055
0.000760027
0.000761716
0.000761716
0.000743968
0.000745634
0.000745635
0.000727221
0.000728861
0.000728861
0.00070987
0.000711474
0.000711474
0.000692005
0.000693565
0.000693565
0.000673732
0.000675235
0.000675236
0.000655226
0.00065666
0.000656661
0.000636929
0.000638286
0.000638286
0.000619998
0.000621273
0.000621274
0.000607242
0.000608438
0.000608439
0.00060504
0.000606163
0.000606163
0.000626816
0.000627865
0.000627863
0.000695613
0.000696532
0.000696526
0.000829602
0.000830232
0.000830217
0.00100146
0.00100163
0.0010016
0.000889813
0.000888009
0.000889813
0.000878223
0.000876417
0.000878223
0.000866842
0.000865042
0.000866842
0.000855306
0.000853513
0.000855306
0.00084351
0.000841726
0.00084351
0.000831346
0.000829574
0.000831346
0.000818711
0.000816952
0.000818712
0.000805505
0.000803761
0.000805505
0.000791641
0.000789914
0.000791641
0.000777055
0.000775346
0.000777055
0.000761716
0.000760027
0.000761716
0.000745634
0.000743968
0.000745635
0.000728861
0.000727221
0.000728861
0.000711474
0.000709869
0.000711474
0.000693565
0.000692005
0.000693565
0.000675236
0.000673732
0.000675236
0.000656661
0.000655226
0.000656661
0.000638286
0.000636928
0.000638286
0.000621273
0.000619997
0.000621274
0.000608438
0.000607242
0.000608439
0.000606163
0.000605039
0.000606164
0.000627865
0.000626816
0.000627865
0.000696532
0.000695613
0.000696531
0.000830232
0.000829603
0.000830229
0.00100163
0.00100146
0.00100162
)
;
    }
}


// ************************************************************************* //
