/*--------------------------------*- C++ -*----------------------------------*\
| =========                 |                                                 |
| \\      /  F ield         | OpenFOAM: The Open Source CFD Toolbox           |
|  \\    /   O peration     | Version:  2212                                  |
|   \\  /    A nd           | Website:  www.openfoam.com                      |
|    \\/     M anipulation  |                                                 |
\*---------------------------------------------------------------------------*/
FoamFile
{
    version     2.0;
    format      ascii;
    arch        "LSB;label=32;scalar=64";
    class       volScalarField;
    location    "61/fluidRegion";
    object      epsilon;
}
// * * * * * * * * * * * * * * * * * * * * * * * * * * * * * * * * * * * * * //

dimensions      [0 2 -3 0 0 0 0];

internalField   nonuniform List<scalar> 
350
(
66.9843
66.9679
66.9515
66.935
66.9185
66.9019
66.8854
66.869
66.8528
66.8369
66.8214
66.8064
66.7922
66.7792
66.7677
66.7586
66.7531
66.753
66.7612
66.7824
66.8234
66.8952
67.0141
67.205
67.5061
66.9843
66.9679
66.9515
66.935
66.9185
66.9019
66.8854
66.869
66.8528
66.8369
66.8214
66.8064
66.7922
66.7792
66.7677
66.7586
66.7531
66.753
66.7612
66.7824
66.8234
66.8952
67.0141
67.205
67.5061
7.65297e+06
7.04265e+06
6.36711e+06
5.64756e+06
4.91185e+06
4.18553e+06
3.49076e+06
2.84558e+06
2.26349e+06
1.75334e+06
1.31946e+06
961979
677361
459052
298298
185090
109151
60850.6
31882.1
15617.2
7151.62
3117.37
1385.76
735.661
547.118
7.81866e+06
7.19659e+06
6.50794e+06
5.77383e+06
5.0228e+06
4.28099e+06
3.57108e+06
2.91157e+06
2.31633e+06
1.79445e+06
1.35045e+06
984513
693100
469555
304957
189074
111385
62014.2
32437.4
15855.6
7241.23
3145.73
1392.95
737.104
547.541
7.62586e+06
7.0174e+06
6.34412e+06
5.62702e+06
4.89387e+06
4.17012e+06
3.47784e+06
2.83501e+06
2.25506e+06
1.7468e+06
1.31455e+06
958418
674880
457400
297252
184463
108799
60666.5
31793.3
15578.3
7136.38
3112.09
1384.13
735.168
546.94
7.78196e+06
7.16242e+06
6.4766e+06
5.74566e+06
4.99799e+06
4.2596e+06
3.55305e+06
2.89672e+06
2.30441e+06
1.78516e+06
1.34343e+06
979399
689521
467162
303437
188164
110874
61748
32310.3
15801.1
7220.8
3139.31
1391.35
736.806
547.462
7.78196e+06
7.16242e+06
6.4766e+06
5.74566e+06
4.998e+06
4.2596e+06
3.55305e+06
2.89672e+06
2.30441e+06
1.78516e+06
1.34343e+06
979399
689521
467162
303437
188164
110874
61748
32310.3
15801.1
7220.8
3139.31
1391.35
736.806
547.462
7.62587e+06
7.01741e+06
6.34413e+06
5.62703e+06
4.89387e+06
4.17012e+06
3.47785e+06
2.83501e+06
2.25506e+06
1.74681e+06
1.31455e+06
958420
674882
457401
297253
184464
108799
60666.6
31793.4
15578.4
7136.39
3112.09
1384.13
735.167
546.94
7.81866e+06
7.19658e+06
6.50794e+06
5.77383e+06
5.0228e+06
4.28099e+06
3.57108e+06
2.91157e+06
2.31633e+06
1.79445e+06
1.35045e+06
984513
693100
469555
304957
189074
111385
62014.2
32437.4
15855.6
7241.24
3145.73
1392.95
737.104
547.541
7.65297e+06
7.04265e+06
6.36711e+06
5.64756e+06
4.91185e+06
4.18553e+06
3.49076e+06
2.84558e+06
2.26349e+06
1.75334e+06
1.31946e+06
961979
677361
459052
298298
185090
109151
60850.6
31882.1
15617.2
7151.63
3117.38
1385.77
735.667
547.123
7.78196e+06
7.16242e+06
6.4766e+06
5.74566e+06
4.998e+06
4.2596e+06
3.55305e+06
2.89672e+06
2.30441e+06
1.78516e+06
1.34343e+06
979399
689521
467162
303437
188164
110874
61748
32310.3
15801.1
7220.8
3139.31
1391.36
736.808
547.464
7.62586e+06
7.0174e+06
6.34412e+06
5.62702e+06
4.89387e+06
4.17012e+06
3.47784e+06
2.83501e+06
2.25506e+06
1.7468e+06
1.31455e+06
958418
674880
457400
297252
184463
108799
60666.4
31793.3
15578.3
7136.34
3112.06
1384.11
735.156
546.932
7.62587e+06
7.01741e+06
6.34413e+06
5.62703e+06
4.89387e+06
4.17012e+06
3.47785e+06
2.83501e+06
2.25506e+06
1.74681e+06
1.31455e+06
958420
674882
457401
297253
184464
108799
60666.7
31793.4
15578.4
7136.4
3112.09
1384.13
735.165
546.938
7.78196e+06
7.16242e+06
6.4766e+06
5.74566e+06
4.998e+06
4.2596e+06
3.55305e+06
2.89672e+06
2.30441e+06
1.78516e+06
1.34343e+06
979399
689521
467162
303437
188164
110874
61748
32310.4
15801.2
7220.83
3139.33
1391.37
736.817
547.47
)
;

boundaryField
{
    outletCentralUnloaded
    {
        type            zeroGradient;
    }
    inletCentralUnloaded
    {
        type            zeroGradient;
    }
    outletFuelElement
    {
        type            zeroGradient;
    }
    inletFuelElement
    {
        type            zeroGradient;
    }
    defaultFaces
    {
        type            zeroGradient;
    }
    baffle_master
    {
        type            zeroGradient;
    }
    baffle_slave
    {
        type            zeroGradient;
    }
}


// ************************************************************************* //
