/*--------------------------------*- C++ -*----------------------------------*\
| =========                 |                                                 |
| \\      /  F ield         | OpenFOAM: The Open Source CFD Toolbox           |
|  \\    /   O peration     | Version:  2212                                  |
|   \\  /    A nd           | Website:  www.openfoam.com                      |
|    \\/     M anipulation  |                                                 |
\*---------------------------------------------------------------------------*/
FoamFile
{
    version     2.0;
    format      ascii;
    arch        "LSB;label=32;scalar=64";
    class       volScalarField;
    location    "61/fluidRegion";
    object      htc;
}
// * * * * * * * * * * * * * * * * * * * * * * * * * * * * * * * * * * * * * //

dimensions      [1 0 -3 -1 0 0 0];

internalField   nonuniform List<scalar> 
350
(
3101.39
3101.42
3101.44
3101.46
3101.46
3101.43
3101.39
3101.33
3101.29
3101.28
3101.31
3101.39
3101.51
3101.64
3101.77
3101.88
3101.94
3101.96
3101.95
3101.92
3101.88
3101.84
3101.81
3101.79
3106.94
3101.39
3101.42
3101.44
3101.46
3101.46
3101.43
3101.39
3101.33
3101.29
3101.28
3101.31
3101.39
3101.51
3101.64
3101.77
3101.88
3101.94
3101.96
3101.95
3101.92
3101.88
3101.84
3101.81
3101.79
3106.94
27255.7
27174.2
26986.9
26674.5
26238.6
25681.2
25005.2
24214.5
23314.3
22311.6
21216.1
20040.1
18798.9
17509.3
16187.8
14848.2
13501
12154.2
10817
9505.45
8247.64
7090.12
6104.08
5383.35
4944.09
27344.6
27262.8
27076.1
26763.8
26327.4
25769
25091.4
24298.3
23394.8
22387.8
21286.6
20103.6
18854.3
17556.1
16226
14878.7
13525.1
12172.9
10831.1
9515.02
8252.63
7090.63
6101.04
5379.1
4942.12
27241.6
27159.7
26972.4
26660.1
26224.3
25667.1
24991.4
24201.1
23301.4
22299.5
21204.9
20030
18790.1
17501.9
16181.6
14843.2
13497
12150.9
10814.4
9503.43
8246.23
7089.28
6103.66
5383.09
4943.95
27324.9
27243.1
27056.3
26743.9
26307.6
25749.4
25072.1
24279.5
23376.7
22370.6
21270.6
20089.3
18841.8
17545.5
16217.3
14871.9
13519.7
12168.7
10827.9
9512.92
8251.58
7090.61
6101.84
5380.2
4942.65
27324.9
27243.1
27056.3
26743.9
26307.6
25749.4
25072.1
24279.5
23376.7
22370.6
21270.6
20089.3
18841.8
17545.5
16217.3
14871.9
13519.7
12168.7
10827.9
9512.92
8251.58
7090.61
6101.84
5380.2
4942.64
27241.6
27159.7
26972.4
26660.1
26224.3
25667.1
24991.4
24201.1
23301.4
22299.5
21204.9
20030
18790.1
17501.9
16181.6
14843.2
13497
12150.9
10814.4
9503.43
8246.23
7089.28
6103.65
5383.08
4943.94
27344.6
27262.8
27076.1
26763.8
26327.4
25769
25091.4
24298.3
23394.8
22387.8
21286.6
20103.6
18854.3
17556.1
16226
14878.7
13525.1
12172.9
10831.1
9515.02
8252.63
7090.63
6101.04
5379.1
4942.12
27255.7
27174.2
26986.9
26674.5
26238.6
25681.2
25005.2
24214.5
23314.3
22311.6
21216.1
20040.1
18798.9
17509.3
16187.8
14848.2
13501
12154.2
10817
9505.45
8247.64
7090.12
6104.08
5383.35
4944.09
27324.9
27243.1
27056.3
26743.9
26307.6
25749.4
25072.1
24279.5
23376.7
22370.6
21270.6
20089.3
18841.8
17545.5
16217.3
14871.9
13519.7
12168.7
10827.9
9512.92
8251.57
7090.61
6101.84
5380.2
4942.65
27241.6
27159.7
26972.4
26660.1
26224.3
25667.1
24991.4
24201.1
23301.4
22299.5
21204.9
20030
18790.1
17501.9
16181.6
14843.2
13497
12150.9
10814.4
9503.43
8246.23
7089.28
6103.66
5383.09
4943.95
27241.6
27159.7
26972.4
26660.1
26224.3
25667.1
24991.4
24201.1
23301.4
22299.5
21204.9
20030
18790.1
17501.9
16181.6
14843.2
13497
12150.9
10814.4
9503.43
8246.23
7089.28
6103.65
5383.07
4943.94
27324.9
27243.1
27056.3
26743.9
26307.6
25749.4
25072.1
24279.5
23376.7
22370.6
21270.6
20089.3
18841.8
17545.5
16217.3
14871.9
13519.7
12168.7
10827.9
9512.92
8251.58
7090.61
6101.85
5380.21
4942.65
)
;

boundaryField
{
    outletCentralUnloaded
    {
        type            zeroGradient;
    }
    inletCentralUnloaded
    {
        type            zeroGradient;
    }
    outletFuelElement
    {
        type            zeroGradient;
    }
    inletFuelElement
    {
        type            zeroGradient;
    }
    defaultFaces
    {
        type            zeroGradient;
    }
    baffle_master
    {
        type            zeroGradient;
    }
    baffle_slave
    {
        type            zeroGradient;
    }
}


// ************************************************************************* //
