/*--------------------------------*- C++ -*----------------------------------*\
| =========                 |                                                 |
| \\      /  F ield         | OpenFOAM: The Open Source CFD Toolbox           |
|  \\    /   O peration     | Version:  2212                                  |
|   \\  /    A nd           | Website:  www.openfoam.com                      |
|    \\/     M anipulation  |                                                 |
\*---------------------------------------------------------------------------*/
FoamFile
{
    version     2.0;
    format      ascii;
    arch        "LSB;label=32;scalar=64";
    class       volScalarField;
    location    "61/fluidRegion";
    object      k;
}
// * * * * * * * * * * * * * * * * * * * * * * * * * * * * * * * * * * * * * //

dimensions      [0 2 -2 0 0 0 0];

internalField   nonuniform List<scalar> 
350
(
0.421093
0.421021
0.42095
0.42088
0.420809
0.420739
0.420669
0.420601
0.420533
0.420469
0.420407
0.420349
0.420295
0.420247
0.420206
0.420177
0.420166
0.420184
0.420246
0.420379
0.420619
0.421025
0.421685
0.422733
0.424373
0.421093
0.421021
0.42095
0.42088
0.420809
0.420739
0.420669
0.420601
0.420533
0.420469
0.420407
0.420349
0.420295
0.420247
0.420206
0.420177
0.420166
0.420184
0.420246
0.420379
0.420619
0.421025
0.421685
0.422733
0.424373
406.804
384.21
358.514
330.227
300.132
269.008
237.603
206.616
176.687
148.377
122.165
98.4285
77.4427
59.3632
44.2217
31.9256
22.2698
14.9607
9.64914
5.9656
3.54995
2.0727
1.25014
0.853305
0.713267
412.526
389.667
363.667
335.025
304.538
272.995
241.155
209.73
179.366
150.636
124.026
99.9228
78.6073
60.2407
44.858
32.3675
22.5618
15.1429
9.75537
6.02242
3.57714
2.0839
1.2539
0.854333
0.713655
405.857
383.305
357.664
329.437
299.41
268.357
237.025
206.112
176.255
148.014
121.866
98.1897
77.2571
59.2236
44.1206
31.8554
22.2233
14.9315
9.63193
5.95618
3.54523
2.07056
1.24925
0.852964
0.713136
411.27
388.466
362.53
333.964
303.561
272.109
240.364
209.035
178.766
150.129
123.607
99.586
78.3442
60.042
44.7136
32.267
22.4954
15.1014
9.73116
6.00948
3.57096
2.08137
1.25307
0.854119
0.713579
411.27
388.466
362.53
333.964
303.561
272.109
240.364
209.035
178.766
150.129
123.607
99.586
78.3442
60.042
44.7136
32.2671
22.4954
15.1014
9.73116
6.00948
3.57096
2.08137
1.25307
0.854119
0.713579
405.858
383.305
357.664
329.438
299.41
268.357
237.025
206.112
176.255
148.014
121.866
98.1898
77.2572
59.2237
44.1207
31.8554
22.2233
14.9315
9.63195
5.95619
3.54523
2.07056
1.24925
0.852962
0.713134
412.526
389.667
363.667
335.025
304.538
272.995
241.155
209.73
179.366
150.636
124.026
99.9227
78.6073
60.2407
44.858
32.3675
22.5618
15.1429
9.75537
6.02242
3.57714
2.0839
1.2539
0.854333
0.713655
406.804
384.21
358.514
330.227
300.132
269.008
237.603
206.616
176.687
148.377
122.165
98.4285
77.4427
59.3632
44.2217
31.9256
22.2698
14.9607
9.64915
5.96561
3.54996
2.07271
1.25014
0.853304
0.713264
411.27
388.466
362.53
333.964
303.561
272.109
240.364
209.035
178.766
150.129
123.607
99.586
78.3442
60.042
44.7136
32.2671
22.4954
15.1014
9.73117
6.00948
3.57096
2.08137
1.25307
0.854119
0.713578
405.857
383.305
357.664
329.437
299.41
268.357
237.025
206.112
176.255
148.014
121.866
98.1897
77.2571
59.2236
44.1206
31.8554
22.2233
14.9314
9.63192
5.95616
3.54522
2.07055
1.24925
0.852967
0.713143
405.858
383.305
357.664
329.438
299.41
268.357
237.025
206.112
176.255
148.014
121.866
98.1899
77.2572
59.2237
44.1207
31.8555
22.2234
14.9315
9.63197
5.9562
3.54524
2.07057
1.24925
0.852964
0.713135
411.27
388.466
362.53
333.964
303.561
272.109
240.364
209.035
178.766
150.129
123.607
99.586
78.3442
60.042
44.7137
32.2671
22.4954
15.1014
9.73117
6.00949
3.57097
2.08138
1.25307
0.854117
0.713574
)
;

boundaryField
{
    outletCentralUnloaded
    {
        type            zeroGradient;
    }
    inletCentralUnloaded
    {
        type            zeroGradient;
    }
    outletFuelElement
    {
        type            zeroGradient;
    }
    inletFuelElement
    {
        type            zeroGradient;
    }
    defaultFaces
    {
        type            zeroGradient;
    }
    baffle_master
    {
        type            zeroGradient;
    }
    baffle_slave
    {
        type            zeroGradient;
    }
}


// ************************************************************************* //
