/*--------------------------------*- C++ -*----------------------------------*\
| =========                 |                                                 |
| \\      /  F ield         | OpenFOAM: The Open Source CFD Toolbox           |
|  \\    /   O peration     | Version:  2212                                  |
|   \\  /    A nd           | Website:  www.openfoam.com                      |
|    \\/     M anipulation  |                                                 |
\*---------------------------------------------------------------------------*/
FoamFile
{
    version     2.0;
    format      ascii;
    arch        "LSB;label=32;scalar=64";
    class       volVectorField;
    location    "61/fluidRegion";
    object      U;
}
// * * * * * * * * * * * * * * * * * * * * * * * * * * * * * * * * * * * * * //

dimensions      [0 1 -1 0 0 0 0];

internalField   nonuniform List<vector> 
350
(
(-3.16795e-09 -1.82901e-09 -14.9683)
(-3.8067e-09 -2.19779e-09 -14.9671)
(-2.9368e-09 -1.69556e-09 -14.966)
(-1.47896e-09 -8.53877e-10 -14.9647)
(2.12449e-10 1.22657e-10 -14.9634)
(1.71846e-09 9.92153e-10 -14.9619)
(2.6184e-09 1.51173e-09 -14.9603)
(2.76093e-09 1.59402e-09 -14.9586)
(2.3346e-09 1.34788e-09 -14.957)
(1.75992e-09 1.01609e-09 -14.9555)
(1.49396e-09 8.62536e-10 -14.9544)
(1.73005e-09 9.98839e-10 -14.9536)
(2.2807e-09 1.31676e-09 -14.953)
(2.73423e-09 1.57861e-09 -14.9526)
(2.65575e-09 1.53329e-09 -14.952)
(1.7986e-09 1.03842e-09 -14.9513)
(2.97312e-10 1.71653e-10 -14.9504)
(-1.43285e-09 -8.27253e-10 -14.9492)
(-2.93826e-09 -1.6964e-09 -14.9477)
(-3.9211e-09 -2.26384e-09 -14.9462)
(-4.29903e-09 -2.48204e-09 -14.9445)
(-4.14102e-09 -2.39081e-09 -14.9429)
(-3.15919e-09 -1.82396e-09 -14.9414)
(-4.86828e-11 -2.81069e-11 -14.94)
(4.30836e-09 2.48743e-09 -14.9696)
(-3.16795e-09 -1.82901e-09 -14.9683)
(-3.8067e-09 -2.19779e-09 -14.9671)
(-2.9368e-09 -1.69556e-09 -14.966)
(-1.47896e-09 -8.53877e-10 -14.9647)
(2.12449e-10 1.22657e-10 -14.9634)
(1.71846e-09 9.92153e-10 -14.9619)
(2.6184e-09 1.51173e-09 -14.9603)
(2.76093e-09 1.59402e-09 -14.9586)
(2.3346e-09 1.34788e-09 -14.957)
(1.75992e-09 1.01609e-09 -14.9555)
(1.49396e-09 8.62536e-10 -14.9544)
(1.73005e-09 9.98839e-10 -14.9536)
(2.2807e-09 1.31676e-09 -14.953)
(2.73423e-09 1.57861e-09 -14.9526)
(2.65575e-09 1.53329e-09 -14.952)
(1.7986e-09 1.03842e-09 -14.9513)
(2.97312e-10 1.71653e-10 -14.9504)
(-1.43285e-09 -8.27253e-10 -14.9492)
(-2.93826e-09 -1.6964e-09 -14.9477)
(-3.9211e-09 -2.26384e-09 -14.9462)
(-4.29903e-09 -2.48204e-09 -14.9445)
(-4.14102e-09 -2.39081e-09 -14.9429)
(-3.15919e-09 -1.82396e-09 -14.9414)
(-4.86828e-11 -2.81069e-11 -14.94)
(4.30836e-09 2.48743e-09 -14.9696)
(-0.00197616 -0.00114094 -423.764)
(-0.000939179 -0.000542235 -415.779)
(-0.00101762 -0.000587522 -405.679)
(-0.000915774 -0.000528722 -393.254)
(-0.000829015 -0.000478632 -378.697)
(-0.000748642 -0.000432228 -362.211)
(-0.000674199 -0.000389249 -344.005)
(-0.000602026 -0.000347579 -324.294)
(-0.000524088 -0.000302582 -303.298)
(-0.000427186 -0.000246636 -281.246)
(-0.000294729 -0.000170162 -258.375)
(-0.000110418 -6.375e-05 -234.943)
(0.000130598 7.54008e-05 -211.231)
(0.000408889 0.000236072 -187.551)
(0.00069299 0.000400097 -164.24)
(0.000935151 0.000539909 -141.653)
(0.00109801 0.000633935 -120.136)
(0.00117156 0.000676402 -100.004)
(0.00117498 0.000678372 -81.5247)
(0.00114232 0.000659516 -64.9195)
(0.00110416 0.000637486 -50.38)
(0.00106779 0.000616485 -38.0939)
(0.00101813 0.000587815 -28.2699)
(0.000883587 0.000510139 -21.1344)
(0.000841903 0.000486072 -16.6338)
(-0.00192245 -0.00111147 -426.497)
(-0.000701988 -0.000386675 -418.469)
(-0.000793011 -0.000439564 -408.336)
(-0.000722815 -0.000398149 -395.858)
(-0.00066333 -0.000363192 -381.23)
(-0.000608249 -0.000330482 -364.657)
(-0.000557077 -0.000299823 -346.349)
(-0.00050697 -0.000269912 -326.522)
(-0.000452137 -0.00023706 -305.397)
(-0.000383115 -0.000195756 -283.203)
(-0.000288554 -0.000139323 -260.18)
(-0.000156659 -6.16824e-05 -236.585)
(1.61461e-05 4.06645e-05 -212.701)
(0.00020925 0.000155199 -188.841)
(0.000405186 0.000272007 -165.347)
(0.000570021 0.000371504 -142.578)
(0.000678838 0.000439774 -120.885)
(0.000725913 0.000473477 -100.59)
(0.000724573 0.000481355 -81.964)
(0.000698718 0.00047619 -65.2305)
(0.000668676 0.000471514 -50.5831)
(0.00064344 0.000466842 -38.2112)
(0.000616207 0.000461001 -28.325)
(0.000559586 0.000420242 -21.1515)
(0.00059766 0.000407726 -16.6358)
(-0.000883264 -0.00065365 -423.327)
(-0.000515106 -0.000948872 -415.341)
(-0.000502066 -0.000907215 -405.248)
(-0.000457741 -0.000796944 -392.833)
(-0.00041632 -0.000699955 -378.289)
(-0.000378322 -0.00061048 -361.818)
(-0.000342603 -0.000527901 -343.63)
(-0.000306448 -0.000448228 -323.938)
(-0.000264412 -0.000362504 -302.964)
(-0.000208392 -0.000256011 -280.935)
(-0.000129186 -0.000109405 -258.089)
(-2.00695e-05 9.38231e-05 -234.684)
(0.000121735 0.000357756 -211)
(0.000274874 0.000673658 -187.348)
(0.000425296 0.000995591 -164.066)
(0.000545676 0.00127055 -141.508)
(0.00061889 0.00145479 -120.017)
(0.000643833 0.00153619 -99.9107)
(0.000633606 0.00153732 -81.454)
(0.000607338 0.00149731 -64.8684)
(0.000578797 0.00145052 -50.345)
(0.00055359 0.00139936 -38.0717)
(0.000514041 0.00130952 -28.2569)
(0.000448718 0.00106725 -21.1275)
(0.000392604 0.000842956 -16.6315)
(-0.000978845 -0.000565135 -425.888)
(-0.000920274 -0.000531319 -417.87)
(-0.000886438 -0.000511784 -407.743)
(-0.000789605 -0.000455878 -395.275)
(-0.000702976 -0.000405862 -380.662)
(-0.000623104 -0.000359748 -364.107)
(-0.000548794 -0.000316846 -345.821)
(-0.000476022 -0.00027483 -326.02)
(-0.000395607 -0.000228403 -304.923)
(-0.000293214 -0.000169286 -282.761)
(-0.000151105 -8.724e-05 -259.771)
(4.53013e-05 2.61546e-05 -236.212)
(0.000300403 0.000173437 -212.367)
(0.000595019 0.000343533 -188.547)
(0.000891785 0.000514871 -165.095)
(0.0011403 0.000658349 -142.367)
(0.00130238 0.000751929 -120.714)
(0.00136973 0.000790814 -100.457)
(0.00136488 0.000788014 -81.8637)
(0.00132418 0.000764516 -65.1596)
(0.00127772 0.000737691 -50.5369)
(0.00123056 0.000710463 -38.1848)
(0.00115011 0.000664014 -28.3129)
(0.000957186 0.00055263 -21.1481)
(0.000780519 0.000450632 -16.6356)
(0.000950903 0.000549003 -425.888)
(0.000911215 0.000526089 -417.87)
(0.0008757 0.000505584 -407.743)
(0.000779266 0.000449908 -395.275)
(0.000692598 0.000399871 -380.662)
(0.000613057 0.000353948 -364.107)
(0.000539638 0.000311559 -345.821)
(0.000467719 0.000270037 -326.02)
(0.000388601 0.000224358 -304.923)
(0.000287992 0.000166272 -282.761)
(0.000147711 8.52809e-05 -259.771)
(-4.68877e-05 -2.70705e-05 -236.212)
(-0.000299566 -0.000172954 -212.367)
(-0.000591384 -0.000341435 -188.547)
(-0.000884732 -0.000510799 -165.095)
(-0.00112932 -0.00065201 -142.367)
(-0.00128731 -0.000743226 -120.714)
(-0.00135061 -0.000779774 -100.457)
(-0.00134113 -0.000774301 -81.8637)
(-0.00129567 -0.000748055 -65.1596)
(-0.0012442 -0.000718338 -50.5369)
(-0.00119218 -0.000688302 -38.1848)
(-0.00110714 -0.000639205 -28.3129)
(-0.000917451 -0.000529689 -21.1481)
(-0.000748173 -0.000431957 -16.6356)
(0.000990238 0.000439778 -423.328)
(0.00107624 -3.67957e-05 -415.341)
(0.00103232 -2.69015e-05 -405.249)
(0.00091492 -1.04714e-05 -392.833)
(0.000810357 1.46625e-06 -378.289)
(0.000714216 1.26531e-05 -361.818)
(0.000625427 2.24358e-05 -343.63)
(0.000539001 3.01826e-05 -323.939)
(0.000444602 3.59681e-05 -302.964)
(0.000325453 4.00665e-05 -280.935)
(0.000160108 4.38717e-05 -258.09)
(-6.93646e-05 5.01245e-05 -234.684)
(-0.000367158 5.77934e-05 -211)
(-0.000715453 8.19027e-05 -187.348)
(-0.0010673 0.000111448 -164.067)
(-0.00136314 0.000143591 -141.508)
(-0.00155662 0.000171081 -120.017)
(-0.00163676 0.000188955 -99.9107)
(-0.00162942 0.000197713 -81.454)
(-0.00157834 0.000200701 -64.8684)
(-0.00151997 0.00020316 -50.345)
(-0.00145998 0.000202813 -38.0717)
(-0.00136015 0.00019845 -28.2569)
(-0.00112064 0.000139678 -21.1275)
(-0.000904188 8.14734e-05 -16.6315)
(0.00190941 0.00113043 -426.497)
(0.000686187 0.000409226 -418.469)
(0.000776564 0.000463339 -408.336)
(0.000706079 0.000422515 -395.858)
(0.000646292 0.000387631 -381.23)
(0.000590909 0.000355213 -364.657)
(0.000539561 0.000324871 -346.349)
(0.000489438 0.00029483 -326.522)
(0.000434752 0.000261941 -305.397)
(0.00036601 0.000220634 -283.203)
(0.000271607 0.000164265 -260.18)
(0.000139715 8.67994e-05 -236.585)
(-3.2433e-05 -1.56878e-05 -212.701)
(-0.000224751 -0.000129853 -188.841)
(-0.000419176 -0.00024603 -165.347)
(-0.000581335 -0.000344861 -142.578)
(-0.000685821 -0.000412245 -120.885)
(-0.000725669 -0.000445111 -100.59)
(-0.000712294 -0.000451492 -81.964)
(-0.000666952 -0.000445685 -65.2305)
(-0.000608691 -0.000439623 -50.5831)
(-0.000546778 -0.000436946 -38.2112)
(-0.000480879 -0.000428552 -28.325)
(-0.000406441 -0.000393964 -21.1515)
(-0.000451878 -0.000405677 -16.6358)
(0.00197572 0.00114068 -423.764)
(0.000938543 0.000541867 -415.779)
(0.00101703 0.000587183 -405.679)
(0.000915213 0.000528398 -393.254)
(0.000828362 0.000478255 -378.697)
(0.000747952 0.00043183 -362.211)
(0.000673516 0.000388854 -344.005)
(0.000601315 0.000347169 -324.294)
(0.000523439 0.000302208 -303.298)
(0.000426644 0.000246323 -281.246)
(0.000294243 0.000169881 -258.375)
(0.000110043 6.35331e-05 -234.943)
(-0.000130681 -7.54486e-05 -211.231)
(-0.000408519 -0.000235858 -187.551)
(-0.000691732 -0.000399371 -164.24)
(-0.000932438 -0.000538343 -141.653)
(-0.00109295 -0.000631017 -120.136)
(-0.00116271 -0.00067129 -100.004)
(-0.00115974 -0.000669573 -81.5247)
(-0.00111716 -0.000644991 -64.9195)
(-0.00106436 -0.000614507 -50.38)
(-0.00100992 -0.000583076 -38.0939)
(-0.00093935 -0.000542334 -28.2699)
(-0.000796965 -0.000460127 -21.1344)
(-0.000765434 -0.000441923 -16.6338)
(0.000965818 0.000557614 -425.888)
(0.000905102 0.000522559 -417.87)
(0.000870841 0.000502779 -407.743)
(0.000773794 0.000446749 -395.275)
(0.000686606 0.000396411 -380.662)
(0.000606342 0.000350071 -364.107)
(0.00053197 0.000307132 -345.821)
(0.000459025 0.000265017 -326.02)
(0.00037867 0.000218624 -304.923)
(0.000276551 0.000159666 -282.761)
(0.000134443 7.76205e-05 -259.771)
(-6.17144e-05 -3.56308e-05 -236.212)
(-0.000317162 -0.000183113 -212.367)
(-0.000612106 -0.000353399 -188.547)
(-0.000909483 -0.000525089 -165.095)
(-0.00115935 -0.000669348 -142.367)
(-0.00132475 -0.000764845 -120.714)
(-0.00139858 -0.000807471 -100.457)
(-0.00140521 -0.000811294 -81.8637)
(-0.00138312 -0.000798544 -65.1596)
(-0.00136602 -0.000788671 -50.5369)
(-0.00135482 -0.000782202 -38.1848)
(-0.00131294 -0.000758024 -28.3129)
(-0.00113697 -0.000656427 -21.1481)
(-0.000936595 -0.000540742 -16.6356)
(0.000865146 0.000659468 -423.327)
(0.000493561 0.000956174 -415.341)
(0.000479744 0.000914878 -405.248)
(0.000435045 0.000804734 -392.833)
(0.000393095 0.00070784 -378.289)
(0.000354652 0.000618509 -361.818)
(0.000318746 0.000536038 -343.63)
(0.000282514 0.000456372 -323.938)
(0.000240645 0.000370596 -302.964)
(0.000185036 0.000263982 -280.935)
(0.000106146 0.000117303 -258.089)
(-3.14763e-06 -8.58544e-05 -234.684)
(-0.000144532 -0.00035018 -211)
(-0.000297171 -0.000666634 -187.348)
(-0.00044685 -0.000989657 -164.066)
(-0.000566173 -0.00126671 -141.508)
(-0.000638456 -0.00145469 -120.017)
(-0.000662597 -0.00154263 -99.9107)
(-0.000651755 -0.001555 -81.454)
(-0.000624834 -0.00153332 -64.8684)
(-0.000597088 -0.00151364 -50.345)
(-0.000572134 -0.00149732 -38.0717)
(-0.000534256 -0.0014431 -28.2569)
(-0.00047033 -0.00121753 -21.1275)
(-0.00040228 -0.000980547 -16.6315)
(-0.000995601 -0.000432661 -423.328)
(-0.00108213 4.53254e-05 -415.341)
(-0.00103837 3.61254e-05 -405.249)
(-0.000921085 2.00474e-05 -392.833)
(-0.000816724 7.83828e-06 -378.289)
(-0.000720742 -3.37398e-06 -361.818)
(-0.00063203 -1.29976e-05 -343.63)
(-0.000545697 -2.09716e-05 -323.939)
(-0.000451335 -2.67516e-05 -302.964)
(-0.000332195 -3.06617e-05 -280.935)
(-0.000166981 -3.43141e-05 -258.09)
(6.28162e-05 -4.03787e-05 -234.684)
(0.000360213 -4.81613e-05 -211)
(0.000708175 -7.17072e-05 -187.348)
(0.00105972 -0.000100144 -164.066)
(0.00135524 -0.000130649 -141.508)
(0.0015483 -0.000155716 -120.017)
(0.0016282 -0.00017006 -99.9107)
(0.00162136 -0.000172389 -81.454)
(0.00157253 -0.000165977 -64.8684)
(0.00151944 -0.000153652 -50.345)
(0.00146924 -0.000136127 -38.0717)
(0.00138304 -0.000109001 -28.2569)
(0.00115582 -4.37042e-05 -21.1275)
(0.00094618 -7.34177e-06 -16.6315)
(-0.000958716 -0.000553514 -425.888)
(-0.000919994 -0.000531157 -417.87)
(-0.000884594 -0.000510719 -407.742)
(-0.00078822 -0.000455078 -395.275)
(-0.000702071 -0.00040534 -380.662)
(-0.000622866 -0.000359611 -364.107)
(-0.000549482 -0.000317243 -345.821)
(-0.000477828 -0.000275874 -326.02)
(-0.000398757 -0.000230222 -304.923)
(-0.000298024 -0.000172064 -282.761)
(-0.000157973 -9.12056e-05 -259.771)
(3.72691e-05 2.15172e-05 -236.212)
(0.000289207 0.000166973 -212.367)
(0.00058057 0.000335191 -188.547)
(0.000873523 0.000504328 -165.095)
(0.0011175 0.000645189 -142.367)
(0.00127413 0.000735615 -120.714)
(0.00133515 0.000770846 -100.457)
(0.00132277 0.0007637 -81.8637)
(0.00127387 0.00073547 -65.1596)
(0.0012185 0.000703497 -50.5369)
(0.00116487 0.000672539 -38.1848)
(0.00108169 0.000624515 -28.3129)
(0.000898426 0.000518705 -21.1481)
(0.000737765 0.000425948 -16.6356)
)
;

boundaryField
{
    outletCentralUnloaded
    {
        type            zeroGradient;
    }
    inletCentralUnloaded
    {
        type            fixedValue;
        value           uniform (0 0 -15);
    }
    outletFuelElement
    {
        type            zeroGradient;
    }
    inletFuelElement
    {
        type            fixedValue;
        value           uniform (0 0 -15);
    }
    defaultFaces
    {
        type            slip;
    }
    baffle_master
    {
        type            slip;
    }
    baffle_slave
    {
        type            slip;
    }
}


// ************************************************************************* //
