/*--------------------------------*- C++ -*----------------------------------*\
| =========                 |                                                 |
| \\      /  F ield         | OpenFOAM: The Open Source CFD Toolbox           |
|  \\    /   O peration     | Version:  2212                                  |
|   \\  /    A nd           | Website:  www.openfoam.com                      |
|    \\/     M anipulation  |                                                 |
\*---------------------------------------------------------------------------*/
FoamFile
{
    version     2.0;
    format      ascii;
    arch        "LSB;label=32;scalar=64";
    class       volScalarField;
    location    "16/neutroRegion";
    object      TClad;
}
// * * * * * * * * * * * * * * * * * * * * * * * * * * * * * * * * * * * * * //

dimensions      [0 0 0 1 0 0 0];

internalField   nonuniform List<scalar> 
350
(
0
0
0
0
0
0
0
0
0
0
0
0
0
0
0
0
0
0
0
0
0
0
0
0
0
0
0
0
0
0
0
0
0
0
0
0
0
0
0
0
0
0
0
0
0
0
0
0
0
0
1323.94
1365.25
1396.17
1416.66
1426.79
1426.74
1416.83
1397.5
1369.29
1332.88
1289.04
1238.67
1182.73
1122.27
1058.31
991.855
923.691
854.287
783.554
710.556
633.115
547.537
448.888
333.159
202.917
1341.41
1383.43
1414.89
1435.74
1446.05
1446.01
1435.95
1416.28
1387.59
1350.54
1305.92
1254.64
1197.69
1136.12
1071
1003.35
934.001
863.443
791.612
717.577
639.133
552.521
452.698
335.562
203.733
1321.07
1362.27
1393.13
1413.57
1423.68
1423.64
1413.77
1394.5
1366.38
1330.08
1286.38
1236.16
1180.39
1120.1
1056.33
990.065
922.09
852.87
782.31
709.476
632.195
546.781
448.315
332.8
202.793
1337.49
1379.33
1410.66
1431.42
1441.68
1441.63
1431.59
1412
1383.41
1346.49
1302.05
1250.98
1194.25
1132.93
1068.08
1000.7
931.623
861.331
789.752
715.955
637.743
551.369
451.816
335.005
203.544
1337.49
1379.33
1410.66
1431.42
1441.68
1441.63
1431.59
1412
1383.41
1346.49
1302.05
1250.98
1194.25
1132.93
1068.08
1000.7
931.623
861.331
789.752
715.955
637.743
551.369
451.816
335.005
203.544
1321.07
1362.28
1393.13
1413.57
1423.68
1423.64
1413.77
1394.5
1366.38
1330.08
1286.38
1236.16
1180.39
1120.1
1056.33
990.065
922.091
852.87
782.31
709.477
632.195
546.781
448.316
332.8
202.793
1341.41
1383.43
1414.89
1435.74
1446.05
1446.01
1435.95
1416.28
1387.59
1350.54
1305.92
1254.64
1197.69
1136.12
1071
1003.35
934.001
863.443
791.612
717.577
639.133
552.521
452.698
335.562
203.733
1323.94
1365.25
1396.17
1416.66
1426.79
1426.74
1416.83
1397.5
1369.29
1332.88
1289.04
1238.67
1182.73
1122.27
1058.31
991.855
923.691
854.287
783.554
710.556
633.115
547.537
448.888
333.159
202.917
1337.49
1379.33
1410.66
1431.42
1441.68
1441.63
1431.59
1412
1383.4
1346.49
1302.05
1250.98
1194.25
1132.93
1068.08
1000.7
931.623
861.331
789.752
715.955
637.743
551.369
451.816
335.005
203.544
1321.07
1362.27
1393.13
1413.57
1423.68
1423.64
1413.77
1394.5
1366.38
1330.08
1286.38
1236.16
1180.39
1120.1
1056.33
990.064
922.09
852.869
782.31
709.476
632.195
546.781
448.315
332.8
202.793
1321.07
1362.28
1393.13
1413.57
1423.68
1423.64
1413.77
1394.5
1366.38
1330.08
1286.38
1236.16
1180.39
1120.1
1056.33
990.065
922.091
852.87
782.31
709.477
632.195
546.781
448.316
332.8
202.793
1337.49
1379.33
1410.66
1431.42
1441.68
1441.63
1431.59
1412
1383.4
1346.49
1302.05
1250.98
1194.25
1132.93
1068.08
1000.7
931.623
861.331
789.752
715.955
637.743
551.369
451.816
335.005
203.544
)
;

boundaryField
{
    outletCentralUnloaded
    {
        type            zeroGradient;
    }
    inletCentralUnloaded
    {
        type            zeroGradient;
    }
    outletFuelElement
    {
        type            zeroGradient;
    }
    inletFuelElement
    {
        type            zeroGradient;
    }
    defaultFaces
    {
        type            zeroGradient;
    }
}


// ************************************************************************* //
