/*--------------------------------*- C++ -*----------------------------------*\
| =========                 |                                                 |
| \\      /  F ield         | OpenFOAM: The Open Source CFD Toolbox           |
|  \\    /   O peration     | Version:  2212                                  |
|   \\  /    A nd           | Website:  www.openfoam.com                      |
|    \\/     M anipulation  |                                                 |
\*---------------------------------------------------------------------------*/
FoamFile
{
    version     2.0;
    format      ascii;
    arch        "LSB;label=32;scalar=64";
    class       volScalarField;
    location    "16/neutroRegion";
    object      TCool;
}
// * * * * * * * * * * * * * * * * * * * * * * * * * * * * * * * * * * * * * //

dimensions      [0 0 0 1 0 0 0];

internalField   nonuniform List<scalar> 
350
(
83.2882
83.2886
83.2891
83.2896
83.2901
83.2906
83.2912
83.2917
83.2922
83.2927
83.2932
83.2937
83.2942
83.2947
83.2952
83.2957
83.2962
83.2967
83.2972
83.2977
83.2982
83.2987
83.2992
83.2996
83.3001
83.2882
83.2886
83.2891
83.2896
83.2901
83.2906
83.2912
83.2917
83.2922
83.2927
83.2932
83.2937
83.2942
83.2947
83.2952
83.2957
83.2962
83.2967
83.2972
83.2977
83.2982
83.2987
83.2992
83.2996
83.3001
1335.57
1338.71
1331.87
1315.18
1288.9
1253.37
1209.08
1156.62
1096.73
1030.27
958.243
881.8
802.224
720.913
639.337
558.975
481.253
407.494
338.902
276.57
221.51
174.686
136.981
109.063
91.1932
1353.51
1357.01
1350.36
1333.7
1307.27
1271.43
1226.66
1173.57
1112.88
1045.48
972.378
894.735
813.858
731.176
648.195
566.434
487.36
412.335
342.591
279.243
223.32
175.799
137.57
109.303
91.2451
1332.62
1335.71
1328.86
1312.18
1285.93
1250.46
1206.26
1153.91
1094.16
1027.86
956.016
879.77
800.406
719.317
637.967
557.827
480.317
406.757
338.344
276.168
221.24
174.521
136.894
109.027
91.1849
1349.48
1352.89
1346.18
1329.51
1303.11
1267.33
1222.66
1169.7
1109.2
1042
969.143
891.769
811.187
728.817
646.157
564.716
485.952
411.218
341.739
278.625
222.902
175.542
137.434
109.247
91.2332
1349.48
1352.89
1346.18
1329.51
1303.11
1267.33
1222.66
1169.7
1109.2
1042
969.143
891.769
811.187
728.817
646.157
564.716
485.952
411.218
341.739
278.625
222.902
175.542
137.434
109.247
91.2332
1332.62
1335.71
1328.86
1312.18
1285.93
1250.46
1206.26
1153.92
1094.16
1027.86
956.016
879.771
800.407
719.318
637.967
557.827
480.318
406.757
338.344
276.169
221.24
174.521
136.894
109.027
91.1849
1353.51
1357.01
1350.36
1333.7
1307.27
1271.43
1226.66
1173.57
1112.88
1045.48
972.378
894.735
813.858
731.176
648.195
566.434
487.36
412.335
342.591
279.243
223.32
175.799
137.57
109.303
91.2451
1335.57
1338.71
1331.87
1315.18
1288.9
1253.37
1209.08
1156.62
1096.73
1030.27
958.243
881.8
802.224
720.913
639.337
558.975
481.253
407.494
338.902
276.57
221.51
174.686
136.981
109.063
91.1932
1349.48
1352.89
1346.18
1329.51
1303.11
1267.33
1222.66
1169.7
1109.2
1042
969.143
891.769
811.187
728.817
646.157
564.716
485.952
411.218
341.739
278.625
222.902
175.542
137.434
109.247
91.2332
1332.62
1335.71
1328.86
1312.18
1285.93
1250.46
1206.26
1153.91
1094.16
1027.86
956.016
879.77
800.406
719.317
637.967
557.827
480.317
406.757
338.344
276.168
221.24
174.521
136.894
109.027
91.1849
1332.62
1335.71
1328.86
1312.18
1285.93
1250.46
1206.26
1153.92
1094.16
1027.86
956.016
879.771
800.407
719.318
637.967
557.827
480.318
406.757
338.344
276.169
221.24
174.521
136.894
109.027
91.1849
1349.48
1352.89
1346.18
1329.51
1303.11
1267.33
1222.66
1169.7
1109.2
1042
969.142
891.769
811.187
728.817
646.157
564.716
485.952
411.218
341.739
278.625
222.902
175.542
137.434
109.247
91.2332
)
;

boundaryField
{
    outletCentralUnloaded
    {
        type            zeroGradient;
    }
    inletCentralUnloaded
    {
        type            zeroGradient;
    }
    outletFuelElement
    {
        type            zeroGradient;
    }
    inletFuelElement
    {
        type            zeroGradient;
    }
    defaultFaces
    {
        type            zeroGradient;
    }
}


// ************************************************************************* //
