/*--------------------------------*- C++ -*----------------------------------*\
| =========                 |                                                 |
| \\      /  F ield         | OpenFOAM: The Open Source CFD Toolbox           |
|  \\    /   O peration     | Version:  2212                                  |
|   \\  /    A nd           | Website:  www.openfoam.com                      |
|    \\/     M anipulation  |                                                 |
\*---------------------------------------------------------------------------*/
FoamFile
{
    version     2.0;
    format      ascii;
    arch        "LSB;label=32;scalar=64";
    class       volScalarField;
    location    "16/neutroRegion";
    object      TFuel;
}
// * * * * * * * * * * * * * * * * * * * * * * * * * * * * * * * * * * * * * //

dimensions      [0 0 0 1 0 0 0];

internalField   nonuniform List<scalar> 
350
(
0
0
0
0
0
0
0
0
0
0
0
0
0
0
0
0
0
0
0
0
0
0
0
0
0
0
0
0
0
0
0
0
0
0
0
0
0
0
0
0
0
0
0
0
0
0
0
0
0
0
1227.86
1776.89
2307.68
2812.08
3282.37
3711.31
4092.35
4419.63
4688.15
4893.81
5033.51
5105.15
5107.7
5041.2
4906.7
4706.27
4442.86
4120.25
3742.8
3315.4
2843
2330.78
1783.99
1208.84
615.033
1239.72
1795.19
2332.18
2842.46
3318.2
3752.1
4137.5
4468.5
4740.03
4947.96
5089.14
5161.45
5163.87
5096.42
4960.19
4757.27
4490.68
4164.22
3782.33
3349.96
2872.1
2353.99
1800.92
1219.14
618.493
1225.93
1773.94
2303.74
2807.21
3276.63
3704.8
4085.15
4411.84
4679.88
4885.19
5024.66
5096.2
5098.77
5032.42
4898.2
4698.16
4435.27
4113.26
3736.52
3309.92
2838.38
2327.1
1781.31
1207.2
614.485
1237.04
1791.02
2326.58
2835.5
3309.98
3742.73
4127.13
4457.27
4728.11
4935.51
5076.34
5148.5
5150.94
5083.71
4947.87
4745.53
4479.67
4154.09
3773.22
3342
2865.4
2348.65
1797.02
1216.77
617.696
1237.04
1791.02
2326.58
2835.5
3309.98
3742.73
4127.13
4457.27
4728.11
4935.51
5076.34
5148.5
5150.94
5083.71
4947.87
4745.53
4479.67
4154.09
3773.22
3342
2865.4
2348.65
1797.02
1216.77
617.696
1225.93
1773.94
2303.74
2807.21
3276.63
3704.8
4085.15
4411.84
4679.89
4885.19
5024.66
5096.2
5098.77
5032.42
4898.2
4698.16
4435.27
4113.26
3736.52
3309.92
2838.38
2327.1
1781.31
1207.2
614.485
1239.72
1795.19
2332.18
2842.46
3318.2
3752.1
4137.5
4468.5
4740.03
4947.96
5089.14
5161.45
5163.87
5096.42
4960.19
4757.27
4490.68
4164.22
3782.33
3349.96
2872.1
2353.99
1800.92
1219.14
618.493
1227.86
1776.89
2307.68
2812.08
3282.36
3711.31
4092.35
4419.63
4688.15
4893.81
5033.51
5105.15
5107.7
5041.2
4906.7
4706.27
4442.86
4120.25
3742.8
3315.4
2843
2330.78
1783.99
1208.84
615.033
1237.04
1791.02
2326.58
2835.5
3309.98
3742.73
4127.13
4457.27
4728.11
4935.51
5076.34
5148.5
5150.94
5083.71
4947.87
4745.53
4479.67
4154.09
3773.22
3342
2865.4
2348.65
1797.02
1216.77
617.696
1225.93
1773.94
2303.74
2807.21
3276.63
3704.8
4085.15
4411.84
4679.88
4885.19
5024.66
5096.19
5098.77
5032.42
4898.2
4698.16
4435.27
4113.26
3736.52
3309.92
2838.38
2327.1
1781.31
1207.2
614.485
1225.93
1773.94
2303.74
2807.21
3276.63
3704.8
4085.15
4411.84
4679.88
4885.19
5024.66
5096.2
5098.77
5032.42
4898.2
4698.16
4435.27
4113.26
3736.52
3309.92
2838.38
2327.1
1781.31
1207.2
614.485
1237.04
1791.02
2326.58
2835.5
3309.98
3742.73
4127.13
4457.27
4728.11
4935.51
5076.34
5148.5
5150.94
5083.71
4947.87
4745.53
4479.67
4154.09
3773.22
3342
2865.4
2348.65
1797.02
1216.77
617.696
)
;

boundaryField
{
    outletCentralUnloaded
    {
        type            zeroGradient;
    }
    inletCentralUnloaded
    {
        type            zeroGradient;
    }
    outletFuelElement
    {
        type            zeroGradient;
    }
    inletFuelElement
    {
        type            zeroGradient;
    }
    defaultFaces
    {
        type            zeroGradient;
    }
}


// ************************************************************************* //
