/*--------------------------------*- C++ -*----------------------------------*\
| =========                 |                                                 |
| \\      /  F ield         | OpenFOAM: The Open Source CFD Toolbox           |
|  \\    /   O peration     | Version:  2212                                  |
|   \\  /    A nd           | Website:  www.openfoam.com                      |
|    \\/     M anipulation  |                                                 |
\*---------------------------------------------------------------------------*/
FoamFile
{
    version     2.0;
    format      ascii;
    arch        "LSB;label=32;scalar=64";
    class       volScalarField;
    location    "54/neutroRegion";
    object      TClad;
}
// * * * * * * * * * * * * * * * * * * * * * * * * * * * * * * * * * * * * * //

dimensions      [0 0 0 1 0 0 0];

internalField   nonuniform List<scalar> 
350
(
0
0
0
0
0
0
0
0
0
0
0
0
0
0
0
0
0
0
0
0
0
0
0
0
0
0
0
0
0
0
0
0
0
0
0
0
0
0
0
0
0
0
0
0
0
0
0
0
0
0
1844.93
1883.07
1908.27
1920.51
1919.94
1906.81
1881.56
1844.75
1797.09
1739.44
1672.75
1598.15
1516.84
1430.17
1339.57
1246.51
1152.37
1058.23
964.467
870.273
772.713
665.508
537.928
377.875
186.947
1873.36
1912.12
1937.7
1950.11
1949.46
1936.05
1910.29
1872.76
1824.19
1765.44
1697.5
1621.48
1538.63
1450.3
1357.95
1263.08
1167.13
1071.2
975.771
880.046
781.098
672.562
543.494
381.491
188.169
1840.31
1878.38
1903.53
1915.77
1915.22
1902.16
1877
1840.32
1792.83
1735.36
1668.88
1594.51
1513.45
1427.05
1336.73
1243.96
1150.11
1056.24
962.745
868.79
771.449
664.455
537.11
377.347
186.761
1866.97
1905.57
1931.05
1943.4
1942.76
1929.39
1903.74
1866.36
1817.99
1759.48
1691.82
1616.12
1533.62
1445.67
1353.71
1259.26
1163.72
1068.2
973.157
877.786
779.158
670.928
542.204
380.652
187.886
1866.97
1905.57
1931.05
1943.4
1942.76
1929.39
1903.74
1866.36
1817.99
1759.48
1691.82
1616.12
1533.62
1445.67
1353.71
1259.26
1163.72
1068.2
973.157
877.786
779.158
670.929
542.204
380.652
187.886
1840.32
1878.38
1903.53
1915.77
1915.22
1902.16
1877.01
1840.33
1792.83
1735.36
1668.88
1594.51
1513.46
1427.05
1336.74
1243.96
1150.11
1056.24
962.746
868.79
771.45
664.456
537.111
377.348
186.761
1873.36
1912.12
1937.7
1950.11
1949.46
1936.05
1910.29
1872.76
1824.19
1765.44
1697.5
1621.48
1538.63
1450.3
1357.95
1263.08
1167.13
1071.2
975.771
880.046
781.098
672.562
543.494
381.491
188.169
1844.93
1883.07
1908.27
1920.51
1919.94
1906.81
1881.56
1844.75
1797.09
1739.44
1672.75
1598.15
1516.84
1430.17
1339.57
1246.51
1152.37
1058.23
964.467
870.273
772.713
665.508
537.929
377.875
186.947
1866.97
1905.57
1931.05
1943.4
1942.76
1929.39
1903.74
1866.36
1817.99
1759.48
1691.82
1616.12
1533.62
1445.67
1353.71
1259.26
1163.72
1068.2
973.157
877.786
779.158
670.929
542.204
380.652
187.886
1840.31
1878.38
1903.53
1915.77
1915.22
1902.16
1877
1840.32
1792.83
1735.36
1668.88
1594.51
1513.45
1427.05
1336.73
1243.96
1150.11
1056.24
962.745
868.79
771.449
664.455
537.11
377.347
186.761
1840.32
1878.38
1903.53
1915.77
1915.22
1902.16
1877.01
1840.33
1792.83
1735.36
1668.88
1594.51
1513.46
1427.05
1336.74
1243.96
1150.11
1056.24
962.746
868.79
771.45
664.456
537.11
377.348
186.761
1866.97
1905.57
1931.05
1943.4
1942.76
1929.39
1903.74
1866.36
1817.99
1759.48
1691.82
1616.12
1533.62
1445.67
1353.71
1259.26
1163.72
1068.2
973.157
877.786
779.158
670.928
542.204
380.652
187.886
)
;

boundaryField
{
    outletCentralUnloaded
    {
        type            zeroGradient;
    }
    inletCentralUnloaded
    {
        type            zeroGradient;
    }
    outletFuelElement
    {
        type            zeroGradient;
    }
    inletFuelElement
    {
        type            zeroGradient;
    }
    defaultFaces
    {
        type            zeroGradient;
    }
}


// ************************************************************************* //
