/*--------------------------------*- C++ -*----------------------------------*\
| =========                 |                                                 |
| \\      /  F ield         | OpenFOAM: The Open Source CFD Toolbox           |
|  \\    /   O peration     | Version:  2212                                  |
|   \\  /    A nd           | Website:  www.openfoam.com                      |
|    \\/     M anipulation  |                                                 |
\*---------------------------------------------------------------------------*/
FoamFile
{
    version     2.0;
    format      ascii;
    arch        "LSB;label=32;scalar=64";
    class       surfaceScalarField;
    location    "46/fluidRegion";
    object      alphaPhi;
}
// * * * * * * * * * * * * * * * * * * * * * * * * * * * * * * * * * * * * * //

dimensions      [0 3 -1 0 0 0 0];

oriented        oriented;

internalField   nonuniform List<scalar> 
661
(
-0.000538963
-2.56041e-12
-0.00053892
-3.96467e-12
-0.000538879
-3.66849e-12
-0.00053884
-1.74725e-12
-0.000538802
1.35422e-12
-0.000538761
4.08052e-12
-0.000538719
5.27346e-12
-0.000538673
5.01572e-12
-0.000538626
4.29972e-12
-0.000538578
3.98663e-12
-0.000538527
4.07756e-12
-0.000538475
3.85635e-12
-0.000538421
2.60352e-12
-0.000538367
1.87268e-13
-0.000538314
-2.86299e-12
-0.000538262
-5.69521e-12
-0.000538214
-7.53929e-12
-0.000538169
-7.95099e-12
-0.000538127
-6.88259e-12
-0.000538088
-4.6695e-12
-0.00053805
-1.99639e-12
-0.000538013
2.35132e-13
-0.000537975
1.41177e-12
-0.000537936
2.44113e-12
6.50292e-12
-0.000538963
-0.00053892
-0.000538879
-0.00053884
-0.000538802
-0.000538761
-0.000538719
-0.000538673
-0.000538626
-0.000538578
-0.000538527
-0.000538475
-0.000538421
-0.000538367
-0.000538314
-0.000538262
-0.000538214
-0.000538169
-0.000538127
-0.000538088
-0.00053805
-0.000538013
-0.000537975
-0.000537936
-0.0201926
1.4098e-06
-0.0197675
6.73817e-07
-0.0192258
7.30965e-07
-0.0185766
6.57722e-07
-0.0178295
5.95342e-07
-0.0169943
5.37509e-07
-0.0160812
4.83919e-07
-0.0151008
4.31917e-07
-0.0140639
3.75772e-07
-0.0129815
3.06041e-07
-0.0118656
2.10928e-07
-0.010729
7.88488e-08
-0.00958592
-9.35084e-08
-0.00845214
-2.92262e-07
-0.00734451
-4.94868e-07
-0.00628018
-6.67309e-07
-0.00527535
-7.83039e-07
-0.00434416
-8.35054e-07
-0.0034982
-8.37183e-07
-0.00274719
-8.13691e-07
-0.00209987
-7.86576e-07
-0.0015656
-7.6095e-07
-0.00115508
-7.25818e-07
-0.000879343
-6.30255e-07
-5.99981e-07
-0.0203222
-4.22369e-08
-3.64998e-08
-0.0198961
-1.78463e-07
-1.76514e-07
-0.0193524
-1.69454e-07
-1.66761e-07
-0.0187002
-1.4704e-07
-1.4414e-07
-0.0179492
-1.27709e-07
-1.24553e-07
-0.0171095
-1.09852e-07
-1.06568e-07
-0.0161912
-9.34575e-08
-9.00946e-08
-0.0152049
-7.78816e-08
-7.44306e-08
-0.0141615
-6.15666e-08
-5.80649e-08
-0.013072
-4.18928e-08
-3.83396e-08
-0.0119485
-1.51042e-08
-1.15735e-08
-0.0108038
2.20713e-08
2.57943e-08
-0.00965227
7.03569e-08
7.40168e-08
-0.00850972
1.30623e-07
1.34213e-07
-0.00739326
1.92853e-07
1.96358e-07
-0.00632029
2.4721e-07
2.50606e-07
-0.00530728
2.84717e-07
2.87988e-07
-0.0043686
3.02398e-07
3.0548e-07
-0.00351599
3.04093e-07
3.0691e-07
-0.00275929
2.97304e-07
2.99683e-07
-0.00210729
2.88577e-07
2.90513e-07
-0.00156945
2.78237e-07
2.79433e-07
-0.00115653
2.59287e-07
2.59647e-07
-0.000879538
2.05192e-07
2.05022e-07
1.56148e-07
1.56828e-07
-0.0201714
6.92739e-07
-0.0197466
6.56375e-07
-0.0192054
6.31684e-07
-0.0185567
5.61997e-07
-0.0178102
4.99635e-07
-0.0169758
4.42279e-07
-0.0160636
3.89088e-07
-0.0150843
3.37054e-07
-0.0140484
2.79673e-07
-0.0129672
2.0676e-07
-0.0118525
1.05509e-07
-0.0107172
-3.43123e-08
-0.00957548
-2.15719e-07
-0.00844309
-4.24994e-07
-0.00733684
-6.35395e-07
-0.00627386
-8.11043e-07
-0.00527029
-9.24889e-07
-0.00434026
-9.71162e-07
-0.00349531
-9.65861e-07
-0.00274516
-9.3483e-07
-0.00209854
-8.99497e-07
-0.0015648
-8.63444e-07
-0.00115464
-8.03681e-07
-0.000879126
-6.66536e-07
-5.43058e-07
-0.0202933
2.5968e-09
-0.0198674
-1.07833e-09
-0.019324
-8.75376e-10
-0.0186725
-9.02478e-10
-0.0179223
-7.79063e-10
-0.0170835
-6.54853e-10
-0.0161664
-5.76524e-10
-0.0151814
-4.04619e-10
-0.0141394
-2.3395e-10
-0.0130515
-7.04356e-11
-0.0119297
1.67057e-10
-0.0107868
4.76167e-10
-0.00963717
7.50142e-10
-0.0084966
1.03048e-09
-0.00738214
1.22767e-09
-0.00631114
1.34758e-09
-0.00529999
1.44692e-09
-0.00436302
1.5564e-09
-0.00351193
1.55905e-09
-0.00275653
1.4986e-09
-0.00210561
1.42657e-09
-0.00156859
1.14116e-09
-0.00115622
7.44684e-10
-0.00087952
2.55373e-10
-3.47692e-10
-0.0202934
-6.86935e-07
-0.0198674
-6.58402e-07
-0.0193241
-6.33052e-07
-0.0186725
-5.63433e-07
-0.0179223
-5.00902e-07
-0.0170836
-4.43409e-07
-0.0161664
-3.90124e-07
-0.0151815
-3.37872e-07
-0.0141394
-2.8029e-07
-0.0130515
-2.07172e-07
-0.0119297
-1.05643e-07
-0.0107868
3.46723e-08
-0.00963718
2.1647e-07
-0.00849661
4.2611e-07
-0.00738215
6.36795e-07
-0.00631114
8.12652e-07
-0.0053
9.26733e-07
-0.00436302
9.7329e-07
-0.00351193
9.68149e-07
-0.00275653
9.37199e-07
-0.00210561
9.01913e-07
-0.00156859
8.65546e-07
-0.00115622
8.05142e-07
-0.000879521
6.67092e-07
5.42489e-07
-0.0201714
3.75243e-08
-0.0197466
1.77984e-07
-0.0192054
1.68491e-07
-0.0185567
1.46034e-07
-0.0178102
1.26713e-07
-0.0169758
1.08782e-07
-0.0160637
9.23142e-08
-0.0150843
7.66567e-08
-0.0140484
6.02609e-08
-0.0129672
4.04452e-08
-0.0118525
1.36105e-08
-0.0107172
-2.37686e-08
-0.00957549
-7.19802e-08
-0.0084431
-1.32241e-07
-0.00733685
-1.94417e-07
-0.00627386
-2.48671e-07
-0.0052703
-2.85968e-07
-0.00434026
-3.03334e-07
-0.00349531
-3.0475e-07
-0.00274516
-2.97693e-07
-0.00209854
-2.88715e-07
-0.00156479
-2.78198e-07
-0.00115464
-2.5927e-07
-0.000879124
-2.05131e-07
-1.5549e-07
-0.0203222
-1.40975e-06
-4.06513e-08
-0.0198961
-6.73947e-07
-1.75969e-07
-0.0193524
-7.31017e-07
-1.66628e-07
-0.0187002
-6.57707e-07
-1.44007e-07
-0.0179492
-5.9517e-07
-1.24564e-07
-0.0171095
-5.37314e-07
-1.06683e-07
-0.0161912
-4.83691e-07
-9.02853e-08
-0.0152049
-4.31683e-07
-7.47549e-08
-0.0141615
-3.75542e-07
-5.8492e-08
-0.013072
-3.05869e-07
-3.88614e-08
-0.0119485
-2.10725e-07
-1.21422e-08
-0.0108038
-7.85862e-08
2.47361e-08
-0.00965227
9.37893e-08
7.2856e-08
-0.00850972
2.92581e-07
1.32902e-07
-0.00739326
4.95202e-07
1.94927e-07
-0.0063203
6.67656e-07
2.49102e-07
-0.00530728
7.83485e-07
2.86377e-07
-0.0043686
8.35671e-07
3.0371e-07
-0.00351599
8.37982e-07
3.05002e-07
-0.00275929
8.14694e-07
2.97674e-07
-0.00210729
7.87974e-07
2.88267e-07
-0.00156945
7.62713e-07
2.77168e-07
-0.00115653
7.27632e-07
2.5754e-07
-0.000879538
6.31613e-07
2.03583e-07
6.01937e-07
1.55749e-07
-0.0201926
-0.0197675
-0.0192258
-0.0185766
-0.0178295
-0.0169943
-0.0160812
-0.0151008
-0.0140639
-0.0129815
-0.0118656
-0.010729
-0.00958592
-0.00845215
-0.00734451
-0.00628018
-0.00527535
-0.00434416
-0.0034982
-0.00274719
-0.00209987
-0.0015656
-0.00115508
-0.000879343
-0.0202933
-6.9484e-07
4.28622e-09
-0.0198674
-6.59339e-07
1.24378e-09
-0.019324
-6.34884e-07
1.70893e-09
-0.0186725
-5.65293e-07
1.83797e-09
-0.0179223
-5.02876e-07
1.91726e-09
-0.0170835
-4.45501e-07
2.00879e-09
-0.0161664
-3.92307e-07
2.15239e-09
-0.0151814
-3.40202e-07
2.25618e-09
-0.0141394
-2.82741e-07
2.3799e-09
-0.0130515
-2.0979e-07
2.55206e-09
-0.0119297
-1.08434e-07
2.52096e-09
-0.0107868
3.15905e-08
3.03032e-09
-0.00963717
2.13259e-07
3.0023e-09
-0.0084966
4.22736e-07
3.11368e-09
-0.00738214
6.33266e-07
3.27972e-09
-0.00631114
8.08963e-07
3.46433e-09
-0.00529999
9.22837e-07
3.64125e-09
-0.00436302
9.69148e-07
3.75937e-09
-0.00351193
9.63717e-07
3.95664e-09
-0.00275653
9.32547e-07
4.06681e-09
-0.00210561
8.97072e-07
4.06494e-09
-0.00156859
8.6093e-07
3.8096e-09
-0.00115622
8.01187e-07
3.33155e-09
-0.00087952
6.64477e-07
2.08311e-09
5.40664e-07
1.21605e-09
-0.0201714
-0.0197466
-0.0192054
-0.0185567
-0.0178102
-0.0169758
-0.0160636
-0.0150843
-0.0140484
-0.0129672
-0.0118525
-0.0107172
-0.00957548
-0.00844309
-0.00733684
-0.00627386
-0.00527029
-0.00434026
-0.00349531
-0.00274516
-0.00209854
-0.0015648
-0.00115464
-0.000879126
-0.0201714
6.86303e-07
-0.0197466
6.57637e-07
-0.0192054
6.32347e-07
-0.0185567
5.62753e-07
-0.0178102
5.00426e-07
-0.0169758
4.4295e-07
-0.0160637
3.89668e-07
-0.0150843
3.37445e-07
-0.0140484
2.79915e-07
-0.0129672
2.06738e-07
-0.0118525
1.05374e-07
-0.0107172
-3.52128e-08
-0.00957549
-2.16731e-07
-0.0084431
-4.26272e-07
-0.00733685
-6.369e-07
-0.00627386
-8.12723e-07
-0.0052703
-9.26653e-07
-0.00434026
-9.72959e-07
-0.00349531
-9.67658e-07
-0.00274516
-9.36565e-07
-0.00209854
-9.01119e-07
-0.00156479
-8.64822e-07
-0.00115464
-8.04628e-07
-0.000879124
-6.66801e-07
-5.40231e-07
-0.0202934
-0.0198674
-0.0193241
-0.0186725
-0.0179223
-0.0170836
-0.0161664
-0.0151815
-0.0141394
-0.0130515
-0.0119297
-0.0107868
-0.00963718
-0.00849661
-0.00738215
-0.00631114
-0.0053
-0.00436302
-0.00351193
-0.00275653
-0.00210561
-0.00156859
-0.00115622
-0.000879522
)
;

boundaryField
{
    outletCentralUnloaded
    {
        type            calculated;
        value           nonuniform List<scalar> 2(0.000539007 0.000539007);
    }
    inletCentralUnloaded
    {
        type            calculated;
        value           uniform -0.000540134;
    }
    outletFuelElement
    {
        type            calculated;
        value           nonuniform List<scalar> 
12
(
0.0205312
0.0206639
0.0205105
0.0206343
0.0206343
0.0205105
0.0206639
0.0205312
0.0206343
0.0205105
0.0205105
0.0206343
)
;
    }
    inletFuelElement
    {
        type            calculated;
        value           nonuniform List<scalar> 
12
(
-0.000722059
-0.00072206
-0.000722059
-0.000722059
-0.00072206
-0.000722059
-0.00072206
-0.000722059
-0.000722059
-0.000722059
-0.000722059
-0.00072206
)
;
    }
    defaultFaces
    {
        type            calculated;
        value           nonuniform List<scalar> 
450
(
5.42792e-24
-3.40384e-23
0
3.16413e-23
8.56572e-24
0
2.23723e-23
1.13069e-23
0
-3.77694e-23
-1.7832e-23
0
-1.32057e-23
-2.79742e-23
0
-3.15022e-23
-1.92888e-23
0
-3.47992e-23
-1.26322e-23
0
-3.10237e-23
-9.98179e-24
0
-2.04923e-23
-1.04505e-23
0
-1.45335e-23
-9.35981e-24
0
-1.59641e-23
-4.19037e-24
0
-5.42702e-24
-2.43094e-24
0
5.80136e-24
3.10284e-24
0
1.99818e-23
8.66899e-24
0
3.44313e-23
8.57662e-24
0
4.16326e-23
1.78519e-23
0
3.06211e-23
-2.24227e-24
0
5.87212e-23
2.18373e-23
0
4.68667e-23
-5.34976e-23
0
-2.37575e-23
-3.43348e-23
0
-1.69097e-23
-1.47864e-23
0
4.88812e-23
-2.66796e-23
0
-3.28447e-23
4.9204e-24
0
-2.00071e-23
-2.07433e-23
0
-1.45898e-23
-1.96004e-23
0
2.80794e-23
0
2.40681e-23
0
0
0
2.40681e-23
0
-1.60454e-23
0
1.60454e-23
0
1.2034e-23
0
1.2034e-23
0
-4.01135e-24
0
8.0227e-24
0
4.01135e-24
0
0
0
-6.01702e-24
0
-2.00567e-23
0
-2.40681e-23
0
-1.60454e-23
0
5.61589e-23
0
-4.81362e-23
0
1.60454e-23
0
-3.20908e-23
0
-3.20908e-23
0
4.81362e-23
0
8.0227e-24
0
-1.60454e-23
0
-1.60454e-23
0
-1.60454e-23
0
0
-8.0227e-24
8.0227e-24
0
0
-4.01135e-24
1.2034e-23
0
-2.00567e-24
-5.01419e-25
0
0
1.60454e-23
1.60454e-23
-3.20908e-23
0
-3.20908e-23
1.60454e-23
1.60454e-23
-3.20908e-23
-3.20908e-23
0
0
0
0
0
0
0
0
0
0
0
0
0
0
0
0
0
0
0
0
0
0
0
0
0
0
0
-1.80511e-23
2.40681e-23
0
3.20908e-23
3.20908e-23
3.20908e-23
-1.60454e-23
-8.0227e-24
1.60454e-23
-8.0227e-24
-8.0227e-24
-4.01135e-24
-1.2034e-23
-1.2034e-23
-1.2034e-23
-1.2034e-23
1.60454e-23
-8.0227e-24
-4.01135e-24
-8.0227e-24
-2.00567e-24
-2.00567e-24
2.00567e-24
1.3789e-24
8.0227e-24
6.01702e-24
1.2034e-23
1.2034e-23
3.20908e-23
2.40681e-23
2.40681e-23
2.40681e-23
-1.60454e-23
4.81362e-23
3.20908e-23
3.20908e-23
-6.41816e-23
4.01135e-23
-4.81362e-23
-3.20908e-23
-1.60454e-23
-1.60454e-23
-4.81362e-23
4.01135e-23
-1.60454e-23
-2.40681e-23
0
-1.60454e-23
-2.40681e-23
-2.00567e-23
8.35795e-24
0
0
8.25196e-24
0
0
2.98538e-23
0
-6.41816e-23
-5.64999e-23
0
0
1.45363e-23
0
0
-4.96602e-23
0
0
-3.77338e-23
0
0
-3.36202e-23
0
1.60454e-23
-2.72103e-23
0
-2.40681e-23
-2.20524e-23
0
4.01135e-24
-2.05971e-23
0
4.01135e-24
-7.64045e-24
0
1.00284e-24
8.55506e-24
-0
-2.00567e-24
2.46228e-23
-0
-4.01135e-24
3.64807e-23
-0
0
5.0668e-23
-0
-8.0227e-24
4.92337e-23
-0
-1.60454e-23
6.30804e-23
-0
-1.60454e-23
5.54567e-23
-0
-1.60454e-23
-2.4786e-23
-0
1.60454e-23
-9.25875e-24
-0
1.60454e-23
4.28451e-23
-0
1.60454e-23
-1.83133e-23
-0
1.60454e-23
-1.1931e-23
-0
8.0227e-24
-1.53238e-23
-0
1.60454e-23
0
-8.0227e-24
0
-8.0227e-24
8.0227e-24
-8.0227e-24
-8.0227e-24
-8.0227e-24
-4.01135e-24
-4.01135e-24
-2.00567e-24
1.00284e-24
4.01135e-24
8.0227e-24
8.0227e-24
-1.60454e-23
-3.20908e-23
3.20908e-23
-6.41816e-23
0
1.60454e-23
-4.81362e-23
-3.20908e-23
0
0
1.80511e-23
0
1.60454e-23
0
0
0
1.60454e-23
0
-4.01135e-24
0
1.60454e-23
0
1.2034e-23
0
1.60454e-23
0
2.00567e-24
0
6.01702e-24
0
3.00851e-24
0
-1.00284e-24
0
-8.0227e-24
-0
-1.60454e-23
-0
-2.40681e-23
-0
-3.20908e-23
-0
4.01135e-23
-0
-1.60454e-23
-0
4.81362e-23
-0
-3.20908e-23
-0
-4.01135e-23
-0
4.01135e-23
-0
1.60454e-23
-0
-3.20908e-23
-0
-1.60454e-23
-0
-2.40681e-23
8.0227e-24
-1.60454e-23
1.60454e-23
-8.0227e-24
2.40681e-23
-1.2034e-23
-3.61021e-23
4.01135e-24
1.60454e-23
-4.01135e-24
-3.20908e-23
-1.2034e-23
-2.40681e-23
-8.0227e-24
-2.40681e-23
0
-1.60454e-23
-8.0227e-24
-1.40397e-23
-2.50709e-24
-6.01702e-24
0
5.01419e-24
0
1.80511e-23
4.01135e-24
3.20908e-23
1.60454e-23
4.41248e-23
1.60454e-23
8.0227e-23
0
5.61589e-23
1.60454e-23
8.82497e-23
-1.60454e-23
4.01135e-23
-1.60454e-23
-2.40681e-23
1.60454e-23
-2.40681e-23
8.0227e-24
4.81362e-23
2.40681e-23
-2.40681e-23
0
-2.00567e-23
0
-2.00567e-23
-0
-0
-0
-0
-0
-0
-0
-0
-0
-0
-0
0
0
0
0
0
0
0
0
0
0
0
0
0
0
)
;
    }
    baffle_master
    {
        type            calculated;
        value           nonuniform List<scalar> 
150
(
4.25188e-29
0
-4.57867e-29
-1.63788e-29
0
9.15735e-29
-6.23217e-29
0
-4.57867e-29
4.47547e-30
0
0
9.34397e-29
0
6.86801e-29
3.37745e-30
0
-9.15735e-29
-2.84068e-29
0
9.15735e-29
1.2873e-29
0
-9.15735e-29
3.55447e-29
0
0
-2.15034e-29
0
-9.15735e-29
-3.04082e-29
0
9.15735e-29
-2.62093e-29
0
0
6.98284e-30
0
4.57867e-29
6.70235e-31
0
0
-4.42296e-29
0
4.57867e-29
4.84182e-29
0
0
8.19834e-28
0
3.66294e-28
-1.07309e-29
0
0
4.07951e-28
0
1.83147e-28
1.41802e-29
0
0
1.04188e-29
0
0
1.63023e-29
0
5.72334e-30
1.32227e-29
0
2.28934e-29
2.53902e-29
0
-9.15735e-29
1.05846e-29
0
-9.15735e-29
0
-1.01117e-28
0
0
-1.79955e-28
0
0
-1.28293e-28
0
4.57867e-29
-4.36316e-29
0
0
-3.10299e-29
-0
-1.83147e-28
1.61156e-28
-0
-9.15735e-29
2.11497e-28
-0
-9.15735e-29
2.07876e-28
-0
9.15735e-29
1.58435e-28
-0
-9.15735e-29
1.48032e-28
-0
-9.15735e-29
1.89295e-28
-0
-1.83147e-28
9.63421e-29
-0
0
6.72069e-29
-0
-2.86167e-30
6.93736e-30
-0
4.57867e-29
-5.21212e-29
0
9.15735e-29
-2.46176e-28
0
-2.7472e-28
-3.29347e-28
0
1.83147e-28
-3.41739e-28
0
-9.15735e-29
-7.38323e-29
0
9.15735e-29
1.02172e-28
0
0
6.42194e-29
0
8.58502e-30
-1.26857e-29
-0
4.57867e-29
5.37521e-29
-0
-4.57867e-29
-1.0355e-28
-0
0
-2.18108e-28
-0
)
;
    }
    baffle_slave
    {
        type            calculated;
        value           nonuniform List<scalar> 
150
(
9.77766e-24
-0
1.60454e-23
-3.76064e-25
-0
0
-1.31622e-24
-0
0
-2.82048e-24
-0
0
-2.77034e-23
-0
-2.40681e-23
-4.26206e-24
-0
8.0227e-24
-3.25922e-24
-0
-8.0227e-24
-3.88599e-24
-0
0
1.25355e-25
-0
-4.01135e-24
-2.38174e-24
-0
-4.01135e-24
-2.50709e-25
-0
-2.00567e-24
-3.76064e-25
0
0
-1.25355e-25
0
-4.01135e-24
-3.76064e-25
0
-8.0227e-24
7.52128e-25
0
0
3.63529e-24
0
0
-4.08656e-23
0
-3.20908e-23
2.25638e-24
0
1.60454e-23
-2.95837e-23
0
-3.20908e-23
6.26773e-26
0
-1.60454e-23
-5.20222e-24
0
-1.60454e-23
2.58231e-23
0
1.60454e-23
-1.69229e-24
0
0
-3.94084e-24
0
-8.0227e-24
2.03701e-24
0
-8.0227e-24
1.0099e-23
6.34295e-23
0
-2.01618e-23
1.77377e-23
0
9.09648e-24
2.53216e-23
0
-9.72915e-24
2.1749e-23
0
1.57361e-23
-2.1373e-23
0
-1.05408e-23
1.69856e-23
0
-4.66471e-24
9.46428e-24
0
-2.75916e-25
1.3789e-23
0
7.90192e-24
9.9657e-24
0
-3.21286e-24
1.00284e-23
0
-2.7334e-24
9.02554e-24
0
1.87698e-25
2.63245e-24
0
1.25708e-24
-8.46144e-25
0
5.67555e-24
-6.04836e-24
0
1.31758e-23
-1.02634e-23
0
2.26263e-23
-1.43061e-23
0
-4.26954e-23
-1.43531e-23
0
1.31115e-23
-2.29556e-23
0
-4.01902e-23
6.42443e-25
0
-7.59673e-24
1.77416e-23
0
1.74975e-23
1.68915e-23
0
-1.22099e-23
2.64812e-23
0
-5.15821e-24
-1.53559e-23
0
2.31593e-24
1.52933e-23
0
-2.61177e-24
9.48778e-24
0
)
;
    }
}


// ************************************************************************* //
