/*--------------------------------*- C++ -*----------------------------------*\
| =========                 |                                                 |
| \\      /  F ield         | OpenFOAM: The Open Source CFD Toolbox           |
|  \\    /   O peration     | Version:  2212                                  |
|   \\  /    A nd           | Website:  www.openfoam.com                      |
|    \\/     M anipulation  |                                                 |
\*---------------------------------------------------------------------------*/
FoamFile
{
    version     2.0;
    format      ascii;
    arch        "LSB;label=32;scalar=64";
    class       volScalarField;
    location    "46/fluidRegion";
    object      alphaRhoMagU;
}
// * * * * * * * * * * * * * * * * * * * * * * * * * * * * * * * * * * * * * //

dimensions      [1 -2 -1 0 0 0 0];

internalField   nonuniform List<scalar> 
350
(
36.8312
36.8313
36.8315
36.8318
36.832
36.8322
36.8324
36.8325
36.8324
36.8321
36.8318
36.8313
36.8307
36.8302
36.8296
36.8292
36.8288
36.8287
36.8288
36.829
36.8293
36.8297
36.8301
36.8305
36.9075
36.8312
36.8313
36.8315
36.8318
36.832
36.8322
36.8324
36.8325
36.8324
36.8321
36.8318
36.8313
36.8307
36.8302
36.8296
36.8292
36.8288
36.8287
36.8288
36.829
36.8293
36.8297
36.8301
36.8305
36.9075
59.1042
59.0504
59.0518
59.0521
59.051
59.0485
59.0443
59.0384
59.0304
59.0201
59.0074
58.9923
58.9747
58.9548
58.9322
58.9057
58.8735
58.8335
58.7849
58.734
58.7016
58.7511
59.0361
59.83
60.3488
58.5813
58.5194
58.5163
58.5121
58.5069
58.5005
58.4928
58.4836
58.4725
58.4594
58.4445
58.428
58.4108
58.394
58.3783
58.3636
58.3489
58.332
58.3124
58.2966
58.307
58.4108
58.7677
59.6579
60.2927
59.1917
59.1375
59.1393
59.1399
59.1391
59.1368
59.1328
59.1269
59.119
59.1087
59.0958
59.0803
59.0621
59.0409
59.0164
58.9872
58.9513
58.9066
58.8523
58.7945
58.7537
58.7928
59.0646
59.8429
60.3508
58.6982
58.6386
58.6367
58.6338
58.6298
58.6245
58.6178
58.6095
58.5993
58.5871
58.5729
58.5569
58.5398
58.5225
58.5054
58.4883
58.4697
58.4478
58.4217
58.398
58.3989
58.4905
58.8311
59.6994
60.3066
58.6982
58.6386
58.6367
58.6338
58.6298
58.6245
58.6178
58.6095
58.5993
58.5871
58.5729
58.5569
58.5398
58.5225
58.5054
58.4883
58.4697
58.4478
58.4217
58.398
58.3989
58.4905
58.8311
59.6994
60.3066
59.1917
59.1375
59.1393
59.1399
59.139
59.1367
59.1328
59.1269
59.119
59.1087
59.0958
59.0803
59.062
59.0409
59.0163
58.9871
58.9512
58.9065
58.8522
58.7944
58.7536
58.7927
59.0644
59.8428
60.3507
58.5813
58.5194
58.5163
58.5121
58.5069
58.5005
58.4929
58.4836
58.4725
58.4594
58.4445
58.428
58.4108
58.394
58.3783
58.3636
58.3489
58.332
58.3124
58.2966
58.307
58.4108
58.7677
59.6579
60.2927
59.1042
59.0504
59.0518
59.0521
59.051
59.0485
59.0443
59.0384
59.0304
59.0201
59.0074
58.9923
58.9747
58.9548
58.9322
58.9057
58.8735
58.8335
58.7849
58.734
58.7016
58.7511
59.036
59.83
60.3488
58.6982
58.6386
58.6367
58.6338
58.6298
58.6245
58.6178
58.6095
58.5993
58.5871
58.5729
58.5569
58.5398
58.5225
58.5054
58.4883
58.4697
58.4478
58.4217
58.398
58.3989
58.4905
58.8311
59.6994
60.3066
59.1917
59.1375
59.1393
59.1399
59.1391
59.1368
59.1328
59.1269
59.119
59.1087
59.0958
59.0803
59.0621
59.0409
59.0164
58.9872
58.9513
58.9066
58.8523
58.7945
58.7537
58.7928
59.0646
59.843
60.3508
59.1917
59.1375
59.1393
59.1399
59.139
59.1367
59.1328
59.1269
59.119
59.1087
59.0958
59.0803
59.062
59.0409
59.0163
58.9871
58.9512
58.9065
58.8522
58.7944
58.7536
58.7926
59.0644
59.8428
60.3507
58.6982
58.6386
58.6367
58.6338
58.6298
58.6245
58.6178
58.6095
58.5993
58.5871
58.5729
58.5569
58.5398
58.5225
58.5054
58.4883
58.4697
58.4478
58.4217
58.398
58.3988
58.4904
58.8311
59.6994
60.3067
)
;

boundaryField
{
    outletCentralUnloaded
    {
        type            calculated;
        value           nonuniform List<scalar> 2(36.8297 36.8297);
    }
    inletCentralUnloaded
    {
        type            calculated;
        value           nonuniform List<scalar> 2(36.9828 36.9828);
    }
    outletFuelElement
    {
        type            calculated;
        value           nonuniform List<scalar> 
12
(
58.6544
58.1355
58.7412
58.2515
58.2515
58.7412
58.1355
58.6544
58.2515
58.7412
58.7412
58.2515
)
;
    }
    inletFuelElement
    {
        type            calculated;
        value           nonuniform List<scalar> 
12
(
60.0417
60.0417
60.0417
60.0417
60.0417
60.0417
60.0417
60.0417
60.0417
60.0417
60.0417
60.0417
)
;
    }
    defaultFaces
    {
        type            calculated;
        value           nonuniform List<scalar> 
450
(
59.1042
59.1042
59.1042
59.0504
59.0504
59.0504
59.0518
59.0518
59.0518
59.0521
59.0521
59.0521
59.051
59.051
59.051
59.0485
59.0485
59.0485
59.0443
59.0443
59.0443
59.0384
59.0384
59.0384
59.0304
59.0304
59.0304
59.0201
59.0201
59.0201
59.0074
59.0074
59.0074
58.9923
58.9923
58.9923
58.9747
58.9747
58.9747
58.9548
58.9548
58.9548
58.9322
58.9322
58.9322
58.9057
58.9057
58.9057
58.8735
58.8735
58.8735
58.8335
58.8335
58.8335
58.7849
58.7849
58.7849
58.734
58.734
58.734
58.7016
58.7016
58.7016
58.7511
58.7511
58.7511
59.0361
59.0361
59.0361
59.83
59.83
59.83
60.3488
60.3488
60.3488
59.1917
59.1917
59.1375
59.1375
59.1393
59.1393
59.1399
59.1399
59.1391
59.1391
59.1368
59.1368
59.1328
59.1328
59.1269
59.1269
59.119
59.119
59.1087
59.1087
59.0958
59.0958
59.0803
59.0803
59.0621
59.0621
59.0409
59.0409
59.0164
59.0164
58.9872
58.9872
58.9513
58.9513
58.9066
58.9066
58.8523
58.8523
58.7945
58.7945
58.7537
58.7537
58.7928
58.7928
59.0646
59.0646
59.8429
59.8429
60.3508
60.3508
58.6982
58.6386
58.6367
58.6338
58.6298
58.6245
58.6178
58.6095
58.5993
58.5871
58.5729
58.5569
58.5398
58.5225
58.5054
58.4883
58.4697
58.4478
58.4217
58.398
58.3989
58.4905
58.8311
59.6994
60.3066
58.6982
58.6386
58.6367
58.6338
58.6298
58.6245
58.6178
58.6095
58.5993
58.5871
58.5729
58.5569
58.5398
58.5225
58.5054
58.4883
58.4697
58.4478
58.4217
58.398
58.3989
58.4905
58.8311
59.6994
60.3066
59.1917
59.1917
59.1375
59.1375
59.1393
59.1393
59.1399
59.1399
59.139
59.139
59.1367
59.1367
59.1328
59.1328
59.1269
59.1269
59.119
59.119
59.1087
59.1087
59.0958
59.0958
59.0803
59.0803
59.062
59.062
59.0409
59.0409
59.0163
59.0163
58.9871
58.9871
58.9512
58.9512
58.9065
58.9065
58.8522
58.8522
58.7944
58.7944
58.7536
58.7536
58.7927
58.7927
59.0644
59.0644
59.8428
59.8428
60.3507
60.3507
59.1042
59.1042
59.1042
59.0504
59.0504
59.0504
59.0518
59.0518
59.0518
59.0521
59.0521
59.0521
59.051
59.051
59.051
59.0485
59.0485
59.0485
59.0443
59.0443
59.0443
59.0384
59.0384
59.0384
59.0304
59.0304
59.0304
59.0201
59.0201
59.0201
59.0074
59.0074
59.0074
58.9923
58.9923
58.9923
58.9747
58.9747
58.9747
58.9548
58.9548
58.9548
58.9322
58.9322
58.9322
58.9057
58.9057
58.9057
58.8735
58.8735
58.8735
58.8335
58.8335
58.8335
58.7849
58.7849
58.7849
58.734
58.734
58.734
58.7016
58.7016
58.7016
58.7511
58.7511
58.7511
59.036
59.036
59.036
59.83
59.83
59.83
60.3488
60.3488
60.3488
58.6982
58.6386
58.6367
58.6338
58.6298
58.6245
58.6178
58.6095
58.5993
58.5871
58.5729
58.5569
58.5398
58.5225
58.5054
58.4883
58.4697
58.4478
58.4217
58.398
58.3989
58.4905
58.8311
59.6994
60.3066
59.1917
59.1917
59.1375
59.1375
59.1393
59.1393
59.1399
59.1399
59.1391
59.1391
59.1368
59.1368
59.1328
59.1328
59.1269
59.1269
59.119
59.119
59.1087
59.1087
59.0958
59.0958
59.0803
59.0803
59.0621
59.0621
59.0409
59.0409
59.0164
59.0164
58.9872
58.9872
58.9513
58.9513
58.9066
58.9066
58.8523
58.8523
58.7945
58.7945
58.7537
58.7537
58.7928
58.7928
59.0646
59.0646
59.843
59.843
60.3508
60.3508
59.1917
59.1917
59.1375
59.1375
59.1393
59.1393
59.1399
59.1399
59.139
59.139
59.1367
59.1367
59.1328
59.1328
59.1269
59.1269
59.119
59.119
59.1087
59.1087
59.0958
59.0958
59.0803
59.0803
59.062
59.062
59.0409
59.0409
59.0163
59.0163
58.9871
58.9871
58.9512
58.9512
58.9065
58.9065
58.8522
58.8522
58.7944
58.7944
58.7536
58.7536
58.7926
58.7926
59.0644
59.0644
59.8428
59.8428
60.3507
60.3507
58.6982
58.6386
58.6367
58.6338
58.6298
58.6245
58.6178
58.6095
58.5993
58.5871
58.5729
58.5569
58.5398
58.5225
58.5054
58.4883
58.4697
58.4478
58.4217
58.398
58.3988
58.4904
58.8311
59.6994
60.3067
)
;
    }
    baffle_master
    {
        type            calculated;
        value           nonuniform List<scalar> 
150
(
36.8312
36.8312
36.8312
36.8313
36.8313
36.8313
36.8315
36.8315
36.8315
36.8318
36.8318
36.8318
36.832
36.832
36.832
36.8322
36.8322
36.8322
36.8324
36.8324
36.8324
36.8325
36.8325
36.8325
36.8324
36.8324
36.8324
36.8321
36.8321
36.8321
36.8318
36.8318
36.8318
36.8313
36.8313
36.8313
36.8307
36.8307
36.8307
36.8302
36.8302
36.8302
36.8296
36.8296
36.8296
36.8292
36.8292
36.8292
36.8288
36.8288
36.8288
36.8287
36.8287
36.8287
36.8288
36.8288
36.8288
36.829
36.829
36.829
36.8293
36.8293
36.8293
36.8297
36.8297
36.8297
36.8301
36.8301
36.8301
36.8305
36.8305
36.8305
36.9075
36.9075
36.9075
36.8312
36.8312
36.8312
36.8313
36.8313
36.8313
36.8315
36.8315
36.8315
36.8318
36.8318
36.8318
36.832
36.832
36.832
36.8322
36.8322
36.8322
36.8324
36.8324
36.8324
36.8325
36.8325
36.8325
36.8324
36.8324
36.8324
36.8321
36.8321
36.8321
36.8318
36.8318
36.8318
36.8313
36.8313
36.8313
36.8307
36.8307
36.8307
36.8302
36.8302
36.8302
36.8296
36.8296
36.8296
36.8292
36.8292
36.8292
36.8288
36.8288
36.8288
36.8287
36.8287
36.8287
36.8288
36.8288
36.8288
36.829
36.829
36.829
36.8293
36.8293
36.8293
36.8297
36.8297
36.8297
36.8301
36.8301
36.8301
36.8305
36.8305
36.8305
36.9075
36.9075
36.9075
)
;
    }
    baffle_slave
    {
        type            calculated;
        value           nonuniform List<scalar> 
150
(
58.5813
58.6982
58.6982
58.5194
58.6386
58.6386
58.5163
58.6367
58.6367
58.5121
58.6338
58.6338
58.5069
58.6298
58.6298
58.5005
58.6245
58.6245
58.4928
58.6178
58.6178
58.4836
58.6095
58.6095
58.4725
58.5993
58.5993
58.4594
58.5871
58.5871
58.4445
58.5729
58.5729
58.428
58.5569
58.5569
58.4108
58.5398
58.5398
58.394
58.5225
58.5225
58.3783
58.5054
58.5054
58.3636
58.4883
58.4883
58.3489
58.4697
58.4697
58.332
58.4478
58.4478
58.3124
58.4217
58.4217
58.2966
58.398
58.398
58.307
58.3989
58.3988
58.4108
58.4905
58.4904
58.7677
58.8311
58.8311
59.6579
59.6994
59.6994
60.2927
60.3066
60.3067
58.6982
58.5813
58.6982
58.6386
58.5194
58.6386
58.6367
58.5163
58.6367
58.6338
58.5121
58.6338
58.6298
58.5069
58.6298
58.6245
58.5005
58.6245
58.6178
58.4929
58.6178
58.6095
58.4836
58.6095
58.5993
58.4725
58.5993
58.5871
58.4594
58.5871
58.5729
58.4445
58.5729
58.5569
58.428
58.5569
58.5398
58.4108
58.5398
58.5225
58.394
58.5225
58.5054
58.3783
58.5054
58.4883
58.3636
58.4883
58.4697
58.3489
58.4697
58.4478
58.332
58.4478
58.4217
58.3124
58.4217
58.398
58.2966
58.398
58.3989
58.307
58.3989
58.4905
58.4108
58.4905
58.8311
58.7677
58.8311
59.6994
59.6579
59.6994
60.3066
60.2927
60.3066
)
;
    }
}


// ************************************************************************* //
