/*--------------------------------*- C++ -*----------------------------------*\
| =========                 |                                                 |
| \\      /  F ield         | OpenFOAM: The Open Source CFD Toolbox           |
|  \\    /   O peration     | Version:  2212                                  |
|   \\  /    A nd           | Website:  www.openfoam.com                      |
|    \\/     M anipulation  |                                                 |
\*---------------------------------------------------------------------------*/
FoamFile
{
    version     2.0;
    format      ascii;
    arch        "LSB;label=32;scalar=64";
    class       volScalarField;
    location    "46/fluidRegion";
    object      deltaT;
}
// * * * * * * * * * * * * * * * * * * * * * * * * * * * * * * * * * * * * * //

dimensions      [0 0 0 1 0 0 0];

internalField   nonuniform List<scalar> 
350
(
0
0
0
0
0
0
0
0
0
0
0
0
0
0
0
0
0
0
0
0
0
0
0
0
0
0
0
0
0
0
0
0
0
0
0
0
0
0
0
0
0
0
0
0
0
0
0
0
0
0
16.051
49.0182
81.7176
114.1
146.106
177.68
208.769
239.323
269.291
298.607
327.171
354.815
381.274
406.149
428.902
448.874
465.284
477.159
483.09
480.694
465.667
430.391
362.773
249.462
91.2389
16.1762
49.4129
82.3759
115.017
147.277
179.099
210.431
241.225
271.434
300.997
329.819
357.743
384.505
409.705
432.792
453.083
469.775
481.882
487.987
485.709
470.714
435.287
367.107
252.514
92.3166
16.0309
48.9557
81.6132
113.955
145.92
177.454
208.504
239.02
268.949
298.225
326.747
354.347
380.757
405.581
428.284
448.207
464.575
476.419
482.326
479.919
464.897
429.656
362.136
249.02
91.0758
16.1469
49.3208
82.2225
114.804
147.004
178.769
210.045
240.784
270.937
300.443
329.206
357.066
383.759
408.884
431.894
452.111
468.738
480.791
486.856
484.551
469.548
434.154
366.102
251.805
92.0672
16.1469
49.3208
82.2225
114.804
147.004
178.769
210.045
240.784
270.937
300.443
329.206
357.066
383.759
408.884
431.894
452.111
468.738
480.791
486.856
484.551
469.548
434.154
366.102
251.805
92.0672
16.0309
48.9557
81.6132
113.955
145.92
177.454
208.504
239.019
268.949
298.225
326.747
354.347
380.757
405.581
428.284
448.207
464.575
476.419
482.327
479.92
464.897
429.657
362.137
249.02
91.0759
16.1762
49.4129
82.3759
115.017
147.277
179.099
210.431
241.225
271.434
300.997
329.819
357.743
384.505
409.705
432.792
453.083
469.775
481.882
487.987
485.709
470.714
435.287
367.107
252.514
92.3166
16.051
49.0182
81.7177
114.1
146.106
177.68
208.769
239.323
269.291
298.607
327.171
354.815
381.274
406.149
428.902
448.874
465.284
477.159
483.09
480.694
465.667
430.391
362.773
249.462
91.2389
16.1469
49.3208
82.2225
114.804
147.004
178.769
210.045
240.784
270.937
300.443
329.206
357.066
383.759
408.884
431.894
452.111
468.738
480.791
486.856
484.551
469.548
434.154
366.102
251.805
92.0672
16.031
48.9557
81.6132
113.955
145.92
177.454
208.504
239.02
268.949
298.225
326.747
354.347
380.757
405.581
428.284
448.207
464.575
476.419
482.326
479.919
464.897
429.656
362.136
249.02
91.0757
16.0309
48.9557
81.6132
113.954
145.92
177.454
208.504
239.019
268.949
298.225
326.747
354.347
380.757
405.581
428.284
448.207
464.575
476.419
482.327
479.92
464.897
429.657
362.137
249.02
91.0759
16.1469
49.3208
82.2225
114.804
147.004
178.769
210.045
240.784
270.937
300.443
329.206
357.066
383.759
408.884
431.894
452.111
468.738
480.791
486.856
484.551
469.548
434.154
366.103
251.805
92.0672
)
;

boundaryField
{
    outletCentralUnloaded
    {
        type            calculated;
        value           uniform 0;
    }
    inletCentralUnloaded
    {
        type            calculated;
        value           uniform 0;
    }
    outletFuelElement
    {
        type            calculated;
        value           uniform 0;
    }
    inletFuelElement
    {
        type            calculated;
        value           uniform 616.7;
    }
    defaultFaces
    {
        type            calculated;
        value           nonuniform List<scalar> 
450
(
0
0
0
0
0
0
0
0
0
0
0
0
0
0
0
0
0
0
0
0
0
0
0
0
0
0
0
0
0
0
0
0
0
0
0
0
0
0
0
0
0
0
0
0
0
0
0
0
93.1831
93.1831
93.1831
193.012
193.012
193.012
285.36
285.36
285.36
368.791
368.791
368.791
442.044
442.044
442.044
503.936
503.936
503.936
553.243
553.243
553.243
588.799
588.799
588.799
609.906
609.906
609.906
0
0
0
0
0
0
0
0
0
0
0
0
0
0
0
0
0
0
0
0
0
0
0
0
0
0
0
0
0
0
0
0
94.5887
94.5887
194.119
194.119
286.197
286.197
369.392
369.392
442.448
442.448
504.183
504.183
553.373
553.373
588.852
588.852
609.918
609.918
0
0
0
0
0
0
0
0
0
0
0
0
0
0
0
0
86.0084
187.326
281.03
365.653
439.916
502.626
552.551
588.52
609.846
0
0
0
0
0
0
0
0
0
0
0
0
0
0
0
0
86.0084
187.326
281.03
365.653
439.916
502.626
552.551
588.52
609.846
0
0
0
0
0
0
0
0
0
0
0
0
0
0
0
0
0
0
0
0
0
0
0
0
0
0
0
0
0
0
0
0
94.5877
94.5877
194.118
194.118
286.196
286.196
369.392
369.392
442.448
442.448
504.183
504.183
553.373
553.373
588.852
588.852
609.918
609.918
0
0
0
0
0
0
0
0
0
0
0
0
0
0
0
0
0
0
0
0
0
0
0
0
0
0
0
0
0
0
0
0
0
0
0
0
0
0
0
0
0
0
0
0
0
0
0
0
93.183
93.183
93.183
193.012
193.012
193.012
285.36
285.36
285.36
368.791
368.791
368.791
442.044
442.044
442.044
503.936
503.936
503.936
553.243
553.243
553.243
588.799
588.799
588.799
609.906
609.906
609.906
0
0
0
0
0
0
0
0
0
0
0
0
0
0
0
0
86.0084
187.326
281.03
365.653
439.916
502.626
552.551
588.52
609.846
0
0
0
0
0
0
0
0
0
0
0
0
0
0
0
0
0
0
0
0
0
0
0
0
0
0
0
0
0
0
0
0
94.5888
94.5888
194.119
194.119
286.197
286.197
369.392
369.392
442.448
442.448
504.183
504.183
553.373
553.373
588.852
588.852
609.918
609.918
0
0
0
0
0
0
0
0
0
0
0
0
0
0
0
0
0
0
0
0
0
0
0
0
0
0
0
0
0
0
0
0
94.5878
94.5878
194.118
194.118
286.196
286.196
369.392
369.392
442.448
442.448
504.183
504.183
553.373
553.373
588.852
588.852
609.918
609.918
0
0
0
0
0
0
0
0
0
0
0
0
0
0
0
0
86.0084
187.326
281.03
365.653
439.916
502.626
552.551
588.52
609.846
)
;
    }
    baffle_master
    {
        type            calculated;
        value           uniform 0;
    }
    baffle_slave
    {
        type            calculated;
        value           nonuniform List<scalar> 
150
(
0
0
0
0
0
0
0
0
0
0
0
0
0
0
0
0
0
0
0
0
0
0
0
0
0
0
0
0
0
0
0
0
0
0
0
0
0
0
0
0
0
0
0
0
0
0
0
0
83.852
86.0084
86.0084
185.615
187.326
187.326
279.726
281.03
281.03
364.706
365.653
365.653
439.273
439.916
439.916
502.23
502.626
502.626
552.342
552.551
552.551
588.436
588.52
588.52
609.828
609.846
609.846
0
0
0
0
0
0
0
0
0
0
0
0
0
0
0
0
0
0
0
0
0
0
0
0
0
0
0
0
0
0
0
0
0
0
0
0
0
0
0
0
0
0
0
0
0
0
0
0
86.0084
83.852
86.0084
187.326
185.615
187.326
281.03
279.726
281.03
365.653
364.706
365.653
439.916
439.273
439.916
502.626
502.23
502.626
552.551
552.342
552.551
588.52
588.436
588.52
609.846
609.828
609.846
)
;
    }
}


// ************************************************************************* //
