/*--------------------------------*- C++ -*----------------------------------*\
| =========                 |                                                 |
| \\      /  F ield         | OpenFOAM: The Open Source CFD Toolbox           |
|  \\    /   O peration     | Version:  2212                                  |
|   \\  /    A nd           | Website:  www.openfoam.com                      |
|    \\/     M anipulation  |                                                 |
\*---------------------------------------------------------------------------*/
FoamFile
{
    version     2.0;
    format      ascii;
    arch        "LSB;label=32;scalar=64";
    class       volScalarField;
    location    "46/fluidRegion";
    object      k;
}
// * * * * * * * * * * * * * * * * * * * * * * * * * * * * * * * * * * * * * //

dimensions      [0 2 -2 0 0 0 0];

internalField   nonuniform List<scalar> 
350
(
0.421088
0.421018
0.420948
0.420879
0.42081
0.420741
0.420673
0.420605
0.420537
0.42047
0.420405
0.420342
0.420283
0.420229
0.420184
0.420153
0.420141
0.42016
0.420225
0.420361
0.420606
0.421017
0.421683
0.422736
0.424382
0.421088
0.421018
0.420948
0.420879
0.42081
0.420741
0.420673
0.420605
0.420537
0.42047
0.420405
0.420342
0.420283
0.420229
0.420184
0.420153
0.420141
0.42016
0.420225
0.420361
0.420606
0.421017
0.421683
0.422736
0.424382
405.479
383.024
357.468
329.312
299.341
268.331
237.03
206.139
176.294
148.059
121.911
98.2307
77.2921
59.2517
44.1417
31.8703
22.233
14.9374
9.63529
5.95797
3.54619
2.07115
1.24969
0.853304
0.713381
411.176
388.458
362.6
334.092
303.731
272.305
240.571
209.242
178.964
150.31
123.766
99.7206
78.4534
60.1267
44.7762
32.3109
22.5243
15.1192
9.74124
6.01465
3.57331
2.08232
1.25345
0.854331
0.713768
404.536
382.123
356.62
328.526
298.621
267.682
236.454
205.636
175.862
147.696
121.613
97.9926
77.1071
59.1125
44.0409
31.8002
22.1867
14.9083
9.61815
5.94859
3.54149
2.06902
1.24882
0.852969
0.713253
409.925
387.263
361.468
333.035
302.758
271.422
239.783
208.549
178.367
149.805
123.349
99.3848
78.191
59.9286
44.6323
32.2107
22.458
15.0778
9.71709
6.00173
3.56714
2.07979
1.25262
0.854114
0.71369
409.925
387.263
361.468
333.035
302.758
271.422
239.783
208.549
178.367
149.805
123.349
99.3848
78.191
59.9286
44.6322
32.2107
22.458
15.0778
9.71708
6.00172
3.56714
2.07979
1.25262
0.854115
0.713692
404.536
382.123
356.621
328.526
298.622
267.683
236.455
205.636
175.863
147.697
121.613
97.9926
77.1071
59.1125
44.0409
31.8002
22.1866
14.9083
9.61811
5.94856
3.54147
2.06901
1.24881
0.852961
0.713248
411.176
388.458
362.6
334.092
303.731
272.305
240.572
209.242
178.964
150.31
123.766
99.7206
78.4534
60.1267
44.7762
32.3109
22.5243
15.1192
9.74124
6.01464
3.57331
2.08232
1.25345
0.854332
0.71377
405.479
383.024
357.468
329.312
299.341
268.331
237.03
206.139
176.294
148.059
121.911
98.2307
77.2922
59.2517
44.1417
31.8702
22.233
14.9374
9.63527
5.95794
3.54616
2.07113
1.24967
0.853286
0.713365
409.925
387.263
361.468
333.035
302.758
271.422
239.783
208.549
178.367
149.805
123.349
99.3848
78.191
59.9286
44.6322
32.2107
22.458
15.0778
9.71708
6.00172
3.56713
2.07979
1.25261
0.854109
0.713685
404.536
382.123
356.62
328.526
298.621
267.682
236.454
205.636
175.862
147.696
121.613
97.9926
77.1071
59.1126
44.0409
31.8003
22.1867
14.9084
9.61819
5.94864
3.54154
2.06907
1.24886
0.853003
0.713283
404.536
382.123
356.621
328.526
298.622
267.683
236.455
205.636
175.863
147.696
121.613
97.9926
77.107
59.1125
44.0408
31.8002
22.1866
14.9082
9.61809
5.94855
3.54146
2.06901
1.24881
0.852966
0.713255
409.925
387.263
361.468
333.035
302.758
271.422
239.783
208.549
178.367
149.805
123.349
99.3848
78.191
59.9285
44.6322
32.2107
22.458
15.0777
9.71704
6.00168
3.5671
2.07976
1.25258
0.854088
0.713667
)
;

boundaryField
{
    outletCentralUnloaded
    {
        type            zeroGradient;
    }
    inletCentralUnloaded
    {
        type            zeroGradient;
    }
    outletFuelElement
    {
        type            zeroGradient;
    }
    inletFuelElement
    {
        type            zeroGradient;
    }
    defaultFaces
    {
        type            zeroGradient;
    }
    baffle_master
    {
        type            zeroGradient;
    }
    baffle_slave
    {
        type            zeroGradient;
    }
}


// ************************************************************************* //
