/*--------------------------------*- C++ -*----------------------------------*\
| =========                 |                                                 |
| \\      /  F ield         | OpenFOAM: The Open Source CFD Toolbox           |
|  \\    /   O peration     | Version:  2212                                  |
|   \\  /    A nd           | Website:  www.openfoam.com                      |
|    \\/     M anipulation  |                                                 |
\*---------------------------------------------------------------------------*/
FoamFile
{
    version     2.0;
    format      ascii;
    arch        "LSB;label=32;scalar=64";
    class       volScalarField;
    location    "46/fluidRegion";
    object      T;
}
// * * * * * * * * * * * * * * * * * * * * * * * * * * * * * * * * * * * * * //

dimensions      [0 0 0 1 0 0 0];

internalField   nonuniform List<scalar> 
350
(
83.2889
83.2894
83.2899
83.2903
83.2908
83.2913
83.2918
83.2922
83.2927
83.2931
83.2936
83.294
83.2944
83.2949
83.2954
83.2959
83.2964
83.2969
83.2974
83.2978
83.2983
83.2988
83.2993
83.2997
83.3001
83.2889
83.2894
83.2899
83.2903
83.2908
83.2913
83.2918
83.2922
83.2927
83.2931
83.2936
83.294
83.2944
83.2949
83.2954
83.2959
83.2964
83.2969
83.2974
83.2978
83.2983
83.2988
83.2993
83.2997
83.3001
1820.65
1814.64
1796.23
1765.62
1723.17
1669.36
1604.83
1530.32
1446.7
1354.98
1256.32
1152.04
1043.67
932.945
821.829
712.418
606.817
506.988
414.64
331.209
257.956
196.064
146.757
111.201
90.0944
1848.82
1843.04
1824.62
1793.79
1750.91
1696.47
1631.09
1555.54
1470.7
1377.59
1277.38
1171.39
1061.16
948.463
835.29
723.794
616.148
514.385
420.274
335.294
260.727
197.77
147.658
111.564
90.1716
1816.07
1810.05
1791.65
1761.1
1718.73
1665.05
1600.67
1526.34
1442.93
1351.45
1253.04
1149.05
1040.97
930.565
819.776
710.693
605.411
505.881
413.803
330.608
257.552
195.817
146.627
111.148
90.082
1842.49
1836.64
1818.21
1787.41
1744.62
1690.31
1625.11
1549.79
1465.22
1372.42
1272.55
1166.95
1057.14
944.891
832.187
721.168
613.992
512.674
418.97
334.347
260.084
197.374
147.449
111.48
90.1538
1842.49
1836.64
1818.21
1787.41
1744.62
1690.31
1625.11
1549.79
1465.22
1372.42
1272.55
1166.95
1057.14
944.891
832.187
721.168
613.992
512.674
418.97
334.347
260.084
197.374
147.449
111.48
90.1538
1816.07
1810.05
1791.65
1761.1
1718.74
1665.05
1600.67
1526.34
1442.93
1351.45
1253.05
1149.05
1040.97
930.566
819.777
710.694
605.412
505.882
413.804
330.608
257.552
195.817
146.627
111.148
90.082
1848.82
1843.04
1824.62
1793.79
1750.91
1696.47
1631.09
1555.54
1470.7
1377.59
1277.38
1171.39
1061.16
948.463
835.29
723.794
616.148
514.385
420.274
335.294
260.727
197.77
147.658
111.564
90.1716
1820.65
1814.64
1796.23
1765.62
1723.17
1669.36
1604.83
1530.32
1446.7
1354.98
1256.32
1152.05
1043.67
932.945
821.829
712.418
606.817
506.988
414.64
331.209
257.956
196.064
146.757
111.201
90.0944
1842.49
1836.64
1818.21
1787.41
1744.62
1690.31
1625.11
1549.79
1465.22
1372.42
1272.55
1166.95
1057.14
944.891
832.187
721.168
613.992
512.674
418.97
334.347
260.084
197.374
147.449
111.48
90.1538
1816.07
1810.05
1791.65
1761.1
1718.73
1665.05
1600.67
1526.34
1442.93
1351.44
1253.04
1149.05
1040.97
930.564
819.776
710.693
605.411
505.881
413.803
330.608
257.552
195.817
146.627
111.148
90.082
1816.07
1810.05
1791.65
1761.1
1718.74
1665.05
1600.67
1526.34
1442.93
1351.45
1253.05
1149.05
1040.97
930.566
819.777
710.694
605.412
505.882
413.804
330.608
257.552
195.817
146.627
111.148
90.082
1842.49
1836.64
1818.21
1787.41
1744.62
1690.31
1625.11
1549.79
1465.22
1372.42
1272.55
1166.95
1057.14
944.891
832.187
721.168
613.992
512.674
418.97
334.347
260.084
197.374
147.449
111.48
90.1538
)
;

boundaryField
{
    outletCentralUnloaded
    {
        type            zeroGradient;
    }
    inletCentralUnloaded
    {
        type            fixedValue;
        value           uniform 83.3;
    }
    outletFuelElement
    {
        type            zeroGradient;
    }
    inletFuelElement
    {
        type            fixedValue;
        value           uniform 83.3;
    }
    defaultFaces
    {
        type            zeroGradient;
    }
    baffle_master
    {
        type            zeroGradient;
    }
    baffle_slave
    {
        type            zeroGradient;
    }
}


// ************************************************************************* //
