/*--------------------------------*- C++ -*----------------------------------*\
| =========                 |                                                 |
| \\      /  F ield         | OpenFOAM: The Open Source CFD Toolbox           |
|  \\    /   O peration     | Version:  2212                                  |
|   \\  /    A nd           | Website:  www.openfoam.com                      |
|    \\/     M anipulation  |                                                 |
\*---------------------------------------------------------------------------*/
FoamFile
{
    version     2.0;
    format      ascii;
    arch        "LSB;label=32;scalar=64";
    class       volVectorField;
    location    "46/fluidRegion";
    object      U;
}
// * * * * * * * * * * * * * * * * * * * * * * * * * * * * * * * * * * * * * //

dimensions      [0 1 -1 0 0 0 0];

internalField   nonuniform List<vector> 
350
(
(-5.12667e-09 -2.95987e-09 -14.9681)
(-6.92517e-10 -3.99824e-10 -14.967)
(4.38592e-09 2.5322e-09 -14.9658)
(7.67124e-09 4.42898e-09 -14.9647)
(6.41496e-09 3.70367e-09 -14.9635)
(1.27621e-09 7.36818e-10 -14.9624)
(-5.45324e-09 -3.14842e-09 -14.9612)
(-1.05019e-08 -6.06328e-09 -14.96)
(-1.12483e-08 -6.49416e-09 -14.9587)
(-7.15837e-09 -4.13288e-09 -14.9574)
(-1.8056e-10 -1.04246e-10 -14.956)
(6.4297e-09 3.71218e-09 -14.9545)
(9.92295e-09 5.729e-09 -14.9531)
(9.27376e-09 5.35419e-09 -14.9516)
(5.37561e-09 3.1036e-09 -14.9502)
(3.13272e-10 1.80867e-10 -14.9488)
(-3.60858e-09 -2.08341e-09 -14.9474)
(-4.78523e-09 -2.76274e-09 -14.9461)
(-2.81058e-09 -1.62268e-09 -14.9449)
(1.59247e-09 9.1941e-10 -14.9438)
(6.48912e-09 3.74648e-09 -14.9426)
(8.81322e-09 5.0883e-09 -14.9416)
(6.81774e-09 3.93622e-09 -14.9405)
(2.61823e-09 1.51163e-09 -14.9395)
(-8.86294e-09 -5.117e-09 -14.9695)
(-5.12667e-09 -2.95987e-09 -14.9681)
(-6.92517e-10 -3.99824e-10 -14.967)
(4.38592e-09 2.5322e-09 -14.9658)
(7.67124e-09 4.42898e-09 -14.9647)
(6.41496e-09 3.70367e-09 -14.9635)
(1.27621e-09 7.36818e-10 -14.9624)
(-5.45324e-09 -3.14842e-09 -14.9612)
(-1.05019e-08 -6.06328e-09 -14.96)
(-1.12483e-08 -6.49416e-09 -14.9587)
(-7.15837e-09 -4.13288e-09 -14.9574)
(-1.8056e-10 -1.04246e-10 -14.956)
(6.4297e-09 3.71218e-09 -14.9545)
(9.92295e-09 5.729e-09 -14.9531)
(9.27376e-09 5.35419e-09 -14.9516)
(5.37561e-09 3.1036e-09 -14.9502)
(3.13272e-10 1.80867e-10 -14.9488)
(-3.60858e-09 -2.08341e-09 -14.9474)
(-4.78523e-09 -2.76274e-09 -14.9461)
(-2.81058e-09 -1.62268e-09 -14.9449)
(1.59247e-09 9.1941e-10 -14.9438)
(6.48912e-09 3.74648e-09 -14.9426)
(8.81322e-09 5.0883e-09 -14.9416)
(6.81774e-09 3.93622e-09 -14.9405)
(2.61823e-09 1.51163e-09 -14.9395)
(-8.86294e-09 -5.117e-09 -14.9695)
(-0.00196985 -0.0011373 -422.996)
(-0.000941161 -0.000543379 -415.064)
(-0.00102098 -0.00058946 -405.022)
(-0.000918595 -0.00053035 -392.653)
(-0.000831407 -0.000480013 -378.149)
(-0.000750589 -0.000433352 -361.712)
(-0.000675719 -0.000390126 -343.554)
(-0.000603091 -0.000348194 -323.887)
(-0.000524706 -0.000302939 -302.933)
(-0.000427373 -0.000246744 -280.919)
(-0.000294621 -0.000170099 -258.086)
(-0.000110292 -6.3677e-05 -234.689)
(0.000130227 7.51867e-05 -211.01)
(0.000407538 0.000235292 -187.361)
(0.000690088 0.000398422 -164.079)
(0.000930336 0.000537129 -141.519)
(0.0010912 0.000630006 -120.027)
(0.00116297 0.000671438 -99.9175)
(0.00116507 0.000672654 -81.4583)
(0.00113181 0.000653453 -64.8706)
(0.00109396 0.0006316 -50.3462)
(0.0010589 0.000611353 -38.073)
(0.00101071 0.000583536 -28.2596)
(0.000878991 0.000507486 -21.1315)
(0.000837437 0.000483494 -16.6337)
(-0.00189534 -0.00113789 -425.721)
(-0.000678175 -0.000424201 -417.746)
(-0.000769309 -0.00048077 -407.672)
(-0.000697529 -0.000441204 -395.25)
(-0.000636458 -0.000408327 -380.676)
(-0.000579668 -0.000377803 -364.153)
(-0.000526665 -0.000349689 -345.892)
(-0.000474582 -0.000322574 -326.11)
(-0.000417631 -0.000292989 -305.028)
(-0.000346246 -0.000255571 -282.873)
(-0.000249283 -0.000203597 -259.887)
(-0.000114786 -0.000131542 -236.327)
(6.0332e-05 -3.57397e-05 -212.476)
(0.00025574 7.09525e-05 -188.648)
(0.000453892 0.000178308 -165.184)
(0.000620982 0.000266736 -142.442)
(0.000732502 0.000321931 -120.775)
(0.000782637 0.000341096 -100.503)
(0.000785367 0.000332794 -81.8968)
(0.000763509 0.000312915 -65.1809)
(0.000738924 0.000294379 -50.5489)
(0.000716019 0.000287095 -38.1901)
(0.000689859 0.000286015 -28.3146)
(0.000624068 0.000275825 -21.1485)
(0.000638376 0.000319951 -16.6357)
(-0.00085716 -0.00066657 -422.561)
(-0.000487039 -0.000967983 -414.627)
(-0.000472849 -0.000926658 -404.593)
(-0.000427146 -0.000816572 -392.233)
(-0.000384455 -0.00071997 -377.742)
(-0.000345287 -0.000631109 -361.321)
(-0.000308505 -0.000549298 -343.179)
(-0.000271436 -0.00047057 -323.532)
(-0.00022864 -0.000385918 -302.6)
(-0.000172024 -0.000280788 -280.609)
(-9.24444e-05 -0.000135744 -257.801)
(1.67523e-05 6.52926e-05 -234.43)
(0.000158001 0.000326588 -210.779)
(0.000310157 0.000639192 -187.158)
(0.000459167 0.000957313 -163.906)
(0.000577812 0.00122828 -141.374)
(0.000649242 0.00140861 -119.909)
(0.00067226 0.00148669 -99.8245)
(0.000660297 0.00148468 -81.3878)
(0.000631733 0.00144232 -64.8196)
(0.000601381 0.00139195 -50.3113)
(0.000572523 0.00133856 -38.0509)
(0.000530259 0.00124548 -28.2467)
(0.000461164 0.00100941 -21.1246)
(0.000398388 0.000798749 -16.6314)
(-0.000964699 -0.000556968 -425.113)
(-0.000907687 -0.000524052 -417.148)
(-0.000873192 -0.000504136 -407.08)
(-0.000775657 -0.000447824 -394.669)
(-0.000688663 -0.000397599 -380.109)
(-0.000608788 -0.000351483 -363.604)
(-0.000534827 -0.000308782 -345.366)
(-0.000462825 -0.000267211 -325.609)
(-0.000383606 -0.000221474 -304.554)
(-0.000282977 -0.000163376 -282.431)
(-0.000143166 -8.26566e-05 -259.479)
(5.00098e-05 2.88731e-05 -235.955)
(0.000300911 0.000173731 -212.143)
(0.000590351 0.000340839 -188.355)
(0.000881116 0.000508711 -164.932)
(0.00112318 0.000648465 -142.232)
(0.00127882 0.000738324 -120.604)
(0.00134019 0.000773755 -100.369)
(0.00132997 0.000767858 -81.7967)
(0.00128472 0.00074173 -65.1102)
(0.00123399 0.000712443 -50.5028)
(0.00118345 0.000683265 -38.1637)
(0.00110058 0.000635417 -28.3025)
(0.000913352 0.000527323 -21.1451)
(0.000746592 0.000431044 -16.6355)
(0.000959643 0.000554049 -425.113)
(0.000925422 0.000534292 -417.148)
(0.000889894 0.000513779 -407.08)
(0.000792709 0.000457669 -394.669)
(0.000705113 0.000407096 -380.109)
(0.000624439 0.000360519 -363.604)
(0.000549557 0.000317286 -345.366)
(0.000475805 0.000274706 -325.609)
(0.000394383 0.000227697 -304.554)
(0.000291009 0.000168014 -282.431)
(0.000147554 8.51904e-05 -259.479)
(-5.05037e-05 -2.91583e-05 -235.955)
(-0.000306808 -0.000177135 -212.143)
(-0.000602343 -0.000347762 -188.355)
(-0.00089952 -0.000519337 -164.932)
(-0.00114815 -0.000662883 -142.232)
(-0.00131055 -0.000756642 -120.604)
(-0.00137855 -0.000795904 -100.369)
(-0.00137381 -0.000793168 -81.7967)
(-0.00133237 -0.000769243 -65.1102)
(-0.00128379 -0.000741196 -50.5028)
(-0.00123178 -0.000711166 -38.1637)
(-0.00114441 -0.000660722 -28.3025)
(-0.000946151 -0.000546259 -21.1451)
(-0.000764989 -0.000441666 -16.6355)
(0.000997785 0.00042731 -422.561)
(0.00108905 -4.94954e-05 -414.627)
(0.00104482 -3.9077e-05 -404.593)
(0.000926572 -2.24594e-05 -392.234)
(0.00082109 -1.0233e-05 -377.742)
(0.000723871 1.6036e-06 -361.321)
(0.000633802 1.21666e-05 -343.179)
(0.000545816 2.103e-05 -323.532)
(0.000449557 2.80721e-05 -302.6)
(0.000328248 3.3749e-05 -280.609)
(0.000160521 3.9333e-05 -257.801)
(-7.14276e-05 4.79672e-05 -234.43)
(-0.000371642 5.83095e-05 -210.779)
(-0.000722176 8.52696e-05 -187.158)
(-0.00107612 0.000117667 -163.906)
(-0.00137412 0.000152555 -141.374)
(-0.00157003 0.000182282 -119.909)
(-0.00165293 0.000201571 -99.8245)
(-0.00164836 0.000210094 -81.3878)
(-0.00159946 0.000210957 -64.8196)
(-0.00154162 0.000207146 -50.3113)
(-0.00147959 0.000198247 -38.0509)
(-0.00137447 0.000179642 -28.2466)
(-0.00112769 0.000113019 -21.1246)
(-0.000903431 5.25131e-05 -16.6314)
(0.00191915 0.00110147 -425.721)
(0.000707871 0.000380495 -417.746)
(0.000800755 0.000434606 -407.672)
(0.000730121 0.000393434 -395.25)
(0.000670025 0.000358586 -380.676)
(0.000614082 0.0003269 -364.153)
(0.000561887 0.00029764 -345.892)
(0.000510572 0.000269374 -326.11)
(0.000454355 0.000238627 -305.028)
(0.000383702 0.000200168 -282.873)
(0.000287221 0.000146996 -259.887)
(0.000152399 7.40736e-05 -236.327)
(-2.30246e-05 -2.29777e-05 -212.476)
(-0.000219373 -0.000130793 -188.648)
(-0.000419105 -0.000239753 -165.184)
(-0.000588802 -0.000330429 -142.442)
(-0.000704845 -0.000388728 -120.775)
(-0.000762699 -0.000411282 -100.503)
(-0.000777746 -0.000405655 -81.8968)
(-0.000775056 -0.000385149 -65.1809)
(-0.000777123 -0.000363118 -50.5489)
(-0.000786832 -0.000343775 -38.1901)
(-0.00079195 -0.000327808 -28.3146)
(-0.000736106 -0.000299796 -21.1485)
(-0.00073808 -0.000331918 -16.6357)
(0.00197031 0.00113756 -422.996)
(0.000942169 0.000543961 -415.064)
(0.00102201 0.000590056 -405.022)
(0.000919625 0.000530945 -392.653)
(0.000832294 0.000480525 -378.149)
(0.000751504 0.000433881 -361.712)
(0.000676629 0.000390652 -343.554)
(0.000604012 0.000348726 -323.887)
(0.000525613 0.000303462 -302.933)
(0.0004283 0.000247279 -280.919)
(0.000295371 0.000170532 -258.086)
(0.000110683 6.39026e-05 -234.689)
(-0.000130295 -7.52256e-05 -211.01)
(-0.000408333 -0.000235751 -187.361)
(-0.000692002 -0.000399527 -164.079)
(-0.000933992 -0.00053924 -141.519)
(-0.00109767 -0.000633738 -120.027)
(-0.00117373 -0.000677655 -99.9175)
(-0.00118211 -0.000682491 -81.4583)
(-0.00115754 -0.000668305 -64.8706)
(-0.00113143 -0.00065323 -50.3462)
(-0.00110911 -0.000640344 -38.073)
(-0.00107309 -0.00061955 -28.2596)
(-0.000942257 -0.000544012 -21.1315)
(-0.000892883 -0.000515506 -16.6337)
(0.000986276 0.000569425 -425.113)
(0.000934062 0.000539279 -417.148)
(0.000901394 0.000520419 -407.08)
(0.00080516 0.000464858 -394.669)
(0.000719011 0.00041512 -380.109)
(0.000640088 0.000369554 -363.604)
(0.00056727 0.000327513 -345.366)
(0.000496125 0.000286437 -325.609)
(0.000417755 0.00024119 -304.554)
(0.000318069 0.000183637 -282.431)
(0.000178686 0.000103164 -259.479)
(-1.33573e-05 -7.71173e-06 -235.955)
(-0.000263833 -0.000152324 -212.143)
(-0.000552245 -0.000318838 -188.355)
(-0.000841008 -0.000485554 -164.932)
(-0.00107962 -0.000623319 -142.232)
(-0.00122968 -0.000709956 -120.604)
(-0.00128255 -0.000740477 -100.369)
(-0.00125882 -0.000726775 -81.7967)
(-0.0011951 -0.000689986 -65.1102)
(-0.00112087 -0.000647133 -50.5028)
(-0.00104733 -0.000604672 -38.1637)
(-0.000947721 -0.000547165 -28.3025)
(-0.000766707 -0.000442657 -21.1452)
(-0.000632349 -0.000365086 -16.6355)
(0.000888972 0.000655464 -422.561)
(0.000526146 0.000953835 -414.627)
(0.000514371 0.000911565 -404.593)
(0.000470306 0.000800845 -392.233)
(0.000428907 0.000703665 -377.742)
(0.00039097 0.000614409 -361.321)
(0.000355462 0.000532219 -343.179)
(0.000319475 0.00045314 -323.532)
(0.000277717 0.000368125 -302.6)
(0.000222143 0.000262657 -280.609)
(0.000143424 0.000117319 -257.801)
(3.42769e-05 -8.33297e-05 -234.43)
(-0.000107004 -0.00034434 -210.779)
(-0.000259369 -0.000656102 -187.158)
(-0.000408623 -0.000972663 -163.906)
(-0.000527504 -0.00124094 -141.374)
(-0.000599369 -0.00141657 -119.909)
(-0.000623429 -0.00148676 -99.8245)
(-0.000612827 -0.00147221 -81.3878)
(-0.000587248 -0.00141112 -64.8196)
(-0.000561194 -0.00133565 -50.3114)
(-0.000539471 -0.00125345 -38.0509)
(-0.000504952 -0.0011353 -28.2467)
(-0.000442134 -0.000894162 -21.1247)
(-0.000386589 -0.000703092 -16.6315)
(-0.000989192 -0.000443035 -422.561)
(-0.00107901 3.11707e-05 -414.627)
(-0.00103415 1.99812e-05 -404.593)
(-0.00091537 2.98494e-06 -392.234)
(-0.000809493 -1.02232e-05 -377.742)
(-0.000711797 -2.2329e-05 -361.321)
(-0.000621263 -3.31215e-05 -343.179)
(-0.000532843 -4.2354e-05 -323.532)
(-0.000436229 -4.98144e-05 -302.6)
(-0.00031448 -5.5761e-05 -280.609)
(-0.000146661 -6.19763e-05 -257.801)
(8.61967e-05 -7.11255e-05 -234.43)
(0.000386626 -8.2721e-05 -210.779)
(0.000737646 -0.000110943 -187.158)
(0.00109226 -0.000145342 -163.906)
(0.00139111 -0.000183318 -141.374)
(0.00158782 -0.00021802 -119.909)
(0.00167113 -0.000244493 -99.8245)
(0.00166619 -0.000262126 -81.3878)
(0.00161485 -0.000273153 -64.8195)
(0.0015515 -0.000281225 -50.3113)
(0.00148006 -0.000279797 -38.0508)
(0.00136256 -0.000264931 -28.2466)
(0.00110554 -0.000189355 -21.1246)
(0.00087351 -0.000113035 -16.6314)
(-0.000948172 -0.000547426 -425.113)
(-0.000911358 -0.000526172 -417.148)
(-0.000874631 -0.000504967 -407.08)
(-0.000776439 -0.000448276 -394.669)
(-0.000688376 -0.000397433 -380.109)
(-0.000606954 -0.000350424 -363.604)
(-0.000531174 -0.000306673 -345.366)
(-0.000456763 -0.000263712 -325.609)
(-0.000374733 -0.000216351 -304.554)
(-0.000270566 -0.000156211 -282.431)
(-0.000127132 -7.33993e-05 -259.479)
(7.24384e-05 4.18222e-05 -235.955)
(0.000328887 0.000189882 -212.143)
(0.000625167 0.000360939 -188.355)
(0.000923622 0.000533252 -164.932)
(0.00117414 0.000677888 -142.232)
(0.00133895 0.000773041 -120.604)
(0.00140982 0.000813959 -100.369)
(0.00140915 0.000813569 -81.7967)
(0.0013719 0.000792066 -65.1102)
(0.00132639 0.00076579 -50.5028)
(0.00127424 0.000735681 -38.1637)
(0.00118153 0.000682158 -28.3024)
(0.000971398 0.000560836 -21.1452)
(0.000771853 0.000445628 -16.6356)
)
;

boundaryField
{
    outletCentralUnloaded
    {
        type            zeroGradient;
    }
    inletCentralUnloaded
    {
        type            fixedValue;
        value           uniform (0 0 -15);
    }
    outletFuelElement
    {
        type            zeroGradient;
    }
    inletFuelElement
    {
        type            fixedValue;
        value           uniform (0 0 -15);
    }
    defaultFaces
    {
        type            slip;
    }
    baffle_master
    {
        type            slip;
    }
    baffle_slave
    {
        type            slip;
    }
}


// ************************************************************************* //
