/*--------------------------------*- C++ -*----------------------------------*\
| =========                 |                                                 |
| \\      /  F ield         | OpenFOAM: The Open Source CFD Toolbox           |
|  \\    /   O peration     | Version:  2212                                  |
|   \\  /    A nd           | Website:  www.openfoam.com                      |
|    \\/     M anipulation  |                                                 |
\*---------------------------------------------------------------------------*/
FoamFile
{
    version     2.0;
    format      ascii;
    arch        "LSB;label=32;scalar=64";
    class       volScalarField;
    location    "29/fluidRegion";
    object      alphaRhoMagU;
}
// * * * * * * * * * * * * * * * * * * * * * * * * * * * * * * * * * * * * * //

dimensions      [1 -2 -1 0 0 0 0];

internalField   nonuniform List<scalar> 
350
(
36.8257
36.8257
36.8258
36.8258
36.826
36.8261
36.8262
36.8263
36.8264
36.8264
36.8263
36.8263
36.8262
36.8261
36.826
36.8258
36.8257
36.8256
36.8256
36.8255
36.8255
36.8256
36.8257
36.8259
36.9051
36.8257
36.8257
36.8258
36.8258
36.826
36.8261
36.8262
36.8263
36.8264
36.8264
36.8263
36.8263
36.8262
36.8261
36.826
36.8258
36.8257
36.8256
36.8256
36.8255
36.8255
36.8256
36.8257
36.8259
36.9051
58.7478
58.6785
58.6801
58.6807
58.6799
58.6777
58.6738
58.6681
58.6604
58.6505
58.6382
58.6235
58.6065
58.5871
58.565
58.5391
58.5075
58.4684
58.4216
58.3737
58.346
58.4007
58.6833
59.4435
59.889
58.2364
58.1588
58.1558
58.1516
58.1465
58.1402
58.1326
58.1234
58.1125
58.0998
58.0853
58.0694
58.053
58.0371
58.0222
58.0084
57.9943
57.9783
57.9601
57.9471
57.962
58.0706
58.4243
59.2785
59.8355
58.8335
58.7638
58.766
58.7669
58.7665
58.7645
58.7608
58.7552
58.7476
58.7376
58.7252
58.7101
58.6923
58.6717
58.6477
58.619
58.5837
58.54
58.4875
58.4328
58.3968
58.4412
58.7108
59.4559
59.8909
58.3507
58.2755
58.2737
58.2709
58.267
58.2618
58.2552
58.2471
58.2371
58.2252
58.2113
58.196
58.1797
58.1631
58.1468
58.1304
58.1125
58.0914
58.0669
58.046
58.0513
58.1478
58.4854
59.3182
59.8488
58.3507
58.2755
58.2737
58.2709
58.267
58.2618
58.2552
58.2471
58.2371
58.2252
58.2113
58.196
58.1797
58.1631
58.1468
58.1304
58.1125
58.0914
58.0669
58.046
58.0513
58.1478
58.4854
59.3182
59.8488
58.8335
58.7638
58.766
58.7669
58.7664
58.7644
58.7608
58.7552
58.7476
58.7376
58.7251
58.7101
58.6923
58.6717
58.6476
58.6189
58.5836
58.5399
58.4874
58.4327
58.3967
58.441
58.7107
59.4557
59.8908
58.2364
58.1588
58.1558
58.1516
58.1465
58.1402
58.1326
58.1234
58.1125
58.0998
58.0853
58.0694
58.053
58.0371
58.0222
58.0084
57.9943
57.9783
57.9601
57.9471
57.962
58.0706
58.4243
59.2785
59.8355
58.7478
58.6785
58.6801
58.6807
58.6799
58.6777
58.6738
58.6681
58.6604
58.6505
58.6382
58.6235
58.6065
58.5871
58.565
58.5391
58.5075
58.4684
58.4216
58.3737
58.346
58.4007
58.6833
59.4435
59.889
58.3507
58.2755
58.2737
58.2709
58.267
58.2618
58.2552
58.2471
58.2371
58.2252
58.2113
58.196
58.1796
58.1631
58.1468
58.1304
58.1125
58.0914
58.0669
58.046
58.0513
58.1478
58.4854
59.3182
59.8488
58.8335
58.7638
58.766
58.7669
58.7665
58.7645
58.7608
58.7552
58.7476
58.7376
58.7252
58.7101
58.6923
58.6717
58.6477
58.6189
58.5837
58.54
58.4875
58.4328
58.3968
58.4411
58.7108
59.4559
59.8909
58.8335
58.7638
58.766
58.7669
58.7664
58.7644
58.7608
58.7552
58.7476
58.7376
58.7251
58.7101
58.6923
58.6717
58.6476
58.6189
58.5836
58.5399
58.4874
58.4327
58.3967
58.441
58.7106
59.4557
59.8908
58.3507
58.2755
58.2737
58.2709
58.267
58.2618
58.2552
58.2471
58.2371
58.2252
58.2113
58.196
58.1797
58.1631
58.1468
58.1304
58.1125
58.0914
58.0669
58.046
58.0513
58.1478
58.4854
59.3182
59.8488
)
;

boundaryField
{
    outletCentralUnloaded
    {
        type            calculated;
        value           nonuniform List<scalar> 2(36.8241 36.8241);
    }
    inletCentralUnloaded
    {
        type            calculated;
        value           nonuniform List<scalar> 2(36.9828 36.9828);
    }
    outletFuelElement
    {
        type            calculated;
        value           nonuniform List<scalar> 
12
(
58.3188
57.8111
58.4038
57.9246
57.9246
58.4038
57.8111
58.3188
57.9246
58.4038
58.4038
57.9246
)
;
    }
    inletFuelElement
    {
        type            calculated;
        value           nonuniform List<scalar> 
12
(
59.7059
59.7059
59.7059
59.7059
59.7059
59.7059
59.7059
59.7059
59.7059
59.7059
59.7059
59.7059
)
;
    }
    defaultFaces
    {
        type            calculated;
        value           nonuniform List<scalar> 
450
(
58.7478
58.7478
58.7478
58.6785
58.6785
58.6785
58.6801
58.6801
58.6801
58.6807
58.6807
58.6807
58.6799
58.6799
58.6799
58.6777
58.6777
58.6777
58.6738
58.6738
58.6738
58.6681
58.6681
58.6681
58.6604
58.6604
58.6604
58.6505
58.6505
58.6505
58.6382
58.6382
58.6382
58.6235
58.6235
58.6235
58.6065
58.6065
58.6065
58.5871
58.5871
58.5871
58.565
58.565
58.565
58.5391
58.5391
58.5391
58.5075
58.5075
58.5075
58.4684
58.4684
58.4684
58.4216
58.4216
58.4216
58.3737
58.3737
58.3737
58.346
58.346
58.346
58.4007
58.4007
58.4007
58.6833
58.6833
58.6833
59.4435
59.4435
59.4435
59.889
59.889
59.889
58.8335
58.8335
58.7638
58.7638
58.766
58.766
58.7669
58.7669
58.7665
58.7665
58.7645
58.7645
58.7608
58.7608
58.7552
58.7552
58.7476
58.7476
58.7376
58.7376
58.7252
58.7252
58.7101
58.7101
58.6923
58.6923
58.6717
58.6717
58.6477
58.6477
58.619
58.619
58.5837
58.5837
58.54
58.54
58.4875
58.4875
58.4328
58.4328
58.3968
58.3968
58.4412
58.4412
58.7108
58.7108
59.4559
59.4559
59.8909
59.8909
58.3507
58.2755
58.2737
58.2709
58.267
58.2618
58.2552
58.2471
58.2371
58.2252
58.2113
58.196
58.1797
58.1631
58.1468
58.1304
58.1125
58.0914
58.0669
58.046
58.0513
58.1478
58.4854
59.3182
59.8488
58.3507
58.2755
58.2737
58.2709
58.267
58.2618
58.2552
58.2471
58.2371
58.2252
58.2113
58.196
58.1797
58.1631
58.1468
58.1304
58.1125
58.0914
58.0669
58.046
58.0513
58.1478
58.4854
59.3182
59.8488
58.8335
58.8335
58.7638
58.7638
58.766
58.766
58.7669
58.7669
58.7664
58.7664
58.7644
58.7644
58.7608
58.7608
58.7552
58.7552
58.7476
58.7476
58.7376
58.7376
58.7251
58.7251
58.7101
58.7101
58.6923
58.6923
58.6717
58.6717
58.6476
58.6476
58.6189
58.6189
58.5836
58.5836
58.5399
58.5399
58.4874
58.4874
58.4327
58.4327
58.3967
58.3967
58.441
58.441
58.7107
58.7107
59.4557
59.4557
59.8908
59.8908
58.7478
58.7478
58.7478
58.6785
58.6785
58.6785
58.6801
58.6801
58.6801
58.6807
58.6807
58.6807
58.6799
58.6799
58.6799
58.6777
58.6777
58.6777
58.6738
58.6738
58.6738
58.6681
58.6681
58.6681
58.6604
58.6604
58.6604
58.6505
58.6505
58.6505
58.6382
58.6382
58.6382
58.6235
58.6235
58.6235
58.6065
58.6065
58.6065
58.5871
58.5871
58.5871
58.565
58.565
58.565
58.5391
58.5391
58.5391
58.5075
58.5075
58.5075
58.4684
58.4684
58.4684
58.4216
58.4216
58.4216
58.3737
58.3737
58.3737
58.346
58.346
58.346
58.4007
58.4007
58.4007
58.6833
58.6833
58.6833
59.4435
59.4435
59.4435
59.889
59.889
59.889
58.3507
58.2755
58.2737
58.2709
58.267
58.2618
58.2552
58.2471
58.2371
58.2252
58.2113
58.196
58.1796
58.1631
58.1468
58.1304
58.1125
58.0914
58.0669
58.046
58.0513
58.1478
58.4854
59.3182
59.8488
58.8335
58.8335
58.7638
58.7638
58.766
58.766
58.7669
58.7669
58.7665
58.7665
58.7645
58.7645
58.7608
58.7608
58.7552
58.7552
58.7476
58.7476
58.7376
58.7376
58.7252
58.7252
58.7101
58.7101
58.6923
58.6923
58.6717
58.6717
58.6477
58.6477
58.6189
58.6189
58.5837
58.5837
58.54
58.54
58.4875
58.4875
58.4328
58.4328
58.3968
58.3968
58.4411
58.4411
58.7108
58.7108
59.4559
59.4559
59.8909
59.8909
58.8335
58.8335
58.7638
58.7638
58.766
58.766
58.7669
58.7669
58.7664
58.7664
58.7644
58.7644
58.7608
58.7608
58.7552
58.7552
58.7476
58.7476
58.7376
58.7376
58.7251
58.7251
58.7101
58.7101
58.6923
58.6923
58.6717
58.6717
58.6476
58.6476
58.6189
58.6189
58.5836
58.5836
58.5399
58.5399
58.4874
58.4874
58.4327
58.4327
58.3967
58.3967
58.441
58.441
58.7106
58.7106
59.4557
59.4557
59.8908
59.8908
58.3507
58.2755
58.2737
58.2709
58.267
58.2618
58.2552
58.2471
58.2371
58.2252
58.2113
58.196
58.1797
58.1631
58.1468
58.1304
58.1125
58.0914
58.0669
58.046
58.0513
58.1478
58.4854
59.3182
59.8488
)
;
    }
    baffle_master
    {
        type            calculated;
        value           nonuniform List<scalar> 
150
(
36.8257
36.8257
36.8257
36.8257
36.8257
36.8257
36.8258
36.8258
36.8258
36.8258
36.8258
36.8258
36.826
36.826
36.826
36.8261
36.8261
36.8261
36.8262
36.8262
36.8262
36.8263
36.8263
36.8263
36.8264
36.8264
36.8264
36.8264
36.8264
36.8264
36.8263
36.8263
36.8263
36.8263
36.8263
36.8263
36.8262
36.8262
36.8262
36.8261
36.8261
36.8261
36.826
36.826
36.826
36.8258
36.8258
36.8258
36.8257
36.8257
36.8257
36.8256
36.8256
36.8256
36.8256
36.8256
36.8256
36.8255
36.8255
36.8255
36.8255
36.8255
36.8255
36.8256
36.8256
36.8256
36.8257
36.8257
36.8257
36.8259
36.8259
36.8259
36.9051
36.9051
36.9051
36.8257
36.8257
36.8257
36.8257
36.8257
36.8257
36.8258
36.8258
36.8258
36.8258
36.8258
36.8258
36.826
36.826
36.826
36.8261
36.8261
36.8261
36.8262
36.8262
36.8262
36.8263
36.8263
36.8263
36.8264
36.8264
36.8264
36.8264
36.8264
36.8264
36.8263
36.8263
36.8263
36.8263
36.8263
36.8263
36.8262
36.8262
36.8262
36.8261
36.8261
36.8261
36.826
36.826
36.826
36.8258
36.8258
36.8258
36.8257
36.8257
36.8257
36.8256
36.8256
36.8256
36.8256
36.8256
36.8256
36.8255
36.8255
36.8255
36.8255
36.8255
36.8255
36.8256
36.8256
36.8256
36.8257
36.8257
36.8257
36.8259
36.8259
36.8259
36.9051
36.9051
36.9051
)
;
    }
    baffle_slave
    {
        type            calculated;
        value           nonuniform List<scalar> 
150
(
58.2364
58.3507
58.3507
58.1588
58.2755
58.2755
58.1558
58.2737
58.2737
58.1516
58.2709
58.2709
58.1465
58.267
58.267
58.1402
58.2618
58.2618
58.1326
58.2552
58.2552
58.1234
58.2471
58.2471
58.1125
58.2371
58.2371
58.0998
58.2252
58.2252
58.0853
58.2113
58.2113
58.0694
58.196
58.196
58.053
58.1797
58.1797
58.0371
58.1631
58.1631
58.0222
58.1468
58.1468
58.0084
58.1304
58.1304
57.9943
58.1125
58.1125
57.9783
58.0914
58.0914
57.9601
58.0669
58.0669
57.9471
58.046
58.046
57.962
58.0513
58.0513
58.0706
58.1478
58.1478
58.4243
58.4854
58.4854
59.2785
59.3182
59.3182
59.8355
59.8488
59.8488
58.3507
58.2364
58.3507
58.2755
58.1588
58.2755
58.2737
58.1558
58.2737
58.2709
58.1516
58.2709
58.267
58.1465
58.267
58.2618
58.1402
58.2618
58.2552
58.1326
58.2552
58.2471
58.1234
58.2471
58.2371
58.1125
58.2371
58.2252
58.0998
58.2252
58.2113
58.0853
58.2113
58.196
58.0694
58.196
58.1797
58.053
58.1796
58.1631
58.0371
58.1631
58.1468
58.0222
58.1468
58.1304
58.0084
58.1304
58.1125
57.9943
58.1125
58.0914
57.9783
58.0914
58.0669
57.9601
58.0669
58.046
57.9471
58.046
58.0513
57.962
58.0513
58.1478
58.0706
58.1478
58.4854
58.4243
58.4854
59.3182
59.2785
59.3182
59.8488
59.8355
59.8488
)
;
    }
}


// ************************************************************************* //
