/*--------------------------------*- C++ -*----------------------------------*\
| =========                 |                                                 |
| \\      /  F ield         | OpenFOAM: The Open Source CFD Toolbox           |
|  \\    /   O peration     | Version:  2212                                  |
|   \\  /    A nd           | Website:  www.openfoam.com                      |
|    \\/     M anipulation  |                                                 |
\*---------------------------------------------------------------------------*/
FoamFile
{
    version     2.0;
    format      ascii;
    arch        "LSB;label=32;scalar=64";
    class       volScalarField;
    location    "29/fluidRegion";
    object      deltaT;
}
// * * * * * * * * * * * * * * * * * * * * * * * * * * * * * * * * * * * * * //

dimensions      [0 0 0 1 0 0 0];

internalField   nonuniform List<scalar> 
350
(
0
0
0
0
0
0
0
0
0
0
0
0
0
0
0
0
0
0
0
0
0
0
0
0
0
0
0
0
0
0
0
0
0
0
0
0
0
0
0
0
0
0
0
0
0
0
0
0
0
0
11.091
44.1185
76.8488
109.238
141.231
172.777
203.825
234.327
264.23
293.465
321.926
349.438
375.73
400.405
422.934
442.67
458.842
470.476
476.144
473.447
458.113
422.737
355.914
245.572
92.972
11.1246
44.4238
77.4198
110.069
142.318
174.113
205.407
236.152
266.3
295.785
324.507
352.301
378.898
403.895
426.753
446.801
463.248
475.108
480.948
478.364
463.052
427.509
360.112
248.512
94.0109
11.0857
44.0703
76.7583
109.106
141.058
172.564
203.572
234.036
263.9
293.094
321.512
348.979
375.223
399.847
422.326
442.015
458.146
469.749
475.394
472.687
457.358
422.02
355.295
245.144
92.8147
11.116
44.3519
77.2862
109.875
142.064
173.802
205.039
235.728
265.82
295.247
323.91
351.639
378.166
403.09
425.871
445.847
462.231
474.038
479.838
477.228
461.91
426.405
359.139
247.829
93.7705
11.116
44.3519
77.2862
109.875
142.064
173.802
205.039
235.728
265.82
295.247
323.91
351.639
378.166
403.09
425.871
445.847
462.231
474.038
479.838
477.228
461.91
426.405
359.139
247.829
93.7705
11.0857
44.0703
76.7583
109.106
141.058
172.564
203.572
234.035
263.9
293.094
321.512
348.979
375.223
399.847
422.326
442.015
458.146
469.749
475.395
472.687
457.359
422.02
355.296
245.145
92.8148
11.1246
44.4238
77.4198
110.069
142.318
174.113
205.407
236.152
266.3
295.785
324.507
352.301
378.898
403.895
426.753
446.801
463.248
475.108
480.948
478.364
463.052
427.509
360.112
248.512
94.0109
11.091
44.1185
76.8489
109.238
141.231
172.777
203.825
234.327
264.23
293.466
321.926
349.438
375.73
400.405
422.934
442.67
458.842
470.476
476.144
473.447
458.113
422.737
355.914
245.572
92.972
11.116
44.3519
77.2862
109.875
142.064
173.802
205.039
235.728
265.82
295.247
323.91
351.639
378.166
403.09
425.871
445.847
462.231
474.038
479.838
477.228
461.91
426.405
359.139
247.829
93.7705
11.0857
44.0703
76.7583
109.106
141.058
172.564
203.572
234.035
263.9
293.094
321.512
348.979
375.223
399.847
422.326
442.015
458.146
469.749
475.394
472.687
457.358
422.02
355.295
245.144
92.8147
11.0857
44.0703
76.7583
109.106
141.058
172.564
203.572
234.035
263.9
293.094
321.512
348.979
375.223
399.847
422.326
442.015
458.146
469.749
475.395
472.688
457.359
422.02
355.296
245.145
92.8148
11.116
44.3519
77.2862
109.875
142.064
173.802
205.039
235.728
265.82
295.247
323.91
351.639
378.166
403.09
425.871
445.847
462.231
474.038
479.838
477.228
461.91
426.405
359.139
247.829
93.7705
)
;

boundaryField
{
    outletCentralUnloaded
    {
        type            calculated;
        value           uniform 0;
    }
    inletCentralUnloaded
    {
        type            calculated;
        value           uniform 0;
    }
    outletFuelElement
    {
        type            calculated;
        value           uniform 0;
    }
    inletFuelElement
    {
        type            calculated;
        value           uniform 616.7;
    }
    defaultFaces
    {
        type            calculated;
        value           nonuniform List<scalar> 
450
(
0
0
0
0
0
0
0
0
0
0
0
0
0
0
0
0
0
0
0
0
0
0
0
0
0
0
0
0
0
0
0
0
0
0
0
0
0
0
0
0
0
0
0
0
0
1.23822
1.23822
1.23822
104.366
104.366
104.366
201.893
201.893
201.893
292.154
292.154
292.154
373.734
373.734
373.734
445.386
445.386
445.386
505.929
505.929
505.929
554.165
554.165
554.165
588.985
588.985
588.985
609.773
609.773
609.773
0
0
0
0
0
0
0
0
0
0
0
0
0
0
0
0
0
0
0
0
0
0
0
0
0
0
0
0
0
0
2.90679
2.90679
105.725
105.725
202.964
202.964
292.963
292.963
374.316
374.316
445.777
445.777
506.168
506.168
554.291
554.291
589.037
589.037
609.785
609.785
0
0
0
0
0
0
0
0
0
0
0
0
0
0
0
0
97.439
196.404
287.974
370.707
443.334
504.667
553.499
588.717
609.716
0
0
0
0
0
0
0
0
0
0
0
0
0
0
0
0
97.439
196.404
287.974
370.707
443.334
504.667
553.499
588.717
609.716
0
0
0
0
0
0
0
0
0
0
0
0
0
0
0
0
0
0
0
0
0
0
0
0
0
0
0
0
0
0
2.90583
2.90583
105.724
105.724
202.963
202.963
292.962
292.962
374.316
374.316
445.776
445.776
506.168
506.168
554.291
554.291
589.037
589.037
609.785
609.785
0
0
0
0
0
0
0
0
0
0
0
0
0
0
0
0
0
0
0
0
0
0
0
0
0
0
0
0
0
0
0
0
0
0
0
0
0
0
0
0
0
0
0
0
0
1.23832
1.23832
1.23832
104.366
104.366
104.366
201.893
201.893
201.893
292.154
292.154
292.154
373.734
373.734
373.734
445.386
445.386
445.386
505.929
505.929
505.929
554.165
554.165
554.165
588.985
588.985
588.985
609.773
609.773
609.773
0
0
0
0
0
0
0
0
0
0
0
0
0
0
0
0
97.4389
196.404
287.974
370.707
443.333
504.667
553.499
588.717
609.716
0
0
0
0
0
0
0
0
0
0
0
0
0
0
0
0
0
0
0
0
0
0
0
0
0
0
0
0
0
0
2.90659
2.90659
105.725
105.725
202.963
202.963
292.963
292.963
374.316
374.316
445.776
445.776
506.168
506.168
554.291
554.291
589.037
589.037
609.785
609.785
0
0
0
0
0
0
0
0
0
0
0
0
0
0
0
0
0
0
0
0
0
0
0
0
0
0
0
0
0
0
2.90593
2.90593
105.725
105.725
202.963
202.963
292.963
292.963
374.316
374.316
445.776
445.776
506.168
506.168
554.291
554.291
589.037
589.037
609.785
609.785
0
0
0
0
0
0
0
0
0
0
0
0
0
0
0
0
97.439
196.404
287.975
370.707
443.334
504.667
553.499
588.717
609.716
)
;
    }
    baffle_master
    {
        type            calculated;
        value           uniform 0;
    }
    baffle_slave
    {
        type            calculated;
        value           nonuniform List<scalar> 
150
(
0
0
0
0
0
0
0
0
0
0
0
0
0
0
0
0
0
0
0
0
0
0
0
0
0
0
0
0
0
0
0
0
0
0
0
0
0
0
0
0
0
0
0
0
0
0
0
0
95.3578
97.439
97.439
194.753
196.404
196.404
286.716
287.974
287.975
369.794
370.707
370.707
442.714
443.334
443.334
504.286
504.667
504.667
553.298
553.499
553.499
588.636
588.717
588.717
609.698
609.716
609.716
0
0
0
0
0
0
0
0
0
0
0
0
0
0
0
0
0
0
0
0
0
0
0
0
0
0
0
0
0
0
0
0
0
0
0
0
0
0
0
0
0
0
0
0
0
0
0
0
97.439
95.3578
97.4389
196.404
194.753
196.404
287.974
286.716
287.974
370.707
369.794
370.707
443.334
442.714
443.333
504.667
504.286
504.667
553.499
553.298
553.499
588.717
588.636
588.717
609.716
609.698
609.716
)
;
    }
}


// ************************************************************************* //
