/*--------------------------------*- C++ -*----------------------------------*\
| =========                 |                                                 |
| \\      /  F ield         | OpenFOAM: The Open Source CFD Toolbox           |
|  \\    /   O peration     | Version:  2212                                  |
|   \\  /    A nd           | Website:  www.openfoam.com                      |
|    \\/     M anipulation  |                                                 |
\*---------------------------------------------------------------------------*/
FoamFile
{
    version     2.0;
    format      ascii;
    arch        "LSB;label=32;scalar=64";
    class       volScalarField;
    location    "29/fluidRegion";
    object      dgdt;
}
// * * * * * * * * * * * * * * * * * * * * * * * * * * * * * * * * * * * * * //

dimensions      [0 0 -1 0 0 0 0];

internalField   nonuniform List<scalar> 
350
(
0.00532402
0.0053045
0.00529497
0.00529549
0.00530361
0.00531296
0.00531725
0.00531336
0.00530233
0.00528826
0.0052761
0.00526951
0.00526978
0.0052759
0.00528539
0.00529546
0.00530386
0.00530922
0.00531107
0.00530969
0.00530597
0.00530115
0.00527313
0.00521247
0.00260213
0.00532402
0.00530451
0.00529497
0.00529549
0.00530361
0.00531295
0.00531725
0.00531336
0.00530233
0.00528826
0.0052761
0.00526951
0.00526978
0.0052759
0.00528539
0.00529546
0.00530386
0.00530922
0.00531107
0.00530969
0.00530597
0.00530115
0.00527313
0.00521247
0.00260213
36.6031
45.7077
59.662
72.5563
84.3306
94.9378
104.34
112.502
119.384
124.931
129.055
131.635
132.512
131.523
128.548
123.572
116.718
108.223
98.3694
87.3739
75.3272
62.1706
47.7777
32.1928
20.3987
36.6232
45.5991
59.683
72.6993
84.5884
95.3027
104.805
113.06
120.033
125.669
129.885
132.561
133.534
132.632
129.721
124.771
117.897
109.34
99.3913
88.2813
76.1097
62.8193
48.2785
32.5268
20.6015
36.5872
45.7013
59.6356
72.5109
84.2676
94.8584
104.245
112.393
119.262
124.795
128.906
131.472
132.335
131.334
128.351
123.373
116.523
108.04
98.2027
87.2263
75.2002
62.0656
47.6968
32.1388
20.3658
36.6282
45.642
59.6953
72.683
84.545
95.2339
104.712
112.946
119.897
125.511
129.706
132.358
133.308
132.385
129.458
124.501
117.63
109.086
99.1587
88.0744
75.931
62.6709
48.1639
32.4503
20.555
36.6282
45.642
59.6953
72.683
84.545
95.2339
104.712
112.946
119.897
125.511
129.706
132.358
133.308
132.385
129.458
124.501
117.63
109.086
99.1587
88.0744
75.931
62.6709
48.1639
32.4503
20.555
36.5872
45.7013
59.6356
72.5109
84.2676
94.8584
104.245
112.393
119.262
124.795
128.906
131.472
132.335
131.334
128.351
123.373
116.523
108.04
98.2027
87.2263
75.2002
62.0656
47.6968
32.1387
20.3658
36.6232
45.5991
59.683
72.6993
84.5884
95.3027
104.805
113.06
120.033
125.669
129.885
132.561
133.534
132.632
129.721
124.771
117.897
109.34
99.3913
88.2813
76.1097
62.8193
48.2785
32.5268
20.6015
36.6031
45.7077
59.662
72.5563
84.3306
94.9378
104.34
112.502
119.384
124.931
129.055
131.635
132.512
131.523
128.548
123.572
116.718
108.223
98.3693
87.3739
75.3272
62.1706
47.7777
32.1928
20.3987
36.6282
45.642
59.6953
72.683
84.545
95.2339
104.712
112.946
119.897
125.511
129.706
132.358
133.308
132.385
129.458
124.501
117.63
109.086
99.1587
88.0744
75.931
62.6709
48.1639
32.4503
20.5551
36.5872
45.7013
59.6355
72.5109
84.2676
94.8583
104.245
112.393
119.262
124.795
128.906
131.472
132.335
131.334
128.351
123.373
116.523
108.04
98.2027
87.2263
75.2002
62.0656
47.6968
32.1388
20.3658
36.5872
45.7013
59.6356
72.5109
84.2676
94.8584
104.245
112.393
119.262
124.795
128.906
131.472
132.335
131.334
128.351
123.373
116.523
108.04
98.2027
87.2263
75.2002
62.0656
47.6968
32.1387
20.3658
36.6282
45.642
59.6953
72.683
84.545
95.2339
104.712
112.946
119.897
125.511
129.706
132.358
133.308
132.385
129.458
124.501
117.63
109.086
99.1587
88.0744
75.931
62.6709
48.1639
32.4503
20.555
)
;

boundaryField
{
    outletCentralUnloaded
    {
        type            calculated;
        value           nonuniform List<scalar> 2(0.00532402 0.00532402);
    }
    inletCentralUnloaded
    {
        type            calculated;
        value           nonuniform List<scalar> 2(0.00260213 0.00260213);
    }
    outletFuelElement
    {
        type            calculated;
        value           nonuniform List<scalar> 
12
(
36.6031
36.6232
36.5872
36.6282
36.6282
36.5872
36.6232
36.6031
36.6282
36.5872
36.5872
36.6282
)
;
    }
    inletFuelElement
    {
        type            calculated;
        value           nonuniform List<scalar> 
12
(
20.3987
20.6015
20.3658
20.555
20.555
20.3658
20.6015
20.3987
20.5551
20.3658
20.3658
20.555
)
;
    }
    defaultFaces
    {
        type            calculated;
        value           nonuniform List<scalar> 
450
(
36.6031
36.6031
36.6031
45.7077
45.7077
45.7077
59.662
59.662
59.662
72.5563
72.5563
72.5563
84.3306
84.3306
84.3306
94.9378
94.9378
94.9378
104.34
104.34
104.34
112.502
112.502
112.502
119.384
119.384
119.384
124.931
124.931
124.931
129.055
129.055
129.055
131.635
131.635
131.635
132.512
132.512
132.512
131.523
131.523
131.523
128.548
128.548
128.548
123.572
123.572
123.572
116.718
116.718
116.718
108.223
108.223
108.223
98.3694
98.3694
98.3694
87.3739
87.3739
87.3739
75.3272
75.3272
75.3272
62.1706
62.1706
62.1706
47.7777
47.7777
47.7777
32.1928
32.1928
32.1928
20.3987
20.3987
20.3987
36.5872
36.5872
45.7013
45.7013
59.6356
59.6356
72.5109
72.5109
84.2676
84.2676
94.8584
94.8584
104.245
104.245
112.393
112.393
119.262
119.262
124.795
124.795
128.906
128.906
131.472
131.472
132.335
132.335
131.334
131.334
128.351
128.351
123.373
123.373
116.523
116.523
108.04
108.04
98.2027
98.2027
87.2263
87.2263
75.2002
75.2002
62.0656
62.0656
47.6968
47.6968
32.1388
32.1388
20.3658
20.3658
36.6282
45.642
59.6953
72.683
84.545
95.2339
104.712
112.946
119.897
125.511
129.706
132.358
133.308
132.385
129.458
124.501
117.63
109.086
99.1587
88.0744
75.931
62.6709
48.1639
32.4503
20.555
36.6282
45.642
59.6953
72.683
84.545
95.2339
104.712
112.946
119.897
125.511
129.706
132.358
133.308
132.385
129.458
124.501
117.63
109.086
99.1587
88.0744
75.931
62.6709
48.1639
32.4503
20.555
36.5872
36.5872
45.7013
45.7013
59.6356
59.6356
72.5109
72.5109
84.2676
84.2676
94.8584
94.8584
104.245
104.245
112.393
112.393
119.262
119.262
124.795
124.795
128.906
128.906
131.472
131.472
132.335
132.335
131.334
131.334
128.351
128.351
123.373
123.373
116.523
116.523
108.04
108.04
98.2027
98.2027
87.2263
87.2263
75.2002
75.2002
62.0656
62.0656
47.6968
47.6968
32.1387
32.1387
20.3658
20.3658
36.6031
36.6031
36.6031
45.7077
45.7077
45.7077
59.662
59.662
59.662
72.5563
72.5563
72.5563
84.3306
84.3306
84.3306
94.9378
94.9378
94.9378
104.34
104.34
104.34
112.502
112.502
112.502
119.384
119.384
119.384
124.931
124.931
124.931
129.055
129.055
129.055
131.635
131.635
131.635
132.512
132.512
132.512
131.523
131.523
131.523
128.548
128.548
128.548
123.572
123.572
123.572
116.718
116.718
116.718
108.223
108.223
108.223
98.3693
98.3693
98.3693
87.3739
87.3739
87.3739
75.3272
75.3272
75.3272
62.1706
62.1706
62.1706
47.7777
47.7777
47.7777
32.1928
32.1928
32.1928
20.3987
20.3987
20.3987
36.6282
45.642
59.6953
72.683
84.545
95.2339
104.712
112.946
119.897
125.511
129.706
132.358
133.308
132.385
129.458
124.501
117.63
109.086
99.1587
88.0744
75.931
62.6709
48.1639
32.4503
20.5551
36.5872
36.5872
45.7013
45.7013
59.6355
59.6355
72.5109
72.5109
84.2676
84.2676
94.8583
94.8583
104.245
104.245
112.393
112.393
119.262
119.262
124.795
124.795
128.906
128.906
131.472
131.472
132.335
132.335
131.334
131.334
128.351
128.351
123.373
123.373
116.523
116.523
108.04
108.04
98.2027
98.2027
87.2263
87.2263
75.2002
75.2002
62.0656
62.0656
47.6968
47.6968
32.1388
32.1388
20.3658
20.3658
36.5872
36.5872
45.7013
45.7013
59.6356
59.6356
72.5109
72.5109
84.2676
84.2676
94.8584
94.8584
104.245
104.245
112.393
112.393
119.262
119.262
124.795
124.795
128.906
128.906
131.472
131.472
132.335
132.335
131.334
131.334
128.351
128.351
123.373
123.373
116.523
116.523
108.04
108.04
98.2027
98.2027
87.2263
87.2263
75.2002
75.2002
62.0656
62.0656
47.6968
47.6968
32.1387
32.1387
20.3658
20.3658
36.6282
45.642
59.6953
72.683
84.545
95.2339
104.712
112.946
119.897
125.511
129.706
132.358
133.308
132.385
129.458
124.501
117.63
109.086
99.1587
88.0744
75.931
62.6709
48.1639
32.4503
20.555
)
;
    }
    baffle_master
    {
        type            calculated;
        value           nonuniform List<scalar> 
150
(
0.00532402
0.00532402
0.00532402
0.0053045
0.0053045
0.0053045
0.00529497
0.00529497
0.00529497
0.00529549
0.00529549
0.00529549
0.00530361
0.00530361
0.00530361
0.00531296
0.00531296
0.00531296
0.00531725
0.00531725
0.00531725
0.00531336
0.00531336
0.00531336
0.00530233
0.00530233
0.00530233
0.00528826
0.00528826
0.00528826
0.0052761
0.0052761
0.0052761
0.00526951
0.00526951
0.00526951
0.00526978
0.00526978
0.00526978
0.0052759
0.0052759
0.0052759
0.00528539
0.00528539
0.00528539
0.00529546
0.00529546
0.00529546
0.00530386
0.00530386
0.00530386
0.00530922
0.00530922
0.00530922
0.00531107
0.00531107
0.00531107
0.00530969
0.00530969
0.00530969
0.00530597
0.00530597
0.00530597
0.00530115
0.00530115
0.00530115
0.00527313
0.00527313
0.00527313
0.00521247
0.00521247
0.00521247
0.00260213
0.00260213
0.00260213
0.00532402
0.00532402
0.00532402
0.00530451
0.00530451
0.00530451
0.00529497
0.00529497
0.00529497
0.00529549
0.00529549
0.00529549
0.00530361
0.00530361
0.00530361
0.00531295
0.00531295
0.00531295
0.00531725
0.00531725
0.00531725
0.00531336
0.00531336
0.00531336
0.00530233
0.00530233
0.00530233
0.00528826
0.00528826
0.00528826
0.0052761
0.0052761
0.0052761
0.00526951
0.00526951
0.00526951
0.00526978
0.00526978
0.00526978
0.0052759
0.0052759
0.0052759
0.00528539
0.00528539
0.00528539
0.00529546
0.00529546
0.00529546
0.00530386
0.00530386
0.00530386
0.00530922
0.00530922
0.00530922
0.00531107
0.00531107
0.00531107
0.00530969
0.00530969
0.00530969
0.00530597
0.00530597
0.00530597
0.00530115
0.00530115
0.00530115
0.00527313
0.00527313
0.00527313
0.00521247
0.00521247
0.00521247
0.00260213
0.00260213
0.00260213
)
;
    }
    baffle_slave
    {
        type            calculated;
        value           nonuniform List<scalar> 
150
(
36.6232
36.6282
36.6282
45.5991
45.642
45.642
59.683
59.6953
59.6953
72.6993
72.683
72.683
84.5884
84.545
84.545
95.3027
95.2339
95.2339
104.805
104.712
104.712
113.06
112.946
112.946
120.033
119.897
119.897
125.669
125.511
125.511
129.885
129.706
129.706
132.561
132.358
132.358
133.534
133.308
133.308
132.632
132.385
132.385
129.721
129.458
129.458
124.771
124.501
124.501
117.897
117.63
117.63
109.34
109.086
109.086
99.3913
99.1587
99.1587
88.2813
88.0744
88.0744
76.1097
75.931
75.931
62.8193
62.6709
62.6709
48.2785
48.1639
48.1639
32.5268
32.4503
32.4503
20.6015
20.555
20.555
36.6282
36.6232
36.6282
45.642
45.5991
45.642
59.6953
59.683
59.6953
72.683
72.6993
72.683
84.545
84.5884
84.545
95.2339
95.3027
95.2339
104.712
104.805
104.712
112.946
113.06
112.946
119.897
120.033
119.897
125.511
125.669
125.511
129.706
129.885
129.706
132.358
132.561
132.358
133.308
133.534
133.308
132.385
132.632
132.385
129.458
129.721
129.458
124.501
124.771
124.501
117.63
117.897
117.63
109.086
109.34
109.086
99.1587
99.3913
99.1587
88.0744
88.2813
88.0744
75.931
76.1097
75.931
62.6709
62.8193
62.6709
48.1639
48.2785
48.1639
32.4503
32.5268
32.4503
20.555
20.6015
20.5551
)
;
    }
}


// ************************************************************************* //
