/*--------------------------------*- C++ -*----------------------------------*\
| =========                 |                                                 |
| \\      /  F ield         | OpenFOAM: The Open Source CFD Toolbox           |
|  \\    /   O peration     | Version:  2212                                  |
|   \\  /    A nd           | Website:  www.openfoam.com                      |
|    \\/     M anipulation  |                                                 |
\*---------------------------------------------------------------------------*/
FoamFile
{
    version     2.0;
    format      ascii;
    arch        "LSB;label=32;scalar=64";
    class       volScalarField;
    location    "29/fluidRegion";
    object      hdeltaT;
}
// * * * * * * * * * * * * * * * * * * * * * * * * * * * * * * * * * * * * * //

dimensions      [1 0 -3 0 0 0 0];

internalField   nonuniform List<scalar> 
350
(
0
0
0
0
0
0
0
0
0
0
0
0
0
0
0
0
0
0
0
0
0
0
0
0
0
0
0
0
0
0
0
0
0
0
0
0
0
0
0
0
0
0
0
0
0
0
0
0
0
0
294851
1.16994e+06
2.02515e+06
2.847e+06
3.62254e+06
4.33955e+06
4.98675e+06
5.55393e+06
6.03219e+06
6.414e+06
6.69338e+06
6.86596e+06
6.92903e+06
6.88163e+06
6.72451e+06
6.46014e+06
6.09267e+06
5.62785e+06
5.073e+06
4.43704e+06
3.73028e+06
2.96475e+06
2.15411e+06
1.31357e+06
456910
296694
1.18182e+06
2.04684e+06
2.87813e+06
3.66259e+06
4.38786e+06
5.04251e+06
5.61624e+06
6.10004e+06
6.48629e+06
6.76893e+06
6.94355e+06
7.00741e+06
6.95955e+06
6.80071e+06
6.5334e+06
6.16181e+06
5.69176e+06
5.13064e+06
4.48747e+06
3.77266e+06
2.99837e+06
2.17844e+06
1.32828e+06
461840
294560
1.16805e+06
2.0217e+06
2.84204e+06
3.61616e+06
4.33186e+06
4.97786e+06
5.544e+06
6.02137e+06
6.40248e+06
6.68134e+06
6.85359e+06
6.91653e+06
6.8692e+06
6.71236e+06
6.44846e+06
6.08164e+06
5.61766e+06
5.06381e+06
4.429e+06
3.72352e+06
2.95938e+06
2.15023e+06
1.31122e+06
456124
296253
1.17907e+06
2.04184e+06
2.87096e+06
3.65336e+06
4.37673e+06
5.02967e+06
5.60189e+06
6.08442e+06
6.46965e+06
6.75154e+06
6.92569e+06
6.98937e+06
6.94161e+06
6.78317e+06
6.51654e+06
6.1459e+06
5.67705e+06
5.11737e+06
4.47586e+06
3.7629e+06
2.99063e+06
2.17284e+06
1.3249e+06
460705
296253
1.17907e+06
2.04184e+06
2.87096e+06
3.65336e+06
4.37673e+06
5.02967e+06
5.60189e+06
6.08442e+06
6.46965e+06
6.75154e+06
6.92569e+06
6.98937e+06
6.94161e+06
6.78317e+06
6.51654e+06
6.1459e+06
5.67705e+06
5.11737e+06
4.47586e+06
3.7629e+06
2.99063e+06
2.17284e+06
1.3249e+06
460705
294560
1.16805e+06
2.0217e+06
2.84204e+06
3.61616e+06
4.33185e+06
4.97786e+06
5.544e+06
6.02137e+06
6.40248e+06
6.68134e+06
6.85359e+06
6.91653e+06
6.8692e+06
6.71236e+06
6.44846e+06
6.08164e+06
5.61766e+06
5.06381e+06
4.429e+06
3.72352e+06
2.95938e+06
2.15023e+06
1.31122e+06
456124
296694
1.18182e+06
2.04684e+06
2.87813e+06
3.66259e+06
4.38786e+06
5.04251e+06
5.61624e+06
6.10004e+06
6.48629e+06
6.76893e+06
6.94355e+06
7.00741e+06
6.95954e+06
6.80071e+06
6.5334e+06
6.16181e+06
5.69176e+06
5.13064e+06
4.48747e+06
3.77266e+06
2.99837e+06
2.17844e+06
1.32828e+06
461840
294851
1.16994e+06
2.02515e+06
2.847e+06
3.62254e+06
4.33955e+06
4.98675e+06
5.55393e+06
6.03219e+06
6.414e+06
6.69338e+06
6.86596e+06
6.92903e+06
6.88163e+06
6.72451e+06
6.46014e+06
6.09267e+06
5.62785e+06
5.073e+06
4.43704e+06
3.73028e+06
2.96475e+06
2.15411e+06
1.31357e+06
456910
296253
1.17907e+06
2.04184e+06
2.87096e+06
3.65336e+06
4.37673e+06
5.02967e+06
5.60189e+06
6.08442e+06
6.46965e+06
6.75154e+06
6.92569e+06
6.98937e+06
6.94161e+06
6.78317e+06
6.51654e+06
6.1459e+06
5.67705e+06
5.11737e+06
4.47586e+06
3.7629e+06
2.99063e+06
2.17284e+06
1.3249e+06
460705
294560
1.16805e+06
2.0217e+06
2.84204e+06
3.61616e+06
4.33185e+06
4.97786e+06
5.544e+06
6.02137e+06
6.40248e+06
6.68134e+06
6.85359e+06
6.91653e+06
6.8692e+06
6.71236e+06
6.44846e+06
6.08164e+06
5.61766e+06
5.06381e+06
4.429e+06
3.72352e+06
2.95938e+06
2.15023e+06
1.31122e+06
456124
294560
1.16805e+06
2.0217e+06
2.84204e+06
3.61616e+06
4.33186e+06
4.97786e+06
5.544e+06
6.02137e+06
6.40248e+06
6.68134e+06
6.85359e+06
6.91653e+06
6.8692e+06
6.71236e+06
6.44846e+06
6.08164e+06
5.61766e+06
5.06381e+06
4.429e+06
3.72352e+06
2.95938e+06
2.15023e+06
1.31122e+06
456124
296253
1.17907e+06
2.04184e+06
2.87096e+06
3.65336e+06
4.37673e+06
5.02967e+06
5.60189e+06
6.08442e+06
6.46965e+06
6.75154e+06
6.92569e+06
6.98937e+06
6.94161e+06
6.78317e+06
6.51654e+06
6.1459e+06
5.67705e+06
5.11737e+06
4.47586e+06
3.7629e+06
2.99063e+06
2.17284e+06
1.3249e+06
460705
)
;

boundaryField
{
    outletCentralUnloaded
    {
        type            calculated;
        value           uniform 0;
    }
    inletCentralUnloaded
    {
        type            calculated;
        value           uniform 0;
    }
    outletFuelElement
    {
        type            calculated;
        value           uniform 0;
    }
    inletFuelElement
    {
        type            calculated;
        value           nonuniform List<scalar> 
12
(
3.03077e+06
3.02961e+06
3.03068e+06
3.02992e+06
3.02992e+06
3.03068e+06
3.02961e+06
3.03077e+06
3.02992e+06
3.03068e+06
3.03068e+06
3.02992e+06
)
;
    }
    defaultFaces
    {
        type            calculated;
        value           nonuniform List<scalar> 
450
(
0
0
0
0
0
0
0
0
0
0
0
0
0
0
0
0
0
0
0
0
0
0
0
0
0
0
0
0
0
0
0
0
0
0
0
0
0
0
0
0
0
0
0
0
0
18070.1
18070.1
18070.1
1.3858e+06
1.3858e+06
1.3858e+06
2.41505e+06
2.41505e+06
2.41505e+06
3.1127e+06
3.1127e+06
3.1127e+06
3.50255e+06
3.50255e+06
3.50255e+06
3.62665e+06
3.62665e+06
3.62665e+06
3.5482e+06
3.5482e+06
3.5482e+06
3.354e+06
3.354e+06
3.354e+06
3.1505e+06
3.1505e+06
3.1505e+06
2.99672e+06
2.99672e+06
2.99672e+06
0
0
0
0
0
0
0
0
0
0
0
0
0
0
0
0
0
0
0
0
0
0
0
0
0
0
0
0
0
0
42406.5
42406.5
1.40345e+06
1.40345e+06
2.42721e+06
2.42721e+06
3.12058e+06
3.12058e+06
3.50728e+06
3.50728e+06
3.62923e+06
3.62923e+06
3.54947e+06
3.54947e+06
3.35454e+06
3.35454e+06
3.15062e+06
3.15062e+06
2.9967e+06
2.9967e+06
0
0
0
0
0
0
0
0
0
0
0
0
0
0
0
0
1.29557e+06
2.35212e+06
3.07119e+06
3.47681e+06
3.61157e+06
3.53953e+06
3.34875e+06
3.14728e+06
2.9956e+06
0
0
0
0
0
0
0
0
0
0
0
0
0
0
0
0
1.29557e+06
2.35212e+06
3.07119e+06
3.47681e+06
3.61157e+06
3.53953e+06
3.34875e+06
3.14728e+06
2.9956e+06
0
0
0
0
0
0
0
0
0
0
0
0
0
0
0
0
0
0
0
0
0
0
0
0
0
0
0
0
0
0
42392.6
42392.6
1.40343e+06
1.40343e+06
2.4272e+06
2.4272e+06
3.12058e+06
3.12058e+06
3.50727e+06
3.50727e+06
3.62923e+06
3.62923e+06
3.54946e+06
3.54946e+06
3.35453e+06
3.35453e+06
3.15061e+06
3.15061e+06
2.99669e+06
2.99669e+06
0
0
0
0
0
0
0
0
0
0
0
0
0
0
0
0
0
0
0
0
0
0
0
0
0
0
0
0
0
0
0
0
0
0
0
0
0
0
0
0
0
0
0
0
0
18071.6
18071.6
18071.6
1.38581e+06
1.38581e+06
1.38581e+06
2.41505e+06
2.41505e+06
2.41505e+06
3.11271e+06
3.11271e+06
3.11271e+06
3.50255e+06
3.50255e+06
3.50255e+06
3.62665e+06
3.62665e+06
3.62665e+06
3.5482e+06
3.5482e+06
3.5482e+06
3.354e+06
3.354e+06
3.354e+06
3.1505e+06
3.1505e+06
3.1505e+06
2.99672e+06
2.99672e+06
2.99672e+06
0
0
0
0
0
0
0
0
0
0
0
0
0
0
0
0
1.29556e+06
2.35212e+06
3.07119e+06
3.47681e+06
3.61157e+06
3.53953e+06
3.34875e+06
3.14728e+06
2.9956e+06
0
0
0
0
0
0
0
0
0
0
0
0
0
0
0
0
0
0
0
0
0
0
0
0
0
0
0
0
0
0
42403.7
42403.7
1.40344e+06
1.40344e+06
2.42721e+06
2.42721e+06
3.12058e+06
3.12058e+06
3.50728e+06
3.50728e+06
3.62923e+06
3.62923e+06
3.54947e+06
3.54947e+06
3.35454e+06
3.35454e+06
3.15062e+06
3.15062e+06
2.9967e+06
2.9967e+06
0
0
0
0
0
0
0
0
0
0
0
0
0
0
0
0
0
0
0
0
0
0
0
0
0
0
0
0
0
0
42393.9
42393.9
1.40344e+06
1.40344e+06
2.4272e+06
2.4272e+06
3.12058e+06
3.12058e+06
3.50728e+06
3.50728e+06
3.62923e+06
3.62923e+06
3.54946e+06
3.54946e+06
3.35453e+06
3.35453e+06
3.15061e+06
3.15061e+06
2.99669e+06
2.99669e+06
0
0
0
0
0
0
0
0
0
0
0
0
0
0
0
0
1.29557e+06
2.35212e+06
3.07119e+06
3.47681e+06
3.61157e+06
3.53953e+06
3.34875e+06
3.14728e+06
2.9956e+06
)
;
    }
    baffle_master
    {
        type            calculated;
        value           uniform 0;
    }
    baffle_slave
    {
        type            calculated;
        value           nonuniform List<scalar> 
150
(
0
0
0
0
0
0
0
0
0
0
0
0
0
0
0
0
0
0
0
0
0
0
0
0
0
0
0
0
0
0
0
0
0
0
0
0
0
0
0
0
0
0
0
0
0
0
0
0
1.26839e+06
1.29557e+06
1.29557e+06
2.33313e+06
2.35212e+06
2.35212e+06
3.05862e+06
3.07119e+06
3.07119e+06
3.46898e+06
3.47681e+06
3.47681e+06
3.60696e+06
3.61157e+06
3.61157e+06
3.53685e+06
3.53953e+06
3.53953e+06
3.34709e+06
3.34875e+06
3.34875e+06
3.14623e+06
3.14728e+06
3.14728e+06
2.99522e+06
2.9956e+06
2.9956e+06
0
0
0
0
0
0
0
0
0
0
0
0
0
0
0
0
0
0
0
0
0
0
0
0
0
0
0
0
0
0
0
0
0
0
0
0
0
0
0
0
0
0
0
0
0
0
0
0
1.29557e+06
1.26839e+06
1.29556e+06
2.35212e+06
2.33313e+06
2.35212e+06
3.07119e+06
3.05862e+06
3.07119e+06
3.47681e+06
3.46898e+06
3.47681e+06
3.61157e+06
3.60696e+06
3.61157e+06
3.53953e+06
3.53685e+06
3.53953e+06
3.34875e+06
3.34709e+06
3.34875e+06
3.14728e+06
3.14623e+06
3.14728e+06
2.9956e+06
2.99522e+06
2.9956e+06
)
;
    }
}


// ************************************************************************* //
