/*--------------------------------*- C++ -*----------------------------------*\
| =========                 |                                                 |
| \\      /  F ield         | OpenFOAM: The Open Source CFD Toolbox           |
|  \\    /   O peration     | Version:  2212                                  |
|   \\  /    A nd           | Website:  www.openfoam.com                      |
|    \\/     M anipulation  |                                                 |
\*---------------------------------------------------------------------------*/
FoamFile
{
    version     2.0;
    format      ascii;
    arch        "LSB;label=32;scalar=64";
    class       volScalarField;
    location    "29/fluidRegion";
    object      htc;
}
// * * * * * * * * * * * * * * * * * * * * * * * * * * * * * * * * * * * * * //

dimensions      [1 0 -3 -1 0 0 0];

internalField   nonuniform List<scalar> 
350
(
3100.98
3100.99
3101.02
3101.04
3101.07
3101.1
3101.12
3101.15
3101.17
3101.19
3101.21
3101.23
3101.24
3101.25
3101.25
3101.25
3101.25
3101.26
3101.26
3101.27
3101.29
3101.31
3101.34
3101.37
3106.73
3100.98
3100.99
3101.02
3101.04
3101.07
3101.1
3101.12
3101.15
3101.17
3101.19
3101.21
3101.23
3101.24
3101.25
3101.25
3101.25
3101.25
3101.26
3101.26
3101.27
3101.29
3101.31
3101.34
3101.37
3106.73
26584.7
26518.2
26352.4
26062.5
25649.8
25116.6
24465.9
23701.6
22829.3
21856.1
20791.7
19648.6
18441.5
17186.7
15899.7
14593.6
13278.4
11962
10654.3
9371.77
8142.72
7013.22
6052.34
5349.02
4914.49
26670
26603.3
26438.3
26148.4
25735.3
25201.2
24548.9
23782.3
22906.7
21929.1
20859.1
19709.1
18494.2
17231.1
15935.9
14622.6
13301.3
11979.9
10667.8
9380.86
8147.37
7013.57
6049.35
5344.95
4912.62
26571.2
26504.2
26338.5
26048.5
25636
25102.9
24452.5
23688.7
22816.9
21844.4
20781
19639
18433.1
17179.6
15893.8
14588.8
13274.5
11958.9
10651.8
9369.83
8141.37
7012.43
6051.95
5348.77
4914.35
26651.1
26584.4
26419.2
26129.3
25716.2
25182.3
24530.3
23764.2
22889.3
21912.6
20843.9
19695.4
18482.3
17221
15927.7
14616.1
13296.2
11975.9
10664.8
9378.87
8146.4
7013.59
6050.14
5346
4913.12
26651.1
26584.4
26419.2
26129.3
25716.2
25182.3
24530.3
23764.2
22889.3
21912.6
20843.9
19695.4
18482.3
17221
15927.7
14616.1
13296.2
11975.9
10664.8
9378.87
8146.4
7013.59
6050.14
5346
4913.12
26571.2
26504.3
26338.5
26048.6
25636
25103
24452.5
23688.7
22816.9
21844.4
20781
19639
18433.1
17179.6
15893.8
14588.8
13274.5
11958.9
10651.8
9369.83
8141.37
7012.42
6051.94
5348.76
4914.35
26670
26603.3
26438.3
26148.4
25735.3
25201.2
24548.9
23782.3
22906.7
21929.1
20859.1
19709.1
18494.2
17231.1
15935.9
14622.6
13301.3
11979.9
10667.8
9380.86
8147.37
7013.57
6049.35
5344.95
4912.62
26584.7
26518.2
26352.4
26062.5
25649.8
25116.6
24465.9
23701.6
22829.3
21856.1
20791.7
19648.6
18441.5
17186.7
15899.7
14593.6
13278.4
11962
10654.3
9371.77
8142.72
7013.22
6052.34
5349.02
4914.49
26651.1
26584.4
26419.2
26129.3
25716.2
25182.3
24530.3
23764.2
22889.3
21912.6
20843.9
19695.4
18482.3
17221
15927.7
14616.1
13296.2
11975.9
10664.8
9378.87
8146.4
7013.59
6050.14
5346
4913.12
26571.2
26504.2
26338.5
26048.5
25636
25102.9
24452.5
23688.7
22816.9
21844.4
20781
19639
18433.1
17179.6
15893.8
14588.8
13274.5
11958.9
10651.8
9369.84
8141.37
7012.43
6051.95
5348.77
4914.35
26571.2
26504.2
26338.5
26048.6
25636
25103
24452.5
23688.7
22816.9
21844.4
20781
19639
18433.1
17179.6
15893.8
14588.8
13274.5
11958.9
10651.8
9369.83
8141.37
7012.42
6051.94
5348.76
4914.35
26651.1
26584.4
26419.2
26129.3
25716.2
25182.3
24530.3
23764.2
22889.3
21912.6
20843.9
19695.4
18482.3
17221
15927.7
14616.1
13296.2
11975.9
10664.8
9378.87
8146.39
7013.59
6050.14
5346.01
4913.12
)
;

boundaryField
{
    outletCentralUnloaded
    {
        type            zeroGradient;
    }
    inletCentralUnloaded
    {
        type            zeroGradient;
    }
    outletFuelElement
    {
        type            zeroGradient;
    }
    inletFuelElement
    {
        type            zeroGradient;
    }
    defaultFaces
    {
        type            zeroGradient;
    }
    baffle_master
    {
        type            zeroGradient;
    }
    baffle_slave
    {
        type            zeroGradient;
    }
}


// ************************************************************************* //
