/*--------------------------------*- C++ -*----------------------------------*\
| =========                 |                                                 |
| \\      /  F ield         | OpenFOAM: The Open Source CFD Toolbox           |
|  \\    /   O peration     | Version:  2212                                  |
|   \\  /    A nd           | Website:  www.openfoam.com                      |
|    \\/     M anipulation  |                                                 |
\*---------------------------------------------------------------------------*/
FoamFile
{
    version     2.0;
    format      ascii;
    arch        "LSB;label=32;scalar=64";
    class       volScalarField;
    location    "29/fluidRegion";
    object      k;
}
// * * * * * * * * * * * * * * * * * * * * * * * * * * * * * * * * * * * * * //

dimensions      [0 2 -2 0 0 0 0];

internalField   nonuniform List<scalar> 
350
(
0.420983
0.420913
0.420844
0.420775
0.420706
0.420637
0.420568
0.4205
0.420433
0.420367
0.420302
0.42024
0.420182
0.420129
0.420085
0.420055
0.420045
0.420066
0.420136
0.420279
0.420534
0.420961
0.42165
0.422741
0.424442
0.420983
0.420913
0.420844
0.420775
0.420706
0.420637
0.420568
0.4205
0.420433
0.420367
0.420302
0.42024
0.420182
0.420129
0.420085
0.420055
0.420045
0.420066
0.420136
0.420279
0.420534
0.420961
0.42165
0.422741
0.424442
381.255
361.007
337.711
311.772
283.942
254.97
225.582
196.462
168.237
141.463
116.614
94.0687
74.1033
56.8783
42.433
30.6862
21.4477
14.4428
9.34285
5.79856
3.46856
2.03939
1.24037
0.852794
0.715172
386.53
366.055
342.493
316.238
288.053
258.698
228.91
199.383
170.754
143.587
118.365
95.4758
75.2004
57.7053
43.033
31.103
21.7235
14.6151
9.44331
5.85235
3.49433
2.05002
1.24397
0.853784
0.715553
380.38
360.169
336.92
311.037
283.268
254.361
225.04
195.988
167.83
141.121
116.333
93.8434
73.9281
56.7465
42.3375
30.6197
21.4037
14.4152
9.32652
5.78961
3.46407
2.03734
1.23953
0.852469
0.715051
385.372
364.945
341.438
315.25
287.142
257.87
228.169
198.731
170.191
143.111
117.972
95.1587
74.9526
57.5181
42.8969
31.0083
21.6607
14.5758
9.42042
5.8401
3.48847
2.04762
1.24317
0.853576
0.715477
385.372
364.945
341.438
315.25
287.142
257.87
228.169
198.731
170.191
143.111
117.972
95.1587
74.9526
57.5181
42.8969
31.0083
21.6607
14.5758
9.42042
5.8401
3.48847
2.04762
1.24317
0.853576
0.715478
380.381
360.169
336.921
311.037
283.268
254.361
225.04
195.988
167.831
141.121
116.333
93.8435
73.9281
56.7465
42.3375
30.6198
21.4037
14.4152
9.32652
5.78961
3.46406
2.03734
1.23952
0.852465
0.715048
386.53
366.055
342.493
316.238
288.053
258.698
228.91
199.383
170.754
143.587
118.365
95.4758
75.2004
57.7053
43.033
31.103
21.7235
14.6151
9.44332
5.85235
3.49433
2.05002
1.24397
0.853784
0.715554
381.255
361.007
337.711
311.772
283.942
254.97
225.582
196.462
168.237
141.463
116.614
94.0687
74.1033
56.8783
42.433
30.6861
21.4477
14.4428
9.34284
5.79855
3.46855
2.03938
1.24036
0.852783
0.715162
385.372
364.945
341.438
315.25
287.142
257.87
228.169
198.731
170.191
143.111
117.972
95.1587
74.9526
57.5181
42.8969
31.0083
21.6607
14.5758
9.42042
5.8401
3.48847
2.04761
1.24317
0.853574
0.715475
380.38
360.169
336.92
311.037
283.268
254.361
225.04
195.988
167.83
141.121
116.333
93.8434
73.9281
56.7465
42.3375
30.6197
21.4037
14.4152
9.32653
5.78962
3.46408
2.03735
1.23954
0.852484
0.715066
380.381
360.169
336.921
311.037
283.268
254.361
225.04
195.988
167.831
141.121
116.333
93.8435
73.9281
56.7465
42.3375
30.6197
21.4037
14.4152
9.32651
5.7896
3.46406
2.03733
1.23952
0.852466
0.71505
385.372
364.945
341.438
315.25
287.142
257.87
228.169
198.731
170.191
143.111
117.972
95.1587
74.9526
57.5181
42.8969
31.0083
21.6607
14.5758
9.42041
5.84009
3.48846
2.0476
1.24315
0.853562
0.715462
)
;

boundaryField
{
    outletCentralUnloaded
    {
        type            zeroGradient;
    }
    inletCentralUnloaded
    {
        type            zeroGradient;
    }
    outletFuelElement
    {
        type            zeroGradient;
    }
    inletFuelElement
    {
        type            zeroGradient;
    }
    defaultFaces
    {
        type            zeroGradient;
    }
    baffle_master
    {
        type            zeroGradient;
    }
    baffle_slave
    {
        type            zeroGradient;
    }
}


// ************************************************************************* //
