/*--------------------------------*- C++ -*----------------------------------*\
| =========                 |                                                 |
| \\      /  F ield         | OpenFOAM: The Open Source CFD Toolbox           |
|  \\    /   O peration     | Version:  2212                                  |
|   \\  /    A nd           | Website:  www.openfoam.com                      |
|    \\/     M anipulation  |                                                 |
\*---------------------------------------------------------------------------*/
FoamFile
{
    version     2.0;
    format      ascii;
    arch        "LSB;label=32;scalar=64";
    class       volScalarField;
    location    "29/fluidRegion";
    object      nut;
}
// * * * * * * * * * * * * * * * * * * * * * * * * * * * * * * * * * * * * * //

dimensions      [0 2 -1 0 0 0 0];

internalField   nonuniform List<scalar> 
350
(
0.000537529
0.000537485
0.000537441
0.000537398
0.000537355
0.000537312
0.00053727
0.000537227
0.000537184
0.000537142
0.0005371
0.000537059
0.000537019
0.000536982
0.000536948
0.00053692
0.000536902
0.000536899
0.000536919
0.000536975
0.000537083
0.000537273
0.000537587
0.000538091
0.000539526
0.000537529
0.000537485
0.000537441
0.000537398
0.000537355
0.000537312
0.00053727
0.000537227
0.000537184
0.000537142
0.0005371
0.000537059
0.000537019
0.000536982
0.000536948
0.00053692
0.000536902
0.000536899
0.000536919
0.000536975
0.000537083
0.000537273
0.000537587
0.000538091
0.000539526
0.010066
0.00986739
0.00961864
0.00931359
0.00895709
0.00855424
0.00811033
0.00763081
0.00712132
0.00658772
0.00603618
0.00547331
0.00490625
0.00434272
0.00379091
0.00325916
0.00275546
0.00228702
0.00185996
0.00147947
0.00115013
0.000876393
0.000662396
0.000510523
0.000416428
0.01013
0.00993045
0.00968093
0.0093746
0.00901639
0.00861144
0.00816506
0.00768273
0.00717011
0.00663309
0.00607785
0.00551104
0.00493984
0.00437203
0.00381591
0.00327991
0.00277216
0.00229998
0.00186958
0.00148619
0.00115446
0.000878845
0.000663533
0.000510889
0.000416493
0.0100556
0.00985701
0.00960845
0.00930365
0.00894746
0.00854498
0.00810149
0.00762245
0.00711349
0.00658046
0.00602954
0.00546731
0.00490092
0.00433808
0.00378695
0.00325587
0.0027528
0.00228494
0.0018584
0.00147835
0.00114938
0.000875921
0.000662123
0.00051038
0.000416381
0.0101158
0.00991649
0.0096671
0.00936102
0.00900317
0.00859866
0.00815281
0.00767108
0.00715914
0.00662287
0.00606845
0.00550251
0.00493223
0.00436538
0.00381023
0.00327519
0.00276836
0.00229703
0.00186739
0.00148466
0.00115347
0.000878293
0.000663283
0.000510816
0.000416484
0.0101158
0.00991649
0.0096671
0.00936102
0.00900317
0.00859866
0.00815281
0.00767108
0.00715914
0.00662287
0.00606845
0.00550251
0.00493223
0.00436538
0.00381023
0.00327519
0.00276836
0.00229703
0.00186739
0.00148466
0.00115347
0.000878293
0.000663283
0.000510816
0.000416484
0.0100556
0.00985702
0.00960846
0.00930365
0.00894746
0.00854498
0.0081015
0.00762246
0.00711349
0.00658046
0.00602954
0.00546731
0.00490092
0.00433808
0.00378696
0.00325587
0.0027528
0.00228494
0.0018584
0.00147835
0.00114938
0.00087592
0.000662122
0.000510379
0.000416381
0.01013
0.00993045
0.00968093
0.0093746
0.00901639
0.00861144
0.00816506
0.00768273
0.00717011
0.00663309
0.00607785
0.00551104
0.00493984
0.00437203
0.00381591
0.00327991
0.00277216
0.00229998
0.00186958
0.00148619
0.00115446
0.000878845
0.000663533
0.000510889
0.000416493
0.010066
0.00986738
0.00961864
0.00931359
0.00895709
0.00855424
0.00811033
0.00763081
0.00712132
0.00658772
0.00603618
0.00547331
0.00490625
0.00434272
0.00379091
0.00325916
0.00275546
0.00228702
0.00185996
0.00147947
0.00115013
0.000876393
0.000662395
0.000510523
0.000416427
0.0101158
0.00991649
0.0096671
0.00936102
0.00900317
0.00859866
0.00815281
0.00767108
0.00715914
0.00662287
0.00606845
0.00550251
0.00493223
0.00436538
0.00381023
0.00327519
0.00276836
0.00229703
0.00186739
0.00148466
0.00115347
0.000878293
0.000663283
0.000510816
0.000416484
0.0100556
0.00985701
0.00960845
0.00930365
0.00894746
0.00854498
0.00810149
0.00762245
0.00711349
0.00658046
0.00602954
0.00546731
0.00490092
0.00433808
0.00378696
0.00325587
0.0027528
0.00228494
0.0018584
0.00147835
0.00114938
0.000875921
0.000662124
0.000510381
0.000416382
0.0100556
0.00985701
0.00960846
0.00930365
0.00894746
0.00854498
0.0081015
0.00762246
0.00711349
0.00658046
0.00602954
0.00546731
0.00490092
0.00433808
0.00378696
0.00325587
0.0027528
0.00228494
0.0018584
0.00147835
0.00114938
0.00087592
0.000662122
0.000510379
0.00041638
0.0101158
0.00991649
0.0096671
0.00936102
0.00900317
0.00859866
0.00815281
0.00767108
0.00715914
0.00662287
0.00606845
0.00550251
0.00493223
0.00436538
0.00381023
0.00327519
0.00276836
0.00229703
0.00186739
0.00148466
0.00115347
0.000878292
0.000663282
0.000510815
0.000416483
)
;

boundaryField
{
    outletCentralUnloaded
    {
        type            zeroGradient;
    }
    inletCentralUnloaded
    {
        type            zeroGradient;
    }
    outletFuelElement
    {
        type            zeroGradient;
    }
    inletFuelElement
    {
        type            zeroGradient;
    }
    defaultFaces
    {
        type            zeroGradient;
    }
    baffle_master
    {
        type            calculated;
        value           nonuniform List<scalar> 
150
(
0.000537529
0.000537529
0.000537529
0.000537485
0.000537485
0.000537485
0.000537441
0.000537441
0.000537441
0.000537398
0.000537398
0.000537398
0.000537355
0.000537355
0.000537355
0.000537312
0.000537312
0.000537312
0.00053727
0.00053727
0.00053727
0.000537227
0.000537227
0.000537227
0.000537184
0.000537184
0.000537184
0.000537142
0.000537142
0.000537142
0.0005371
0.0005371
0.0005371
0.000537059
0.000537059
0.000537059
0.000537019
0.000537019
0.000537019
0.000536982
0.000536982
0.000536982
0.000536948
0.000536948
0.000536948
0.00053692
0.00053692
0.00053692
0.000536902
0.000536902
0.000536902
0.000536899
0.000536899
0.000536899
0.000536919
0.000536919
0.000536919
0.000536975
0.000536975
0.000536975
0.000537083
0.000537083
0.000537083
0.000537273
0.000537273
0.000537273
0.000537587
0.000537587
0.000537587
0.000538091
0.000538091
0.000538091
0.000539526
0.000539526
0.000539526
0.000537529
0.000537529
0.000537529
0.000537485
0.000537485
0.000537485
0.000537441
0.000537441
0.000537441
0.000537398
0.000537398
0.000537398
0.000537355
0.000537355
0.000537355
0.000537312
0.000537312
0.000537312
0.00053727
0.00053727
0.00053727
0.000537227
0.000537227
0.000537227
0.000537184
0.000537184
0.000537184
0.000537142
0.000537142
0.000537142
0.0005371
0.0005371
0.0005371
0.000537059
0.000537059
0.000537059
0.000537019
0.000537019
0.000537019
0.000536982
0.000536982
0.000536982
0.000536948
0.000536948
0.000536948
0.00053692
0.00053692
0.00053692
0.000536902
0.000536902
0.000536902
0.000536899
0.000536899
0.000536899
0.000536919
0.000536919
0.000536919
0.000536975
0.000536975
0.000536975
0.000537083
0.000537083
0.000537083
0.000537273
0.000537273
0.000537273
0.000537587
0.000537587
0.000537587
0.000538091
0.000538091
0.000538091
0.000539526
0.000539526
0.000539526
)
;
    }
    baffle_slave
    {
        type            calculated;
        value           nonuniform List<scalar> 
150
(
0.01013
0.0101158
0.0101158
0.00993045
0.00991649
0.00991649
0.00968093
0.0096671
0.0096671
0.0093746
0.00936102
0.00936102
0.00901639
0.00900317
0.00900317
0.00861144
0.00859866
0.00859866
0.00816506
0.00815281
0.00815281
0.00768273
0.00767108
0.00767108
0.00717011
0.00715914
0.00715914
0.00663309
0.00662287
0.00662287
0.00607785
0.00606845
0.00606845
0.00551104
0.00550251
0.00550251
0.00493984
0.00493223
0.00493223
0.00437203
0.00436538
0.00436538
0.00381591
0.00381023
0.00381023
0.00327991
0.00327519
0.00327519
0.00277216
0.00276836
0.00276836
0.00229998
0.00229703
0.00229703
0.00186958
0.00186739
0.00186739
0.00148619
0.00148466
0.00148466
0.00115446
0.00115347
0.00115347
0.000878845
0.000878293
0.000878292
0.000663533
0.000663283
0.000663282
0.000510889
0.000510816
0.000510815
0.000416493
0.000416484
0.000416483
0.0101158
0.01013
0.0101158
0.00991649
0.00993045
0.00991649
0.0096671
0.00968093
0.0096671
0.00936102
0.0093746
0.00936102
0.00900317
0.00901639
0.00900317
0.00859866
0.00861144
0.00859866
0.00815281
0.00816506
0.00815281
0.00767108
0.00768273
0.00767108
0.00715914
0.00717011
0.00715914
0.00662287
0.00663309
0.00662287
0.00606845
0.00607785
0.00606845
0.00550251
0.00551104
0.00550251
0.00493223
0.00493984
0.00493223
0.00436538
0.00437203
0.00436538
0.00381023
0.00381591
0.00381023
0.00327519
0.00327991
0.00327519
0.00276836
0.00277216
0.00276836
0.00229703
0.00229998
0.00229703
0.00186739
0.00186958
0.00186739
0.00148466
0.00148619
0.00148466
0.00115347
0.00115446
0.00115347
0.000878293
0.000878845
0.000878293
0.000663283
0.000663533
0.000663283
0.000510816
0.000510889
0.000510816
0.000416484
0.000416493
0.000416484
)
;
    }
}


// ************************************************************************* //
