/*--------------------------------*- C++ -*----------------------------------*\
| =========                 |                                                 |
| \\      /  F ield         | OpenFOAM: The Open Source CFD Toolbox           |
|  \\    /   O peration     | Version:  2212                                  |
|   \\  /    A nd           | Website:  www.openfoam.com                      |
|    \\/     M anipulation  |                                                 |
\*---------------------------------------------------------------------------*/
FoamFile
{
    version     2.0;
    format      ascii;
    arch        "LSB;label=32;scalar=64";
    class       volScalarField;
    location    "29/fluidRegion";
    object      Re;
}
// * * * * * * * * * * * * * * * * * * * * * * * * * * * * * * * * * * * * * //

dimensions      [0 0 0 0 0 0 0];

internalField   nonuniform List<scalar> 
350
(
174004
174004
174005
174005
174006
174007
174008
174008
174009
174009
174009
174009
174009
174008
174007
174006
174005
174004
174003
174003
174003
174003
174004
174005
174380
174004
174004
174005
174005
174006
174007
174008
174008
174009
174009
174009
174009
174009
174008
174007
174006
174005
174004
174003
174003
174003
174003
174004
174005
174380
55079.5
55014.5
55016.1
55016.6
55015.9
55013.8
55010.1
55004.8
54997.6
54988.2
54976.7
54963
54947
54928.8
54908.1
54883.8
54854.2
54817.6
54773.6
54728.8
54702.7
54754
55018.8
55731.3
56149.2
54600
54527.3
54524.5
54520.5
54515.7
54509.8
54502.7
54494.1
54483.9
54471.9
54458.3
54443.5
54428.1
54413.1
54399.2
54386.2
54373
54358
54341
54328.8
54342.7
54444.5
54776.1
55576.7
56099
55159.8
55094.5
55096.5
55097.4
55097
55095.1
55091.6
55086.4
55079.3
55069.9
55058.3
55044.1
55027.5
55008.1
54985.6
54958.7
54925.6
54884.6
54835.4
54784.2
54750.4
54792
55044.7
55743
56150.9
54707.2
54636.7
54635
54632.3
54628.7
54623.8
54617.7
54610
54600.7
54589.5
54576.5
54562.1
54546.8
54531.3
54516
54500.6
54483.8
54464.1
54441.1
54421.5
54426.5
54516.9
54833.4
55613.9
56111.4
54707.2
54636.7
54635
54632.3
54628.7
54623.8
54617.7
54610
54600.7
54589.5
54576.5
54562.1
54546.8
54531.3
54516
54500.6
54483.8
54464.1
54441.1
54421.5
54426.5
54516.9
54833.4
55613.9
56111.4
55159.8
55094.4
55096.5
55097.4
55097
55095.1
55091.6
55086.4
55079.2
55069.9
55058.2
55044.1
55027.4
55008.1
54985.6
54958.6
54925.5
54884.6
54835.3
54784.1
54750.3
54791.8
55044.5
55742.8
56150.8
54600
54527.3
54524.5
54520.5
54515.7
54509.8
54502.7
54494.1
54483.9
54471.9
54458.3
54443.5
54428.1
54413.1
54399.2
54386.2
54373
54358
54341
54328.8
54342.7
54444.5
54776.1
55576.7
56099
55079.5
55014.5
55016.1
55016.6
55015.9
55013.8
55010.1
55004.8
54997.6
54988.2
54976.7
54963
54947
54928.9
54908.1
54883.8
54854.2
54817.6
54773.6
54728.8
54702.7
54754
55018.8
55731.3
56149.2
54707.2
54636.7
54635
54632.3
54628.7
54623.8
54617.7
54610
54600.7
54589.5
54576.5
54562.1
54546.8
54531.3
54516
54500.6
54483.8
54464.1
54441.1
54421.5
54426.5
54516.9
54833.4
55613.9
56111.4
55159.8
55094.5
55096.5
55097.4
55097
55095.1
55091.6
55086.4
55079.3
55069.9
55058.3
55044.1
55027.5
55008.1
54985.6
54958.7
54925.6
54884.6
54835.4
54784.1
54750.3
54791.9
55044.6
55743
56150.9
55159.8
55094.5
55096.5
55097.4
55097
55095.1
55091.6
55086.4
55079.3
55069.9
55058.2
55044.1
55027.4
55008.1
54985.6
54958.6
54925.5
54884.6
54835.3
54784.1
54750.3
54791.8
55044.5
55742.8
56150.8
54707.2
54636.7
54635
54632.4
54628.7
54623.8
54617.7
54610
54600.7
54589.5
54576.5
54562.1
54546.8
54531.3
54516
54500.6
54483.8
54464.1
54441.1
54421.5
54426.5
54516.9
54833.4
55613.9
56111.5
)
;

boundaryField
{
    outletCentralUnloaded
    {
        type            zeroGradient;
    }
    inletCentralUnloaded
    {
        type            zeroGradient;
    }
    outletFuelElement
    {
        type            zeroGradient;
    }
    inletFuelElement
    {
        type            zeroGradient;
    }
    defaultFaces
    {
        type            zeroGradient;
    }
    baffle_master
    {
        type            zeroGradient;
    }
    baffle_slave
    {
        type            zeroGradient;
    }
}


// ************************************************************************* //
