/*--------------------------------*- C++ -*----------------------------------*\
| =========                 |                                                 |
| \\      /  F ield         | OpenFOAM: The Open Source CFD Toolbox           |
|  \\    /   O peration     | Version:  2212                                  |
|   \\  /    A nd           | Website:  www.openfoam.com                      |
|    \\/     M anipulation  |                                                 |
\*---------------------------------------------------------------------------*/
FoamFile
{
    version     2.0;
    format      ascii;
    arch        "LSB;label=32;scalar=64";
    class       volVectorField;
    location    "29/fluidRegion";
    object      U;
}
// * * * * * * * * * * * * * * * * * * * * * * * * * * * * * * * * * * * * * //

dimensions      [0 1 -1 0 0 0 0];

internalField   nonuniform List<vector> 
350
(
(1.09111e-08 6.2995e-09 -14.9659)
(1.63009e-08 9.41129e-09 -14.9646)
(1.6509e-08 9.53147e-09 -14.9634)
(1.26476e-08 7.30206e-09 -14.9622)
(4.30477e-09 2.48535e-09 -14.961)
(-5.93877e-09 -3.42874e-09 -14.9599)
(-1.44666e-08 -8.3523e-09 -14.9587)
(-1.90292e-08 -1.09865e-08 -14.9575)
(-1.96976e-08 -1.13724e-08 -14.9562)
(-1.81649e-08 -1.04875e-08 -14.955)
(-1.61602e-08 -9.33006e-09 -14.9538)
(-1.42238e-08 -8.21212e-09 -14.9525)
(-1.16646e-08 -6.73452e-09 -14.9513)
(-7.50789e-09 -4.33467e-09 -14.95)
(-1.58205e-09 -9.13396e-10 -14.9487)
(5.12829e-09 2.96081e-09 -14.9474)
(1.10942e-08 6.40521e-09 -14.9461)
(1.5264e-08 8.81262e-09 -14.9449)
(1.76642e-08 1.01984e-08 -14.9436)
(1.92695e-08 1.11252e-08 -14.9423)
(2.16291e-08 1.24875e-08 -14.9411)
(2.66487e-08 1.53856e-08 -14.9399)
(3.25541e-08 1.87951e-08 -14.9387)
(5.30962e-09 3.0655e-09 -14.9375)
(-5.1425e-08 -2.96901e-08 -14.9685)
(1.09111e-08 6.2995e-09 -14.9659)
(1.63009e-08 9.41129e-09 -14.9646)
(1.6509e-08 9.53147e-09 -14.9634)
(1.26476e-08 7.30206e-09 -14.9622)
(4.30477e-09 2.48535e-09 -14.961)
(-5.93877e-09 -3.42874e-09 -14.9599)
(-1.44666e-08 -8.3523e-09 -14.9587)
(-1.90292e-08 -1.09865e-08 -14.9575)
(-1.96976e-08 -1.13724e-08 -14.9562)
(-1.81649e-08 -1.04875e-08 -14.955)
(-1.61602e-08 -9.33006e-09 -14.9538)
(-1.42238e-08 -8.21212e-09 -14.9525)
(-1.16646e-08 -6.73452e-09 -14.9513)
(-7.50789e-09 -4.33467e-09 -14.95)
(-1.58205e-09 -9.13396e-10 -14.9487)
(5.12829e-09 2.96081e-09 -14.9474)
(1.10942e-08 6.40521e-09 -14.9461)
(1.5264e-08 8.81262e-09 -14.9449)
(1.76642e-08 1.01984e-08 -14.9436)
(1.92695e-08 1.11252e-08 -14.9423)
(2.16291e-08 1.24875e-08 -14.9411)
(2.66487e-08 1.53856e-08 -14.9399)
(3.25541e-08 1.87951e-08 -14.9387)
(5.30962e-09 3.0655e-09 -14.9375)
(-5.1425e-08 -2.96901e-08 -14.9685)
(-0.00185517 -0.00107108 -409.056)
(-0.000955097 -0.000551425 -401.899)
(-0.00105085 -0.000606707 -392.727)
(-0.000944972 -0.00054558 -381.215)
(-0.000854665 -0.000493441 -367.552)
(-0.000769705 -0.000444389 -351.937)
(-0.000689789 -0.00039825 -334.577)
(-0.000610348 -0.000352384 -315.685)
(-0.000523544 -0.000302268 -295.481)
(-0.000416234 -0.000240313 -274.193)
(-0.000273831 -0.000158097 -252.061)
(-8.14941e-05 -4.70506e-05 -229.342)
(0.000160001 9.23768e-05 -206.32)
(0.000432785 0.000249868 -183.304)
(0.000704455 0.000406717 -160.63)
(0.000931588 0.000537852 -138.646)
(0.00108178 0.000624567 -117.69)
(0.00114853 0.000663106 -98.0699)
(0.00115104 0.000664552 -80.0483)
(0.0011209 0.000647149 -63.844)
(0.00108491 0.000626374 -49.6489)
(0.00104784 0.000604967 -37.6506)
(0.000993353 0.000573512 -28.0531)
(0.00085837 0.00049558 -21.0695)
(0.000806291 0.000465512 -16.6289)
(-0.00178315 -0.00103803 -411.648)
(-0.000695961 -0.000393391 -404.458)
(-0.000805369 -0.000466591 -395.261)
(-0.000730062 -0.000429458 -383.702)
(-0.000666268 -0.000397848 -369.976)
(-0.000606952 -0.000364659 -354.281)
(-0.0005513 -0.000332794 -336.826)
(-0.000495574 -0.000299685 -317.826)
(-0.000434148 -0.000263423 -297.5)
(-0.000357351 -0.000217688 -276.077)
(-0.000255729 -0.000157774 -253.799)
(-0.000117442 -7.61544e-05 -230.923)
(5.47477e-05 2.48204e-05 -207.734)
(0.000244532 0.000136506 -184.545)
(0.000432083 0.000246966 -161.695)
(0.000587041 0.000338789 -139.535)
(0.000687973 0.000399301 -118.411)
(0.000731521 0.000426677 -98.6338)
(0.000731474 0.000428511 -80.4705)
(0.000709684 0.000417769 -64.1426)
(0.000685454 0.000403869 -49.8437)
(0.000663452 0.000391157 -37.763)
(0.000637986 0.000373662 -28.1058)
(0.00057884 0.000337564 -21.0858)
(0.000595099 0.00034237 -16.6308)
(-0.000839872 -0.000673257 -408.64)
(-0.000523465 -0.00100603 -401.482)
(-0.000515238 -0.000957794 -392.317)
(-0.000465892 -0.000842711 -380.813)
(-0.000419824 -0.000741199 -367.161)
(-0.000377717 -0.000647089 -351.56)
(-0.000337807 -0.000558498 -334.216)
(-0.000296826 -0.000471564 -315.343)
(-0.000249281 -0.00037627 -295.16)
(-0.000187225 -0.000259163 -273.894)
(-0.000103042 -0.000101512 -251.786)
(1.03493e-05 0.000108396 -229.093)
(0.00014999 0.000374707 -206.097)
(0.000298988 0.000682948 -183.108)
(0.000441298 0.000990299 -160.462)
(0.000552661 0.00124748 -138.505)
(0.00061861 0.0014168 -117.576)
(0.000639463 0.00148986 -97.98)
(0.000628271 0.00148904 -79.9801)
(0.00060234 0.00145033 -63.7947)
(0.000574621 0.0014026 -49.6152)
(0.000548008 0.00134663 -37.6292)
(0.000507459 0.0012469 -28.0406)
(0.000440969 0.00100548 -21.0629)
(0.000380393 0.00078944 -16.6267)
(-0.000960441 -0.000554509 -411.071)
(-0.000958477 -0.000553375 -403.888)
(-0.000923867 -0.000533394 -394.695)
(-0.000820845 -0.000473914 -383.146)
(-0.00072851 -0.000420604 -369.432)
(-0.000643265 -0.000371388 -353.754)
(-0.000562769 -0.000324914 -336.32)
(-0.000482713 -0.000278693 -317.343)
(-0.000393224 -0.000227027 -297.044)
(-0.000280873 -0.000162162 -275.651)
(-0.000129292 -7.46465e-05 -253.405)
(7.33425e-05 4.23442e-05 -230.564)
(0.000327777 0.000189241 -207.413)
(0.000614173 0.000354592 -184.263)
(0.000895803 0.000517191 -161.452)
(0.00112655 0.00065041 -139.332)
(0.0012737 0.00073537 -118.246)
(0.00133222 0.000769156 -98.5051)
(0.00132447 0.000764683 -80.3742)
(0.0012838 0.000741201 -64.0746)
(0.00123631 0.00071378 -49.7994)
(0.00118463 0.000683946 -37.7377)
(0.00109698 0.000633342 -28.0942)
(0.000905308 0.000522678 -21.0826)
(0.000733394 0.000423424 -16.6306)
(0.000943807 0.000544906 -411.071)
(0.000960011 0.000554261 -403.888)
(0.000922953 0.000532866 -394.695)
(0.000820377 0.000473644 -383.146)
(0.000727818 0.000420205 -369.432)
(0.000642501 0.000370947 -353.754)
(0.000562134 0.000324547 -336.32)
(0.000481845 0.000278193 -317.343)
(0.000392276 0.00022648 -297.044)
(0.000279952 0.00016163 -275.651)
(0.000128143 7.39831e-05 -253.405)
(-7.49039e-05 -4.32457e-05 -230.564)
(-0.000329583 -0.000190285 -207.413)
(-0.000616194 -0.000355759 -184.263)
(-0.00089772 -0.000518298 -161.452)
(-0.00112823 -0.000651382 -139.332)
(-0.0012753 -0.000736293 -118.246)
(-0.00133413 -0.000770257 -98.5051)
(-0.00132654 -0.000765874 -80.3742)
(-0.00128612 -0.00074254 -64.0746)
(-0.00123922 -0.00071546 -49.7994)
(-0.00118742 -0.000685555 -37.7377)
(-0.00109939 -0.000634733 -28.0942)
(-0.000906087 -0.000523128 -21.0826)
(-0.000731502 -0.000422332 -16.6306)
(0.000990155 0.000400729 -408.641)
(0.00113322 -4.71688e-05 -401.482)
(0.00108642 -3.27449e-05 -392.317)
(0.000962938 -2.00018e-05 -380.813)
(0.000852608 -1.15778e-05 -367.161)
(0.000749967 -6.65632e-07 -351.56)
(0.000653513 8.50698e-06 -334.217)
(0.000557349 1.74107e-05 -315.343)
(0.000451039 2.37873e-05 -295.16)
(0.000318218 2.98749e-05 -273.894)
(0.00013945 3.58484e-05 -251.786)
(-9.95227e-05 4.35038e-05 -229.093)
(-0.000400182 5.60359e-05 -206.097)
(-0.000741993 8.20348e-05 -183.109)
(-0.00107943 0.000113097 -160.462)
(-0.00135803 0.00014634 -138.505)
(-0.00153775 0.000174442 -117.576)
(-0.00161176 0.000193436 -97.98)
(-0.00160565 0.000203088 -79.9801)
(-0.00155945 0.000206654 -63.7947)
(-0.00150451 0.000206513 -49.6152)
(-0.00144265 0.0002013 -37.6292)
(-0.00133538 0.000185023 -28.0406)
(-0.00109178 0.000120742 -21.0629)
(-0.000872568 6.42539e-05 -16.6267)
(0.00178017 0.00104983 -411.648)
(0.000691927 0.000407406 -404.458)
(0.000804725 0.00046494 -395.261)
(0.000733738 0.000415593 -383.702)
(0.000672988 0.000373552 -369.976)
(0.000614946 0.000339152 -354.281)
(0.000559377 0.000306157 -336.826)
(0.000503417 0.000275683 -317.826)
(0.000441377 0.000240528 -297.5)
(0.000364053 0.000198374 -276.077)
(0.000261418 0.000140518 -253.799)
(0.000121987 6.29438e-05 -230.923)
(-5.13115e-05 -3.52295e-05 -207.734)
(-0.00024237 -0.000142552 -184.545)
(-0.000431263 -0.000249155 -161.695)
(-0.000587436 -0.000336403 -139.535)
(-0.000689752 -0.000393059 -118.411)
(-0.000734767 -0.000416355 -98.6338)
(-0.000736128 -0.000414908 -80.4705)
(-0.000715749 -0.000400746 -64.1426)
(-0.000692513 -0.000386464 -49.8437)
(-0.000671254 -0.000373888 -37.763)
(-0.00064602 -0.000361862 -28.1058)
(-0.000585887 -0.000330614 -21.0858)
(-0.000598568 -0.000344487 -16.6308)
(0.00185725 0.00107228 -409.056)
(0.000957166 0.00055262 -401.899)
(0.00104989 0.000606152 -392.727)
(0.000942538 0.000544174 -381.215)
(0.000850709 0.000491157 -367.552)
(0.000766073 0.000442292 -351.937)
(0.000685866 0.000395985 -334.577)
(0.000607129 0.000350526 -315.685)
(0.000520353 0.000300426 -295.481)
(0.000413847 0.000238935 -274.193)
(0.000271554 0.000156782 -252.061)
(7.98837e-05 4.61208e-05 -229.342)
(-0.00016133 -9.31436e-05 -206.32)
(-0.000433436 -0.000250244 -183.304)
(-0.000704648 -0.000406828 -160.63)
(-0.000931053 -0.000537543 -138.646)
(-0.00108082 -0.000624009 -117.69)
(-0.00114708 -0.000662264 -98.0699)
(-0.00114933 -0.000663564 -80.0483)
(-0.00111889 -0.000645991 -63.844)
(-0.00108329 -0.000625439 -49.6489)
(-0.00104666 -0.000604287 -37.6506)
(-0.000993968 -0.000573867 -28.0531)
(-0.000859921 -0.000496475 -21.0695)
(-0.000808717 -0.000466912 -16.6289)
(0.000960858 0.00055475 -411.071)
(0.000958137 0.000553179 -403.888)
(0.000923543 0.000533206 -394.695)
(0.000820422 0.000473669 -383.146)
(0.000727728 0.000420153 -369.432)
(0.000642488 0.00037094 -353.754)
(0.000562034 0.00032449 -336.32)
(0.000482065 0.00027832 -317.343)
(0.000392565 0.000226647 -297.044)
(0.000280657 0.000162037 -275.651)
(0.000129002 7.44791e-05 -253.405)
(-7.35405e-05 -4.24585e-05 -230.564)
(-0.000328007 -0.000189374 -207.413)
(-0.000614306 -0.000354669 -184.263)
(-0.000895693 -0.000517127 -161.452)
(-0.00112603 -0.000650109 -139.332)
(-0.00127296 -0.000734943 -118.246)
(-0.00133151 -0.000768744 -98.5051)
(-0.00132347 -0.000764103 -80.3742)
(-0.00128248 -0.000740437 -64.0746)
(-0.00123453 -0.000712752 -49.7994)
(-0.00118216 -0.000682519 -37.7377)
(-0.00109348 -0.000631321 -28.0942)
(-0.000901555 -0.000520511 -21.0826)
(-0.000727871 -0.000420235 -16.6306)
(0.000837317 0.000676414 -408.64)
(0.000519992 0.00100957 -401.482)
(0.000514843 0.000957565 -392.317)
(0.000469041 0.000838724 -380.813)
(0.000425274 0.000734365 -367.161)
(0.000384119 0.000639543 -351.56)
(0.000344263 0.000550759 -334.217)
(0.000303054 0.000464378 -315.343)
(0.000254987 0.000369535 -295.16)
(0.000192629 0.000253251 -273.894)
(0.000107586 9.63664e-05 -251.786)
(-6.72418e-06 -0.000112331 -229.093)
(-0.000147296 -0.000377726 -206.097)
(-0.000297312 -0.000684696 -183.109)
(-0.000440613 -0.000990857 -160.462)
(-0.000552793 -0.0012468 -138.505)
(-0.000619756 -0.00141491 -117.576)
(-0.000641782 -0.00148666 -97.98)
(-0.000631527 -0.00148462 -79.9801)
(-0.000606486 -0.00144466 -63.7947)
(-0.000579157 -0.00139616 -49.6152)
(-0.000552589 -0.00133959 -37.6292)
(-0.000511295 -0.00124008 -28.0406)
(-0.000443687 -0.000999593 -21.0629)
(-0.000379036 -0.000785771 -16.6267)
(-0.00098977 -0.000391617 -408.641)
(-0.00113316 5.7998e-05 -401.482)
(-0.00108686 3.12139e-05 -392.317)
(-0.000963132 9.70793e-06 -380.813)
(-0.000853014 -6.85333e-06 -367.161)
(-0.000749919 -1.81869e-05 -351.56)
(-0.000653685 -2.84408e-05 -334.217)
(-0.000557194 -3.50691e-05 -315.343)
(-0.000451122 -4.08751e-05 -295.16)
(-0.000317962 -4.38787e-05 -273.894)
(-0.000139418 -4.86007e-05 -251.786)
(9.96514e-05 -5.32365e-05 -229.093)
(0.000400127 -6.38857e-05 -206.097)
(0.000742083 -8.65602e-05 -183.109)
(0.00107943 -0.000114807 -160.462)
(0.00135821 -0.000144383 -138.505)
(0.00153785 -0.000169664 -117.576)
(0.00161187 -0.000185727 -97.98)
(0.00160566 -0.000193084 -79.9801)
(0.00155945 -0.000194191 -63.7947)
(0.00150436 -0.000194183 -49.6152)
(0.00144256 -0.000189262 -37.6292)
(0.00133507 -0.000177791 -28.0406)
(0.00109143 -0.000117384 -21.0629)
(0.000871234 -6.80244e-05 -16.6267)
(-0.000941116 -0.000543352 -411.071)
(-0.000957581 -0.000552858 -403.888)
(-0.000923637 -0.000533261 -394.695)
(-0.000823071 -0.000475199 -383.146)
(-0.000732785 -0.000423073 -369.432)
(-0.000647349 -0.000373746 -353.754)
(-0.000567311 -0.000327536 -336.32)
(-0.000486287 -0.000280757 -317.343)
(-0.000396737 -0.000229056 -297.044)
(-0.000283231 -0.000163523 -275.651)
(-0.000131299 -7.58051e-05 -253.405)
(7.25116e-05 4.18645e-05 -230.564)
(0.0003275 0.000189082 -207.413)
(0.000615023 0.000355083 -184.263)
(0.000897308 0.00051806 -161.452)
(0.00112905 0.000651856 -139.332)
(0.00127687 0.000737202 -118.246)
(0.00133634 0.000771536 -98.5051)
(0.00132939 0.00076752 -80.3742)
(0.00128969 0.0007446 -64.0746)
(0.00124285 0.000717556 -49.7994)
(0.00119138 0.000687841 -37.7377)
(0.00110267 0.000636624 -28.0942)
(0.000908477 0.000524508 -21.0826)
(0.000731806 0.000422508 -16.6306)
)
;

boundaryField
{
    outletCentralUnloaded
    {
        type            zeroGradient;
    }
    inletCentralUnloaded
    {
        type            fixedValue;
        value           uniform (0 0 -15);
    }
    outletFuelElement
    {
        type            zeroGradient;
    }
    inletFuelElement
    {
        type            fixedValue;
        value           uniform (0 0 -15);
    }
    defaultFaces
    {
        type            slip;
    }
    baffle_master
    {
        type            slip;
    }
    baffle_slave
    {
        type            slip;
    }
}


// ************************************************************************* //
