/*--------------------------------*- C++ -*----------------------------------*\
| =========                 |                                                 |
| \\      /  F ield         | OpenFOAM: The Open Source CFD Toolbox           |
|  \\    /   O peration     | Version:  2212                                  |
|   \\  /    A nd           | Website:  www.openfoam.com                      |
|    \\/     M anipulation  |                                                 |
\*---------------------------------------------------------------------------*/
FoamFile
{
    version     2.0;
    format      ascii;
    arch        "LSB;label=32;scalar=64";
    class       volScalarField;
    location    "72/neutroRegion";
    object      prec1;
}
// * * * * * * * * * * * * * * * * * * * * * * * * * * * * * * * * * * * * * //

dimensions      [0 -3 0 0 0 0 0];

internalField   nonuniform List<scalar> 
350
(
0
0
0
0
0
0
0
0
0
0
0
0
0
0
0
0
0
0
0
0
0
0
0
0
0
0
0
0
0
0
0
0
0
0
0
0
0
0
0
0
0
0
0
0
0
0
0
0
0
0
3.19534e+17
9.53564e+17
1.57255e+18
2.16674e+18
2.72676e+18
3.24378e+18
3.70964e+18
4.11699e+18
4.45942e+18
4.73152e+18
4.929e+18
5.04875e+18
5.08887e+18
5.04875e+18
4.929e+18
4.73152e+18
4.45942e+18
4.11699e+18
3.70964e+18
3.24378e+18
2.72676e+18
2.16674e+18
1.57255e+18
9.53564e+17
3.19534e+17
3.23188e+17
9.64466e+17
1.59053e+18
2.19152e+18
2.75794e+18
3.28087e+18
3.75205e+18
4.16406e+18
4.5104e+18
4.78561e+18
4.98535e+18
5.10647e+18
5.14705e+18
5.10647e+18
4.98535e+18
4.78561e+18
4.5104e+18
4.16406e+18
3.75205e+18
3.28087e+18
2.75794e+18
2.19152e+18
1.59053e+18
9.64466e+17
3.23188e+17
3.18953e+17
9.51828e+17
1.56969e+18
2.1628e+18
2.7218e+18
3.23787e+18
3.70288e+18
4.1095e+18
4.4513e+18
4.7229e+18
4.92002e+18
5.03955e+18
5.07961e+18
5.03955e+18
4.92002e+18
4.7229e+18
4.4513e+18
4.1095e+18
3.70288e+18
3.23787e+18
2.7218e+18
2.1628e+18
1.56969e+18
9.51828e+17
3.18953e+17
3.22347e+17
9.61957e+17
1.58639e+18
2.18581e+18
2.75076e+18
3.27233e+18
3.74229e+18
4.15323e+18
4.49867e+18
4.77316e+18
4.97238e+18
5.09318e+18
5.13366e+18
5.09318e+18
4.97238e+18
4.77316e+18
4.49867e+18
4.15323e+18
3.74229e+18
3.27233e+18
2.75076e+18
2.18581e+18
1.58639e+18
9.61957e+17
3.22347e+17
3.22347e+17
9.61957e+17
1.5864e+18
2.18581e+18
2.75076e+18
3.27233e+18
3.74229e+18
4.15322e+18
4.49867e+18
4.77316e+18
4.97238e+18
5.09318e+18
5.13366e+18
5.09318e+18
4.97238e+18
4.77316e+18
4.49867e+18
4.15322e+18
3.74229e+18
3.27233e+18
2.75076e+18
2.18581e+18
1.5864e+18
9.61957e+17
3.22347e+17
3.18953e+17
9.51828e+17
1.56969e+18
2.1628e+18
2.7218e+18
3.23787e+18
3.70288e+18
4.1095e+18
4.4513e+18
4.7229e+18
4.92002e+18
5.03955e+18
5.07961e+18
5.03955e+18
4.92002e+18
4.7229e+18
4.4513e+18
4.1095e+18
3.70288e+18
3.23787e+18
2.7218e+18
2.1628e+18
1.56969e+18
9.51828e+17
3.18953e+17
3.23188e+17
9.64466e+17
1.59053e+18
2.19152e+18
2.75794e+18
3.28087e+18
3.75205e+18
4.16406e+18
4.5104e+18
4.78561e+18
4.98535e+18
5.10647e+18
5.14705e+18
5.10647e+18
4.98535e+18
4.78561e+18
4.5104e+18
4.16406e+18
3.75205e+18
3.28087e+18
2.75794e+18
2.19152e+18
1.59053e+18
9.64466e+17
3.23188e+17
3.19534e+17
9.53564e+17
1.57256e+18
2.16674e+18
2.72676e+18
3.24378e+18
3.70964e+18
4.11699e+18
4.45942e+18
4.73152e+18
4.929e+18
5.04875e+18
5.08887e+18
5.04875e+18
4.929e+18
4.73152e+18
4.45942e+18
4.11699e+18
3.70964e+18
3.24378e+18
2.72676e+18
2.16674e+18
1.57256e+18
9.53564e+17
3.19534e+17
3.22347e+17
9.61957e+17
1.5864e+18
2.18581e+18
2.75076e+18
3.27233e+18
3.74229e+18
4.15322e+18
4.49867e+18
4.77316e+18
4.97238e+18
5.09318e+18
5.13366e+18
5.09318e+18
4.97238e+18
4.77316e+18
4.49867e+18
4.15322e+18
3.74229e+18
3.27233e+18
2.75076e+18
2.18581e+18
1.5864e+18
9.61957e+17
3.22347e+17
3.18953e+17
9.51828e+17
1.56969e+18
2.1628e+18
2.7218e+18
3.23787e+18
3.70288e+18
4.1095e+18
4.4513e+18
4.7229e+18
4.92002e+18
5.03955e+18
5.07961e+18
5.03955e+18
4.92002e+18
4.7229e+18
4.4513e+18
4.1095e+18
3.70288e+18
3.23787e+18
2.7218e+18
2.1628e+18
1.56969e+18
9.51828e+17
3.18953e+17
3.18953e+17
9.51828e+17
1.56969e+18
2.1628e+18
2.7218e+18
3.23787e+18
3.70288e+18
4.1095e+18
4.4513e+18
4.7229e+18
4.92002e+18
5.03955e+18
5.07961e+18
5.03955e+18
4.92002e+18
4.7229e+18
4.4513e+18
4.1095e+18
3.70288e+18
3.23787e+18
2.7218e+18
2.1628e+18
1.56969e+18
9.51828e+17
3.18953e+17
3.22347e+17
9.61957e+17
1.5864e+18
2.18581e+18
2.75076e+18
3.27233e+18
3.74229e+18
4.15322e+18
4.49867e+18
4.77316e+18
4.97238e+18
5.09318e+18
5.13366e+18
5.09318e+18
4.97238e+18
4.77316e+18
4.49867e+18
4.15322e+18
3.74229e+18
3.27233e+18
2.75076e+18
2.18581e+18
1.5864e+18
9.61957e+17
3.22347e+17
)
;

boundaryField
{
    outletCentralUnloaded
    {
        type            zeroGradient;
    }
    inletCentralUnloaded
    {
        type            zeroGradient;
    }
    outletFuelElement
    {
        type            zeroGradient;
    }
    inletFuelElement
    {
        type            zeroGradient;
    }
    defaultFaces
    {
        type            zeroGradient;
    }
}


// ************************************************************************* //
