/*--------------------------------*- C++ -*----------------------------------*\
| =========                 |                                                 |
| \\      /  F ield         | OpenFOAM: The Open Source CFD Toolbox           |
|  \\    /   O peration     | Version:  2212                                  |
|   \\  /    A nd           | Website:  www.openfoam.com                      |
|    \\/     M anipulation  |                                                 |
\*---------------------------------------------------------------------------*/
FoamFile
{
    version     2.0;
    format      ascii;
    arch        "LSB;label=32;scalar=64";
    class       volScalarField;
    location    "17/fluidRegion";
    object      hdeltaT;
}
// * * * * * * * * * * * * * * * * * * * * * * * * * * * * * * * * * * * * * //

dimensions      [1 0 -3 0 0 0 0];

internalField   nonuniform List<scalar> 
350
(
0
0
0
0
0
0
0
0
0
0
0
0
0
0
0
0
0
0
0
0
0
0
0
0
0
0
0
0
0
0
0
0
0
0
0
0
0
0
0
0
0
0
0
0
0
0
0
0
0
0
0
524578
1.19346e+06
1.84034e+06
2.45486e+06
3.0272e+06
3.54822e+06
4.00962e+06
4.40406e+06
4.72529e+06
4.96819e+06
5.1289e+06
5.20481e+06
5.19467e+06
5.09852e+06
4.91782e+06
4.65538e+06
4.31548e+06
3.90391e+06
3.42824e+06
2.8979e+06
2.32472e+06
1.72281e+06
1.10684e+06
486636
0
524934
1.20144e+06
1.85573e+06
2.47731e+06
3.05626e+06
3.58333e+06
4.05014e+06
4.44925e+06
4.77433e+06
5.02022e+06
5.183e+06
5.26006e+06
5.25009e+06
5.15317e+06
4.97072e+06
4.70561e+06
4.36211e+06
3.94609e+06
3.46516e+06
2.92885e+06
2.34916e+06
1.74037e+06
1.1174e+06
490170
0
524555
1.19221e+06
1.83791e+06
2.4513e+06
3.02257e+06
3.54262e+06
4.00315e+06
4.39685e+06
4.71746e+06
4.95988e+06
5.12025e+06
5.19598e+06
5.18581e+06
5.08979e+06
4.90936e+06
4.64735e+06
4.30802e+06
3.89716e+06
3.42234e+06
2.89294e+06
2.3208e+06
1.71998e+06
1.10514e+06
486070
0
524797
1.19955e+06
1.85214e+06
2.47211e+06
3.04954e+06
3.57522e+06
4.04079e+06
4.43883e+06
4.76303e+06
5.00824e+06
5.17054e+06
5.24734e+06
5.23733e+06
5.14059e+06
4.95855e+06
4.69405e+06
4.35138e+06
3.93638e+06
3.45667e+06
2.92173e+06
2.34353e+06
1.73633e+06
1.11497e+06
489357
0
524797
1.19955e+06
1.85214e+06
2.47211e+06
3.04954e+06
3.57522e+06
4.04079e+06
4.43883e+06
4.76303e+06
5.00824e+06
5.17054e+06
5.24734e+06
5.23733e+06
5.14059e+06
4.95855e+06
4.69405e+06
4.35138e+06
3.93638e+06
3.45667e+06
2.92173e+06
2.34353e+06
1.73633e+06
1.11497e+06
489357
0
524554
1.19221e+06
1.83791e+06
2.4513e+06
3.02257e+06
3.54262e+06
4.00315e+06
4.39685e+06
4.71746e+06
4.95988e+06
5.12025e+06
5.19598e+06
5.1858e+06
5.08979e+06
4.90936e+06
4.64735e+06
4.30802e+06
3.89716e+06
3.42234e+06
2.89294e+06
2.3208e+06
1.71998e+06
1.10514e+06
486070
0
524934
1.20144e+06
1.85573e+06
2.47731e+06
3.05626e+06
3.58333e+06
4.05014e+06
4.44925e+06
4.77433e+06
5.02022e+06
5.183e+06
5.26005e+06
5.25009e+06
5.15316e+06
4.97072e+06
4.70561e+06
4.36211e+06
3.94609e+06
3.46516e+06
2.92885e+06
2.34916e+06
1.74037e+06
1.1174e+06
490170
0
524578
1.19346e+06
1.84034e+06
2.45486e+06
3.0272e+06
3.54822e+06
4.00962e+06
4.40406e+06
4.72529e+06
4.96819e+06
5.1289e+06
5.20481e+06
5.19466e+06
5.09852e+06
4.91782e+06
4.65538e+06
4.31548e+06
3.90391e+06
3.42824e+06
2.8979e+06
2.32472e+06
1.72281e+06
1.10684e+06
486636
0
524797
1.19955e+06
1.85214e+06
2.47211e+06
3.04954e+06
3.57522e+06
4.04079e+06
4.43883e+06
4.76303e+06
5.00824e+06
5.17054e+06
5.24734e+06
5.23733e+06
5.14059e+06
4.95855e+06
4.69405e+06
4.35138e+06
3.93638e+06
3.45667e+06
2.92173e+06
2.34353e+06
1.73633e+06
1.11497e+06
489357
0
524555
1.19221e+06
1.83791e+06
2.4513e+06
3.02257e+06
3.54262e+06
4.00315e+06
4.39685e+06
4.71746e+06
4.95988e+06
5.12025e+06
5.19598e+06
5.1858e+06
5.08979e+06
4.90936e+06
4.64735e+06
4.30802e+06
3.89716e+06
3.42234e+06
2.89294e+06
2.3208e+06
1.71998e+06
1.10514e+06
486070
0
524554
1.19221e+06
1.83791e+06
2.4513e+06
3.02257e+06
3.54262e+06
4.00315e+06
4.39685e+06
4.71746e+06
4.95988e+06
5.12025e+06
5.19598e+06
5.1858e+06
5.08979e+06
4.90936e+06
4.64735e+06
4.30802e+06
3.89716e+06
3.42234e+06
2.89294e+06
2.3208e+06
1.71998e+06
1.10514e+06
486069
0
524797
1.19955e+06
1.85214e+06
2.47211e+06
3.04954e+06
3.57522e+06
4.04079e+06
4.43883e+06
4.76303e+06
5.00824e+06
5.17054e+06
5.24734e+06
5.23733e+06
5.14059e+06
4.95855e+06
4.69405e+06
4.35138e+06
3.93638e+06
3.45667e+06
2.92173e+06
2.34353e+06
1.73633e+06
1.11497e+06
489357
)
;

boundaryField
{
    outletCentralUnloaded
    {
        type            calculated;
        value           uniform 0;
    }
    inletCentralUnloaded
    {
        type            calculated;
        value           uniform 0;
    }
    outletFuelElement
    {
        type            calculated;
        value           uniform 0;
    }
    inletFuelElement
    {
        type            calculated;
        value           nonuniform List<scalar> 
12
(
2.9053e+06
2.90452e+06
2.90524e+06
2.90472e+06
2.90472e+06
2.90524e+06
2.90452e+06
2.9053e+06
2.90472e+06
2.90524e+06
2.90524e+06
2.90472e+06
)
;
    }
    defaultFaces
    {
        type            calculated;
        value           nonuniform List<scalar> 
450
(
0
0
0
0
0
0
0
0
0
0
0
0
0
0
0
0
0
0
0
0
0
0
0
0
0
0
0
0
0
0
0
0
0
0
0
0
0
0
0
0
0
0
403250
403250
403250
1.45339e+06
1.45339e+06
1.45339e+06
2.2866e+06
2.2866e+06
2.2866e+06
2.89555e+06
2.89555e+06
2.89555e+06
3.28449e+06
3.28449e+06
3.28449e+06
3.47033e+06
3.47033e+06
3.47033e+06
3.48365e+06
3.48365e+06
3.48365e+06
3.37012e+06
3.37012e+06
3.37012e+06
3.19024e+06
3.19024e+06
3.19024e+06
3.01379e+06
3.01379e+06
3.01379e+06
2.86892e+06
2.86892e+06
2.86892e+06
0
0
0
0
0
0
0
0
0
0
0
0
0
0
0
0
0
0
0
0
0
0
0
0
0
0
0
0
423485
423485
1.46874e+06
1.46874e+06
2.29778e+06
2.29778e+06
2.90329e+06
2.90329e+06
3.28955e+06
3.28955e+06
3.4734e+06
3.4734e+06
3.48537e+06
3.48537e+06
3.37101e+06
3.37101e+06
3.19063e+06
3.19063e+06
3.01388e+06
3.01388e+06
2.86889e+06
2.86889e+06
0
0
0
0
0
0
0
0
0
0
0
0
0
0
302155
1.37617e+06
2.2299e+06
2.85576e+06
3.25797e+06
3.45357e+06
3.47348e+06
3.36397e+06
3.18637e+06
3.01147e+06
2.86814e+06
0
0
0
0
0
0
0
0
0
0
0
0
0
0
302155
1.37617e+06
2.2299e+06
2.85576e+06
3.25797e+06
3.45357e+06
3.47348e+06
3.36397e+06
3.18637e+06
3.01147e+06
2.86814e+06
0
0
0
0
0
0
0
0
0
0
0
0
0
0
0
0
0
0
0
0
0
0
0
0
0
0
0
0
423476
423476
1.46873e+06
1.46873e+06
2.29778e+06
2.29778e+06
2.90329e+06
2.90329e+06
3.28954e+06
3.28954e+06
3.4734e+06
3.4734e+06
3.48537e+06
3.48537e+06
3.371e+06
3.371e+06
3.19062e+06
3.19062e+06
3.01388e+06
3.01388e+06
2.86889e+06
2.86889e+06
0
0
0
0
0
0
0
0
0
0
0
0
0
0
0
0
0
0
0
0
0
0
0
0
0
0
0
0
0
0
0
0
0
0
0
0
0
0
0
0
0
0
403250
403250
403250
1.45339e+06
1.45339e+06
1.45339e+06
2.2866e+06
2.2866e+06
2.2866e+06
2.89555e+06
2.89555e+06
2.89555e+06
3.28449e+06
3.28449e+06
3.28449e+06
3.47033e+06
3.47033e+06
3.47033e+06
3.48365e+06
3.48365e+06
3.48365e+06
3.37012e+06
3.37012e+06
3.37012e+06
3.19024e+06
3.19024e+06
3.19024e+06
3.01379e+06
3.01379e+06
3.01379e+06
2.86892e+06
2.86892e+06
2.86892e+06
0
0
0
0
0
0
0
0
0
0
0
0
0
0
302156
1.37617e+06
2.2299e+06
2.85576e+06
3.25797e+06
3.45357e+06
3.47348e+06
3.36397e+06
3.18637e+06
3.01147e+06
2.86814e+06
0
0
0
0
0
0
0
0
0
0
0
0
0
0
0
0
0
0
0
0
0
0
0
0
0
0
0
0
423486
423486
1.46874e+06
1.46874e+06
2.29778e+06
2.29778e+06
2.90329e+06
2.90329e+06
3.28955e+06
3.28955e+06
3.4734e+06
3.4734e+06
3.48537e+06
3.48537e+06
3.37101e+06
3.37101e+06
3.19063e+06
3.19063e+06
3.01388e+06
3.01388e+06
2.86889e+06
2.86889e+06
0
0
0
0
0
0
0
0
0
0
0
0
0
0
0
0
0
0
0
0
0
0
0
0
0
0
0
0
423477
423477
1.46873e+06
1.46873e+06
2.29778e+06
2.29778e+06
2.90329e+06
2.90329e+06
3.28954e+06
3.28954e+06
3.4734e+06
3.4734e+06
3.48537e+06
3.48537e+06
3.371e+06
3.371e+06
3.19062e+06
3.19062e+06
3.01388e+06
3.01388e+06
2.86889e+06
2.86889e+06
0
0
0
0
0
0
0
0
0
0
0
0
0
0
302156
1.37617e+06
2.2299e+06
2.85576e+06
3.25797e+06
3.45357e+06
3.47348e+06
3.36397e+06
3.18637e+06
3.01147e+06
2.86814e+06
)
;
    }
    baffle_master
    {
        type            calculated;
        value           uniform 0;
    }
    baffle_slave
    {
        type            calculated;
        value           nonuniform List<scalar> 
150
(
0
0
0
0
0
0
0
0
0
0
0
0
0
0
0
0
0
0
0
0
0
0
0
0
0
0
0
0
0
0
0
0
0
0
0
0
0
0
0
0
0
0
271868
302155
302156
1.353e+06
1.37617e+06
1.37617e+06
2.21285e+06
2.2299e+06
2.2299e+06
2.84376e+06
2.85576e+06
2.85576e+06
3.24995e+06
3.25797e+06
3.25797e+06
3.44847e+06
3.45357e+06
3.45357e+06
3.47037e+06
3.47348e+06
3.47348e+06
3.36206e+06
3.36397e+06
3.36397e+06
3.18515e+06
3.18637e+06
3.18637e+06
3.01071e+06
3.01147e+06
3.01147e+06
2.86788e+06
2.86814e+06
2.86814e+06
0
0
0
0
0
0
0
0
0
0
0
0
0
0
0
0
0
0
0
0
0
0
0
0
0
0
0
0
0
0
0
0
0
0
0
0
0
0
0
0
0
0
302155
271868
302156
1.37617e+06
1.353e+06
1.37617e+06
2.2299e+06
2.21285e+06
2.2299e+06
2.85576e+06
2.84376e+06
2.85576e+06
3.25797e+06
3.24995e+06
3.25797e+06
3.45357e+06
3.44847e+06
3.45357e+06
3.47348e+06
3.47037e+06
3.47348e+06
3.36397e+06
3.36206e+06
3.36397e+06
3.18637e+06
3.18515e+06
3.18637e+06
3.01147e+06
3.01071e+06
3.01147e+06
2.86814e+06
2.86788e+06
2.86814e+06
)
;
    }
}


// ************************************************************************* //
