/*--------------------------------*- C++ -*----------------------------------*\
| =========                 |                                                 |
| \\      /  F ield         | OpenFOAM: The Open Source CFD Toolbox           |
|  \\    /   O peration     | Version:  2212                                  |
|   \\  /    A nd           | Website:  www.openfoam.com                      |
|    \\/     M anipulation  |                                                 |
\*---------------------------------------------------------------------------*/
FoamFile
{
    version     2.0;
    format      ascii;
    arch        "LSB;label=32;scalar=64";
    class       volScalarField;
    location    "17/fluidRegion";
    object      k;
}
// * * * * * * * * * * * * * * * * * * * * * * * * * * * * * * * * * * * * * //

dimensions      [0 2 -2 0 0 0 0];

internalField   nonuniform List<scalar> 
350
(
0.420055
0.419987
0.419918
0.419849
0.419781
0.419713
0.419645
0.419578
0.419512
0.419447
0.419384
0.419325
0.41927
0.419223
0.419187
0.419168
0.419176
0.419224
0.419334
0.419539
0.419888
0.420457
0.421363
0.422784
0.424992
0.420055
0.419987
0.419918
0.419849
0.419781
0.419713
0.419645
0.419578
0.419512
0.419447
0.419384
0.419325
0.41927
0.419223
0.419187
0.419168
0.419176
0.419224
0.419334
0.419539
0.419888
0.420457
0.421363
0.422784
0.424992
230.439
220.938
209.221
195.348
179.784
163.017
145.543
127.846
110.384
93.5765
77.7862
63.3116
50.3741
39.1112
29.5745
21.7335
15.4864
10.6764
7.11088
4.5799
2.87326
1.79311
1.165
0.845507
0.727013
233.337
223.757
211.931
197.912
182.171
165.203
147.51
129.584
111.889
94.8512
78.8401
64.1599
51.0368
39.6122
29.9395
21.9887
15.6566
10.7838
7.17428
4.61434
2.89007
1.80025
1.16752
0.84627
0.727363
229.953
220.467
208.771
194.924
179.39
162.658
145.221
127.562
110.139
93.3694
77.6155
63.1745
50.2671
39.0304
29.5156
21.6922
15.4588
10.6589
7.10036
4.57402
2.87023
1.7917
1.1644
0.845282
0.72695
232.702
223.138
211.334
197.345
181.642
164.717
147.072
129.196
111.553
94.5652
78.6031
63.9687
50.8871
39.4988
29.8568
21.9307
15.6179
10.7594
7.15985
4.60651
2.88626
1.79864
1.16697
0.846107
0.727288
232.702
223.138
211.334
197.345
181.642
164.717
147.072
129.196
111.553
94.5652
78.6031
63.9687
50.8871
39.4988
29.8568
21.9307
15.6179
10.7594
7.15985
4.60651
2.88626
1.79864
1.16697
0.846107
0.727288
229.954
220.467
208.771
194.924
179.39
162.658
145.221
127.562
110.139
93.3695
77.6156
63.1746
50.2671
39.0304
29.5156
21.6923
15.4588
10.6589
7.10036
4.57402
2.87023
1.79169
1.1644
0.845282
0.726952
233.337
223.757
211.931
197.912
182.171
165.203
147.51
129.584
111.889
94.8512
78.8401
64.1599
51.0368
39.6122
29.9395
21.9887
15.6566
10.7838
7.17428
4.61434
2.89007
1.80025
1.16752
0.84627
0.727363
230.438
220.938
209.221
195.348
179.784
163.017
145.543
127.846
110.384
93.5765
77.7863
63.3116
50.3741
39.1112
29.5745
21.7335
15.4864
10.6764
7.11088
4.5799
2.87325
1.79311
1.165
0.845505
0.727011
232.702
223.138
211.334
197.345
181.642
164.717
147.072
129.196
111.553
94.5652
78.6031
63.9687
50.8871
39.4988
29.8568
21.9307
15.6179
10.7594
7.15985
4.60651
2.88626
1.79864
1.16697
0.846107
0.727288
229.953
220.467
208.771
194.924
179.39
162.658
145.221
127.562
110.139
93.3695
77.6155
63.1745
50.2671
39.0304
29.5156
21.6922
15.4588
10.6589
7.10035
4.57402
2.87023
1.79169
1.1644
0.84528
0.726948
229.954
220.467
208.771
194.924
179.39
162.658
145.221
127.562
110.139
93.3695
77.6156
63.1746
50.2671
39.0304
29.5156
21.6923
15.4588
10.6589
7.10036
4.57402
2.87023
1.79169
1.1644
0.845281
0.72695
232.702
223.138
211.334
197.345
181.642
164.717
147.072
129.196
111.553
94.5653
78.6031
63.9687
50.8871
39.4988
29.8568
21.9307
15.6179
10.7594
7.15984
4.6065
2.88625
1.79863
1.16696
0.846104
0.727285
)
;

boundaryField
{
    outletCentralUnloaded
    {
        type            zeroGradient;
    }
    inletCentralUnloaded
    {
        type            zeroGradient;
    }
    outletFuelElement
    {
        type            zeroGradient;
    }
    inletFuelElement
    {
        type            zeroGradient;
    }
    defaultFaces
    {
        type            zeroGradient;
    }
    baffle_master
    {
        type            zeroGradient;
    }
    baffle_slave
    {
        type            zeroGradient;
    }
}


// ************************************************************************* //
