/*--------------------------------*- C++ -*----------------------------------*\
| =========                 |                                                 |
| \\      /  F ield         | OpenFOAM: The Open Source CFD Toolbox           |
|  \\    /   O peration     | Version:  2212                                  |
|   \\  /    A nd           | Website:  www.openfoam.com                      |
|    \\/     M anipulation  |                                                 |
\*---------------------------------------------------------------------------*/
FoamFile
{
    version     2.0;
    format      ascii;
    arch        "LSB;label=32;scalar=64";
    class       volTensorField;
    location    "17/fluidRegion";
    object      Kd;
}
// * * * * * * * * * * * * * * * * * * * * * * * * * * * * * * * * * * * * * //

dimensions      [1 -3 -1 0 0 0 0];

internalField   nonuniform List<tensor> 
350
(
(84.653 0 0 0 84.653 0 0 0 84.653)
(84.653 0 0 0 84.653 0 0 0 84.653)
(84.653 0 0 0 84.653 0 0 0 84.653)
(84.653 0 0 0 84.653 0 0 0 84.653)
(84.653 0 0 0 84.653 0 0 0 84.653)
(84.653 0 0 0 84.653 0 0 0 84.653)
(84.653 0 0 0 84.653 0 0 0 84.653)
(84.653 0 0 0 84.653 0 0 0 84.653)
(84.653 0 0 0 84.653 0 0 0 84.653)
(84.653 0 0 0 84.653 0 0 0 84.653)
(84.653 0 0 0 84.653 0 0 0 84.653)
(84.653 0 0 0 84.653 0 0 0 84.653)
(84.653 0 0 0 84.653 0 0 0 84.653)
(84.653 0 0 0 84.653 0 0 0 84.653)
(84.653 0 0 0 84.653 0 0 0 84.653)
(84.653 0 0 0 84.653 0 0 0 84.653)
(84.653 0 0 0 84.653 0 0 0 84.653)
(84.653 0 0 0 84.653 0 0 0 84.653)
(84.653 0 0 0 84.653 0 0 0 84.653)
(84.653 0 0 0 84.653 0 0 0 84.653)
(84.653 0 0 0 84.653 0 0 0 84.653)
(84.653 0 0 0 84.653 0 0 0 84.653)
(84.653 0 0 0 84.653 0 0 0 84.653)
(84.653 0 0 0 84.653 0 0 0 84.653)
(84.8291 0 0 0 84.8291 0 0 0 84.8291)
(84.653 0 0 0 84.653 0 0 0 84.653)
(84.653 0 0 0 84.653 0 0 0 84.653)
(84.653 0 0 0 84.653 0 0 0 84.653)
(84.653 0 0 0 84.653 0 0 0 84.653)
(84.653 0 0 0 84.653 0 0 0 84.653)
(84.653 0 0 0 84.653 0 0 0 84.653)
(84.653 0 0 0 84.653 0 0 0 84.653)
(84.653 0 0 0 84.653 0 0 0 84.653)
(84.653 0 0 0 84.653 0 0 0 84.653)
(84.653 0 0 0 84.653 0 0 0 84.653)
(84.653 0 0 0 84.653 0 0 0 84.653)
(84.653 0 0 0 84.653 0 0 0 84.653)
(84.653 0 0 0 84.653 0 0 0 84.653)
(84.653 0 0 0 84.653 0 0 0 84.653)
(84.653 0 0 0 84.653 0 0 0 84.653)
(84.653 0 0 0 84.653 0 0 0 84.653)
(84.653 0 0 0 84.653 0 0 0 84.653)
(84.653 0 0 0 84.653 0 0 0 84.653)
(84.653 0 0 0 84.653 0 0 0 84.653)
(84.653 0 0 0 84.653 0 0 0 84.653)
(84.653 0 0 0 84.653 0 0 0 84.653)
(84.653 0 0 0 84.653 0 0 0 84.653)
(84.653 0 0 0 84.653 0 0 0 84.653)
(84.653 0 0 0 84.653 0 0 0 84.653)
(84.8291 0 0 0 84.8291 0 0 0 84.8291)
(656.358 0 0 0 656.358 0 0 0 656.358)
(655.245 0 0 0 655.245 0 0 0 655.245)
(655.268 0 0 0 655.268 0 0 0 655.268)
(655.281 0 0 0 655.281 0 0 0 655.281)
(655.282 0 0 0 655.282 0 0 0 655.282)
(655.271 0 0 0 655.271 0 0 0 655.271)
(655.246 0 0 0 655.246 0 0 0 655.246)
(655.208 0 0 0 655.208 0 0 0 655.208)
(655.154 0 0 0 655.154 0 0 0 655.154)
(655.085 0 0 0 655.085 0 0 0 655.085)
(655 0 0 0 655 0 0 0 655)
(654.899 0 0 0 654.899 0 0 0 654.899)
(654.78 0 0 0 654.78 0 0 0 654.78)
(654.642 0 0 0 654.642 0 0 0 654.642)
(654.479 0 0 0 654.479 0 0 0 654.479)
(654.285 0 0 0 654.285 0 0 0 654.285)
(654.052 0 0 0 654.052 0 0 0 654.052)
(653.781 0 0 0 653.781 0 0 0 653.781)
(653.49 0 0 0 653.49 0 0 0 653.49)
(653.255 0 0 0 653.255 0 0 0 653.255)
(653.249 0 0 0 653.249 0 0 0 653.249)
(653.885 0 0 0 653.885 0 0 0 653.885)
(655.942 0 0 0 655.942 0 0 0 655.942)
(660.502 0 0 0 660.502 0 0 0 660.502)
(661.053 0 0 0 661.053 0 0 0 661.053)
(652.47 0 0 0 652.47 0 0 0 652.47)
(651.283 0 0 0 651.283 0 0 0 651.283)
(651.256 0 0 0 651.256 0 0 0 651.256)
(651.219 0 0 0 651.219 0 0 0 651.219)
(651.175 0 0 0 651.175 0 0 0 651.175)
(651.123 0 0 0 651.123 0 0 0 651.123)
(651.063 0 0 0 651.063 0 0 0 651.063)
(650.993 0 0 0 650.993 0 0 0 650.993)
(650.915 0 0 0 650.915 0 0 0 650.915)
(650.83 0 0 0 650.83 0 0 0 650.83)
(650.741 0 0 0 650.741 0 0 0 650.741)
(650.651 0 0 0 650.651 0 0 0 650.651)
(650.565 0 0 0 650.565 0 0 0 650.565)
(650.485 0 0 0 650.485 0 0 0 650.485)
(650.411 0 0 0 650.411 0 0 0 650.411)
(650.34 0 0 0 650.34 0 0 0 650.34)
(650.267 0 0 0 650.267 0 0 0 650.267)
(650.195 0 0 0 650.195 0 0 0 650.195)
(650.144 0 0 0 650.144 0 0 0 650.144)
(650.199 0 0 0 650.199 0 0 0 650.199)
(650.546 0 0 0 650.546 0 0 0 650.546)
(651.622 0 0 0 651.622 0 0 0 651.622)
(654.231 0 0 0 654.231 0 0 0 654.231)
(659.463 0 0 0 659.463 0 0 0 659.463)
(660.729 0 0 0 660.729 0 0 0 660.729)
(657.009 0 0 0 657.009 0 0 0 657.009)
(655.9 0 0 0 655.9 0 0 0 655.9)
(655.93 0 0 0 655.93 0 0 0 655.93)
(655.948 0 0 0 655.948 0 0 0 655.948)
(655.954 0 0 0 655.954 0 0 0 655.954)
(655.946 0 0 0 655.946 0 0 0 655.946)
(655.924 0 0 0 655.924 0 0 0 655.924)
(655.886 0 0 0 655.886 0 0 0 655.886)
(655.833 0 0 0 655.833 0 0 0 655.833)
(655.763 0 0 0 655.763 0 0 0 655.763)
(655.674 0 0 0 655.674 0 0 0 655.674)
(655.567 0 0 0 655.567 0 0 0 655.567)
(655.439 0 0 0 655.439 0 0 0 655.439)
(655.286 0 0 0 655.286 0 0 0 655.286)
(655.104 0 0 0 655.104 0 0 0 655.104)
(654.884 0 0 0 654.884 0 0 0 654.884)
(654.619 0 0 0 654.619 0 0 0 654.619)
(654.31 0 0 0 654.31 0 0 0 654.31)
(653.972 0 0 0 653.972 0 0 0 653.972)
(653.682 0 0 0 653.682 0 0 0 653.682)
(653.61 0 0 0 653.61 0 0 0 653.61)
(654.166 0 0 0 654.166 0 0 0 654.166)
(656.125 0 0 0 656.125 0 0 0 656.125)
(660.582 0 0 0 660.582 0 0 0 660.582)
(661.065 0 0 0 661.065 0 0 0 661.065)
(653.34 0 0 0 653.34 0 0 0 653.34)
(652.173 0 0 0 652.173 0 0 0 652.173)
(652.159 0 0 0 652.159 0 0 0 652.159)
(652.135 0 0 0 652.135 0 0 0 652.135)
(652.103 0 0 0 652.103 0 0 0 652.103)
(652.062 0 0 0 652.062 0 0 0 652.062)
(652.011 0 0 0 652.011 0 0 0 652.011)
(651.951 0 0 0 651.951 0 0 0 651.951)
(651.88 0 0 0 651.88 0 0 0 651.88)
(651.8 0 0 0 651.8 0 0 0 651.8)
(651.713 0 0 0 651.713 0 0 0 651.713)
(651.622 0 0 0 651.622 0 0 0 651.622)
(651.53 0 0 0 651.53 0 0 0 651.53)
(651.438 0 0 0 651.438 0 0 0 651.438)
(651.345 0 0 0 651.345 0 0 0 651.345)
(651.248 0 0 0 651.248 0 0 0 651.248)
(651.14 0 0 0 651.14 0 0 0 651.14)
(651.023 0 0 0 651.023 0 0 0 651.023)
(650.918 0 0 0 650.918 0 0 0 650.918)
(650.907 0 0 0 650.907 0 0 0 650.907)
(651.175 0 0 0 651.175 0 0 0 651.175)
(652.152 0 0 0 652.152 0 0 0 652.152)
(654.635 0 0 0 654.635 0 0 0 654.635)
(659.713 0 0 0 659.713 0 0 0 659.713)
(660.809 0 0 0 660.809 0 0 0 660.809)
(653.34 0 0 0 653.34 0 0 0 653.34)
(652.173 0 0 0 652.173 0 0 0 652.173)
(652.159 0 0 0 652.159 0 0 0 652.159)
(652.135 0 0 0 652.135 0 0 0 652.135)
(652.103 0 0 0 652.103 0 0 0 652.103)
(652.062 0 0 0 652.062 0 0 0 652.062)
(652.011 0 0 0 652.011 0 0 0 652.011)
(651.951 0 0 0 651.951 0 0 0 651.951)
(651.88 0 0 0 651.88 0 0 0 651.88)
(651.8 0 0 0 651.8 0 0 0 651.8)
(651.713 0 0 0 651.713 0 0 0 651.713)
(651.622 0 0 0 651.622 0 0 0 651.622)
(651.53 0 0 0 651.53 0 0 0 651.53)
(651.438 0 0 0 651.438 0 0 0 651.438)
(651.345 0 0 0 651.345 0 0 0 651.345)
(651.248 0 0 0 651.248 0 0 0 651.248)
(651.14 0 0 0 651.14 0 0 0 651.14)
(651.023 0 0 0 651.023 0 0 0 651.023)
(650.918 0 0 0 650.918 0 0 0 650.918)
(650.907 0 0 0 650.907 0 0 0 650.907)
(651.175 0 0 0 651.175 0 0 0 651.175)
(652.152 0 0 0 652.152 0 0 0 652.152)
(654.635 0 0 0 654.635 0 0 0 654.635)
(659.713 0 0 0 659.713 0 0 0 659.713)
(660.809 0 0 0 660.809 0 0 0 660.809)
(657.009 0 0 0 657.009 0 0 0 657.009)
(655.9 0 0 0 655.9 0 0 0 655.9)
(655.93 0 0 0 655.93 0 0 0 655.93)
(655.948 0 0 0 655.948 0 0 0 655.948)
(655.954 0 0 0 655.954 0 0 0 655.954)
(655.946 0 0 0 655.946 0 0 0 655.946)
(655.923 0 0 0 655.923 0 0 0 655.923)
(655.886 0 0 0 655.886 0 0 0 655.886)
(655.833 0 0 0 655.833 0 0 0 655.833)
(655.763 0 0 0 655.763 0 0 0 655.763)
(655.674 0 0 0 655.674 0 0 0 655.674)
(655.567 0 0 0 655.567 0 0 0 655.567)
(655.438 0 0 0 655.438 0 0 0 655.438)
(655.286 0 0 0 655.286 0 0 0 655.286)
(655.103 0 0 0 655.103 0 0 0 655.103)
(654.883 0 0 0 654.883 0 0 0 654.883)
(654.619 0 0 0 654.619 0 0 0 654.619)
(654.309 0 0 0 654.309 0 0 0 654.309)
(653.972 0 0 0 653.972 0 0 0 653.972)
(653.681 0 0 0 653.681 0 0 0 653.681)
(653.609 0 0 0 653.609 0 0 0 653.609)
(654.165 0 0 0 654.165 0 0 0 654.165)
(656.124 0 0 0 656.124 0 0 0 656.124)
(660.581 0 0 0 660.581 0 0 0 660.581)
(661.064 0 0 0 661.064 0 0 0 661.064)
(652.47 0 0 0 652.47 0 0 0 652.47)
(651.283 0 0 0 651.283 0 0 0 651.283)
(651.256 0 0 0 651.256 0 0 0 651.256)
(651.219 0 0 0 651.219 0 0 0 651.219)
(651.175 0 0 0 651.175 0 0 0 651.175)
(651.123 0 0 0 651.123 0 0 0 651.123)
(651.063 0 0 0 651.063 0 0 0 651.063)
(650.993 0 0 0 650.993 0 0 0 650.993)
(650.915 0 0 0 650.915 0 0 0 650.915)
(650.83 0 0 0 650.83 0 0 0 650.83)
(650.741 0 0 0 650.741 0 0 0 650.741)
(650.651 0 0 0 650.651 0 0 0 650.651)
(650.565 0 0 0 650.565 0 0 0 650.565)
(650.485 0 0 0 650.485 0 0 0 650.485)
(650.411 0 0 0 650.411 0 0 0 650.411)
(650.34 0 0 0 650.34 0 0 0 650.34)
(650.267 0 0 0 650.267 0 0 0 650.267)
(650.195 0 0 0 650.195 0 0 0 650.195)
(650.144 0 0 0 650.144 0 0 0 650.144)
(650.198 0 0 0 650.198 0 0 0 650.198)
(650.546 0 0 0 650.546 0 0 0 650.546)
(651.622 0 0 0 651.622 0 0 0 651.622)
(654.231 0 0 0 654.231 0 0 0 654.231)
(659.463 0 0 0 659.463 0 0 0 659.463)
(660.729 0 0 0 660.729 0 0 0 660.729)
(656.358 0 0 0 656.358 0 0 0 656.358)
(655.245 0 0 0 655.245 0 0 0 655.245)
(655.268 0 0 0 655.268 0 0 0 655.268)
(655.281 0 0 0 655.281 0 0 0 655.281)
(655.282 0 0 0 655.282 0 0 0 655.282)
(655.271 0 0 0 655.271 0 0 0 655.271)
(655.246 0 0 0 655.246 0 0 0 655.246)
(655.208 0 0 0 655.208 0 0 0 655.208)
(655.154 0 0 0 655.154 0 0 0 655.154)
(655.085 0 0 0 655.085 0 0 0 655.085)
(655 0 0 0 655 0 0 0 655)
(654.899 0 0 0 654.899 0 0 0 654.899)
(654.78 0 0 0 654.78 0 0 0 654.78)
(654.642 0 0 0 654.642 0 0 0 654.642)
(654.479 0 0 0 654.479 0 0 0 654.479)
(654.285 0 0 0 654.285 0 0 0 654.285)
(654.052 0 0 0 654.052 0 0 0 654.052)
(653.781 0 0 0 653.781 0 0 0 653.781)
(653.49 0 0 0 653.49 0 0 0 653.49)
(653.255 0 0 0 653.255 0 0 0 653.255)
(653.249 0 0 0 653.249 0 0 0 653.249)
(653.885 0 0 0 653.885 0 0 0 653.885)
(655.942 0 0 0 655.942 0 0 0 655.942)
(660.502 0 0 0 660.502 0 0 0 660.502)
(661.053 0 0 0 661.053 0 0 0 661.053)
(653.34 0 0 0 653.34 0 0 0 653.34)
(652.173 0 0 0 652.173 0 0 0 652.173)
(652.159 0 0 0 652.159 0 0 0 652.159)
(652.135 0 0 0 652.135 0 0 0 652.135)
(652.103 0 0 0 652.103 0 0 0 652.103)
(652.062 0 0 0 652.062 0 0 0 652.062)
(652.011 0 0 0 652.011 0 0 0 652.011)
(651.951 0 0 0 651.951 0 0 0 651.951)
(651.88 0 0 0 651.88 0 0 0 651.88)
(651.8 0 0 0 651.8 0 0 0 651.8)
(651.713 0 0 0 651.713 0 0 0 651.713)
(651.622 0 0 0 651.622 0 0 0 651.622)
(651.53 0 0 0 651.53 0 0 0 651.53)
(651.438 0 0 0 651.438 0 0 0 651.438)
(651.345 0 0 0 651.345 0 0 0 651.345)
(651.248 0 0 0 651.248 0 0 0 651.248)
(651.14 0 0 0 651.14 0 0 0 651.14)
(651.023 0 0 0 651.023 0 0 0 651.023)
(650.918 0 0 0 650.918 0 0 0 650.918)
(650.907 0 0 0 650.907 0 0 0 650.907)
(651.175 0 0 0 651.175 0 0 0 651.175)
(652.152 0 0 0 652.152 0 0 0 652.152)
(654.635 0 0 0 654.635 0 0 0 654.635)
(659.713 0 0 0 659.713 0 0 0 659.713)
(660.809 0 0 0 660.809 0 0 0 660.809)
(657.009 0 0 0 657.009 0 0 0 657.009)
(655.9 0 0 0 655.9 0 0 0 655.9)
(655.93 0 0 0 655.93 0 0 0 655.93)
(655.948 0 0 0 655.948 0 0 0 655.948)
(655.954 0 0 0 655.954 0 0 0 655.954)
(655.946 0 0 0 655.946 0 0 0 655.946)
(655.924 0 0 0 655.924 0 0 0 655.924)
(655.886 0 0 0 655.886 0 0 0 655.886)
(655.833 0 0 0 655.833 0 0 0 655.833)
(655.763 0 0 0 655.763 0 0 0 655.763)
(655.674 0 0 0 655.674 0 0 0 655.674)
(655.567 0 0 0 655.567 0 0 0 655.567)
(655.439 0 0 0 655.439 0 0 0 655.439)
(655.286 0 0 0 655.286 0 0 0 655.286)
(655.104 0 0 0 655.104 0 0 0 655.104)
(654.884 0 0 0 654.884 0 0 0 654.884)
(654.619 0 0 0 654.619 0 0 0 654.619)
(654.31 0 0 0 654.31 0 0 0 654.31)
(653.972 0 0 0 653.972 0 0 0 653.972)
(653.682 0 0 0 653.682 0 0 0 653.682)
(653.61 0 0 0 653.61 0 0 0 653.61)
(654.166 0 0 0 654.166 0 0 0 654.166)
(656.125 0 0 0 656.125 0 0 0 656.125)
(660.582 0 0 0 660.582 0 0 0 660.582)
(661.065 0 0 0 661.065 0 0 0 661.065)
(657.009 0 0 0 657.009 0 0 0 657.009)
(655.9 0 0 0 655.9 0 0 0 655.9)
(655.93 0 0 0 655.93 0 0 0 655.93)
(655.948 0 0 0 655.948 0 0 0 655.948)
(655.954 0 0 0 655.954 0 0 0 655.954)
(655.946 0 0 0 655.946 0 0 0 655.946)
(655.923 0 0 0 655.923 0 0 0 655.923)
(655.886 0 0 0 655.886 0 0 0 655.886)
(655.833 0 0 0 655.833 0 0 0 655.833)
(655.763 0 0 0 655.763 0 0 0 655.763)
(655.674 0 0 0 655.674 0 0 0 655.674)
(655.567 0 0 0 655.567 0 0 0 655.567)
(655.438 0 0 0 655.438 0 0 0 655.438)
(655.286 0 0 0 655.286 0 0 0 655.286)
(655.103 0 0 0 655.103 0 0 0 655.103)
(654.883 0 0 0 654.883 0 0 0 654.883)
(654.619 0 0 0 654.619 0 0 0 654.619)
(654.309 0 0 0 654.309 0 0 0 654.309)
(653.972 0 0 0 653.972 0 0 0 653.972)
(653.681 0 0 0 653.681 0 0 0 653.681)
(653.609 0 0 0 653.609 0 0 0 653.609)
(654.165 0 0 0 654.165 0 0 0 654.165)
(656.124 0 0 0 656.124 0 0 0 656.124)
(660.581 0 0 0 660.581 0 0 0 660.581)
(661.064 0 0 0 661.064 0 0 0 661.064)
(653.341 0 0 0 653.341 0 0 0 653.341)
(652.173 0 0 0 652.173 0 0 0 652.173)
(652.159 0 0 0 652.159 0 0 0 652.159)
(652.135 0 0 0 652.135 0 0 0 652.135)
(652.103 0 0 0 652.103 0 0 0 652.103)
(652.062 0 0 0 652.062 0 0 0 652.062)
(652.011 0 0 0 652.011 0 0 0 652.011)
(651.951 0 0 0 651.951 0 0 0 651.951)
(651.88 0 0 0 651.88 0 0 0 651.88)
(651.8 0 0 0 651.8 0 0 0 651.8)
(651.713 0 0 0 651.713 0 0 0 651.713)
(651.622 0 0 0 651.622 0 0 0 651.622)
(651.53 0 0 0 651.53 0 0 0 651.53)
(651.438 0 0 0 651.438 0 0 0 651.438)
(651.345 0 0 0 651.345 0 0 0 651.345)
(651.248 0 0 0 651.248 0 0 0 651.248)
(651.14 0 0 0 651.14 0 0 0 651.14)
(651.023 0 0 0 651.023 0 0 0 651.023)
(650.918 0 0 0 650.918 0 0 0 650.918)
(650.907 0 0 0 650.907 0 0 0 650.907)
(651.175 0 0 0 651.175 0 0 0 651.175)
(652.152 0 0 0 652.152 0 0 0 652.152)
(654.635 0 0 0 654.635 0 0 0 654.635)
(659.713 0 0 0 659.713 0 0 0 659.713)
(660.809 0 0 0 660.809 0 0 0 660.809)
)
;

boundaryField
{
    outletCentralUnloaded
    {
        type            zeroGradient;
    }
    inletCentralUnloaded
    {
        type            zeroGradient;
    }
    outletFuelElement
    {
        type            zeroGradient;
    }
    inletFuelElement
    {
        type            zeroGradient;
    }
    defaultFaces
    {
        type            zeroGradient;
    }
    baffle_master
    {
        type            zeroGradient;
    }
    baffle_slave
    {
        type            zeroGradient;
    }
}


// ************************************************************************* //
