/*--------------------------------*- C++ -*----------------------------------*\
| =========                 |                                                 |
| \\      /  F ield         | OpenFOAM: The Open Source CFD Toolbox           |
|  \\    /   O peration     | Version:  2212                                  |
|   \\  /    A nd           | Website:  www.openfoam.com                      |
|    \\/     M anipulation  |                                                 |
\*---------------------------------------------------------------------------*/
FoamFile
{
    version     2.0;
    format      ascii;
    arch        "LSB;label=32;scalar=64";
    class       volScalarField;
    location    "35/fluidRegion";
    object      alphat;
}
// * * * * * * * * * * * * * * * * * * * * * * * * * * * * * * * * * * * * * //

dimensions      [1 -1 -1 0 0 0 0];

internalField   nonuniform List<scalar> 
350
(
0.00258557
0.00258557
0.00258557
0.00258556
0.00258555
0.00258554
0.00258553
0.00258553
0.00258554
0.00258555
0.00258559
0.00258563
0.0025857
0.00258579
0.00258592
0.00258612
0.00258643
0.00258688
0.00258758
0.00258865
0.00259028
0.00259276
0.00259655
0.00260235
0.00261122
0.00258557
0.00258557
0.00258557
0.00258556
0.00258555
0.00258554
0.00258553
0.00258553
0.00258554
0.00258555
0.00258559
0.00258563
0.0025857
0.00258579
0.00258592
0.00258612
0.00258643
0.00258688
0.00258758
0.00258865
0.00259028
0.00259276
0.00259655
0.00260235
0.00261122
0.000895022
0.000883292
0.000871804
0.000860168
0.000848275
0.00083602
0.000823298
0.000810011
0.000796075
0.000781425
0.000766032
0.000749902
0.000733077
0.000715627
0.000697629
0.00067918
0.00066046
0.000641935
0.000624799
0.000611905
0.000609648
0.000631341
0.000699502
0.000831386
0.00100011
0.000887231
0.000875512
0.000864058
0.000852461
0.000840617
0.000828419
0.00081576
0.000802542
0.00078868
0.000774109
0.000758801
0.000742767
0.000726058
0.000708756
0.00069095
0.000672745
0.000654321
0.000636128
0.000619342
0.000606787
0.000604845
0.000626869
0.000695599
0.00082873
0.000999386
0.000896267
0.000884524
0.000873026
0.000861379
0.000849473
0.000837204
0.000824468
0.000811165
0.000797212
0.000782545
0.000767133
0.000750982
0.000734132
0.000716652
0.000698617
0.000680122
0.000661349
0.000642763
0.000625562
0.000612603
0.000610285
0.000631915
0.000699991
0.000831719
0.00100023
0.00088902
0.000877302
0.000865843
0.000854241
0.000842388
0.000830178
0.000817507
0.000804274
0.000790395
0.000775807
0.000760479
0.000744422
0.000727687
0.000710349
0.000692499
0.000674238
0.000655745
0.000637476
0.000620608
0.000607975
0.000605961
0.000627909
0.000696509
0.000829352
0.000999558
0.00088902
0.000877302
0.000865843
0.000854241
0.000842388
0.000830178
0.000817507
0.000804274
0.000790395
0.000775807
0.000760479
0.000744423
0.000727687
0.00071035
0.0006925
0.000674238
0.000655745
0.000637476
0.000620609
0.000607976
0.000605961
0.000627909
0.000696508
0.000829352
0.000999558
0.000896266
0.000884523
0.000873026
0.000861378
0.000849473
0.000837204
0.000824467
0.000811165
0.000797212
0.000782545
0.000767133
0.000750982
0.000734133
0.000716653
0.000698618
0.000680124
0.000661351
0.000642765
0.000625565
0.000612607
0.000610288
0.000631919
0.000699995
0.000831722
0.00100023
0.000887231
0.000875512
0.000864058
0.000852461
0.000840617
0.000828418
0.00081576
0.000802542
0.000788679
0.000774109
0.0007588
0.000742766
0.000726058
0.000708755
0.00069095
0.000672745
0.00065432
0.000636128
0.000619342
0.000606787
0.000604846
0.00062687
0.000695599
0.00082873
0.000999385
0.000895022
0.000883292
0.000871804
0.000860168
0.000848275
0.00083602
0.000823298
0.000810011
0.000796074
0.000781425
0.000766032
0.000749901
0.000733077
0.000715627
0.000697629
0.00067918
0.000660461
0.000641936
0.000624801
0.000611908
0.000609653
0.000631347
0.00069951
0.000831394
0.00100012
0.00088902
0.000877302
0.000865843
0.000854241
0.000842388
0.000830178
0.000817507
0.000804274
0.000790395
0.000775807
0.000760479
0.000744423
0.000727687
0.00071035
0.000692499
0.000674238
0.000655745
0.000637476
0.000620609
0.000607976
0.000605962
0.000627911
0.000696511
0.000829356
0.000999561
0.000896266
0.000884523
0.000873026
0.000861378
0.000849473
0.000837204
0.000824468
0.000811165
0.000797212
0.000782545
0.000767133
0.000750981
0.000734132
0.000716651
0.000698616
0.000680121
0.000661347
0.00064276
0.000625558
0.000612597
0.000610276
0.000631903
0.000699976
0.000831702
0.00100022
0.000896266
0.000884523
0.000873026
0.000861379
0.000849473
0.000837205
0.000824468
0.000811166
0.000797212
0.000782546
0.000767134
0.000750983
0.000734134
0.000716654
0.00069862
0.000680126
0.000661353
0.000642767
0.000625568
0.000612609
0.00061029
0.00063192
0.000699995
0.000831721
0.00100023
0.00088902
0.000877303
0.000865844
0.000854241
0.000842388
0.000830178
0.000817507
0.000804275
0.000790396
0.000775807
0.00076048
0.000744423
0.000727687
0.00071035
0.0006925
0.000674239
0.000655747
0.000637478
0.000620612
0.000607981
0.000605969
0.000627919
0.000696522
0.000829366
0.000999568
)
;

boundaryField
{
    outletCentralUnloaded
    {
        type            zeroGradient;
    }
    inletCentralUnloaded
    {
        type            zeroGradient;
    }
    outletFuelElement
    {
        type            zeroGradient;
    }
    inletFuelElement
    {
        type            zeroGradient;
    }
    defaultFaces
    {
        type            zeroGradient;
    }
    baffle_master
    {
        type            calculated;
        value           nonuniform List<scalar> 
150
(
0.00258557
0.00258557
0.00258557
0.00258557
0.00258557
0.00258557
0.00258557
0.00258557
0.00258557
0.00258556
0.00258556
0.00258556
0.00258555
0.00258555
0.00258555
0.00258554
0.00258554
0.00258554
0.00258553
0.00258553
0.00258553
0.00258553
0.00258553
0.00258553
0.00258554
0.00258554
0.00258554
0.00258555
0.00258555
0.00258555
0.00258559
0.00258559
0.00258559
0.00258563
0.00258563
0.00258563
0.0025857
0.0025857
0.0025857
0.00258579
0.00258579
0.00258579
0.00258592
0.00258592
0.00258592
0.00258612
0.00258612
0.00258612
0.00258643
0.00258643
0.00258643
0.00258688
0.00258688
0.00258688
0.00258758
0.00258758
0.00258758
0.00258865
0.00258865
0.00258865
0.00259028
0.00259028
0.00259028
0.00259276
0.00259276
0.00259276
0.00259655
0.00259655
0.00259655
0.00260235
0.00260235
0.00260235
0.00261122
0.00261122
0.00261122
0.00258557
0.00258557
0.00258557
0.00258557
0.00258557
0.00258557
0.00258557
0.00258557
0.00258557
0.00258556
0.00258556
0.00258556
0.00258555
0.00258555
0.00258555
0.00258554
0.00258554
0.00258554
0.00258553
0.00258553
0.00258553
0.00258553
0.00258553
0.00258553
0.00258554
0.00258554
0.00258554
0.00258555
0.00258555
0.00258555
0.00258559
0.00258559
0.00258559
0.00258563
0.00258563
0.00258563
0.0025857
0.0025857
0.0025857
0.00258579
0.00258579
0.00258579
0.00258592
0.00258592
0.00258592
0.00258612
0.00258612
0.00258612
0.00258643
0.00258643
0.00258643
0.00258688
0.00258688
0.00258688
0.00258758
0.00258758
0.00258758
0.00258865
0.00258865
0.00258865
0.00259028
0.00259028
0.00259028
0.00259276
0.00259276
0.00259276
0.00259655
0.00259655
0.00259655
0.00260235
0.00260235
0.00260235
0.00261122
0.00261122
0.00261122
)
;
    }
    baffle_slave
    {
        type            calculated;
        value           nonuniform List<scalar> 
150
(
0.000887231
0.00088902
0.00088902
0.000875512
0.000877302
0.000877303
0.000864058
0.000865843
0.000865844
0.000852461
0.000854241
0.000854241
0.000840617
0.000842388
0.000842388
0.000828419
0.000830178
0.000830178
0.00081576
0.000817507
0.000817507
0.000802542
0.000804274
0.000804275
0.00078868
0.000790395
0.000790396
0.000774109
0.000775807
0.000775807
0.000758801
0.000760479
0.00076048
0.000742767
0.000744422
0.000744423
0.000726058
0.000727687
0.000727687
0.000708756
0.000710349
0.00071035
0.00069095
0.000692499
0.0006925
0.000672745
0.000674238
0.000674239
0.000654321
0.000655745
0.000655747
0.000636128
0.000637476
0.000637478
0.000619342
0.000620608
0.000620612
0.000606787
0.000607975
0.000607981
0.000604845
0.000605961
0.000605969
0.000626869
0.000627909
0.000627919
0.000695599
0.000696509
0.000696522
0.00082873
0.000829352
0.000829366
0.000999386
0.000999558
0.000999568
0.00088902
0.000887231
0.00088902
0.000877302
0.000875512
0.000877302
0.000865843
0.000864058
0.000865843
0.000854241
0.000852461
0.000854241
0.000842388
0.000840617
0.000842388
0.000830178
0.000828418
0.000830178
0.000817507
0.00081576
0.000817507
0.000804274
0.000802542
0.000804274
0.000790395
0.000788679
0.000790395
0.000775807
0.000774109
0.000775807
0.000760479
0.0007588
0.000760479
0.000744423
0.000742766
0.000744423
0.000727687
0.000726058
0.000727687
0.00071035
0.000708755
0.00071035
0.0006925
0.00069095
0.000692499
0.000674238
0.000672745
0.000674238
0.000655745
0.00065432
0.000655745
0.000637476
0.000636128
0.000637476
0.000620609
0.000619342
0.000620609
0.000607976
0.000606787
0.000607976
0.000605961
0.000604846
0.000605962
0.000627909
0.00062687
0.000627911
0.000696508
0.000695599
0.000696511
0.000829352
0.00082873
0.000829356
0.000999558
0.000999385
0.000999561
)
;
    }
}


// ************************************************************************* //
