/*--------------------------------*- C++ -*----------------------------------*\
| =========                 |                                                 |
| \\      /  F ield         | OpenFOAM: The Open Source CFD Toolbox           |
|  \\    /   O peration     | Version:  2212                                  |
|   \\  /    A nd           | Website:  www.openfoam.com                      |
|    \\/     M anipulation  |                                                 |
\*---------------------------------------------------------------------------*/
FoamFile
{
    version     2.0;
    format      ascii;
    arch        "LSB;label=32;scalar=64";
    class       surfaceScalarField;
    location    "35/fluidRegion";
    object      alphaRhoPhi;
}
// * * * * * * * * * * * * * * * * * * * * * * * * * * * * * * * * * * * * * //

dimensions      [1 0 -1 0 0 0 0];

oriented        oriented;

internalField   nonuniform List<scalar> 
661
(
-0.00584904
-3.41639e-10
-0.00584907
-4.44796e-10
-0.00584912
-4.24788e-10
-0.0058492
-3.58225e-10
-0.0058493
-2.38307e-10
-0.00584942
-5.95928e-11
-0.00584954
1.6475e-10
-0.00584965
4.02195e-10
-0.00584973
6.08444e-10
-0.00584976
7.3839e-10
-0.00584974
7.60035e-10
-0.00584967
6.65679e-10
-0.00584957
4.74968e-10
-0.00584944
2.27911e-10
-0.00584931
-2.7461e-11
-0.0058492
-2.48649e-10
-0.00584911
-4.08349e-10
-0.00584905
-4.97867e-10
-0.00584902
-5.23785e-10
-0.00584903
-5.0103e-10
-0.00584906
-4.48195e-10
-0.00584911
-3.8351e-10
-0.00584918
-2.96166e-10
-0.00584925
1.11656e-11
7.00976e-10
-0.00584904
-0.00584907
-0.00584912
-0.0058492
-0.0058493
-0.00584942
-0.00584954
-0.00584965
-0.00584973
-0.00584976
-0.00584974
-0.00584967
-0.00584957
-0.00584944
-0.00584931
-0.0058492
-0.00584911
-0.00584905
-0.00584902
-0.00584903
-0.00584906
-0.00584911
-0.00584918
-0.00584925
-0.00937491
6.38516e-07
-0.00937514
3.19168e-07
-0.00937542
3.56556e-07
-0.00937567
3.30631e-07
-0.00937591
3.10466e-07
-0.00937613
2.92631e-07
-0.00937634
2.76811e-07
-0.00937654
2.6121e-07
-0.00937672
2.41791e-07
-0.00937688
2.10751e-07
-0.009377
1.56029e-07
-0.00937704
6.07958e-08
-0.00937697
-9.11039e-08
-0.00937671
-3.0705e-07
-0.0093762
-5.86659e-07
-0.00937539
-9.11532e-07
-0.00937426
-1.25659e-06
-0.00937279
-1.60669e-06
-0.00937096
-1.97428e-06
-0.0093687
-2.40928e-06
-0.00936586
-3.00148e-06
-0.00936219
-3.84208e-06
-0.00935739
-4.95206e-06
-0.00935174
-5.81865e-06
-7.06589e-06
-0.00929144
-2.08106e-08
-1.9099e-08
-0.00929099
-8.5501e-08
-8.57646e-08
-0.00929049
-8.27623e-08
-8.23523e-08
-0.00929004
-7.40838e-08
-7.32594e-08
-0.00928963
-6.6826e-08
-6.55937e-08
-0.00928924
-6.00977e-08
-5.86238e-08
-0.00928889
-5.37836e-08
-5.20942e-08
-0.00928856
-4.74554e-08
-4.55428e-08
-0.00928826
-3.99396e-08
-3.77579e-08
-0.00928802
-2.90778e-08
-2.65705e-08
-0.00928785
-1.10714e-08
-8.09136e-09
-0.00928784
1.8913e-08
2.23332e-08
-0.00928807
6.54548e-08
6.97777e-08
-0.00928864
1.35495e-07
1.40854e-07
-0.00928966
2.27027e-07
2.33798e-07
-0.00929122
3.35894e-07
3.44521e-07
-0.00929336
4.5468e-07
4.65822e-07
-0.00929609
5.78866e-07
5.93347e-07
-0.00929947
7.12942e-07
7.32212e-07
-0.0093036
8.74306e-07
8.99989e-07
-0.00930878
1.09223e-06
1.12655e-06
-0.00931539
1.39196e-06
1.4357e-06
-0.00932385
1.74918e-06
1.80657e-06
-0.00933343
1.86736e-06
1.93418e-06
1.81771e-06
1.88645e-06
-0.0093886
3.20244e-07
-0.00938893
3.15525e-07
-0.00938927
3.11174e-07
-0.00938957
2.85308e-07
-0.00938985
2.63101e-07
-0.0093901
2.4317e-07
-0.00939033
2.24745e-07
-0.00939054
2.05783e-07
-0.00939073
1.81494e-07
-0.00939087
1.43283e-07
-0.00939095
7.76717e-08
-0.00939091
-3.22452e-08
-0.00939067
-2.03428e-07
-0.00939016
-4.44893e-07
-0.00938928
-7.5375e-07
-0.00938795
-1.10996e-06
-0.00938615
-1.48757e-06
-0.00938384
-1.87263e-06
-0.009381
-2.28184e-06
-0.00937751
-2.77118e-06
-0.00937314
-3.43277e-06
-0.00936754
-4.35459e-06
-0.00936043
-5.4704e-06
-0.00935252
-6.12619e-06
-6.37221e-06
-0.00931016
1.1419e-09
-0.00930988
-4.31574e-10
-0.00930961
-2.98454e-10
-0.00930935
-3.15645e-10
-0.00930912
-2.6582e-10
-0.00930891
-2.18878e-10
-0.00930871
-2.0011e-10
-0.00930853
-1.29007e-10
-0.00930838
-5.5125e-11
-0.00930825
2.49352e-11
-0.00930819
1.90832e-10
-0.00930822
4.37541e-10
-0.00930841
7.48314e-10
-0.00930883
1.16418e-09
-0.00930953
1.66655e-09
-0.00931058
2.28757e-09
-0.009312
3.15983e-09
-0.00931381
4.44016e-09
-0.00931602
6.04082e-09
-0.00931872
8.14401e-09
-0.00932209
1.09333e-08
-0.00932638
1.36035e-08
-0.00933182
1.6106e-08
-0.00933794
1.67977e-08
1.40473e-08
-0.00931017
-3.17825e-07
-0.00930989
-3.16503e-07
-0.00930962
-3.11768e-07
-0.00930936
-2.85945e-07
-0.00930913
-2.63676e-07
-0.00930892
-2.43702e-07
-0.00930872
-2.25262e-07
-0.00930855
-2.06215e-07
-0.00930839
-1.81846e-07
-0.00930827
-1.43534e-07
-0.0093082
-7.7683e-08
-0.00930823
3.25222e-08
-0.00930842
2.04132e-07
-0.00930884
4.46151e-07
-0.00930954
7.55667e-07
-0.00931059
1.11274e-06
-0.00931202
1.49168e-06
-0.00931382
1.87883e-06
-0.00931603
2.29103e-06
-0.00931873
2.7848e-06
-0.0093221
3.45305e-06
-0.00932639
4.38302e-06
-0.00933183
5.50874e-06
-0.00933795
6.17043e-06
6.41555e-06
-0.0093886
1.86085e-08
-0.00938894
8.52452e-08
-0.00938927
8.2392e-08
-0.00938957
7.37552e-08
-0.00938985
6.65556e-08
-0.0093901
5.97289e-08
-0.00939034
5.33358e-08
-0.00939055
4.68238e-08
-0.00939073
3.91274e-08
-0.00939087
2.79264e-08
-0.00939095
9.59677e-09
-0.00939091
-2.07461e-08
-0.00939067
-6.78394e-08
-0.00939016
-1.38547e-07
-0.00938927
-2.30898e-07
-0.00938795
-3.40836e-07
-0.00938614
-4.60833e-07
-0.00938384
-5.86388e-07
-0.00938099
-7.22125e-07
-0.0093775
-8.85188e-07
-0.00937312
-1.10527e-06
-0.00936752
-1.40693e-06
-0.00936041
-1.7669e-06
-0.0093525
-1.88551e-06
-1.82102e-06
-0.00929144
-6.38845e-07
-2.07641e-08
-0.00929099
-3.1954e-07
-8.5344e-08
-0.00929049
-3.56611e-07
-8.22652e-08
-0.00929004
-3.30515e-07
-7.32275e-08
-0.00928963
-3.1014e-07
-6.5688e-08
-0.00928924
-2.92312e-07
-5.87978e-08
-0.00928889
-2.76436e-07
-5.23556e-08
-0.00928856
-2.60887e-07
-4.59292e-08
-0.00928826
-2.4145e-07
-3.83002e-08
-0.00928802
-2.10494e-07
-2.73055e-08
-0.00928785
-1.55707e-07
-9.18104e-09
-0.00928784
-6.04481e-08
2.09127e-08
-0.00928807
9.16364e-08
6.7657e-08
-0.00928864
3.07806e-07
1.37815e-07
-0.00928966
5.87902e-07
2.29437e-07
-0.00929122
9.13571e-07
3.38201e-07
-0.00929336
1.26028e-06
4.5634e-07
-0.00929609
1.61336e-06
5.78746e-07
-0.00929947
1.9865e-06
7.09266e-07
-0.0093036
2.43147e-06
8.63907e-07
-0.00930877
3.04264e-06
1.0675e-06
-0.00931539
3.91345e-06
1.34373e-06
-0.00932385
5.07184e-06
1.66667e-06
-0.00933342
5.98842e-06
1.74995e-06
7.2856e-06
1.6862e-06
-0.00937491
-0.00937514
-0.00937542
-0.00937567
-0.00937591
-0.00937613
-0.00937634
-0.00937654
-0.00937672
-0.00937688
-0.009377
-0.00937704
-0.00937697
-0.00937671
-0.0093762
-0.00937539
-0.00937426
-0.00937279
-0.00937096
-0.0093687
-0.00936586
-0.00936219
-0.00935739
-0.00935174
-0.00931016
-3.20889e-07
1.74018e-09
-0.00930988
-3.16269e-07
2.33215e-10
-0.00930961
-3.12003e-07
4.88997e-10
-0.00930935
-2.86258e-07
5.58323e-10
-0.00930912
-2.64109e-07
6.32935e-10
-0.00930891
-2.44306e-07
7.2034e-10
-0.00930871
-2.26012e-07
8.69128e-10
-0.00930853
-2.07214e-07
1.02553e-09
-0.00930838
-1.83095e-07
1.25046e-09
-0.00930825
-1.45163e-07
1.57695e-09
-0.00930819
-7.97666e-08
2.00107e-09
-0.00930822
2.9861e-08
2.28537e-09
-0.00930841
2.00634e-07
3.0677e-09
-0.00930883
4.41548e-07
3.98104e-09
-0.00930953
7.4956e-07
5.35565e-09
-0.00931058
1.10445e-06
7.37884e-09
-0.009312
1.48004e-06
1.04042e-08
-0.00931381
1.86185e-06
1.49299e-08
-0.00931602
2.26492e-06
2.24674e-08
-0.00931872
2.7438e-06
3.44005e-08
-0.00932209
3.38395e-06
5.52075e-08
-0.00932638
4.27014e-06
8.58186e-08
-0.00933182
5.32685e-06
1.33597e-07
-0.00933794
5.91425e-06
1.77691e-07
6.12116e-06
1.98424e-07
-0.0093886
-0.00938893
-0.00938927
-0.00938957
-0.00938985
-0.0093901
-0.00939033
-0.00939054
-0.00939073
-0.00939087
-0.00939095
-0.00939091
-0.00939067
-0.00939016
-0.00938928
-0.00938795
-0.00938615
-0.00938384
-0.009381
-0.00937751
-0.00937314
-0.00936754
-0.00936043
-0.00935252
-0.0093886
3.16889e-07
-0.00938894
3.15499e-07
-0.00938927
3.11127e-07
-0.00938957
2.8552e-07
-0.00938985
2.63542e-07
-0.0093901
2.43546e-07
-0.00939034
2.25132e-07
-0.00939055
2.0597e-07
-0.00939073
1.81556e-07
-0.00939087
1.42988e-07
-0.00939095
7.70428e-08
-0.00939091
-3.31548e-08
-0.00939067
-2.0489e-07
-0.00939016
-4.47083e-07
-0.00938927
-7.56696e-07
-0.00938795
-1.11393e-06
-0.00938614
-1.49266e-06
-0.00938384
-1.87895e-06
-0.00938099
-2.28903e-06
-0.0093775
-2.77766e-06
-0.00937312
-3.43731e-06
-0.00936752
-4.35139e-06
-0.00936041
-5.44951e-06
-0.0093525
-6.07704e-06
-6.25964e-06
-0.00931017
-0.00930989
-0.00930962
-0.00930936
-0.00930913
-0.00930892
-0.00930872
-0.00930855
-0.00930839
-0.00930827
-0.0093082
-0.00930823
-0.00930842
-0.00930884
-0.00930954
-0.0093106
-0.00931202
-0.00931382
-0.00931603
-0.00931873
-0.0093221
-0.00932639
-0.00933183
-0.00933795
)
;

boundaryField
{
    outletCentralUnloaded
    {
        type            calculated;
        value           nonuniform List<scalar> 2(0.00584904 0.00584904);
    }
    inletCentralUnloaded
    {
        type            calculated;
        value           nonuniform List<scalar> 2(-0.00587369 -0.00587369);
    }
    outletFuelElement
    {
        type            calculated;
        value           nonuniform List<scalar> 
12
(
0.00937434
0.0092921
0.00938832
0.00931045
0.00931046
0.00938832
0.0092921
0.00937434
0.00931045
0.00938832
0.00938832
0.00931046
)
;
    }
    inletFuelElement
    {
        type            calculated;
        value           nonuniform List<scalar> 
12
(
-0.00951894
-0.00951895
-0.00951894
-0.00951894
-0.00951895
-0.00951894
-0.00951895
-0.00951894
-0.00951894
-0.00951894
-0.00951894
-0.00951895
)
;
    }
    defaultFaces
    {
        type            calculated;
        value           nonuniform List<scalar> 
450
(
2.9513e-24
-1.00721e-23
0
1.14828e-23
-1.11304e-23
0
1.30906e-23
-1.77217e-25
0
-2.19361e-23
-2.75154e-24
0
-9.50883e-24
-1.48595e-23
0
-1.33366e-23
-7.64806e-24
0
-1.48223e-23
-8.59046e-24
0
-1.87714e-23
-8.86094e-25
0
-1.07383e-23
-2.914e-24
0
-1.67291e-23
-5.09288e-24
0
-1.23826e-23
-2.31976e-24
0
-4.23108e-24
-2.44428e-24
0
4.88313e-24
4.2051e-24
0
2.21296e-23
1.21353e-23
0
3.44974e-23
2.89779e-23
0
5.35677e-23
6.55831e-24
0
7.43253e-23
-4.38995e-24
0
1.23057e-22
6.70031e-23
0
9.93142e-23
-1.25192e-22
0
-1.13937e-22
-6.33194e-23
0
-8.05161e-23
-5.36417e-23
0
1.52921e-22
-7.29484e-23
0
-5.12744e-23
1.36846e-22
0
-1.82349e-22
-1.34673e-22
0
-2.31697e-22
-2.41125e-22
0
7.48173e-24
0
7.61365e-24
0
-3.8994e-24
0
1.20615e-23
0
-6.25951e-24
0
4.36091e-24
0
9.17929e-24
0
7.29971e-24
0
-2.60053e-24
0
5.60638e-24
0
1.90618e-24
0
-8.38102e-25
0
-5.59008e-24
0
-2.09738e-23
0
-2.87214e-23
0
-3.32749e-23
0
7.83951e-23
0
-9.40687e-23
0
7.68211e-23
0
-9.63209e-23
0
-1.54925e-22
0
2.45777e-22
0
-5.53704e-23
0
-3.74488e-22
0
-1.91643e-22
0
0
0
3.84293e-24
-7.92358e-24
8.22318e-24
0
0
0
2.56129e-24
0
-4.50531e-24
4.1268e-25
3.67026e-24
0
9.43251e-24
2.18646e-23
-5.15413e-23
0
-7.58833e-23
4.76256e-23
6.13667e-23
-2.43807e-22
-2.20184e-22
0
0
0
0
0
0
0
0
0
0
0
0
0
0
0
0
0
0
0
0
0
0
0
0
0
0
0
-8.41694e-24
7.48172e-24
3.80682e-24
1.52273e-23
1.16982e-23
1.9497e-23
-8.041e-24
-1.00512e-23
8.346e-24
-8.346e-24
-8.72181e-24
-4.36091e-24
-6.88446e-24
-4.58964e-24
-7.2997e-24
-7.2997e-24
1.17024e-23
-7.8016e-24
-2.80319e-24
-4.20478e-24
-1.90618e-24
-1.52495e-24
1.6762e-24
1.62382e-24
7.45344e-24
5.59008e-24
8.38952e-24
1.25843e-23
2.87213e-23
1.91476e-23
2.21832e-23
2.21832e-23
-3.91975e-23
7.8395e-23
3.13562e-23
3.13562e-23
-1.15231e-22
5.76157e-23
-1.44481e-22
-4.81603e-23
-3.0985e-23
-1.2394e-22
-1.63851e-22
2.45777e-22
-5.53703e-23
-1.66111e-22
0
-2.24692e-22
-2.87464e-22
-1.43732e-22
9.19002e-24
0
0
3.01932e-24
0
0
1.42919e-23
0
-2.33373e-23
-2.86073e-23
0
4.01029e-24
8.00965e-24
0
-4.16235e-24
-2.21801e-23
0
4.34973e-24
-2.08316e-23
0
4.57784e-24
-2.43081e-23
0
9.70782e-24
-1.49852e-23
0
-1.03752e-23
-2.14273e-23
0
2.79593e-24
-1.47491e-23
0
3.042e-24
-5.86458e-24
0
0
7.66604e-24
-0
-1.85859e-24
2.72755e-23
-0
-8.36833e-24
5.62823e-23
-0
0
7.86579e-23
-0
-3.31952e-23
7.85971e-23
-0
-2.60718e-23
1.40089e-22
-0
-3.12885e-23
1.15568e-22
-0
-3.83337e-23
-6.40183e-23
-0
0
5.65718e-24
-0
6.18729e-23
1.82331e-22
-0
8.18208e-23
-1.49746e-22
-0
0
-4.45329e-23
-0
2.24573e-22
-1.81543e-22
-0
2.87416e-22
-7.37541e-24
0
0
0
4.11159e-24
0
-4.52117e-24
0
2.56129e-24
-2.7607e-24
0
4.1268e-25
3.67026e-24
0
9.43251e-24
2.18646e-23
-7.7312e-23
3.09454e-23
-7.58833e-23
0
6.13667e-23
-1.62538e-22
-2.20184e-22
7.46484e-23
0
1.3093e-23
0
1.52273e-23
0
0
0
8.041e-24
0
-6.25951e-24
0
6.54136e-24
0
9.17929e-24
0
4.86647e-24
0
-2.60053e-24
0
5.60638e-24
0
3.43113e-24
0
-8.38102e-25
0
-3.72672e-24
-0
-1.25843e-23
-0
-2.87214e-23
-0
-5.54581e-23
-0
7.83951e-23
-0
-6.27125e-23
-0
1.15232e-22
-0
-9.63209e-23
-0
-1.8591e-22
-0
2.45777e-22
-0
1.10741e-22
-0
-2.9959e-22
-0
-2.87464e-22
-0
-8.41694e-24
3.74086e-24
-7.61364e-24
7.61364e-24
-7.79879e-24
1.16982e-23
-8.041e-24
-2.01025e-23
0
6.2595e-24
-6.54136e-24
-1.74436e-23
-4.58964e-24
-1.60638e-23
-4.86647e-24
-1.70326e-23
0
-1.04021e-23
-4.20478e-24
-9.81115e-24
-2.28742e-24
-4.57484e-24
8.38101e-25
4.60956e-24
0
1.67702e-23
1.6779e-23
3.35581e-23
9.57378e-24
5.74427e-23
0
7.76413e-23
-2.61317e-23
7.8395e-23
3.13562e-23
1.56781e-22
-3.84105e-23
1.15231e-22
-4.81604e-23
-4.81604e-23
0
-1.2394e-22
-4.09628e-23
2.45777e-22
5.53703e-23
-1.66111e-22
0
-1.49795e-22
0
-1.43732e-22
-0
-0
-0
-0
-0
-0
-0
-0
-0
-0
-0
0
0
0
0
0
0
0
0
0
0
0
0
0
0
)
;
    }
    baffle_master
    {
        type            calculated;
        value           nonuniform List<scalar> 
150
(
1.02299e-27
0
0
4.3997e-28
0
0
-2.10341e-28
0
0
3.23563e-28
0
0
-1.3184e-26
0
-1.19301e-26
6.48188e-30
0
0
3.35295e-28
0
0
-1.13147e-27
0
-7.95537e-27
-6.0171e-27
0
0
1.018e-26
0
-1.59134e-26
6.28755e-27
0
1.59147e-26
5.5393e-27
0
0
2.93434e-27
0
0
9.41763e-28
0
0
4.81288e-28
0
4.97497e-28
-3.85073e-28
0
-3.98031e-27
4.37082e-26
0
1.59226e-26
5.0156e-27
0
0
2.4385e-26
0
7.96259e-27
2.15871e-27
0
7.96325e-27
-3.51368e-27
0
1.59278e-26
-2.46357e-26
0
-1.59291e-26
-3.86597e-27
0
3.98261e-27
1.04819e-28
0
2.48934e-28
-6.06582e-27
0
-1.5933e-26
0
-9.21994e-27
0
7.95142e-27
-1.09065e-26
0
7.95208e-27
-8.53151e-27
0
7.95274e-27
-1.28028e-26
0
0
7.41388e-27
0
1.98851e-27
-1.8851e-27
0
-1.98868e-27
7.48823e-27
-0
-7.95537e-27
1.94695e-26
-0
2.38681e-26
2.94257e-26
-0
0
1.92462e-26
-0
1.59147e-26
3.72146e-26
-0
-1.5916e-26
2.62228e-26
-0
-7.95865e-27
1.47272e-26
-0
-7.9593e-27
9.89272e-27
-0
4.97497e-28
-1.43069e-27
0
7.96062e-27
-7.93728e-27
0
-1.59226e-26
-2.36883e-26
0
7.96193e-27
-1.5284e-26
0
-1.59252e-26
3.06264e-27
0
7.96325e-27
2.03747e-26
0
0
1.79394e-26
0
-1.59291e-26
2.36799e-26
0
0
-1.38739e-26
0
-2.48934e-28
-3.37925e-28
-0
1.5933e-26
-1.40445e-26
-0
)
;
    }
    baffle_slave
    {
        type            calculated;
        value           nonuniform List<scalar> 
150
(
2.75639e-24
-0
0
1.15392e-24
-0
3.75219e-24
-9.42424e-25
-0
0
3.02255e-24
-0
0
-1.2931e-23
-0
-8.22318e-24
-4.01325e-25
-0
0
-6.33478e-25
-0
4.52117e-24
-2.53717e-24
-0
0
4.78467e-25
-0
0
-1.54711e-24
-0
0
-4.67546e-25
-0
0
2.05565e-25
0
0
0
0
3.67026e-24
-1.80092e-24
0
0
-2.05578e-24
0
0
1.36164e-24
0
0
-7.06242e-23
0
-7.7312e-23
-1.49399e-23
0
3.09454e-23
-8.21514e-23
0
-1.13825e-22
0
0
-4.76256e-23
1.14779e-23
0
-6.13667e-23
1.30526e-22
0
8.12691e-23
-3.77878e-23
0
0
1.39848e-23
0
-7.46484e-23
-5.08438e-23
0
-9.57289e-23
-5.2848e-24
2.03284e-23
0
1.48771e-24
1.08928e-23
0
-1.07676e-24
8.73613e-24
0
1.94909e-24
1.28767e-23
0
-7.51524e-24
-1.48834e-23
0
-1.07786e-24
7.62518e-24
0
-6.08859e-24
8.37599e-24
0
-6.32965e-24
4.44005e-24
0
5.06592e-24
6.8979e-24
0
1.24032e-24
6.72565e-24
0
-1.37243e-24
4.00921e-24
0
2.08377e-25
1.92717e-24
0
3.70575e-24
-9.35548e-25
0
6.98871e-24
-4.95254e-24
0
9.21795e-24
-1.00586e-23
0
3.99978e-23
-1.89778e-23
0
-2.33216e-23
-3.25032e-23
0
1.32472e-23
-4.04823e-23
0
-5.93782e-23
1.18203e-23
0
1.22069e-23
5.19445e-23
0
-5.63224e-23
6.31285e-23
0
-8.35243e-23
1.36863e-22
0
-2.65311e-22
-1.27105e-22
0
-6.99216e-23
6.06007e-23
0
-3.83525e-23
5.98163e-23
0
)
;
    }
}


// ************************************************************************* //
