/*--------------------------------*- C++ -*----------------------------------*\
| =========                 |                                                 |
| \\      /  F ield         | OpenFOAM: The Open Source CFD Toolbox           |
|  \\    /   O peration     | Version:  2212                                  |
|   \\  /    A nd           | Website:  www.openfoam.com                      |
|    \\/     M anipulation  |                                                 |
\*---------------------------------------------------------------------------*/
FoamFile
{
    version     2.0;
    format      ascii;
    arch        "LSB;label=32;scalar=64";
    class       volScalarField;
    location    "35/fluidRegion";
    object      deltaT;
}
// * * * * * * * * * * * * * * * * * * * * * * * * * * * * * * * * * * * * * //

dimensions      [0 0 0 1 0 0 0];

internalField   nonuniform List<scalar> 
350
(
0
0
0
0
0
0
0
0
0
0
0
0
0
0
0
0
0
0
0
0
0
0
0
0
0
0
0
0
0
0
0
0
0
0
0
0
0
0
0
0
0
0
0
0
0
0
0
0
0
0
14.1623
47.1896
79.9358
112.354
144.387
175.98
207.082
237.644
267.615
296.927
325.478
353.1
379.525
404.355
427.056
446.969
463.319
475.131
480.985
478.494
463.353
428.008
360.592
248.21
91.8421
14.2518
47.5499
80.5608
113.239
145.526
177.368
208.715
239.518
269.731
299.291
328.102
356.005
382.734
407.888
430.921
451.152
467.782
479.824
485.853
483.478
468.366
432.864
364.881
251.225
92.9069
14.1479
47.1326
79.8366
112.213
144.206
175.759
206.822
237.345
267.276
296.548
325.058
352.635
379.012
403.791
426.441
446.306
462.615
474.394
480.227
477.723
462.588
427.279
359.961
247.773
91.681
14.2306
47.4656
80.4149
113.032
145.261
177.045
208.335
239.083
269.24
298.743
327.495
355.333
381.993
407.073
430.028
450.186
466.751
478.74
484.729
482.326
467.207
431.74
363.887
250.525
92.6605
14.2306
47.4656
80.4149
113.032
145.261
177.045
208.335
239.083
269.24
298.743
327.495
355.333
381.993
407.073
430.028
450.186
466.751
478.74
484.729
482.326
467.207
431.74
363.887
250.525
92.6605
14.1479
47.1325
79.8366
112.213
144.205
175.759
206.822
237.345
267.276
296.548
325.058
352.635
379.012
403.791
426.44
446.306
462.615
474.394
480.227
477.724
462.588
427.279
359.962
247.773
91.6811
14.2518
47.5499
80.5608
113.239
145.526
177.368
208.715
239.518
269.731
299.291
328.102
356.005
382.734
407.888
430.92
451.152
467.782
479.824
485.853
483.477
468.366
432.864
364.881
251.225
92.9069
14.1623
47.1896
79.9358
112.354
144.387
175.98
207.082
237.644
267.615
296.927
325.478
353.1
379.525
404.355
427.056
446.969
463.319
475.131
480.985
478.494
463.353
428.008
360.592
248.21
91.8422
14.2306
47.4656
80.4149
113.032
145.261
177.045
208.335
239.083
269.24
298.743
327.495
355.333
381.993
407.073
430.028
450.186
466.751
478.74
484.729
482.326
467.207
431.74
363.887
250.525
92.6605
14.1479
47.1326
79.8366
112.213
144.206
175.759
206.822
237.345
267.276
296.548
325.058
352.635
379.012
403.791
426.44
446.306
462.615
474.394
480.227
477.724
462.588
427.279
359.961
247.773
91.681
14.1479
47.1325
79.8366
112.213
144.206
175.759
206.822
237.345
267.276
296.548
325.058
352.635
379.012
403.791
426.44
446.306
462.615
474.394
480.227
477.724
462.588
427.279
359.962
247.773
91.6811
14.2306
47.4655
80.4149
113.032
145.261
177.045
208.335
239.083
269.24
298.743
327.495
355.333
381.993
407.073
430.028
450.186
466.751
478.74
484.729
482.326
467.207
431.74
363.887
250.525
92.6605
)
;

boundaryField
{
    outletCentralUnloaded
    {
        type            calculated;
        value           uniform 0;
    }
    inletCentralUnloaded
    {
        type            calculated;
        value           uniform 0;
    }
    outletFuelElement
    {
        type            calculated;
        value           uniform 0;
    }
    inletFuelElement
    {
        type            calculated;
        value           uniform 616.7;
    }
    defaultFaces
    {
        type            calculated;
        value           nonuniform List<scalar> 
450
(
0
0
0
0
0
0
0
0
0
0
0
0
0
0
0
0
0
0
0
0
0
0
0
0
0
0
0
0
0
0
0
0
0
0
0
0
0
0
0
0
0
0
0
0
0
0
0
0
96.6186
96.6186
96.6186
195.743
195.743
195.743
287.453
287.453
287.453
370.319
370.319
370.319
443.083
443.083
443.083
504.56
504.56
504.56
553.533
553.533
553.533
588.855
588.855
588.855
609.86
609.86
609.86
0
0
0
0
0
0
0
0
0
0
0
0
0
0
0
0
0
0
0
0
0
0
0
0
0
0
0
0
0
0
0
0
98.0097
98.0097
196.838
196.838
288.281
288.281
370.915
370.915
443.483
443.483
504.804
504.804
553.662
553.662
588.908
588.908
609.872
609.872
0
0
0
0
0
0
0
0
0
0
0
0
0
0
0
0
89.5235
190.12
283.172
367.217
440.979
503.265
552.85
588.58
609.801
0
0
0
0
0
0
0
0
0
0
0
0
0
0
0
0
89.5235
190.12
283.172
367.217
440.979
503.265
552.85
588.58
609.801
0
0
0
0
0
0
0
0
0
0
0
0
0
0
0
0
0
0
0
0
0
0
0
0
0
0
0
0
0
0
0
0
98.0087
98.0087
196.837
196.837
288.281
288.281
370.914
370.914
443.483
443.483
504.804
504.804
553.661
553.661
588.908
588.908
609.872
609.872
0
0
0
0
0
0
0
0
0
0
0
0
0
0
0
0
0
0
0
0
0
0
0
0
0
0
0
0
0
0
0
0
0
0
0
0
0
0
0
0
0
0
0
0
0
0
0
0
96.6186
96.6186
96.6186
195.743
195.743
195.743
287.453
287.453
287.453
370.319
370.319
370.319
443.083
443.083
443.083
504.56
504.56
504.56
553.533
553.533
553.533
588.855
588.855
588.855
609.86
609.86
609.86
0
0
0
0
0
0
0
0
0
0
0
0
0
0
0
0
89.5234
190.12
283.172
367.217
440.979
503.265
552.85
588.58
609.801
0
0
0
0
0
0
0
0
0
0
0
0
0
0
0
0
0
0
0
0
0
0
0
0
0
0
0
0
0
0
0
0
98.0096
98.0096
196.838
196.838
288.281
288.281
370.915
370.915
443.483
443.483
504.804
504.804
553.662
553.662
588.908
588.908
609.872
609.872
0
0
0
0
0
0
0
0
0
0
0
0
0
0
0
0
0
0
0
0
0
0
0
0
0
0
0
0
0
0
0
0
98.0087
98.0087
196.837
196.837
288.281
288.281
370.914
370.914
443.483
443.483
504.804
504.804
553.661
553.661
588.908
588.908
609.872
609.872
0
0
0
0
0
0
0
0
0
0
0
0
0
0
0
0
89.5235
190.12
283.172
367.217
440.979
503.265
552.85
588.58
609.801
)
;
    }
    baffle_master
    {
        type            calculated;
        value           uniform 0;
    }
    baffle_slave
    {
        type            calculated;
        value           nonuniform List<scalar> 
150
(
0
0
0
0
0
0
0
0
0
0
0
0
0
0
0
0
0
0
0
0
0
0
0
0
0
0
0
0
0
0
0
0
0
0
0
0
0
0
0
0
0
0
0
0
0
0
0
0
87.3912
89.5235
89.5235
188.428
190.12
190.12
281.882
283.172
283.172
366.281
367.217
367.217
440.344
440.979
440.979
502.874
503.265
503.265
552.643
552.85
552.85
588.497
588.58
588.58
609.783
609.801
609.801
0
0
0
0
0
0
0
0
0
0
0
0
0
0
0
0
0
0
0
0
0
0
0
0
0
0
0
0
0
0
0
0
0
0
0
0
0
0
0
0
0
0
0
0
0
0
0
0
89.5235
87.3912
89.5234
190.12
188.428
190.12
283.172
281.882
283.172
367.217
366.281
367.217
440.979
440.344
440.979
503.265
502.874
503.265
552.85
552.643
552.85
588.58
588.497
588.58
609.801
609.783
609.801
)
;
    }
}


// ************************************************************************* //
