/*--------------------------------*- C++ -*----------------------------------*\
| =========                 |                                                 |
| \\      /  F ield         | OpenFOAM: The Open Source CFD Toolbox           |
|  \\    /   O peration     | Version:  2212                                  |
|   \\  /    A nd           | Website:  www.openfoam.com                      |
|    \\/     M anipulation  |                                                 |
\*---------------------------------------------------------------------------*/
FoamFile
{
    version     2.0;
    format      ascii;
    arch        "LSB;label=32;scalar=64";
    class       volScalarField;
    location    "35/fluidRegion";
    object      dgdt;
}
// * * * * * * * * * * * * * * * * * * * * * * * * * * * * * * * * * * * * * //

dimensions      [0 0 -1 0 0 0 0];

internalField   nonuniform List<scalar> 
350
(
0.00534757
0.00534878
0.00533702
0.00532432
0.00531235
0.00530135
0.00529173
0.00528455
0.00528067
0.00528003
0.00528187
0.00528535
0.00528981
0.00529473
0.0052995
0.00530362
0.00530679
0.00530896
0.00530999
0.00530933
0.00530619
0.00530031
0.00527034
0.00521024
0.00257605
0.00534757
0.00534878
0.00533702
0.00532432
0.00531235
0.00530136
0.00529172
0.00528454
0.00528067
0.00528003
0.00528186
0.00528534
0.00528981
0.00529473
0.00529951
0.00530362
0.0053068
0.00530897
0.00530999
0.00530933
0.00530619
0.00530031
0.00527033
0.00521023
0.00257606
39.1455
48.947
62.8912
75.755
87.4819
98.0279
107.358
115.441
122.241
127.705
131.75
134.252
135.052
133.977
130.897
125.785
118.761
110.069
100.003
88.7902
76.5274
63.1478
48.5003
32.5993
20.4007
39.1865
48.8666
62.9406
75.9265
87.7679
98.4204
107.849
116.025
122.913
128.464
132.599
135.197
136.093
135.106
132.092
127.008
119.966
111.211
101.047
89.717
77.3263
63.8103
49.0124
32.9411
20.6083
39.1258
48.9353
62.8594
75.7044
87.4138
97.9435
107.259
115.328
122.115
127.565
131.597
134.086
134.872
133.785
130.696
125.581
118.562
109.882
99.8326
88.6396
76.3978
63.0406
48.4177
32.544
20.3671
39.1871
48.9038
62.9471
75.9042
87.7186
98.3458
107.751
115.905
122.772
128.302
132.416
134.99
135.863
134.855
131.824
126.733
119.694
110.952
100.81
89.5057
77.1438
63.6588
48.8952
32.8627
20.5607
39.1871
48.9039
62.9471
75.9043
87.7186
98.3458
107.751
115.905
122.772
128.302
132.416
134.99
135.863
134.855
131.824
126.733
119.694
110.952
100.81
89.5057
77.1438
63.6588
48.8952
32.8627
20.5607
39.1258
48.9353
62.8594
75.7044
87.4138
97.9435
107.259
115.328
122.115
127.565
131.597
134.086
134.872
133.785
130.696
125.581
118.562
109.882
99.8325
88.6396
76.3978
63.0406
48.4177
32.544
20.3671
39.1865
48.8666
62.9406
75.9265
87.7679
98.4204
107.849
116.025
122.913
128.464
132.599
135.197
136.093
135.106
132.092
127.008
119.966
111.211
101.047
89.717
77.3263
63.8103
49.0124
32.9411
20.6083
39.1455
48.947
62.8912
75.755
87.4819
98.0279
107.358
115.441
122.241
127.705
131.75
134.252
135.052
133.977
130.897
125.785
118.761
110.069
100.003
88.7902
76.5273
63.1477
48.5003
32.5993
20.4007
39.1871
48.9038
62.9471
75.9043
87.7186
98.3458
107.751
115.905
122.772
128.302
132.416
134.99
135.863
134.855
131.824
126.733
119.694
110.952
100.81
89.5057
77.1438
63.6588
48.8952
32.8628
20.5608
39.1258
48.9353
62.8594
75.7044
87.4137
97.9435
107.259
115.328
122.115
127.565
131.597
134.086
134.872
133.785
130.696
125.581
118.562
109.882
99.8326
88.6396
76.3978
63.0406
48.4177
32.544
20.3671
39.1258
48.9353
62.8594
75.7044
87.4137
97.9435
107.259
115.328
122.115
127.565
131.597
134.086
134.872
133.785
130.696
125.581
118.562
109.882
99.8325
88.6396
76.3978
63.0406
48.4177
32.544
20.3671
39.1871
48.9038
62.9471
75.9043
87.7186
98.3458
107.751
115.905
122.772
128.302
132.416
134.99
135.863
134.855
131.824
126.733
119.694
110.952
100.81
89.5057
77.1438
63.6588
48.8952
32.8627
20.5607
)
;

boundaryField
{
    outletCentralUnloaded
    {
        type            calculated;
        value           nonuniform List<scalar> 2(0.00534757 0.00534757);
    }
    inletCentralUnloaded
    {
        type            calculated;
        value           nonuniform List<scalar> 2(0.00257605 0.00257606);
    }
    outletFuelElement
    {
        type            calculated;
        value           nonuniform List<scalar> 
12
(
39.1455
39.1865
39.1258
39.1871
39.1871
39.1258
39.1865
39.1455
39.1871
39.1258
39.1258
39.1871
)
;
    }
    inletFuelElement
    {
        type            calculated;
        value           nonuniform List<scalar> 
12
(
20.4007
20.6083
20.3671
20.5607
20.5607
20.3671
20.6083
20.4007
20.5608
20.3671
20.3671
20.5607
)
;
    }
    defaultFaces
    {
        type            calculated;
        value           nonuniform List<scalar> 
450
(
39.1455
39.1455
39.1455
48.947
48.947
48.947
62.8912
62.8912
62.8912
75.755
75.755
75.755
87.4819
87.4819
87.4819
98.0279
98.0279
98.0279
107.358
107.358
107.358
115.441
115.441
115.441
122.241
122.241
122.241
127.705
127.705
127.705
131.75
131.75
131.75
134.252
134.252
134.252
135.052
135.052
135.052
133.977
133.977
133.977
130.897
130.897
130.897
125.785
125.785
125.785
118.761
118.761
118.761
110.069
110.069
110.069
100.003
100.003
100.003
88.7902
88.7902
88.7902
76.5274
76.5274
76.5274
63.1478
63.1478
63.1478
48.5003
48.5003
48.5003
32.5993
32.5993
32.5993
20.4007
20.4007
20.4007
39.1258
39.1258
48.9353
48.9353
62.8594
62.8594
75.7044
75.7044
87.4138
87.4138
97.9435
97.9435
107.259
107.259
115.328
115.328
122.115
122.115
127.565
127.565
131.597
131.597
134.086
134.086
134.872
134.872
133.785
133.785
130.696
130.696
125.581
125.581
118.562
118.562
109.882
109.882
99.8326
99.8326
88.6396
88.6396
76.3978
76.3978
63.0406
63.0406
48.4177
48.4177
32.544
32.544
20.3671
20.3671
39.1871
48.9038
62.9471
75.9042
87.7186
98.3458
107.751
115.905
122.772
128.302
132.416
134.99
135.863
134.855
131.824
126.733
119.694
110.952
100.81
89.5057
77.1438
63.6588
48.8952
32.8627
20.5607
39.1871
48.9039
62.9471
75.9043
87.7186
98.3458
107.751
115.905
122.772
128.302
132.416
134.99
135.863
134.855
131.824
126.733
119.694
110.952
100.81
89.5057
77.1438
63.6588
48.8952
32.8627
20.5607
39.1258
39.1258
48.9353
48.9353
62.8594
62.8594
75.7044
75.7044
87.4138
87.4138
97.9435
97.9435
107.259
107.259
115.328
115.328
122.115
122.115
127.565
127.565
131.597
131.597
134.086
134.086
134.872
134.872
133.785
133.785
130.696
130.696
125.581
125.581
118.562
118.562
109.882
109.882
99.8325
99.8325
88.6396
88.6396
76.3978
76.3978
63.0406
63.0406
48.4177
48.4177
32.544
32.544
20.3671
20.3671
39.1455
39.1455
39.1455
48.947
48.947
48.947
62.8912
62.8912
62.8912
75.755
75.755
75.755
87.4819
87.4819
87.4819
98.0279
98.0279
98.0279
107.358
107.358
107.358
115.441
115.441
115.441
122.241
122.241
122.241
127.705
127.705
127.705
131.75
131.75
131.75
134.252
134.252
134.252
135.052
135.052
135.052
133.977
133.977
133.977
130.897
130.897
130.897
125.785
125.785
125.785
118.761
118.761
118.761
110.069
110.069
110.069
100.003
100.003
100.003
88.7902
88.7902
88.7902
76.5273
76.5273
76.5273
63.1477
63.1477
63.1477
48.5003
48.5003
48.5003
32.5993
32.5993
32.5993
20.4007
20.4007
20.4007
39.1871
48.9038
62.9471
75.9043
87.7186
98.3458
107.751
115.905
122.772
128.302
132.416
134.99
135.863
134.855
131.824
126.733
119.694
110.952
100.81
89.5057
77.1438
63.6588
48.8952
32.8628
20.5608
39.1258
39.1258
48.9353
48.9353
62.8594
62.8594
75.7044
75.7044
87.4137
87.4137
97.9435
97.9435
107.259
107.259
115.328
115.328
122.115
122.115
127.565
127.565
131.597
131.597
134.086
134.086
134.872
134.872
133.785
133.785
130.696
130.696
125.581
125.581
118.562
118.562
109.882
109.882
99.8326
99.8326
88.6396
88.6396
76.3978
76.3978
63.0406
63.0406
48.4177
48.4177
32.544
32.544
20.3671
20.3671
39.1258
39.1258
48.9353
48.9353
62.8594
62.8594
75.7044
75.7044
87.4137
87.4137
97.9435
97.9435
107.259
107.259
115.328
115.328
122.115
122.115
127.565
127.565
131.597
131.597
134.086
134.086
134.872
134.872
133.785
133.785
130.696
130.696
125.581
125.581
118.562
118.562
109.882
109.882
99.8325
99.8325
88.6396
88.6396
76.3978
76.3978
63.0406
63.0406
48.4177
48.4177
32.544
32.544
20.3671
20.3671
39.1871
48.9038
62.9471
75.9043
87.7186
98.3458
107.751
115.905
122.772
128.302
132.416
134.99
135.863
134.855
131.824
126.733
119.694
110.952
100.81
89.5057
77.1438
63.6588
48.8952
32.8627
20.5607
)
;
    }
    baffle_master
    {
        type            calculated;
        value           nonuniform List<scalar> 
150
(
0.00534757
0.00534757
0.00534757
0.00534878
0.00534878
0.00534878
0.00533702
0.00533702
0.00533702
0.00532432
0.00532432
0.00532432
0.00531235
0.00531235
0.00531235
0.00530135
0.00530135
0.00530135
0.00529173
0.00529173
0.00529173
0.00528455
0.00528455
0.00528455
0.00528067
0.00528067
0.00528067
0.00528003
0.00528003
0.00528003
0.00528187
0.00528187
0.00528187
0.00528535
0.00528535
0.00528535
0.00528981
0.00528981
0.00528981
0.00529473
0.00529473
0.00529473
0.0052995
0.0052995
0.0052995
0.00530362
0.00530362
0.00530362
0.00530679
0.00530679
0.00530679
0.00530896
0.00530896
0.00530896
0.00530999
0.00530999
0.00530999
0.00530933
0.00530933
0.00530933
0.00530619
0.00530619
0.00530619
0.00530031
0.00530031
0.00530031
0.00527034
0.00527034
0.00527034
0.00521024
0.00521024
0.00521024
0.00257605
0.00257605
0.00257605
0.00534757
0.00534757
0.00534757
0.00534878
0.00534878
0.00534878
0.00533702
0.00533702
0.00533702
0.00532432
0.00532432
0.00532432
0.00531235
0.00531235
0.00531235
0.00530136
0.00530136
0.00530136
0.00529172
0.00529172
0.00529172
0.00528454
0.00528454
0.00528454
0.00528067
0.00528067
0.00528067
0.00528003
0.00528003
0.00528003
0.00528186
0.00528186
0.00528186
0.00528534
0.00528534
0.00528534
0.00528981
0.00528981
0.00528981
0.00529473
0.00529473
0.00529473
0.00529951
0.00529951
0.00529951
0.00530362
0.00530362
0.00530362
0.0053068
0.0053068
0.0053068
0.00530897
0.00530897
0.00530897
0.00530999
0.00530999
0.00530999
0.00530933
0.00530933
0.00530933
0.00530619
0.00530619
0.00530619
0.00530031
0.00530031
0.00530031
0.00527033
0.00527033
0.00527033
0.00521023
0.00521023
0.00521023
0.00257606
0.00257606
0.00257606
)
;
    }
    baffle_slave
    {
        type            calculated;
        value           nonuniform List<scalar> 
150
(
39.1865
39.1871
39.1871
48.8666
48.9038
48.9038
62.9406
62.9471
62.9471
75.9265
75.9042
75.9043
87.7679
87.7186
87.7186
98.4204
98.3458
98.3458
107.849
107.751
107.751
116.025
115.905
115.905
122.913
122.772
122.772
128.464
128.302
128.302
132.599
132.416
132.416
135.197
134.99
134.99
136.093
135.863
135.863
135.106
134.855
134.855
132.092
131.824
131.824
127.008
126.733
126.733
119.966
119.694
119.694
111.211
110.952
110.952
101.047
100.81
100.81
89.717
89.5057
89.5057
77.3263
77.1438
77.1438
63.8103
63.6588
63.6588
49.0124
48.8952
48.8952
32.9411
32.8627
32.8627
20.6083
20.5607
20.5607
39.1871
39.1865
39.1871
48.9039
48.8666
48.9038
62.9471
62.9406
62.9471
75.9043
75.9265
75.9043
87.7186
87.7679
87.7186
98.3458
98.4204
98.3458
107.751
107.849
107.751
115.905
116.025
115.905
122.772
122.913
122.772
128.302
128.464
128.302
132.416
132.599
132.416
134.99
135.197
134.99
135.863
136.093
135.863
134.855
135.106
134.855
131.824
132.092
131.824
126.733
127.008
126.733
119.694
119.966
119.694
110.952
111.211
110.952
100.81
101.047
100.81
89.5057
89.717
89.5057
77.1438
77.3263
77.1438
63.6588
63.8103
63.6588
48.8952
49.0124
48.8952
32.8627
32.9411
32.8628
20.5607
20.6083
20.5608
)
;
    }
}


// ************************************************************************* //
