/*--------------------------------*- C++ -*----------------------------------*\
| =========                 |                                                 |
| \\      /  F ield         | OpenFOAM: The Open Source CFD Toolbox           |
|  \\    /   O peration     | Version:  2212                                  |
|   \\  /    A nd           | Website:  www.openfoam.com                      |
|    \\/     M anipulation  |                                                 |
\*---------------------------------------------------------------------------*/
FoamFile
{
    version     2.0;
    format      ascii;
    arch        "LSB;label=32;scalar=64";
    class       volScalarField;
    location    "35/fluidRegion";
    object      hdeltaT;
}
// * * * * * * * * * * * * * * * * * * * * * * * * * * * * * * * * * * * * * //

dimensions      [1 0 -3 0 0 0 0];

internalField   nonuniform List<scalar> 
350
(
0
0
0
0
0
0
0
0
0
0
0
0
0
0
0
0
0
0
0
0
0
0
0
0
0
0
0
0
0
0
0
0
0
0
0
0
0
0
0
0
0
0
0
0
0
0
0
0
0
0
382587
1.27126e+06
2.13917e+06
2.97264e+06
3.75856e+06
4.48453e+06
5.13911e+06
5.71202e+06
6.19422e+06
6.57812e+06
6.85771e+06
7.02857e+06
7.08804e+06
7.0352e+06
6.87089e+06
6.5977e+06
6.21992e+06
5.7435e+06
5.17591e+06
4.52622e+06
3.80471e+06
3.02315e+06
2.19456e+06
1.33323e+06
453114
386254
1.28511e+06
2.16298e+06
3.00602e+06
3.80096e+06
4.53526e+06
5.19738e+06
5.77687e+06
6.26462e+06
6.65296e+06
6.93577e+06
7.10863e+06
7.16881e+06
7.1154e+06
6.94924e+06
6.67296e+06
6.29089e+06
5.80906e+06
5.23501e+06
4.57791e+06
3.84815e+06
3.05765e+06
2.21956e+06
1.34837e+06
458188
382003
1.26905e+06
2.13537e+06
2.96733e+06
3.7518e+06
4.47644e+06
5.12983e+06
5.70169e+06
6.183e+06
6.5662e+06
6.84527e+06
7.01582e+06
7.07518e+06
7.02243e+06
6.85841e+06
6.58571e+06
6.20861e+06
5.73305e+06
5.1665e+06
4.51798e+06
3.79778e+06
3.01765e+06
2.19057e+06
1.33081e+06
452306
385403
1.28192e+06
2.15749e+06
2.99833e+06
3.79119e+06
4.52358e+06
5.18396e+06
5.76194e+06
6.24841e+06
6.63573e+06
6.9178e+06
7.0902e+06
7.15022e+06
7.09694e+06
6.93121e+06
6.65563e+06
6.27456e+06
5.79397e+06
5.22141e+06
4.56601e+06
3.83815e+06
3.04971e+06
2.21381e+06
1.34488e+06
457020
385403
1.28192e+06
2.15749e+06
2.99833e+06
3.79119e+06
4.52358e+06
5.18396e+06
5.76194e+06
6.24841e+06
6.63573e+06
6.9178e+06
7.0902e+06
7.15022e+06
7.09694e+06
6.9312e+06
6.65563e+06
6.27456e+06
5.79397e+06
5.22141e+06
4.56601e+06
3.83815e+06
3.04971e+06
2.21381e+06
1.34488e+06
457020
382003
1.26905e+06
2.13537e+06
2.96733e+06
3.7518e+06
4.47644e+06
5.12983e+06
5.70168e+06
6.183e+06
6.5662e+06
6.84527e+06
7.01582e+06
7.07518e+06
7.02243e+06
6.85841e+06
6.58571e+06
6.20861e+06
5.73305e+06
5.1665e+06
4.51798e+06
3.79778e+06
3.01766e+06
2.19057e+06
1.33081e+06
452306
386254
1.28511e+06
2.16298e+06
3.00602e+06
3.80095e+06
4.53526e+06
5.19738e+06
5.77687e+06
6.26462e+06
6.65296e+06
6.93577e+06
7.10863e+06
7.16881e+06
7.1154e+06
6.94924e+06
6.67296e+06
6.29089e+06
5.80906e+06
5.23501e+06
4.57791e+06
3.84815e+06
3.05765e+06
2.21956e+06
1.34837e+06
458188
382587
1.27126e+06
2.13917e+06
2.97264e+06
3.75856e+06
4.48453e+06
5.13911e+06
5.71202e+06
6.19422e+06
6.57813e+06
6.85771e+06
7.02857e+06
7.08804e+06
7.0352e+06
6.87089e+06
6.5977e+06
6.21992e+06
5.7435e+06
5.17591e+06
4.52622e+06
3.80471e+06
3.02315e+06
2.19456e+06
1.33323e+06
453114
385403
1.28192e+06
2.15749e+06
2.99833e+06
3.79119e+06
4.52358e+06
5.18396e+06
5.76194e+06
6.24841e+06
6.63573e+06
6.9178e+06
7.0902e+06
7.15022e+06
7.09694e+06
6.9312e+06
6.65563e+06
6.27456e+06
5.79397e+06
5.22141e+06
4.56601e+06
3.83815e+06
3.04971e+06
2.21381e+06
1.34488e+06
457020
382003
1.26905e+06
2.13537e+06
2.96733e+06
3.7518e+06
4.47644e+06
5.12983e+06
5.70168e+06
6.183e+06
6.5662e+06
6.84527e+06
7.01582e+06
7.07518e+06
7.02243e+06
6.85841e+06
6.58571e+06
6.20861e+06
5.73305e+06
5.1665e+06
4.51798e+06
3.79778e+06
3.01766e+06
2.19057e+06
1.33081e+06
452306
382003
1.26905e+06
2.13537e+06
2.96733e+06
3.7518e+06
4.47644e+06
5.12983e+06
5.70168e+06
6.183e+06
6.5662e+06
6.84527e+06
7.01582e+06
7.07518e+06
7.02243e+06
6.85841e+06
6.5857e+06
6.20861e+06
5.73305e+06
5.1665e+06
4.51798e+06
3.79778e+06
3.01765e+06
2.19057e+06
1.33081e+06
452306
385403
1.28192e+06
2.15749e+06
2.99833e+06
3.79119e+06
4.52358e+06
5.18396e+06
5.76194e+06
6.24841e+06
6.63573e+06
6.9178e+06
7.0902e+06
7.15022e+06
7.09694e+06
6.9312e+06
6.65563e+06
6.27456e+06
5.79397e+06
5.22141e+06
4.56601e+06
3.83815e+06
3.04971e+06
2.21381e+06
1.34488e+06
457020
)
;

boundaryField
{
    outletCentralUnloaded
    {
        type            calculated;
        value           uniform 0;
    }
    inletCentralUnloaded
    {
        type            calculated;
        value           uniform 0;
    }
    outletFuelElement
    {
        type            calculated;
        value           uniform 0;
    }
    inletFuelElement
    {
        type            calculated;
        value           nonuniform List<scalar> 
12
(
3.04256e+06
3.04137e+06
3.04247e+06
3.04168e+06
3.04168e+06
3.04247e+06
3.04137e+06
3.04256e+06
3.04168e+06
3.04247e+06
3.04247e+06
3.04169e+06
)
;
    }
    defaultFaces
    {
        type            calculated;
        value           nonuniform List<scalar> 
450
(
0
0
0
0
0
0
0
0
0
0
0
0
0
0
0
0
0
0
0
0
0
0
0
0
0
0
0
0
0
0
0
0
0
0
0
0
0
0
0
0
0
0
0
0
0
0
0
0
1.29708e+06
1.29708e+06
1.29708e+06
2.36619e+06
2.36619e+06
2.36619e+06
3.0933e+06
3.0933e+06
3.0933e+06
3.50296e+06
3.50296e+06
3.50296e+06
3.63826e+06
3.63826e+06
3.63826e+06
3.56387e+06
3.56387e+06
3.56387e+06
3.3688e+06
3.3688e+06
3.3688e+06
3.16296e+06
3.16296e+06
3.16296e+06
3.00881e+06
3.00881e+06
3.00881e+06
0
0
0
0
0
0
0
0
0
0
0
0
0
0
0
0
0
0
0
0
0
0
0
0
0
0
0
0
0
0
0
0
1.31536e+06
1.31536e+06
2.37878e+06
2.37878e+06
3.10146e+06
3.10146e+06
3.50786e+06
3.50786e+06
3.64094e+06
3.64094e+06
3.56518e+06
3.56518e+06
3.36936e+06
3.36936e+06
3.16309e+06
3.16309e+06
3.00879e+06
3.00879e+06
0
0
0
0
0
0
0
0
0
0
0
0
0
0
0
0
1.20347e+06
2.30093e+06
3.05027e+06
3.47631e+06
3.62269e+06
3.55495e+06
3.36341e+06
3.15965e+06
3.00766e+06
0
0
0
0
0
0
0
0
0
0
0
0
0
0
0
0
1.20347e+06
2.30093e+06
3.05027e+06
3.47631e+06
3.62269e+06
3.55495e+06
3.36341e+06
3.15965e+06
3.00766e+06
0
0
0
0
0
0
0
0
0
0
0
0
0
0
0
0
0
0
0
0
0
0
0
0
0
0
0
0
0
0
0
0
1.31534e+06
1.31534e+06
2.37877e+06
2.37877e+06
3.10145e+06
3.10145e+06
3.50785e+06
3.50785e+06
3.64093e+06
3.64093e+06
3.56517e+06
3.56517e+06
3.36935e+06
3.36935e+06
3.16308e+06
3.16308e+06
3.00878e+06
3.00878e+06
0
0
0
0
0
0
0
0
0
0
0
0
0
0
0
0
0
0
0
0
0
0
0
0
0
0
0
0
0
0
0
0
0
0
0
0
0
0
0
0
0
0
0
0
0
0
0
0
1.29708e+06
1.29708e+06
1.29708e+06
2.36619e+06
2.36619e+06
2.36619e+06
3.0933e+06
3.0933e+06
3.0933e+06
3.50296e+06
3.50296e+06
3.50296e+06
3.63826e+06
3.63826e+06
3.63826e+06
3.56387e+06
3.56387e+06
3.56387e+06
3.3688e+06
3.3688e+06
3.3688e+06
3.16296e+06
3.16296e+06
3.16296e+06
3.00881e+06
3.00881e+06
3.00881e+06
0
0
0
0
0
0
0
0
0
0
0
0
0
0
0
0
1.20347e+06
2.30093e+06
3.05027e+06
3.47631e+06
3.62269e+06
3.55495e+06
3.36341e+06
3.15965e+06
3.00766e+06
0
0
0
0
0
0
0
0
0
0
0
0
0
0
0
0
0
0
0
0
0
0
0
0
0
0
0
0
0
0
0
0
1.31536e+06
1.31536e+06
2.37878e+06
2.37878e+06
3.10146e+06
3.10146e+06
3.50786e+06
3.50786e+06
3.64094e+06
3.64094e+06
3.56518e+06
3.56518e+06
3.36936e+06
3.36936e+06
3.16309e+06
3.16309e+06
3.00879e+06
3.00879e+06
0
0
0
0
0
0
0
0
0
0
0
0
0
0
0
0
0
0
0
0
0
0
0
0
0
0
0
0
0
0
0
0
1.31534e+06
1.31534e+06
2.37877e+06
2.37877e+06
3.10145e+06
3.10145e+06
3.50785e+06
3.50785e+06
3.64093e+06
3.64093e+06
3.56517e+06
3.56517e+06
3.36935e+06
3.36935e+06
3.16308e+06
3.16308e+06
3.00878e+06
3.00878e+06
0
0
0
0
0
0
0
0
0
0
0
0
0
0
0
0
1.20347e+06
2.30093e+06
3.05027e+06
3.47631e+06
3.62269e+06
3.55495e+06
3.36341e+06
3.15965e+06
3.00766e+06
)
;
    }
    baffle_master
    {
        type            calculated;
        value           uniform 0;
    }
    baffle_slave
    {
        type            calculated;
        value           nonuniform List<scalar> 
150
(
0
0
0
0
0
0
0
0
0
0
0
0
0
0
0
0
0
0
0
0
0
0
0
0
0
0
0
0
0
0
0
0
0
0
0
0
0
0
0
0
0
0
0
0
0
0
0
0
1.17527e+06
1.20347e+06
1.20347e+06
2.28123e+06
2.30093e+06
2.30093e+06
3.03725e+06
3.05027e+06
3.05027e+06
3.46821e+06
3.47631e+06
3.47631e+06
3.61792e+06
3.62269e+06
3.62269e+06
3.55219e+06
3.55495e+06
3.55495e+06
3.36171e+06
3.36341e+06
3.36341e+06
3.15857e+06
3.15965e+06
3.15965e+06
3.00726e+06
3.00766e+06
3.00766e+06
0
0
0
0
0
0
0
0
0
0
0
0
0
0
0
0
0
0
0
0
0
0
0
0
0
0
0
0
0
0
0
0
0
0
0
0
0
0
0
0
0
0
0
0
0
0
0
0
1.20347e+06
1.17527e+06
1.20347e+06
2.30093e+06
2.28123e+06
2.30093e+06
3.05027e+06
3.03725e+06
3.05027e+06
3.47631e+06
3.46821e+06
3.47631e+06
3.62269e+06
3.61792e+06
3.62269e+06
3.55495e+06
3.55219e+06
3.55495e+06
3.36341e+06
3.36171e+06
3.36341e+06
3.15965e+06
3.15857e+06
3.15965e+06
3.00766e+06
3.00726e+06
3.00766e+06
)
;
    }
}


// ************************************************************************* //
