/*--------------------------------*- C++ -*----------------------------------*\
| =========                 |                                                 |
| \\      /  F ield         | OpenFOAM: The Open Source CFD Toolbox           |
|  \\    /   O peration     | Version:  2212                                  |
|   \\  /    A nd           | Website:  www.openfoam.com                      |
|    \\/     M anipulation  |                                                 |
\*---------------------------------------------------------------------------*/
FoamFile
{
    version     2.0;
    format      ascii;
    arch        "LSB;label=32;scalar=64";
    class       volScalarField;
    location    "35/fluidRegion";
    object      nut;
}
// * * * * * * * * * * * * * * * * * * * * * * * * * * * * * * * * * * * * * //

dimensions      [0 2 -1 0 0 0 0];

internalField   nonuniform List<scalar> 
350
(
0.000537569
0.000537526
0.000537483
0.000537441
0.0005374
0.00053736
0.000537321
0.000537282
0.000537244
0.000537204
0.000537163
0.000537121
0.000537078
0.000537036
0.000536998
0.000536966
0.000536944
0.000536938
0.000536955
0.000537009
0.000537115
0.000537301
0.000537608
0.000538101
0.000539505
0.000537569
0.000537526
0.000537483
0.000537441
0.0005374
0.00053736
0.000537321
0.000537282
0.000537244
0.000537204
0.000537163
0.000537121
0.000537078
0.000537036
0.000536998
0.000536966
0.000536944
0.000536938
0.000536955
0.000537009
0.000537115
0.000537301
0.000537608
0.000538101
0.000539505
0.0102934
0.0100821
0.00981945
0.00950058
0.00913045
0.00871423
0.00825725
0.00776501
0.00724315
0.00669755
0.00613439
0.00556025
0.00498228
0.00440824
0.00384638
0.00330512
0.00279261
0.00231616
0.00188198
0.00149529
0.00116068
0.000882626
0.000665344
0.000511352
0.0004164
0.0103595
0.0101472
0.00988361
0.00956335
0.00919141
0.00877298
0.00831343
0.00781827
0.00729318
0.00674406
0.00617709
0.00559891
0.00501671
0.00443829
0.003872
0.0033264
0.00280974
0.00232946
0.00189185
0.00150219
0.00116512
0.000885147
0.000666514
0.000511728
0.000416466
0.0102827
0.0100714
0.00980896
0.00949035
0.00912055
0.00870472
0.00824819
0.00775644
0.00723513
0.00669012
0.00612758
0.00555411
0.00497683
0.00440348
0.00384232
0.00330175
0.00278989
0.00231403
0.00188038
0.00149414
0.00115991
0.000882142
0.000665065
0.000511205
0.000416351
0.0103449
0.0101328
0.00986937
0.00954938
0.00917782
0.00875985
0.00830085
0.00780632
0.00728193
0.00673358
0.00616745
0.00559017
0.00500891
0.00443147
0.00386618
0.00332156
0.00280584
0.00232643
0.0018896
0.00150062
0.00116412
0.000884579
0.000666257
0.000511653
0.000416457
0.0103449
0.0101328
0.00986937
0.00954938
0.00917782
0.00875985
0.00830085
0.00780632
0.00728193
0.00673358
0.00616745
0.00559017
0.00500891
0.00443147
0.00386618
0.00332156
0.00280584
0.00232643
0.0018896
0.00150062
0.00116412
0.000884579
0.000666257
0.000511653
0.000416457
0.0102827
0.0100714
0.00980896
0.00949035
0.00912055
0.00870472
0.00824819
0.00775644
0.00723513
0.00669013
0.00612759
0.00555411
0.00497683
0.00440349
0.00384232
0.00330175
0.00278989
0.00231403
0.00188038
0.00149414
0.00115991
0.000882142
0.000665065
0.000511205
0.000416351
0.0103595
0.0101472
0.00988361
0.00956335
0.00919141
0.00877298
0.00831343
0.00781826
0.00729318
0.00674405
0.00617709
0.00559891
0.0050167
0.00443829
0.003872
0.0033264
0.00280974
0.00232946
0.00189185
0.00150219
0.00116512
0.000885147
0.000666514
0.000511728
0.000416466
0.0102934
0.0100821
0.00981945
0.00950058
0.00913045
0.00871423
0.00825725
0.00776501
0.00724315
0.00669755
0.00613439
0.00556025
0.00498228
0.00440824
0.00384638
0.00330512
0.00279261
0.00231616
0.00188198
0.00149529
0.00116068
0.000882627
0.000665346
0.000511353
0.0004164
0.0103449
0.0101328
0.00986937
0.00954938
0.00917782
0.00875985
0.00830085
0.00780632
0.00728193
0.00673358
0.00616745
0.00559017
0.00500891
0.00443147
0.00386618
0.00332156
0.00280584
0.00232643
0.0018896
0.00150062
0.00116412
0.00088458
0.000666257
0.000511653
0.000416457
0.0102827
0.0100714
0.00980896
0.00949035
0.00912055
0.00870472
0.00824819
0.00775644
0.00723513
0.00669012
0.00612758
0.00555411
0.00497683
0.00440348
0.00384232
0.00330175
0.00278989
0.00231403
0.00188038
0.00149414
0.00115991
0.00088214
0.000665063
0.000511204
0.00041635
0.0102827
0.0100714
0.00980896
0.00949035
0.00912056
0.00870472
0.00824819
0.00775645
0.00723514
0.00669013
0.00612759
0.00555411
0.00497683
0.00440349
0.00384232
0.00330176
0.00278989
0.00231404
0.00188038
0.00149414
0.00115991
0.000882142
0.000665065
0.000511205
0.000416351
0.0103449
0.0101328
0.00986937
0.00954938
0.00917782
0.00875985
0.00830085
0.00780632
0.00728193
0.00673358
0.00616745
0.00559017
0.00500891
0.00443147
0.00386618
0.00332156
0.00280584
0.00232643
0.0018896
0.00150062
0.00116412
0.000884581
0.000666258
0.000511654
0.000416458
)
;

boundaryField
{
    outletCentralUnloaded
    {
        type            zeroGradient;
    }
    inletCentralUnloaded
    {
        type            zeroGradient;
    }
    outletFuelElement
    {
        type            zeroGradient;
    }
    inletFuelElement
    {
        type            zeroGradient;
    }
    defaultFaces
    {
        type            zeroGradient;
    }
    baffle_master
    {
        type            calculated;
        value           nonuniform List<scalar> 
150
(
0.000537569
0.000537569
0.000537569
0.000537526
0.000537526
0.000537526
0.000537483
0.000537483
0.000537483
0.000537441
0.000537441
0.000537441
0.0005374
0.0005374
0.0005374
0.00053736
0.00053736
0.00053736
0.000537321
0.000537321
0.000537321
0.000537282
0.000537282
0.000537282
0.000537244
0.000537244
0.000537244
0.000537204
0.000537204
0.000537204
0.000537163
0.000537163
0.000537163
0.000537121
0.000537121
0.000537121
0.000537078
0.000537078
0.000537078
0.000537036
0.000537036
0.000537036
0.000536998
0.000536998
0.000536998
0.000536966
0.000536966
0.000536966
0.000536944
0.000536944
0.000536944
0.000536938
0.000536938
0.000536938
0.000536955
0.000536955
0.000536955
0.000537009
0.000537009
0.000537009
0.000537115
0.000537115
0.000537115
0.000537301
0.000537301
0.000537301
0.000537608
0.000537608
0.000537608
0.000538101
0.000538101
0.000538101
0.000539505
0.000539505
0.000539505
0.000537569
0.000537569
0.000537569
0.000537526
0.000537526
0.000537526
0.000537483
0.000537483
0.000537483
0.000537441
0.000537441
0.000537441
0.0005374
0.0005374
0.0005374
0.00053736
0.00053736
0.00053736
0.000537321
0.000537321
0.000537321
0.000537282
0.000537282
0.000537282
0.000537244
0.000537244
0.000537244
0.000537204
0.000537204
0.000537204
0.000537163
0.000537163
0.000537163
0.000537121
0.000537121
0.000537121
0.000537078
0.000537078
0.000537078
0.000537036
0.000537036
0.000537036
0.000536998
0.000536998
0.000536998
0.000536966
0.000536966
0.000536966
0.000536944
0.000536944
0.000536944
0.000536938
0.000536938
0.000536938
0.000536955
0.000536955
0.000536955
0.000537009
0.000537009
0.000537009
0.000537115
0.000537115
0.000537115
0.000537301
0.000537301
0.000537301
0.000537608
0.000537608
0.000537608
0.000538101
0.000538101
0.000538101
0.000539505
0.000539505
0.000539505
)
;
    }
    baffle_slave
    {
        type            calculated;
        value           nonuniform List<scalar> 
150
(
0.0103595
0.0103449
0.0103449
0.0101472
0.0101328
0.0101328
0.00988361
0.00986937
0.00986937
0.00956335
0.00954938
0.00954938
0.00919141
0.00917782
0.00917782
0.00877298
0.00875985
0.00875985
0.00831343
0.00830085
0.00830085
0.00781827
0.00780632
0.00780632
0.00729318
0.00728193
0.00728193
0.00674406
0.00673358
0.00673358
0.00617709
0.00616745
0.00616745
0.00559891
0.00559017
0.00559017
0.00501671
0.00500891
0.00500891
0.00443829
0.00443147
0.00443147
0.003872
0.00386618
0.00386618
0.0033264
0.00332156
0.00332156
0.00280974
0.00280584
0.00280584
0.00232946
0.00232643
0.00232643
0.00189185
0.0018896
0.0018896
0.00150219
0.00150062
0.00150062
0.00116512
0.00116412
0.00116412
0.000885147
0.000884579
0.000884581
0.000666514
0.000666257
0.000666258
0.000511728
0.000511653
0.000511654
0.000416466
0.000416457
0.000416458
0.0103449
0.0103595
0.0103449
0.0101328
0.0101472
0.0101328
0.00986937
0.00988361
0.00986937
0.00954938
0.00956335
0.00954938
0.00917782
0.00919141
0.00917782
0.00875985
0.00877298
0.00875985
0.00830085
0.00831343
0.00830085
0.00780632
0.00781826
0.00780632
0.00728193
0.00729318
0.00728193
0.00673358
0.00674405
0.00673358
0.00616745
0.00617709
0.00616745
0.00559017
0.00559891
0.00559017
0.00500891
0.0050167
0.00500891
0.00443147
0.00443829
0.00443147
0.00386618
0.003872
0.00386618
0.00332156
0.0033264
0.00332156
0.00280584
0.00280974
0.00280584
0.00232643
0.00232946
0.00232643
0.0018896
0.00189185
0.0018896
0.00150062
0.00150219
0.00150062
0.00116412
0.00116512
0.00116412
0.000884579
0.000885147
0.00088458
0.000666257
0.000666514
0.000666257
0.000511653
0.000511728
0.000511653
0.000416457
0.000416466
0.000416457
)
;
    }
}


// ************************************************************************* //
