/*--------------------------------*- C++ -*----------------------------------*\
| =========                 |                                                 |
| \\      /  F ield         | OpenFOAM: The Open Source CFD Toolbox           |
|  \\    /   O peration     | Version:  2212                                  |
|   \\  /    A nd           | Website:  www.openfoam.com                      |
|    \\/     M anipulation  |                                                 |
\*---------------------------------------------------------------------------*/
FoamFile
{
    version     2.0;
    format      ascii;
    arch        "LSB;label=32;scalar=64";
    class       volScalarField;
    location    "35/fluidRegion";
    object      T;
}
// * * * * * * * * * * * * * * * * * * * * * * * * * * * * * * * * * * * * * //

dimensions      [0 0 0 1 0 0 0];

internalField   nonuniform List<scalar> 
350
(
83.2889
83.2893
83.2897
83.2902
83.2907
83.2911
83.2916
83.2921
83.2926
83.2931
83.2936
83.2941
83.2946
83.2951
83.2955
83.296
83.2964
83.2969
83.2973
83.2978
83.2982
83.2987
83.2991
83.2996
83.3
83.2889
83.2893
83.2897
83.2902
83.2907
83.2911
83.2916
83.2921
83.2926
83.2931
83.2936
83.2941
83.2946
83.2951
83.2955
83.296
83.2964
83.2969
83.2973
83.2978
83.2982
83.2987
83.2991
83.2996
83.3
1804.32
1799.05
1781.38
1751.54
1709.88
1656.88
1593.16
1519.48
1436.69
1345.81
1247.99
1144.55
1037.01
927.124
816.832
708.222
603.381
504.257
412.547
329.681
256.917
195.44
146.467
111.145
90.1404
1832.08
1827.04
1809.39
1779.35
1737.28
1683.66
1619.12
1544.41
1460.42
1368.17
1268.81
1163.68
1054.32
942.474
830.146
719.472
612.609
511.572
418.118
333.719
259.656
197.126
147.357
111.503
90.2167
1799.81
1794.52
1776.86
1747.08
1705.5
1652.62
1589.05
1515.54
1432.96
1342.31
1244.74
1141.58
1034.34
924.768
814.8
706.515
601.99
503.162
411.719
329.085
256.517
195.196
146.338
111.092
90.1282
1825.84
1820.73
1803.06
1773.06
1731.06
1677.57
1613.21
1538.72
1455
1363.06
1264.04
1159.29
1050.34
938.94
827.077
716.875
610.477
509.88
416.828
332.783
259.021
196.735
147.15
111.42
90.1991
1825.84
1820.73
1803.06
1773.06
1731.06
1677.57
1613.21
1538.72
1455
1363.06
1264.04
1159.29
1050.34
938.941
827.077
716.875
610.477
509.88
416.828
332.783
259.021
196.735
147.15
111.42
90.1991
1799.81
1794.52
1776.87
1747.08
1705.5
1652.62
1589.05
1515.54
1432.96
1342.31
1244.74
1141.58
1034.34
924.77
814.802
706.516
601.991
503.163
411.719
329.086
256.517
195.196
146.339
111.092
90.1282
1832.08
1827.04
1809.39
1779.35
1737.28
1683.66
1619.12
1544.41
1460.42
1368.17
1268.81
1163.68
1054.32
942.474
830.146
719.472
612.609
511.572
418.118
333.719
259.656
197.126
147.357
111.503
90.2167
1804.32
1799.05
1781.38
1751.54
1709.88
1656.88
1593.16
1519.48
1436.69
1345.81
1247.99
1144.55
1037.01
927.124
816.832
708.222
603.381
504.257
412.547
329.681
256.917
195.44
146.467
111.145
90.1404
1825.84
1820.73
1803.06
1773.06
1731.06
1677.57
1613.21
1538.72
1455
1363.06
1264.04
1159.29
1050.34
938.941
827.077
716.876
610.477
509.88
416.828
332.783
259.021
196.735
147.15
111.42
90.1991
1799.81
1794.52
1776.86
1747.08
1705.5
1652.62
1589.05
1515.54
1432.96
1342.31
1244.74
1141.58
1034.34
924.768
814.801
706.515
601.99
503.162
411.719
329.085
256.517
195.196
146.338
111.092
90.1282
1799.81
1794.52
1776.87
1747.08
1705.5
1652.62
1589.05
1515.54
1432.96
1342.31
1244.74
1141.58
1034.34
924.769
814.802
706.516
601.991
503.163
411.719
329.086
256.517
195.196
146.339
111.092
90.1282
1825.84
1820.73
1803.06
1773.06
1731.06
1677.57
1613.21
1538.72
1455
1363.06
1264.04
1159.29
1050.34
938.94
827.077
716.875
610.477
509.88
416.828
332.783
259.021
196.735
147.15
111.42
90.1991
)
;

boundaryField
{
    outletCentralUnloaded
    {
        type            zeroGradient;
    }
    inletCentralUnloaded
    {
        type            fixedValue;
        value           uniform 83.3;
    }
    outletFuelElement
    {
        type            zeroGradient;
    }
    inletFuelElement
    {
        type            fixedValue;
        value           uniform 83.3;
    }
    defaultFaces
    {
        type            zeroGradient;
    }
    baffle_master
    {
        type            zeroGradient;
    }
    baffle_slave
    {
        type            zeroGradient;
    }
}


// ************************************************************************* //
