/*--------------------------------*- C++ -*----------------------------------*\
| =========                 |                                                 |
| \\      /  F ield         | OpenFOAM: The Open Source CFD Toolbox           |
|  \\    /   O peration     | Version:  2212                                  |
|   \\  /    A nd           | Website:  www.openfoam.com                      |
|    \\/     M anipulation  |                                                 |
\*---------------------------------------------------------------------------*/
FoamFile
{
    version     2.0;
    format      ascii;
    arch        "LSB;label=32;scalar=64";
    class       volVectorField;
    location    "35/fluidRegion";
    object      U;
}
// * * * * * * * * * * * * * * * * * * * * * * * * * * * * * * * * * * * * * //

dimensions      [0 1 -1 0 0 0 0];

internalField   nonuniform List<vector> 
350
(
(6.09555e-08 3.51926e-08 -14.9667)
(8.03126e-08 4.63683e-08 -14.9655)
(7.90611e-08 4.56458e-08 -14.9644)
(6.94918e-08 4.0121e-08 -14.9633)
(4.9031e-08 2.8308e-08 -14.9622)
(1.57327e-08 9.08325e-09 -14.9613)
(-2.82127e-08 -1.62885e-08 -14.9604)
(-7.6206e-08 -4.39974e-08 -14.9594)
(-1.18799e-07 -6.85886e-08 -14.9585)
(-1.46099e-07 -8.43499e-08 -14.9574)
(-1.50917e-07 -8.7132e-08 -14.9562)
(-1.31376e-07 -7.58497e-08 -14.9548)
(-9.1663e-08 -5.29215e-08 -14.9533)
(-4.05074e-08 -2.33869e-08 -14.9517)
(1.16256e-08 6.712e-09 -14.9501)
(5.56134e-08 3.21083e-08 -14.9486)
(8.58522e-08 4.95667e-08 -14.947)
(1.00967e-07 5.82929e-08 -14.9456)
(1.02955e-07 5.94412e-08 -14.9443)
(9.55565e-08 5.51694e-08 -14.9431)
(8.3048e-08 4.79477e-08 -14.9419)
(6.93757e-08 4.00539e-08 -14.9408)
(5.24711e-08 3.02941e-08 -14.9397)
(-5.43584e-09 -3.13837e-09 -14.9387)
(-1.34423e-07 -7.7609e-08 -14.9691)
(6.09555e-08 3.51926e-08 -14.9667)
(8.03126e-08 4.63683e-08 -14.9655)
(7.90611e-08 4.56458e-08 -14.9644)
(6.94918e-08 4.0121e-08 -14.9633)
(4.9031e-08 2.8308e-08 -14.9622)
(1.57327e-08 9.08325e-09 -14.9613)
(-2.82127e-08 -1.62885e-08 -14.9604)
(-7.6206e-08 -4.39974e-08 -14.9594)
(-1.18799e-07 -6.85886e-08 -14.9585)
(-1.46099e-07 -8.43499e-08 -14.9574)
(-1.50917e-07 -8.7132e-08 -14.9562)
(-1.31376e-07 -7.58497e-08 -14.9548)
(-9.1663e-08 -5.29215e-08 -14.9533)
(-4.05074e-08 -2.33869e-08 -14.9517)
(1.16256e-08 6.712e-09 -14.9501)
(5.56134e-08 3.21083e-08 -14.9486)
(8.58522e-08 4.95667e-08 -14.947)
(1.00967e-07 5.82929e-08 -14.9456)
(1.02955e-07 5.94412e-08 -14.9443)
(9.55565e-08 5.51694e-08 -14.9431)
(8.3048e-08 4.79477e-08 -14.9419)
(6.93757e-08 4.00539e-08 -14.9408)
(5.24711e-08 3.02941e-08 -14.9397)
(-5.43584e-09 -3.13837e-09 -14.9387)
(-1.34423e-07 -7.7609e-08 -14.9691)
(-0.00193305 -0.00111604 -418.458)
(-0.00094959 -0.000548246 -410.798)
(-0.00103574 -0.000597983 -401.062)
(-0.000931579 -0.000537847 -388.989)
(-0.000842857 -0.000486623 -374.772)
(-0.000760256 -0.000438934 -358.613)
(-0.000683357 -0.000394536 -340.721)
(-0.000608196 -0.000351142 -321.31)
(-0.000526788 -0.000304141 -300.601)
(-0.000425981 -0.00024594 -278.822)
(-0.000289866 -0.000167354 -256.213)
(-0.000102745 -5.93196e-05 -233.031)
(0.000138524 7.9977e-05 -209.56)
(0.000414704 0.000239429 -186.109)
(0.000694187 0.000400788 -163.016)
(0.000930713 0.000537347 -140.634)
(0.0010887 0.000628563 -119.307)
(0.00115944 0.000669403 -99.3482)
(0.00116221 0.000671002 -81.0229)
(0.00113031 0.000652583 -64.5526)
(0.00109327 0.000631199 -50.1292)
(0.00105731 0.000610435 -37.9409)
(0.00100648 0.000581091 -28.1949)
(0.000872969 0.000504008 -21.1125)
(0.000827208 0.000477588 -16.6325)
(-0.00186661 -0.00109172 -421.137)
(-0.000695957 -0.00039984 -413.438)
(-0.000794719 -0.00046223 -403.673)
(-0.000721414 -0.00042301 -391.55)
(-0.000659262 -0.000389944 -377.265)
(-0.000601555 -0.000358008 -361.022)
(-0.000547714 -0.000327939 -343.03)
(-0.000494561 -0.000298133 -323.506)
(-0.000436332 -0.000265479 -302.67)
(-0.000363433 -0.000224441 -280.753)
(-0.000265051 -0.000169166 -257.994)
(-0.000130097 -9.22458e-05 -234.651)
(4.44205e-05 5.91916e-06 -211.009)
(0.000237875 0.000115267 -187.381)
(0.000432576 0.000224931 -164.108)
(0.000595648 0.000316179 -141.546)
(0.000703551 0.000375352 -120.047)
(0.0007513 0.000399868 -99.9267)
(0.000752965 0.000397448 -81.4562)
(0.00073125 0.000382129 -64.8591)
(0.000707054 0.00036616 -50.3293)
(0.000685618 0.000354712 -38.0564)
(0.000662182 0.000341896 -28.2491)
(0.000602619 0.000312813 -21.1293)
(0.000622114 0.000331634 -16.6345)
(-0.000861636 -0.000667104 -418.029)
(-0.000512348 -0.000980481 -410.368)
(-0.00050082 -0.00093626 -400.639)
(-0.000453766 -0.000823894 -388.576)
(-0.000409859 -0.000725079 -374.371)
(-0.000369644 -0.000633869 -358.226)
(-0.000331786 -0.000549211 -340.351)
(-0.000293377 -0.00046715 -320.959)
(-0.000248944 -0.000378404 -300.271)
(-0.000190417 -0.000268719 -278.515)
(-0.000109084 -0.000119079 -255.931)
(1.72978e-06 8.61164e-05 -232.776)
(0.000143375 0.000349472 -209.331)
(0.000295193 0.000661573 -185.908)
(0.000442908 0.000977113 -162.844)
(0.00056003 0.00124458 -140.491)
(0.000630409 0.00142225 -119.19)
(0.00065333 0.00149945 -99.2561)
(0.000642181 0.00149824 -80.9532)
(0.000615113 0.00145702 -64.5021)
(0.000586214 0.00140707 -50.0947)
(0.00055907 0.00135164 -37.919)
(0.000518902 0.00125417 -28.1821)
(0.00045224 0.00101291 -21.1058)
(0.000391631 0.000797054 -16.6303)
(-0.000969984 -0.000560019 -420.54)
(-0.000934528 -0.000539548 -412.85)
(-0.000900181 -0.000519718 -403.089)
(-0.000800402 -0.000462111 -390.976)
(-0.00071122 -0.000410622 -376.706)
(-0.000629102 -0.000363211 -360.48)
(-0.000552476 -0.000318971 -342.51)
(-0.000477224 -0.000275525 -323.011)
(-0.000393955 -0.000227449 -302.203)
(-0.000288669 -0.000166663 -280.316)
(-0.000144147 -8.32231e-05 -257.59)
(5.36011e-05 3.09465e-05 -234.284)
(0.000307122 0.000177316 -210.68)
(0.000597283 0.00034484 -187.091)
(0.000886952 0.00051208 -163.859)
(0.00112723 0.000650805 -141.338)
(0.00128186 0.000740081 -119.878)
(0.00134376 0.000775817 -99.7946)
(0.00133536 0.00077097 -81.3573)
(0.00129208 0.000745983 -64.7893)
(0.00124236 0.000717275 -50.2838)
(0.00119084 0.00068753 -38.0304)
(0.00110523 0.0006381 -28.2372)
(0.000914034 0.000527716 -21.126)
(0.00074259 0.000428733 -16.6344)
(0.000956037 0.000551967 -420.54)
(0.00094033 0.000542898 -412.85)
(0.000903966 0.000521904 -403.089)
(0.000804303 0.000464363 -390.976)
(0.000714545 0.000412542 -376.706)
(0.000631936 0.000364847 -360.48)
(0.000555039 0.000320451 -342.51)
(0.000479103 0.00027661 -323.011)
(0.000395192 0.000228164 -302.203)
(0.000289245 0.000166995 -280.316)
(0.000143539 8.28722e-05 -257.59)
(-5.55916e-05 -3.20957e-05 -234.284)
(-0.000310685 -0.000179374 -210.68)
(-0.000602572 -0.000347894 -187.091)
(-0.000893905 -0.000516095 -163.859)
(-0.00113584 -0.000655776 -141.338)
(-0.00129243 -0.000746182 -119.878)
(-0.00135667 -0.000783274 -99.7946)
(-0.00135044 -0.000779677 -81.3573)
(-0.00130919 -0.00075586 -64.7893)
(-0.00126125 -0.000728179 -50.2838)
(-0.00120996 -0.000698566 -38.0304)
(-0.00112347 -0.000648633 -28.2372)
(-0.000929127 -0.00053643 -21.126)
(-0.000753726 -0.000435163 -16.6344)
(0.000996949 0.000424029 -418.029)
(0.00110784 -4.28389e-05 -410.368)
(0.00106238 -3.06351e-05 -400.639)
(0.000941701 -1.54693e-05 -388.576)
(0.00083405 -4.61823e-06 -374.371)
(0.000734608 6.62862e-06 -358.227)
(0.000642134 1.65161e-05 -340.351)
(0.000551315 2.50476e-05 -320.959)
(0.000451756 3.15859e-05 -300.271)
(0.00032681 3.69895e-05 -278.515)
(0.000155709 4.21699e-05 -255.931)
(-7.8233e-05 4.94953e-05 -232.776)
(-0.000378226 5.95589e-05 -209.331)
(-0.000725555 8.51094e-05 -185.908)
(-0.00107377 0.000115892 -162.844)
(-0.00136508 0.000149146 -140.491)
(-0.00155534 0.000177458 -119.19)
(-0.00163496 0.000196025 -99.2561)
(-0.00162958 0.000204508 -80.9532)
(-0.00158142 0.000205941 -64.5021)
(-0.00152474 0.000204347 -50.0946)
(-0.00146332 0.000197994 -37.9189)
(-0.00135849 0.000182388 -28.1821)
(-0.00111416 0.000117753 -21.1057)
(-0.000893263 5.71901e-05 -16.6303)
(0.001867 0.00109542 -421.137)
(0.000697014 0.000403144 -413.438)
(0.000797599 0.000459428 -403.673)
(0.000726305 0.00041526 -391.55)
(0.000665564 0.000377866 -377.265)
(0.000608606 0.000344828 -361.022)
(0.000555084 0.000313953 -343.03)
(0.000502142 0.000284332 -323.506)
(0.000444009 0.000251574 -302.67)
(0.000371256 0.000211103 -280.753)
(0.000272796 0.000155623 -257.994)
(0.000137645 7.89934e-05 -234.651)
(-3.68837e-05 -2.01332e-05 -211.009)
(-0.000230733 -0.000129957 -187.381)
(-0.000426142 -0.000240513 -164.108)
(-0.000590559 -0.00033243 -141.546)
(-0.000701064 -0.000392348 -120.047)
(-0.000753179 -0.000417129 -99.9267)
(-0.00076118 -0.000414902 -81.4562)
(-0.000748282 -0.000399184 -64.8591)
(-0.000737582 -0.000380366 -50.3293)
(-0.000730734 -0.000364083 -38.0564)
(-0.00072056 -0.000348032 -28.2491)
(-0.000665133 -0.000315772 -21.1293)
(-0.000680688 -0.000338426 -16.6345)
(0.00193409 0.00111665 -418.458)
(0.000950754 0.000548918 -410.798)
(0.00103596 0.000598113 -401.062)
(0.00093132 0.000537698 -388.989)
(0.000842046 0.000486155 -374.772)
(0.00075951 0.000438503 -358.613)
(0.000682518 0.000394052 -340.721)
(0.000607533 0.000350759 -321.31)
(0.000526137 0.000303765 -300.601)
(0.000425553 0.000245693 -278.822)
(0.00028935 0.000167056 -256.213)
(0.000102216 5.90143e-05 -233.031)
(-0.000139319 -8.04358e-05 -209.56)
(-0.000415783 -0.000240052 -186.109)
(-0.000695834 -0.00040174 -163.016)
(-0.000933157 -0.000538758 -140.634)
(-0.00109254 -0.000630776 -119.307)
(-0.00116532 -0.000672798 -99.3482)
(-0.00117108 -0.000676125 -81.0229)
(-0.00114328 -0.000660073 -64.5526)
(-0.00111202 -0.000642027 -50.1292)
(-0.00108203 -0.00062471 -37.9409)
(-0.00103731 -0.000598888 -28.1949)
(-0.000905372 -0.000522716 -21.1125)
(-0.000859572 -0.000496274 -16.6325)
(0.000974076 0.000562381 -420.54)
(0.000939097 0.000542186 -412.85)
(0.000905294 0.00052267 -403.089)
(0.000806001 0.000465343 -390.976)
(0.0007169 0.000413901 -376.706)
(0.000635051 0.000366646 -360.48)
(0.000558859 0.000322657 -342.51)
(0.000483929 0.000279396 -323.011)
(0.00040105 0.000231546 -302.203)
(0.00029646 0.000171161 -280.316)
(0.00015236 8.79648e-05 -257.59)
(-4.53694e-05 -2.61939e-05 -234.284)
(-0.000298095 -0.000172104 -210.68)
(-0.000587504 -0.000339194 -187.091)
(-0.0008759 -0.0005057 -163.859)
(-0.0011143 -0.00064334 -141.338)
(-0.00126642 -0.000731168 -119.878)
(-0.001325 -0.000764987 -99.7946)
(-0.00131117 -0.000757005 -81.3573)
(-0.00126075 -0.000727895 -64.7893)
(-0.00119994 -0.000692786 -50.2838)
(-0.00113667 -0.000656256 -38.0304)
(-0.00103846 -0.000599556 -28.2372)
(-0.00084342 -0.000486947 -21.126)
(-0.000678361 -0.000391651 -16.6344)
(0.000864131 0.000667974 -418.029)
(0.000515714 0.000980918 -410.368)
(0.000506059 0.000935106 -400.639)
(0.000460938 0.00082121 -388.576)
(0.000418271 0.000721248 -374.371)
(0.000378813 0.000629654 -358.226)
(0.000341446 0.000544828 -340.351)
(0.000303367 0.000462823 -320.959)
(0.00025921 0.000374116 -300.271)
(0.000201121 0.00026457 -278.515)
(0.000119888 0.000115071 -255.931)
(9.15166e-06 -8.98551e-05 -232.776)
(-0.000132149 -0.000353062 -209.331)
(-0.000283871 -0.000664644 -185.908)
(-0.000431433 -0.000979399 -162.844)
(-0.00054856 -0.00124546 -140.491)
(-0.000619481 -0.00142068 -119.19)
(-0.000643683 -0.00149388 -99.2561)
(-0.000633897 -0.00148676 -80.9532)
(-0.000608681 -0.00143756 -64.5021)
(-0.000582017 -0.0013752 -50.0947)
(-0.000556826 -0.00130652 -37.919)
(-0.000516592 -0.00119698 -28.1821)
(-0.000448516 -0.00095172 -21.1058)
(-0.000387157 -0.000741871 -16.6303)
(-0.000994943 -0.00041882 -418.029)
(-0.0011057 4.82736e-05 -410.368)
(-0.00106024 3.1582e-05 -400.639)
(-0.000939356 1.30744e-05 -388.576)
(-0.00083171 -1.0597e-06 -374.371)
(-0.000732032 -1.28842e-05 -358.227)
(-0.000639487 -2.32704e-05 -340.351)
(-0.000548445 -3.14753e-05 -320.959)
(-0.000448791 -3.79964e-05 -300.271)
(-0.000323499 -4.26041e-05 -278.515)
(-0.000152233 -4.79308e-05 -255.931)
(8.15618e-05 -5.51626e-05 -232.776)
(0.000381885 -6.59411e-05 -209.331)
(0.000729506 -9.20334e-05 -185.908)
(0.00107797 -0.000123853 -162.844)
(0.00136959 -0.000158231 -140.491)
(0.00155992 -0.000188506 -119.19)
(0.00163926 -0.000209718 -99.2561)
(0.00163316 -0.000221851 -80.9532)
(0.00158326 -0.000227851 -64.5021)
(0.0015243 -0.000230622 -50.0946)
(0.00145926 -0.000227487 -37.9189)
(0.00135024 -0.00021544 -28.1821)
(0.00110259 -0.00015034 -21.1057)
(0.000876827 -9.22537e-05 -16.6303)
(-0.000951079 -0.000549105 -420.54)
(-0.000935017 -0.000539831 -412.85)
(-0.000899443 -0.000519292 -403.089)
(-0.000800237 -0.000462016 -390.976)
(-0.000711302 -0.000410669 -376.706)
(-0.000628614 -0.00036293 -360.48)
(-0.000551557 -0.000318441 -342.51)
(-0.000475274 -0.000274399 -323.011)
(-0.00039109 -0.000225795 -302.203)
(-0.000284319 -0.000164151 -280.316)
(-0.000138238 -7.98114e-05 -257.59)
(6.05918e-05 3.49826e-05 -234.284)
(0.000316273 0.0001826 -210.68)
(0.000608646 0.000351401 -187.091)
(0.000900626 0.000519975 -163.859)
(0.00114356 0.00066023 -141.338)
(0.00130106 0.000751166 -119.878)
(0.00136609 0.000788708 -99.7946)
(0.00136098 0.000785763 -81.3573)
(0.0013205 0.000762391 -64.7893)
(0.00127438 0.00073576 -50.2838)
(0.00122399 0.00070667 -38.0304)
(0.00113811 0.000657088 -28.2372)
(0.000941513 0.000543582 -21.126)
(0.000758179 0.000437734 -16.6344)
)
;

boundaryField
{
    outletCentralUnloaded
    {
        type            zeroGradient;
    }
    inletCentralUnloaded
    {
        type            fixedValue;
        value           uniform (0 0 -15);
    }
    outletFuelElement
    {
        type            zeroGradient;
    }
    inletFuelElement
    {
        type            fixedValue;
        value           uniform (0 0 -15);
    }
    defaultFaces
    {
        type            slip;
    }
    baffle_master
    {
        type            slip;
    }
    baffle_slave
    {
        type            slip;
    }
}


// ************************************************************************* //
