/*--------------------------------*- C++ -*----------------------------------*\
| =========                 |                                                 |
| \\      /  F ield         | OpenFOAM: The Open Source CFD Toolbox           |
|  \\    /   O peration     | Version:  2212                                  |
|   \\  /    A nd           | Website:  www.openfoam.com                      |
|    \\/     M anipulation  |                                                 |
\*---------------------------------------------------------------------------*/
FoamFile
{
    version     2.0;
    format      ascii;
    arch        "LSB;label=32;scalar=64";
    class       volScalarField;
    location    "71/fluidRegion";
    object      deltaT;
}
// * * * * * * * * * * * * * * * * * * * * * * * * * * * * * * * * * * * * * //

dimensions      [0 0 0 1 0 0 0];

internalField   nonuniform List<scalar> 
350
(
0
0
0
0
0
0
0
0
0
0
0
0
0
0
0
0
0
0
0
0
0
0
0
0
0
0
0
0
0
0
0
0
0
0
0
0
0
0
0
0
0
0
0
0
0
0
0
0
0
0
16.5154
49.4534
82.1281
114.489
146.477
178.035
209.11
239.653
269.611
298.919
327.476
355.116
381.573
406.448
429.204
449.178
465.592
477.474
483.413
481.034
466.033
430.783
363.152
249.686
91.108
16.6501
49.8572
82.795
115.415
147.656
179.461
210.779
241.562
271.76
301.314
330.13
358.049
384.809
410.009
433.098
453.392
470.089
482.201
488.317
486.055
471.086
435.687
367.495
252.745
92.1883
16.4938
49.3895
82.0223
114.343
146.29
177.808
208.845
239.348
269.268
298.536
327.051
354.647
381.056
405.88
428.584
448.511
464.883
476.732
482.649
480.259
465.262
430.048
362.514
249.242
90.9445
16.6187
49.763
82.6396
115.199
147.382
179.13
210.392
241.119
271.262
300.759
329.516
357.371
384.062
409.187
432.199
452.42
469.051
481.11
487.184
484.895
469.918
434.552
366.488
252.035
91.9383
16.6187
49.763
82.6397
115.199
147.382
179.13
210.392
241.119
271.262
300.759
329.516
357.371
384.062
409.187
432.199
452.42
469.051
481.109
487.184
484.895
469.918
434.552
366.488
252.035
91.9383
16.4938
49.3895
82.0224
114.343
146.29
177.808
208.844
239.348
269.268
298.536
327.051
354.647
381.055
405.88
428.584
448.511
464.883
476.732
482.65
480.259
465.262
430.049
362.515
249.243
90.9446
16.6501
49.8572
82.795
115.415
147.656
179.461
210.779
241.562
271.76
301.314
330.13
358.049
384.809
410.009
433.098
453.392
470.089
482.201
488.317
486.055
471.086
435.687
367.495
252.745
92.1883
16.5154
49.4534
82.1282
114.489
146.477
178.035
209.11
239.653
269.611
298.919
327.476
355.116
381.573
406.448
429.204
449.178
465.592
477.474
483.413
481.034
466.033
430.783
363.152
249.686
91.108
16.6187
49.7631
82.6397
115.199
147.382
179.13
210.392
241.119
271.262
300.759
329.516
357.371
384.062
409.187
432.199
452.42
469.05
481.109
487.184
484.895
469.918
434.552
366.488
252.035
91.9383
16.4938
49.3895
82.0224
114.343
146.29
177.808
208.845
239.348
269.268
298.536
327.051
354.647
381.056
405.88
428.584
448.511
464.883
476.732
482.649
480.259
465.262
430.048
362.514
249.242
90.9445
16.4938
49.3895
82.0223
114.343
146.29
177.808
208.844
239.348
269.268
298.536
327.051
354.647
381.055
405.88
428.584
448.511
464.883
476.732
482.65
480.259
465.262
430.048
362.515
249.243
90.9446
16.6187
49.763
82.6397
115.199
147.382
179.13
210.392
241.119
271.262
300.759
329.516
357.371
384.062
409.187
432.199
452.42
469.05
481.11
487.184
484.895
469.918
434.552
366.488
252.035
91.9382
)
;

boundaryField
{
    outletCentralUnloaded
    {
        type            calculated;
        value           uniform 0;
    }
    inletCentralUnloaded
    {
        type            calculated;
        value           uniform 0;
    }
    outletFuelElement
    {
        type            calculated;
        value           uniform 0;
    }
    inletFuelElement
    {
        type            calculated;
        value           uniform 616.7;
    }
    defaultFaces
    {
        type            calculated;
        value           nonuniform List<scalar> 
450
(
0
0
0
0
0
0
0
0
0
0
0
0
0
0
0
0
0
0
0
0
0
0
0
0
0
0
0
0
0
0
0
0
0
0
0
0
0
0
0
0
0
0
0
0
0
0
0
0
92.6369
92.6369
92.6369
192.577
192.577
192.577
285.025
285.025
285.025
368.544
368.544
368.544
441.874
441.874
441.874
503.832
503.832
503.832
553.195
553.195
553.195
588.791
588.791
588.791
609.915
609.915
609.915
0
0
0
0
0
0
0
0
0
0
0
0
0
0
0
0
0
0
0
0
0
0
0
0
0
0
0
0
0
0
0
0
94.045
94.045
193.686
193.686
285.864
285.864
369.146
369.146
442.279
442.279
504.08
504.08
553.325
553.325
588.844
588.844
609.928
609.928
0
0
0
0
0
0
0
0
0
0
0
0
0
0
0
0
85.4482
186.88
280.687
365.4
439.742
502.519
552.501
588.511
609.856
0
0
0
0
0
0
0
0
0
0
0
0
0
0
0
0
85.4482
186.88
280.687
365.4
439.742
502.519
552.501
588.511
609.856
0
0
0
0
0
0
0
0
0
0
0
0
0
0
0
0
0
0
0
0
0
0
0
0
0
0
0
0
0
0
0
0
94.0441
94.0441
193.685
193.685
285.863
285.863
369.146
369.146
442.279
442.279
504.079
504.079
553.325
553.325
588.844
588.844
609.928
609.928
0
0
0
0
0
0
0
0
0
0
0
0
0
0
0
0
0
0
0
0
0
0
0
0
0
0
0
0
0
0
0
0
0
0
0
0
0
0
0
0
0
0
0
0
0
0
0
0
92.6369
92.6369
92.6369
192.577
192.577
192.577
285.025
285.025
285.025
368.544
368.544
368.544
441.874
441.874
441.874
503.832
503.832
503.832
553.195
553.195
553.195
588.791
588.791
588.791
609.915
609.915
609.915
0
0
0
0
0
0
0
0
0
0
0
0
0
0
0
0
85.4482
186.88
280.687
365.399
439.742
502.519
552.501
588.511
609.856
0
0
0
0
0
0
0
0
0
0
0
0
0
0
0
0
0
0
0
0
0
0
0
0
0
0
0
0
0
0
0
0
94.0448
94.0448
193.686
193.686
285.863
285.863
369.146
369.146
442.279
442.279
504.08
504.08
553.325
553.325
588.844
588.844
609.928
609.928
0
0
0
0
0
0
0
0
0
0
0
0
0
0
0
0
0
0
0
0
0
0
0
0
0
0
0
0
0
0
0
0
94.0442
94.0442
193.685
193.685
285.863
285.863
369.146
369.146
442.279
442.279
504.08
504.08
553.325
553.325
588.844
588.844
609.928
609.928
0
0
0
0
0
0
0
0
0
0
0
0
0
0
0
0
85.4483
186.88
280.687
365.4
439.742
502.519
552.501
588.511
609.856
)
;
    }
    baffle_master
    {
        type            calculated;
        value           uniform 0;
    }
    baffle_slave
    {
        type            calculated;
        value           nonuniform List<scalar> 
150
(
0
0
0
0
0
0
0
0
0
0
0
0
0
0
0
0
0
0
0
0
0
0
0
0
0
0
0
0
0
0
0
0
0
0
0
0
0
0
0
0
0
0
0
0
0
0
0
0
83.2875
85.4482
85.4483
185.165
186.88
186.88
279.38
280.687
280.687
364.451
365.4
365.4
439.098
439.742
439.742
502.122
502.519
502.519
552.291
552.501
552.501
588.427
588.511
588.511
609.838
609.856
609.856
0
0
0
0
0
0
0
0
0
0
0
0
0
0
0
0
0
0
0
0
0
0
0
0
0
0
0
0
0
0
0
0
0
0
0
0
0
0
0
0
0
0
0
0
0
0
0
0
85.4482
83.2875
85.4482
186.88
185.165
186.88
280.687
279.38
280.687
365.4
364.451
365.399
439.742
439.098
439.742
502.519
502.122
502.519
552.501
552.291
552.501
588.511
588.427
588.511
609.856
609.838
609.856
)
;
    }
}


// ************************************************************************* //
