/*--------------------------------*- C++ -*----------------------------------*\
| =========                 |                                                 |
| \\      /  F ield         | OpenFOAM: The Open Source CFD Toolbox           |
|  \\    /   O peration     | Version:  2212                                  |
|   \\  /    A nd           | Website:  www.openfoam.com                      |
|    \\/     M anipulation  |                                                 |
\*---------------------------------------------------------------------------*/
FoamFile
{
    version     2.0;
    format      ascii;
    arch        "LSB;label=32;scalar=64";
    class       volScalarField;
    location    "71/fluidRegion";
    object      dgdt;
}
// * * * * * * * * * * * * * * * * * * * * * * * * * * * * * * * * * * * * * //

dimensions      [0 0 -1 0 0 0 0];

internalField   nonuniform List<scalar> 
350
(
0.00532531
0.00528824
0.0052849
0.00528791
0.00529078
0.00529152
0.00529585
0.00531135
0.00533811
0.0053651
0.00537632
0.00536174
0.0053249
0.00528186
0.00525267
0.00525102
0.00527772
0.00532041
0.00535882
0.00537297
0.00535175
0.00529812
0.00520764
0.00511575
0.00270748
0.00532531
0.00528824
0.0052849
0.00528791
0.00529078
0.00529152
0.00529585
0.00531135
0.00533811
0.0053651
0.00537632
0.00536174
0.0053249
0.00528186
0.00525267
0.00525102
0.00527772
0.00532041
0.00535882
0.00537297
0.00535175
0.00529812
0.00520764
0.00511575
0.00270748
40.7796
51.0941
64.9723
77.7646
89.4161
99.8842
109.135
117.14
123.863
129.254
133.231
135.671
136.411
135.275
132.125
126.932
119.813
111.014
100.837
89.5138
77.1453
63.6599
48.8896
32.8231
20.3919
40.8362
51.036
65.0435
77.9572
89.7225
100.296
109.645
117.741
124.551
130.029
134.094
136.628
137.463
136.416
133.334
128.17
121.033
112.17
101.893
90.4512
77.9532
64.3301
49.4081
33.1695
20.6024
40.7571
51.0784
64.9366
77.7103
89.3444
99.7964
109.033
117.024
123.734
129.112
133.076
135.502
136.229
135.08
131.922
126.727
119.612
110.825
100.664
89.3615
77.0144
63.5516
48.8059
32.7671
20.3578
40.8335
51.0687
65.0454
77.9306
89.6689
100.217
109.543
117.617
124.407
129.863
133.908
136.419
137.231
136.162
133.063
127.892
120.757
111.908
101.653
90.2374
77.7686
64.1768
49.2894
33.0901
20.5542
40.8335
51.0687
65.0454
77.9306
89.6689
100.217
109.543
117.617
124.407
129.863
133.908
136.419
137.231
136.162
133.063
127.892
120.757
111.908
101.653
90.2374
77.7686
64.1768
49.2894
33.0901
20.5542
40.7572
51.0784
64.9366
77.7103
89.3444
99.7964
109.033
117.024
123.734
129.112
133.076
135.502
136.229
135.08
131.922
126.727
119.612
110.825
100.664
89.3616
77.0144
63.5516
48.8059
32.7671
20.3578
40.8362
51.036
65.0435
77.9573
89.7225
100.296
109.645
117.741
124.551
130.029
134.094
136.628
137.463
136.416
133.334
128.17
121.033
112.17
101.893
90.4512
77.9531
64.3301
49.4081
33.1695
20.6024
40.7796
51.0941
64.9723
77.7647
89.4161
99.8842
109.135
117.14
123.863
129.254
133.231
135.671
136.411
135.275
132.125
126.932
119.813
111.014
100.837
89.5139
77.1453
63.6599
48.8896
32.8231
20.3919
40.8335
51.0687
65.0454
77.9306
89.6688
100.217
109.543
117.617
124.407
129.863
133.908
136.419
137.231
136.162
133.063
127.892
120.757
111.908
101.653
90.2374
77.7686
64.1768
49.2894
33.0901
20.5542
40.7571
51.0784
64.9366
77.7103
89.3444
99.7964
109.033
117.024
123.734
129.112
133.076
135.502
136.229
135.08
131.922
126.727
119.612
110.825
100.664
89.3615
77.0144
63.5516
48.8059
32.7671
20.3578
40.7572
51.0784
64.9366
77.7103
89.3444
99.7964
109.033
117.024
123.734
129.113
133.076
135.502
136.229
135.08
131.922
126.727
119.612
110.825
100.664
89.3616
77.0144
63.5516
48.8059
32.7671
20.3578
40.8335
51.0687
65.0454
77.9306
89.6689
100.217
109.543
117.617
124.407
129.863
133.908
136.419
137.231
136.162
133.063
127.892
120.757
111.908
101.653
90.2375
77.7686
64.1768
49.2894
33.0901
20.5541
)
;

boundaryField
{
    outletCentralUnloaded
    {
        type            calculated;
        value           nonuniform List<scalar> 2(0.00532531 0.00532531);
    }
    inletCentralUnloaded
    {
        type            calculated;
        value           nonuniform List<scalar> 2(0.00270748 0.00270748);
    }
    outletFuelElement
    {
        type            calculated;
        value           nonuniform List<scalar> 
12
(
40.7796
40.8362
40.7571
40.8335
40.8335
40.7572
40.8362
40.7796
40.8335
40.7571
40.7572
40.8335
)
;
    }
    inletFuelElement
    {
        type            calculated;
        value           nonuniform List<scalar> 
12
(
20.3919
20.6024
20.3578
20.5542
20.5542
20.3578
20.6024
20.3919
20.5542
20.3578
20.3578
20.5541
)
;
    }
    defaultFaces
    {
        type            calculated;
        value           nonuniform List<scalar> 
450
(
40.7796
40.7796
40.7796
51.0941
51.0941
51.0941
64.9723
64.9723
64.9723
77.7646
77.7646
77.7646
89.4161
89.4161
89.4161
99.8842
99.8842
99.8842
109.135
109.135
109.135
117.14
117.14
117.14
123.863
123.863
123.863
129.254
129.254
129.254
133.231
133.231
133.231
135.671
135.671
135.671
136.411
136.411
136.411
135.275
135.275
135.275
132.125
132.125
132.125
126.932
126.932
126.932
119.813
119.813
119.813
111.014
111.014
111.014
100.837
100.837
100.837
89.5138
89.5138
89.5138
77.1453
77.1453
77.1453
63.6599
63.6599
63.6599
48.8896
48.8896
48.8896
32.8231
32.8231
32.8231
20.3919
20.3919
20.3919
40.7571
40.7571
51.0784
51.0784
64.9366
64.9366
77.7103
77.7103
89.3444
89.3444
99.7964
99.7964
109.033
109.033
117.024
117.024
123.734
123.734
129.112
129.112
133.076
133.076
135.502
135.502
136.229
136.229
135.08
135.08
131.922
131.922
126.727
126.727
119.612
119.612
110.825
110.825
100.664
100.664
89.3615
89.3615
77.0144
77.0144
63.5516
63.5516
48.8059
48.8059
32.7671
32.7671
20.3578
20.3578
40.8335
51.0687
65.0454
77.9306
89.6689
100.217
109.543
117.617
124.407
129.863
133.908
136.419
137.231
136.162
133.063
127.892
120.757
111.908
101.653
90.2374
77.7686
64.1768
49.2894
33.0901
20.5542
40.8335
51.0687
65.0454
77.9306
89.6689
100.217
109.543
117.617
124.407
129.863
133.908
136.419
137.231
136.162
133.063
127.892
120.757
111.908
101.653
90.2374
77.7686
64.1768
49.2894
33.0901
20.5542
40.7572
40.7572
51.0784
51.0784
64.9366
64.9366
77.7103
77.7103
89.3444
89.3444
99.7964
99.7964
109.033
109.033
117.024
117.024
123.734
123.734
129.112
129.112
133.076
133.076
135.502
135.502
136.229
136.229
135.08
135.08
131.922
131.922
126.727
126.727
119.612
119.612
110.825
110.825
100.664
100.664
89.3616
89.3616
77.0144
77.0144
63.5516
63.5516
48.8059
48.8059
32.7671
32.7671
20.3578
20.3578
40.7796
40.7796
40.7796
51.0941
51.0941
51.0941
64.9723
64.9723
64.9723
77.7647
77.7647
77.7647
89.4161
89.4161
89.4161
99.8842
99.8842
99.8842
109.135
109.135
109.135
117.14
117.14
117.14
123.863
123.863
123.863
129.254
129.254
129.254
133.231
133.231
133.231
135.671
135.671
135.671
136.411
136.411
136.411
135.275
135.275
135.275
132.125
132.125
132.125
126.932
126.932
126.932
119.813
119.813
119.813
111.014
111.014
111.014
100.837
100.837
100.837
89.5139
89.5139
89.5139
77.1453
77.1453
77.1453
63.6599
63.6599
63.6599
48.8896
48.8896
48.8896
32.8231
32.8231
32.8231
20.3919
20.3919
20.3919
40.8335
51.0687
65.0454
77.9306
89.6688
100.217
109.543
117.617
124.407
129.863
133.908
136.419
137.231
136.162
133.063
127.892
120.757
111.908
101.653
90.2374
77.7686
64.1768
49.2894
33.0901
20.5542
40.7571
40.7571
51.0784
51.0784
64.9366
64.9366
77.7103
77.7103
89.3444
89.3444
99.7964
99.7964
109.033
109.033
117.024
117.024
123.734
123.734
129.112
129.112
133.076
133.076
135.502
135.502
136.229
136.229
135.08
135.08
131.922
131.922
126.727
126.727
119.612
119.612
110.825
110.825
100.664
100.664
89.3615
89.3615
77.0144
77.0144
63.5516
63.5516
48.8059
48.8059
32.7671
32.7671
20.3578
20.3578
40.7572
40.7572
51.0784
51.0784
64.9366
64.9366
77.7103
77.7103
89.3444
89.3444
99.7964
99.7964
109.033
109.033
117.024
117.024
123.734
123.734
129.113
129.113
133.076
133.076
135.502
135.502
136.229
136.229
135.08
135.08
131.922
131.922
126.727
126.727
119.612
119.612
110.825
110.825
100.664
100.664
89.3616
89.3616
77.0144
77.0144
63.5516
63.5516
48.8059
48.8059
32.7671
32.7671
20.3578
20.3578
40.8335
51.0687
65.0454
77.9306
89.6689
100.217
109.543
117.617
124.407
129.863
133.908
136.419
137.231
136.162
133.063
127.892
120.757
111.908
101.653
90.2375
77.7686
64.1768
49.2894
33.0901
20.5541
)
;
    }
    baffle_master
    {
        type            calculated;
        value           nonuniform List<scalar> 
150
(
0.00532531
0.00532531
0.00532531
0.00528824
0.00528824
0.00528824
0.0052849
0.0052849
0.0052849
0.00528791
0.00528791
0.00528791
0.00529078
0.00529078
0.00529078
0.00529152
0.00529152
0.00529152
0.00529585
0.00529585
0.00529585
0.00531135
0.00531135
0.00531135
0.00533811
0.00533811
0.00533811
0.0053651
0.0053651
0.0053651
0.00537632
0.00537632
0.00537632
0.00536174
0.00536174
0.00536174
0.0053249
0.0053249
0.0053249
0.00528186
0.00528186
0.00528186
0.00525267
0.00525267
0.00525267
0.00525102
0.00525102
0.00525102
0.00527772
0.00527772
0.00527772
0.00532041
0.00532041
0.00532041
0.00535882
0.00535882
0.00535882
0.00537297
0.00537297
0.00537297
0.00535175
0.00535175
0.00535175
0.00529812
0.00529812
0.00529812
0.00520764
0.00520764
0.00520764
0.00511575
0.00511575
0.00511575
0.00270748
0.00270748
0.00270748
0.00532531
0.00532531
0.00532531
0.00528824
0.00528824
0.00528824
0.0052849
0.0052849
0.0052849
0.00528791
0.00528791
0.00528791
0.00529078
0.00529078
0.00529078
0.00529152
0.00529152
0.00529152
0.00529585
0.00529585
0.00529585
0.00531135
0.00531135
0.00531135
0.00533811
0.00533811
0.00533811
0.0053651
0.0053651
0.0053651
0.00537632
0.00537632
0.00537632
0.00536174
0.00536174
0.00536174
0.0053249
0.0053249
0.0053249
0.00528186
0.00528186
0.00528186
0.00525267
0.00525267
0.00525267
0.00525102
0.00525102
0.00525102
0.00527772
0.00527772
0.00527772
0.00532041
0.00532041
0.00532041
0.00535882
0.00535882
0.00535882
0.00537297
0.00537297
0.00537297
0.00535175
0.00535175
0.00535175
0.00529812
0.00529812
0.00529812
0.00520764
0.00520764
0.00520764
0.00511575
0.00511575
0.00511575
0.00270748
0.00270748
0.00270748
)
;
    }
    baffle_slave
    {
        type            calculated;
        value           nonuniform List<scalar> 
150
(
40.8362
40.8335
40.8335
51.036
51.0687
51.0687
65.0435
65.0454
65.0454
77.9572
77.9306
77.9306
89.7225
89.6689
89.6689
100.296
100.217
100.217
109.645
109.543
109.543
117.741
117.617
117.617
124.551
124.407
124.407
130.029
129.863
129.863
134.094
133.908
133.908
136.628
136.419
136.419
137.463
137.231
137.231
136.416
136.162
136.162
133.334
133.063
133.063
128.17
127.892
127.892
121.033
120.757
120.757
112.17
111.908
111.908
101.893
101.653
101.653
90.4512
90.2374
90.2375
77.9532
77.7686
77.7686
64.3301
64.1768
64.1768
49.4081
49.2894
49.2894
33.1695
33.0901
33.0901
20.6024
20.5542
20.5541
40.8335
40.8362
40.8335
51.0687
51.036
51.0687
65.0454
65.0435
65.0454
77.9306
77.9573
77.9306
89.6689
89.7225
89.6688
100.217
100.296
100.217
109.543
109.645
109.543
117.617
117.741
117.617
124.407
124.551
124.407
129.863
130.029
129.863
133.908
134.094
133.908
136.419
136.628
136.419
137.231
137.463
137.231
136.162
136.416
136.162
133.063
133.334
133.063
127.892
128.17
127.892
120.757
121.033
120.757
111.908
112.17
111.908
101.653
101.893
101.653
90.2374
90.4512
90.2374
77.7686
77.9531
77.7686
64.1768
64.3301
64.1768
49.2894
49.4081
49.2894
33.0901
33.1695
33.0901
20.5542
20.6024
20.5542
)
;
    }
}


// ************************************************************************* //
