/*--------------------------------*- C++ -*----------------------------------*\
| =========                 |                                                 |
| \\      /  F ield         | OpenFOAM: The Open Source CFD Toolbox           |
|  \\    /   O peration     | Version:  2212                                  |
|   \\  /    A nd           | Website:  www.openfoam.com                      |
|    \\/     M anipulation  |                                                 |
\*---------------------------------------------------------------------------*/
FoamFile
{
    version     2.0;
    format      ascii;
    arch        "LSB;label=32;scalar=64";
    class       volScalarField;
    location    "71/fluidRegion";
    object      hdeltaT;
}
// * * * * * * * * * * * * * * * * * * * * * * * * * * * * * * * * * * * * * //

dimensions      [1 0 -3 0 0 0 0];

internalField   nonuniform List<scalar> 
350
(
0
0
0
0
0
0
0
0
0
0
0
0
0
0
0
0
0
0
0
0
0
0
0
0
0
0
0
0
0
0
0
0
0
0
0
0
0
0
0
0
0
0
0
0
0
0
0
0
0
0
450178
1.34397e+06
2.21656e+06
3.0542e+06
3.84366e+06
4.5725e+06
5.22922e+06
5.80347e+06
6.2862e+06
6.66978e+06
6.94818e+06
7.117e+06
7.17358e+06
7.11702e+06
6.94822e+06
6.66985e+06
6.28629e+06
5.80358e+06
5.22933e+06
4.57265e+06
3.84383e+06
3.05441e+06
2.21677e+06
1.34417e+06
450456
455331
1.35936e+06
2.24195e+06
3.08918e+06
3.88768e+06
4.62487e+06
5.28912e+06
5.86995e+06
6.3582e+06
6.74618e+06
7.02777e+06
7.19852e+06
7.25575e+06
7.19854e+06
7.02781e+06
6.74625e+06
6.35829e+06
5.87006e+06
5.28923e+06
4.62503e+06
3.88786e+06
3.0894e+06
2.24216e+06
1.35957e+06
455615
449358
1.34152e+06
2.21252e+06
3.04862e+06
3.83665e+06
4.56416e+06
5.21968e+06
5.79289e+06
6.27473e+06
6.65762e+06
6.9355e+06
7.10402e+06
7.16049e+06
7.10404e+06
6.93555e+06
6.65768e+06
6.27482e+06
5.793e+06
5.21979e+06
4.56431e+06
3.83681e+06
3.04884e+06
2.21272e+06
1.34172e+06
449634
454145
1.35582e+06
2.23611e+06
3.08112e+06
3.87755e+06
4.61281e+06
5.27533e+06
5.85465e+06
6.34163e+06
6.72859e+06
7.00945e+06
7.17975e+06
7.23683e+06
7.17978e+06
7.00949e+06
6.72866e+06
6.34172e+06
5.85476e+06
5.27544e+06
4.61297e+06
3.87772e+06
3.08134e+06
2.23631e+06
1.35602e+06
454428
454145
1.35582e+06
2.23611e+06
3.08113e+06
3.87755e+06
4.61281e+06
5.27533e+06
5.85464e+06
6.34163e+06
6.72859e+06
7.00945e+06
7.17975e+06
7.23683e+06
7.17978e+06
7.00949e+06
6.72866e+06
6.34172e+06
5.85476e+06
5.27544e+06
4.61297e+06
3.87772e+06
3.08134e+06
2.23631e+06
1.35602e+06
454428
449358
1.34152e+06
2.21252e+06
3.04863e+06
3.83665e+06
4.56416e+06
5.21968e+06
5.79289e+06
6.27473e+06
6.65762e+06
6.9355e+06
7.10402e+06
7.16049e+06
7.10404e+06
6.93555e+06
6.65768e+06
6.27482e+06
5.793e+06
5.21979e+06
4.56431e+06
3.83681e+06
3.04884e+06
2.21272e+06
1.34172e+06
449634
455331
1.35936e+06
2.24195e+06
3.08918e+06
3.88768e+06
4.62487e+06
5.28912e+06
5.86995e+06
6.3582e+06
6.74618e+06
7.02777e+06
7.19852e+06
7.25575e+06
7.19854e+06
7.02781e+06
6.74625e+06
6.35829e+06
5.87006e+06
5.28923e+06
4.62503e+06
3.88786e+06
3.0894e+06
2.24216e+06
1.35957e+06
455615
450178
1.34397e+06
2.21657e+06
3.0542e+06
3.84366e+06
4.5725e+06
5.22922e+06
5.80347e+06
6.2862e+06
6.66978e+06
6.94818e+06
7.117e+06
7.17357e+06
7.11702e+06
6.94822e+06
6.66985e+06
6.28629e+06
5.80358e+06
5.22933e+06
4.57265e+06
3.84383e+06
3.05441e+06
2.21677e+06
1.34417e+06
450456
454145
1.35582e+06
2.23611e+06
3.08113e+06
3.87755e+06
4.61281e+06
5.27533e+06
5.85464e+06
6.34163e+06
6.72859e+06
7.00945e+06
7.17975e+06
7.23683e+06
7.17978e+06
7.00949e+06
6.72866e+06
6.34172e+06
5.85476e+06
5.27544e+06
4.61297e+06
3.87772e+06
3.08134e+06
2.23631e+06
1.35602e+06
454428
449358
1.34152e+06
2.21252e+06
3.04862e+06
3.83665e+06
4.56416e+06
5.21968e+06
5.79289e+06
6.27473e+06
6.65762e+06
6.9355e+06
7.10402e+06
7.16049e+06
7.10404e+06
6.93555e+06
6.65768e+06
6.27482e+06
5.793e+06
5.21979e+06
4.56431e+06
3.83681e+06
3.04884e+06
2.21272e+06
1.34172e+06
449634
449358
1.34152e+06
2.21252e+06
3.04862e+06
3.83665e+06
4.56416e+06
5.21968e+06
5.79289e+06
6.27473e+06
6.65762e+06
6.9355e+06
7.10402e+06
7.16049e+06
7.10404e+06
6.93555e+06
6.65768e+06
6.27482e+06
5.793e+06
5.21979e+06
4.56431e+06
3.83681e+06
3.04884e+06
2.21272e+06
1.34172e+06
449634
454145
1.35582e+06
2.23611e+06
3.08112e+06
3.87755e+06
4.61281e+06
5.27533e+06
5.85464e+06
6.34163e+06
6.72859e+06
7.00945e+06
7.17975e+06
7.23683e+06
7.17978e+06
7.00949e+06
6.72866e+06
6.34172e+06
5.85476e+06
5.27544e+06
4.61297e+06
3.87772e+06
3.08134e+06
2.23631e+06
1.35602e+06
454427
)
;

boundaryField
{
    outletCentralUnloaded
    {
        type            calculated;
        value           uniform 0;
    }
    inletCentralUnloaded
    {
        type            calculated;
        value           uniform 0;
    }
    outletFuelElement
    {
        type            calculated;
        value           uniform 0;
    }
    inletFuelElement
    {
        type            calculated;
        value           nonuniform List<scalar> 
12
(
3.04908e+06
3.04787e+06
3.04899e+06
3.04819e+06
3.04819e+06
3.04899e+06
3.04787e+06
3.04909e+06
3.04819e+06
3.049e+06
3.04899e+06
3.04819e+06
)
;
    }
    defaultFaces
    {
        type            calculated;
        value           nonuniform List<scalar> 
450
(
0
0
0
0
0
0
0
0
0
0
0
0
0
0
0
0
0
0
0
0
0
0
0
0
0
0
0
0
0
0
0
0
0
0
0
0
0
0
0
0
0
0
0
0
0
0
0
0
1.25076e+06
1.25076e+06
1.25076e+06
2.34073e+06
2.34073e+06
2.34073e+06
3.08326e+06
3.08326e+06
3.08326e+06
3.50333e+06
3.50333e+06
3.50333e+06
3.64456e+06
3.64456e+06
3.64456e+06
3.57236e+06
3.57236e+06
3.57236e+06
3.37683e+06
3.37683e+06
3.37683e+06
3.16973e+06
3.16973e+06
3.16973e+06
3.01554e+06
3.01554e+06
3.01554e+06
0
0
0
0
0
0
0
0
0
0
0
0
0
0
0
0
0
0
0
0
0
0
0
0
0
0
0
0
0
0
0
0
1.26938e+06
1.26938e+06
2.35357e+06
2.35357e+06
3.09158e+06
3.09158e+06
3.50831e+06
3.50831e+06
3.64728e+06
3.64728e+06
3.57369e+06
3.57369e+06
3.3774e+06
3.3774e+06
3.16986e+06
3.16986e+06
3.01551e+06
3.01551e+06
0
0
0
0
0
0
0
0
0
0
0
0
0
0
0
0
1.15529e+06
2.2742e+06
3.0394e+06
3.47617e+06
3.62871e+06
3.56329e+06
3.37137e+06
3.16637e+06
3.01436e+06
0
0
0
0
0
0
0
0
0
0
0
0
0
0
0
0
1.15529e+06
2.2742e+06
3.0394e+06
3.47617e+06
3.62871e+06
3.56329e+06
3.37137e+06
3.16637e+06
3.01436e+06
0
0
0
0
0
0
0
0
0
0
0
0
0
0
0
0
0
0
0
0
0
0
0
0
0
0
0
0
0
0
0
0
1.26937e+06
1.26937e+06
2.35356e+06
2.35356e+06
3.09157e+06
3.09157e+06
3.5083e+06
3.5083e+06
3.64728e+06
3.64728e+06
3.57368e+06
3.57368e+06
3.37739e+06
3.37739e+06
3.16985e+06
3.16985e+06
3.01551e+06
3.01551e+06
0
0
0
0
0
0
0
0
0
0
0
0
0
0
0
0
0
0
0
0
0
0
0
0
0
0
0
0
0
0
0
0
0
0
0
0
0
0
0
0
0
0
0
0
0
0
0
0
1.25076e+06
1.25076e+06
1.25076e+06
2.34073e+06
2.34073e+06
2.34073e+06
3.08326e+06
3.08326e+06
3.08326e+06
3.50333e+06
3.50333e+06
3.50333e+06
3.64457e+06
3.64457e+06
3.64457e+06
3.57236e+06
3.57236e+06
3.57236e+06
3.37684e+06
3.37684e+06
3.37684e+06
3.16973e+06
3.16973e+06
3.16973e+06
3.01554e+06
3.01554e+06
3.01554e+06
0
0
0
0
0
0
0
0
0
0
0
0
0
0
0
0
1.15529e+06
2.2742e+06
3.0394e+06
3.47617e+06
3.62871e+06
3.56329e+06
3.37137e+06
3.16637e+06
3.01436e+06
0
0
0
0
0
0
0
0
0
0
0
0
0
0
0
0
0
0
0
0
0
0
0
0
0
0
0
0
0
0
0
0
1.26938e+06
1.26938e+06
2.35357e+06
2.35357e+06
3.09157e+06
3.09157e+06
3.50831e+06
3.50831e+06
3.64728e+06
3.64728e+06
3.57369e+06
3.57369e+06
3.3774e+06
3.3774e+06
3.16986e+06
3.16986e+06
3.01551e+06
3.01551e+06
0
0
0
0
0
0
0
0
0
0
0
0
0
0
0
0
0
0
0
0
0
0
0
0
0
0
0
0
0
0
0
0
1.26937e+06
1.26937e+06
2.35356e+06
2.35356e+06
3.09157e+06
3.09157e+06
3.5083e+06
3.5083e+06
3.64728e+06
3.64728e+06
3.57368e+06
3.57368e+06
3.37739e+06
3.37739e+06
3.16985e+06
3.16985e+06
3.01551e+06
3.01551e+06
0
0
0
0
0
0
0
0
0
0
0
0
0
0
0
0
1.15529e+06
2.2742e+06
3.0394e+06
3.47617e+06
3.62871e+06
3.56329e+06
3.37137e+06
3.16637e+06
3.01436e+06
)
;
    }
    baffle_master
    {
        type            calculated;
        value           uniform 0;
    }
    baffle_slave
    {
        type            calculated;
        value           nonuniform List<scalar> 
150
(
0
0
0
0
0
0
0
0
0
0
0
0
0
0
0
0
0
0
0
0
0
0
0
0
0
0
0
0
0
0
0
0
0
0
0
0
0
0
0
0
0
0
0
0
0
0
0
0
1.12652e+06
1.15529e+06
1.15529e+06
2.2541e+06
2.2742e+06
2.2742e+06
3.02611e+06
3.0394e+06
3.0394e+06
3.46791e+06
3.47617e+06
3.47617e+06
3.62386e+06
3.62871e+06
3.62871e+06
3.56049e+06
3.56329e+06
3.56329e+06
3.36964e+06
3.37137e+06
3.37137e+06
3.16527e+06
3.16637e+06
3.16637e+06
3.01396e+06
3.01436e+06
3.01436e+06
0
0
0
0
0
0
0
0
0
0
0
0
0
0
0
0
0
0
0
0
0
0
0
0
0
0
0
0
0
0
0
0
0
0
0
0
0
0
0
0
0
0
0
0
0
0
0
0
1.15529e+06
1.12652e+06
1.15529e+06
2.2742e+06
2.2541e+06
2.2742e+06
3.0394e+06
3.02611e+06
3.0394e+06
3.47617e+06
3.46791e+06
3.47617e+06
3.62871e+06
3.62386e+06
3.62871e+06
3.56329e+06
3.56049e+06
3.56329e+06
3.37137e+06
3.36964e+06
3.37137e+06
3.16637e+06
3.16527e+06
3.16637e+06
3.01436e+06
3.01396e+06
3.01436e+06
)
;
    }
}


// ************************************************************************* //
