/*--------------------------------*- C++ -*----------------------------------*\
| =========                 |                                                 |
| \\      /  F ield         | OpenFOAM: The Open Source CFD Toolbox           |
|  \\    /   O peration     | Version:  2212                                  |
|   \\  /    A nd           | Website:  www.openfoam.com                      |
|    \\/     M anipulation  |                                                 |
\*---------------------------------------------------------------------------*/
FoamFile
{
    version     2.0;
    format      ascii;
    arch        "LSB;label=32;scalar=64";
    class       volScalarField;
    location    "71/fluidRegion";
    object      Re;
}
// * * * * * * * * * * * * * * * * * * * * * * * * * * * * * * * * * * * * * //

dimensions      [0 0 0 0 0 0 0];

internalField   nonuniform List<scalar> 
350
(
174051
174049
174045
174041
174036
174030
174025
174022
174020
174020
174021
174022
174024
174025
174028
174031
174034
174037
174040
174042
174042
174042
174040
174037
174395
174051
174049
174045
174041
174036
174030
174025
174022
174020
174020
174021
174022
174024
174025
174028
174031
174034
174037
174040
174042
174042
174042
174040
174037
174395
55432.2
55383.1
55384.4
55384.6
55383.6
55381.2
55377.3
55371.7
55364.2
55354.5
55342.6
55328.4
55311.9
55293.2
55271.9
55247.1
55216.9
55179.3
55133.7
55085.8
55055.1
55101.1
55368.2
56114.4
56605.7
54941.1
54884.5
54881.5
54877.6
54872.7
54866.7
54859.5
54850.8
54840.4
54828.2
54814.1
54798.7
54782.5
54766.7
54751.9
54738.2
54724.3
54708.5
54690
54675
54684.6
54781.5
55116.1
55952.7
56552.9
55514.3
55464.9
55466.5
55467
55466.2
55464.1
55460.3
55454.8
55447.3
55437.6
55425.6
55411
55393.8
55374
55350.9
55323.5
55289.8
55247.9
55196.9
55142.6
55104
55140.3
55395
56126.6
56607.5
55050.9
54996.4
54994.6
54991.9
54988.1
54983.1
54976.9
54969.1
54959.5
54948
54934.7
54919.7
54903.6
54887.3
54871.3
54855.2
54837.8
54817.2
54792.6
54770.3
54770.8
54856.3
55175.6
55991.6
56566
55050.9
54996.4
54994.6
54991.9
54988.1
54983.1
54976.9
54969.1
54959.5
54948
54934.7
54919.7
54903.6
54887.3
54871.3
54855.2
54837.8
54817.2
54792.6
54770.3
54770.8
54856.3
55175.6
55991.6
56566
55514.3
55464.9
55466.5
55467
55466.2
55464
55460.3
55454.8
55447.3
55437.6
55425.5
55410.9
55393.8
55373.9
55350.9
55323.5
55289.8
55247.8
55196.8
55142.5
55103.9
55140.1
55394.8
56126.4
56607.5
54941.1
54884.5
54881.5
54877.6
54872.7
54866.7
54859.5
54850.8
54840.4
54828.2
54814.1
54798.7
54782.5
54766.7
54751.9
54738.2
54724.3
54708.5
54690
54675
54684.6
54781.5
55116.1
55952.7
56552.9
55432.2
55383.2
55384.4
55384.6
55383.6
55381.2
55377.3
55371.7
55364.2
55354.5
55342.6
55328.4
55311.9
55293.2
55271.9
55247.1
55216.9
55179.3
55133.7
55085.8
55055.1
55101.1
55368.2
56114.4
56605.7
55050.9
54996.4
54994.6
54991.9
54988.1
54983.1
54976.9
54969.1
54959.5
54948
54934.7
54919.7
54903.6
54887.3
54871.3
54855.2
54837.8
54817.2
54792.6
54770.3
54770.8
54856.3
55175.6
55991.6
56566
55514.3
55464.9
55466.5
55467
55466.2
55464.1
55460.3
55454.8
55447.3
55437.6
55425.6
55411
55393.8
55374
55350.9
55323.5
55289.8
55247.9
55196.9
55142.5
55104
55140.2
55394.9
56126.6
56607.6
55514.3
55464.9
55466.5
55467
55466.2
55464
55460.3
55454.8
55447.3
55437.6
55425.5
55411
55393.8
55373.9
55350.9
55323.5
55289.8
55247.8
55196.8
55142.5
55103.9
55140.1
55394.8
56126.4
56607.5
55050.9
54996.4
54994.6
54991.9
54988.1
54983.1
54976.9
54969.1
54959.5
54948
54934.7
54919.7
54903.6
54887.3
54871.3
54855.2
54837.8
54817.2
54792.6
54770.3
54770.8
54856.3
55175.6
55991.7
56566
)
;

boundaryField
{
    outletCentralUnloaded
    {
        type            zeroGradient;
    }
    inletCentralUnloaded
    {
        type            zeroGradient;
    }
    outletFuelElement
    {
        type            zeroGradient;
    }
    inletFuelElement
    {
        type            zeroGradient;
    }
    defaultFaces
    {
        type            zeroGradient;
    }
    baffle_master
    {
        type            zeroGradient;
    }
    baffle_slave
    {
        type            zeroGradient;
    }
}


// ************************************************************************* //
