/*--------------------------------*- C++ -*----------------------------------*\
| =========                 |                                                 |
| \\      /  F ield         | OpenFOAM: The Open Source CFD Toolbox           |
|  \\    /   O peration     | Version:  2212                                  |
|   \\  /    A nd           | Website:  www.openfoam.com                      |
|    \\/     M anipulation  |                                                 |
\*---------------------------------------------------------------------------*/
FoamFile
{
    version     2.0;
    format      ascii;
    arch        "LSB;label=32;scalar=64";
    class       surfaceScalarField;
    location    "14/fluidRegion";
    object      alphaRhoPhi;
}
// * * * * * * * * * * * * * * * * * * * * * * * * * * * * * * * * * * * * * //

dimensions      [1 0 -1 0 0 0 0];

oriented        oriented;

internalField   nonuniform List<scalar> 
661
(
-0.00583223
9.80231e-16
-0.00583223
-3.56221e-15
-0.00583223
-1.03889e-14
-0.00583223
-3.34051e-15
-0.00583223
-7.0968e-15
-0.00583223
-2.37741e-15
-0.00583223
-1.11717e-14
-0.00583223
-4.26115e-15
-0.00583223
-7.00837e-15
-0.00583223
-7.95037e-15
-0.00583223
-3.92447e-15
-0.00583223
-4.10455e-15
-0.00583223
-9.39087e-16
-0.00583223
-4.98516e-15
-0.00583223
-1.12372e-14
-0.00583223
-2.51844e-15
-0.00583223
-7.83181e-17
-0.00583223
-3.112e-15
-0.00583223
1.05885e-16
-0.00583223
-7.91227e-15
-0.00583223
-4.85377e-16
-0.00583223
-7.44996e-15
-0.00583223
-9.54262e-15
-0.00583223
3.02065e-15
6.03088e-14
-0.00583223
-0.00583223
-0.00583223
-0.00583223
-0.00583223
-0.00583223
-0.00583223
-0.00583223
-0.00583223
-0.00583223
-0.00583223
-0.00583223
-0.00583223
-0.00583223
-0.00583223
-0.00583223
-0.00583223
-0.00583223
-0.00583223
-0.00583223
-0.00583223
-0.00583223
-0.00583223
-0.00583223
-0.008561
4.30007e-07
-0.00856133
4.34432e-07
-0.00856172
4.77763e-07
-0.00856206
4.15629e-07
-0.00856236
3.5854e-07
-0.00856262
2.9842e-07
-0.00856282
2.32751e-07
-0.00856297
1.57546e-07
-0.00856305
6.95621e-08
-0.00856304
-3.60065e-08
-0.00856294
-1.59028e-07
-0.00856272
-3.02426e-07
-0.00856237
-4.64525e-07
-0.00856186
-6.43003e-07
-0.00856118
-8.34303e-07
-0.00856032
-1.03765e-06
-0.00855926
-1.25535e-06
-0.00855797
-1.4965e-06
-0.00855642
-1.77451e-06
-0.00855455
-2.10548e-06
-0.0085523
-2.49716e-06
-0.00854963
-2.9279e-06
-0.00854655
-3.3121e-06
-0.00854334
-3.42764e-06
-3.05844e-06
-0.00849988
-6.14718e-08
-6.27934e-08
-0.0084992
-1.41883e-07
-1.44574e-07
-0.00849851
-1.24047e-07
-1.24831e-07
-0.00849793
-1.05548e-07
-1.05125e-07
-0.00849743
-8.8394e-08
-8.67178e-08
-0.00849703
-7.04447e-08
-6.84614e-08
-0.00849673
-5.06868e-08
-4.8384e-08
-0.00849655
-2.82018e-08
-2.60284e-08
-0.0084965
-1.38004e-09
8.70642e-10
-0.00849662
2.96845e-08
3.17295e-08
-0.00849693
6.80416e-08
7.01816e-08
-0.00849747
1.12781e-07
1.14679e-07
-0.00849827
1.64472e-07
1.66505e-07
-0.00849936
2.22369e-07
2.24084e-07
-0.00850077
2.85995e-07
2.87692e-07
-0.00850251
3.54901e-07
3.56058e-07
-0.00850463
4.30519e-07
4.31372e-07
-0.00850716
5.15652e-07
5.15561e-07
-0.00851017
6.15453e-07
6.14469e-07
-0.00851376
7.34696e-07
7.32019e-07
-0.00851803
8.75168e-07
8.70891e-07
-0.00852304
1.02343e-06
1.01663e-06
-0.00852866
1.13297e-06
1.12266e-06
-0.00853429
1.07629e-06
1.06118e-06
9.95318e-07
9.80434e-07
-0.00857114
3.47452e-07
-0.00857169
4.93537e-07
-0.0085722
4.62215e-07
-0.00857265
3.96723e-07
-0.00857302
3.3307e-07
-0.00857333
2.66793e-07
-0.00857357
1.93995e-07
-0.00857371
1.10989e-07
-0.00857375
1.34006e-08
-0.00857367
-1.02047e-07
-0.00857344
-2.3778e-07
-0.00857303
-3.95094e-07
-0.00857241
-5.72992e-07
-0.00857157
-7.68051e-07
-0.00857047
-9.77542e-07
-0.00856911
-1.19998e-06
-0.00856744
-1.43935e-06
-0.00856544
-1.70471e-06
-0.00856304
-2.0118e-06
-0.00856018
-2.3755e-06
-0.00855675
-2.80113e-06
-0.00855272
-3.25255e-06
-0.00854822
-3.60145e-06
-0.00854381
-3.53331e-06
-3.13643e-06
-0.00851359
4.01663e-10
-0.00851315
-2.81788e-10
-0.00851274
6.78699e-11
-0.00851239
9.55146e-12
-0.0085121
3.37782e-11
-0.00851188
3.49477e-11
-0.00851171
2.05793e-11
-0.00851163
3.89566e-11
-0.00851164
6.22725e-11
-0.00851175
3.29826e-11
-0.00851199
6.68946e-11
-0.00851238
1.22486e-10
-0.00851293
1.82646e-10
-0.00851368
2.30741e-10
-0.00851463
2.4576e-10
-0.0085158
2.314e-10
-0.00851721
2.39936e-10
-0.00851888
3.63849e-10
-0.00852087
4.28544e-10
-0.00852322
5.21228e-10
-0.00852601
6.5577e-10
-0.00852927
4.24208e-10
-0.0085329
-1.72082e-10
-0.00853648
-1.05641e-09
-9.71563e-10
-0.0085136
-3.46714e-07
-0.00851316
-4.94108e-07
-0.00851275
-4.61985e-07
-0.0085124
-3.96623e-07
-0.00851211
-3.32958e-07
-0.00851189
-2.66718e-07
-0.00851172
-1.93943e-07
-0.00851164
-1.10907e-07
-0.00851165
-1.32807e-08
-0.00851176
1.02131e-07
-0.008512
2.37943e-07
-0.00851239
3.95368e-07
-0.00851294
5.73377e-07
-0.00851369
7.68521e-07
-0.00851464
9.78038e-07
-0.00851581
1.20047e-06
-0.00851722
1.43989e-06
-0.00851889
1.70546e-06
-0.00852088
2.01266e-06
-0.00852323
2.37652e-06
-0.00852602
2.80233e-06
-0.00852928
3.25337e-06
-0.00853291
3.60117e-06
-0.00853649
3.53112e-06
3.13484e-06
-0.00857114
6.00868e-08
-0.00857169
1.41079e-07
-0.00857221
1.23489e-07
-0.00857265
1.05465e-07
-0.00857303
8.89546e-08
-0.00857334
7.09348e-08
-0.00857357
5.14727e-08
-0.00857372
2.87146e-08
-0.00857376
2.12161e-09
-0.00857367
-2.93299e-08
-0.00857344
-6.74311e-08
-0.00857303
-1.12468e-07
-0.00857241
-1.63881e-07
-0.00857157
-2.22127e-07
-0.00857047
-2.85546e-07
-0.00856911
-3.54958e-07
-0.00856744
-4.30467e-07
-0.00856544
-5.1622e-07
-0.00856304
-6.16126e-07
-0.00856017
-7.36413e-07
-0.00855675
-8.77289e-07
-0.00855272
-1.0269e-06
-0.00854821
-1.13722e-06
-0.0085438
-1.08169e-06
-1.00158e-06
-0.00849988
-4.31696e-07
-6.29547e-08
-0.0084992
-4.36197e-07
-1.43771e-07
-0.00849851
-4.77893e-07
-1.25013e-07
-0.00849793
-4.14935e-07
-1.05413e-07
-0.00849743
-3.56815e-07
-8.72857e-08
-0.00849703
-2.96861e-07
-6.897e-08
-0.00849673
-2.30767e-07
-4.89906e-08
-0.00849655
-1.56009e-07
-2.65506e-08
-0.0084965
-6.77064e-08
2.49847e-10
-0.00849662
3.72842e-08
3.12531e-08
-0.00849693
1.60672e-07
6.9581e-08
-0.00849747
3.0357e-07
1.1415e-07
-0.00849827
4.66047e-07
1.65831e-07
-0.00849936
6.43906e-07
2.23522e-07
-0.00850077
8.35458e-07
2.87068e-07
-0.00850251
1.03794e-06
3.55655e-07
-0.00850463
1.25575e-06
4.30957e-07
-0.00850716
1.49583e-06
5.15313e-07
-0.00851017
1.77366e-06
6.14249e-07
-0.00851376
2.10305e-06
7.32124e-07
-0.00851803
2.49415e-06
8.71083e-07
-0.00852304
2.92277e-06
1.01752e-06
-0.00852866
3.30565e-06
1.12437e-06
-0.00853429
3.41841e-06
1.06431e-06
3.04882e-06
9.83454e-07
-0.008561
-0.00856133
-0.00856172
-0.00856206
-0.00856236
-0.00856262
-0.00856282
-0.00856297
-0.00856305
-0.00856304
-0.00856294
-0.00856272
-0.00856237
-0.00856186
-0.00856118
-0.00856032
-0.00855926
-0.00855797
-0.00855642
-0.00855455
-0.0085523
-0.00854963
-0.00854655
-0.00854334
-0.00851359
-3.47637e-07
5.36159e-10
-0.00851315
-4.93577e-07
-4.5903e-10
-0.00851274
-4.62034e-07
8.47486e-11
-0.00851239
-3.96509e-07
-6.78851e-11
-0.0085121
-3.32709e-07
-6.95244e-12
-0.00851188
-2.66567e-07
-1.1558e-10
-0.00851171
-1.93684e-07
-1.62882e-11
-0.00851163
-1.10834e-07
-7.92663e-11
-0.00851164
-1.31347e-08
1.00589e-11
-0.00851175
1.02053e-07
3.23573e-11
-0.00851199
2.37927e-07
1.49972e-10
-0.00851238
3.95118e-07
6.71377e-11
-0.00851293
5.73141e-07
2.20992e-10
-0.00851368
7.68016e-07
1.59636e-10
-0.00851463
9.77533e-07
3.8854e-10
-0.0085158
1.19964e-06
4.04073e-10
-0.00851721
1.43901e-06
6.8147e-10
-0.00851888
1.70412e-06
6.24372e-10
-0.00852087
2.01122e-06
9.27901e-10
-0.00852322
2.37455e-06
9.92011e-10
-0.00852601
2.80016e-06
1.27162e-09
-0.00852927
3.25092e-06
1.4168e-09
-0.0085329
3.59929e-06
1.73679e-09
-0.00853649
3.53085e-06
1.19988e-09
3.13461e-06
3.006e-10
-0.00857114
-0.00857169
-0.0085722
-0.00857265
-0.00857302
-0.00857333
-0.00857357
-0.00857371
-0.00857375
-0.00857367
-0.00857344
-0.00857303
-0.00857241
-0.00857157
-0.00857047
-0.00856911
-0.00856744
-0.00856544
-0.00856305
-0.00856018
-0.00855675
-0.00855272
-0.00854822
-0.00854381
-0.00857114
3.44621e-07
-0.00857169
4.91743e-07
-0.00857221
4.614e-07
-0.00857265
3.97066e-07
-0.00857303
3.34807e-07
-0.00857334
2.68409e-07
-0.00857357
1.96227e-07
-0.00857372
1.12623e-07
-0.00857376
1.54579e-08
-0.00857367
-1.00692e-07
-0.00857344
-2.35993e-07
-0.00857303
-3.94084e-07
-0.00857242
-5.71499e-07
-0.00857157
-7.67467e-07
-0.00857048
-9.76562e-07
-0.00856911
-1.2002e-06
-0.00856744
-1.4394e-06
-0.00856544
-1.70645e-06
-0.00856304
-2.0139e-06
-0.00856017
-2.38009e-06
-0.00855675
-2.80674e-06
-0.00855272
-3.26112e-06
-0.00854821
-3.61141e-06
-0.0085438
-3.54574e-06
-3.14958e-06
-0.0085136
-0.00851316
-0.00851275
-0.0085124
-0.00851211
-0.00851189
-0.00851173
-0.00851164
-0.00851165
-0.00851176
-0.008512
-0.00851239
-0.00851294
-0.00851369
-0.00851464
-0.00851581
-0.00851722
-0.00851889
-0.00852088
-0.00852323
-0.00852602
-0.00852928
-0.00853291
-0.0085365
)
;

boundaryField
{
    outletCentralUnloaded
    {
        type            calculated;
        value           nonuniform List<scalar> 2(0.00583223 0.00583223);
    }
    inletCentralUnloaded
    {
        type            calculated;
        value           nonuniform List<scalar> 2(-0.00587361 -0.00587361);
    }
    outletFuelElement
    {
        type            calculated;
        value           nonuniform List<scalar> 
12
(
0.00856066
0.00850039
0.00857082
0.00851388
0.00851389
0.00857083
0.00850039
0.00856066
0.00851388
0.00857082
0.00857083
0.00851389
)
;
    }
    inletFuelElement
    {
        type            calculated;
        value           nonuniform List<scalar> 
12
(
-0.00880597
-0.00880597
-0.00880596
-0.00880596
-0.00880597
-0.00880597
-0.00880597
-0.00880597
-0.00880596
-0.00880596
-0.00880597
-0.00880597
)
;
    }
    defaultFaces
    {
        type            calculated;
        value           nonuniform List<scalar> 
450
(
1.22802e-24
-9.42605e-24
0
9.99419e-24
-8.46821e-24
0
7.80806e-24
6.28179e-24
0
-2.44073e-23
-1.75878e-23
0
-6.98402e-24
-2.83394e-23
0
-1.76901e-23
2.23171e-26
0
-1.54581e-23
-3.4294e-24
0
-9.46119e-24
-4.19103e-24
0
-2.54877e-24
-6.65009e-25
0
2.51722e-24
1.43635e-24
0
1.0638e-23
6.91702e-25
0
1.5302e-23
6.6859e-24
0
2.8511e-23
1.3464e-23
0
5.56729e-23
1.74938e-23
0
5.93021e-23
1.99721e-23
0
6.40421e-23
2.42417e-23
0
8.05271e-23
-2.90561e-23
0
1.18623e-22
6.49991e-23
0
8.22692e-23
-1.24899e-22
0
-6.64287e-23
-1.18078e-22
0
-8.36515e-23
-4.79443e-23
0
1.39527e-22
-7.42008e-23
0
-1.57509e-22
-2.10466e-23
0
-1.5147e-22
-1.30848e-23
0
-9.2724e-23
-8.30947e-23
0
1.19336e-23
0
1.19809e-23
0
1.21182e-23
0
9.26116e-24
0
-9.50733e-24
0
9.83387e-24
0
6.83357e-24
0
1.79499e-24
0
-2.37708e-25
0
-3.04841e-24
0
-4.38369e-24
0
-1.4322e-23
0
-2.62648e-23
0
-1.16878e-23
0
-3.94696e-23
0
-4.4995e-23
0
6.93313e-23
0
-4.06567e-23
0
2.4223e-23
0
-8.80569e-23
0
-1.80858e-22
0
1.3573e-22
0
0
0
-1.43184e-22
0
-1.73813e-22
0
0
-1.77626e-23
5.98752e-24
-1.22002e-23
6.2613e-24
-3.23778e-24
-3.37459e-24
0
2.34752e-25
4.0141e-24
0
9.43153e-24
1.038e-23
0
0
2.96721e-23
-3.43113e-23
4.02702e-23
-9.60541e-23
0
0
-9.00334e-23
0
-7.14611e-23
0
0
0
0
0
0
0
0
0
0
0
0
0
0
0
0
0
0
0
0
0
0
0
0
0
0
-8.95023e-24
1.19336e-23
0
1.19809e-23
1.21182e-23
3.02955e-23
-9.26116e-24
-9.26116e-24
1.26764e-23
-6.33822e-24
-9.83386e-24
-6.55591e-24
-6.83357e-24
-5.12518e-24
-1.79498e-24
-2.69248e-24
5.94271e-25
-4.75417e-25
3.04841e-24
2.03227e-24
6.57554e-24
6.57554e-24
1.4322e-23
9.54799e-24
1.57589e-23
1.57589e-23
2.33755e-23
1.16878e-23
2.6313e-23
1.97348e-23
2.99966e-23
2.24975e-23
-3.46656e-23
6.93313e-23
6.09849e-23
7.11491e-23
-1.21115e-22
7.26691e-23
-1.46761e-22
-8.80569e-23
-3.61715e-23
-9.04287e-23
-1.80974e-22
1.3573e-22
-5.70784e-23
-8.56176e-23
3.5796e-23
-7.15919e-23
-2.17267e-22
-1.3036e-22
6.48269e-24
0
5.9548e-24
2.16897e-24
0
0
8.40118e-24
0
-3.62791e-23
-3.50687e-23
0
6.16112e-24
7.73847e-24
0
6.32476e-24
-2.45579e-23
0
6.54188e-24
-1.8257e-23
0
3.40944e-24
-1.21377e-23
0
3.58224e-24
-3.04746e-24
0
-1.89757e-24
3.1605e-24
-0
0
1.43953e-23
-0
-2.18719e-24
2.5161e-23
-0
-9.52801e-24
3.28005e-23
-0
0
6.29368e-23
-0
-2.3329e-23
6.96689e-23
-0
-1.31313e-23
9.28543e-23
-0
-1.49709e-23
8.18163e-23
-0
-1.7303e-23
1.26916e-22
-0
0
8.90657e-23
-0
-4.83762e-23
-7.42052e-23
-0
2.93152e-23
-4.13461e-23
-0
3.61332e-23
1.42034e-22
-0
9.04125e-23
-1.67866e-22
-0
5.70463e-23
-1.2116e-22
-0
0
-1.06083e-22
-0
4.34495e-23
-5.89886e-24
-5.92086e-24
0
-6.1001e-24
6.26131e-24
-3.23778e-24
0
1.77271e-24
0
6.02115e-24
4.32961e-24
9.43153e-24
1.038e-23
1.15511e-23
1.30078e-23
2.96721e-23
-5.14669e-23
4.02702e-23
-4.8027e-23
2.91283e-23
3.59392e-23
-9.00334e-23
-1.70647e-22
0
0
1.49171e-23
0
2.39617e-23
0
0
0
9.26116e-24
0
-3.16911e-24
0
6.55591e-24
0
8.54197e-24
0
5.38496e-24
0
0
0
-5.08069e-24
-0
-4.38369e-24
-0
-1.9096e-23
-0
-1.57589e-23
-0
-2.33755e-23
-0
-2.6313e-23
-0
-4.4995e-23
-0
6.93313e-23
-0
-8.13133e-23
-0
7.26691e-23
-0
-1.17409e-22
-0
-1.80858e-22
-0
1.3573e-22
-0
5.70784e-23
-0
-1.43184e-22
-0
-1.3036e-22
-0
-5.96682e-24
5.96682e-24
-5.99043e-24
1.79713e-23
-1.21182e-23
1.81773e-23
-9.26116e-24
-2.77835e-23
-3.16911e-24
9.50733e-24
-3.27795e-24
-1.96677e-23
-5.12518e-24
-1.70839e-23
-2.69248e-24
-7.17994e-24
2.37708e-25
4.75417e-25
2.03227e-24
8.1291e-24
2.19185e-24
1.75348e-23
4.774e-24
3.3418e-23
1.57589e-23
5.25295e-23
1.16878e-23
6.42827e-23
1.31565e-23
7.89391e-23
1.49983e-23
1.12487e-22
0
6.93313e-23
0
1.2197e-22
0
1.09004e-22
0
-5.87046e-23
0
-7.2343e-23
9.04869e-23
2.26217e-22
5.70784e-23
-1.71235e-22
-3.5796e-23
-1.43184e-22
0
-8.69067e-23
-0
-0
-0
-0
-0
-0
-0
-0
-0
0
0
0
0
0
0
0
0
0
0
0
0
0
0
0
0
)
;
    }
    baffle_master
    {
        type            calculated;
        value           nonuniform List<scalar> 
150
(
-5.39857e-33
0
0
-7.96962e-33
0
0
2.65684e-32
0
0
-3.81164e-32
0
0
-4.17727e-31
0
-1.2136e-31
4.08855e-33
0
0
-7.82341e-32
0
1.2138e-31
-6.44124e-34
0
7.58687e-33
6.90684e-33
0
0
-3.66437e-33
0
0
5.21692e-32
0
0
4.11774e-32
0
6.07147e-32
-8.3849e-35
0
-1.51799e-32
1.71935e-32
0
0
-3.50127e-33
0
-3.03648e-32
-4.22572e-32
0
0
4.90222e-31
0
2.42958e-31
-3.73697e-33
0
6.07444e-32
6.70215e-31
0
2.42998e-31
9.41546e-33
0
1.21509e-31
3.3727e-32
0
1.21519e-31
-4.38234e-31
0
-2.43057e-31
7.46448e-34
0
0
-2.32211e-32
0
-2.43097e-31
1.05436e-31
0
0
0
-1.26844e-31
0
1.2133e-31
-2.54895e-31
0
1.2134e-31
-2.41066e-31
0
6.06751e-32
-1.50295e-31
0
0
2.5455e-31
0
6.0685e-32
-1.1434e-31
0
-1.2138e-31
-3.48382e-31
0
-1.51737e-32
1.00319e-32
-0
-6.06999e-32
-8.37439e-32
0
-1.2141e-31
-3.33039e-31
0
1.2142e-31
-3.48733e-31
0
6.07147e-32
-1.67143e-31
0
1.51799e-32
-3.8061e-32
0
0
-1.90973e-31
0
3.03648e-32
-8.69281e-32
0
-6.07345e-32
9.91088e-32
-0
-1.82218e-31
-1.62096e-31
0
0
-1.31255e-31
0
-2.42998e-31
-2.33001e-32
0
1.21509e-31
2.62129e-31
0
1.21519e-31
1.88738e-31
0
-2.43057e-31
4.65353e-31
0
-1.21538e-31
-2.28085e-31
0
0
-7.90539e-32
-0
0
-1.04528e-30
-0
)
;
    }
    baffle_slave
    {
        type            calculated;
        value           nonuniform List<scalar> 
150
(
-1.83839e-25
-0
0
2.39867e-24
-0
-5.92086e-24
9.09576e-25
-0
5.98752e-24
1.18799e-24
-0
0
-1.46319e-23
-0
-1.25226e-23
1.61408e-24
-0
3.23778e-24
-6.30837e-25
-0
0
1.32551e-24
-0
1.77271e-24
-9.36159e-25
-0
0
-1.25059e-25
0
0
-1.34891e-25
0
-4.32961e-24
1.1754e-24
0
0
-4.36612e-24
0
0
-6.29878e-25
0
1.15511e-23
1.92544e-24
0
-1.30078e-23
-6.32886e-24
0
0
-7.56338e-23
0
-6.86225e-23
1.88319e-24
0
0
-7.82498e-23
0
-4.8027e-23
4.54262e-25
0
-5.82567e-23
1.12129e-24
0
0
1.21533e-22
0
9.00334e-23
8.8802e-25
0
0
-4.46427e-24
0
-7.14611e-23
2.98553e-23
0
-4.34313e-23
-3.03366e-24
1.26849e-23
0
-5.15493e-24
9.96369e-24
0
6.14215e-25
9.98201e-24
0
-6.12119e-24
1.43509e-23
0
-2.75559e-24
-1.6973e-23
0
-2.31312e-24
1.12986e-23
0
-2.26932e-24
9.04199e-24
0
4.50708e-25
3.53469e-24
0
2.40378e-25
2.3404e-24
0
-6.64411e-26
-2.50119e-25
0
2.69724e-24
-3.77694e-24
0
6.73519e-24
-6.61165e-24
0
3.58349e-24
-1.08344e-23
0
-1.17227e-23
-1.78166e-23
0
-7.52859e-24
-1.85957e-23
0
5.86779e-25
-2.36213e-23
0
-4.3352e-23
-2.89434e-23
0
7.90591e-24
-4.47258e-23
0
-3.72345e-23
-1.83457e-23
0
-1.57131e-23
2.31674e-23
0
-1.63009e-23
3.53207e-23
0
-1.72304e-22
1.22235e-22
0
-5.86211e-23
-6.92655e-23
0
-5.29693e-23
5.24552e-23
0
9.64056e-24
5.97106e-23
0
)
;
    }
}


// ************************************************************************* //
