/*--------------------------------*- C++ -*----------------------------------*\
| =========                 |                                                 |
| \\      /  F ield         | OpenFOAM: The Open Source CFD Toolbox           |
|  \\    /   O peration     | Version:  2212                                  |
|   \\  /    A nd           | Website:  www.openfoam.com                      |
|    \\/     M anipulation  |                                                 |
\*---------------------------------------------------------------------------*/
FoamFile
{
    version     2.0;
    format      ascii;
    arch        "LSB;label=32;scalar=64";
    class       volScalarField;
    location    "14/fluidRegion";
    object      alphat;
}
// * * * * * * * * * * * * * * * * * * * * * * * * * * * * * * * * * * * * * //

dimensions      [1 -1 -1 0 0 0 0];

internalField   nonuniform List<scalar> 
350
(
0.00257893
0.00257893
0.00257893
0.00257894
0.00257894
0.00257894
0.00257895
0.00257896
0.00257898
0.002579
0.00257904
0.00257911
0.0025792
0.00257934
0.00257956
0.00257989
0.00258039
0.00258116
0.00258234
0.00258415
0.00258691
0.00259112
0.00259756
0.00260741
0.00262245
0.00257893
0.00257893
0.00257893
0.00257894
0.00257894
0.00257894
0.00257895
0.00257896
0.00257898
0.002579
0.00257904
0.00257911
0.0025792
0.00257934
0.00257956
0.00257989
0.00258039
0.00258116
0.00258234
0.00258415
0.00258691
0.00259112
0.00259756
0.00260741
0.00262245
0.000846211
0.000833409
0.000821442
0.000809483
0.000797459
0.000785307
0.000772973
0.000760411
0.00074759
0.000734488
0.000721093
0.000707408
0.000693443
0.000679233
0.000664859
0.0006505
0.000636539
0.000623754
0.000613676
0.00060923
0.000615813
0.000642551
0.000701623
0.000800865
0.000934344
0.000840366
0.000827514
0.000815516
0.000803538
0.000791509
0.000779366
0.000767054
0.000754529
0.00074176
0.000728728
0.000715426
0.000701858
0.000688037
0.000674002
0.000659831
0.000645702
0.000631995
0.000619484
0.000609695
0.000605557
0.000612483
0.000639656
0.000699369
0.000799554
0.000934148
0.000847152
0.000834355
0.00082239
0.000810429
0.000798402
0.000786245
0.000773903
0.000761332
0.000748498
0.00073538
0.000721967
0.000708259
0.000694267
0.000680026
0.000665615
0.000651214
0.000637208
0.000624376
0.000614246
0.000609748
0.000616274
0.00064295
0.000701946
0.000801092
0.000934486
0.000841714
0.000828875
0.000816885
0.000804912
0.000792885
0.00078074
0.000768423
0.00075589
0.000743109
0.00073006
0.000716737
0.000703141
0.000689287
0.00067521
0.000660992
0.00064681
0.000633044
0.000620469
0.000610613
0.000606403
0.00061325
0.000640323
0.000699887
0.000799853
0.000934186
0.000841714
0.000828875
0.000816885
0.000804912
0.000792885
0.00078074
0.000768423
0.00075589
0.000743109
0.00073006
0.000716737
0.000703141
0.000689287
0.00067521
0.000660992
0.00064681
0.000633044
0.000620469
0.000610613
0.000606403
0.00061325
0.000640323
0.000699887
0.000799853
0.000934186
0.000847153
0.000834355
0.00082239
0.000810429
0.000798402
0.000786245
0.000773903
0.000761332
0.000748498
0.00073538
0.000721967
0.000708259
0.000694267
0.000680025
0.000665614
0.000651214
0.000637208
0.000624375
0.000614246
0.000609747
0.000616274
0.00064295
0.000701946
0.000801093
0.000934489
0.000840366
0.000827514
0.000815516
0.000803538
0.000791509
0.000779366
0.000767054
0.000754529
0.00074176
0.000728728
0.000715426
0.000701858
0.000688037
0.000674002
0.000659831
0.000645702
0.000631995
0.000619484
0.000609695
0.000605557
0.000612483
0.000639656
0.000699369
0.000799554
0.000934148
0.000846211
0.000833409
0.000821442
0.000809483
0.000797459
0.000785307
0.000772973
0.000760412
0.00074759
0.000734488
0.000721094
0.000707408
0.000693443
0.000679233
0.000664859
0.0006505
0.000636539
0.000623754
0.000613675
0.00060923
0.000615812
0.00064255
0.000701622
0.000800863
0.000934341
0.000841714
0.000828875
0.000816885
0.000804912
0.000792885
0.00078074
0.000768423
0.00075589
0.000743109
0.00073006
0.000716737
0.000703141
0.000689287
0.000675211
0.000660992
0.00064681
0.000633044
0.000620469
0.000610613
0.000606403
0.00061325
0.000640323
0.000699887
0.000799853
0.000934186
0.000847152
0.000834355
0.00082239
0.00081043
0.000798402
0.000786245
0.000773903
0.000761332
0.000748499
0.000735381
0.000721968
0.000708259
0.000694267
0.000680026
0.000665615
0.000651214
0.000637208
0.000624375
0.000614246
0.000609747
0.000616274
0.000642949
0.000701944
0.00080109
0.000934483
0.000847152
0.000834355
0.00082239
0.00081043
0.000798402
0.000786245
0.000773903
0.000761332
0.000748498
0.00073538
0.000721967
0.000708259
0.000694267
0.000680025
0.000665614
0.000651214
0.000637208
0.000624375
0.000614246
0.000609747
0.000616274
0.00064295
0.000701945
0.000801092
0.000934488
0.000841714
0.000828875
0.000816885
0.000804912
0.000792885
0.000780741
0.000768424
0.00075589
0.000743109
0.000730061
0.000716737
0.000703141
0.000689287
0.000675211
0.000660992
0.00064681
0.000633044
0.000620469
0.000610612
0.000606403
0.00061325
0.000640322
0.000699886
0.000799851
0.000934183
)
;

boundaryField
{
    outletCentralUnloaded
    {
        type            zeroGradient;
    }
    inletCentralUnloaded
    {
        type            zeroGradient;
    }
    outletFuelElement
    {
        type            zeroGradient;
    }
    inletFuelElement
    {
        type            zeroGradient;
    }
    defaultFaces
    {
        type            zeroGradient;
    }
    baffle_master
    {
        type            calculated;
        value           nonuniform List<scalar> 
150
(
0.00257893
0.00257893
0.00257893
0.00257893
0.00257893
0.00257893
0.00257893
0.00257893
0.00257893
0.00257894
0.00257894
0.00257894
0.00257894
0.00257894
0.00257894
0.00257894
0.00257894
0.00257894
0.00257895
0.00257895
0.00257895
0.00257896
0.00257896
0.00257896
0.00257898
0.00257898
0.00257898
0.002579
0.002579
0.002579
0.00257904
0.00257904
0.00257904
0.00257911
0.00257911
0.00257911
0.0025792
0.0025792
0.0025792
0.00257934
0.00257934
0.00257934
0.00257956
0.00257956
0.00257956
0.00257989
0.00257989
0.00257989
0.00258039
0.00258039
0.00258039
0.00258116
0.00258116
0.00258116
0.00258234
0.00258234
0.00258234
0.00258415
0.00258415
0.00258415
0.00258691
0.00258691
0.00258691
0.00259112
0.00259112
0.00259112
0.00259756
0.00259756
0.00259756
0.00260741
0.00260741
0.00260741
0.00262245
0.00262245
0.00262245
0.00257893
0.00257893
0.00257893
0.00257893
0.00257893
0.00257893
0.00257893
0.00257893
0.00257893
0.00257894
0.00257894
0.00257894
0.00257894
0.00257894
0.00257894
0.00257894
0.00257894
0.00257894
0.00257895
0.00257895
0.00257895
0.00257896
0.00257896
0.00257896
0.00257898
0.00257898
0.00257898
0.002579
0.002579
0.002579
0.00257904
0.00257904
0.00257904
0.00257911
0.00257911
0.00257911
0.0025792
0.0025792
0.0025792
0.00257934
0.00257934
0.00257934
0.00257956
0.00257956
0.00257956
0.00257989
0.00257989
0.00257989
0.00258039
0.00258039
0.00258039
0.00258116
0.00258116
0.00258116
0.00258234
0.00258234
0.00258234
0.00258415
0.00258415
0.00258415
0.00258691
0.00258691
0.00258691
0.00259112
0.00259112
0.00259112
0.00259756
0.00259756
0.00259756
0.00260741
0.00260741
0.00260741
0.00262245
0.00262245
0.00262245
)
;
    }
    baffle_slave
    {
        type            calculated;
        value           nonuniform List<scalar> 
150
(
0.000840366
0.000841714
0.000841714
0.000827514
0.000828875
0.000828875
0.000815516
0.000816885
0.000816885
0.000803538
0.000804912
0.000804912
0.000791509
0.000792885
0.000792885
0.000779366
0.00078074
0.000780741
0.000767054
0.000768423
0.000768424
0.000754529
0.00075589
0.00075589
0.00074176
0.000743109
0.000743109
0.000728728
0.00073006
0.000730061
0.000715426
0.000716737
0.000716737
0.000701858
0.000703141
0.000703141
0.000688037
0.000689287
0.000689287
0.000674002
0.00067521
0.000675211
0.000659831
0.000660992
0.000660992
0.000645702
0.00064681
0.00064681
0.000631995
0.000633044
0.000633044
0.000619484
0.000620469
0.000620469
0.000609695
0.000610613
0.000610612
0.000605557
0.000606403
0.000606403
0.000612483
0.00061325
0.00061325
0.000639656
0.000640323
0.000640322
0.000699369
0.000699887
0.000699886
0.000799554
0.000799853
0.000799851
0.000934148
0.000934186
0.000934183
0.000841714
0.000840366
0.000841714
0.000828875
0.000827514
0.000828875
0.000816885
0.000815516
0.000816885
0.000804912
0.000803538
0.000804912
0.000792885
0.000791509
0.000792885
0.00078074
0.000779366
0.00078074
0.000768423
0.000767054
0.000768423
0.00075589
0.000754529
0.00075589
0.000743109
0.00074176
0.000743109
0.00073006
0.000728728
0.00073006
0.000716737
0.000715426
0.000716737
0.000703141
0.000701858
0.000703141
0.000689287
0.000688037
0.000689287
0.00067521
0.000674002
0.000675211
0.000660992
0.000659831
0.000660992
0.00064681
0.000645702
0.00064681
0.000633044
0.000631995
0.000633044
0.000620469
0.000619484
0.000620469
0.000610613
0.000609695
0.000610613
0.000606403
0.000605557
0.000606403
0.00061325
0.000612483
0.00061325
0.000640323
0.000639656
0.000640323
0.000699887
0.000699369
0.000699887
0.000799853
0.000799554
0.000799853
0.000934186
0.000934148
0.000934186
)
;
    }
}


// ************************************************************************* //
