/*--------------------------------*- C++ -*----------------------------------*\
| =========                 |                                                 |
| \\      /  F ield         | OpenFOAM: The Open Source CFD Toolbox           |
|  \\    /   O peration     | Version:  2212                                  |
|   \\  /    A nd           | Website:  www.openfoam.com                      |
|    \\/     M anipulation  |                                                 |
\*---------------------------------------------------------------------------*/
FoamFile
{
    version     2.0;
    format      ascii;
    arch        "LSB;label=32;scalar=64";
    class       volScalarField;
    location    "14/fluidRegion";
    object      deltaT;
}
// * * * * * * * * * * * * * * * * * * * * * * * * * * * * * * * * * * * * * //

dimensions      [0 0 0 1 0 0 0];

internalField   nonuniform List<scalar> 
350
(
0
0
0
0
0
0
0
0
0
0
0
0
0
0
0
0
0
0
0
0
0
0
0
0
0
0
0
0
0
0
0
0
0
0
0
0
0
0
0
0
0
0
0
0
0
0
0
0
0
0
0
13.6586
41.1264
68.305
95.138
121.563
147.507
172.883
197.585
221.478
244.393
266.121
286.405
304.937
321.344
335.161
345.779
352.357
353.671
347.937
332.583
304.208
259
194.253
111.885
0
13.4014
41.1118
68.5299
95.6001
122.261
148.441
174.055
198.997
223.132
246.29
268.26
288.781
307.539
324.154
338.155
348.928
355.624
357.008
351.273
335.81
307.158
261.43
195.873
112.458
0
13.7027
41.1313
68.2713
95.066
121.453
147.358
172.696
197.36
221.214
244.09
265.779
286.026
304.523
320.897
334.686
345.281
351.842
353.148
347.417
332.084
303.757
258.633
194.009
111.798
0
13.4568
41.1113
68.4742
95.4899
122.096
148.222
173.782
198.669
222.748
245.851
267.765
288.232
306.938
323.505
337.464
348.202
354.87
356.238
350.503
335.065
306.476
260.868
195.498
112.326
0
13.4568
41.1113
68.4742
95.4899
122.096
148.222
173.782
198.669
222.748
245.851
267.765
288.232
306.938
323.505
337.464
348.202
354.87
356.238
350.503
335.065
306.476
260.868
195.498
112.326
0
13.7027
41.1313
68.2713
95.066
121.452
147.358
172.696
197.36
221.214
244.09
265.779
286.026
304.522
320.897
334.686
345.281
351.842
353.148
347.417
332.084
303.757
258.633
194.01
111.798
0
13.4014
41.1118
68.5299
95.6001
122.261
148.441
174.055
198.997
223.132
246.29
268.26
288.781
307.539
324.154
338.155
348.928
355.624
357.008
351.273
335.81
307.158
261.43
195.873
112.458
0
13.6586
41.1264
68.305
95.138
121.563
147.507
172.883
197.585
221.478
244.393
266.121
286.405
304.937
321.344
335.161
345.779
352.357
353.671
347.937
332.583
304.208
259.001
194.253
111.885
0
13.4568
41.1113
68.4742
95.4899
122.096
148.222
173.782
198.669
222.748
245.851
267.765
288.232
306.938
323.505
337.464
348.202
354.87
356.238
350.503
335.065
306.476
260.868
195.498
112.326
0
13.7027
41.1313
68.2713
95.066
121.453
147.358
172.696
197.36
221.214
244.09
265.779
286.026
304.523
320.897
334.686
345.281
351.842
353.148
347.417
332.084
303.757
258.633
194.009
111.798
0
13.7027
41.1313
68.2713
95.066
121.452
147.358
172.696
197.36
221.213
244.09
265.779
286.026
304.522
320.897
334.686
345.281
351.842
353.148
347.417
332.084
303.757
258.633
194.01
111.798
0
13.4568
41.1113
68.4742
95.4899
122.096
148.222
173.782
198.669
222.748
245.851
267.765
288.232
306.938
323.505
337.464
348.202
354.87
356.238
350.503
335.065
306.476
260.868
195.498
112.326
)
;

boundaryField
{
    outletCentralUnloaded
    {
        type            calculated;
        value           uniform 0;
    }
    inletCentralUnloaded
    {
        type            calculated;
        value           uniform 0;
    }
    outletFuelElement
    {
        type            calculated;
        value           uniform 0;
    }
    inletFuelElement
    {
        type            calculated;
        value           uniform 616.7;
    }
    defaultFaces
    {
        type            calculated;
        value           nonuniform List<scalar> 
450
(
0
0
0
0
0
0
0
0
0
0
0
0
0
0
0
0
0
0
0
0
0
0
0
0
0
0
0
0
0
0
0
0
0
0
0
0
10.0722
10.0722
10.0722
77.4961
77.4961
77.4961
145.187
145.187
145.187
211.967
211.967
211.967
276.701
276.701
276.701
338.321
338.321
338.321
395.832
395.832
395.832
448.311
448.311
448.311
494.889
494.889
494.889
534.765
534.765
534.765
567.241
567.241
567.241
591.819
591.819
591.819
608.319
608.319
608.319
0
0
0
0
0
0
0
0
0
0
0
0
0
0
0
0
0
0
0
0
0
0
0
0
11.4945
11.4945
78.7435
78.7435
146.258
146.258
212.865
212.865
277.433
277.433
338.898
338.898
396.27
396.27
448.627
448.627
495.102
495.102
534.896
534.896
567.311
567.311
591.847
591.847
608.326
608.326
0
0
0
0
0
0
0
0
0
0
0
0
3.09469
71.3529
139.892
207.51
273.051
335.425
393.624
446.71
493.804
534.097
566.886
591.673
608.288
0
0
0
0
0
0
0
0
0
0
0
0
3.0947
71.3529
139.892
207.51
273.051
335.425
393.624
446.71
493.804
534.097
566.886
591.673
608.288
0
0
0
0
0
0
0
0
0
0
0
0
0
0
0
0
0
0
0
0
0
0
0
0
11.4941
11.4941
78.7431
78.7431
146.257
146.257
212.864
212.864
277.433
277.433
338.898
338.898
396.27
396.27
448.627
448.627
495.101
495.101
534.896
534.896
567.311
567.311
591.847
591.847
608.326
608.326
0
0
0
0
0
0
0
0
0
0
0
0
0
0
0
0
0
0
0
0
0
0
0
0
0
0
0
0
0
0
0
0
0
0
0
0
10.0722
10.0722
10.0722
77.4962
77.4962
77.4962
145.187
145.187
145.187
211.967
211.967
211.967
276.701
276.701
276.701
338.321
338.321
338.321
395.832
395.832
395.832
448.311
448.311
448.311
494.889
494.889
494.889
534.765
534.765
534.765
567.241
567.241
567.241
591.819
591.819
591.819
608.319
608.319
608.319
0
0
0
0
0
0
0
0
0
0
0
0
3.09473
71.3529
139.892
207.51
273.051
335.425
393.624
446.71
493.804
534.097
566.886
591.673
608.288
0
0
0
0
0
0
0
0
0
0
0
0
0
0
0
0
0
0
0
0
0
0
0
0
11.4945
11.4945
78.7435
78.7435
146.258
146.258
212.865
212.865
277.433
277.433
338.898
338.898
396.27
396.27
448.627
448.627
495.102
495.102
534.896
534.896
567.311
567.311
591.847
591.847
608.326
608.326
0
0
0
0
0
0
0
0
0
0
0
0
0
0
0
0
0
0
0
0
0
0
0
0
11.4941
11.4941
78.7431
78.7431
146.258
146.258
212.864
212.864
277.433
277.433
338.898
338.898
396.27
396.27
448.627
448.627
495.101
495.101
534.896
534.896
567.311
567.311
591.847
591.847
608.326
608.326
0
0
0
0
0
0
0
0
0
0
0
0
3.09474
71.3529
139.892
207.51
273.051
335.425
393.624
446.71
493.804
534.097
566.886
591.673
608.288
)
;
    }
    baffle_master
    {
        type            calculated;
        value           uniform 0;
    }
    baffle_slave
    {
        type            calculated;
        value           nonuniform List<scalar> 
150
(
0
0
0
0
0
0
0
0
0
0
0
0
0
0
0
0
0
0
0
0
0
0
0
0
0
0
0
0
0
0
0
0
0
0
0
0
1.0175
3.09469
3.09474
69.5213
71.3529
71.3529
138.311
139.892
139.892
206.178
207.51
207.51
271.958
273.051
273.051
334.558
335.425
335.425
392.962
393.624
393.624
446.23
446.71
446.71
493.478
493.804
493.804
533.897
534.097
534.097
566.78
566.886
566.886
591.629
591.673
591.673
608.278
608.288
608.288
0
0
0
0
0
0
0
0
0
0
0
0
0
0
0
0
0
0
0
0
0
0
0
0
0
0
0
0
0
0
0
0
0
0
0
0
3.0947
1.01753
3.09473
71.3529
69.5213
71.3529
139.892
138.311
139.892
207.51
206.178
207.51
273.051
271.958
273.051
335.425
334.558
335.425
393.624
392.962
393.624
446.71
446.23
446.71
493.804
493.478
493.804
534.097
533.897
534.097
566.886
566.78
566.886
591.673
591.629
591.673
608.288
608.278
608.288
)
;
    }
}


// ************************************************************************* //
