/*--------------------------------*- C++ -*----------------------------------*\
| =========                 |                                                 |
| \\      /  F ield         | OpenFOAM: The Open Source CFD Toolbox           |
|  \\    /   O peration     | Version:  2212                                  |
|   \\  /    A nd           | Website:  www.openfoam.com                      |
|    \\/     M anipulation  |                                                 |
\*---------------------------------------------------------------------------*/
FoamFile
{
    version     2.0;
    format      ascii;
    arch        "LSB;label=32;scalar=64";
    class       volScalarField;
    location    "14/fluidRegion";
    object      epsilon;
}
// * * * * * * * * * * * * * * * * * * * * * * * * * * * * * * * * * * * * * //

dimensions      [0 2 -3 0 0 0 0];

internalField   nonuniform List<scalar> 
350
(
66.4605
66.4442
66.428
66.4118
66.3956
66.3795
66.3635
66.3477
66.3321
66.3168
66.302
66.288
66.2751
66.264
66.2555
66.2511
66.253
66.2644
66.2905
66.3388
66.4213
66.5559
66.7701
67.106
67.6278
66.4605
66.4442
66.428
66.4118
66.3956
66.3795
66.3635
66.3477
66.3321
66.3168
66.302
66.288
66.2751
66.264
66.2555
66.2511
66.253
66.2644
66.2905
66.3388
66.4213
66.5559
66.7701
67.106
67.6278
1.5166e+06
1.44481e+06
1.35183e+06
1.23838e+06
1.11028e+06
973696
834644
698663
570481
453793
351135
263854
192183
135402
92063.4
60255.3
37860.1
22779.6
13103.6
7215.02
3834.77
2016.6
1110.8
706.73
569.238
1.54286e+06
1.47025e+06
1.37605e+06
1.26087e+06
1.13068e+06
991744
850210
711730
581140
462225
357590
268624
195574
137714
93568.4
61186.2
38403.6
23076.6
13253.7
7284.13
3863.13
2026.67
1113.78
707.503
569.577
1.51223e+06
1.44058e+06
1.34784e+06
1.23468e+06
1.10694e+06
970747
832108
696540
568753
452429
350093
263085
191637
135030
91820.8
60104.9
37771.9
22730.9
13078.6
7203.16
3829.64
2014.59
1110.09
706.514
569.196
1.53706e+06
1.46462e+06
1.37067e+06
1.25586e+06
1.12613e+06
987704
846718
708792
578738
460321
356130
267543
194805
137188
93225.9
60974.2
38279.8
23008.8
13219.5
7268.39
3856.69
2024.4
1113.12
707.336
569.501
1.53706e+06
1.46462e+06
1.37067e+06
1.25586e+06
1.12613e+06
987704
846718
708792
578738
460321
356130
267543
194805
137188
93225.9
60974.2
38279.8
23008.8
13219.5
7268.39
3856.69
2024.4
1113.12
707.336
569.501
1.51223e+06
1.44059e+06
1.34784e+06
1.23468e+06
1.10694e+06
970748
832109
696541
568754
452430
350093
263086
191637
135030
91820.9
60104.9
37771.9
22730.9
13078.6
7203.16
3829.63
2014.58
1110.08
706.514
569.197
1.54286e+06
1.47025e+06
1.37605e+06
1.26087e+06
1.13068e+06
991744
850210
711730
581139
462225
357590
268624
195574
137714
93568.4
61186.2
38403.6
23076.6
13253.7
7284.13
3863.13
2026.67
1113.78
707.503
569.577
1.5166e+06
1.44481e+06
1.35183e+06
1.23838e+06
1.11028e+06
973696
834645
698664
570481
453793
351135
263854
192183
135402
92063.4
60255.3
37860.1
22779.6
13103.6
7215.02
3834.77
2016.6
1110.79
706.729
569.236
1.53706e+06
1.46462e+06
1.37067e+06
1.25586e+06
1.12613e+06
987704
846718
708792
578738
460321
356130
267543
194805
137188
93225.9
60974.2
38279.8
23008.8
13219.5
7268.39
3856.69
2024.4
1113.12
707.336
569.501
1.51223e+06
1.44058e+06
1.34784e+06
1.23468e+06
1.10694e+06
970747
832109
696541
568753
452429
350093
263085
191637
135030
91820.8
60104.9
37771.9
22730.9
13078.6
7203.16
3829.63
2014.58
1110.08
706.512
569.194
1.51223e+06
1.44059e+06
1.34784e+06
1.23468e+06
1.10694e+06
970748
832109
696541
568754
452430
350093
263086
191638
135030
91820.9
60104.9
37771.9
22730.9
13078.6
7203.16
3829.63
2014.58
1110.08
706.513
569.196
1.53706e+06
1.46462e+06
1.37067e+06
1.25586e+06
1.12613e+06
987705
846718
708792
578738
460322
356130
267543
194805
137188
93226
60974.2
38279.8
23008.8
13219.5
7268.39
3856.69
2024.4
1113.12
707.335
569.499
)
;

boundaryField
{
    outletCentralUnloaded
    {
        type            zeroGradient;
    }
    inletCentralUnloaded
    {
        type            zeroGradient;
    }
    outletFuelElement
    {
        type            zeroGradient;
    }
    inletFuelElement
    {
        type            zeroGradient;
    }
    defaultFaces
    {
        type            zeroGradient;
    }
    baffle_master
    {
        type            zeroGradient;
    }
    baffle_slave
    {
        type            zeroGradient;
    }
}


// ************************************************************************* //
