/*--------------------------------*- C++ -*----------------------------------*\
| =========                 |                                                 |
| \\      /  F ield         | OpenFOAM: The Open Source CFD Toolbox           |
|  \\    /   O peration     | Version:  2212                                  |
|   \\  /    A nd           | Website:  www.openfoam.com                      |
|    \\/     M anipulation  |                                                 |
\*---------------------------------------------------------------------------*/
FoamFile
{
    version     2.0;
    format      ascii;
    arch        "LSB;label=32;scalar=64";
    class       volTensorField;
    location    "14/fluidRegion";
    object      Kd;
}
// * * * * * * * * * * * * * * * * * * * * * * * * * * * * * * * * * * * * * //

dimensions      [1 -3 -1 0 0 0 0];

internalField   nonuniform List<tensor> 
350
(
(84.5527 0 0 0 84.5527 0 0 0 84.5527)
(84.5527 0 0 0 84.5527 0 0 0 84.5527)
(84.5527 0 0 0 84.5527 0 0 0 84.5527)
(84.5527 0 0 0 84.5527 0 0 0 84.5527)
(84.5527 0 0 0 84.5527 0 0 0 84.5527)
(84.5527 0 0 0 84.5527 0 0 0 84.5527)
(84.5527 0 0 0 84.5527 0 0 0 84.5527)
(84.5527 0 0 0 84.5527 0 0 0 84.5527)
(84.5527 0 0 0 84.5527 0 0 0 84.5527)
(84.5527 0 0 0 84.5527 0 0 0 84.5527)
(84.5527 0 0 0 84.5527 0 0 0 84.5527)
(84.5527 0 0 0 84.5527 0 0 0 84.5527)
(84.5527 0 0 0 84.5527 0 0 0 84.5527)
(84.5527 0 0 0 84.5527 0 0 0 84.5527)
(84.5527 0 0 0 84.5527 0 0 0 84.5527)
(84.5527 0 0 0 84.5527 0 0 0 84.5527)
(84.5527 0 0 0 84.5527 0 0 0 84.5527)
(84.5527 0 0 0 84.5527 0 0 0 84.5527)
(84.5527 0 0 0 84.5527 0 0 0 84.5527)
(84.5527 0 0 0 84.5527 0 0 0 84.5527)
(84.5527 0 0 0 84.5527 0 0 0 84.5527)
(84.5527 0 0 0 84.5527 0 0 0 84.5527)
(84.5527 0 0 0 84.5527 0 0 0 84.5527)
(84.5527 0 0 0 84.5527 0 0 0 84.5527)
(84.7788 0 0 0 84.7788 0 0 0 84.7788)
(84.5527 0 0 0 84.5527 0 0 0 84.5527)
(84.5527 0 0 0 84.5527 0 0 0 84.5527)
(84.5527 0 0 0 84.5527 0 0 0 84.5527)
(84.5527 0 0 0 84.5527 0 0 0 84.5527)
(84.5527 0 0 0 84.5527 0 0 0 84.5527)
(84.5527 0 0 0 84.5527 0 0 0 84.5527)
(84.5527 0 0 0 84.5527 0 0 0 84.5527)
(84.5527 0 0 0 84.5527 0 0 0 84.5527)
(84.5527 0 0 0 84.5527 0 0 0 84.5527)
(84.5527 0 0 0 84.5527 0 0 0 84.5527)
(84.5527 0 0 0 84.5527 0 0 0 84.5527)
(84.5527 0 0 0 84.5527 0 0 0 84.5527)
(84.5527 0 0 0 84.5527 0 0 0 84.5527)
(84.5527 0 0 0 84.5527 0 0 0 84.5527)
(84.5527 0 0 0 84.5527 0 0 0 84.5527)
(84.5527 0 0 0 84.5527 0 0 0 84.5527)
(84.5527 0 0 0 84.5527 0 0 0 84.5527)
(84.5527 0 0 0 84.5527 0 0 0 84.5527)
(84.5527 0 0 0 84.5527 0 0 0 84.5527)
(84.5527 0 0 0 84.5527 0 0 0 84.5527)
(84.5527 0 0 0 84.5527 0 0 0 84.5527)
(84.5527 0 0 0 84.5527 0 0 0 84.5527)
(84.5527 0 0 0 84.5527 0 0 0 84.5527)
(84.5527 0 0 0 84.5527 0 0 0 84.5527)
(84.7788 0 0 0 84.7788 0 0 0 84.7788)
(637.385 0 0 0 637.385 0 0 0 637.385)
(636.045 0 0 0 636.045 0 0 0 636.045)
(636.07 0 0 0 636.07 0 0 0 636.07)
(636.087 0 0 0 636.087 0 0 0 636.087)
(636.093 0 0 0 636.093 0 0 0 636.093)
(636.087 0 0 0 636.087 0 0 0 636.087)
(636.07 0 0 0 636.07 0 0 0 636.07)
(636.041 0 0 0 636.041 0 0 0 636.041)
(635.999 0 0 0 635.999 0 0 0 635.999)
(635.945 0 0 0 635.945 0 0 0 635.945)
(635.878 0 0 0 635.878 0 0 0 635.878)
(635.797 0 0 0 635.797 0 0 0 635.797)
(635.7 0 0 0 635.7 0 0 0 635.7)
(635.585 0 0 0 635.585 0 0 0 635.585)
(635.449 0 0 0 635.449 0 0 0 635.449)
(635.289 0 0 0 635.289 0 0 0 635.289)
(635.106 0 0 0 635.106 0 0 0 635.106)
(634.91 0 0 0 634.91 0 0 0 634.91)
(634.727 0 0 0 634.727 0 0 0 634.727)
(634.629 0 0 0 634.629 0 0 0 634.629)
(634.75 0 0 0 634.75 0 0 0 634.75)
(635.363 0 0 0 635.363 0 0 0 635.363)
(636.9 0 0 0 636.9 0 0 0 636.9)
(639.895 0 0 0 639.895 0 0 0 639.895)
(638.845 0 0 0 638.845 0 0 0 638.845)
(634.023 0 0 0 634.023 0 0 0 634.023)
(632.604 0 0 0 632.604 0 0 0 632.604)
(632.572 0 0 0 632.572 0 0 0 632.572)
(632.533 0 0 0 632.533 0 0 0 632.533)
(632.49 0 0 0 632.49 0 0 0 632.49)
(632.444 0 0 0 632.444 0 0 0 632.444)
(632.394 0 0 0 632.394 0 0 0 632.394)
(632.341 0 0 0 632.341 0 0 0 632.341)
(632.286 0 0 0 632.286 0 0 0 632.286)
(632.231 0 0 0 632.231 0 0 0 632.231)
(632.178 0 0 0 632.178 0 0 0 632.178)
(632.128 0 0 0 632.128 0 0 0 632.128)
(632.083 0 0 0 632.083 0 0 0 632.083)
(632.043 0 0 0 632.043 0 0 0 632.043)
(632.008 0 0 0 632.008 0 0 0 632.008)
(631.977 0 0 0 631.977 0 0 0 631.977)
(631.953 0 0 0 631.953 0 0 0 631.953)
(631.948 0 0 0 631.948 0 0 0 631.948)
(631.992 0 0 0 631.992 0 0 0 631.992)
(632.166 0 0 0 632.166 0 0 0 632.166)
(632.614 0 0 0 632.614 0 0 0 632.614)
(633.62 0 0 0 633.62 0 0 0 633.62)
(635.624 0 0 0 635.624 0 0 0 635.624)
(639.148 0 0 0 639.148 0 0 0 639.148)
(638.62 0 0 0 638.62 0 0 0 638.62)
(637.948 0 0 0 637.948 0 0 0 637.948)
(636.616 0 0 0 636.616 0 0 0 636.616)
(636.651 0 0 0 636.651 0 0 0 636.651)
(636.675 0 0 0 636.675 0 0 0 636.675)
(636.685 0 0 0 636.685 0 0 0 636.685)
(636.683 0 0 0 636.683 0 0 0 636.683)
(636.669 0 0 0 636.669 0 0 0 636.669)
(636.64 0 0 0 636.64 0 0 0 636.64)
(636.598 0 0 0 636.598 0 0 0 636.598)
(636.541 0 0 0 636.541 0 0 0 636.541)
(636.468 0 0 0 636.468 0 0 0 636.468)
(636.378 0 0 0 636.378 0 0 0 636.378)
(636.269 0 0 0 636.269 0 0 0 636.269)
(636.138 0 0 0 636.138 0 0 0 636.138)
(635.981 0 0 0 635.981 0 0 0 635.981)
(635.796 0 0 0 635.796 0 0 0 635.796)
(635.582 0 0 0 635.582 0 0 0 635.582)
(635.35 0 0 0 635.35 0 0 0 635.35)
(635.124 0 0 0 635.124 0 0 0 635.124)
(634.976 0 0 0 634.976 0 0 0 634.976)
(635.037 0 0 0 635.037 0 0 0 635.037)
(635.581 0 0 0 635.581 0 0 0 635.581)
(637.038 0 0 0 637.038 0 0 0 637.038)
(639.953 0 0 0 639.953 0 0 0 639.953)
(638.853 0 0 0 638.853 0 0 0 638.853)
(634.777 0 0 0 634.777 0 0 0 634.777)
(633.377 0 0 0 633.377 0 0 0 633.377)
(633.359 0 0 0 633.359 0 0 0 633.359)
(633.335 0 0 0 633.335 0 0 0 633.335)
(633.305 0 0 0 633.305 0 0 0 633.305)
(633.269 0 0 0 633.269 0 0 0 633.269)
(633.228 0 0 0 633.228 0 0 0 633.228)
(633.182 0 0 0 633.182 0 0 0 633.182)
(633.131 0 0 0 633.131 0 0 0 633.131)
(633.078 0 0 0 633.078 0 0 0 633.078)
(633.022 0 0 0 633.022 0 0 0 633.022)
(632.966 0 0 0 632.966 0 0 0 632.966)
(632.911 0 0 0 632.911 0 0 0 632.911)
(632.855 0 0 0 632.855 0 0 0 632.855)
(632.798 0 0 0 632.798 0 0 0 632.798)
(632.739 0 0 0 632.739 0 0 0 632.739)
(632.679 0 0 0 632.679 0 0 0 632.679)
(632.631 0 0 0 632.631 0 0 0 632.631)
(632.624 0 0 0 632.624 0 0 0 632.624)
(632.737 0 0 0 632.737 0 0 0 632.737)
(633.111 0 0 0 633.111 0 0 0 633.111)
(634.027 0 0 0 634.027 0 0 0 634.027)
(635.925 0 0 0 635.925 0 0 0 635.925)
(639.327 0 0 0 639.327 0 0 0 639.327)
(638.675 0 0 0 638.675 0 0 0 638.675)
(634.777 0 0 0 634.777 0 0 0 634.777)
(633.377 0 0 0 633.377 0 0 0 633.377)
(633.359 0 0 0 633.359 0 0 0 633.359)
(633.335 0 0 0 633.335 0 0 0 633.335)
(633.305 0 0 0 633.305 0 0 0 633.305)
(633.269 0 0 0 633.269 0 0 0 633.269)
(633.228 0 0 0 633.228 0 0 0 633.228)
(633.182 0 0 0 633.182 0 0 0 633.182)
(633.131 0 0 0 633.131 0 0 0 633.131)
(633.078 0 0 0 633.078 0 0 0 633.078)
(633.022 0 0 0 633.022 0 0 0 633.022)
(632.966 0 0 0 632.966 0 0 0 632.966)
(632.911 0 0 0 632.911 0 0 0 632.911)
(632.855 0 0 0 632.855 0 0 0 632.855)
(632.798 0 0 0 632.798 0 0 0 632.798)
(632.739 0 0 0 632.739 0 0 0 632.739)
(632.679 0 0 0 632.679 0 0 0 632.679)
(632.631 0 0 0 632.631 0 0 0 632.631)
(632.624 0 0 0 632.624 0 0 0 632.624)
(632.737 0 0 0 632.737 0 0 0 632.737)
(633.111 0 0 0 633.111 0 0 0 633.111)
(634.027 0 0 0 634.027 0 0 0 634.027)
(635.925 0 0 0 635.925 0 0 0 635.925)
(639.327 0 0 0 639.327 0 0 0 639.327)
(638.675 0 0 0 638.675 0 0 0 638.675)
(637.948 0 0 0 637.948 0 0 0 637.948)
(636.616 0 0 0 636.616 0 0 0 636.616)
(636.651 0 0 0 636.651 0 0 0 636.651)
(636.675 0 0 0 636.675 0 0 0 636.675)
(636.685 0 0 0 636.685 0 0 0 636.685)
(636.684 0 0 0 636.684 0 0 0 636.684)
(636.669 0 0 0 636.669 0 0 0 636.669)
(636.64 0 0 0 636.64 0 0 0 636.64)
(636.598 0 0 0 636.598 0 0 0 636.598)
(636.541 0 0 0 636.541 0 0 0 636.541)
(636.468 0 0 0 636.468 0 0 0 636.468)
(636.378 0 0 0 636.378 0 0 0 636.378)
(636.269 0 0 0 636.269 0 0 0 636.269)
(636.137 0 0 0 636.137 0 0 0 636.137)
(635.981 0 0 0 635.981 0 0 0 635.981)
(635.795 0 0 0 635.795 0 0 0 635.795)
(635.582 0 0 0 635.582 0 0 0 635.582)
(635.35 0 0 0 635.35 0 0 0 635.35)
(635.124 0 0 0 635.124 0 0 0 635.124)
(634.975 0 0 0 634.975 0 0 0 634.975)
(635.037 0 0 0 635.037 0 0 0 635.037)
(635.58 0 0 0 635.58 0 0 0 635.58)
(637.037 0 0 0 637.037 0 0 0 637.037)
(639.953 0 0 0 639.953 0 0 0 639.953)
(638.853 0 0 0 638.853 0 0 0 638.853)
(634.023 0 0 0 634.023 0 0 0 634.023)
(632.604 0 0 0 632.604 0 0 0 632.604)
(632.572 0 0 0 632.572 0 0 0 632.572)
(632.533 0 0 0 632.533 0 0 0 632.533)
(632.49 0 0 0 632.49 0 0 0 632.49)
(632.444 0 0 0 632.444 0 0 0 632.444)
(632.394 0 0 0 632.394 0 0 0 632.394)
(632.341 0 0 0 632.341 0 0 0 632.341)
(632.286 0 0 0 632.286 0 0 0 632.286)
(632.231 0 0 0 632.231 0 0 0 632.231)
(632.178 0 0 0 632.178 0 0 0 632.178)
(632.128 0 0 0 632.128 0 0 0 632.128)
(632.083 0 0 0 632.083 0 0 0 632.083)
(632.043 0 0 0 632.043 0 0 0 632.043)
(632.008 0 0 0 632.008 0 0 0 632.008)
(631.977 0 0 0 631.977 0 0 0 631.977)
(631.953 0 0 0 631.953 0 0 0 631.953)
(631.948 0 0 0 631.948 0 0 0 631.948)
(631.992 0 0 0 631.992 0 0 0 631.992)
(632.166 0 0 0 632.166 0 0 0 632.166)
(632.614 0 0 0 632.614 0 0 0 632.614)
(633.62 0 0 0 633.62 0 0 0 633.62)
(635.624 0 0 0 635.624 0 0 0 635.624)
(639.148 0 0 0 639.148 0 0 0 639.148)
(638.62 0 0 0 638.62 0 0 0 638.62)
(637.385 0 0 0 637.385 0 0 0 637.385)
(636.045 0 0 0 636.045 0 0 0 636.045)
(636.07 0 0 0 636.07 0 0 0 636.07)
(636.087 0 0 0 636.087 0 0 0 636.087)
(636.093 0 0 0 636.093 0 0 0 636.093)
(636.087 0 0 0 636.087 0 0 0 636.087)
(636.07 0 0 0 636.07 0 0 0 636.07)
(636.041 0 0 0 636.041 0 0 0 636.041)
(635.999 0 0 0 635.999 0 0 0 635.999)
(635.945 0 0 0 635.945 0 0 0 635.945)
(635.878 0 0 0 635.878 0 0 0 635.878)
(635.797 0 0 0 635.797 0 0 0 635.797)
(635.7 0 0 0 635.7 0 0 0 635.7)
(635.585 0 0 0 635.585 0 0 0 635.585)
(635.449 0 0 0 635.449 0 0 0 635.449)
(635.289 0 0 0 635.289 0 0 0 635.289)
(635.106 0 0 0 635.106 0 0 0 635.106)
(634.91 0 0 0 634.91 0 0 0 634.91)
(634.727 0 0 0 634.727 0 0 0 634.727)
(634.629 0 0 0 634.629 0 0 0 634.629)
(634.75 0 0 0 634.75 0 0 0 634.75)
(635.363 0 0 0 635.363 0 0 0 635.363)
(636.9 0 0 0 636.9 0 0 0 636.9)
(639.895 0 0 0 639.895 0 0 0 639.895)
(638.845 0 0 0 638.845 0 0 0 638.845)
(634.777 0 0 0 634.777 0 0 0 634.777)
(633.377 0 0 0 633.377 0 0 0 633.377)
(633.359 0 0 0 633.359 0 0 0 633.359)
(633.335 0 0 0 633.335 0 0 0 633.335)
(633.305 0 0 0 633.305 0 0 0 633.305)
(633.269 0 0 0 633.269 0 0 0 633.269)
(633.228 0 0 0 633.228 0 0 0 633.228)
(633.182 0 0 0 633.182 0 0 0 633.182)
(633.131 0 0 0 633.131 0 0 0 633.131)
(633.078 0 0 0 633.078 0 0 0 633.078)
(633.022 0 0 0 633.022 0 0 0 633.022)
(632.966 0 0 0 632.966 0 0 0 632.966)
(632.911 0 0 0 632.911 0 0 0 632.911)
(632.855 0 0 0 632.855 0 0 0 632.855)
(632.798 0 0 0 632.798 0 0 0 632.798)
(632.739 0 0 0 632.739 0 0 0 632.739)
(632.679 0 0 0 632.679 0 0 0 632.679)
(632.631 0 0 0 632.631 0 0 0 632.631)
(632.624 0 0 0 632.624 0 0 0 632.624)
(632.737 0 0 0 632.737 0 0 0 632.737)
(633.111 0 0 0 633.111 0 0 0 633.111)
(634.027 0 0 0 634.027 0 0 0 634.027)
(635.925 0 0 0 635.925 0 0 0 635.925)
(639.327 0 0 0 639.327 0 0 0 639.327)
(638.675 0 0 0 638.675 0 0 0 638.675)
(637.948 0 0 0 637.948 0 0 0 637.948)
(636.616 0 0 0 636.616 0 0 0 636.616)
(636.651 0 0 0 636.651 0 0 0 636.651)
(636.675 0 0 0 636.675 0 0 0 636.675)
(636.685 0 0 0 636.685 0 0 0 636.685)
(636.684 0 0 0 636.684 0 0 0 636.684)
(636.669 0 0 0 636.669 0 0 0 636.669)
(636.64 0 0 0 636.64 0 0 0 636.64)
(636.598 0 0 0 636.598 0 0 0 636.598)
(636.541 0 0 0 636.541 0 0 0 636.541)
(636.468 0 0 0 636.468 0 0 0 636.468)
(636.378 0 0 0 636.378 0 0 0 636.378)
(636.269 0 0 0 636.269 0 0 0 636.269)
(636.138 0 0 0 636.138 0 0 0 636.138)
(635.981 0 0 0 635.981 0 0 0 635.981)
(635.796 0 0 0 635.796 0 0 0 635.796)
(635.582 0 0 0 635.582 0 0 0 635.582)
(635.35 0 0 0 635.35 0 0 0 635.35)
(635.124 0 0 0 635.124 0 0 0 635.124)
(634.976 0 0 0 634.976 0 0 0 634.976)
(635.037 0 0 0 635.037 0 0 0 635.037)
(635.581 0 0 0 635.581 0 0 0 635.581)
(637.038 0 0 0 637.038 0 0 0 637.038)
(639.953 0 0 0 639.953 0 0 0 639.953)
(638.853 0 0 0 638.853 0 0 0 638.853)
(637.948 0 0 0 637.948 0 0 0 637.948)
(636.616 0 0 0 636.616 0 0 0 636.616)
(636.651 0 0 0 636.651 0 0 0 636.651)
(636.675 0 0 0 636.675 0 0 0 636.675)
(636.685 0 0 0 636.685 0 0 0 636.685)
(636.684 0 0 0 636.684 0 0 0 636.684)
(636.669 0 0 0 636.669 0 0 0 636.669)
(636.64 0 0 0 636.64 0 0 0 636.64)
(636.598 0 0 0 636.598 0 0 0 636.598)
(636.541 0 0 0 636.541 0 0 0 636.541)
(636.468 0 0 0 636.468 0 0 0 636.468)
(636.378 0 0 0 636.378 0 0 0 636.378)
(636.269 0 0 0 636.269 0 0 0 636.269)
(636.137 0 0 0 636.137 0 0 0 636.137)
(635.981 0 0 0 635.981 0 0 0 635.981)
(635.795 0 0 0 635.795 0 0 0 635.795)
(635.582 0 0 0 635.582 0 0 0 635.582)
(635.35 0 0 0 635.35 0 0 0 635.35)
(635.124 0 0 0 635.124 0 0 0 635.124)
(634.975 0 0 0 634.975 0 0 0 634.975)
(635.037 0 0 0 635.037 0 0 0 635.037)
(635.58 0 0 0 635.58 0 0 0 635.58)
(637.037 0 0 0 637.037 0 0 0 637.037)
(639.953 0 0 0 639.953 0 0 0 639.953)
(638.853 0 0 0 638.853 0 0 0 638.853)
(634.777 0 0 0 634.777 0 0 0 634.777)
(633.377 0 0 0 633.377 0 0 0 633.377)
(633.359 0 0 0 633.359 0 0 0 633.359)
(633.335 0 0 0 633.335 0 0 0 633.335)
(633.305 0 0 0 633.305 0 0 0 633.305)
(633.269 0 0 0 633.269 0 0 0 633.269)
(633.228 0 0 0 633.228 0 0 0 633.228)
(633.182 0 0 0 633.182 0 0 0 633.182)
(633.131 0 0 0 633.131 0 0 0 633.131)
(633.078 0 0 0 633.078 0 0 0 633.078)
(633.022 0 0 0 633.022 0 0 0 633.022)
(632.966 0 0 0 632.966 0 0 0 632.966)
(632.911 0 0 0 632.911 0 0 0 632.911)
(632.855 0 0 0 632.855 0 0 0 632.855)
(632.798 0 0 0 632.798 0 0 0 632.798)
(632.739 0 0 0 632.739 0 0 0 632.739)
(632.679 0 0 0 632.679 0 0 0 632.679)
(632.631 0 0 0 632.631 0 0 0 632.631)
(632.624 0 0 0 632.624 0 0 0 632.624)
(632.737 0 0 0 632.737 0 0 0 632.737)
(633.111 0 0 0 633.111 0 0 0 633.111)
(634.027 0 0 0 634.027 0 0 0 634.027)
(635.925 0 0 0 635.925 0 0 0 635.925)
(639.328 0 0 0 639.328 0 0 0 639.328)
(638.675 0 0 0 638.675 0 0 0 638.675)
)
;

boundaryField
{
    outletCentralUnloaded
    {
        type            zeroGradient;
    }
    inletCentralUnloaded
    {
        type            zeroGradient;
    }
    outletFuelElement
    {
        type            zeroGradient;
    }
    inletFuelElement
    {
        type            zeroGradient;
    }
    defaultFaces
    {
        type            zeroGradient;
    }
    baffle_master
    {
        type            zeroGradient;
    }
    baffle_slave
    {
        type            zeroGradient;
    }
}


// ************************************************************************* //
