/*--------------------------------*- C++ -*----------------------------------*\
| =========                 |                                                 |
| \\      /  F ield         | OpenFOAM: The Open Source CFD Toolbox           |
|  \\    /   O peration     | Version:  2212                                  |
|   \\  /    A nd           | Website:  www.openfoam.com                      |
|    \\/     M anipulation  |                                                 |
\*---------------------------------------------------------------------------*/
FoamFile
{
    version     2.0;
    format      ascii;
    arch        "LSB;label=32;scalar=64";
    class       volScalarField;
    location    "14/fluidRegion";
    object      Re;
}
// * * * * * * * * * * * * * * * * * * * * * * * * * * * * * * * * * * * * * //

dimensions      [0 0 0 0 0 0 0];

internalField   nonuniform List<scalar> 
350
(
173514
173514
173514
173514
173514
173514
173514
173514
173514
173514
173514
173514
173514
173514
173514
173514
173514
173514
173514
173514
173514
173514
173514
173514
174133
173514
173514
173514
173514
173514
173514
173514
173514
173514
173514
173514
173514
173514
173514
173514
173514
173514
173514
173514
173514
173514
173514
173514
173514
174133
50585.9
50444.1
50446.8
50448.6
50449.2
50448.6
50446.8
50443.7
50439.3
50433.6
50426.5
50417.9
50407.7
50395.5
50381.1
50364.2
50344.9
50324.1
50304.8
50294.4
50307.2
50372
50534.5
50851.7
50740.4
50230.4
50080.6
50077.2
50073.1
50068.6
50063.7
50058.4
50052.8
50047
50041.2
50035.6
50030.3
50025.6
50021.4
50017.7
50014.4
50011.8
50011.3
50016
50034.4
50081.6
50187.8
50399.6
50772.5
50716.6
50645.4
50504.5
50508.2
50510.7
50511.9
50511.7
50510.1
50507.1
50502.6
50496.6
50488.9
50479.3
50467.8
50453.9
50437.3
50417.7
50395.2
50370.7
50346.8
50331.1
50337.6
50395
50549.1
50857.8
50741.3
50310.1
50162.2
50160.3
50157.7
50154.6
50150.8
50146.5
50141.6
50136.2
50130.6
50124.7
50118.8
50113
50107.1
50101.1
50094.8
50088.5
50083.4
50082.7
50094.6
50134.1
50230.9
50431.4
50791.5
50722.4
50310.1
50162.2
50160.3
50157.7
50154.6
50150.8
50146.5
50141.6
50136.2
50130.6
50124.7
50118.8
50113
50107.1
50101.1
50094.8
50088.5
50083.4
50082.7
50094.6
50134.1
50230.9
50431.4
50791.5
50722.4
50645.4
50504.5
50508.3
50510.7
50511.9
50511.7
50510.1
50507.1
50502.6
50496.6
50488.8
50479.3
50467.8
50453.9
50437.3
50417.7
50395.2
50370.6
50346.7
50331
50337.5
50394.9
50549
50857.8
50741.3
50230.4
50080.6
50077.2
50073.1
50068.6
50063.7
50058.4
50052.8
50047
50041.2
50035.6
50030.3
50025.6
50021.4
50017.7
50014.4
50011.8
50011.3
50016
50034.4
50081.6
50187.8
50399.6
50772.5
50716.6
50585.9
50444.1
50446.8
50448.6
50449.2
50448.6
50446.8
50443.7
50439.3
50433.6
50426.5
50417.9
50407.7
50395.5
50381.1
50364.2
50344.9
50324.1
50304.8
50294.4
50307.2
50372
50534.5
50851.7
50740.4
50310.1
50162.2
50160.3
50157.7
50154.6
50150.8
50146.5
50141.6
50136.2
50130.6
50124.7
50118.8
50113
50107.1
50101.1
50094.8
50088.5
50083.4
50082.7
50094.6
50134.1
50230.9
50431.4
50791.5
50722.4
50645.4
50504.5
50508.2
50510.7
50511.9
50511.7
50510.1
50507.1
50502.6
50496.6
50488.9
50479.3
50467.8
50453.9
50437.3
50417.7
50395.2
50370.7
50346.8
50331.1
50337.6
50395
50549.1
50857.8
50741.3
50645.4
50504.5
50508.3
50510.7
50511.9
50511.7
50510.1
50507.1
50502.6
50496.6
50488.8
50479.3
50467.8
50453.9
50437.3
50417.7
50395.2
50370.6
50346.7
50331
50337.5
50394.9
50549
50857.8
50741.3
50310.1
50162.2
50160.3
50157.7
50154.6
50150.8
50146.5
50141.6
50136.2
50130.6
50124.7
50118.8
50113
50107.1
50101.1
50094.8
50088.5
50083.4
50082.7
50094.6
50134.1
50230.9
50431.4
50791.5
50722.4
)
;

boundaryField
{
    outletCentralUnloaded
    {
        type            zeroGradient;
    }
    inletCentralUnloaded
    {
        type            zeroGradient;
    }
    outletFuelElement
    {
        type            zeroGradient;
    }
    inletFuelElement
    {
        type            zeroGradient;
    }
    defaultFaces
    {
        type            zeroGradient;
    }
    baffle_master
    {
        type            zeroGradient;
    }
    baffle_slave
    {
        type            zeroGradient;
    }
}


// ************************************************************************* //
