/*--------------------------------*- C++ -*----------------------------------*\
| =========                 |                                                 |
| \\      /  F ield         | OpenFOAM: The Open Source CFD Toolbox           |
|  \\    /   O peration     | Version:  2212                                  |
|   \\  /    A nd           | Website:  www.openfoam.com                      |
|    \\/     M anipulation  |                                                 |
\*---------------------------------------------------------------------------*/
FoamFile
{
    version     2.0;
    format      ascii;
    arch        "LSB;label=32;scalar=64";
    class       volScalarField;
    location    "13/neutroRegion";
    object      TFuel;
}
// * * * * * * * * * * * * * * * * * * * * * * * * * * * * * * * * * * * * * //

dimensions      [0 0 0 1 0 0 0];

internalField   nonuniform List<scalar> 
350
(
0
0
0
0
0
0
0
0
0
0
0
0
0
0
0
0
0
0
0
0
0
0
0
0
0
0
0
0
0
0
0
0
0
0
0
0
0
0
0
0
0
0
0
0
0
0
0
0
0
0
909.323
1263.71
1607.46
1935.23
2241.93
2522.8
2773.49
2990.11
3169.33
3308.37
3405.1
3458.03
3466.36
3429.96
3349.38
3225.83
3061.13
2857.66
2618.31
2346.48
2045.8
1720.39
1374.65
1013.44
643.067
914.377
1272.91
1620.68
1952.28
2262.54
2546.68
2800.27
3019.39
3200.67
3341.3
3439.12
3492.63
3501.03
3464.18
3382.65
3257.65
3091.03
2885.21
2643.11
2368.16
2064.04
1734.91
1385.2
1019.85
645.216
908.499
1262.23
1605.34
1932.51
2238.64
2518.99
2769.22
2985.45
3164.33
3303.12
3399.68
3452.52
3460.84
3424.51
3344.09
3220.77
3056.37
2853.27
2614.37
2343.04
2042.91
1718.09
1372.97
1012.42
642.725
913.231
1270.81
1617.65
1948.37
2257.81
2541.19
2794.11
3012.66
3193.46
3333.72
3431.29
3484.67
3493.05
3456.3
3374.99
3250.32
3084.14
2878.87
2637.4
2363.17
2059.84
1731.57
1382.77
1018.38
644.721
913.231
1270.81
1617.65
1948.37
2257.81
2541.19
2794.11
3012.66
3193.46
3333.72
3431.29
3484.67
3493.05
3456.3
3374.99
3250.32
3084.14
2878.87
2637.4
2363.17
2059.84
1731.57
1382.77
1018.38
644.721
908.499
1262.23
1605.34
1932.51
2238.64
2518.99
2769.22
2985.45
3164.33
3303.12
3399.68
3452.52
3460.84
3424.51
3344.09
3220.77
3056.37
2853.27
2614.37
2343.04
2042.91
1718.09
1372.97
1012.42
642.725
914.377
1272.91
1620.68
1952.28
2262.54
2546.68
2800.27
3019.39
3200.67
3341.3
3439.12
3492.63
3501.03
3464.18
3382.65
3257.65
3091.03
2885.21
2643.11
2368.16
2064.04
1734.91
1385.2
1019.85
645.216
909.323
1263.71
1607.46
1935.23
2241.93
2522.8
2773.49
2990.11
3169.33
3308.37
3405.1
3458.03
3466.36
3429.96
3349.38
3225.83
3061.13
2857.66
2618.31
2346.48
2045.8
1720.39
1374.65
1013.44
643.067
913.231
1270.81
1617.65
1948.37
2257.81
2541.19
2794.11
3012.66
3193.46
3333.72
3431.29
3484.67
3493.05
3456.3
3374.99
3250.32
3084.14
2878.87
2637.4
2363.17
2059.84
1731.57
1382.77
1018.38
644.721
908.499
1262.23
1605.34
1932.51
2238.64
2518.99
2769.22
2985.45
3164.33
3303.12
3399.68
3452.52
3460.84
3424.51
3344.09
3220.77
3056.37
2853.27
2614.37
2343.04
2042.91
1718.09
1372.97
1012.42
642.725
908.499
1262.23
1605.34
1932.51
2238.64
2518.99
2769.22
2985.45
3164.33
3303.12
3399.68
3452.52
3460.84
3424.51
3344.09
3220.77
3056.37
2853.27
2614.37
2343.04
2042.91
1718.09
1372.97
1012.42
642.725
913.231
1270.81
1617.65
1948.37
2257.81
2541.19
2794.11
3012.66
3193.46
3333.72
3431.29
3484.67
3493.05
3456.3
3374.99
3250.32
3084.14
2878.87
2637.4
2363.17
2059.84
1731.57
1382.77
1018.38
644.721
)
;

boundaryField
{
    outletCentralUnloaded
    {
        type            zeroGradient;
    }
    inletCentralUnloaded
    {
        type            zeroGradient;
    }
    outletFuelElement
    {
        type            zeroGradient;
    }
    inletFuelElement
    {
        type            zeroGradient;
    }
    defaultFaces
    {
        type            zeroGradient;
    }
}


// ************************************************************************* //
