/*--------------------------------*- C++ -*----------------------------------*\
| =========                 |                                                 |
| \\      /  F ield         | OpenFOAM: The Open Source CFD Toolbox           |
|  \\    /   O peration     | Version:  2212                                  |
|   \\  /    A nd           | Website:  www.openfoam.com                      |
|    \\/     M anipulation  |                                                 |
\*---------------------------------------------------------------------------*/
FoamFile
{
    version     2.0;
    format      ascii;
    arch        "LSB;label=32;scalar=64";
    class       volScalarField;
    location    "38/fluidRegion";
    object      alphat;
}
// * * * * * * * * * * * * * * * * * * * * * * * * * * * * * * * * * * * * * //

dimensions      [1 -1 -1 0 0 0 0];

internalField   nonuniform List<scalar> 
350
(
0.00258566
0.00258562
0.00258557
0.00258553
0.0025855
0.00258549
0.0025855
0.00258553
0.00258557
0.00258561
0.00258566
0.00258571
0.00258579
0.00258589
0.00258604
0.00258625
0.00258655
0.002587
0.00258768
0.00258872
0.00259032
0.00259277
0.00259654
0.00260232
0.00261115
0.00258566
0.00258562
0.00258557
0.00258553
0.0025855
0.00258549
0.0025855
0.00258553
0.00258557
0.00258561
0.00258566
0.00258571
0.00258579
0.00258589
0.00258604
0.00258625
0.00258655
0.002587
0.00258768
0.00258872
0.00259032
0.00259277
0.00259654
0.00260232
0.00261115
0.000895399
0.000883713
0.000872252
0.000860639
0.000848765
0.000836526
0.000823816
0.000810536
0.000796603
0.000781952
0.000766552
0.000750409
0.000733567
0.000716095
0.000698071
0.000679592
0.000660837
0.000642266
0.000625069
0.000612092
0.000609731
0.00063133
0.000699526
0.000831759
0.00100096
0.000887583
0.000875909
0.000864483
0.00085291
0.000841086
0.000828903
0.000816257
0.000803048
0.00078919
0.000774618
0.000759303
0.000743257
0.000726531
0.000709206
0.000691375
0.00067314
0.00065468
0.000636443
0.000619597
0.00060696
0.000604914
0.000626842
0.000695605
0.000829087
0.00100022
0.000896647
0.000884948
0.000873478
0.000861852
0.000849966
0.000837713
0.000824988
0.000811693
0.000797743
0.000783075
0.000767656
0.000751492
0.000734626
0.000717124
0.000699063
0.000680539
0.000661729
0.000643098
0.000625837
0.000612795
0.000610371
0.000631907
0.000700018
0.000832092
0.00100107
0.000889378
0.000877705
0.000866274
0.000854695
0.000842861
0.000830668
0.000818009
0.000804785
0.00079091
0.00077632
0.000760986
0.000744917
0.000728164
0.000710805
0.000692928
0.000674637
0.000656109
0.000637795
0.000620867
0.000608151
0.000606032
0.000627885
0.000696518
0.000829713
0.0010004
0.000889378
0.000877705
0.000866274
0.000854695
0.000842861
0.000830668
0.000818009
0.000804785
0.00079091
0.00077632
0.000760986
0.000744917
0.000728164
0.000710805
0.000692928
0.000674637
0.000656108
0.000637794
0.000620867
0.000608151
0.000606032
0.000627885
0.000696518
0.000829712
0.0010004
0.000896647
0.000884948
0.000873477
0.000861852
0.000849966
0.000837713
0.000824988
0.000811693
0.000797743
0.000783074
0.000767656
0.000751492
0.000734625
0.000717123
0.000699062
0.000680538
0.000661728
0.000643097
0.000625836
0.000612794
0.000610371
0.000631907
0.00070002
0.000832096
0.00100108
0.000887583
0.000875909
0.000864483
0.00085291
0.000841086
0.000828903
0.000816257
0.000803048
0.00078919
0.000774618
0.000759304
0.000743257
0.000726531
0.000709206
0.000691375
0.00067314
0.00065468
0.000636443
0.000619597
0.00060696
0.000604914
0.000626841
0.000695604
0.000829086
0.00100022
0.000895399
0.000883713
0.000872253
0.000860639
0.000848765
0.000836526
0.000823816
0.000810536
0.000796603
0.000781952
0.000766552
0.000750409
0.000733567
0.000716095
0.000698071
0.000679593
0.000660837
0.000642266
0.00062507
0.000612093
0.000609733
0.000631334
0.000699534
0.000831772
0.00100098
0.000889378
0.000877705
0.000866274
0.000854695
0.000842861
0.000830668
0.000818009
0.000804785
0.00079091
0.00077632
0.000760986
0.000744917
0.000728164
0.000710804
0.000692928
0.000674637
0.000656108
0.000637794
0.000620867
0.000608151
0.000606033
0.000627886
0.00069652
0.000829716
0.0010004
0.000896647
0.000884948
0.000873478
0.000861853
0.000849966
0.000837713
0.000824988
0.000811693
0.000797743
0.000783075
0.000767656
0.000751492
0.000734626
0.000717124
0.000699063
0.000680539
0.000661729
0.000643097
0.000625835
0.000612792
0.000610367
0.000631899
0.000700004
0.000832069
0.00100104
0.000896647
0.000884948
0.000873477
0.000861852
0.000849966
0.000837713
0.000824988
0.000811693
0.000797743
0.000783074
0.000767655
0.000751492
0.000734625
0.000717123
0.000699062
0.000680537
0.000661728
0.000643097
0.000625835
0.000612794
0.000610371
0.000631907
0.000700018
0.000832092
0.00100107
0.000889378
0.000877705
0.000866274
0.000854695
0.000842862
0.000830668
0.000818009
0.000804785
0.00079091
0.000776321
0.000760986
0.000744917
0.000728164
0.000710805
0.000692928
0.000674637
0.000656109
0.000637795
0.000620868
0.000608153
0.000606036
0.000627891
0.00069653
0.000829732
0.00100043
)
;

boundaryField
{
    outletCentralUnloaded
    {
        type            zeroGradient;
    }
    inletCentralUnloaded
    {
        type            zeroGradient;
    }
    outletFuelElement
    {
        type            zeroGradient;
    }
    inletFuelElement
    {
        type            zeroGradient;
    }
    defaultFaces
    {
        type            zeroGradient;
    }
    baffle_master
    {
        type            calculated;
        value           nonuniform List<scalar> 
150
(
0.00258566
0.00258566
0.00258566
0.00258562
0.00258562
0.00258562
0.00258557
0.00258557
0.00258557
0.00258553
0.00258553
0.00258553
0.0025855
0.0025855
0.0025855
0.00258549
0.00258549
0.00258549
0.0025855
0.0025855
0.0025855
0.00258553
0.00258553
0.00258553
0.00258557
0.00258557
0.00258557
0.00258561
0.00258561
0.00258561
0.00258566
0.00258566
0.00258566
0.00258571
0.00258571
0.00258571
0.00258579
0.00258579
0.00258579
0.00258589
0.00258589
0.00258589
0.00258604
0.00258604
0.00258604
0.00258625
0.00258625
0.00258625
0.00258655
0.00258655
0.00258655
0.002587
0.002587
0.002587
0.00258768
0.00258768
0.00258768
0.00258872
0.00258872
0.00258872
0.00259032
0.00259032
0.00259032
0.00259277
0.00259277
0.00259277
0.00259654
0.00259654
0.00259654
0.00260232
0.00260232
0.00260232
0.00261115
0.00261115
0.00261115
0.00258566
0.00258566
0.00258566
0.00258562
0.00258562
0.00258562
0.00258557
0.00258557
0.00258557
0.00258553
0.00258553
0.00258553
0.0025855
0.0025855
0.0025855
0.00258549
0.00258549
0.00258549
0.0025855
0.0025855
0.0025855
0.00258553
0.00258553
0.00258553
0.00258557
0.00258557
0.00258557
0.00258561
0.00258561
0.00258561
0.00258566
0.00258566
0.00258566
0.00258571
0.00258571
0.00258571
0.00258579
0.00258579
0.00258579
0.00258589
0.00258589
0.00258589
0.00258604
0.00258604
0.00258604
0.00258625
0.00258625
0.00258625
0.00258655
0.00258655
0.00258655
0.002587
0.002587
0.002587
0.00258768
0.00258768
0.00258768
0.00258872
0.00258872
0.00258872
0.00259032
0.00259032
0.00259032
0.00259277
0.00259277
0.00259277
0.00259654
0.00259654
0.00259654
0.00260232
0.00260232
0.00260232
0.00261115
0.00261115
0.00261115
)
;
    }
    baffle_slave
    {
        type            calculated;
        value           nonuniform List<scalar> 
150
(
0.000887583
0.000889378
0.000889378
0.000875909
0.000877705
0.000877705
0.000864483
0.000866274
0.000866274
0.00085291
0.000854695
0.000854695
0.000841086
0.000842861
0.000842862
0.000828903
0.000830668
0.000830668
0.000816257
0.000818009
0.000818009
0.000803048
0.000804785
0.000804785
0.00078919
0.00079091
0.00079091
0.000774618
0.00077632
0.000776321
0.000759303
0.000760986
0.000760986
0.000743257
0.000744917
0.000744917
0.000726531
0.000728164
0.000728164
0.000709206
0.000710805
0.000710805
0.000691375
0.000692928
0.000692928
0.00067314
0.000674637
0.000674637
0.00065468
0.000656109
0.000656109
0.000636443
0.000637795
0.000637795
0.000619597
0.000620867
0.000620868
0.00060696
0.000608151
0.000608153
0.000604914
0.000606032
0.000606036
0.000626842
0.000627885
0.000627891
0.000695605
0.000696518
0.00069653
0.000829087
0.000829713
0.000829732
0.00100022
0.0010004
0.00100043
0.000889378
0.000887583
0.000889378
0.000877705
0.000875909
0.000877705
0.000866274
0.000864483
0.000866274
0.000854695
0.00085291
0.000854695
0.000842861
0.000841086
0.000842861
0.000830668
0.000828903
0.000830668
0.000818009
0.000816257
0.000818009
0.000804785
0.000803048
0.000804785
0.00079091
0.00078919
0.00079091
0.00077632
0.000774618
0.00077632
0.000760986
0.000759304
0.000760986
0.000744917
0.000743257
0.000744917
0.000728164
0.000726531
0.000728164
0.000710805
0.000709206
0.000710804
0.000692928
0.000691375
0.000692928
0.000674637
0.00067314
0.000674637
0.000656108
0.00065468
0.000656108
0.000637794
0.000636443
0.000637794
0.000620867
0.000619597
0.000620867
0.000608151
0.00060696
0.000608151
0.000606032
0.000604914
0.000606033
0.000627885
0.000626841
0.000627886
0.000696518
0.000695604
0.00069652
0.000829712
0.000829086
0.000829716
0.0010004
0.00100022
0.0010004
)
;
    }
}


// ************************************************************************* //
