/*--------------------------------*- C++ -*----------------------------------*\
| =========                 |                                                 |
| \\      /  F ield         | OpenFOAM: The Open Source CFD Toolbox           |
|  \\    /   O peration     | Version:  2212                                  |
|   \\  /    A nd           | Website:  www.openfoam.com                      |
|    \\/     M anipulation  |                                                 |
\*---------------------------------------------------------------------------*/
FoamFile
{
    version     2.0;
    format      ascii;
    arch        "LSB;label=32;scalar=64";
    class       volScalarField;
    location    "38/fluidRegion";
    object      dgdt;
}
// * * * * * * * * * * * * * * * * * * * * * * * * * * * * * * * * * * * * * //

dimensions      [0 0 -1 0 0 0 0];

internalField   nonuniform List<scalar> 
350
(
0.00534293
0.00531751
0.00531175
0.00530548
0.00529902
0.00528997
0.00527731
0.0052642
0.00525752
0.00526447
0.0052882
0.00532483
0.00536388
0.0053921
0.0053989
0.00538112
0.00534452
0.00530156
0.00526625
0.0052487
0.00525186
0.00527184
0.0052779
0.00524922
0.00267359
0.00534293
0.00531751
0.00531175
0.00530548
0.00529902
0.00528997
0.00527732
0.00526421
0.00525752
0.00526448
0.0052882
0.00532482
0.00536388
0.00539209
0.0053989
0.00538112
0.00534452
0.00530156
0.00526625
0.0052487
0.00525186
0.00527184
0.00527791
0.00524922
0.00267358
39.7659
49.7512
63.6795
76.5242
88.2294
98.7517
108.057
116.114
122.889
128.328
132.349
134.83
135.609
134.512
131.405
126.262
119.2
110.464
100.352
89.093
76.785
63.3595
48.6592
32.6896
20.399
39.8125
49.6785
63.7366
76.7032
88.5227
99.1513
108.555
116.705
123.567
129.093
133.204
135.779
136.654
135.645
132.605
127.491
120.411
111.612
101.401
90.0241
77.5875
64.0251
49.1738
33.0332
20.6078
39.7452
49.738
63.6464
76.4722
88.1599
98.666
107.956
116
122.761
128.187
132.196
134.663
135.428
134.318
131.203
126.057
119
110.276
100.181
88.9417
76.6549
63.2519
48.5761
32.6341
20.3652
39.8119
49.7141
63.7415
76.6794
88.4719
99.0752
108.455
116.583
123.424
128.929
133.019
135.572
136.423
135.393
132.336
127.214
120.137
111.351
101.162
89.8117
77.4042
63.8729
49.056
32.9545
20.5599
39.8119
49.7142
63.7415
76.6794
88.4719
99.0752
108.455
116.583
123.424
128.929
133.019
135.572
136.423
135.393
132.336
127.214
120.137
111.351
101.162
89.8117
77.4042
63.8729
49.056
32.9545
20.5599
39.7452
49.738
63.6464
76.4722
88.1599
98.666
107.956
116
122.761
128.187
132.196
134.663
135.428
134.318
131.203
126.057
119
110.276
100.181
88.9416
76.6549
63.2519
48.5761
32.6341
20.3652
39.8125
49.6785
63.7366
76.7032
88.5227
99.1513
108.555
116.705
123.567
129.093
133.204
135.779
136.654
135.645
132.605
127.491
120.411
111.612
101.401
90.0241
77.5875
64.0251
49.1738
33.0332
20.6078
39.7659
49.7512
63.6795
76.5242
88.2294
98.7517
108.057
116.114
122.889
128.328
132.349
134.83
135.609
134.512
131.405
126.262
119.2
110.464
100.352
89.093
76.785
63.3595
48.6592
32.6896
20.399
39.8119
49.7141
63.7415
76.6794
88.4719
99.0752
108.455
116.583
123.424
128.929
133.019
135.572
136.423
135.393
132.336
127.214
120.137
111.351
101.162
89.8117
77.4042
63.8729
49.056
32.9545
20.5599
39.7452
49.738
63.6464
76.4723
88.1599
98.666
107.956
116
122.761
128.187
132.196
134.663
135.428
134.318
131.203
126.057
119
110.276
100.181
88.9416
76.6548
63.2519
48.5761
32.6341
20.3652
39.7452
49.738
63.6464
76.4722
88.1599
98.666
107.956
116
122.761
128.187
132.196
134.663
135.428
134.318
131.203
126.057
119
110.276
100.181
88.9417
76.6549
63.2519
48.5761
32.6341
20.3652
39.8119
49.7142
63.7415
76.6794
88.4719
99.0752
108.455
116.583
123.424
128.929
133.019
135.572
136.423
135.393
132.336
127.214
120.137
111.351
101.162
89.8117
77.4042
63.8729
49.056
32.9545
20.5599
)
;

boundaryField
{
    outletCentralUnloaded
    {
        type            calculated;
        value           nonuniform List<scalar> 2(0.00534293 0.00534293);
    }
    inletCentralUnloaded
    {
        type            calculated;
        value           nonuniform List<scalar> 2(0.00267359 0.00267358);
    }
    outletFuelElement
    {
        type            calculated;
        value           nonuniform List<scalar> 
12
(
39.7659
39.8125
39.7452
39.8119
39.8119
39.7452
39.8125
39.7659
39.8119
39.7452
39.7452
39.8119
)
;
    }
    inletFuelElement
    {
        type            calculated;
        value           nonuniform List<scalar> 
12
(
20.399
20.6078
20.3652
20.5599
20.5599
20.3652
20.6078
20.399
20.5599
20.3652
20.3652
20.5599
)
;
    }
    defaultFaces
    {
        type            calculated;
        value           nonuniform List<scalar> 
450
(
39.7659
39.7659
39.7659
49.7512
49.7512
49.7512
63.6795
63.6795
63.6795
76.5242
76.5242
76.5242
88.2294
88.2294
88.2294
98.7517
98.7517
98.7517
108.057
108.057
108.057
116.114
116.114
116.114
122.889
122.889
122.889
128.328
128.328
128.328
132.349
132.349
132.349
134.83
134.83
134.83
135.609
135.609
135.609
134.512
134.512
134.512
131.405
131.405
131.405
126.262
126.262
126.262
119.2
119.2
119.2
110.464
110.464
110.464
100.352
100.352
100.352
89.093
89.093
89.093
76.785
76.785
76.785
63.3595
63.3595
63.3595
48.6592
48.6592
48.6592
32.6896
32.6896
32.6896
20.399
20.399
20.399
39.7452
39.7452
49.738
49.738
63.6464
63.6464
76.4722
76.4722
88.1599
88.1599
98.666
98.666
107.956
107.956
116
116
122.761
122.761
128.187
128.187
132.196
132.196
134.663
134.663
135.428
135.428
134.318
134.318
131.203
131.203
126.057
126.057
119
119
110.276
110.276
100.181
100.181
88.9417
88.9417
76.6549
76.6549
63.2519
63.2519
48.5761
48.5761
32.6341
32.6341
20.3652
20.3652
39.8119
49.7141
63.7415
76.6794
88.4719
99.0752
108.455
116.583
123.424
128.929
133.019
135.572
136.423
135.393
132.336
127.214
120.137
111.351
101.162
89.8117
77.4042
63.8729
49.056
32.9545
20.5599
39.8119
49.7142
63.7415
76.6794
88.4719
99.0752
108.455
116.583
123.424
128.929
133.019
135.572
136.423
135.393
132.336
127.214
120.137
111.351
101.162
89.8117
77.4042
63.8729
49.056
32.9545
20.5599
39.7452
39.7452
49.738
49.738
63.6464
63.6464
76.4722
76.4722
88.1599
88.1599
98.666
98.666
107.956
107.956
116
116
122.761
122.761
128.187
128.187
132.196
132.196
134.663
134.663
135.428
135.428
134.318
134.318
131.203
131.203
126.057
126.057
119
119
110.276
110.276
100.181
100.181
88.9416
88.9416
76.6549
76.6549
63.2519
63.2519
48.5761
48.5761
32.6341
32.6341
20.3652
20.3652
39.7659
39.7659
39.7659
49.7512
49.7512
49.7512
63.6795
63.6795
63.6795
76.5242
76.5242
76.5242
88.2294
88.2294
88.2294
98.7517
98.7517
98.7517
108.057
108.057
108.057
116.114
116.114
116.114
122.889
122.889
122.889
128.328
128.328
128.328
132.349
132.349
132.349
134.83
134.83
134.83
135.609
135.609
135.609
134.512
134.512
134.512
131.405
131.405
131.405
126.262
126.262
126.262
119.2
119.2
119.2
110.464
110.464
110.464
100.352
100.352
100.352
89.093
89.093
89.093
76.785
76.785
76.785
63.3595
63.3595
63.3595
48.6592
48.6592
48.6592
32.6896
32.6896
32.6896
20.399
20.399
20.399
39.8119
49.7141
63.7415
76.6794
88.4719
99.0752
108.455
116.583
123.424
128.929
133.019
135.572
136.423
135.393
132.336
127.214
120.137
111.351
101.162
89.8117
77.4042
63.8729
49.056
32.9545
20.5599
39.7452
39.7452
49.738
49.738
63.6464
63.6464
76.4723
76.4723
88.1599
88.1599
98.666
98.666
107.956
107.956
116
116
122.761
122.761
128.187
128.187
132.196
132.196
134.663
134.663
135.428
135.428
134.318
134.318
131.203
131.203
126.057
126.057
119
119
110.276
110.276
100.181
100.181
88.9416
88.9416
76.6548
76.6548
63.2519
63.2519
48.5761
48.5761
32.6341
32.6341
20.3652
20.3652
39.7452
39.7452
49.738
49.738
63.6464
63.6464
76.4722
76.4722
88.1599
88.1599
98.666
98.666
107.956
107.956
116
116
122.761
122.761
128.187
128.187
132.196
132.196
134.663
134.663
135.428
135.428
134.318
134.318
131.203
131.203
126.057
126.057
119
119
110.276
110.276
100.181
100.181
88.9417
88.9417
76.6549
76.6549
63.2519
63.2519
48.5761
48.5761
32.6341
32.6341
20.3652
20.3652
39.8119
49.7142
63.7415
76.6794
88.4719
99.0752
108.455
116.583
123.424
128.929
133.019
135.572
136.423
135.393
132.336
127.214
120.137
111.351
101.162
89.8117
77.4042
63.8729
49.056
32.9545
20.5599
)
;
    }
    baffle_master
    {
        type            calculated;
        value           nonuniform List<scalar> 
150
(
0.00534293
0.00534293
0.00534293
0.00531751
0.00531751
0.00531751
0.00531175
0.00531175
0.00531175
0.00530548
0.00530548
0.00530548
0.00529902
0.00529902
0.00529902
0.00528997
0.00528997
0.00528997
0.00527731
0.00527731
0.00527731
0.0052642
0.0052642
0.0052642
0.00525752
0.00525752
0.00525752
0.00526447
0.00526447
0.00526447
0.0052882
0.0052882
0.0052882
0.00532483
0.00532483
0.00532483
0.00536388
0.00536388
0.00536388
0.0053921
0.0053921
0.0053921
0.0053989
0.0053989
0.0053989
0.00538112
0.00538112
0.00538112
0.00534452
0.00534452
0.00534452
0.00530156
0.00530156
0.00530156
0.00526625
0.00526625
0.00526625
0.0052487
0.0052487
0.0052487
0.00525186
0.00525186
0.00525186
0.00527184
0.00527184
0.00527184
0.0052779
0.0052779
0.0052779
0.00524922
0.00524922
0.00524922
0.00267359
0.00267359
0.00267359
0.00534293
0.00534293
0.00534293
0.00531751
0.00531751
0.00531751
0.00531175
0.00531175
0.00531175
0.00530548
0.00530548
0.00530548
0.00529902
0.00529902
0.00529902
0.00528997
0.00528997
0.00528997
0.00527732
0.00527732
0.00527732
0.00526421
0.00526421
0.00526421
0.00525752
0.00525752
0.00525752
0.00526448
0.00526448
0.00526448
0.0052882
0.0052882
0.0052882
0.00532482
0.00532482
0.00532482
0.00536388
0.00536388
0.00536388
0.00539209
0.00539209
0.00539209
0.0053989
0.0053989
0.0053989
0.00538112
0.00538112
0.00538112
0.00534452
0.00534452
0.00534452
0.00530156
0.00530156
0.00530156
0.00526625
0.00526625
0.00526625
0.0052487
0.0052487
0.0052487
0.00525186
0.00525186
0.00525186
0.00527184
0.00527184
0.00527184
0.00527791
0.00527791
0.00527791
0.00524922
0.00524922
0.00524922
0.00267358
0.00267358
0.00267358
)
;
    }
    baffle_slave
    {
        type            calculated;
        value           nonuniform List<scalar> 
150
(
39.8125
39.8119
39.8119
49.6785
49.7141
49.7142
63.7366
63.7415
63.7415
76.7032
76.6794
76.6794
88.5227
88.4719
88.4719
99.1513
99.0752
99.0752
108.555
108.455
108.455
116.705
116.583
116.583
123.567
123.424
123.424
129.093
128.929
128.929
133.204
133.019
133.019
135.779
135.572
135.572
136.654
136.423
136.423
135.645
135.393
135.393
132.605
132.336
132.336
127.491
127.214
127.214
120.411
120.137
120.137
111.612
111.351
111.351
101.401
101.162
101.162
90.0241
89.8117
89.8117
77.5875
77.4042
77.4042
64.0251
63.8729
63.8729
49.1738
49.056
49.056
33.0332
32.9545
32.9545
20.6078
20.5599
20.5599
39.8119
39.8125
39.8119
49.7142
49.6785
49.7141
63.7415
63.7366
63.7415
76.6794
76.7032
76.6794
88.4719
88.5227
88.4719
99.0752
99.1513
99.0752
108.455
108.555
108.455
116.583
116.705
116.583
123.424
123.567
123.424
128.929
129.093
128.929
133.019
133.204
133.019
135.572
135.779
135.572
136.423
136.654
136.423
135.393
135.645
135.393
132.336
132.605
132.336
127.214
127.491
127.214
120.137
120.411
120.137
111.351
111.612
111.351
101.162
101.401
101.162
89.8117
90.0241
89.8117
77.4042
77.5875
77.4042
63.8729
64.0251
63.8729
49.056
49.1738
49.056
32.9545
33.0332
32.9545
20.5599
20.6078
20.5599
)
;
    }
}


// ************************************************************************* //
