/*--------------------------------*- C++ -*----------------------------------*\
| =========                 |                                                 |
| \\      /  F ield         | OpenFOAM: The Open Source CFD Toolbox           |
|  \\    /   O peration     | Version:  2212                                  |
|   \\  /    A nd           | Website:  www.openfoam.com                      |
|    \\/     M anipulation  |                                                 |
\*---------------------------------------------------------------------------*/
FoamFile
{
    version     2.0;
    format      ascii;
    arch        "LSB;label=32;scalar=64";
    class       volScalarField;
    location    "38/fluidRegion";
    object      epsilon;
}
// * * * * * * * * * * * * * * * * * * * * * * * * * * * * * * * * * * * * * //

dimensions      [0 2 -3 0 0 0 0];

internalField   nonuniform List<scalar> 
350
(
66.9792
66.9628
66.9464
66.93
66.9135
66.897
66.8806
66.8643
66.8482
66.8323
66.8166
66.8012
66.7863
66.7722
66.7597
66.7498
66.7438
66.7438
66.7527
66.7751
66.8177
66.8911
67.0118
67.2046
67.508
66.9792
66.9628
66.9464
66.93
66.9135
66.897
66.8806
66.8643
66.8482
66.8323
66.8166
66.8012
66.7863
66.7722
66.7597
66.7498
66.7438
66.7438
66.7527
66.7751
66.8177
66.8911
67.0118
67.2046
67.508
7.49719e+06
6.90593e+06
6.24942e+06
5.54788e+06
4.82885e+06
4.11764e+06
3.43627e+06
2.80272e+06
2.23051e+06
1.72859e+06
1.30138e+06
949175
668609
453303
294690
182938
107940
60213.2
31572
15480.5
7098.69
3100.4
1381.88
735.455
547.554
7.65882e+06
7.05628e+06
6.38711e+06
5.67148e+06
4.93755e+06
4.21123e+06
3.51507e+06
2.8675e+06
2.28241e+06
1.76898e+06
1.33184e+06
971334
684090
463637
301243
186860
110140
61359.4
32119.2
15715.6
7187.07
3128.39
1388.97
736.885
547.976
7.47073e+06
6.88126e+06
6.22693e+06
5.52777e+06
4.81123e+06
4.10252e+06
3.42359e+06
2.79233e+06
2.22223e+06
1.72216e+06
1.29655e+06
945671
666167
451677
293660
182321
107593
60031.7
31484.5
15442.2
7083.64
3095.18
1380.26
734.966
547.378
7.62302e+06
7.02291e+06
6.35647e+06
5.64391e+06
4.91325e+06
4.19026e+06
3.49737e+06
2.85292e+06
2.27071e+06
1.75985e+06
1.32494e+06
966305
680569
461283
299747
185964
109637
61097.1
31994
15661.8
7166.92
3122.06
1387.4
736.59
547.897
7.62302e+06
7.02292e+06
6.35647e+06
5.64391e+06
4.91325e+06
4.19026e+06
3.49737e+06
2.85292e+06
2.27071e+06
1.75985e+06
1.32494e+06
966305
680569
461283
299747
185964
109637
61097.1
31994.1
15661.8
7166.93
3122.06
1387.4
736.589
547.897
7.47074e+06
6.88127e+06
6.22694e+06
5.52778e+06
4.81124e+06
4.10253e+06
3.42359e+06
2.79234e+06
2.22223e+06
1.72216e+06
1.29655e+06
945673
666169
451678
293660
182321
107593
60031.8
31484.6
15442.2
7083.66
3095.19
1380.26
734.966
547.379
7.65882e+06
7.05628e+06
6.38711e+06
5.67147e+06
4.93755e+06
4.21123e+06
3.51507e+06
2.8675e+06
2.28241e+06
1.76898e+06
1.33184e+06
971334
684090
463637
301243
186860
110140
61359.4
32119.3
15715.6
7187.08
3128.39
1388.98
736.885
547.975
7.49719e+06
6.90593e+06
6.24942e+06
5.54788e+06
4.82885e+06
4.11764e+06
3.43627e+06
2.80272e+06
2.23051e+06
1.72859e+06
1.30138e+06
949175
668609
453303
294690
182938
107940
60213.2
31572.1
15480.6
7098.71
3100.42
1381.89
735.463
547.562
7.62302e+06
7.02291e+06
6.35647e+06
5.64391e+06
4.91325e+06
4.19026e+06
3.49737e+06
2.85292e+06
2.27071e+06
1.75985e+06
1.32494e+06
966305
680569
461283
299747
185964
109637
61097.1
31994
15661.8
7166.93
3122.06
1387.41
736.592
547.899
7.47073e+06
6.88126e+06
6.22692e+06
5.52777e+06
4.81123e+06
4.10252e+06
3.42358e+06
2.79233e+06
2.22223e+06
1.72216e+06
1.29655e+06
945671
666167
451677
293660
182321
107593
60031.6
31484.4
15442.1
7083.6
3095.16
1380.24
734.951
547.366
7.47074e+06
6.88127e+06
6.22694e+06
5.52778e+06
4.81124e+06
4.10253e+06
3.42359e+06
2.79234e+06
2.22223e+06
1.72216e+06
1.29655e+06
945674
666169
451678
293661
182322
107593
60031.9
31484.6
15442.2
7083.66
3095.19
1380.26
734.964
547.376
7.62302e+06
7.02292e+06
6.35647e+06
5.64391e+06
4.91325e+06
4.19026e+06
3.49737e+06
2.85292e+06
2.27071e+06
1.75985e+06
1.32494e+06
966306
680570
461283
299748
185964
109637
61097.2
31994.1
15661.9
7166.96
3122.08
1387.42
736.603
547.908
)
;

boundaryField
{
    outletCentralUnloaded
    {
        type            zeroGradient;
    }
    inletCentralUnloaded
    {
        type            zeroGradient;
    }
    outletFuelElement
    {
        type            zeroGradient;
    }
    inletFuelElement
    {
        type            zeroGradient;
    }
    defaultFaces
    {
        type            zeroGradient;
    }
    baffle_master
    {
        type            zeroGradient;
    }
    baffle_slave
    {
        type            zeroGradient;
    }
}


// ************************************************************************* //
