/*--------------------------------*- C++ -*----------------------------------*\
| =========                 |                                                 |
| \\      /  F ield         | OpenFOAM: The Open Source CFD Toolbox           |
|  \\    /   O peration     | Version:  2212                                  |
|   \\  /    A nd           | Website:  www.openfoam.com                      |
|    \\/     M anipulation  |                                                 |
\*---------------------------------------------------------------------------*/
FoamFile
{
    version     2.0;
    format      ascii;
    arch        "LSB;label=32;scalar=64";
    class       volTensorField;
    location    "38/fluidRegion";
    object      Kd;
}
// * * * * * * * * * * * * * * * * * * * * * * * * * * * * * * * * * * * * * //

dimensions      [1 -3 -1 0 0 0 0];

internalField   nonuniform List<tensor> 
350
(
(84.7396 0 0 0 84.7396 0 0 0 84.7396)
(84.7397 0 0 0 84.7397 0 0 0 84.7397)
(84.7399 0 0 0 84.7399 0 0 0 84.7399)
(84.7401 0 0 0 84.7401 0 0 0 84.7401)
(84.7404 0 0 0 84.7404 0 0 0 84.7404)
(84.7407 0 0 0 84.7407 0 0 0 84.7407)
(84.741 0 0 0 84.741 0 0 0 84.741)
(84.7411 0 0 0 84.7411 0 0 0 84.7411)
(84.7412 0 0 0 84.7412 0 0 0 84.7412)
(84.7411 0 0 0 84.7411 0 0 0 84.7411)
(84.7408 0 0 0 84.7408 0 0 0 84.7408)
(84.7405 0 0 0 84.7405 0 0 0 84.7405)
(84.74 0 0 0 84.74 0 0 0 84.74)
(84.7394 0 0 0 84.7394 0 0 0 84.7394)
(84.7388 0 0 0 84.7388 0 0 0 84.7388)
(84.7382 0 0 0 84.7382 0 0 0 84.7382)
(84.7377 0 0 0 84.7377 0 0 0 84.7377)
(84.7372 0 0 0 84.7372 0 0 0 84.7372)
(84.7369 0 0 0 84.7369 0 0 0 84.7369)
(84.7368 0 0 0 84.7368 0 0 0 84.7368)
(84.7369 0 0 0 84.7369 0 0 0 84.7369)
(84.7373 0 0 0 84.7373 0 0 0 84.7373)
(84.7379 0 0 0 84.7379 0 0 0 84.7379)
(84.7386 0 0 0 84.7386 0 0 0 84.7386)
(84.8724 0 0 0 84.8724 0 0 0 84.8724)
(84.7396 0 0 0 84.7396 0 0 0 84.7396)
(84.7397 0 0 0 84.7397 0 0 0 84.7397)
(84.7399 0 0 0 84.7399 0 0 0 84.7399)
(84.7401 0 0 0 84.7401 0 0 0 84.7401)
(84.7404 0 0 0 84.7404 0 0 0 84.7404)
(84.7407 0 0 0 84.7407 0 0 0 84.7407)
(84.741 0 0 0 84.741 0 0 0 84.741)
(84.7411 0 0 0 84.7411 0 0 0 84.7411)
(84.7412 0 0 0 84.7412 0 0 0 84.7412)
(84.7411 0 0 0 84.7411 0 0 0 84.7411)
(84.7408 0 0 0 84.7408 0 0 0 84.7408)
(84.7405 0 0 0 84.7405 0 0 0 84.7405)
(84.74 0 0 0 84.74 0 0 0 84.74)
(84.7394 0 0 0 84.7394 0 0 0 84.7394)
(84.7388 0 0 0 84.7388 0 0 0 84.7388)
(84.7382 0 0 0 84.7382 0 0 0 84.7382)
(84.7377 0 0 0 84.7377 0 0 0 84.7377)
(84.7372 0 0 0 84.7372 0 0 0 84.7372)
(84.7369 0 0 0 84.7369 0 0 0 84.7369)
(84.7368 0 0 0 84.7368 0 0 0 84.7368)
(84.7369 0 0 0 84.7369 0 0 0 84.7369)
(84.7373 0 0 0 84.7373 0 0 0 84.7373)
(84.7379 0 0 0 84.7379 0 0 0 84.7379)
(84.7386 0 0 0 84.7386 0 0 0 84.7386)
(84.8724 0 0 0 84.8724 0 0 0 84.8724)
(681.972 0 0 0 681.972 0 0 0 681.972)
(681.477 0 0 0 681.477 0 0 0 681.477)
(681.489 0 0 0 681.489 0 0 0 681.489)
(681.492 0 0 0 681.492 0 0 0 681.492)
(681.484 0 0 0 681.484 0 0 0 681.484)
(681.462 0 0 0 681.462 0 0 0 681.462)
(681.427 0 0 0 681.427 0 0 0 681.427)
(681.376 0 0 0 681.376 0 0 0 681.376)
(681.307 0 0 0 681.307 0 0 0 681.307)
(681.219 0 0 0 681.219 0 0 0 681.219)
(681.109 0 0 0 681.109 0 0 0 681.109)
(680.979 0 0 0 680.979 0 0 0 680.979)
(680.827 0 0 0 680.827 0 0 0 680.827)
(680.656 0 0 0 680.656 0 0 0 680.656)
(680.46 0 0 0 680.46 0 0 0 680.46)
(680.231 0 0 0 680.231 0 0 0 680.231)
(679.953 0 0 0 679.953 0 0 0 679.953)
(679.607 0 0 0 679.607 0 0 0 679.607)
(679.188 0 0 0 679.188 0 0 0 679.188)
(678.751 0 0 0 678.751 0 0 0 678.751)
(678.477 0 0 0 678.477 0 0 0 678.477)
(678.916 0 0 0 678.916 0 0 0 678.916)
(681.385 0 0 0 681.385 0 0 0 681.385)
(688.202 0 0 0 688.202 0 0 0 688.202)
(692.559 0 0 0 692.559 0 0 0 692.559)
(677.457 0 0 0 677.457 0 0 0 677.457)
(676.89 0 0 0 676.89 0 0 0 676.89)
(676.863 0 0 0 676.863 0 0 0 676.863)
(676.826 0 0 0 676.826 0 0 0 676.826)
(676.781 0 0 0 676.781 0 0 0 676.781)
(676.726 0 0 0 676.726 0 0 0 676.726)
(676.66 0 0 0 676.66 0 0 0 676.66)
(676.579 0 0 0 676.579 0 0 0 676.579)
(676.483 0 0 0 676.483 0 0 0 676.483)
(676.37 0 0 0 676.37 0 0 0 676.37)
(676.241 0 0 0 676.241 0 0 0 676.241)
(676.099 0 0 0 676.099 0 0 0 676.099)
(675.95 0 0 0 675.95 0 0 0 675.95)
(675.805 0 0 0 675.805 0 0 0 675.805)
(675.67 0 0 0 675.67 0 0 0 675.67)
(675.544 0 0 0 675.544 0 0 0 675.544)
(675.416 0 0 0 675.416 0 0 0 675.416)
(675.27 0 0 0 675.27 0 0 0 675.27)
(675.102 0 0 0 675.102 0 0 0 675.102)
(674.969 0 0 0 674.969 0 0 0 674.969)
(675.066 0 0 0 675.066 0 0 0 675.066)
(675.977 0 0 0 675.977 0 0 0 675.977)
(679.073 0 0 0 679.073 0 0 0 679.073)
(686.726 0 0 0 686.726 0 0 0 686.726)
(692.079 0 0 0 692.079 0 0 0 692.079)
(682.727 0 0 0 682.727 0 0 0 682.727)
(682.228 0 0 0 682.228 0 0 0 682.228)
(682.245 0 0 0 682.245 0 0 0 682.245)
(682.25 0 0 0 682.25 0 0 0 682.25)
(682.244 0 0 0 682.244 0 0 0 682.244)
(682.225 0 0 0 682.225 0 0 0 682.225)
(682.191 0 0 0 682.191 0 0 0 682.191)
(682.141 0 0 0 682.141 0 0 0 682.141)
(682.072 0 0 0 682.072 0 0 0 682.072)
(681.984 0 0 0 681.984 0 0 0 681.984)
(681.873 0 0 0 681.873 0 0 0 681.873)
(681.739 0 0 0 681.739 0 0 0 681.739)
(681.582 0 0 0 681.582 0 0 0 681.582)
(681.399 0 0 0 681.399 0 0 0 681.399)
(681.187 0 0 0 681.187 0 0 0 681.187)
(680.935 0 0 0 680.935 0 0 0 680.935)
(680.625 0 0 0 680.625 0 0 0 680.625)
(680.238 0 0 0 680.238 0 0 0 680.238)
(679.77 0 0 0 679.77 0 0 0 679.77)
(679.274 0 0 0 679.274 0 0 0 679.274)
(678.927 0 0 0 678.927 0 0 0 678.927)
(679.275 0 0 0 679.275 0 0 0 679.275)
(681.63 0 0 0 681.63 0 0 0 681.63)
(688.313 0 0 0 688.313 0 0 0 688.313)
(692.576 0 0 0 692.576 0 0 0 692.576)
(678.467 0 0 0 678.467 0 0 0 678.467)
(677.921 0 0 0 677.921 0 0 0 677.921)
(677.904 0 0 0 677.904 0 0 0 677.904)
(677.879 0 0 0 677.879 0 0 0 677.879)
(677.844 0 0 0 677.844 0 0 0 677.844)
(677.799 0 0 0 677.799 0 0 0 677.799)
(677.741 0 0 0 677.741 0 0 0 677.741)
(677.669 0 0 0 677.669 0 0 0 677.669)
(677.581 0 0 0 677.581 0 0 0 677.581)
(677.475 0 0 0 677.475 0 0 0 677.475)
(677.352 0 0 0 677.352 0 0 0 677.352)
(677.214 0 0 0 677.214 0 0 0 677.214)
(677.067 0 0 0 677.067 0 0 0 677.067)
(676.918 0 0 0 676.918 0 0 0 676.918)
(676.77 0 0 0 676.77 0 0 0 676.77)
(676.623 0 0 0 676.623 0 0 0 676.623)
(676.462 0 0 0 676.462 0 0 0 676.462)
(676.272 0 0 0 676.272 0 0 0 676.272)
(676.048 0 0 0 676.048 0 0 0 676.048)
(675.846 0 0 0 675.846 0 0 0 675.846)
(675.861 0 0 0 675.861 0 0 0 675.861)
(676.665 0 0 0 676.665 0 0 0 676.665)
(679.619 0 0 0 679.619 0 0 0 679.619)
(687.082 0 0 0 687.082 0 0 0 687.082)
(692.198 0 0 0 692.198 0 0 0 692.198)
(678.467 0 0 0 678.467 0 0 0 678.467)
(677.921 0 0 0 677.921 0 0 0 677.921)
(677.904 0 0 0 677.904 0 0 0 677.904)
(677.879 0 0 0 677.879 0 0 0 677.879)
(677.844 0 0 0 677.844 0 0 0 677.844)
(677.799 0 0 0 677.799 0 0 0 677.799)
(677.741 0 0 0 677.741 0 0 0 677.741)
(677.669 0 0 0 677.669 0 0 0 677.669)
(677.581 0 0 0 677.581 0 0 0 677.581)
(677.475 0 0 0 677.475 0 0 0 677.475)
(677.352 0 0 0 677.352 0 0 0 677.352)
(677.214 0 0 0 677.214 0 0 0 677.214)
(677.067 0 0 0 677.067 0 0 0 677.067)
(676.918 0 0 0 676.918 0 0 0 676.918)
(676.77 0 0 0 676.77 0 0 0 676.77)
(676.623 0 0 0 676.623 0 0 0 676.623)
(676.462 0 0 0 676.462 0 0 0 676.462)
(676.272 0 0 0 676.272 0 0 0 676.272)
(676.048 0 0 0 676.048 0 0 0 676.048)
(675.846 0 0 0 675.846 0 0 0 675.846)
(675.861 0 0 0 675.861 0 0 0 675.861)
(676.665 0 0 0 676.665 0 0 0 676.665)
(679.619 0 0 0 679.619 0 0 0 679.619)
(687.082 0 0 0 687.082 0 0 0 687.082)
(692.198 0 0 0 692.198 0 0 0 692.198)
(682.727 0 0 0 682.727 0 0 0 682.727)
(682.228 0 0 0 682.228 0 0 0 682.228)
(682.245 0 0 0 682.245 0 0 0 682.245)
(682.25 0 0 0 682.25 0 0 0 682.25)
(682.244 0 0 0 682.244 0 0 0 682.244)
(682.224 0 0 0 682.224 0 0 0 682.224)
(682.191 0 0 0 682.191 0 0 0 682.191)
(682.14 0 0 0 682.14 0 0 0 682.14)
(682.072 0 0 0 682.072 0 0 0 682.072)
(681.983 0 0 0 681.983 0 0 0 681.983)
(681.873 0 0 0 681.873 0 0 0 681.873)
(681.739 0 0 0 681.739 0 0 0 681.739)
(681.581 0 0 0 681.581 0 0 0 681.581)
(681.399 0 0 0 681.399 0 0 0 681.399)
(681.187 0 0 0 681.187 0 0 0 681.187)
(680.934 0 0 0 680.934 0 0 0 680.934)
(680.624 0 0 0 680.624 0 0 0 680.624)
(680.238 0 0 0 680.238 0 0 0 680.238)
(679.769 0 0 0 679.769 0 0 0 679.769)
(679.273 0 0 0 679.273 0 0 0 679.273)
(678.926 0 0 0 678.926 0 0 0 678.926)
(679.274 0 0 0 679.274 0 0 0 679.274)
(681.629 0 0 0 681.629 0 0 0 681.629)
(688.312 0 0 0 688.312 0 0 0 688.312)
(692.575 0 0 0 692.575 0 0 0 692.575)
(677.457 0 0 0 677.457 0 0 0 677.457)
(676.89 0 0 0 676.89 0 0 0 676.89)
(676.863 0 0 0 676.863 0 0 0 676.863)
(676.826 0 0 0 676.826 0 0 0 676.826)
(676.781 0 0 0 676.781 0 0 0 676.781)
(676.726 0 0 0 676.726 0 0 0 676.726)
(676.66 0 0 0 676.66 0 0 0 676.66)
(676.579 0 0 0 676.579 0 0 0 676.579)
(676.483 0 0 0 676.483 0 0 0 676.483)
(676.37 0 0 0 676.37 0 0 0 676.37)
(676.241 0 0 0 676.241 0 0 0 676.241)
(676.099 0 0 0 676.099 0 0 0 676.099)
(675.95 0 0 0 675.95 0 0 0 675.95)
(675.805 0 0 0 675.805 0 0 0 675.805)
(675.67 0 0 0 675.67 0 0 0 675.67)
(675.544 0 0 0 675.544 0 0 0 675.544)
(675.416 0 0 0 675.416 0 0 0 675.416)
(675.27 0 0 0 675.27 0 0 0 675.27)
(675.102 0 0 0 675.102 0 0 0 675.102)
(674.969 0 0 0 674.969 0 0 0 674.969)
(675.066 0 0 0 675.066 0 0 0 675.066)
(675.977 0 0 0 675.977 0 0 0 675.977)
(679.073 0 0 0 679.073 0 0 0 679.073)
(686.726 0 0 0 686.726 0 0 0 686.726)
(692.079 0 0 0 692.079 0 0 0 692.079)
(681.972 0 0 0 681.972 0 0 0 681.972)
(681.477 0 0 0 681.477 0 0 0 681.477)
(681.489 0 0 0 681.489 0 0 0 681.489)
(681.492 0 0 0 681.492 0 0 0 681.492)
(681.484 0 0 0 681.484 0 0 0 681.484)
(681.462 0 0 0 681.462 0 0 0 681.462)
(681.427 0 0 0 681.427 0 0 0 681.427)
(681.376 0 0 0 681.376 0 0 0 681.376)
(681.307 0 0 0 681.307 0 0 0 681.307)
(681.219 0 0 0 681.219 0 0 0 681.219)
(681.109 0 0 0 681.109 0 0 0 681.109)
(680.979 0 0 0 680.979 0 0 0 680.979)
(680.827 0 0 0 680.827 0 0 0 680.827)
(680.655 0 0 0 680.655 0 0 0 680.655)
(680.46 0 0 0 680.46 0 0 0 680.46)
(680.231 0 0 0 680.231 0 0 0 680.231)
(679.953 0 0 0 679.953 0 0 0 679.953)
(679.607 0 0 0 679.607 0 0 0 679.607)
(679.188 0 0 0 679.188 0 0 0 679.188)
(678.751 0 0 0 678.751 0 0 0 678.751)
(678.477 0 0 0 678.477 0 0 0 678.477)
(678.916 0 0 0 678.916 0 0 0 678.916)
(681.385 0 0 0 681.385 0 0 0 681.385)
(688.202 0 0 0 688.202 0 0 0 688.202)
(692.559 0 0 0 692.559 0 0 0 692.559)
(678.467 0 0 0 678.467 0 0 0 678.467)
(677.921 0 0 0 677.921 0 0 0 677.921)
(677.904 0 0 0 677.904 0 0 0 677.904)
(677.879 0 0 0 677.879 0 0 0 677.879)
(677.844 0 0 0 677.844 0 0 0 677.844)
(677.799 0 0 0 677.799 0 0 0 677.799)
(677.741 0 0 0 677.741 0 0 0 677.741)
(677.669 0 0 0 677.669 0 0 0 677.669)
(677.581 0 0 0 677.581 0 0 0 677.581)
(677.475 0 0 0 677.475 0 0 0 677.475)
(677.352 0 0 0 677.352 0 0 0 677.352)
(677.214 0 0 0 677.214 0 0 0 677.214)
(677.067 0 0 0 677.067 0 0 0 677.067)
(676.918 0 0 0 676.918 0 0 0 676.918)
(676.77 0 0 0 676.77 0 0 0 676.77)
(676.623 0 0 0 676.623 0 0 0 676.623)
(676.462 0 0 0 676.462 0 0 0 676.462)
(676.272 0 0 0 676.272 0 0 0 676.272)
(676.048 0 0 0 676.048 0 0 0 676.048)
(675.846 0 0 0 675.846 0 0 0 675.846)
(675.861 0 0 0 675.861 0 0 0 675.861)
(676.665 0 0 0 676.665 0 0 0 676.665)
(679.619 0 0 0 679.619 0 0 0 679.619)
(687.082 0 0 0 687.082 0 0 0 687.082)
(692.198 0 0 0 692.198 0 0 0 692.198)
(682.727 0 0 0 682.727 0 0 0 682.727)
(682.228 0 0 0 682.228 0 0 0 682.228)
(682.245 0 0 0 682.245 0 0 0 682.245)
(682.25 0 0 0 682.25 0 0 0 682.25)
(682.244 0 0 0 682.244 0 0 0 682.244)
(682.225 0 0 0 682.225 0 0 0 682.225)
(682.191 0 0 0 682.191 0 0 0 682.191)
(682.141 0 0 0 682.141 0 0 0 682.141)
(682.072 0 0 0 682.072 0 0 0 682.072)
(681.984 0 0 0 681.984 0 0 0 681.984)
(681.873 0 0 0 681.873 0 0 0 681.873)
(681.739 0 0 0 681.739 0 0 0 681.739)
(681.582 0 0 0 681.582 0 0 0 681.582)
(681.399 0 0 0 681.399 0 0 0 681.399)
(681.187 0 0 0 681.187 0 0 0 681.187)
(680.935 0 0 0 680.935 0 0 0 680.935)
(680.625 0 0 0 680.625 0 0 0 680.625)
(680.238 0 0 0 680.238 0 0 0 680.238)
(679.77 0 0 0 679.77 0 0 0 679.77)
(679.274 0 0 0 679.274 0 0 0 679.274)
(678.927 0 0 0 678.927 0 0 0 678.927)
(679.275 0 0 0 679.275 0 0 0 679.275)
(681.63 0 0 0 681.63 0 0 0 681.63)
(688.313 0 0 0 688.313 0 0 0 688.313)
(692.576 0 0 0 692.576 0 0 0 692.576)
(682.727 0 0 0 682.727 0 0 0 682.727)
(682.228 0 0 0 682.228 0 0 0 682.228)
(682.245 0 0 0 682.245 0 0 0 682.245)
(682.25 0 0 0 682.25 0 0 0 682.25)
(682.244 0 0 0 682.244 0 0 0 682.244)
(682.224 0 0 0 682.224 0 0 0 682.224)
(682.191 0 0 0 682.191 0 0 0 682.191)
(682.14 0 0 0 682.14 0 0 0 682.14)
(682.072 0 0 0 682.072 0 0 0 682.072)
(681.983 0 0 0 681.983 0 0 0 681.983)
(681.873 0 0 0 681.873 0 0 0 681.873)
(681.739 0 0 0 681.739 0 0 0 681.739)
(681.581 0 0 0 681.581 0 0 0 681.581)
(681.399 0 0 0 681.399 0 0 0 681.399)
(681.187 0 0 0 681.187 0 0 0 681.187)
(680.934 0 0 0 680.934 0 0 0 680.934)
(680.624 0 0 0 680.624 0 0 0 680.624)
(680.238 0 0 0 680.238 0 0 0 680.238)
(679.769 0 0 0 679.769 0 0 0 679.769)
(679.273 0 0 0 679.273 0 0 0 679.273)
(678.926 0 0 0 678.926 0 0 0 678.926)
(679.274 0 0 0 679.274 0 0 0 679.274)
(681.629 0 0 0 681.629 0 0 0 681.629)
(688.312 0 0 0 688.312 0 0 0 688.312)
(692.575 0 0 0 692.575 0 0 0 692.575)
(678.467 0 0 0 678.467 0 0 0 678.467)
(677.921 0 0 0 677.921 0 0 0 677.921)
(677.904 0 0 0 677.904 0 0 0 677.904)
(677.879 0 0 0 677.879 0 0 0 677.879)
(677.844 0 0 0 677.844 0 0 0 677.844)
(677.799 0 0 0 677.799 0 0 0 677.799)
(677.741 0 0 0 677.741 0 0 0 677.741)
(677.669 0 0 0 677.669 0 0 0 677.669)
(677.581 0 0 0 677.581 0 0 0 677.581)
(677.475 0 0 0 677.475 0 0 0 677.475)
(677.352 0 0 0 677.352 0 0 0 677.352)
(677.214 0 0 0 677.214 0 0 0 677.214)
(677.067 0 0 0 677.067 0 0 0 677.067)
(676.918 0 0 0 676.918 0 0 0 676.918)
(676.77 0 0 0 676.77 0 0 0 676.77)
(676.623 0 0 0 676.623 0 0 0 676.623)
(676.462 0 0 0 676.462 0 0 0 676.462)
(676.272 0 0 0 676.272 0 0 0 676.272)
(676.048 0 0 0 676.048 0 0 0 676.048)
(675.846 0 0 0 675.846 0 0 0 675.846)
(675.861 0 0 0 675.861 0 0 0 675.861)
(676.665 0 0 0 676.665 0 0 0 676.665)
(679.619 0 0 0 679.619 0 0 0 679.619)
(687.082 0 0 0 687.082 0 0 0 687.082)
(692.199 0 0 0 692.199 0 0 0 692.199)
)
;

boundaryField
{
    outletCentralUnloaded
    {
        type            zeroGradient;
    }
    inletCentralUnloaded
    {
        type            zeroGradient;
    }
    outletFuelElement
    {
        type            zeroGradient;
    }
    inletFuelElement
    {
        type            zeroGradient;
    }
    defaultFaces
    {
        type            zeroGradient;
    }
    baffle_master
    {
        type            zeroGradient;
    }
    baffle_slave
    {
        type            zeroGradient;
    }
}


// ************************************************************************* //
