/*--------------------------------*- C++ -*----------------------------------*\
| =========                 |                                                 |
| \\      /  F ield         | OpenFOAM: The Open Source CFD Toolbox           |
|  \\    /   O peration     | Version:  2212                                  |
|   \\  /    A nd           | Website:  www.openfoam.com                      |
|    \\/     M anipulation  |                                                 |
\*---------------------------------------------------------------------------*/
FoamFile
{
    version     2.0;
    format      ascii;
    arch        "LSB;label=32;scalar=64";
    class       volScalarField;
    location    "38/fluidRegion";
    object      Re;
}
// * * * * * * * * * * * * * * * * * * * * * * * * * * * * * * * * * * * * * //

dimensions      [0 0 0 0 0 0 0];

internalField   nonuniform List<scalar> 
350
(
174026
174026
174026
174027
174028
174029
174029
174030
174030
174030
174029
174028
174027
174025
174023
174022
174020
174019
174018
174018
174018
174019
174021
174023
174389
174026
174026
174026
174027
174028
174029
174029
174030
174030
174030
174029
174028
174027
174025
174023
174022
174020
174019
174018
174018
174018
174019
174021
174023
174389
55358.3
55304.7
55306
55306.3
55305.4
55303.1
55299.3
55293.7
55286.3
55276.7
55264.9
55250.8
55234.4
55215.8
55194.6
55169.9
55139.8
55102.4
55057.1
55009.9
54980.3
55027.7
55294.7
56033.6
56507.1
54870.1
54808.9
54806
54802
54797.1
54791.2
54784
54775.3
54765
54752.8
54738.8
54723.5
54707.5
54691.8
54677.2
54663.6
54649.8
54634.1
54615.9
54601.5
54612.1
54710.3
55044.7
55873.4
56454.9
55439.9
55386
55387.7
55388.4
55387.7
55385.6
55381.9
55376.5
55369.1
55359.5
55347.5
55333
55316
55296.3
55273.3
55246
55212.4
55170.7
55120.1
55066.4
55028.9
55066.6
55321.3
56045.6
56508.9
54979.2
54920.2
54918.4
54915.7
54911.9
54907
54900.8
54893
54883.5
54872.1
54858.8
54843.9
54828
54811.9
54796
54780
54762.7
54742.2
54718
54696.2
54697.8
54784.6
55103.7
55912
56467.8
54979.2
54920.2
54918.4
54915.7
54911.9
54907
54900.8
54893
54883.5
54872.1
54858.8
54843.9
54828
54811.9
54796
54780
54762.7
54742.2
54718
54696.2
54697.8
54784.6
55103.7
55912
56467.8
55439.9
55385.9
55387.7
55388.3
55387.7
55385.6
55381.9
55376.5
55369.1
55359.5
55347.5
55333
55316
55296.2
55273.3
55245.9
55212.4
55170.6
55120
55066.3
55028.8
55066.4
55321.1
56045.4
56508.8
54870.1
54808.9
54806
54802
54797.1
54791.2
54784
54775.3
54765
54752.8
54738.8
54723.5
54707.5
54691.8
54677.2
54663.6
54649.8
54634.1
54615.9
54601.5
54612.1
54710.3
55044.7
55873.4
56454.9
55358.3
55304.7
55306
55306.3
55305.4
55303.1
55299.2
55293.7
55286.3
55276.7
55264.9
55250.8
55234.4
55215.8
55194.6
55169.9
55139.8
55102.4
55057.1
55009.9
54980.3
55027.7
55294.7
56033.6
56507.1
54979.2
54920.2
54918.4
54915.7
54911.9
54907
54900.8
54893
54883.5
54872.1
54858.8
54843.9
54828
54811.9
54796
54780
54762.7
54742.2
54718
54696.2
54697.8
54784.6
55103.7
55912
56467.8
55439.9
55386
55387.7
55388.4
55387.7
55385.6
55381.9
55376.5
55369.1
55359.5
55347.5
55333
55316
55296.3
55273.3
55246
55212.4
55170.7
55120.1
55066.4
55028.9
55066.6
55321.2
56045.6
56508.9
55439.9
55385.9
55387.7
55388.4
55387.7
55385.6
55381.9
55376.5
55369.1
55359.5
55347.5
55333
55316
55296.2
55273.3
55245.9
55212.4
55170.6
55120
55066.3
55028.8
55066.4
55321.1
56045.5
56508.8
54979.2
54920.2
54918.4
54915.7
54911.9
54907
54900.8
54893
54883.5
54872.1
54858.8
54843.9
54828
54811.9
54796
54780
54762.7
54742.2
54718
54696.2
54697.8
54784.6
55103.7
55912
56467.8
)
;

boundaryField
{
    outletCentralUnloaded
    {
        type            zeroGradient;
    }
    inletCentralUnloaded
    {
        type            zeroGradient;
    }
    outletFuelElement
    {
        type            zeroGradient;
    }
    inletFuelElement
    {
        type            zeroGradient;
    }
    defaultFaces
    {
        type            zeroGradient;
    }
    baffle_master
    {
        type            zeroGradient;
    }
    baffle_slave
    {
        type            zeroGradient;
    }
}


// ************************************************************************* //
