/*--------------------------------*- C++ -*----------------------------------*\
| =========                 |                                                 |
| \\      /  F ield         | OpenFOAM: The Open Source CFD Toolbox           |
|  \\    /   O peration     | Version:  2212                                  |
|   \\  /    A nd           | Website:  www.openfoam.com                      |
|    \\/     M anipulation  |                                                 |
\*---------------------------------------------------------------------------*/
FoamFile
{
    version     2.0;
    format      ascii;
    arch        "LSB;label=32;scalar=64";
    class       surfaceScalarField;
    location    "13/fluidRegion";
    object      alphaPhi;
}
// * * * * * * * * * * * * * * * * * * * * * * * * * * * * * * * * * * * * * //

dimensions      [0 3 -1 0 0 0 0];

oriented        oriented;

internalField   nonuniform List<scalar> 
661
(
-0.00053675
1.70285e-17
-0.000536706
-2.67163e-16
-0.000536662
-3.78882e-16
-0.000536619
-1.14569e-16
-0.000536575
-6.39949e-18
-0.000536531
-4.69956e-18
-0.000536488
-5.56565e-16
-0.000536444
-5.56505e-17
-0.0005364
-1.43373e-16
-0.000536357
-2.92302e-17
-0.000536313
2.12906e-16
-0.00053627
-3.6863e-17
-0.000536226
-3.40314e-16
-0.000536182
-3.22616e-18
-0.000536139
1.11188e-16
-0.000536095
-1.43198e-16
-0.000536052
-7.70201e-17
-0.000536008
3.3563e-16
-0.000535964
3.96205e-16
-0.000535921
-5.16651e-16
-0.000535877
-7.15744e-18
-0.000535833
1.54277e-16
-0.00053579
-1.35044e-17
-0.000535748
2.65295e-16
1.36446e-16
-0.00053675
-0.000536706
-0.000536662
-0.000536619
-0.000536575
-0.000536531
-0.000536488
-0.000536444
-0.0005364
-0.000536357
-0.000536313
-0.00053627
-0.000536226
-0.000536182
-0.000536139
-0.000536095
-0.000536052
-0.000536008
-0.000535964
-0.000535921
-0.000535877
-0.000535833
-0.00053579
-0.000535748
-0.0098844
4.87449e-07
-0.00982764
5.52321e-07
-0.00969935
5.84403e-07
-0.00950222
4.8865e-07
-0.00923991
3.98325e-07
-0.00891696
3.06111e-07
-0.00853864
2.12179e-07
-0.00811099
1.15688e-07
-0.00764075
1.73762e-08
-0.00713529
-8.11476e-08
-0.00660253
-1.76728e-07
-0.00605087
-2.66774e-07
-0.00548895
-3.468e-07
-0.00492548
-4.13736e-07
-0.00436901
-4.64867e-07
-0.00382777
-5.00142e-07
-0.00330947
-5.20349e-07
-0.00282132
-5.28077e-07
-0.00236993
-5.25149e-07
-0.00196154
-5.12827e-07
-0.0016018
-4.90089e-07
-0.00129587
-4.54241e-07
-0.00104802
-4.01329e-07
-0.000861552
-3.25653e-07
-2.12769e-07
-0.00993096
-8.17716e-08
-8.46302e-08
-0.00987521
-1.81599e-07
-1.86061e-07
-0.00974719
-1.54824e-07
-1.56284e-07
-0.00954982
-1.27058e-07
-1.26572e-07
-0.00928679
-1.00824e-07
-9.84374e-08
-0.00896262
-7.42504e-08
-7.1558e-08
-0.00858262
-4.69857e-08
-4.39891e-08
-0.00815285
-1.90417e-08
-1.64742e-08
-0.00768008
9.36413e-09
1.18957e-08
-0.00717173
3.81226e-08
4.0141e-08
-0.00663581
6.6774e-08
6.87791e-08
-0.00608076
9.38855e-08
9.54582e-08
-0.0055153
1.18615e-07
1.20215e-07
-0.00494825
1.39627e-07
1.40813e-07
-0.00438824
1.56341e-07
1.57464e-07
-0.00384357
1.68254e-07
1.68922e-07
-0.00332204
1.75813e-07
1.76307e-07
-0.00283093
1.79399e-07
1.79402e-07
-0.00237691
1.79701e-07
1.79424e-07
-0.00196626
1.76616e-07
1.75866e-07
-0.00160469
1.69619e-07
1.68625e-07
-0.00129738
1.56901e-07
1.55605e-07
-0.0010486
1.35732e-07
1.34169e-07
-0.000861651
1.02283e-07
1.00436e-07
7.87443e-08
7.73293e-08
-0.00987667
4.29446e-07
-0.00981988
6.32268e-07
-0.00969157
5.74352e-07
-0.00949449
4.73143e-07
-0.00923232
3.7427e-07
-0.00890958
2.75083e-07
-0.00853155
1.74049e-07
-0.00810425
7.12118e-08
-0.00763443
-3.34581e-08
-0.00712943
-1.37524e-07
-0.00659719
-2.38842e-07
-0.00604608
-3.33321e-07
-0.00548472
-4.17149e-07
-0.00492182
-4.8614e-07
-0.00436591
-5.38426e-07
-0.0038252
-5.73208e-07
-0.00330741
-5.9224e-07
-0.00281972
-5.97529e-07
-0.00236874
-5.91655e-07
-0.00196069
-5.75003e-07
-0.00160124
-5.46469e-07
-0.00129553
-5.0165e-07
-0.00104782
-4.34167e-07
-0.00086146
-3.34808e-07
-2.36022e-07
-0.00992059
2.94475e-10
-0.00986457
-3.5563e-10
-0.00973647
9.26711e-11
-0.00953913
2.60274e-12
-0.00927625
1.8624e-11
-0.00895233
3.52192e-12
-0.0085727
-1.53254e-11
-0.00814339
2.55866e-12
-0.00767118
1.97108e-11
-0.00716348
-3.89184e-12
-0.00662826
2.48377e-11
-0.00607397
6.3136e-11
-0.00550931
9.88372e-11
-0.00494307
1.18615e-10
-0.00438386
1.15806e-10
-0.00383997
9.79547e-11
-0.00331918
9.01092e-11
-0.00282874
1.21333e-10
-0.00237532
1.20603e-10
-0.00196519
1.22673e-10
-0.00160404
1.22284e-10
-0.00129704
6.49213e-11
-0.00104848
-3.76722e-11
-0.000861636
-1.08367e-10
2.2546e-12
-0.0099206
-4.28988e-07
-0.00986458
-6.32955e-07
-0.00973648
-5.74042e-07
-0.00953915
-4.73045e-07
-0.00927626
-3.742e-07
-0.00895235
-2.75099e-07
-0.00857271
-1.741e-07
-0.0081434
-7.12365e-08
-0.00767119
3.34623e-08
-0.00716349
1.37503e-07
-0.00662827
2.38892e-07
-0.00607398
3.33448e-07
-0.00550932
4.17345e-07
-0.00494307
4.86372e-07
-0.00438387
5.38653e-07
-0.00383997
5.73412e-07
-0.00331918
5.92439e-07
-0.00282874
5.97777e-07
-0.00237532
5.91896e-07
-0.00196519
5.75242e-07
-0.00160404
5.46692e-07
-0.00129705
5.01773e-07
-0.00104848
4.34097e-07
-0.000861638
3.34585e-07
2.36068e-07
-0.00987668
7.98921e-08
-0.00981989
1.80042e-07
-0.00969158
1.53887e-07
-0.0094945
1.26896e-07
-0.00923233
1.01657e-07
-0.00890959
7.49119e-08
-0.00853155
4.80392e-08
-0.00810426
1.96224e-08
-0.00763443
-8.53132e-09
-0.00712944
-3.77947e-08
-0.0065972
-6.61658e-08
-0.00604608
-9.36514e-08
-0.00548473
-1.18098e-07
-0.00492182
-1.39457e-07
-0.00436591
-1.55965e-07
-0.00382521
-1.6824e-07
-0.00330741
-1.75665e-07
-0.00281972
-1.79569e-07
-0.00236874
-1.79817e-07
-0.00196069
-1.77044e-07
-0.00160124
-1.70023e-07
-0.00129553
-1.57506e-07
-0.00104782
-1.36338e-07
-0.00086146
-1.02968e-07
-7.95514e-08
-0.00993096
-4.90432e-07
-8.43735e-08
-0.00987521
-5.55376e-07
-1.84854e-07
-0.00974719
-5.84675e-07
-1.56543e-07
-0.00954982
-4.87588e-07
-1.26998e-07
-0.00928679
-3.95701e-07
-9.9269e-08
-0.00896262
-3.03895e-07
-7.22373e-08
-0.00858262
-2.09462e-07
-4.47789e-08
-0.00815285
-1.1379e-07
-1.70784e-08
-0.00768008
-1.51982e-08
1.11928e-08
-0.00717173
8.24884e-08
3.96854e-08
-0.00663581
1.78397e-07
6.82091e-08
-0.00608076
2.67748e-07
9.50404e-08
-0.0055153
3.48099e-07
1.19699e-07
-0.00494825
4.14363e-07
1.40461e-07
-0.00438824
4.65708e-07
1.57083e-07
-0.00384357
5.00314e-07
1.68733e-07
-0.00332204
5.20655e-07
1.76115e-07
-0.00283093
5.27811e-07
1.79339e-07
-0.00237691
5.24938e-07
1.79371e-07
-0.00196626
5.12126e-07
1.75937e-07
-0.00160469
4.89423e-07
1.68705e-07
-0.00129738
4.53277e-07
1.55796e-07
-0.0010486
4.00342e-07
1.34444e-07
-0.000861651
3.24537e-07
1.00769e-07
2.11752e-07
7.74975e-08
-0.0098844
-0.00982764
-0.00969935
-0.00950222
-0.00923991
-0.00891696
-0.00853864
-0.00811099
-0.00764075
-0.00713529
-0.00660253
-0.00605087
-0.00548895
-0.00492548
-0.00436901
-0.00382777
-0.00330947
-0.00282132
-0.00236993
-0.00196154
-0.0016018
-0.00129587
-0.00104802
-0.000861552
-0.00992059
-4.2976e-07
5.44783e-10
-0.00986457
-6.32343e-07
-6.56239e-10
-0.00973647
-5.74037e-07
1.00498e-10
-0.00953913
-4.72775e-07
-1.67426e-10
-0.00927625
-3.73701e-07
-5.57065e-11
-0.00895233
-2.74762e-07
-2.24714e-10
-0.0085727
-1.73609e-07
-6.77484e-11
-0.00814339
-7.10332e-08
-1.68614e-10
-0.00767118
3.37446e-08
1.8061e-11
-0.00716348
1.37543e-07
-5.47465e-11
-0.00662826
2.39e-07
1.19557e-10
-0.00607397
3.33314e-07
9.49207e-12
-0.00550931
4.17259e-07
1.74303e-10
-0.00494307
4.86069e-07
8.68939e-11
-0.00438386
5.38403e-07
2.61318e-10
-0.00383997
5.72975e-07
2.11922e-10
-0.00331918
5.92052e-07
3.53083e-10
-0.00282874
5.97227e-07
2.67615e-10
-0.00237532
5.91409e-07
3.59637e-10
-0.00196519
5.74661e-07
3.07312e-10
-0.00160404
5.46188e-07
3.36865e-10
-0.00129704
5.01285e-07
2.95079e-10
-0.00104848
4.3379e-07
3.0472e-10
-0.000861637
3.34459e-07
2.14356e-10
2.35783e-07
1.53476e-10
-0.00987667
-0.00981988
-0.00969157
-0.00949449
-0.00923232
-0.00890958
-0.00853155
-0.00810425
-0.00763443
-0.00712943
-0.00659719
-0.00604608
-0.00548472
-0.00492182
-0.00436591
-0.0038252
-0.00330741
-0.00281972
-0.00236874
-0.00196069
-0.00160124
-0.00129553
-0.00104782
-0.00086146
-0.00987668
4.25325e-07
-0.00981989
6.28889e-07
-0.00969158
5.72987e-07
-0.0094945
4.73645e-07
-0.00923233
3.76928e-07
-0.00890959
2.77399e-07
-0.00853155
1.77137e-07
-0.00810426
7.3231e-08
-0.00763443
-3.09701e-08
-0.00712944
-1.36135e-07
-0.0065972
-2.36993e-07
-0.00604608
-3.32452e-07
-0.00548473
-4.15807e-07
-0.00492182
-4.85709e-07
-0.00436591
-5.37615e-07
-0.00382521
-5.7328e-07
-0.00330741
-5.92068e-07
-0.00281972
-5.98195e-07
-0.00236874
-5.92219e-07
-0.00196069
-5.76285e-07
-0.00160124
-5.47678e-07
-0.00129553
-5.03261e-07
-0.00104782
-4.35632e-07
-0.00086146
-3.36416e-07
-2.37638e-07
-0.0099206
-0.00986458
-0.00973648
-0.00953914
-0.00927626
-0.00895235
-0.00857271
-0.0081434
-0.00767119
-0.00716348
-0.00662827
-0.00607398
-0.00550932
-0.00494307
-0.00438387
-0.00383997
-0.00331918
-0.00282874
-0.00237532
-0.00196519
-0.00160404
-0.00129705
-0.00104848
-0.000861638
)
;

boundaryField
{
    outletCentralUnloaded
    {
        type            calculated;
        value           nonuniform List<scalar> 2(0.000536794 0.000536794);
    }
    inletCentralUnloaded
    {
        type            calculated;
        value           uniform -0.000540134;
    }
    outletFuelElement
    {
        type            calculated;
        value           nonuniform List<scalar> 
12
(
0.00992702
0.00997338
0.00991942
0.00996305
0.00996306
0.00991943
0.00997338
0.00992702
0.00996305
0.00991942
0.00991943
0.00996306
)
;
    }
    inletFuelElement
    {
        type            calculated;
        value           nonuniform List<scalar> 
12
(
-0.000722059
-0.00072206
-0.000722059
-0.000722059
-0.00072206
-0.000722059
-0.00072206
-0.000722059
-0.000722059
-0.000722059
-0.000722059
-0.00072206
)
;
    }
    defaultFaces
    {
        type            calculated;
        value           nonuniform List<scalar> 
450
(
6.53749e-24
-1.15486e-24
0
1.45734e-23
-1.67142e-24
0
8.39306e-24
1.42816e-23
0
-3.19554e-23
-4.3932e-24
0
-7.85452e-24
-2.37741e-23
0
-2.0307e-23
-1.21754e-23
0
-1.47233e-23
-5.57041e-24
0
-7.74028e-24
-3.73314e-24
0
-1.09466e-24
-5.17058e-25
0
5.44158e-24
1.34054e-24
0
1.52114e-23
7.03842e-24
0
2.08172e-23
1.20691e-23
0
2.52021e-23
9.9405e-24
0
2.33989e-23
1.70097e-23
0
2.59944e-23
1.30643e-23
0
2.5104e-23
7.31947e-24
0
2.78519e-23
-3.45708e-24
0
3.4356e-23
2.01987e-23
0
2.61322e-23
-2.45112e-23
0
-1.97196e-23
-2.08956e-23
0
-1.05188e-23
-1.78477e-23
0
1.88929e-23
-1.38901e-23
0
-1.54785e-23
9.09057e-24
0
-1.31986e-23
-4.70796e-24
0
-7.03823e-24
-6.18455e-24
0
1.2034e-23
0
2.40681e-23
0
-8.0227e-24
0
1.60454e-23
0
-8.0227e-24
0
8.0227e-24
0
2.00567e-24
0
2.00567e-24
0
0
0
-4.01135e-24
0
-4.01135e-24
0
-4.01135e-24
0
-1.60454e-23
0
-2.00567e-23
0
-8.0227e-24
0
-1.60454e-23
0
1.60454e-23
0
-1.60454e-23
0
8.0227e-24
0
-3.20908e-23
0
-1.60454e-23
0
3.20908e-23
0
0
0
-1.2034e-23
0
-8.0227e-24
0
0
-8.0227e-24
0
-1.60454e-23
8.0227e-24
-4.01135e-24
-4.01135e-24
-1.00284e-24
-1.50426e-24
4.01135e-24
0
4.01135e-24
1.60454e-23
8.0227e-24
8.0227e-24
0
-1.60454e-23
8.0227e-24
-2.40681e-23
0
8.0227e-24
-2.40681e-23
-8.0227e-24
4.01135e-24
4.01135e-24
0
0
0
0
0
0
0
0
0
0
0
0
0
0
0
0
0
0
0
0
0
0
0
0
0
-1.2034e-23
1.2034e-23
1.60454e-23
1.60454e-23
2.40681e-23
3.20908e-23
-1.2034e-23
-1.60454e-23
1.2034e-23
-4.01135e-24
-8.0227e-24
-8.0227e-24
-4.01135e-24
-6.01702e-24
-2.00567e-24
-2.50709e-24
-1.75497e-24
5.01419e-25
4.01135e-24
5.01419e-24
8.0227e-24
4.01135e-24
1.2034e-23
8.0227e-24
8.0227e-24
8.0227e-24
1.2034e-23
1.2034e-23
1.60454e-23
2.00567e-23
2.40681e-23
2.00567e-23
-1.60454e-23
2.80794e-23
8.0227e-24
1.60454e-23
-4.01135e-23
2.40681e-23
-2.40681e-23
-2.00567e-23
0
-2.00567e-23
-1.60454e-23
3.20908e-23
-8.0227e-24
-2.00567e-23
0
-8.0227e-24
-1.2034e-23
-4.01135e-24
-1.4502e-24
0
0
6.08605e-24
0
0
2.06041e-23
0
-4.01135e-23
-4.01925e-23
0
1.60454e-23
1.75354e-23
0
0
-3.07592e-23
0
4.01135e-24
-1.6674e-23
0
8.0227e-24
-8.68361e-24
0
0
-7.02755e-25
0
-7.52128e-25
7.89976e-24
-0
-2.00567e-24
1.26771e-23
-0
-4.01135e-24
2.42643e-23
-0
-4.01135e-24
3.15507e-23
-0
0
3.81585e-23
-0
-8.0227e-24
4.29294e-23
-0
-8.0227e-24
3.66978e-23
-0
-8.0227e-24
2.03372e-23
-0
-8.0227e-24
4.44629e-23
-0
-1.60454e-23
2.81459e-23
-0
-1.60454e-23
-1.5512e-23
-0
8.0227e-24
1.40632e-24
-0
1.60454e-23
2.49632e-23
-0
8.0227e-24
-1.46686e-23
-0
8.0227e-24
-1.38064e-24
-0
1.2034e-23
-9.48955e-24
-0
4.01135e-24
0
-8.0227e-24
8.0227e-24
-8.0227e-24
8.0227e-24
-4.01135e-24
0
-1.00284e-24
0
0
4.01135e-24
0
-8.0227e-24
8.0227e-24
8.0227e-24
8.0227e-24
-2.40681e-23
0
-1.60454e-23
0
0
-2.40681e-23
-8.0227e-24
0
8.0227e-24
1.2034e-23
0
3.20908e-23
0
0
0
1.2034e-23
0
-4.01135e-24
0
8.0227e-24
0
4.01135e-24
0
3.00851e-24
0
0
-0
-4.01135e-24
-0
-1.00284e-23
-0
-8.0227e-24
-0
-1.60454e-23
-0
-1.60454e-23
-0
-1.60454e-23
-0
-2.40681e-23
-0
3.20908e-23
-0
-1.60454e-23
-0
2.40681e-23
-0
-2.40681e-23
-0
-2.40681e-23
-0
2.40681e-23
-0
4.01135e-24
-0
-2.00567e-23
-0
-8.0227e-24
-0
-1.2034e-23
4.01135e-24
-8.0227e-24
2.40681e-23
-1.60454e-23
2.80794e-23
-8.0227e-24
-4.01135e-23
-4.01135e-24
1.2034e-23
-4.01135e-24
-2.20624e-23
-4.01135e-24
-1.40397e-23
-2.50709e-24
-5.01419e-24
5.01419e-25
2.00567e-24
4.01135e-24
1.2034e-23
8.0227e-24
1.80511e-23
1.2034e-23
3.20908e-23
1.2034e-23
3.61021e-23
8.0227e-24
4.01135e-23
8.0227e-24
4.01135e-23
1.60454e-23
4.41248e-23
0
2.80794e-23
1.60454e-23
5.21475e-23
-8.0227e-24
3.20908e-23
0
-1.60454e-23
0
-1.60454e-23
8.0227e-24
2.40681e-23
1.2034e-23
-1.60454e-23
0
-1.2034e-23
-4.01135e-24
-8.0227e-24
-0
-0
-0
-0
-0
-0
-0
-0
0
0
0
0
0
0
0
0
0
0
0
0
0
0
0
0
0
)
;
    }
    baffle_master
    {
        type            calculated;
        value           nonuniform List<scalar> 
150
(
-2.96813e-33
0
5.5892e-33
1.65246e-33
0
2.7946e-33
5.47535e-33
0
1.11784e-32
1.68649e-33
0
2.7946e-33
2.23703e-32
0
1.11784e-32
-1.8398e-34
0
0
1.15262e-33
0
-1.3973e-33
1.14452e-32
0
1.11784e-32
3.17911e-33
0
-5.5892e-33
3.54317e-35
0
0
-4.72263e-36
0
2.7946e-33
-1.72213e-34
0
0
-5.57115e-34
0
0
2.89034e-36
0
0
-4.9966e-34
0
1.3973e-33
-9.66422e-34
0
0
8.60344e-33
0
5.5892e-33
1.21946e-33
0
0
4.01185e-33
0
4.1919e-33
7.68061e-34
0
1.3973e-33
2.50926e-33
0
5.5892e-33
-1.69673e-32
0
0
1.30259e-35
0
-6.9865e-34
-1.69729e-33
0
-5.5892e-33
-9.87978e-34
0
0
-1.11784e-32
1.74465e-32
-0
-2.7946e-33
4.7309e-33
-0
0
-1.69477e-32
0
0
-1.69341e-33
0
0
-9.88549e-33
-0
0
1.68447e-32
-0
0
-3.8842e-33
0
0
-1.3505e-32
0
5.5892e-33
1.1527e-32
-0
6.9865e-34
-9.55186e-34
0
2.7946e-33
-6.30082e-33
0
6.9865e-34
-1.45188e-33
0
-1.3973e-33
2.99997e-33
-0
6.9865e-34
-5.91533e-34
0
0
4.45799e-33
-0
2.7946e-33
-4.11958e-33
0
-5.5892e-33
-4.4075e-33
0
0
2.02731e-32
-0
-1.3973e-33
1.15987e-35
0
0
1.7282e-33
0
5.5892e-33
5.26307e-33
0
-1.11784e-32
1.80626e-32
0
-6.9865e-34
-1.09232e-33
0
-5.5892e-33
-4.83051e-33
-0
2.7946e-33
-2.53329e-33
-0
)
;
    }
    baffle_slave
    {
        type            calculated;
        value           nonuniform List<scalar> 
150
(
6.01702e-24
-0
-8.0227e-24
-7.77199e-24
-0
8.0227e-24
-2.7578e-24
-0
0
3.76064e-24
-0
-8.0227e-24
-1.78004e-23
-0
-8.0227e-24
-1.75497e-24
-0
4.01135e-24
1.00284e-24
-0
0
1.50426e-24
-0
1.00284e-24
7.52128e-25
0
0
-2.50709e-25
0
2.00567e-24
-1.25355e-24
0
4.01135e-24
6.26773e-25
0
-8.0227e-24
3.88599e-24
0
0
-1.12819e-24
0
-8.0227e-24
2.06835e-24
0
0
-3.27489e-24
0
-8.0227e-24
-3.44255e-23
0
-2.40681e-23
-3.07119e-24
0
8.0227e-24
-1.74243e-23
0
-2.40681e-23
-2.88316e-24
0
0
-2.38174e-24
0
-1.60454e-23
1.90539e-23
0
8.0227e-24
0
0
-8.0227e-24
-6.26773e-25
0
-8.0227e-24
3.76064e-25
0
0
-1.00913e-24
1.80511e-23
0
1.12804e-23
1.5544e-23
0
8.0993e-24
2.59484e-23
0
-2.61787e-24
1.88032e-23
0
-1.01136e-23
-2.1561e-23
0
-6.73637e-24
1.02791e-23
0
-8.27037e-24
6.01702e-24
0
-1.25752e-24
2.00567e-24
0
-1.08973e-24
5.01419e-25
0
2.14252e-24
-1.50426e-24
0
1.81031e-24
-3.76064e-24
0
3.73641e-24
-5.76631e-24
0
1.06234e-24
-5.13954e-24
0
2.81931e-24
-9.90302e-24
0
1.55161e-24
-1.13446e-23
0
7.18352e-24
-1.34443e-23
0
-1.49472e-23
-1.28175e-23
0
7.30767e-24
-1.36637e-23
0
-2.83312e-23
3.76064e-25
0
3.30206e-24
8.14805e-24
0
5.56391e-24
6.01702e-24
0
-1.97697e-23
1.75497e-23
0
-1.4307e-23
-9.27625e-24
0
2.20155e-24
8.0227e-24
0
-1.7218e-24
2.50709e-24
0
)
;
    }
}


// ************************************************************************* //
