/*--------------------------------*- C++ -*----------------------------------*\
| =========                 |                                                 |
| \\      /  F ield         | OpenFOAM: The Open Source CFD Toolbox           |
|  \\    /   O peration     | Version:  2212                                  |
|   \\  /    A nd           | Website:  www.openfoam.com                      |
|    \\/     M anipulation  |                                                 |
\*---------------------------------------------------------------------------*/
FoamFile
{
    version     2.0;
    format      ascii;
    arch        "LSB;label=32;scalar=64";
    class       surfaceScalarField;
    location    "13/fluidRegion";
    object      alphaRhoPhi;
}
// * * * * * * * * * * * * * * * * * * * * * * * * * * * * * * * * * * * * * //

dimensions      [1 0 -1 0 0 0 0];

oriented        oriented;

internalField   nonuniform List<scalar> 
661
(
-0.00582565
1.84812e-16
-0.00582565
-2.89978e-15
-0.00582565
-4.11272e-15
-0.00582565
-1.24373e-15
-0.00582565
-6.94771e-17
-0.00582565
-5.10256e-17
-0.00582565
-6.04342e-15
-0.00582565
-6.04326e-16
-0.00582565
-1.55706e-15
-0.00582565
-3.17471e-16
-0.00582565
2.31257e-15
-0.00582565
-4.00437e-16
-0.00582565
-3.69708e-15
-0.00582565
-3.50509e-17
-0.00582565
1.20811e-15
-0.00582565
-1.55604e-15
-0.00582565
-8.36998e-16
-0.00582565
3.64768e-15
-0.00582565
4.30636e-15
-0.00582565
-5.61595e-15
-0.00582565
-7.78071e-17
-0.00582565
1.67726e-15
-0.00582565
-1.46828e-16
-0.00582565
2.88467e-15
1.48375e-15
-0.00582565
-0.00582565
-0.00582565
-0.00582565
-0.00582565
-0.00582565
-0.00582565
-0.00582565
-0.00582565
-0.00582565
-0.00582565
-0.00582565
-0.00582565
-0.00582565
-0.00582565
-0.00582565
-0.00582565
-0.00582565
-0.00582565
-0.00582565
-0.00582565
-0.00582565
-0.00582565
-0.00582565
-0.00838869
4.10969e-07
-0.00838905
4.66576e-07
-0.00838946
4.98323e-07
-0.00838982
4.23708e-07
-0.00839012
3.53828e-07
-0.00839037
2.80659e-07
-0.00839056
2.02337e-07
-0.00839069
1.15653e-07
-0.00839074
1.83595e-08
-0.0083907
-9.1394e-08
-0.00839057
-2.14069e-07
-0.00839033
-3.50811e-07
-0.00838996
-5.00023e-07
-0.00838946
-6.60957e-07
-0.00838881
-8.32085e-07
-0.00838799
-1.01508e-06
-0.008387
-1.21285e-06
-0.0083858
-1.43299e-06
-0.00838437
-1.68323e-06
-0.00838267
-1.97086e-06
-0.00838065
-2.29159e-06
-0.00837831
-2.61672e-06
-0.0083757
-2.86775e-06
-0.00837304
-2.87214e-06
-2.25703e-06
-0.00833385
-6.9006e-08
-7.14183e-08
-0.00833312
-1.53552e-07
-1.57325e-07
-0.0083324
-1.32146e-07
-1.33392e-07
-0.0083318
-1.1028e-07
-1.09858e-07
-0.00833131
-8.965e-08
-8.75276e-08
-0.00833093
-6.81447e-08
-6.56738e-08
-0.00833068
-4.48511e-08
-4.19906e-08
-0.00833056
-1.9055e-08
-1.64857e-08
-0.0083306
9.90396e-09
1.25815e-08
-0.0083308
4.2979e-08
4.52545e-08
-0.00833121
8.09625e-08
8.33936e-08
-0.00833183
1.2358e-07
1.2565e-07
-0.00833269
1.71183e-07
1.73492e-07
-0.00833382
2.23263e-07
2.25159e-07
-0.00833523
2.80087e-07
2.82099e-07
-0.00833695
3.41769e-07
3.43126e-07
-0.00833901
4.10113e-07
4.11263e-07
-0.00834144
4.87165e-07
4.87175e-07
-0.00834431
5.76358e-07
5.75468e-07
-0.00834768
6.79136e-07
6.76251e-07
-0.00835161
7.93484e-07
7.88831e-07
-0.00835609
9.04172e-07
8.96703e-07
-0.00836097
9.70124e-07
9.58949e-07
-0.00836572
9.02209e-07
8.85919e-07
8.35339e-07
8.20328e-07
-0.0083978
3.62852e-07
-0.0083984
5.35299e-07
-0.00839895
4.90863e-07
-0.00839942
4.11208e-07
-0.00839981
3.33239e-07
-0.00840011
2.52808e-07
-0.00840033
1.66371e-07
-0.00840044
7.13604e-08
-0.00840044
-3.54362e-08
-0.00840032
-1.55258e-07
-0.00840004
-2.89993e-07
-0.0083996
-4.39343e-07
-0.00839897
-6.02827e-07
-0.00839814
-7.7835e-07
-0.00839708
-9.65812e-07
-0.00839578
-1.16574e-06
-0.00839422
-1.38306e-06
-0.00839235
-1.62432e-06
-0.00839014
-1.89943e-06
-0.00838751
-2.21288e-06
-0.00838444
-2.55817e-06
-0.00838091
-2.89239e-06
-0.00837708
-3.10426e-06
-0.00837344
-2.95381e-06
-2.50391e-06
-0.00834616
2.47507e-10
-0.00834569
-2.99473e-10
-0.00834525
7.87669e-11
-0.00834489
2.24945e-12
-0.0083446
1.64887e-11
-0.00834439
3.21828e-12
-0.00834426
-1.45652e-11
-0.00834422
2.54922e-12
-0.00834428
2.07557e-11
-0.00834445
-4.36849e-12
-0.00834475
2.99852e-11
-0.00834519
8.27512e-11
-0.00834579
1.42046e-10
-0.00834657
1.88898e-10
-0.00834752
2.06661e-10
-0.00834868
1.98236e-10
-0.00835005
2.09464e-10
-0.00835167
3.28429e-10
-0.00835357
3.85694e-10
-0.00835579
4.70519e-10
-0.00835837
5.70848e-10
-0.0083613
3.73518e-10
-0.00836446
-2.68964e-10
-0.00836749
-9.55337e-10
2.39136e-11
-0.00834617
-3.62465e-07
-0.0083457
-5.35881e-07
-0.00834526
-4.90598e-07
-0.0083449
-4.11123e-07
-0.00834461
-3.33176e-07
-0.0083444
-2.52822e-07
-0.00834427
-1.66419e-07
-0.00834423
-7.13851e-08
-0.00834429
3.54407e-08
-0.00834446
1.55235e-07
-0.00834476
2.90054e-07
-0.0083452
4.39511e-07
-0.0083458
6.0311e-07
-0.00834658
7.78719e-07
-0.00834753
9.66218e-07
-0.00834869
1.16615e-06
-0.00835006
1.38352e-06
-0.00835168
1.625e-06
-0.00835358
1.9002e-06
-0.0083558
2.2138e-06
-0.00835838
2.55921e-06
-0.00836131
2.8931e-06
-0.00836447
3.10376e-06
-0.0083675
2.95184e-06
2.50439e-06
-0.00839781
6.74199e-08
-0.00839841
1.52236e-07
-0.00839896
1.31347e-07
-0.00839942
1.10139e-07
-0.00839981
9.03904e-08
-0.00840012
6.87519e-08
-0.00840033
4.58567e-08
-0.00840045
1.96361e-08
-0.00840045
-9.02314e-09
-0.00840032
-4.26094e-08
-0.00840005
-8.0225e-08
-0.0083996
-1.23272e-07
-0.00839897
-1.70437e-07
-0.00839814
-2.22991e-07
-0.00839708
-2.79413e-07
-0.00839579
-3.41741e-07
-0.00839422
-4.09767e-07
-0.00839235
-4.87627e-07
-0.00839013
-5.76728e-07
-0.00838751
-6.8078e-07
-0.00838443
-7.95373e-07
-0.0083809
-9.07657e-07
-0.00837708
-9.74454e-07
-0.00837343
-9.08257e-07
-8.43902e-07
-0.00833385
-4.13484e-07
-7.12017e-08
-0.00833312
-4.69157e-07
-1.56305e-07
-0.0083324
-4.98555e-07
-1.33614e-07
-0.0083318
-4.22786e-07
-1.10228e-07
-0.00833131
-3.51498e-07
-8.82671e-08
-0.00833093
-2.78627e-07
-6.62972e-08
-0.00833068
-1.99746e-07
-4.27445e-08
-0.00833056
-1.13755e-07
-1.70903e-08
-0.0083306
-1.60583e-08
1.18381e-08
-0.0083308
9.29041e-08
4.47409e-08
-0.00833121
2.16091e-07
8.27025e-08
-0.00833183
3.52092e-07
1.251e-07
-0.00833269
5.01895e-07
1.72746e-07
-0.00833382
6.61958e-07
2.24596e-07
-0.00833523
8.3359e-07
2.81416e-07
-0.00833695
1.01543e-06
3.42742e-07
-0.00833901
1.21357e-06
4.10817e-07
-0.00834144
1.43227e-06
4.87003e-07
-0.00834431
1.68256e-06
5.753e-07
-0.00834768
1.96816e-06
6.76526e-07
-0.00835161
2.28848e-06
7.89208e-07
-0.00835609
2.61116e-06
8.97804e-07
-0.00836097
2.86069e-06
9.60919e-07
-0.00836572
2.8623e-06
8.88858e-07
2.24624e-06
8.22113e-07
-0.00838869
-0.00838905
-0.00838946
-0.00838982
-0.00839012
-0.00839037
-0.00839056
-0.00839069
-0.00839074
-0.0083907
-0.00839057
-0.00839033
-0.00838996
-0.00838946
-0.00838881
-0.00838799
-0.008387
-0.0083858
-0.00838437
-0.00838267
-0.00838065
-0.00837831
-0.0083757
-0.00837305
-0.00834616
-3.63117e-07
4.57891e-10
-0.00834569
-5.35363e-07
-5.52613e-10
-0.00834525
-4.90594e-07
8.54193e-11
-0.00834489
-4.10888e-07
-1.44701e-10
-0.0083446
-3.32732e-07
-4.93196e-11
-0.00834439
-2.52513e-07
-2.0534e-10
-0.00834426
-1.6595e-07
-6.43879e-11
-0.00834422
-7.11814e-08
-1.67991e-10
-0.00834428
3.57396e-08
1.90185e-11
-0.00834445
1.55281e-07
-6.14515e-11
-0.00834475
2.90184e-07
1.44335e-10
-0.00834519
4.39334e-07
1.24411e-11
-0.00834579
6.02986e-07
2.50503e-10
-0.00834657
7.78235e-07
1.38381e-10
-0.00834752
9.6577e-07
4.66335e-10
-0.00834868
1.16526e-06
4.28877e-10
-0.00835005
1.38262e-06
8.20761e-10
-0.00835167
1.6235e-06
7.24391e-10
-0.00835357
1.89863e-06
1.15013e-09
-0.00835579
2.21156e-06
1.17872e-09
-0.00835837
2.55685e-06
1.57256e-09
-0.0083613
2.89029e-06
1.69771e-09
-0.00836446
3.10156e-06
2.17557e-09
-0.00836749
2.95073e-06
1.8897e-09
2.50138e-06
1.62786e-09
-0.0083978
-0.0083984
-0.00839895
-0.00839942
-0.00839981
-0.00840011
-0.00840033
-0.00840044
-0.00840044
-0.00840032
-0.00840004
-0.0083996
-0.00839897
-0.00839814
-0.00839708
-0.00839578
-0.00839422
-0.00839235
-0.00839014
-0.00838751
-0.00838444
-0.00838091
-0.00837708
-0.00837344
-0.00839781
3.5937e-07
-0.00839841
5.32438e-07
-0.00839896
4.89697e-07
-0.00839942
4.11644e-07
-0.00839981
3.35605e-07
-0.00840012
2.54936e-07
-0.00840033
1.69323e-07
-0.00840045
7.33838e-08
-0.00840045
-3.28011e-08
-0.00840032
-1.53691e-07
-0.00840005
-2.87747e-07
-0.0083996
-4.38198e-07
-0.00839897
-6.00887e-07
-0.00839814
-7.77659e-07
-0.00839708
-9.64357e-07
-0.00839579
-1.16588e-06
-0.00839422
-1.38266e-06
-0.00839235
-1.62613e-06
-0.00839013
-1.90123e-06
-0.00838751
-2.21781e-06
-0.00838443
-2.56383e-06
-0.0083809
-2.90168e-06
-0.00837708
-3.11473e-06
-0.00837343
-2.968e-06
-2.52105e-06
-0.00834617
-0.0083457
-0.00834526
-0.0083449
-0.00834461
-0.0083444
-0.00834427
-0.00834423
-0.00834429
-0.00834446
-0.00834476
-0.0083452
-0.0083458
-0.00834658
-0.00834753
-0.00834869
-0.00835006
-0.00835168
-0.00835358
-0.0083558
-0.00835838
-0.00836131
-0.00836447
-0.0083675
)
;

boundaryField
{
    outletCentralUnloaded
    {
        type            calculated;
        value           nonuniform List<scalar> 2(0.00582565 0.00582565);
    }
    inletCentralUnloaded
    {
        type            calculated;
        value           uniform -0.00587358;
    }
    outletFuelElement
    {
        type            calculated;
        value           nonuniform List<scalar> 
12
(
0.00838838
0.00833436
0.00839747
0.00834646
0.00834647
0.00839748
0.00833436
0.00838838
0.00834646
0.00839747
0.00839748
0.00834647
)
;
    }
    inletFuelElement
    {
        type            calculated;
        value           nonuniform List<scalar> 
12
(
-0.00867063
-0.00867063
-0.00867062
-0.00867062
-0.00867063
-0.00867063
-0.00867063
-0.00867063
-0.00867062
-0.00867062
-0.00867063
-0.00867063
)
;
    }
    defaultFaces
    {
        type            calculated;
        value           nonuniform List<scalar> 
450
(
5.54242e-24
-9.79077e-25
0
1.23811e-23
-1.41999e-24
0
7.19845e-24
1.22488e-23
0
-2.78726e-23
-3.8319e-24
0
-7.01904e-24
-2.12452e-23
0
-1.87318e-23
-1.12309e-23
0
-1.41265e-23
-5.34459e-24
0
-7.78559e-24
-3.75499e-24
0
-1.16375e-24
-5.4969e-25
0
6.16641e-24
1.5191e-24
0
1.8538e-23
8.57764e-24
0
2.75397e-23
1.59665e-23
0
3.65514e-23
1.4417e-23
0
3.75951e-23
2.73296e-23
0
4.6786e-23
2.35137e-23
0
5.12193e-23
1.49338e-23
0
6.52408e-23
-8.09793e-24
0
9.36565e-23
5.5063e-23
0
8.41077e-23
-7.88904e-23
0
-7.60599e-23
-8.05957e-23
0
-4.9333e-23
-8.37053e-23
0
1.09088e-22
-8.02016e-23
0
-1.10777e-22
6.50598e-23
0
-1.16502e-22
-4.15566e-23
0
-7.46772e-23
-6.56195e-23
0
1.02212e-23
0
2.04862e-23
0
-6.89402e-24
0
1.40226e-23
0
-7.18345e-24
0
7.41507e-24
0
1.92821e-24
0
2.02145e-24
0
0
0
-4.55466e-24
0
-4.89815e-24
0
-5.31695e-24
0
-2.33148e-23
0
-3.22839e-23
0
-1.44648e-23
0
-3.27915e-23
0
3.76433e-23
0
-4.38032e-23
0
2.58546e-23
0
-1.23914e-22
0
-7.53221e-23
0
1.85424e-22
0
0
0
-1.0625e-22
0
-8.51288e-23
0
0
-6.75585e-24
0
-1.38675e-23
7.10288e-24
-3.66551e-24
-3.81238e-24
-9.99136e-25
-1.584e-24
4.50263e-24
0
5.25761e-24
2.306e-23
1.27764e-23
1.43169e-23
0
-3.72984e-23
2.17162e-23
-7.69707e-23
0
3.74518e-23
-1.38473e-22
-5.72787e-23
3.53629e-23
4.25467e-23
0
0
0
0
0
0
0
0
0
0
0
0
0
0
0
0
0
0
0
0
0
0
0
0
0
-1.02212e-23
1.02212e-23
1.36574e-23
1.36574e-23
2.06821e-23
2.75761e-23
-1.0517e-23
-1.40226e-23
1.07752e-23
-3.59173e-24
-7.41507e-24
-7.41507e-24
-3.85641e-24
-5.78461e-24
-2.02145e-24
-2.52681e-24
-1.86944e-24
5.34126e-25
4.55466e-24
5.69333e-24
9.79631e-24
4.89815e-24
1.59508e-23
1.06339e-23
1.16574e-23
1.16574e-23
1.93703e-23
1.93703e-23
2.89297e-23
3.61621e-23
4.91872e-23
4.09893e-23
-3.76433e-23
6.58758e-23
2.19016e-23
4.38032e-23
-1.29273e-22
7.75636e-23
-9.29355e-23
-7.74462e-23
0
-9.41525e-23
-9.2712e-23
1.85424e-22
-5.74446e-23
-1.43611e-22
0
-7.08332e-23
-1.27693e-22
-4.25644e-23
-1.22946e-24
0
0
5.17052e-24
0
0
1.76714e-23
0
-3.4404e-23
-3.50573e-23
0
1.39954e-23
1.56701e-23
0
0
-2.83732e-23
0
3.70019e-24
-1.59981e-23
0
7.69747e-24
-8.73445e-24
0
0
-7.47107e-25
0
-7.99596e-25
8.95201e-24
-0
-2.27283e-24
1.54494e-23
-0
-4.88859e-24
3.21e-23
-0
-5.30674e-24
4.57589e-23
-0
0
6.13095e-23
-0
-1.28901e-23
7.72665e-23
-0
-1.44396e-23
7.48741e-23
-0
-1.63686e-23
4.76382e-23
-0
-1.87925e-23
1.21209e-22
-0
-4.37408e-23
9.05889e-23
-0
-5.16429e-23
-5.98307e-23
-0
3.0944e-23
6.59561e-24
-0
7.52527e-23
1.44139e-22
-0
4.63233e-23
-1.04981e-22
-0
5.74172e-23
-1.21867e-23
-0
1.06223e-22
-1.00686e-22
-0
4.25613e-23
0
-6.75585e-24
6.81899e-24
-6.93373e-24
7.10288e-24
-3.66551e-24
0
-9.99136e-25
0
0
4.84269e-24
0
-1.153e-23
1.27764e-23
1.43169e-23
1.62359e-23
-5.59476e-23
0
-5.13138e-23
0
0
-1.38473e-22
-5.72787e-23
0
8.50935e-23
1.02212e-23
0
2.73149e-23
0
0
0
1.0517e-23
0
-3.59173e-24
0
7.41507e-24
0
3.85641e-24
0
3.03217e-24
0
0
-0
-4.55466e-24
-0
-1.22454e-23
-0
-1.06339e-23
-0
-2.33148e-23
-0
-2.58271e-23
-0
-2.89297e-23
-0
-4.91872e-23
-0
7.52866e-23
-0
-4.38032e-23
-0
7.75637e-23
-0
-9.29356e-23
-0
-1.12983e-22
-0
1.39068e-22
-0
2.87223e-23
-0
-1.77083e-22
-0
-8.51288e-23
-0
-1.02212e-23
3.40707e-24
-6.82872e-24
2.04861e-23
-1.3788e-23
2.41291e-23
-7.01131e-24
-3.50566e-23
-3.59173e-24
1.07752e-23
-3.70753e-24
-2.03914e-23
-3.85641e-24
-1.34974e-23
-2.52681e-24
-5.05362e-24
5.34126e-25
2.1365e-24
4.55466e-24
1.3664e-23
9.79631e-24
2.20417e-23
1.59508e-23
4.25356e-23
1.74861e-23
5.24583e-23
1.29136e-23
6.45678e-23
1.44648e-23
7.23242e-23
3.27914e-23
9.01765e-23
0
6.58758e-23
4.38032e-23
1.4236e-22
-2.58545e-23
1.03418e-22
0
-6.1957e-23
0
-7.5322e-23
4.6356e-23
1.39068e-22
8.61668e-23
-1.14889e-22
0
-1.0625e-22
-4.25644e-23
-8.51288e-23
-0
-0
-0
-0
-0
-0
-0
-0
0
0
0
0
0
0
0
0
0
0
0
0
0
0
0
0
0
)
;
    }
    baffle_master
    {
        type            calculated;
        value           nonuniform List<scalar> 
150
(
-3.22135e-32
0
6.06603e-32
1.79358e-32
0
3.03326e-32
5.94343e-32
0
1.2134e-31
1.83082e-32
0
3.03376e-32
2.42867e-31
0
1.2136e-31
-1.99757e-33
0
0
1.25156e-32
0
-1.51725e-32
1.24286e-31
0
1.2139e-31
3.45257e-32
0
-6.06998e-32
3.84826e-34
0
0
-5.1297e-35
0
3.03548e-32
-1.87073e-33
0
0
-6.05235e-33
0
0
3.14025e-35
0
0
-5.42906e-33
0
1.51824e-32
-1.05015e-32
0
0
9.34958e-32
0
6.07393e-32
1.32533e-32
0
0
4.36048e-32
0
4.55619e-32
8.34876e-33
0
1.51885e-32
2.72777e-32
0
6.07591e-32
-1.84463e-31
0
0
1.41625e-34
0
-7.59612e-33
-1.84554e-32
0
-6.07739e-32
-1.07436e-32
0
0
-1.21321e-31
1.89349e-31
-0
-3.03326e-32
5.13492e-32
-0
0
-1.83966e-31
0
0
-1.83833e-32
0
0
-1.07323e-31
-0
0
1.82892e-31
-0
0
-4.21763e-32
0
0
-1.46655e-31
0
6.06998e-32
1.25186e-31
-0
7.5881e-33
-1.03743e-32
0
3.03548e-32
-6.84392e-32
0
7.58933e-33
-1.57716e-32
0
-1.51799e-32
3.25908e-32
-0
7.59056e-33
-6.42677e-33
0
0
4.84382e-32
-0
3.03672e-32
-4.47649e-32
0
-6.07393e-32
-4.78974e-32
0
0
2.20331e-31
-0
-1.51873e-32
1.26066e-34
0
0
1.87854e-32
0
6.07591e-32
5.72138e-32
0
-1.21528e-31
1.9637e-31
0
-7.59612e-33
-1.18764e-32
0
-6.07739e-32
-5.25243e-32
-0
3.03893e-32
-2.75477e-32
-0
)
;
    }
    baffle_slave
    {
        type            calculated;
        value           nonuniform List<scalar> 
150
(
5.04477e-24
-0
-6.7431e-24
-6.52803e-24
-0
6.75585e-24
-2.33791e-24
-0
0
3.24153e-24
-0
-6.93373e-24
-1.57168e-23
-0
-7.10288e-24
-1.59926e-24
-0
3.66551e-24
9.50452e-25
-0
0
1.49452e-24
-0
9.99136e-25
7.89785e-25
0
0
-2.80628e-25
0
2.25132e-24
-1.50914e-24
0
4.84269e-24
8.19248e-25
0
-1.05152e-23
5.56981e-24
0
0
-1.79197e-24
0
-1.27764e-23
3.68174e-24
0
0
-6.61156e-24
0
-1.62359e-23
-7.9842e-23
0
-5.59476e-23
-8.29571e-24
0
2.17162e-23
-5.56174e-23
0
-7.69707e-23
-1.10401e-23
0
0
-1.11031e-23
0
-7.49037e-23
1.09507e-22
0
4.61578e-23
0
0
-5.72787e-23
-5.52337e-24
0
-7.07259e-23
3.98835e-24
0
0
-8.48177e-25
1.51343e-23
0
9.49912e-24
1.30561e-23
0
6.8841e-24
2.19976e-23
0
-2.26253e-24
1.62076e-23
0
-8.95401e-24
-1.90373e-23
0
-6.1556e-24
9.3671e-24
0
-7.86014e-24
5.70271e-24
0
-1.25288e-24
1.99269e-24
0
-1.1475e-24
5.26523e-25
0
2.40492e-24
-1.68377e-24
0
2.1855e-24
-4.52742e-24
0
4.89724e-24
-7.53708e-24
0
1.52676e-24
-7.36652e-24
0
4.48984e-24
-1.57295e-23
0
2.76892e-24
-2.01938e-23
0
1.45376e-23
-2.71422e-23
0
-3.47455e-23
-2.97273e-23
0
1.97807e-23
-3.69074e-23
0
-9.06041e-23
1.20038e-24
0
1.26653e-23
3.12003e-23
0
2.59736e-23
2.80499e-23
0
-1.13743e-22
1.00862e-22
0
-1.02146e-22
-6.61806e-23
0
1.94082e-23
7.06991e-23
0
-1.82625e-23
2.6589e-23
0
)
;
    }
}


// ************************************************************************* //
