/*--------------------------------*- C++ -*----------------------------------*\
| =========                 |                                                 |
| \\      /  F ield         | OpenFOAM: The Open Source CFD Toolbox           |
|  \\    /   O peration     | Version:  2212                                  |
|   \\  /    A nd           | Website:  www.openfoam.com                      |
|    \\/     M anipulation  |                                                 |
\*---------------------------------------------------------------------------*/
FoamFile
{
    version     2.0;
    format      ascii;
    arch        "LSB;label=32;scalar=64";
    class       volScalarField;
    location    "13/fluidRegion";
    object      hdeltaT;
}
// * * * * * * * * * * * * * * * * * * * * * * * * * * * * * * * * * * * * * //

dimensions      [1 0 -3 0 0 0 0];

internalField   nonuniform List<scalar> 
350
(
0
0
0
0
0
0
0
0
0
0
0
0
0
0
0
0
0
0
0
0
0
0
0
0
0
0
0
0
0
0
0
0
0
0
0
0
0
0
0
0
0
0
0
0
0
0
0
0
0
0
0
172009
591832
1.00165e+06
1.39463e+06
1.76426e+06
2.1044e+06
2.40944e+06
2.6743e+06
2.89458e+06
3.0666e+06
3.18742e+06
3.25495e+06
3.26796e+06
3.22617e+06
3.13026e+06
2.98198e+06
2.78418e+06
2.54098e+06
2.25791e+06
1.94196e+06
1.60171e+06
1.24665e+06
885808
524897
0
166645
591149
1.00558e+06
1.40302e+06
1.77689e+06
2.12099e+06
2.42962e+06
2.69767e+06
2.92068e+06
3.0949e+06
3.21739e+06
3.286e+06
3.2995e+06
3.25758e+06
3.1609e+06
3.01123e+06
2.81143e+06
2.56565e+06
2.27949e+06
1.96001e+06
1.61591e+06
1.25684e+06
891931
526941
0
172922
591992
1.00106e+06
1.39333e+06
1.76227e+06
2.10178e+06
2.40623e+06
2.67058e+06
2.89042e+06
3.06208e+06
3.18263e+06
3.24998e+06
3.26292e+06
3.22115e+06
3.12536e+06
2.97729e+06
2.77982e+06
2.53703e+06
2.25445e+06
1.93906e+06
1.59942e+06
1.245e+06
884816
524567
0
167816
591249
1.00462e+06
1.40105e+06
1.77395e+06
2.11714e+06
2.42495e+06
2.69227e+06
2.91465e+06
3.08837e+06
3.21048e+06
3.27885e+06
3.29224e+06
3.25035e+06
3.15385e+06
3.0045e+06
2.80516e+06
2.55998e+06
2.27453e+06
1.95586e+06
1.61265e+06
1.25449e+06
890524
526471
0
167816
591249
1.00462e+06
1.40105e+06
1.77395e+06
2.11714e+06
2.42495e+06
2.69227e+06
2.91465e+06
3.08837e+06
3.21048e+06
3.27885e+06
3.29224e+06
3.25035e+06
3.15385e+06
3.0045e+06
2.80516e+06
2.55998e+06
2.27453e+06
1.95586e+06
1.61265e+06
1.2545e+06
890524
526471
0
172922
591992
1.00106e+06
1.39333e+06
1.76227e+06
2.10178e+06
2.40623e+06
2.67058e+06
2.89042e+06
3.06208e+06
3.18263e+06
3.24998e+06
3.26292e+06
3.22115e+06
3.12536e+06
2.97729e+06
2.77982e+06
2.53703e+06
2.25445e+06
1.93906e+06
1.59942e+06
1.245e+06
884816
524567
0
166644
591150
1.00558e+06
1.40302e+06
1.77689e+06
2.12099e+06
2.42962e+06
2.69767e+06
2.92068e+06
3.0949e+06
3.21739e+06
3.286e+06
3.2995e+06
3.25758e+06
3.1609e+06
3.01123e+06
2.81143e+06
2.56565e+06
2.27949e+06
1.96001e+06
1.61591e+06
1.25684e+06
891931
526941
0
172009
591833
1.00165e+06
1.39463e+06
1.76426e+06
2.1044e+06
2.40944e+06
2.6743e+06
2.89458e+06
3.0666e+06
3.18742e+06
3.25494e+06
3.26796e+06
3.22617e+06
3.13026e+06
2.98198e+06
2.78418e+06
2.54098e+06
2.25791e+06
1.94196e+06
1.60171e+06
1.24665e+06
885808
524897
0
167816
591249
1.00462e+06
1.40105e+06
1.77395e+06
2.11714e+06
2.42495e+06
2.69227e+06
2.91465e+06
3.08837e+06
3.21048e+06
3.27885e+06
3.29224e+06
3.25035e+06
3.15385e+06
3.0045e+06
2.80516e+06
2.55998e+06
2.27453e+06
1.95586e+06
1.61265e+06
1.2545e+06
890524
526471
0
172922
591992
1.00106e+06
1.39333e+06
1.76227e+06
2.10178e+06
2.40623e+06
2.67058e+06
2.89042e+06
3.06208e+06
3.18263e+06
3.24998e+06
3.26292e+06
3.22115e+06
3.12536e+06
2.97729e+06
2.77982e+06
2.53703e+06
2.25445e+06
1.93906e+06
1.59942e+06
1.245e+06
884816
524567
0
172922
591991
1.00106e+06
1.39333e+06
1.76227e+06
2.10178e+06
2.40623e+06
2.67058e+06
2.89042e+06
3.06208e+06
3.18263e+06
3.24998e+06
3.26292e+06
3.22115e+06
3.12536e+06
2.97729e+06
2.77982e+06
2.53703e+06
2.25445e+06
1.93906e+06
1.59942e+06
1.245e+06
884816
524567
0
167816
591249
1.00462e+06
1.40105e+06
1.77395e+06
2.11714e+06
2.42495e+06
2.69227e+06
2.91465e+06
3.08837e+06
3.21048e+06
3.27885e+06
3.29224e+06
3.25035e+06
3.15385e+06
3.0045e+06
2.80516e+06
2.55998e+06
2.27453e+06
1.95586e+06
1.61265e+06
1.2545e+06
890524
526471
)
;

boundaryField
{
    outletCentralUnloaded
    {
        type            calculated;
        value           uniform 0;
    }
    inletCentralUnloaded
    {
        type            calculated;
        value           uniform 0;
    }
    outletFuelElement
    {
        type            calculated;
        value           uniform 0;
    }
    inletFuelElement
    {
        type            calculated;
        value           nonuniform List<scalar> 
12
(
2.7599e+06
2.75948e+06
2.75986e+06
2.75959e+06
2.75959e+06
2.75986e+06
2.75948e+06
2.7599e+06
2.75959e+06
2.75986e+06
2.75986e+06
2.75959e+06
)
;
    }
    defaultFaces
    {
        type            calculated;
        value           nonuniform List<scalar> 
450
(
0
0
0
0
0
0
0
0
0
0
0
0
0
0
0
0
0
0
0
0
0
0
0
0
0
0
0
0
0
0
0
0
0
386286
386286
386286
1.0702e+06
1.0702e+06
1.0702e+06
1.68897e+06
1.68897e+06
1.68897e+06
2.22388e+06
2.22388e+06
2.22388e+06
2.66056e+06
2.66056e+06
2.66056e+06
2.98976e+06
2.98976e+06
2.98976e+06
3.20804e+06
3.20804e+06
3.20804e+06
3.3184e+06
3.3184e+06
3.3184e+06
3.33086e+06
3.33086e+06
3.33086e+06
3.26273e+06
3.26273e+06
3.26273e+06
3.13865e+06
3.13865e+06
3.13865e+06
2.98928e+06
2.98928e+06
2.98928e+06
2.84796e+06
2.84796e+06
2.84796e+06
2.72056e+06
2.72056e+06
2.72056e+06
0
0
0
0
0
0
0
0
0
0
0
0
0
0
0
0
0
0
0
0
0
0
403127
403127
1.08432e+06
1.08432e+06
1.7005e+06
1.7005e+06
2.23301e+06
2.23301e+06
2.66755e+06
2.66755e+06
2.99491e+06
2.99491e+06
3.21166e+06
3.21166e+06
3.32082e+06
3.32082e+06
3.33238e+06
3.33238e+06
3.26364e+06
3.26364e+06
3.13915e+06
3.13915e+06
2.98951e+06
2.98951e+06
2.84801e+06
2.84801e+06
2.72055e+06
2.72055e+06
0
0
0
0
0
0
0
0
0
0
0
304142
1.00105e+06
1.63226e+06
2.17871e+06
2.62573e+06
2.96387e+06
3.18954e+06
3.3057e+06
3.32245e+06
3.25727e+06
3.1351e+06
2.98697e+06
2.84661e+06
2.72014e+06
0
0
0
0
0
0
0
0
0
0
0
304142
1.00105e+06
1.63226e+06
2.17871e+06
2.62573e+06
2.96387e+06
3.18954e+06
3.3057e+06
3.32245e+06
3.25727e+06
3.1351e+06
2.98697e+06
2.84661e+06
2.72014e+06
0
0
0
0
0
0
0
0
0
0
0
0
0
0
0
0
0
0
0
0
0
0
403124
403124
1.08432e+06
1.08432e+06
1.7005e+06
1.7005e+06
2.23301e+06
2.23301e+06
2.66755e+06
2.66755e+06
2.9949e+06
2.9949e+06
3.21166e+06
3.21166e+06
3.32082e+06
3.32082e+06
3.33238e+06
3.33238e+06
3.26363e+06
3.26363e+06
3.13915e+06
3.13915e+06
2.98951e+06
2.98951e+06
2.84801e+06
2.84801e+06
2.72055e+06
2.72055e+06
0
0
0
0
0
0
0
0
0
0
0
0
0
0
0
0
0
0
0
0
0
0
0
0
0
0
0
0
0
0
0
0
0
386286
386286
386286
1.0702e+06
1.0702e+06
1.0702e+06
1.68897e+06
1.68897e+06
1.68897e+06
2.22388e+06
2.22388e+06
2.22388e+06
2.66056e+06
2.66056e+06
2.66056e+06
2.98976e+06
2.98976e+06
2.98976e+06
3.20804e+06
3.20804e+06
3.20804e+06
3.3184e+06
3.3184e+06
3.3184e+06
3.33086e+06
3.33086e+06
3.33086e+06
3.26273e+06
3.26273e+06
3.26273e+06
3.13865e+06
3.13865e+06
3.13865e+06
2.98928e+06
2.98928e+06
2.98928e+06
2.84796e+06
2.84796e+06
2.84796e+06
2.72056e+06
2.72056e+06
2.72056e+06
0
0
0
0
0
0
0
0
0
0
0
304142
1.00105e+06
1.63226e+06
2.17871e+06
2.62573e+06
2.96387e+06
3.18954e+06
3.3057e+06
3.32245e+06
3.25727e+06
3.1351e+06
2.98697e+06
2.84661e+06
2.72014e+06
0
0
0
0
0
0
0
0
0
0
0
0
0
0
0
0
0
0
0
0
0
0
403128
403128
1.08433e+06
1.08433e+06
1.7005e+06
1.7005e+06
2.23302e+06
2.23302e+06
2.66755e+06
2.66755e+06
2.99491e+06
2.99491e+06
3.21166e+06
3.21166e+06
3.32082e+06
3.32082e+06
3.33238e+06
3.33238e+06
3.26364e+06
3.26364e+06
3.13915e+06
3.13915e+06
2.98951e+06
2.98951e+06
2.84801e+06
2.84801e+06
2.72055e+06
2.72055e+06
0
0
0
0
0
0
0
0
0
0
0
0
0
0
0
0
0
0
0
0
0
0
403124
403124
1.08432e+06
1.08432e+06
1.7005e+06
1.7005e+06
2.23301e+06
2.23301e+06
2.66755e+06
2.66755e+06
2.9949e+06
2.9949e+06
3.21166e+06
3.21166e+06
3.32082e+06
3.32082e+06
3.33238e+06
3.33238e+06
3.26363e+06
3.26363e+06
3.13915e+06
3.13915e+06
2.98951e+06
2.98951e+06
2.84801e+06
2.84801e+06
2.72055e+06
2.72055e+06
0
0
0
0
0
0
0
0
0
0
0
304143
1.00105e+06
1.63226e+06
2.17871e+06
2.62573e+06
2.96387e+06
3.18954e+06
3.3057e+06
3.32245e+06
3.25727e+06
3.1351e+06
2.98697e+06
2.84661e+06
2.72014e+06
)
;
    }
    baffle_master
    {
        type            calculated;
        value           uniform 0;
    }
    baffle_slave
    {
        type            calculated;
        value           nonuniform List<scalar> 
150
(
0
0
0
0
0
0
0
0
0
0
0
0
0
0
0
0
0
0
0
0
0
0
0
0
0
0
0
0
0
0
0
0
0
279704
304142
304143
980439
1.00105e+06
1.00105e+06
1.61533e+06
1.63226e+06
1.63226e+06
2.1652e+06
2.17871e+06
2.17871e+06
2.6153e+06
2.62573e+06
2.62573e+06
2.95609e+06
2.96387e+06
2.96387e+06
3.18397e+06
3.18954e+06
3.18954e+06
3.30187e+06
3.3057e+06
3.3057e+06
3.31989e+06
3.32245e+06
3.32245e+06
3.2556e+06
3.25727e+06
3.25727e+06
3.134e+06
3.1351e+06
3.1351e+06
2.98624e+06
2.98697e+06
2.98697e+06
2.84618e+06
2.84661e+06
2.84661e+06
2.71999e+06
2.72014e+06
2.72014e+06
0
0
0
0
0
0
0
0
0
0
0
0
0
0
0
0
0
0
0
0
0
0
0
0
0
0
0
0
0
0
0
0
0
304142
279705
304142
1.00105e+06
980439
1.00105e+06
1.63226e+06
1.61533e+06
1.63226e+06
2.17871e+06
2.1652e+06
2.17871e+06
2.62573e+06
2.6153e+06
2.62573e+06
2.96387e+06
2.95609e+06
2.96387e+06
3.18954e+06
3.18397e+06
3.18954e+06
3.3057e+06
3.30187e+06
3.3057e+06
3.32245e+06
3.31989e+06
3.32245e+06
3.25727e+06
3.2556e+06
3.25727e+06
3.1351e+06
3.134e+06
3.1351e+06
2.98697e+06
2.98624e+06
2.98697e+06
2.84661e+06
2.84618e+06
2.84661e+06
2.72014e+06
2.71999e+06
2.72014e+06
)
;
    }
}


// ************************************************************************* //
