/*--------------------------------*- C++ -*----------------------------------*\
| =========                 |                                                 |
| \\      /  F ield         | OpenFOAM: The Open Source CFD Toolbox           |
|  \\    /   O peration     | Version:  2212                                  |
|   \\  /    A nd           | Website:  www.openfoam.com                      |
|    \\/     M anipulation  |                                                 |
\*---------------------------------------------------------------------------*/
FoamFile
{
    version     2.0;
    format      ascii;
    arch        "LSB;label=32;scalar=64";
    class       volScalarField;
    location    "13/fluidRegion";
    object      nut;
}
// * * * * * * * * * * * * * * * * * * * * * * * * * * * * * * * * * * * * * //

dimensions      [0 2 -1 0 0 0 0];

internalField   nonuniform List<scalar> 
350
(
0.000535519
0.000535475
0.000535432
0.000535388
0.000535345
0.000535302
0.000535259
0.000535217
0.000535175
0.000535134
0.000535095
0.000535058
0.000535025
0.000534996
0.000534976
0.000534968
0.000534978
0.000535017
0.000535099
0.000535248
0.000535498
0.000535904
0.000536547
0.000537553
0.000540344
0.000535519
0.000535475
0.000535432
0.000535388
0.000535345
0.000535302
0.000535259
0.000535217
0.000535175
0.000535134
0.000535095
0.000535058
0.000535025
0.000534996
0.000534976
0.000534968
0.000534978
0.000535017
0.000535099
0.000535248
0.000535498
0.000535904
0.000536547
0.000537553
0.000540344
0.00509977
0.00506229
0.00500107
0.0049043
0.00477382
0.00461195
0.0044214
0.00420526
0.00396697
0.00371027
0.00343921
0.00315803
0.00287112
0.00258293
0.00229784
0.00202008
0.00175365
0.00150231
0.00126954
0.0010586
0.000872521
0.000714012
0.000585123
0.000486832
0.000416135
0.00512381
0.00508659
0.0050256
0.00492875
0.00479794
0.00463549
0.00444412
0.00422693
0.00398738
0.00372924
0.00345658
0.00317369
0.002885
0.00259499
0.00230809
0.00202857
0.00176048
0.00150761
0.00127346
0.00106133
0.000874276
0.000715014
0.000585601
0.000487004
0.000416187
0.00509577
0.00505826
0.00499704
0.00490029
0.00476987
0.00460811
0.0044177
0.00420174
0.00396366
0.0037072
0.0034364
0.00315549
0.00286888
0.00258098
0.00229618
0.0020187
0.00175253
0.00150143
0.00126888
0.00105812
0.000872196
0.000713805
0.000585003
0.000486774
0.000416124
0.0051185
0.00508121
0.00502015
0.00492331
0.00479256
0.00463023
0.00443903
0.00422206
0.00398278
0.00372496
0.00345266
0.00317015
0.00288186
0.00259225
0.00230576
0.00202664
0.00175893
0.0015064
0.00127257
0.00106071
0.00087388
0.000714789
0.000585497
0.000486968
0.000416176
0.0051185
0.00508121
0.00502015
0.00492331
0.00479256
0.00463023
0.00443903
0.00422206
0.00398278
0.00372496
0.00345266
0.00317015
0.00288186
0.00259225
0.00230576
0.00202664
0.00175893
0.0015064
0.00127257
0.00106071
0.00087388
0.000714789
0.000585497
0.000486968
0.000416176
0.00509577
0.00505826
0.00499704
0.00490029
0.00476987
0.00460811
0.00441771
0.00420174
0.00396366
0.0037072
0.0034364
0.0031555
0.00286888
0.00258098
0.00229618
0.0020187
0.00175253
0.00150143
0.00126888
0.00105812
0.000872195
0.000713805
0.000585003
0.000486774
0.000416124
0.00512381
0.00508659
0.0050256
0.00492875
0.00479794
0.00463549
0.00444412
0.00422693
0.00398737
0.00372924
0.00345658
0.00317369
0.002885
0.00259499
0.00230809
0.00202857
0.00176048
0.00150761
0.00127346
0.00106133
0.000874277
0.000715014
0.000585601
0.000487004
0.000416187
0.00509977
0.00506229
0.00500107
0.0049043
0.00477382
0.00461195
0.0044214
0.00420526
0.00396697
0.00371027
0.00343921
0.00315803
0.00287112
0.00258293
0.00229784
0.00202008
0.00175365
0.00150231
0.00126954
0.0010586
0.000872521
0.000714012
0.000585123
0.000486832
0.000416134
0.0051185
0.00508121
0.00502015
0.0049233
0.00479256
0.00463023
0.00443903
0.00422206
0.00398278
0.00372496
0.00345266
0.00317015
0.00288186
0.00259225
0.00230576
0.00202664
0.00175893
0.0015064
0.00127257
0.00106071
0.00087388
0.000714789
0.000585497
0.000486968
0.000416176
0.00509577
0.00505826
0.00499704
0.00490029
0.00476987
0.00460811
0.0044177
0.00420174
0.00396366
0.0037072
0.0034364
0.00315549
0.00286888
0.00258098
0.00229618
0.0020187
0.00175253
0.00150143
0.00126888
0.00105812
0.000872195
0.000713805
0.000585003
0.000486774
0.000416124
0.00509577
0.00505826
0.00499704
0.00490029
0.00476987
0.00460811
0.00441771
0.00420174
0.00396366
0.0037072
0.0034364
0.0031555
0.00286888
0.00258098
0.00229618
0.0020187
0.00175253
0.00150143
0.00126888
0.00105812
0.000872195
0.000713805
0.000585003
0.000486773
0.000416124
0.0051185
0.00508121
0.00502015
0.00492331
0.00479256
0.00463023
0.00443903
0.00422206
0.00398278
0.00372496
0.00345266
0.00317015
0.00288186
0.00259225
0.00230576
0.00202664
0.00175893
0.0015064
0.00127257
0.00106071
0.00087388
0.000714789
0.000585496
0.000486968
0.000416175
)
;

boundaryField
{
    outletCentralUnloaded
    {
        type            zeroGradient;
    }
    inletCentralUnloaded
    {
        type            zeroGradient;
    }
    outletFuelElement
    {
        type            zeroGradient;
    }
    inletFuelElement
    {
        type            zeroGradient;
    }
    defaultFaces
    {
        type            zeroGradient;
    }
    baffle_master
    {
        type            calculated;
        value           nonuniform List<scalar> 
150
(
0.000535519
0.000535519
0.000535519
0.000535475
0.000535475
0.000535475
0.000535432
0.000535432
0.000535432
0.000535388
0.000535388
0.000535388
0.000535345
0.000535345
0.000535345
0.000535302
0.000535302
0.000535302
0.000535259
0.000535259
0.000535259
0.000535217
0.000535217
0.000535217
0.000535175
0.000535175
0.000535175
0.000535134
0.000535134
0.000535134
0.000535095
0.000535095
0.000535095
0.000535058
0.000535058
0.000535058
0.000535025
0.000535025
0.000535025
0.000534996
0.000534996
0.000534996
0.000534976
0.000534976
0.000534976
0.000534968
0.000534968
0.000534968
0.000534978
0.000534978
0.000534978
0.000535017
0.000535017
0.000535017
0.000535099
0.000535099
0.000535099
0.000535248
0.000535248
0.000535248
0.000535498
0.000535498
0.000535498
0.000535904
0.000535904
0.000535904
0.000536547
0.000536547
0.000536547
0.000537553
0.000537553
0.000537553
0.000540344
0.000540344
0.000540344
0.000535519
0.000535519
0.000535519
0.000535475
0.000535475
0.000535475
0.000535432
0.000535432
0.000535432
0.000535388
0.000535388
0.000535388
0.000535345
0.000535345
0.000535345
0.000535302
0.000535302
0.000535302
0.000535259
0.000535259
0.000535259
0.000535217
0.000535217
0.000535217
0.000535175
0.000535175
0.000535175
0.000535134
0.000535134
0.000535134
0.000535095
0.000535095
0.000535095
0.000535058
0.000535058
0.000535058
0.000535025
0.000535025
0.000535025
0.000534996
0.000534996
0.000534996
0.000534976
0.000534976
0.000534976
0.000534968
0.000534968
0.000534968
0.000534978
0.000534978
0.000534978
0.000535017
0.000535017
0.000535017
0.000535099
0.000535099
0.000535099
0.000535248
0.000535248
0.000535248
0.000535498
0.000535498
0.000535498
0.000535904
0.000535904
0.000535904
0.000536547
0.000536547
0.000536547
0.000537553
0.000537553
0.000537553
0.000540344
0.000540344
0.000540344
)
;
    }
    baffle_slave
    {
        type            calculated;
        value           nonuniform List<scalar> 
150
(
0.00512381
0.0051185
0.0051185
0.00508659
0.00508121
0.00508121
0.0050256
0.00502015
0.00502015
0.00492875
0.00492331
0.00492331
0.00479794
0.00479256
0.00479256
0.00463549
0.00463023
0.00463023
0.00444412
0.00443903
0.00443903
0.00422693
0.00422206
0.00422206
0.00398738
0.00398278
0.00398278
0.00372924
0.00372496
0.00372496
0.00345658
0.00345266
0.00345266
0.00317369
0.00317015
0.00317015
0.002885
0.00288186
0.00288186
0.00259499
0.00259225
0.00259225
0.00230809
0.00230576
0.00230576
0.00202857
0.00202664
0.00202664
0.00176048
0.00175893
0.00175893
0.00150761
0.0015064
0.0015064
0.00127346
0.00127257
0.00127257
0.00106133
0.00106071
0.00106071
0.000874276
0.00087388
0.00087388
0.000715014
0.000714789
0.000714789
0.000585601
0.000585497
0.000585496
0.000487004
0.000486968
0.000486968
0.000416187
0.000416176
0.000416175
0.0051185
0.00512381
0.0051185
0.00508121
0.00508659
0.00508121
0.00502015
0.0050256
0.00502015
0.00492331
0.00492875
0.0049233
0.00479256
0.00479794
0.00479256
0.00463023
0.00463549
0.00463023
0.00443903
0.00444412
0.00443903
0.00422206
0.00422693
0.00422206
0.00398278
0.00398737
0.00398278
0.00372496
0.00372924
0.00372496
0.00345266
0.00345658
0.00345266
0.00317015
0.00317369
0.00317015
0.00288186
0.002885
0.00288186
0.00259225
0.00259499
0.00259225
0.00230576
0.00230809
0.00230576
0.00202664
0.00202857
0.00202664
0.00175893
0.00176048
0.00175893
0.0015064
0.00150761
0.0015064
0.00127257
0.00127346
0.00127257
0.00106071
0.00106133
0.00106071
0.00087388
0.000874277
0.00087388
0.000714789
0.000715014
0.000714789
0.000585497
0.000585601
0.000585497
0.000486968
0.000487004
0.000486968
0.000416176
0.000416187
0.000416176
)
;
    }
}


// ************************************************************************* //
