/*--------------------------------*- C++ -*----------------------------------*\
| =========                 |                                                 |
| \\      /  F ield         | OpenFOAM: The Open Source CFD Toolbox           |
|  \\    /   O peration     | Version:  2212                                  |
|   \\  /    A nd           | Website:  www.openfoam.com                      |
|    \\/     M anipulation  |                                                 |
\*---------------------------------------------------------------------------*/
FoamFile
{
    version     2.0;
    format      ascii;
    arch        "LSB;label=32;scalar=64";
    class       volScalarField;
    location    "10/neutroRegion";
    object      flux0;
}
// * * * * * * * * * * * * * * * * * * * * * * * * * * * * * * * * * * * * * //

dimensions      [0 -2 -1 0 0 0 0];

internalField   nonuniform List<scalar> 
350
(
9.85271e+18
2.94028e+19
4.8489e+19
6.68106e+19
8.40785e+19
1.0002e+20
1.14385e+20
1.26945e+20
1.37504e+20
1.45894e+20
1.51983e+20
1.55675e+20
1.56913e+20
1.55675e+20
1.51983e+20
1.45894e+20
1.37504e+20
1.26945e+20
1.14385e+20
1.0002e+20
8.40785e+19
6.68106e+19
4.8489e+19
2.94028e+19
9.85271e+18
9.85271e+18
2.94028e+19
4.8489e+19
6.68106e+19
8.40785e+19
1.0002e+20
1.14385e+20
1.26945e+20
1.37504e+20
1.45894e+20
1.51983e+20
1.55675e+20
1.56913e+20
1.55675e+20
1.51983e+20
1.45894e+20
1.37504e+20
1.26945e+20
1.14385e+20
1.0002e+20
8.40785e+19
6.68106e+19
4.8489e+19
2.94028e+19
9.85271e+18
9.95477e+18
2.97073e+19
4.89913e+19
6.75027e+19
8.49494e+19
1.01056e+20
1.1557e+20
1.2826e+20
1.38928e+20
1.47405e+20
1.53557e+20
1.57288e+20
1.58538e+20
1.57288e+20
1.53557e+20
1.47405e+20
1.38928e+20
1.2826e+20
1.1557e+20
1.01056e+20
8.49494e+19
6.75027e+19
4.89913e+19
2.97073e+19
9.95477e+18
9.94186e+18
2.96688e+19
4.89278e+19
6.74152e+19
8.48393e+19
1.00925e+20
1.1542e+20
1.28094e+20
1.38748e+20
1.47214e+20
1.53358e+20
1.57084e+20
1.58332e+20
1.57084e+20
1.53358e+20
1.47214e+20
1.38748e+20
1.28094e+20
1.1542e+20
1.00925e+20
8.48393e+19
6.74152e+19
4.89278e+19
2.96688e+19
9.94186e+18
9.9571e+18
2.97143e+19
4.90028e+19
6.75184e+19
8.49693e+19
1.0108e+20
1.15597e+20
1.2829e+20
1.38961e+20
1.47439e+20
1.53593e+20
1.57325e+20
1.58575e+20
1.57325e+20
1.53593e+20
1.47439e+20
1.38961e+20
1.2829e+20
1.15597e+20
1.0108e+20
8.49693e+19
6.75184e+19
4.90028e+19
2.97143e+19
9.95709e+18
9.94502e+18
2.96782e+19
4.89433e+19
6.74365e+19
8.48662e+19
1.00957e+20
1.15456e+20
1.28135e+20
1.38792e+20
1.47261e+20
1.53407e+20
1.57134e+20
1.58383e+20
1.57134e+20
1.53407e+20
1.47261e+20
1.38792e+20
1.28135e+20
1.15456e+20
1.00957e+20
8.48662e+19
6.74365e+19
4.89433e+19
2.96782e+19
9.94502e+18
9.94502e+18
2.96782e+19
4.89433e+19
6.74365e+19
8.48662e+19
1.00957e+20
1.15456e+20
1.28135e+20
1.38792e+20
1.47261e+20
1.53407e+20
1.57134e+20
1.58383e+20
1.57134e+20
1.53407e+20
1.47261e+20
1.38792e+20
1.28135e+20
1.15456e+20
1.00957e+20
8.48662e+19
6.74365e+19
4.89433e+19
2.96782e+19
9.94502e+18
9.95709e+18
2.97143e+19
4.90028e+19
6.75184e+19
8.49692e+19
1.0108e+20
1.15597e+20
1.2829e+20
1.38961e+20
1.47439e+20
1.53593e+20
1.57325e+20
1.58575e+20
1.57325e+20
1.53593e+20
1.47439e+20
1.38961e+20
1.2829e+20
1.15597e+20
1.0108e+20
8.49692e+19
6.75184e+19
4.90028e+19
2.97143e+19
9.95709e+18
9.94186e+18
2.96688e+19
4.89278e+19
6.74152e+19
8.48393e+19
1.00925e+20
1.1542e+20
1.28094e+20
1.38748e+20
1.47214e+20
1.53358e+20
1.57084e+20
1.58332e+20
1.57084e+20
1.53358e+20
1.47214e+20
1.38748e+20
1.28094e+20
1.1542e+20
1.00925e+20
8.48393e+19
6.74152e+19
4.89278e+19
2.96688e+19
9.94186e+18
9.95477e+18
2.97073e+19
4.89913e+19
6.75027e+19
8.49494e+19
1.01056e+20
1.1557e+20
1.2826e+20
1.38928e+20
1.47405e+20
1.53557e+20
1.57288e+20
1.58538e+20
1.57288e+20
1.53557e+20
1.47405e+20
1.38928e+20
1.2826e+20
1.1557e+20
1.01056e+20
8.49494e+19
6.75027e+19
4.89913e+19
2.97073e+19
9.95477e+18
9.94502e+18
2.96782e+19
4.89433e+19
6.74365e+19
8.48662e+19
1.00957e+20
1.15456e+20
1.28135e+20
1.38792e+20
1.47261e+20
1.53407e+20
1.57134e+20
1.58383e+20
1.57134e+20
1.53407e+20
1.47261e+20
1.38792e+20
1.28135e+20
1.15456e+20
1.00957e+20
8.48662e+19
6.74365e+19
4.89433e+19
2.96782e+19
9.94501e+18
9.95709e+18
2.97143e+19
4.90028e+19
6.75184e+19
8.49692e+19
1.0108e+20
1.15597e+20
1.2829e+20
1.38961e+20
1.47439e+20
1.53593e+20
1.57325e+20
1.58575e+20
1.57325e+20
1.53593e+20
1.47439e+20
1.38961e+20
1.2829e+20
1.15597e+20
1.0108e+20
8.49693e+19
6.75184e+19
4.90028e+19
2.97143e+19
9.95709e+18
9.9571e+18
2.97143e+19
4.90028e+19
6.75184e+19
8.49692e+19
1.0108e+20
1.15597e+20
1.2829e+20
1.38961e+20
1.47439e+20
1.53593e+20
1.57325e+20
1.58575e+20
1.57325e+20
1.53593e+20
1.47439e+20
1.38961e+20
1.2829e+20
1.15597e+20
1.0108e+20
8.49693e+19
6.75184e+19
4.90028e+19
2.97143e+19
9.9571e+18
9.94502e+18
2.96782e+19
4.89433e+19
6.74365e+19
8.48662e+19
1.00957e+20
1.15456e+20
1.28135e+20
1.38792e+20
1.47261e+20
1.53407e+20
1.57134e+20
1.58383e+20
1.57134e+20
1.53407e+20
1.47261e+20
1.38792e+20
1.28135e+20
1.15456e+20
1.00957e+20
8.48662e+19
6.74365e+19
4.89433e+19
2.96782e+19
9.94502e+18
)
;

boundaryField
{
    outletCentralUnloaded
    {
        type            fixedValue;
        value           uniform 0;
    }
    inletCentralUnloaded
    {
        type            fixedValue;
        value           uniform 0;
    }
    outletFuelElement
    {
        type            fixedValue;
        value           uniform 0;
    }
    inletFuelElement
    {
        type            fixedValue;
        value           uniform 0;
    }
    defaultFaces
    {
        type            zeroGradient;
    }
}


// ************************************************************************* //
