/*--------------------------------*- C++ -*----------------------------------*\
| =========                 |                                                 |
| \\      /  F ield         | OpenFOAM: The Open Source CFD Toolbox           |
|  \\    /   O peration     | Version:  2212                                  |
|   \\  /    A nd           | Website:  www.openfoam.com                      |
|    \\/     M anipulation  |                                                 |
\*---------------------------------------------------------------------------*/
FoamFile
{
    version     2.0;
    format      ascii;
    arch        "LSB;label=32;scalar=64";
    class       volScalarField;
    location    "10/neutroRegion";
    object      fluxStar0;
}
// * * * * * * * * * * * * * * * * * * * * * * * * * * * * * * * * * * * * * //

dimensions      [0 -2 -1 0 0 0 0];

internalField   nonuniform List<scalar> 
350
(
9.87143e+18
2.94586e+19
4.85812e+19
6.69376e+19
8.42383e+19
1.0021e+20
1.14602e+20
1.27187e+20
1.37765e+20
1.46171e+20
1.52272e+20
1.55971e+20
1.57211e+20
1.55971e+20
1.52272e+20
1.46171e+20
1.37765e+20
1.27187e+20
1.14602e+20
1.0021e+20
8.42383e+19
6.69376e+19
4.85812e+19
2.94586e+19
9.87143e+18
9.87143e+18
2.94586e+19
4.85812e+19
6.69376e+19
8.42383e+19
1.0021e+20
1.14602e+20
1.27187e+20
1.37765e+20
1.46171e+20
1.52272e+20
1.55971e+20
1.57211e+20
1.55971e+20
1.52272e+20
1.46171e+20
1.37765e+20
1.27187e+20
1.14602e+20
1.0021e+20
8.42383e+19
6.69376e+19
4.85812e+19
2.94586e+19
9.87143e+18
9.9195e+18
2.96021e+19
4.88178e+19
6.72635e+19
8.46485e+19
1.00698e+20
1.1516e+20
1.27806e+20
1.38436e+20
1.46883e+20
1.53013e+20
1.56731e+20
1.57976e+20
1.56731e+20
1.53013e+20
1.46883e+20
1.38436e+20
1.27806e+20
1.1516e+20
1.00698e+20
8.46485e+19
6.72635e+19
4.88178e+19
2.96021e+19
9.9195e+18
9.91303e+18
2.95827e+19
4.87859e+19
6.72196e+19
8.45932e+19
1.00633e+20
1.15085e+20
1.27722e+20
1.38346e+20
1.46787e+20
1.52913e+20
1.56628e+20
1.57873e+20
1.56628e+20
1.52913e+20
1.46787e+20
1.38346e+20
1.27722e+20
1.15085e+20
1.00633e+20
8.45932e+19
6.72196e+19
4.87859e+19
2.95827e+19
9.91303e+18
9.9206e+18
2.96054e+19
4.88232e+19
6.7271e+19
8.46578e+19
1.0071e+20
1.15173e+20
1.2782e+20
1.38451e+20
1.46899e+20
1.5303e+20
1.56748e+20
1.57994e+20
1.56748e+20
1.5303e+20
1.46899e+20
1.38451e+20
1.2782e+20
1.15173e+20
1.0071e+20
8.46578e+19
6.7271e+19
4.88232e+19
2.96054e+19
9.9206e+18
9.91449e+18
2.95871e+19
4.87931e+19
6.72296e+19
8.46057e+19
1.00648e+20
1.15102e+20
1.27741e+20
1.38366e+20
1.46809e+20
1.52936e+20
1.56651e+20
1.57896e+20
1.56651e+20
1.52936e+20
1.46809e+20
1.38366e+20
1.27741e+20
1.15102e+20
1.00648e+20
8.46057e+19
6.72296e+19
4.87931e+19
2.95871e+19
9.91449e+18
9.91449e+18
2.95871e+19
4.87931e+19
6.72296e+19
8.46057e+19
1.00648e+20
1.15102e+20
1.27741e+20
1.38366e+20
1.46809e+20
1.52936e+20
1.56651e+20
1.57896e+20
1.56651e+20
1.52936e+20
1.46809e+20
1.38366e+20
1.27741e+20
1.15102e+20
1.00648e+20
8.46057e+19
6.72296e+19
4.87931e+19
2.95871e+19
9.91449e+18
9.9206e+18
2.96054e+19
4.88232e+19
6.7271e+19
8.46578e+19
1.0071e+20
1.15173e+20
1.2782e+20
1.38451e+20
1.46899e+20
1.5303e+20
1.56748e+20
1.57994e+20
1.56748e+20
1.5303e+20
1.46899e+20
1.38451e+20
1.2782e+20
1.15173e+20
1.0071e+20
8.46578e+19
6.7271e+19
4.88232e+19
2.96054e+19
9.9206e+18
9.91302e+18
2.95827e+19
4.87859e+19
6.72196e+19
8.45932e+19
1.00633e+20
1.15085e+20
1.27722e+20
1.38346e+20
1.46787e+20
1.52913e+20
1.56628e+20
1.57873e+20
1.56628e+20
1.52913e+20
1.46787e+20
1.38346e+20
1.27722e+20
1.15085e+20
1.00633e+20
8.45932e+19
6.72196e+19
4.87859e+19
2.95827e+19
9.91302e+18
9.9195e+18
2.96021e+19
4.88177e+19
6.72635e+19
8.46485e+19
1.00698e+20
1.1516e+20
1.27806e+20
1.38436e+20
1.46883e+20
1.53013e+20
1.56731e+20
1.57976e+20
1.56731e+20
1.53013e+20
1.46883e+20
1.38436e+20
1.27806e+20
1.1516e+20
1.00698e+20
8.46485e+19
6.72635e+19
4.88177e+19
2.96021e+19
9.9195e+18
9.91449e+18
2.95871e+19
4.87931e+19
6.72296e+19
8.46057e+19
1.00648e+20
1.15102e+20
1.27741e+20
1.38366e+20
1.46809e+20
1.52936e+20
1.56651e+20
1.57896e+20
1.56651e+20
1.52936e+20
1.46809e+20
1.38366e+20
1.27741e+20
1.15102e+20
1.00648e+20
8.46057e+19
6.72296e+19
4.87931e+19
2.95871e+19
9.91449e+18
9.9206e+18
2.96054e+19
4.88232e+19
6.7271e+19
8.46578e+19
1.0071e+20
1.15173e+20
1.2782e+20
1.38451e+20
1.46899e+20
1.5303e+20
1.56748e+20
1.57994e+20
1.56748e+20
1.5303e+20
1.46899e+20
1.38451e+20
1.2782e+20
1.15173e+20
1.0071e+20
8.46578e+19
6.7271e+19
4.88232e+19
2.96054e+19
9.9206e+18
9.9206e+18
2.96054e+19
4.88232e+19
6.7271e+19
8.46578e+19
1.0071e+20
1.15173e+20
1.2782e+20
1.38451e+20
1.46899e+20
1.5303e+20
1.56748e+20
1.57994e+20
1.56748e+20
1.5303e+20
1.46899e+20
1.38451e+20
1.2782e+20
1.15173e+20
1.0071e+20
8.46578e+19
6.7271e+19
4.88232e+19
2.96054e+19
9.9206e+18
9.91449e+18
2.95871e+19
4.87931e+19
6.72296e+19
8.46057e+19
1.00648e+20
1.15102e+20
1.27741e+20
1.38366e+20
1.46809e+20
1.52936e+20
1.56651e+20
1.57896e+20
1.56651e+20
1.52936e+20
1.46809e+20
1.38366e+20
1.27741e+20
1.15102e+20
1.00648e+20
8.46057e+19
6.72296e+19
4.87931e+19
2.95871e+19
9.9145e+18
)
;

boundaryField
{
    outletCentralUnloaded
    {
        type            fixedValue;
        value           uniform 0;
    }
    inletCentralUnloaded
    {
        type            fixedValue;
        value           uniform 0;
    }
    outletFuelElement
    {
        type            fixedValue;
        value           uniform 0;
    }
    inletFuelElement
    {
        type            fixedValue;
        value           uniform 0;
    }
    defaultFaces
    {
        type            zeroGradient;
    }
}


// ************************************************************************* //
