/*--------------------------------*- C++ -*----------------------------------*\
| =========                 |                                                 |
| \\      /  F ield         | OpenFOAM: The Open Source CFD Toolbox           |
|  \\    /   O peration     | Version:  2212                                  |
|   \\  /    A nd           | Website:  www.openfoam.com                      |
|    \\/     M anipulation  |                                                 |
\*---------------------------------------------------------------------------*/
FoamFile
{
    version     2.0;
    format      ascii;
    arch        "LSB;label=32;scalar=64";
    class       volScalarField;
    location    "10/neutroRegion";
    object      oneGroupFlux;
}
// * * * * * * * * * * * * * * * * * * * * * * * * * * * * * * * * * * * * * //

dimensions      [0 -2 -1 0 0 0 0];

internalField   nonuniform List<scalar> 
350
(
1.04637e+19
3.12261e+19
5.14959e+19
7.09537e+19
8.92924e+19
1.06223e+20
1.21478e+20
1.34817e+20
1.46031e+20
1.54941e+20
1.61408e+20
1.65329e+20
1.66643e+20
1.65329e+20
1.61408e+20
1.54941e+20
1.46031e+20
1.34817e+20
1.21478e+20
1.06223e+20
8.92924e+19
7.09537e+19
5.14959e+19
3.12261e+19
1.04637e+19
1.04637e+19
3.12261e+19
5.14959e+19
7.09537e+19
8.92923e+19
1.06223e+20
1.21478e+20
1.34817e+20
1.46031e+20
1.54941e+20
1.61408e+20
1.65329e+20
1.66643e+20
1.65329e+20
1.61408e+20
1.54941e+20
1.46031e+20
1.34817e+20
1.21478e+20
1.06223e+20
8.92923e+19
7.09537e+19
5.14959e+19
3.12261e+19
1.04637e+19
1.04694e+19
3.12432e+19
5.15241e+19
7.09925e+19
8.93412e+19
1.06281e+20
1.21544e+20
1.34891e+20
1.46111e+20
1.55026e+20
1.61496e+20
1.65419e+20
1.66734e+20
1.65419e+20
1.61496e+20
1.55026e+20
1.46111e+20
1.34891e+20
1.21544e+20
1.06281e+20
8.93412e+19
7.09925e+19
5.15241e+19
3.12432e+19
1.04694e+19
1.04684e+19
3.12402e+19
5.15193e+19
7.09858e+19
8.93328e+19
1.06271e+20
1.21533e+20
1.34878e+20
1.46097e+20
1.55011e+20
1.61481e+20
1.65404e+20
1.66718e+20
1.65404e+20
1.61481e+20
1.55011e+20
1.46097e+20
1.34878e+20
1.21533e+20
1.06271e+20
8.93328e+19
7.09858e+19
5.15193e+19
3.12402e+19
1.04684e+19
1.04698e+19
3.12444e+19
5.15262e+19
7.09953e+19
8.93447e+19
1.06285e+20
1.21549e+20
1.34896e+20
1.46116e+20
1.55032e+20
1.61502e+20
1.65426e+20
1.66741e+20
1.65426e+20
1.61502e+20
1.55032e+20
1.46116e+20
1.34896e+20
1.21549e+20
1.06285e+20
8.93447e+19
7.09953e+19
5.15261e+19
3.12444e+19
1.04698e+19
1.04688e+19
3.12414e+19
5.15212e+19
7.09885e+19
8.93362e+19
1.06275e+20
1.21538e+20
1.34884e+20
1.46102e+20
1.55017e+20
1.61487e+20
1.6541e+20
1.66725e+20
1.6541e+20
1.61487e+20
1.55017e+20
1.46102e+20
1.34884e+20
1.21538e+20
1.06275e+20
8.93362e+19
7.09885e+19
5.15212e+19
3.12414e+19
1.04688e+19
1.04688e+19
3.12414e+19
5.15212e+19
7.09885e+19
8.93362e+19
1.06275e+20
1.21538e+20
1.34884e+20
1.46102e+20
1.55017e+20
1.61487e+20
1.6541e+20
1.66725e+20
1.6541e+20
1.61487e+20
1.55017e+20
1.46102e+20
1.34884e+20
1.21538e+20
1.06275e+20
8.93362e+19
7.09885e+19
5.15212e+19
3.12414e+19
1.04688e+19
1.04698e+19
3.12444e+19
5.15261e+19
7.09953e+19
8.93447e+19
1.06285e+20
1.21549e+20
1.34897e+20
1.46116e+20
1.55032e+20
1.61502e+20
1.65426e+20
1.66741e+20
1.65426e+20
1.61502e+20
1.55032e+20
1.46116e+20
1.34896e+20
1.21549e+20
1.06285e+20
8.93447e+19
7.09953e+19
5.15261e+19
3.12444e+19
1.04698e+19
1.04684e+19
3.12402e+19
5.15193e+19
7.09858e+19
8.93328e+19
1.06271e+20
1.21533e+20
1.34878e+20
1.46097e+20
1.55011e+20
1.61481e+20
1.65404e+20
1.66718e+20
1.65404e+20
1.61481e+20
1.55011e+20
1.46097e+20
1.34878e+20
1.21533e+20
1.06271e+20
8.93328e+19
7.09858e+19
5.15193e+19
3.12402e+19
1.04684e+19
1.04694e+19
3.12432e+19
5.15241e+19
7.09925e+19
8.93412e+19
1.06281e+20
1.21544e+20
1.34891e+20
1.46111e+20
1.55026e+20
1.61496e+20
1.65419e+20
1.66734e+20
1.65419e+20
1.61496e+20
1.55026e+20
1.46111e+20
1.34891e+20
1.21544e+20
1.06281e+20
8.93412e+19
7.09925e+19
5.15241e+19
3.12432e+19
1.04694e+19
1.04688e+19
3.12414e+19
5.15212e+19
7.09885e+19
8.93362e+19
1.06275e+20
1.21538e+20
1.34884e+20
1.46102e+20
1.55017e+20
1.61487e+20
1.6541e+20
1.66725e+20
1.6541e+20
1.61487e+20
1.55017e+20
1.46102e+20
1.34884e+20
1.21538e+20
1.06275e+20
8.93362e+19
7.09885e+19
5.15212e+19
3.12414e+19
1.04688e+19
1.04698e+19
3.12444e+19
5.15261e+19
7.09953e+19
8.93447e+19
1.06285e+20
1.21549e+20
1.34896e+20
1.46116e+20
1.55032e+20
1.61502e+20
1.65426e+20
1.66741e+20
1.65426e+20
1.61502e+20
1.55032e+20
1.46116e+20
1.34896e+20
1.21549e+20
1.06285e+20
8.93447e+19
7.09953e+19
5.15261e+19
3.12444e+19
1.04698e+19
1.04698e+19
3.12444e+19
5.15261e+19
7.09953e+19
8.93447e+19
1.06285e+20
1.21549e+20
1.34896e+20
1.46116e+20
1.55032e+20
1.61502e+20
1.65426e+20
1.66741e+20
1.65426e+20
1.61502e+20
1.55032e+20
1.46116e+20
1.34896e+20
1.21549e+20
1.06285e+20
8.93447e+19
7.09953e+19
5.15261e+19
3.12444e+19
1.04698e+19
1.04688e+19
3.12414e+19
5.15212e+19
7.09885e+19
8.93362e+19
1.06275e+20
1.21538e+20
1.34884e+20
1.46102e+20
1.55017e+20
1.61487e+20
1.6541e+20
1.66725e+20
1.6541e+20
1.61487e+20
1.55017e+20
1.46102e+20
1.34884e+20
1.21538e+20
1.06275e+20
8.93362e+19
7.09885e+19
5.15212e+19
3.12414e+19
1.04688e+19
)
;

boundaryField
{
    outletCentralUnloaded
    {
        type            fixedValue;
        value           uniform 0;
    }
    inletCentralUnloaded
    {
        type            fixedValue;
        value           uniform 0;
    }
    outletFuelElement
    {
        type            fixedValue;
        value           uniform 0;
    }
    inletFuelElement
    {
        type            fixedValue;
        value           uniform 0;
    }
    defaultFaces
    {
        type            zeroGradient;
    }
}


// ************************************************************************* //
