/*--------------------------------*- C++ -*----------------------------------*\
| =========                 |                                                 |
| \\      /  F ield         | OpenFOAM: The Open Source CFD Toolbox           |
|  \\    /   O peration     | Version:  2212                                  |
|   \\  /    A nd           | Website:  www.openfoam.com                      |
|    \\/     M anipulation  |                                                 |
\*---------------------------------------------------------------------------*/
FoamFile
{
    version     2.0;
    format      ascii;
    arch        "LSB;label=32;scalar=64";
    class       volScalarField;
    location    "10/neutroRegion";
    object      powerDensity;
}
// * * * * * * * * * * * * * * * * * * * * * * * * * * * * * * * * * * * * * //

dimensions      [1 -1 -3 0 0 0 0];

internalField   nonuniform List<scalar> 
350
(
0
0
0
0
0
0
0
0
0
0
0
0
0
0
0
0
0
0
0
0
0
0
0
0
0
0
0
0
0
0
0
0
0
0
0
0
0
0
0
0
0
0
0
0
0
0
0
0
0
0
2.1741e+08
6.488e+08
1.06996e+09
1.47424e+09
1.85527e+09
2.20705e+09
2.52401e+09
2.80117e+09
3.03415e+09
3.21929e+09
3.35365e+09
3.43513e+09
3.46243e+09
3.43513e+09
3.35365e+09
3.21929e+09
3.03415e+09
2.80117e+09
2.52401e+09
2.20705e+09
1.85527e+09
1.47424e+09
1.06996e+09
6.488e+08
2.1741e+08
2.199e+08
6.56232e+08
1.08221e+09
1.49113e+09
1.87653e+09
2.23233e+09
2.55292e+09
2.83326e+09
3.06891e+09
3.25616e+09
3.39207e+09
3.47447e+09
3.50209e+09
3.47447e+09
3.39207e+09
3.25616e+09
3.06891e+09
2.83326e+09
2.55292e+09
2.23233e+09
1.87653e+09
1.49113e+09
1.08221e+09
6.56232e+08
2.199e+08
2.17013e+08
6.47617e+08
1.06801e+09
1.47155e+09
1.85189e+09
2.20302e+09
2.51941e+09
2.79606e+09
3.02862e+09
3.21342e+09
3.34753e+09
3.42886e+09
3.45611e+09
3.42886e+09
3.34753e+09
3.21342e+09
3.02862e+09
2.79606e+09
2.51941e+09
2.20302e+09
1.85189e+09
1.47155e+09
1.06801e+09
6.47617e+08
2.17013e+08
2.19327e+08
6.54521e+08
1.07939e+09
1.48724e+09
1.87163e+09
2.22651e+09
2.54627e+09
2.82587e+09
3.06091e+09
3.24768e+09
3.38322e+09
3.46542e+09
3.49296e+09
3.46542e+09
3.38322e+09
3.24768e+09
3.06091e+09
2.82587e+09
2.54627e+09
2.22651e+09
1.87163e+09
1.48724e+09
1.07939e+09
6.54521e+08
2.19327e+08
2.19327e+08
6.54521e+08
1.07939e+09
1.48724e+09
1.87163e+09
2.22651e+09
2.54627e+09
2.82587e+09
3.06091e+09
3.24768e+09
3.38322e+09
3.46542e+09
3.49296e+09
3.46542e+09
3.38322e+09
3.24768e+09
3.06091e+09
2.82587e+09
2.54627e+09
2.22651e+09
1.87163e+09
1.48724e+09
1.07939e+09
6.54521e+08
2.19327e+08
2.17013e+08
6.47617e+08
1.06801e+09
1.47155e+09
1.85189e+09
2.20302e+09
2.51941e+09
2.79606e+09
3.02862e+09
3.21342e+09
3.34753e+09
3.42886e+09
3.45611e+09
3.42886e+09
3.34753e+09
3.21342e+09
3.02862e+09
2.79606e+09
2.51941e+09
2.20302e+09
1.85189e+09
1.47155e+09
1.06801e+09
6.47617e+08
2.17013e+08
2.199e+08
6.56232e+08
1.08221e+09
1.49113e+09
1.87653e+09
2.23233e+09
2.55292e+09
2.83326e+09
3.06891e+09
3.25616e+09
3.39207e+09
3.47447e+09
3.50209e+09
3.47447e+09
3.39207e+09
3.25616e+09
3.06891e+09
2.83326e+09
2.55292e+09
2.23233e+09
1.87653e+09
1.49113e+09
1.08221e+09
6.56232e+08
2.199e+08
2.1741e+08
6.488e+08
1.06996e+09
1.47424e+09
1.85527e+09
2.20705e+09
2.52401e+09
2.80117e+09
3.03415e+09
3.21929e+09
3.35365e+09
3.43513e+09
3.46243e+09
3.43513e+09
3.35365e+09
3.21929e+09
3.03415e+09
2.80117e+09
2.52401e+09
2.20705e+09
1.85527e+09
1.47424e+09
1.06996e+09
6.488e+08
2.1741e+08
2.19327e+08
6.54521e+08
1.07939e+09
1.48724e+09
1.87163e+09
2.22651e+09
2.54627e+09
2.82587e+09
3.06091e+09
3.24768e+09
3.38322e+09
3.46542e+09
3.49296e+09
3.46542e+09
3.38322e+09
3.24768e+09
3.06091e+09
2.82587e+09
2.54627e+09
2.22651e+09
1.87163e+09
1.48724e+09
1.07939e+09
6.54521e+08
2.19327e+08
2.17013e+08
6.47617e+08
1.06801e+09
1.47155e+09
1.85189e+09
2.20302e+09
2.51941e+09
2.79606e+09
3.02862e+09
3.21342e+09
3.34753e+09
3.42886e+09
3.45611e+09
3.42886e+09
3.34753e+09
3.21342e+09
3.02862e+09
2.79606e+09
2.51941e+09
2.20302e+09
1.85189e+09
1.47155e+09
1.06801e+09
6.47617e+08
2.17013e+08
2.17013e+08
6.47617e+08
1.06801e+09
1.47155e+09
1.85189e+09
2.20302e+09
2.51941e+09
2.79606e+09
3.02862e+09
3.21342e+09
3.34753e+09
3.42886e+09
3.45611e+09
3.42886e+09
3.34753e+09
3.21342e+09
3.02862e+09
2.79606e+09
2.51941e+09
2.20302e+09
1.85189e+09
1.47155e+09
1.06801e+09
6.47617e+08
2.17013e+08
2.19327e+08
6.54521e+08
1.07939e+09
1.48724e+09
1.87163e+09
2.22651e+09
2.54627e+09
2.82587e+09
3.06091e+09
3.24768e+09
3.38322e+09
3.46542e+09
3.49296e+09
3.46542e+09
3.38322e+09
3.24768e+09
3.06091e+09
2.82587e+09
2.54627e+09
2.22651e+09
1.87163e+09
1.48724e+09
1.07939e+09
6.54521e+08
2.19327e+08
)
;

boundaryField
{
    outletCentralUnloaded
    {
        type            zeroGradient;
    }
    inletCentralUnloaded
    {
        type            zeroGradient;
    }
    outletFuelElement
    {
        type            zeroGradient;
    }
    inletFuelElement
    {
        type            zeroGradient;
    }
    defaultFaces
    {
        type            zeroGradient;
    }
}


// ************************************************************************* //
