/*--------------------------------*- C++ -*----------------------------------*\
| =========                 |                                                 |
| \\      /  F ield         | OpenFOAM: The Open Source CFD Toolbox           |
|  \\    /   O peration     | Version:  2212                                  |
|   \\  /    A nd           | Website:  www.openfoam.com                      |
|    \\/     M anipulation  |                                                 |
\*---------------------------------------------------------------------------*/
FoamFile
{
    version     2.0;
    format      ascii;
    arch        "LSB;label=32;scalar=64";
    class       volScalarField;
    location    "10/neutroRegion";
    object      prec3;
}
// * * * * * * * * * * * * * * * * * * * * * * * * * * * * * * * * * * * * * //

dimensions      [0 -3 0 0 0 0 0];

internalField   nonuniform List<scalar> 
350
(
0
0
0
0
0
0
0
0
0
0
0
0
0
0
0
0
0
0
0
0
0
0
0
0
0
0
0
0
0
0
0
0
0
0
0
0
0
0
0
0
0
0
0
0
0
0
0
0
0
0
7.39709e+16
2.20746e+17
3.6404e+17
5.01592e+17
6.31233e+17
7.50919e+17
8.58763e+17
9.53063e+17
1.03233e+18
1.09532e+18
1.14104e+18
1.16876e+18
1.17805e+18
1.16876e+18
1.14104e+18
1.09532e+18
1.03233e+18
9.53063e+17
8.58763e+17
7.50919e+17
6.31233e+17
5.01592e+17
3.6404e+17
2.20746e+17
7.39709e+16
7.48166e+16
2.2327e+17
3.68202e+17
5.07327e+17
6.3845e+17
7.59505e+17
8.68581e+17
9.6396e+17
1.04414e+18
1.10784e+18
1.15408e+18
1.18212e+18
1.19152e+18
1.18212e+18
1.15408e+18
1.10784e+18
1.04414e+18
9.63959e+17
8.68581e+17
7.59505e+17
6.3845e+17
5.07327e+17
3.68202e+17
2.2327e+17
7.48166e+16
7.38362e+16
2.20344e+17
3.63377e+17
5.00679e+17
6.30084e+17
7.49552e+17
8.572e+17
9.51328e+17
1.03045e+18
1.09333e+18
1.13896e+18
1.16663e+18
1.1759e+18
1.16663e+18
1.13896e+18
1.09333e+18
1.03045e+18
9.51328e+17
8.572e+17
7.49552e+17
6.30084e+17
5.00679e+17
3.63377e+17
2.20344e+17
7.38362e+16
7.46219e+16
2.22689e+17
3.67244e+17
5.06006e+17
6.36789e+17
7.57528e+17
8.66321e+17
9.61451e+17
1.04142e+18
1.10496e+18
1.15108e+18
1.17904e+18
1.18842e+18
1.17904e+18
1.15108e+18
1.10496e+18
1.04142e+18
9.61451e+17
8.66321e+17
7.57528e+17
6.36789e+17
5.06006e+17
3.67244e+17
2.22689e+17
7.46219e+16
7.46219e+16
2.22689e+17
3.67244e+17
5.06006e+17
6.36789e+17
7.57528e+17
8.66321e+17
9.61451e+17
1.04142e+18
1.10496e+18
1.15108e+18
1.17904e+18
1.18842e+18
1.17904e+18
1.15108e+18
1.10496e+18
1.04142e+18
9.61451e+17
8.66321e+17
7.57528e+17
6.36789e+17
5.06006e+17
3.67244e+17
2.22689e+17
7.46219e+16
7.38362e+16
2.20344e+17
3.63377e+17
5.00679e+17
6.30084e+17
7.49552e+17
8.572e+17
9.51328e+17
1.03045e+18
1.09333e+18
1.13896e+18
1.16663e+18
1.1759e+18
1.16663e+18
1.13896e+18
1.09333e+18
1.03045e+18
9.51328e+17
8.572e+17
7.49552e+17
6.30084e+17
5.00679e+17
3.63377e+17
2.20344e+17
7.38362e+16
7.48166e+16
2.2327e+17
3.68202e+17
5.07327e+17
6.3845e+17
7.59505e+17
8.68581e+17
9.6396e+17
1.04414e+18
1.10784e+18
1.15408e+18
1.18212e+18
1.19152e+18
1.18212e+18
1.15408e+18
1.10784e+18
1.04414e+18
9.63959e+17
8.68581e+17
7.59505e+17
6.3845e+17
5.07327e+17
3.68202e+17
2.2327e+17
7.48166e+16
7.39709e+16
2.20746e+17
3.6404e+17
5.01592e+17
6.31233e+17
7.50919e+17
8.58763e+17
9.53063e+17
1.03233e+18
1.09532e+18
1.14104e+18
1.16876e+18
1.17805e+18
1.16876e+18
1.14104e+18
1.09532e+18
1.03233e+18
9.53063e+17
8.58763e+17
7.50919e+17
6.31233e+17
5.01592e+17
3.6404e+17
2.20746e+17
7.39709e+16
7.46219e+16
2.22689e+17
3.67244e+17
5.06006e+17
6.36789e+17
7.57528e+17
8.66321e+17
9.61451e+17
1.04142e+18
1.10496e+18
1.15108e+18
1.17904e+18
1.18842e+18
1.17904e+18
1.15108e+18
1.10496e+18
1.04142e+18
9.61451e+17
8.66321e+17
7.57528e+17
6.36789e+17
5.06006e+17
3.67244e+17
2.22689e+17
7.46219e+16
7.38362e+16
2.20344e+17
3.63377e+17
5.00679e+17
6.30084e+17
7.49552e+17
8.572e+17
9.51328e+17
1.03045e+18
1.09333e+18
1.13896e+18
1.16663e+18
1.1759e+18
1.16663e+18
1.13896e+18
1.09333e+18
1.03045e+18
9.51328e+17
8.572e+17
7.49552e+17
6.30084e+17
5.00679e+17
3.63377e+17
2.20344e+17
7.38362e+16
7.38362e+16
2.20344e+17
3.63377e+17
5.00679e+17
6.30084e+17
7.49552e+17
8.572e+17
9.51328e+17
1.03045e+18
1.09333e+18
1.13896e+18
1.16663e+18
1.1759e+18
1.16663e+18
1.13896e+18
1.09333e+18
1.03045e+18
9.51328e+17
8.572e+17
7.49552e+17
6.30084e+17
5.00679e+17
3.63377e+17
2.20344e+17
7.38362e+16
7.46219e+16
2.22689e+17
3.67244e+17
5.06006e+17
6.36789e+17
7.57528e+17
8.66321e+17
9.61451e+17
1.04142e+18
1.10496e+18
1.15108e+18
1.17904e+18
1.18842e+18
1.17904e+18
1.15108e+18
1.10496e+18
1.04142e+18
9.61451e+17
8.66321e+17
7.57528e+17
6.36789e+17
5.06006e+17
3.67244e+17
2.22689e+17
7.46219e+16
)
;

boundaryField
{
    outletCentralUnloaded
    {
        type            zeroGradient;
    }
    inletCentralUnloaded
    {
        type            zeroGradient;
    }
    outletFuelElement
    {
        type            zeroGradient;
    }
    inletFuelElement
    {
        type            zeroGradient;
    }
    defaultFaces
    {
        type            zeroGradient;
    }
}


// ************************************************************************* //
