/*--------------------------------*- C++ -*----------------------------------*\
| =========                 |                                                 |
| \\      /  F ield         | OpenFOAM: The Open Source CFD Toolbox           |
|  \\    /   O peration     | Version:  2212                                  |
|   \\  /    A nd           | Website:  www.openfoam.com                      |
|    \\/     M anipulation  |                                                 |
\*---------------------------------------------------------------------------*/
FoamFile
{
    version     2.0;
    format      ascii;
    arch        "LSB;label=32;scalar=64";
    class       surfaceScalarField;
    location    "84/fluidRegion";
    object      alphaPhi;
}
// * * * * * * * * * * * * * * * * * * * * * * * * * * * * * * * * * * * * * //

dimensions      [0 3 -1 0 0 0 0];

oriented        oriented;

internalField   nonuniform List<scalar> 
661
(
-0.000538928
-1.13943e-14
-0.00053889
-1.18633e-14
-0.000538855
1.35365e-14
-0.000538822
3.71381e-14
-0.00053879
4.65168e-14
-0.000538758
4.57519e-14
-0.000538724
2.78015e-14
-0.000538688
-1.5919e-14
-0.000538649
-7.7559e-14
-0.000538606
-1.37417e-13
-0.000538559
-1.68196e-13
-0.000538509
-1.55701e-13
-0.000538457
-1.01789e-13
-0.000538403
-2.38209e-14
-0.000538349
5.62473e-14
-0.000538295
1.22413e-13
-0.000538242
1.62202e-13
-0.00053819
1.70826e-13
-0.000538141
1.53598e-13
-0.000538095
1.18107e-13
-0.000538052
7.65152e-14
-0.000538011
3.96441e-14
-0.000537974
1.34625e-14
-0.000537938
-3.72086e-14
-1.8367e-13
-0.000538928
-0.00053889
-0.000538855
-0.000538822
-0.00053879
-0.000538758
-0.000538724
-0.000538688
-0.000538649
-0.000538606
-0.000538559
-0.000538509
-0.000538457
-0.000538403
-0.000538349
-0.000538295
-0.000538242
-0.00053819
-0.000538141
-0.000538095
-0.000538052
-0.000538011
-0.000537974
-0.000537938
-0.0202314
1.41416e-06
-0.0198031
6.71468e-07
-0.0192585
7.27493e-07
-0.0186064
6.54672e-07
-0.0178566
5.92641e-07
-0.0170188
5.35183e-07
-0.0161034
4.81977e-07
-0.0151208
4.30408e-07
-0.0140817
3.7473e-07
-0.0129974
3.05501e-07
-0.0118796
2.10854e-07
-0.0107412
7.91504e-08
-0.00959654
-9.31297e-08
-0.0084612
-2.92015e-07
-0.00735211
-4.95004e-07
-0.00628642
-6.67901e-07
-0.00528036
-7.8398e-07
-0.00434807
-8.361e-07
-0.00350115
-8.38094e-07
-0.0027493
-8.14316e-07
-0.00210125
-7.87044e-07
-0.00156637
-7.61469e-07
-0.00115537
-7.26669e-07
-0.00087935
-6.31393e-07
-6.0126e-07
-0.0203614
-4.06803e-08
-3.59954e-08
-0.0199322
-1.76079e-07
-1.75843e-07
-0.0193854
-1.6724e-07
-1.66561e-07
-0.0187303
-1.44902e-07
-1.44193e-07
-0.0179766
-1.25638e-07
-1.24828e-07
-0.0171343
-1.07854e-07
-1.06991e-07
-0.0162137
-9.15611e-08
-9.06625e-08
-0.0152251
-7.61089e-08
-7.51115e-08
-0.0141796
-5.99582e-08
-5.88756e-08
-0.0130881
-4.04591e-08
-3.92741e-08
-0.0119627
-1.39149e-08
-1.25564e-08
-0.0108163
2.31967e-08
2.46356e-08
-0.00966303
7.1236e-08
7.28874e-08
-0.0085189
1.31432e-07
1.33216e-07
-0.00740096
1.9364e-07
1.95544e-07
-0.00632662
2.4799e-07
2.5005e-07
-0.00531236
2.85439e-07
2.87698e-07
-0.00437256
3.0296e-07
3.0549e-07
-0.00351897
3.0437e-07
3.07294e-07
-0.00276142
2.97202e-07
3.00627e-07
-0.00210869
2.88133e-07
2.91903e-07
-0.00157023
2.77585e-07
2.8122e-07
-0.00115682
2.58455e-07
2.61793e-07
-0.000879545
2.04371e-07
2.07001e-07
1.55286e-07
1.58862e-07
-0.0202101
6.92586e-07
-0.0197822
6.53178e-07
-0.0192379
6.28703e-07
-0.0185864
5.59573e-07
-0.0178373
4.977e-07
-0.0170003
4.40773e-07
-0.0160858
3.87998e-07
-0.0151042
3.36372e-07
-0.0140662
2.79432e-07
-0.012983
2.06951e-07
-0.0118665
1.06155e-07
-0.0107294
-3.36146e-08
-0.00958608
-2.14975e-07
-0.00845213
-4.24532e-07
-0.00734442
-6.35442e-07
-0.00628009
-8.11652e-07
-0.00527529
-9.25902e-07
-0.00434416
-9.72312e-07
-0.00349825
-9.6687e-07
-0.00274727
-9.35541e-07
-0.00209992
-8.99825e-07
-0.00156557
-8.63499e-07
-0.00115493
-8.03562e-07
-0.000879132
-6.66296e-07
-5.42851e-07
-0.0203325
3.04552e-09
-0.0199033
-4.21354e-10
-0.019357
-1.85623e-10
-0.0187025
-2.11498e-10
-0.0179497
-1.10877e-10
-0.0171083
-3.06559e-11
-0.0161888
-2.0431e-11
-0.0152016
5.82308e-11
-0.0141574
1.13893e-10
-0.0130676
1.39653e-10
-0.0119439
2.53416e-10
-0.0107992
3.89618e-10
-0.00964789
5.49809e-10
-0.00850575
6.85178e-10
-0.00738981
7.8193e-10
-0.00631744
8.43257e-10
-0.00530505
9.34704e-10
-0.00436697
1.09623e-09
-0.0035149
1.22122e-09
-0.00275866
1.35786e-09
-0.00210701
1.51794e-09
-0.00156937
1.46337e-09
-0.00115651
1.27783e-09
-0.000879527
9.01302e-10
3.83218e-10
-0.0203325
-6.86084e-07
-0.0199034
-6.54163e-07
-0.019357
-6.28959e-07
-0.0187025
-5.59866e-07
-0.0179497
-4.97824e-07
-0.0171084
-4.40788e-07
-0.0161888
-3.87984e-07
-0.0152016
-3.36244e-07
-0.0141575
-2.79235e-07
-0.0130676
-2.06711e-07
-0.0119439
-1.05737e-07
-0.0107992
3.42035e-08
-0.00964791
2.15798e-07
-0.00850576
4.2553e-07
-0.00738982
6.36551e-07
-0.00631745
8.12838e-07
-0.00530506
9.27251e-07
-0.00436697
9.73958e-07
-0.0035149
9.68822e-07
-0.00275866
9.37885e-07
-0.00210701
9.02661e-07
-0.00156937
8.6653e-07
-0.00115652
8.06524e-07
-0.000879528
6.68637e-07
5.44409e-07
-0.0202101
3.62466e-08
-0.0197822
1.76142e-07
-0.019238
1.6681e-07
-0.0185865
1.44412e-07
-0.0178373
1.25138e-07
-0.0170003
1.07322e-07
-0.0160858
9.09745e-08
-0.0151042
7.54877e-08
-0.0140662
5.92581e-08
-0.012983
3.96354e-08
-0.0118665
1.29858e-08
-0.0107294
-2.41514e-08
-0.00958609
-7.2288e-08
-0.00845214
-1.32565e-07
-0.00734443
-1.94866e-07
-0.00628009
-2.49288e-07
-0.0052753
-2.8675e-07
-0.00434416
-3.04179e-07
-0.00349825
-3.0552e-07
-0.00274727
-2.98202e-07
-0.00209992
-2.89033e-07
-0.00156557
-2.78378e-07
-0.00115493
-2.59443e-07
-0.00087913
-2.05252e-07
-1.54846e-07
-0.0203614
-1.41422e-06
-4.0189e-08
-0.0199322
-6.71577e-07
-1.75451e-07
-0.0193854
-7.27667e-07
-1.6655e-07
-0.0187303
-6.54874e-07
-1.4416e-07
-0.0179766
-5.92785e-07
-1.24901e-07
-0.0171343
-5.35307e-07
-1.07143e-07
-0.0162137
-4.82102e-07
-9.08486e-08
-0.0152251
-4.30502e-07
-7.53935e-08
-0.0141796
-3.74837e-07
-5.92258e-08
-0.0130881
-3.05631e-07
-3.96907e-08
-0.0119627
-2.10942e-07
-1.31464e-08
-0.0108163
-7.91741e-08
2.39596e-08
-0.00966303
9.31903e-08
7.19681e-08
-0.0085189
2.92124e-07
1.32108e-07
-0.00740096
4.95153e-07
1.9426e-07
-0.00632662
6.68148e-07
2.48561e-07
-0.00531236
7.84459e-07
2.85871e-07
-0.00437256
8.37047e-07
3.03102e-07
-0.00351897
8.39756e-07
3.04089e-07
-0.00276142
8.17084e-07
2.96339e-07
-0.00210869
7.91657e-07
2.85755e-07
-0.00157023
7.68145e-07
2.73237e-07
-0.00115682
7.35476e-07
2.51912e-07
-0.000879545
6.40783e-07
1.9701e-07
6.11915e-07
1.49883e-07
-0.0202314
-0.0198031
-0.0192585
-0.0186064
-0.0178566
-0.0170188
-0.0161034
-0.0151208
-0.0140817
-0.0129974
-0.0118796
-0.0107412
-0.00959654
-0.0084612
-0.00735211
-0.00628642
-0.00528036
-0.00434807
-0.00350115
-0.0027493
-0.00210125
-0.00156637
-0.00115537
-0.00087935
-0.0203325
-6.93259e-07
3.56301e-09
-0.0199033
-6.53981e-07
1.71553e-10
-0.019357
-6.29595e-07
5.00708e-10
-0.0187025
-5.60517e-07
5.61947e-10
-0.0179497
-4.98564e-07
5.60662e-10
-0.0171083
-4.41591e-07
5.78462e-10
-0.0161888
-3.88839e-07
6.43177e-10
-0.0152016
-3.37189e-07
6.79914e-10
-0.0141574
-2.80265e-07
7.58586e-10
-0.0130676
-2.07843e-07
9.0431e-10
-0.0119439
-1.07036e-07
1.04995e-09
-0.0107992
3.27638e-08
1.01246e-09
-0.00964789
2.14165e-07
1.18456e-09
-0.00850575
4.23736e-07
1.33737e-09
-0.00738981
6.34576e-07
1.55029e-09
-0.00631744
8.10627e-07
1.85119e-09
-0.00530505
9.24642e-07
2.22857e-09
-0.00436697
9.70708e-07
2.71525e-09
-0.0035149
9.64471e-07
3.56018e-09
-0.00275866
9.32028e-07
4.74184e-09
-0.00210701
8.94202e-07
6.55727e-09
-0.00156937
8.55297e-07
8.46547e-09
-0.00115651
7.92488e-07
1.07082e-08
-0.000879528
6.53952e-07
1.04621e-08
5.30546e-07
8.88551e-09
-0.0202101
-0.0197822
-0.0192379
-0.0185864
-0.0178373
-0.0170003
-0.0160858
-0.0151042
-0.0140662
-0.012983
-0.0118665
-0.0107294
-0.00958608
-0.00845213
-0.00734442
-0.00628009
-0.00527529
-0.00434416
-0.00349825
-0.00274727
-0.00209992
-0.00156557
-0.00115493
-0.000879133
-0.0202101
6.85781e-07
-0.0197822
6.53837e-07
-0.019238
6.28538e-07
-0.0185865
5.59396e-07
-0.0178373
4.97471e-07
-0.0170003
4.40479e-07
-0.0160858
3.87648e-07
-0.0151042
3.35964e-07
-0.0140662
2.78945e-07
-0.012983
2.06342e-07
-0.0118665
1.0537e-07
-0.0107294
-3.43975e-08
-0.00958609
-2.15966e-07
-0.00845214
-4.25676e-07
-0.00734443
-6.36731e-07
-0.00628009
-8.1304e-07
-0.0052753
-9.27364e-07
-0.00434416
-9.73748e-07
-0.00349825
-9.68186e-07
-0.00274727
-9.36323e-07
-0.00209992
-9.00262e-07
-0.00156557
-8.63163e-07
-0.00115493
-8.02263e-07
-0.00087913
-6.63693e-07
-5.35461e-07
-0.0203325
-0.0199034
-0.019357
-0.0187025
-0.0179497
-0.0171084
-0.0161888
-0.0152016
-0.0141575
-0.0130676
-0.0119439
-0.0107992
-0.0096479
-0.00850576
-0.00738982
-0.00631745
-0.00530506
-0.00436697
-0.0035149
-0.00275866
-0.00210701
-0.00156937
-0.00115652
-0.000879529
)
;

boundaryField
{
    outletCentralUnloaded
    {
        type            calculated;
        value           nonuniform List<scalar> 2(0.00053897 0.00053897);
    }
    inletCentralUnloaded
    {
        type            calculated;
        value           uniform -0.000540134;
    }
    outletFuelElement
    {
        type            calculated;
        value           nonuniform List<scalar> 
12
(
0.0205723
0.0207055
0.0205515
0.0206757
0.0206758
0.0205515
0.0207055
0.0205723
0.0206757
0.0205515
0.0205515
0.0206758
)
;
    }
    inletFuelElement
    {
        type            calculated;
        value           nonuniform List<scalar> 
12
(
-0.000722059
-0.00072206
-0.000722059
-0.000722059
-0.00072206
-0.000722059
-0.00072206
-0.000722059
-0.000722059
-0.000722059
-0.000722059
-0.00072206
)
;
    }
    defaultFaces
    {
        type            calculated;
        value           nonuniform List<scalar> 
450
(
-3.86421e-25
-2.50187e-23
0
2.47189e-23
-1.17428e-23
0
-1.45519e-25
2.23138e-23
0
-4.28543e-23
-2.19277e-23
0
-1.5339e-23
-4.54682e-23
0
-3.26608e-23
-8.39902e-24
0
-3.5843e-23
-1.18524e-23
0
-2.71567e-23
-1.77548e-23
0
-1.34584e-23
-1.22831e-24
0
-2.3489e-23
-9.83454e-24
0
-1.17088e-23
-9.06919e-24
0
-5.28e-24
-1.51631e-24
0
5.82831e-24
2.86538e-24
0
2.13687e-23
9.30601e-24
0
2.92132e-23
2.51635e-23
0
4.69269e-23
1.94153e-23
0
4.54887e-23
9.6088e-24
0
6.11924e-23
3.73139e-23
0
4.79241e-23
-4.90241e-23
0
-2.93569e-23
-2.34304e-23
0
-1.43975e-23
-1.22026e-23
0
3.52533e-23
-1.51642e-23
0
-6.19862e-24
1.06067e-23
0
-1.91245e-23
-2.71697e-23
0
-1.44361e-23
-2.75863e-23
0
2.20624e-23
0
2.40681e-23
0
-8.0227e-24
0
1.60454e-23
0
-8.0227e-24
0
1.60454e-23
0
2.00567e-23
0
8.0227e-24
0
2.00567e-24
0
8.0227e-24
0
3.00851e-24
0
-1.00284e-24
0
-6.01702e-24
0
-1.2034e-23
0
-2.40681e-23
0
-2.40681e-23
0
3.20908e-23
0
-3.20908e-23
0
1.60454e-23
0
-4.81362e-23
0
-4.01135e-23
0
3.20908e-23
0
1.60454e-23
0
-2.40681e-23
0
-2.40681e-23
0
1.60454e-23
-8.0227e-24
0
-8.0227e-24
8.0227e-24
0
-8.0227e-24
-4.01135e-24
8.0227e-24
-4.01135e-24
-2.00567e-24
1.00284e-24
4.01135e-24
8.0227e-24
2.40681e-23
1.60454e-23
-1.60454e-23
1.60454e-23
-3.20908e-23
0
0
-1.60454e-23
-3.20908e-23
0
-8.0227e-24
0
0
0
0
0
0
0
0
0
0
0
0
0
0
0
0
0
0
0
0
0
0
0
0
0
-1.00284e-23
2.40681e-23
0
1.60454e-23
1.60454e-23
4.81362e-23
-1.60454e-23
-1.2034e-23
1.2034e-23
-1.2034e-23
-1.2034e-23
-1.2034e-23
-8.0227e-24
-8.0227e-24
-1.2034e-23
-8.0227e-24
1.80511e-23
-8.0227e-24
-4.01135e-24
-2.00567e-24
-3.00851e-24
-2.00567e-24
0
1.75497e-24
8.0227e-24
6.01702e-24
4.01135e-24
1.2034e-23
1.60454e-23
8.0227e-24
2.40681e-23
3.20908e-23
-1.60454e-23
4.01135e-23
3.20908e-23
2.40681e-23
-6.41816e-23
4.81362e-23
-4.81362e-23
-4.01135e-23
-1.60454e-23
-2.40681e-23
-3.20908e-23
4.81362e-23
-8.0227e-24
-2.40681e-23
0
-1.60454e-23
-2.40681e-23
-1.60454e-23
1.75266e-23
0
3.20908e-23
1.14389e-23
0
0
9.50891e-24
0
-6.41816e-23
-4.68962e-23
0
1.60454e-23
2.0454e-23
0
0
-4.42702e-23
0
8.0227e-24
-4.67166e-23
0
8.0227e-24
-3.66876e-23
0
8.0227e-24
-2.67139e-23
0
-2.40681e-23
-2.86674e-23
0
4.01135e-24
-1.43826e-23
0
0
-5.93371e-24
0
1.00284e-24
7.19951e-24
-0
-4.01135e-24
2.79598e-23
-0
-1.2034e-23
3.47384e-23
-0
-8.0227e-24
5.86627e-23
-0
-1.60454e-23
3.28042e-23
-0
0
7.96955e-23
-0
0
4.43317e-23
-0
-1.60454e-23
-1.74656e-23
-0
1.60454e-23
-5.79831e-24
-0
3.20908e-23
3.16745e-23
-0
1.60454e-23
-1.91069e-23
-0
-1.60454e-23
-1.13144e-23
-0
1.60454e-23
-1.36949e-23
-0
0
0
0
0
0
8.0227e-24
-8.0227e-24
-8.0227e-24
0
-4.01135e-24
-8.0227e-24
0
0
0
0
0
1.60454e-23
-3.20908e-23
0
-3.20908e-23
1.60454e-23
0
-1.60454e-23
0
8.0227e-24
0
2.20624e-23
0
2.40681e-23
0
0
0
2.00567e-23
0
-8.0227e-24
0
1.2034e-23
0
8.0227e-24
0
1.60454e-23
0
4.01135e-24
0
6.01702e-24
0
4.51277e-24
0
-1.00284e-24
0
-1.00284e-23
-0
-1.2034e-23
-0
-8.0227e-24
-0
-1.60454e-23
-0
6.41816e-23
-0
-3.20908e-23
-0
6.41816e-23
-0
-4.81362e-23
-0
-4.01135e-23
-0
4.01135e-23
-0
1.60454e-23
-0
-4.01135e-23
-0
-2.40681e-23
-0
-2.30653e-23
1.60454e-23
-1.60454e-23
2.40681e-23
-1.60454e-23
2.40681e-23
-1.60454e-23
-3.61021e-23
-4.01135e-24
1.2034e-23
-8.0227e-24
-3.20908e-23
-8.0227e-24
-2.80794e-23
-8.0227e-24
-2.40681e-23
2.00567e-24
-1.2034e-23
-6.01702e-24
-1.40397e-23
-3.00851e-24
-6.01702e-24
0
4.63812e-24
4.01135e-24
1.60454e-23
8.0227e-24
4.01135e-23
1.60454e-23
5.61589e-23
3.20908e-23
8.0227e-23
0
4.01135e-23
1.60454e-23
8.82497e-23
0
4.81362e-23
0
-3.20908e-23
0
-3.20908e-23
8.0227e-24
4.81362e-23
8.0227e-24
-4.01135e-23
-8.0227e-24
-2.00567e-23
0
-2.00567e-23
-0
-0
-0
-0
-0
-0
-0
-0
-0
-0
-0
0
0
0
0
0
0
0
0
0
0
0
0
0
0
)
;
    }
    baffle_master
    {
        type            calculated;
        value           nonuniform List<scalar> 
150
(
-2.95923e-32
0
0
-2.91209e-32
0
-1.78854e-31
-4.36704e-32
0
0
-1.85715e-32
0
7.15418e-31
2.91655e-30
0
2.14625e-30
2.44962e-31
0
0
-4.03839e-32
0
-3.57709e-31
5.43828e-32
0
3.57709e-31
-6.95725e-31
0
-1.43084e-30
1.18915e-30
0
0
-2.16493e-30
0
2.86167e-30
-1.91773e-30
0
0
2.04224e-31
0
0
-1.11821e-31
0
-3.57709e-31
-2.41324e-31
0
0
-5.65465e-31
0
0
-1.33593e-29
0
-1.14467e-29
3.44664e-31
0
0
-7.95457e-30
0
-5.72334e-30
9.36825e-31
0
0
-2.598e-31
0
-1.43084e-30
2.31285e-30
0
1.43084e-30
-1.89026e-31
0
0
6.97608e-31
0
0
-1.15553e-30
0
2.86167e-30
1.78854e-31
-4.80417e-31
0
0
-6.07095e-31
0
-1.78854e-31
4.87251e-31
-0
-1.43084e-30
1.49331e-30
-0
0
-6.5661e-31
-0
-7.15418e-31
1.02532e-30
-0
-3.57709e-31
4.89048e-31
-0
0
-1.02966e-30
0
-4.29251e-30
-2.69727e-30
0
5.72334e-30
-6.11306e-30
0
2.86167e-30
-6.49332e-30
0
5.72334e-30
-4.96266e-30
0
0
-3.25029e-30
0
0
-5.78998e-31
0
0
2.12667e-30
-0
0
4.27989e-30
-0
5.72334e-30
7.14315e-30
-0
-5.72334e-30
1.59395e-30
-0
5.72334e-30
-2.33175e-30
-0
0
-4.19576e-30
-0
0
-2.40665e-30
-0
1.43084e-30
-2.1544e-30
-0
5.36563e-31
4.62073e-31
-0
7.15418e-31
1.2141e-30
0
0
6.83734e-30
0
)
;
    }
    baffle_slave
    {
        type            calculated;
        value           nonuniform List<scalar> 
150
(
1.3789e-23
-0
1.60454e-23
3.43158e-24
-0
0
2.78914e-24
-0
-8.0227e-24
4.04269e-24
-0
0
-2.38487e-23
-0
-8.0227e-24
-6.01702e-24
-0
0
3.13387e-25
-0
0
-2.69513e-24
-0
0
-2.88316e-24
-0
0
-5.64096e-25
-0
0
1.25355e-24
-0
2.00567e-24
-3.13387e-25
0
5.01419e-25
0
0
-4.01135e-24
-1.06551e-24
0
0
1.06551e-24
0
-8.0227e-24
-5.51561e-24
0
-1.60454e-23
-5.02672e-23
0
-4.81362e-23
1.25355e-25
0
0
-3.44725e-23
0
-3.20908e-23
-4.38741e-24
0
0
-1.12819e-24
0
-1.60454e-23
2.90823e-23
0
3.20908e-23
4.51277e-24
0
1.60454e-23
-1.62961e-24
0
0
3.13387e-24
0
0
-9.36826e-24
6.20506e-23
0
-5.03316e-24
2.44442e-23
0
-8.63833e-25
1.9853e-23
0
-1.09533e-23
1.87484e-23
0
8.91748e-25
-2.60894e-23
0
-5.2373e-24
1.89991e-23
0
-1.65221e-24
1.99353e-23
0
-6.00981e-24
1.68915e-23
0
6.94612e-24
1.43394e-23
0
2.00683e-24
6.18939e-24
0
-2.08202e-24
5.35891e-24
0
4.58064e-25
3.55694e-24
0
8.24474e-24
-8.61813e-25
0
7.36888e-24
-6.01702e-24
0
6.5999e-24
-1.36637e-23
0
1.69239e-23
-1.52933e-23
0
-3.02294e-23
-2.04328e-23
0
1.30272e-23
-1.93986e-23
0
-1.93023e-23
1.81764e-24
0
3.57733e-24
1.72363e-23
0
4.22135e-24
1.12819e-23
0
-3.26702e-23
3.25922e-23
0
-3.15042e-23
-1.85525e-23
0
-4.09087e-24
1.3789e-23
0
5.45023e-24
1.22848e-23
0
)
;
    }
}


// ************************************************************************* //
