/*--------------------------------*- C++ -*----------------------------------*\
| =========                 |                                                 |
| \\      /  F ield         | OpenFOAM: The Open Source CFD Toolbox           |
|  \\    /   O peration     | Version:  2212                                  |
|   \\  /    A nd           | Website:  www.openfoam.com                      |
|    \\/     M anipulation  |                                                 |
\*---------------------------------------------------------------------------*/
FoamFile
{
    version     2.0;
    format      ascii;
    arch        "LSB;label=32;scalar=64";
    class       surfaceScalarField;
    location    "84/fluidRegion";
    object      alphaRhoPhi;
}
// * * * * * * * * * * * * * * * * * * * * * * * * * * * * * * * * * * * * * //

dimensions      [1 0 -1 0 0 0 0];

oriented        oriented;

internalField   nonuniform List<scalar> 
661
(
-0.0058492
-1.23661e-13
-0.00584926
-1.28762e-13
-0.00584937
1.46935e-13
-0.00584949
4.03157e-13
-0.00584963
5.0501e-13
-0.00584976
4.96748e-13
-0.00584988
3.01878e-13
-0.00584997
-1.72868e-13
-0.00585004
-8.423e-13
-0.00585006
-1.49249e-12
-0.00585005
-1.82694e-12
-0.00584999
-1.69136e-12
-0.00584991
-1.10581e-12
-0.00584981
-2.58806e-13
-0.0058497
6.11158e-13
-0.00584959
1.33019e-12
-0.00584949
1.76271e-12
-0.00584942
1.85658e-12
-0.00584937
1.66948e-12
-0.00584935
1.28383e-12
-0.00584937
8.31791e-13
-0.00584941
4.31004e-13
-0.00584947
1.46374e-13
-0.00584955
-4.04591e-13
-1.99731e-12
-0.0058492
-0.00584926
-0.00584937
-0.00584949
-0.00584963
-0.00584976
-0.00584988
-0.00584997
-0.00585004
-0.00585006
-0.00585005
-0.00584999
-0.00584991
-0.00584981
-0.0058497
-0.00584959
-0.00584949
-0.00584942
-0.00584937
-0.00584935
-0.00584937
-0.00584941
-0.00584947
-0.00584955
-0.00939702
6.45937e-07
-0.00939725
3.12292e-07
-0.00939751
3.46757e-07
-0.00939776
3.21887e-07
-0.00939799
3.02564e-07
-0.0093982
2.85637e-07
-0.00939841
2.70821e-07
-0.0093986
2.56504e-07
-0.00939877
2.38739e-07
-0.00939893
2.0985e-07
-0.00939905
1.57618e-07
-0.0093991
6.50503e-08
-0.00939902
-8.51075e-08
-0.00939876
-3.00474e-07
-0.00939826
-5.81483e-07
-0.00939745
-9.09471e-07
-0.00939631
-1.25841e-06
-0.00939483
-1.61177e-06
-0.00939299
-1.98114e-06
-0.00939072
-2.41663e-06
-0.00938786
-3.01034e-06
-0.00938416
-3.85873e-06
-0.00937931
-4.99208e-06
-0.00937357
-5.88859e-06
-7.19673e-06
-0.00931276
-1.86048e-08
-1.64622e-08
-0.00931232
-8.19969e-08
-8.18867e-08
-0.00931184
-7.98164e-08
-7.94927e-08
-0.0093114
-7.13369e-08
-7.09879e-08
-0.009311
-6.42257e-08
-6.38118e-08
-0.00931063
-5.76386e-08
-5.71776e-08
-0.00931028
-5.1515e-08
-5.10094e-08
-0.00930995
-4.54171e-08
-4.48219e-08
-0.00930966
-3.82493e-08
-3.75586e-08
-0.00930941
-2.7828e-08
-2.7013e-08
-0.00930925
-1.04154e-08
-9.39854e-09
-0.00930923
1.90894e-08
2.02734e-08
-0.00930944
6.51844e-08
6.66955e-08
-0.00931
1.35413e-07
1.37251e-07
-0.00931101
2.27755e-07
2.29995e-07
-0.00931256
3.38095e-07
3.40903e-07
-0.0093147
4.58709e-07
4.62339e-07
-0.00931744
5.84664e-07
5.89545e-07
-0.00932082
7.20219e-07
7.27137e-07
-0.00932496
8.82808e-07
8.92983e-07
-0.00933013
1.10295e-06
1.11738e-06
-0.00933677
1.40757e-06
1.426e-06
-0.00934528
1.77638e-06
1.79932e-06
-0.00935494
1.90655e-06
1.93109e-06
1.85884e-06
1.90164e-06
-0.00941082
3.17287e-07
-0.00941115
3.04697e-07
-0.00941147
3.00577e-07
-0.00941176
2.7597e-07
-0.00941203
2.54877e-07
-0.00941227
2.35979e-07
-0.0094125
2.18696e-07
-0.0094127
2.01094e-07
-0.00941288
1.78588e-07
-0.00941302
1.42607e-07
-0.00941309
7.96063e-08
-0.00941305
-2.77145e-08
-0.00941282
-1.97082e-07
-0.00941231
-4.38205e-07
-0.00941143
-7.48769e-07
-0.00941011
-1.10855e-06
-0.00940829
-1.49053e-06
-0.00940598
-1.8795e-06
-0.00940312
-2.29139e-06
-0.00939961
-2.78284e-06
-0.00939521
-3.44871e-06
-0.00938957
-4.3831e-06
-0.00938239
-5.52708e-06
-0.00937435
-6.21845e-06
-6.49895e-06
-0.00933166
1.38516e-09
-0.00933139
-1.95125e-10
-0.00933112
-8.80934e-11
-0.00933088
-1.03534e-10
-0.00933065
-5.63575e-11
-0.00933045
-1.62892e-11
-0.00933026
-1.14289e-11
-0.00933008
3.45476e-11
-0.00932993
7.2234e-11
-0.0093298
9.54944e-11
-0.00932973
1.88575e-10
-0.00932976
3.18758e-10
-0.00932994
5.00178e-10
-0.00933035
7.01868e-10
-0.00933105
9.14494e-10
-0.00933209
1.14333e-09
-0.00933351
1.49416e-09
-0.00933531
2.10497e-09
-0.00933752
2.87628e-09
-0.00934023
4.01633e-09
-0.00934359
5.78902e-09
-0.0093479
7.39782e-09
-0.00935336
8.76304e-09
-0.00935953
8.39751e-09
4.58558e-09
-0.00933167
-3.14308e-07
-0.0093314
-3.05157e-07
-0.00933113
-3.00699e-07
-0.00933089
-2.76114e-07
-0.00933067
-2.5494e-07
-0.00933046
-2.35987e-07
-0.00933027
-2.18688e-07
-0.00933009
-2.01017e-07
-0.00932994
-1.78462e-07
-0.00932981
-1.42441e-07
-0.00932975
-7.92929e-08
-0.00932977
2.82e-08
-0.00932995
1.97836e-07
-0.00933036
4.39234e-07
-0.00933106
7.50075e-07
-0.0093321
1.11016e-06
-0.00933352
1.4927e-06
-0.00933532
1.88268e-06
-0.00933754
2.29601e-06
-0.00934024
2.78981e-06
-0.0093436
3.45958e-06
-0.00934791
4.39847e-06
-0.00935337
5.54745e-06
-0.00935954
6.24029e-06
6.5176e-06
-0.00941083
1.65771e-08
-0.00941115
8.20259e-08
-0.00941147
7.96115e-08
-0.00941177
7.10957e-08
-0.00941203
6.39702e-08
-0.00941228
5.73546e-08
-0.0094125
5.11849e-08
-0.0094127
4.50464e-08
-0.00941288
3.78026e-08
-0.00941302
2.72615e-08
-0.00941309
9.71993e-09
-0.00941305
-1.9875e-08
-0.00941282
-6.6147e-08
-0.00941231
-1.3658e-07
-0.00941143
-2.29197e-07
-0.0094101
-3.39864e-07
-0.00940829
-4.60815e-07
-0.00940597
-5.87015e-07
-0.00940311
-7.22939e-07
-0.00939959
-8.85779e-07
-0.0093952
-1.10639e-06
-0.00938955
-1.41159e-06
-0.00938236
-1.78316e-06
-0.00937433
-1.91477e-06
-1.85358e-06
-0.00931276
-6.45961e-07
-1.83801e-08
-0.00931232
-3.12343e-07
-8.17043e-08
-0.00931184
-3.46839e-07
-7.94871e-08
-0.0093114
-3.21986e-07
-7.09715e-08
-0.009311
-3.02638e-07
-6.38492e-08
-0.00931063
-2.85704e-07
-5.72586e-08
-0.00931028
-2.70891e-07
-5.11141e-08
-0.00930995
-2.5656e-07
-4.49902e-08
-0.00930966
-2.38807e-07
-3.77821e-08
-0.00930941
-2.09939e-07
-2.72995e-08
-0.00930925
-1.57684e-07
-9.84012e-09
-0.00930923
-6.50698e-08
1.97172e-08
-0.00930944
8.51629e-08
6.58544e-08
-0.00931
3.00585e-07
1.36109e-07
-0.00931101
5.81659e-07
2.28485e-07
-0.00931256
9.09807e-07
3.38873e-07
-0.0093147
1.25918e-06
4.59403e-07
-0.00931744
1.61359e-06
5.84937e-07
-0.00932082
1.98507e-06
7.19554e-07
-0.00932496
2.42485e-06
8.80246e-07
-0.00933013
3.02798e-06
1.09384e-06
-0.00933677
3.89256e-06
1.38552e-06
-0.00934528
5.05258e-06
1.7314e-06
-0.00935494
5.97616e-06
1.83788e-06
7.32427e-06
1.79416e-06
-0.00939702
-0.00939725
-0.00939751
-0.00939776
-0.00939799
-0.0093982
-0.00939841
-0.0093986
-0.00939877
-0.00939893
-0.00939905
-0.0093991
-0.00939902
-0.00939876
-0.00939826
-0.00939745
-0.00939631
-0.00939483
-0.00939299
-0.00939072
-0.00938786
-0.00938415
-0.00937931
-0.00937357
-0.00933166
-3.17595e-07
1.62052e-09
-0.00933139
-3.05072e-07
7.94443e-11
-0.00933112
-3.01003e-07
2.37626e-10
-0.00933088
-2.76435e-07
2.7509e-10
-0.00933065
-2.55319e-07
2.84979e-10
-0.00933045
-2.36417e-07
3.0737e-10
-0.00933026
-2.19169e-07
3.59788e-10
-0.00933008
-2.01582e-07
4.03384e-10
-0.00932993
-1.79121e-07
4.81116e-10
-0.0093298
-1.43222e-07
6.18365e-10
-0.00932973
-8.02669e-08
7.81303e-10
-0.00932976
2.7013e-08
8.28323e-10
-0.00932994
1.96339e-07
1.07763e-09
-0.00933035
4.37383e-07
1.36995e-09
-0.00933105
7.47748e-07
1.81312e-09
-0.00933209
1.10714e-06
2.50993e-09
-0.00933351
1.4885e-06
3.56246e-09
-0.00933531
1.87639e-06
5.21377e-09
-0.00933752
2.2857e-06
8.3851e-09
-0.00934022
2.77239e-06
1.40256e-08
-0.00934359
3.42716e-06
2.50077e-08
-0.0093479
4.34146e-06
4.27958e-08
-0.00935336
5.45091e-06
7.34343e-08
-0.00935953
6.10324e-06
9.74765e-08
6.35163e-06
1.06324e-07
-0.00941082
-0.00941115
-0.00941147
-0.00941176
-0.00941203
-0.00941227
-0.0094125
-0.0094127
-0.00941288
-0.00941302
-0.00941309
-0.00941305
-0.00941282
-0.00941231
-0.00941143
-0.00941011
-0.00940829
-0.00940598
-0.00940312
-0.0093996
-0.00939521
-0.00938957
-0.00938239
-0.00937436
-0.00941083
3.14169e-07
-0.00941115
3.05004e-07
-0.00941147
3.00498e-07
-0.00941177
2.75882e-07
-0.00941203
2.54759e-07
-0.00941228
2.35822e-07
-0.0094125
2.18498e-07
-0.0094127
2.0085e-07
-0.00941288
1.78277e-07
-0.00941302
1.42187e-07
-0.00941309
7.90178e-08
-0.00941305
-2.836e-08
-0.00941282
-1.9799e-07
-0.00941231
-4.39385e-07
-0.00941143
-7.50287e-07
-0.0094101
-1.11044e-06
-0.00940829
-1.49288e-06
-0.00940597
-1.88227e-06
-0.00940311
-2.29451e-06
-0.00939959
-2.78516e-06
-0.0093952
-3.45039e-06
-0.00938955
-4.38139e-06
-0.00938236
-5.51814e-06
-0.00937433
-6.19415e-06
-6.41047e-06
-0.00933167
-0.0093314
-0.00933113
-0.00933089
-0.00933067
-0.00933046
-0.00933027
-0.00933009
-0.00932994
-0.00932981
-0.00932975
-0.00932977
-0.00932995
-0.00933036
-0.00933106
-0.0093321
-0.00933352
-0.00933532
-0.00933754
-0.00934024
-0.0093436
-0.00934791
-0.00935337
-0.00935955
)
;

boundaryField
{
    outletCentralUnloaded
    {
        type            calculated;
        value           nonuniform List<scalar> 2(0.00584917 0.00584917);
    }
    inletCentralUnloaded
    {
        type            calculated;
        value           nonuniform List<scalar> 2(-0.00587368 -0.00587368);
    }
    outletFuelElement
    {
        type            calculated;
        value           nonuniform List<scalar> 
12
(
0.00939644
0.00931342
0.00941055
0.00933194
0.00933195
0.00941056
0.00931342
0.00939644
0.00933194
0.00941055
0.00941056
0.00933195
)
;
    }
    inletFuelElement
    {
        type            calculated;
        value           nonuniform List<scalar> 
12
(
-0.00953894
-0.00953894
-0.00953893
-0.00953893
-0.00953894
-0.00953894
-0.00953894
-0.00953894
-0.00953893
-0.00953893
-0.00953894
-0.00953894
)
;
    }
    defaultFaces
    {
        type            calculated;
        value           nonuniform List<scalar> 
450
(
-1.77855e-25
-1.15152e-23
0
1.15855e-23
-5.50376e-24
0
-6.99039e-26
1.0719e-23
0
-2.12369e-23
-1.08665e-23
0
-7.89349e-24
-2.33981e-23
0
-1.75717e-23
-4.51872e-24
0
-2.0303e-23
-6.71371e-24
0
-1.63161e-23
-1.06673e-23
0
-8.64463e-24
-7.88966e-25
0
-1.62677e-23
-6.81108e-24
0
-8.82508e-24
-6.83555e-24
0
-4.37539e-24
-1.25653e-24
0
5.37033e-24
2.64022e-24
0
2.21682e-23
9.65418e-24
0
3.45943e-23
2.97987e-23
0
6.44032e-23
2.66458e-23
0
7.35709e-23
1.55408e-23
0
1.18812e-22
7.24493e-23
0
1.14048e-22
-1.16666e-22
0
-8.76562e-23
-6.99603e-23
0
-5.53651e-23
-4.69249e-23
0
1.7944e-22
-7.7186e-23
0
-4.2722e-23
7.3103e-23
0
-1.78692e-22
-2.53862e-22
0
-1.72882e-22
-3.30366e-22
0
1.01801e-23
0
1.13091e-23
0
-3.86373e-24
0
7.97181e-24
0
-4.13913e-24
0
8.65481e-24
0
1.13904e-23
0
4.83268e-24
0
1.29164e-24
0
5.57075e-24
0
2.27346e-24
0
-8.33183e-25
0
-5.55852e-24
0
-1.25161e-23
0
-2.85725e-23
0
-3.31112e-23
0
5.20218e-23
0
-6.24438e-23
0
3.82612e-23
0
-1.4399e-22
0
-1.545e-22
0
1.63554e-22
0
1.10692e-22
0
-2.25004e-22
0
-2.88282e-22
0
7.29773e-24
-3.71523e-24
0
-3.92735e-24
4.07786e-24
0
-4.48784e-24
-2.37988e-24
5.08821e-24
-2.74295e-24
-1.49249e-24
8.20451e-25
3.64925e-24
8.21812e-24
2.81485e-23
2.17551e-23
-2.56492e-23
3.08101e-23
-7.55817e-23
0
0
-8.11149e-23
-2.20071e-22
0
-9.59997e-23
0
0
0
0
0
0
0
0
0
0
0
0
0
0
0
0
0
0
0
0
0
0
0
0
0
-4.6273e-24
1.11055e-23
0
7.53938e-24
7.72745e-24
2.31823e-23
-7.97181e-24
-5.97886e-24
6.20868e-24
-6.20868e-24
-6.49111e-24
-6.49111e-24
-4.55617e-24
-4.55617e-24
-7.24901e-24
-4.83267e-24
1.16248e-23
-5.16656e-24
-2.78537e-24
-1.39269e-24
-2.27346e-24
-1.51564e-24
0
1.45807e-24
7.41135e-24
5.55851e-24
4.17202e-24
1.2516e-23
1.90483e-23
9.52415e-24
3.31111e-23
4.41481e-23
-2.60108e-23
6.50271e-23
6.24437e-23
4.68328e-23
-1.53045e-22
1.14784e-22
-1.4399e-22
-1.19992e-22
-6.17998e-23
-9.26996e-23
-1.63554e-22
2.45331e-22
-5.53459e-23
-1.66038e-22
0
-1.50002e-22
-2.88282e-22
-1.92188e-22
8.06687e-24
0
1.47702e-23
5.36133e-24
0
0
4.56785e-24
0
-3.08313e-23
-2.32399e-23
0
7.95145e-24
1.05257e-23
0
0
-2.38176e-23
0
4.31626e-24
-2.64622e-23
0
4.5444e-24
-2.20424e-23
0
4.82015e-24
-1.71589e-23
0
-1.54594e-23
-1.98541e-23
0
2.77813e-24
-1.08403e-23
0
0
-4.9171e-24
0
8.31023e-25
6.63379e-24
-0
-3.69615e-24
2.90059e-23
-0
-1.24843e-23
4.11372e-23
-0
-9.50049e-24
8.05096e-23
-0
-2.2021e-23
5.30556e-23
-0
0
1.54738e-22
-0
0
1.05499e-22
-0
-3.81843e-23
-5.21502e-23
-0
4.79096e-23
-2.22973e-23
-0
1.23404e-22
1.61224e-22
-0
8.16713e-23
-1.31688e-22
-0
-1.10588e-22
-1.05717e-22
-0
1.49921e-22
-1.64007e-22
-0
0
0
0
0
0
4.07786e-24
-4.26291e-24
-4.48784e-24
0
-2.54411e-24
-5.4859e-24
0
0
0
0
0
2.17551e-23
-5.12985e-23
0
-7.55817e-23
4.74597e-23
0
-8.11149e-23
0
7.47482e-23
0
1.01801e-23
0
1.13091e-23
0
0
0
9.96477e-24
0
-4.13913e-24
0
6.49111e-24
0
4.55618e-24
0
9.66536e-24
0
2.58328e-24
0
4.17806e-24
0
3.41019e-24
0
-8.33182e-25
0
-9.2642e-24
-0
-1.25161e-23
-0
-9.52416e-24
-0
-2.20741e-23
-0
1.04044e-22
-0
-6.24438e-23
-0
1.53045e-22
-0
-1.4399e-22
-0
-1.545e-22
-0
2.04442e-22
-0
1.10692e-22
-0
-3.75006e-22
-0
-2.88282e-22
-0
-1.06428e-23
7.40367e-24
-7.53938e-24
1.13091e-23
-7.72745e-24
1.15912e-23
-7.97181e-24
-1.79366e-23
-2.06956e-24
6.20869e-24
-4.3274e-24
-1.73096e-23
-4.55617e-24
-1.59466e-23
-4.83268e-24
-1.4498e-23
1.29164e-24
-7.74985e-24
-4.17806e-24
-9.74881e-24
-2.27346e-24
-4.54692e-24
0
3.85347e-24
3.70568e-24
1.48227e-23
8.34403e-24
4.17202e-23
1.90483e-23
6.66691e-23
4.41482e-23
1.1037e-22
0
6.50271e-23
3.12218e-23
1.7172e-22
0
1.14784e-22
0
-9.59935e-23
0
-1.236e-22
4.08884e-23
2.45331e-22
5.53459e-23
-2.76729e-22
-7.50012e-23
-1.87503e-22
0
-2.40235e-22
-0
-0
-0
-0
-0
-0
-0
-0
-0
-0
-0
0
0
0
0
0
0
0
0
0
0
0
0
0
0
)
;
    }
    baffle_master
    {
        type            calculated;
        value           nonuniform List<scalar> 
150
(
-3.21164e-31
0
0
-3.16074e-31
0
-1.94126e-30
-4.74031e-31
0
0
-2.01606e-31
0
7.76631e-30
3.16636e-29
0
2.33008e-29
2.65965e-30
0
0
-4.38501e-31
0
-3.88411e-30
5.90554e-31
0
3.88444e-30
-7.55565e-30
0
-1.5539e-29
1.29154e-29
0
0
-2.35154e-29
0
3.10833e-29
-2.0832e-29
0
0
2.21864e-30
0
0
-1.2149e-30
0
-3.88639e-30
-2.62212e-30
0
0
-6.14459e-30
0
0
-1.4518e-28
0
-1.24395e-28
3.74589e-30
0
0
-8.64593e-29
0
-6.22078e-29
1.01833e-29
0
0
-2.82427e-30
0
-1.55545e-29
2.51449e-29
0
1.55558e-29
-2.05523e-30
0
0
7.5855e-30
0
0
-1.25658e-29
0
3.11191e-29
1.9411e-30
-5.21394e-30
0
0
-6.58931e-30
0
-1.94142e-30
5.28898e-30
-0
-1.55326e-29
1.62108e-29
-0
0
-7.1285e-30
-0
-7.76759e-30
1.11324e-29
-0
-3.88411e-30
5.31023e-30
-0
0
-1.11813e-29
0
-4.66171e-29
-2.92926e-29
0
6.21614e-29
-6.63941e-29
0
3.10833e-29
-7.053e-29
0
6.21719e-29
-5.39086e-29
0
0
-3.53104e-29
0
0
-6.29062e-30
0
0
2.31075e-29
-0
0
4.65072e-29
-0
6.21975e-29
7.7627e-29
-0
-6.22026e-29
1.73234e-29
-0
6.22078e-29
-2.53441e-29
-0
0
-4.56081e-29
-0
0
-2.61625e-29
-0
1.55558e-29
-2.34223e-29
-0
5.8339e-30
5.02399e-30
-0
7.77916e-30
1.32016e-29
0
0
7.43523e-29
0
)
;
    }
    baffle_slave
    {
        type            calculated;
        value           nonuniform List<scalar> 
150
(
6.25004e-24
-0
7.29773e-24
1.58363e-24
-0
0
1.31903e-24
-0
-3.80742e-24
1.97199e-24
-0
0
-1.20786e-23
-0
-4.07786e-24
-3.18561e-24
-0
0
1.74665e-25
-0
0
-1.59309e-24
-0
0
-1.82178e-24
-0
0
-3.84284e-25
-0
0
9.29297e-25
-0
1.49249e-24
-2.55423e-25
0
4.10226e-25
0
0
-3.64925e-24
-1.08738e-24
0
0
1.24155e-24
0
-9.38282e-24
-7.45133e-24
0
-2.17551e-23
-8.00745e-23
0
-7.69478e-23
2.39907e-25
0
0
-8.09401e-23
0
-7.55817e-23
-1.29406e-23
0
0
-4.29193e-24
0
-6.11929e-23
1.46719e-22
0
1.6223e-22
3.09009e-23
0
1.10036e-22
-1.51702e-23
0
0
3.74908e-23
0
0
-4.26085e-24
2.81252e-23
0
-2.3308e-24
1.12806e-23
0
-4.09959e-25
9.38883e-24
0
-5.36197e-24
9.14532e-24
0
4.53267e-25
-1.32135e-23
0
-2.78287e-24
1.00587e-23
0
-9.24234e-25
1.11109e-23
0
-3.56554e-24
9.9846e-24
0
4.40542e-24
9.06064e-24
0
1.37226e-24
4.21645e-24
0
-1.5493e-24
3.97275e-24
0
3.74756e-25
2.89905e-24
0
7.5005e-24
-7.81061e-25
0
7.54837e-24
-6.14048e-24
0
7.71881e-24
-1.5921e-23
0
2.29462e-23
-2.06605e-23
0
-4.83229e-23
-3.2549e-23
0
2.50146e-23
-3.71256e-23
0
-4.54618e-23
4.26775e-24
0
1.05812e-23
5.08381e-23
0
1.60991e-23
4.29193e-23
0
-1.65159e-22
1.64426e-22
0
-2.16049e-22
-1.27037e-22
0
-3.8115e-23
1.28363e-22
0
6.52175e-23
1.46964e-22
0
)
;
    }
}


// ************************************************************************* //
