/*--------------------------------*- C++ -*----------------------------------*\
| =========                 |                                                 |
| \\      /  F ield         | OpenFOAM: The Open Source CFD Toolbox           |
|  \\    /   O peration     | Version:  2212                                  |
|   \\  /    A nd           | Website:  www.openfoam.com                      |
|    \\/     M anipulation  |                                                 |
\*---------------------------------------------------------------------------*/
FoamFile
{
    version     2.0;
    format      ascii;
    arch        "LSB;label=32;scalar=64";
    class       volVectorField;
    location    "84/fluidRegion";
    object      U;
}
// * * * * * * * * * * * * * * * * * * * * * * * * * * * * * * * * * * * * * //

dimensions      [0 1 -1 0 0 0 0];

internalField   nonuniform List<vector> 
350
(
(4.09466e-10 2.36405e-10 -14.967)
(4.41958e-10 2.55164e-10 -14.9659)
(2.31819e-10 1.3384e-10 -14.9649)
(2.47672e-12 1.42993e-12 -14.964)
(-1.62907e-10 -9.40542e-11 -14.9632)
(-2.70842e-10 -1.5637e-10 -14.9623)
(-3.01003e-10 -1.73783e-10 -14.9614)
(-2.20077e-10 -1.27061e-10 -14.9605)
(-4.5812e-11 -2.64495e-11 -14.9595)
(1.60511e-10 9.2671e-11 -14.9584)
(3.00974e-10 1.73767e-10 -14.9571)
(3.10912e-10 1.79504e-10 -14.9557)
(1.80086e-10 1.03972e-10 -14.9542)
(-4.18578e-11 -2.41665e-11 -14.9526)
(-2.76898e-10 -1.59867e-10 -14.951)
(-4.57557e-10 -2.6417e-10 -14.9495)
(-5.3093e-10 -3.06532e-10 -14.9479)
(-4.84461e-10 -2.79703e-10 -14.9464)
(-3.49333e-10 -2.01687e-10 -14.945)
(-1.73415e-10 -1.00121e-10 -14.9437)
(-9.5334e-12 -5.50409e-12 -14.9425)
(1.01767e-10 5.87549e-11 -14.9414)
(1.41695e-10 8.18074e-11 -14.9403)
(1.66051e-10 9.58695e-11 -14.9394)
(3.74196e-10 2.16041e-10 -14.9695)
(4.09466e-10 2.36405e-10 -14.967)
(4.41958e-10 2.55164e-10 -14.9659)
(2.31819e-10 1.3384e-10 -14.9649)
(2.47671e-12 1.42992e-12 -14.964)
(-1.62907e-10 -9.40542e-11 -14.9632)
(-2.70842e-10 -1.5637e-10 -14.9623)
(-3.01003e-10 -1.73783e-10 -14.9614)
(-2.20077e-10 -1.27061e-10 -14.9605)
(-4.5812e-11 -2.64495e-11 -14.9595)
(1.60511e-10 9.2671e-11 -14.9584)
(3.00974e-10 1.73767e-10 -14.9571)
(3.10912e-10 1.79504e-10 -14.9557)
(1.80086e-10 1.03972e-10 -14.9542)
(-4.18578e-11 -2.41665e-11 -14.9526)
(-2.76898e-10 -1.59867e-10 -14.951)
(-4.57557e-10 -2.6417e-10 -14.9495)
(-5.3093e-10 -3.06532e-10 -14.9479)
(-4.84461e-10 -2.79703e-10 -14.9464)
(-3.49333e-10 -2.01687e-10 -14.945)
(-1.73415e-10 -1.00121e-10 -14.9437)
(-9.53341e-12 -5.5041e-12 -14.9425)
(1.01767e-10 5.87549e-11 -14.9414)
(1.41695e-10 8.18074e-11 -14.9403)
(1.66051e-10 9.58695e-11 -14.9394)
(3.74196e-10 2.16041e-10 -14.9695)
(-0.00197627 -0.001141 -423.826)
(-0.000938347 -0.000541754 -415.837)
(-0.00101664 -0.000586958 -405.731)
(-0.000914874 -0.000528202 -393.301)
(-0.000828185 -0.000478153 -378.74)
(-0.000747887 -0.000431792 -362.249)
(-0.000673533 -0.000388864 -344.039)
(-0.000601466 -0.000347256 -324.325)
(-0.000523659 -0.000302335 -303.326)
(-0.000426918 -0.000246481 -281.27)
(-0.000294658 -0.000170121 -258.396)
(-0.000110616 -6.38642e-05 -234.962)
(0.000130124 7.51272e-05 -211.248)
(0.000408036 0.00023558 -187.565)
(0.000691671 0.000399336 -164.252)
(0.000933241 0.000538806 -141.663)
(0.00109539 0.000632425 -120.144)
(0.00116815 0.000674434 -100.01)
(0.00117082 0.000675975 -81.5295)
(0.00113762 0.000656805 -64.9231)
(0.00109952 0.000634808 -50.3825)
(0.00106384 0.000614208 -38.0955)
(0.00101509 0.000586062 -28.2707)
(0.000882298 0.000509395 -21.1346)
(0.000840143 0.000485056 -16.6338)
(-0.00191472 -0.00112379 -426.56)
(-0.000691655 -0.000401044 -418.527)
(-0.000781859 -0.000454858 -408.389)
(-0.000711246 -0.000414278 -395.905)
(-0.000651347 -0.000380161 -381.273)
(-0.000595803 -0.000348403 -364.696)
(-0.000544123 -0.00031884 -346.384)
(-0.000493484 -0.000290147 -326.553)
(-0.00043808 -0.000258686 -305.425)
(-0.00036839 -0.000219082 -283.228)
(-0.000272949 -0.000164913 -260.202)
(-0.00014058 -8.90806e-05 -236.604)
(3.33854e-05 1.01433e-05 -212.717)
(0.000227464 0.000121241 -188.855)
(0.000424473 0.00023398 -165.359)
(0.000590465 0.000328547 -142.588)
(0.000700757 0.000390607 -120.893)
(0.000749636 0.000416725 -100.597)
(0.0007512 0.000414704 -81.969)
(0.000728982 0.00039838 -65.2341)
(0.000704449 0.000381358 -50.5856)
(0.000683738 0.000368992 -38.2128)
(0.000661935 0.000356667 -28.3258)
(0.000603597 0.00032698 -21.1517)
(0.000629691 0.000342149 -16.6358)
(-0.000872666 -0.000657444 -423.389)
(-0.000502148 -0.000953431 -415.398)
(-0.000488504 -0.000912311 -405.3)
(-0.000443898 -0.000802491 -392.88)
(-0.000402271 -0.000705969 -378.332)
(-0.000364103 -0.00061703 -361.857)
(-0.000328257 -0.000535061 -343.664)
(-0.000292055 -0.000456064 -323.969)
(-0.00025005 -0.000371102 -302.992)
(-0.000194126 -0.000265509 -280.959)
(-0.000115045 -0.000120028 -258.111)
(-6.11597e-06 8.24791e-05 -234.703)
(0.00013548 0.000344951 -211.016)
(0.000288147 0.0006596 -187.362)
(0.000438014 0.000980193 -164.078)
(0.000557685 0.00125376 -141.517)
(0.000630141 0.0014364 -120.025)
(0.000654219 0.00151604 -99.9169)
(0.000643389 0.00151472 -81.4588)
(0.000616428 0.00147188 -64.872)
(0.000587723 0.00142067 -50.3476)
(0.000561465 0.00136545 -38.0733)
(0.000522143 0.00126997 -28.2577)
(0.000456172 0.00102861 -21.1277)
(0.000397421 0.000810739 -16.6315)
(-0.000971832 -0.000561086 -425.95)
(-0.000911877 -0.000526471 -417.928)
(-0.000877999 -0.000506912 -407.795)
(-0.000781358 -0.000451116 -395.322)
(-0.000695037 -0.000401278 -380.705)
(-0.000615604 -0.000355418 -364.146)
(-0.00054188 -0.000312853 -345.856)
(-0.000469866 -0.000271277 -326.051)
(-0.000390405 -0.0002254 -304.951)
(-0.000289202 -0.00016697 -282.785)
(-0.000148571 -8.5777e-05 -259.793)
(4.64795e-05 2.68349e-05 -236.231)
(0.000299576 0.00017296 -212.383)
(0.000592083 0.000341838 -188.561)
(0.000886505 0.000511823 -165.107)
(0.00113246 0.000653825 -142.377)
(0.00129177 0.000745802 -120.722)
(0.00135617 0.000782983 -100.463)
(0.0013481 0.000778321 -81.8687)
(0.00130397 0.000752848 -65.1632)
(0.00125354 0.000723728 -50.5395)
(0.00120254 0.000694288 -38.1864)
(0.00111843 0.000645725 -28.3136)
(0.000927363 0.000535411 -21.1483)
(0.000755657 0.000436278 -16.6356)
(0.000954739 0.000551217 -425.951)
(0.000914991 0.000528269 -417.928)
(0.000879436 0.000507741 -407.795)
(0.000782907 0.00045201 -395.322)
(0.000696051 0.000401865 -380.705)
(0.000616217 0.000355772 -364.146)
(0.000542389 0.000313148 -345.856)
(0.000469944 0.000271322 -326.051)
(0.00039016 0.000225258 -304.951)
(0.000288722 0.000166694 -282.785)
(0.000147387 8.50939e-05 -259.793)
(-4.84547e-05 -2.79753e-05 -236.231)
(-0.000302559 -0.000174682 -212.383)
(-0.000595975 -0.000344085 -188.561)
(-0.000891163 -0.000514512 -165.107)
(-0.00113778 -0.000656898 -142.377)
(-0.001298 -0.000749398 -120.722)
(-0.00136371 -0.000787339 -100.463)
(-0.0013569 -0.000783403 -81.8687)
(-0.0013142 -0.000758749 -65.1632)
(-0.00126538 -0.000730565 -50.5395)
(-0.00121488 -0.000701411 -38.1864)
(-0.00113063 -0.000652765 -28.3136)
(-0.000937372 -0.000541191 -21.1483)
(-0.000762837 -0.000440423 -16.6356)
(0.000992696 0.000436471 -423.39)
(0.00107843 -4.07927e-05 -415.398)
(0.00103451 -3.10141e-05 -405.301)
(0.000917081 -1.44722e-05 -392.881)
(0.000812413 -2.32032e-06 -378.332)
(0.000716097 9.16605e-06 -361.857)
(0.000627059 1.93324e-05 -343.664)
(0.000540305 2.75841e-05 -323.969)
(0.00044549 3.39907e-05 -302.992)
(0.000325823 3.88417e-05 -280.959)
(0.000159841 4.34264e-05 -258.111)
(-7.03781e-05 5.0433e-05 -234.703)
(-0.000369071 5.93682e-05 -211.016)
(-0.000718408 8.4793e-05 -187.362)
(-0.00107145 0.000115721 -164.078)
(-0.00136861 0.00014924 -141.517)
(-0.00156352 0.00017792 -120.025)
(-0.00164515 0.0001965 -99.917)
(-0.00163926 0.00020484 -81.4588)
(-0.00158941 0.000205927 -64.872)
(-0.00153167 0.000204408 -50.3475)
(-0.00147119 0.00019877 -38.0732)
(-0.00136926 0.000185296 -28.2577)
(-0.00112606 0.00012125 -21.1277)
(-0.000905198 5.81564e-05 -16.6315)
(0.00191681 0.00112097 -426.56)
(0.000694318 0.000397632 -418.527)
(0.000784753 0.000451448 -408.389)
(0.000714312 0.000410808 -395.905)
(0.000654447 0.000376307 -381.273)
(0.00059889 0.000344452 -364.696)
(0.000547258 0.000314858 -346.384)
(0.000496713 0.000285822 -326.553)
(0.000441448 0.000254193 -305.425)
(0.000371926 0.000214463 -283.228)
(0.000276557 0.000159908 -260.202)
(0.000144194 8.3731e-05 -236.604)
(-2.98222e-05 -1.60065e-05 -212.717)
(-0.00022406 -0.000127331 -188.855)
(-0.000421292 -0.000240251 -165.359)
(-0.000587617 -0.00033532 -142.588)
(-0.000698701 -0.000398206 -120.893)
(-0.00074917 -0.000425679 -100.597)
(-0.000753316 -0.000425427 -81.969)
(-0.000735148 -0.000411438 -65.2341)
(-0.000719548 -0.000393725 -50.5856)
(-0.000710583 -0.000377487 -38.2128)
(-0.000702108 -0.00035951 -28.3258)
(-0.000649704 -0.000325049 -21.1517)
(-0.000671916 -0.000351413 -16.6358)
(0.00197638 0.00114106 -423.826)
(0.000938551 0.000541872 -415.836)
(0.00101694 0.000587129 -405.731)
(0.000915211 0.000528397 -393.301)
(0.000828445 0.000478303 -378.74)
(0.000748123 0.000431929 -362.249)
(0.000673772 0.000389002 -344.039)
(0.000601664 0.00034737 -324.325)
(0.000523875 0.000302459 -303.326)
(0.000427163 0.000246622 -281.27)
(0.000294838 0.000170225 -258.396)
(0.000110692 6.3908e-05 -234.962)
(-0.000130194 -7.51675e-05 -211.248)
(-0.000408219 -0.000235685 -187.565)
(-0.000691993 -0.000399522 -164.252)
(-0.000933844 -0.000539155 -141.663)
(-0.00109657 -0.000633102 -120.144)
(-0.00117039 -0.000675726 -100.01)
(-0.00117474 -0.000678234 -81.5295)
(-0.00114413 -0.000660561 -64.9231)
(-0.0011102 -0.000640975 -50.3825)
(-0.00107934 -0.000623158 -38.0955)
(-0.00103593 -0.000598094 -28.2706)
(-0.000905039 -0.000522524 -21.1346)
(-0.000864882 -0.000499339 -16.6338)
(0.000974198 0.000562452 -425.95)
(0.000914633 0.000528062 -417.928)
(0.000881047 0.000508671 -407.795)
(0.000784631 0.000453006 -395.322)
(0.000698093 0.000403043 -380.705)
(0.000618554 0.000357121 -364.146)
(0.000544992 0.00031465 -345.856)
(0.00047295 0.000273057 -326.051)
(0.000393617 0.000227254 -304.951)
(0.000292743 0.000169015 -282.785)
(0.000152221 8.78848e-05 -259.793)
(-4.30468e-05 -2.4853e-05 -236.231)
(-0.000296059 -0.000170929 -212.383)
(-0.000588433 -0.000339731 -188.561)
(-0.000882404 -0.000509454 -165.107)
(-0.00112749 -0.000650957 -142.377)
(-0.00128553 -0.000742201 -120.722)
(-0.00134809 -0.00077832 -100.463)
(-0.00133636 -0.000771544 -81.8687)
(-0.00128689 -0.000742985 -65.1632)
(-0.00122747 -0.00070868 -50.5395)
(-0.00116582 -0.000673087 -38.1864)
(-0.0010697 -0.000617592 -28.3136)
(-0.000874821 -0.000505077 -21.1483)
(-0.000706918 -0.000408138 -16.6356)
(0.000875683 0.000656535 -423.389)
(0.000505824 0.000952229 -415.398)
(0.000492505 0.000911008 -405.3)
(0.000448142 0.000801083 -392.88)
(0.000406446 0.000704489 -378.332)
(0.000368222 0.000615549 -361.857)
(0.000332492 0.000533563 -343.664)
(0.000296355 0.000454506 -323.969)
(0.000254512 0.000369479 -302.992)
(0.000198853 0.000263811 -280.959)
(0.000119845 0.000118288 -258.111)
(1.09625e-05 -8.4256e-05 -234.703)
(-0.000130683 -0.000346689 -211.016)
(-0.000283446 -0.000661183 -187.362)
(-0.000433295 -0.000981501 -164.078)
(-0.000552817 -0.00125464 -141.517)
(-0.000625208 -0.00143639 -120.025)
(-0.000649402 -0.0015144 -99.9169)
(-0.000638276 -0.00151027 -81.4589)
(-0.000610948 -0.0014633 -64.872)
(-0.000582738 -0.00140345 -50.3476)
(-0.000557528 -0.00133728 -38.0733)
(-0.000519306 -0.00122981 -28.2577)
(-0.000453495 -0.000983147 -21.1278)
(-0.000391689 -0.000770395 -16.6315)
(-0.000991738 -0.0004373 -423.39)
(-0.00107737 3.97824e-05 -415.398)
(-0.00103335 3.02175e-05 -405.301)
(-0.000915865 1.37919e-05 -392.881)
(-0.000811261 1.23013e-06 -378.332)
(-0.000714969 -1.03874e-05 -361.857)
(-0.000625889 -2.05058e-05 -343.664)
(-0.000539127 -2.90521e-05 -323.969)
(-0.000444262 -3.55199e-05 -302.992)
(-0.00032447 -4.02941e-05 -280.959)
(-0.000158398 -4.51701e-05 -258.111)
(7.16414e-05 -5.25647e-05 -234.703)
(0.000370466 -6.19744e-05 -211.016)
(0.00071987 -8.77074e-05 -187.362)
(0.00107304 -0.000118879 -164.078)
(0.00137038 -0.000152952 -141.517)
(0.0015654 -0.00018278 -120.025)
(0.00164694 -0.000203551 -99.9169)
(0.00164083 -0.000214927 -81.4588)
(0.00158998 -0.000220515 -64.8719)
(0.00153092 -0.000222823 -50.3475)
(0.00146796 -0.000219522 -38.0732)
(0.00136286 -0.000207164 -28.2577)
(0.00111674 -0.000142003 -21.1277)
(0.000890983 -8.8282e-05 -16.6315)
(-0.000953133 -0.00055029 -425.95)
(-0.000913193 -0.000527231 -417.928)
(-0.000877355 -0.00050654 -407.795)
(-0.000780618 -0.000450689 -395.322)
(-0.000694047 -0.000400707 -380.705)
(-0.000614335 -0.000354685 -364.146)
(-0.00054036 -0.000311977 -345.856)
(-0.000468014 -0.000270208 -326.051)
(-0.000388139 -0.000224091 -304.951)
(-0.000286369 -0.000165335 -282.785)
(-0.000144941 -8.36812e-05 -259.793)
(5.04264e-05 2.91136e-05 -236.231)
(0.000304618 0.000175871 -212.383)
(0.000598113 0.00034532 -188.561)
(0.000893621 0.000515931 -165.107)
(0.00114076 0.000658614 -142.377)
(0.00130146 0.000751399 -120.722)
(0.00136747 0.000789505 -100.463)
(0.00136145 0.000786032 -81.8686)
(0.00131932 0.00076171 -65.1632)
(0.00127239 0.000734615 -50.5395)
(0.00122375 0.00070653 -38.1864)
(0.00114179 0.000659209 -28.3136)
(0.000946942 0.000546716 -21.1483)
(0.000763298 0.000440689 -16.6356)
)
;

boundaryField
{
    outletCentralUnloaded
    {
        type            zeroGradient;
    }
    inletCentralUnloaded
    {
        type            fixedValue;
        value           uniform (0 0 -15);
    }
    outletFuelElement
    {
        type            zeroGradient;
    }
    inletFuelElement
    {
        type            fixedValue;
        value           uniform (0 0 -15);
    }
    defaultFaces
    {
        type            slip;
    }
    baffle_master
    {
        type            slip;
    }
    baffle_slave
    {
        type            slip;
    }
}


// ************************************************************************* //
