/*--------------------------------*- C++ -*----------------------------------*\
| =========                 |                                                 |
| \\      /  F ield         | OpenFOAM: The Open Source CFD Toolbox           |
|  \\    /   O peration     | Version:  2212                                  |
|   \\  /    A nd           | Website:  www.openfoam.com                      |
|    \\/     M anipulation  |                                                 |
\*---------------------------------------------------------------------------*/
FoamFile
{
    version     2.0;
    format      ascii;
    arch        "LSB;label=32;scalar=64";
    class       surfaceScalarField;
    location    "89/fluidRegion";
    object      alphaPhi;
}
// * * * * * * * * * * * * * * * * * * * * * * * * * * * * * * * * * * * * * //

dimensions      [0 3 -1 0 0 0 0];

oriented        oriented;

internalField   nonuniform List<scalar> 
661
(
-0.000538934
3.13595e-13
-0.000538907
2.6855e-13
-0.000538882
6.14706e-14
-0.00053885
-1.4423e-13
-0.000538807
-2.53865e-13
-0.000538753
-2.46179e-13
-0.000538692
-1.42154e-13
-0.000538633
-2.04391e-15
-0.000538581
1.11824e-13
-0.00053854
1.58192e-13
-0.000538509
1.25967e-13
-0.000538484
2.22089e-14
-0.000538461
-1.01956e-13
-0.000538432
-2.01944e-13
-0.000538396
-2.39988e-13
-0.00053835
-1.99876e-13
-0.000538299
-1.09484e-13
-0.000538245
-6.40057e-15
-0.000538192
7.25862e-14
-0.000538142
9.4408e-14
-0.000538095
6.4874e-14
-0.000538049
1.74283e-14
-0.000538001
-1.79216e-14
-0.000537952
7.93164e-16
7.73248e-14
-0.000538934
-0.000538907
-0.000538882
-0.00053885
-0.000538807
-0.000538753
-0.000538692
-0.000538633
-0.000538581
-0.00053854
-0.000538509
-0.000538484
-0.000538461
-0.000538432
-0.000538396
-0.00053835
-0.000538299
-0.000538245
-0.000538192
-0.000538142
-0.000538095
-0.000538049
-0.000538001
-0.000537952
-0.0202314
1.41453e-06
-0.0198031
6.72018e-07
-0.0192585
7.28067e-07
-0.0186064
6.55244e-07
-0.0178566
5.93202e-07
-0.0170188
5.35725e-07
-0.0161034
4.82487e-07
-0.0151208
4.3087e-07
-0.0140817
3.75122e-07
-0.0129974
3.05798e-07
-0.0118796
2.11008e-07
-0.0107412
7.91009e-08
-0.00959654
-9.34173e-08
-0.0084612
-2.92641e-07
-0.00735211
-4.96047e-07
-0.00628642
-6.69449e-07
-0.00528036
-7.86082e-07
-0.00434807
-8.38763e-07
-0.00350115
-8.41218e-07
-0.0027493
-8.1772e-07
-0.00210125
-7.90322e-07
-0.00156637
-7.64241e-07
-0.00115537
-7.28759e-07
-0.00087935
-6.32357e-07
-6.01813e-07
-0.0203614
-3.63431e-08
-3.87507e-08
-0.0199322
-1.70859e-07
-1.7905e-07
-0.0193854
-1.61714e-07
-1.69994e-07
-0.0187303
-1.39147e-07
-1.4783e-07
-0.0179766
-1.19649e-07
-1.28692e-07
-0.0171343
-1.01611e-07
-1.11121e-07
-0.0162137
-8.50362e-08
-9.51145e-08
-0.0152251
-6.92707e-08
-7.99496e-08
-0.0141796
-5.27698e-08
-6.41836e-08
-0.0130881
-3.28834e-08
-4.51312e-08
-0.0119627
-5.881e-09
-1.9143e-08
-0.0108163
3.15548e-08
1.73757e-08
-0.00966303
8.01408e-08
6.46411e-08
-0.0085189
1.40804e-07
1.23804e-07
-0.00740096
2.0347e-07
1.84777e-07
-0.00632662
2.58213e-07
2.37711e-07
-0.00531236
2.95961e-07
2.73585e-07
-0.00437256
3.13587e-07
2.89504e-07
-0.00351897
3.1494e-07
2.8947e-07
-0.00276142
3.07408e-07
2.81323e-07
-0.00210869
2.97803e-07
2.72089e-07
-0.00157023
2.86237e-07
2.62531e-07
-0.00115682
2.66148e-07
2.45523e-07
-0.000879545
2.10329e-07
1.95319e-07
1.59139e-07
1.53572e-07
-0.0202101
6.9747e-07
-0.0197822
6.58738e-07
-0.0192379
6.3435e-07
-0.0185864
5.65198e-07
-0.0178373
5.03238e-07
-0.0170003
4.46161e-07
-0.0160858
3.93164e-07
-0.0151042
3.41236e-07
-0.0140662
2.839e-07
-0.012983
2.1093e-07
-0.0118665
1.09455e-07
-0.0107294
-3.08685e-08
-0.00958608
-2.13128e-07
-0.00845213
-4.23614e-07
-0.00734442
-6.35513e-07
-0.00628009
-8.12735e-07
-0.00527529
-9.27979e-07
-0.00434416
-9.75297e-07
-0.00349825
-9.70675e-07
-0.00274727
-9.40042e-07
-0.00209992
-9.05043e-07
-0.00156557
-8.69305e-07
-0.00115493
-8.09945e-07
-0.000879132
-6.72242e-07
-5.48309e-07
-0.0203325
6.0143e-09
-0.0199033
2.95116e-09
-0.019357
3.1818e-09
-0.0187025
3.05906e-09
-0.0179497
3.00037e-09
-0.0171083
2.85392e-09
-0.0161888
2.56057e-09
-0.0152016
2.24941e-09
-0.0141574
1.81744e-09
-0.0130676
1.25517e-09
-0.0119439
6.31427e-10
-0.0107992
-4.72516e-11
-0.00964789
-8.69076e-10
-0.00850575
-1.77359e-09
-0.00738981
-2.79292e-09
-0.00631744
-3.8535e-09
-0.00530505
-4.81068e-09
-0.00436697
-5.52103e-09
-0.0035149
-5.99497e-09
-0.00275866
-6.09593e-09
-0.00210701
-5.7583e-09
-0.00156937
-5.08776e-09
-0.00115651
-4.22738e-09
-0.000879527
-3.03935e-09
-2.29704e-09
-0.0203325
-6.84418e-07
-0.0199034
-6.52425e-07
-0.019357
-6.27254e-07
-0.0187025
-5.58234e-07
-0.0179497
-4.96298e-07
-0.0171084
-4.3941e-07
-0.0161888
-3.868e-07
-0.0152016
-3.35302e-07
-0.0141575
-2.78588e-07
-0.0130676
-2.06409e-07
-0.0119439
-1.05845e-07
-0.0107992
3.36073e-08
-0.00964791
2.14705e-07
-0.00850576
4.23891e-07
-0.00738982
6.34328e-07
-0.00631745
8.10008e-07
-0.00530506
9.23803e-07
-0.00436697
9.69894e-07
-0.0035149
9.64148e-07
-0.00275866
9.3266e-07
-0.00210701
8.97132e-07
-0.00156937
8.61262e-07
-0.00115652
8.01846e-07
-0.000879528
6.65367e-07
5.42377e-07
-0.0202101
3.40949e-08
-0.0197822
1.73734e-07
-0.019238
1.64408e-07
-0.0185865
1.42085e-07
-0.0178373
1.22928e-07
-0.0170003
1.0527e-07
-0.0160858
8.91214e-08
-0.0151042
7.38859e-08
-0.0140662
5.7966e-08
-0.012983
3.87369e-08
-0.0118665
1.25694e-08
-0.0107294
-2.40932e-08
-0.00958609
-7.15989e-08
-0.00845214
-1.3121e-07
-0.00734443
-1.9282e-07
-0.00628009
-2.46566e-07
-0.0052753
-2.83432e-07
-0.00434417
-3.00449e-07
-0.00349825
-3.01731e-07
-0.00274727
-2.94882e-07
-0.00209992
-2.86695e-07
-0.00156557
-2.77259e-07
-0.00115493
-2.6005e-07
-0.00087913
-2.06815e-07
-1.57341e-07
-0.0203614
-1.4139e-06
-4.39276e-08
-0.0199322
-6.71095e-07
-1.79901e-07
-0.0193854
-7.2714e-07
-1.71119e-07
-0.0187303
-6.54318e-07
-1.48743e-07
-0.0179766
-5.92199e-07
-1.29451e-07
-0.0171343
-5.34686e-07
-1.11622e-07
-0.0162137
-4.81447e-07
-9.52181e-08
-0.0152251
-4.29808e-07
-7.96107e-08
-0.0141796
-3.7411e-07
-6.32322e-08
-0.0130881
-3.04873e-07
-4.34308e-08
-0.0119627
-2.10181e-07
-1.64213e-08
-0.0108163
-7.83755e-08
2.08881e-08
-0.00966303
9.38614e-08
6.95529e-08
-0.0085189
2.92676e-07
1.30368e-07
-0.00740096
4.95385e-07
1.93405e-07
-0.00632662
6.67776e-07
2.48877e-07
-0.00531236
7.83021e-07
2.87819e-07
-0.00437256
8.33817e-07
3.07309e-07
-0.00351897
8.33638e-07
3.11454e-07
-0.00276142
8.06758e-07
3.07655e-07
-0.00210869
7.75185e-07
3.02429e-07
-0.00157023
7.45162e-07
2.95161e-07
-0.00115682
7.0503e-07
2.78384e-07
-0.000879545
6.07925e-07
2.23972e-07
5.80444e-07
1.74396e-07
-0.0202314
-0.0198031
-0.0192585
-0.0186064
-0.0178566
-0.0170188
-0.0161034
-0.0151208
-0.0140817
-0.0129974
-0.0118796
-0.0107412
-0.00959654
-0.0084612
-0.00735211
-0.00628642
-0.00528036
-0.00434807
-0.00350115
-0.0027493
-0.00210125
-0.00156637
-0.00115537
-0.00087935
-0.0203325
-6.87564e-07
-3.4505e-10
-0.0199033
-6.47358e-07
-4.46392e-09
-0.019357
-6.22612e-07
-4.46799e-09
-0.0187025
-5.53233e-07
-4.71074e-09
-0.0179497
-4.90969e-07
-5.04517e-09
-0.0171083
-4.33655e-07
-5.40639e-09
-0.0161888
-3.80523e-07
-5.78e-09
-0.0152016
-3.2844e-07
-6.24969e-09
-0.0141574
-2.71017e-07
-6.78182e-09
-0.0130676
-1.97998e-07
-7.33596e-09
-0.0119439
-9.64974e-08
-8.29892e-09
-0.0107992
4.39347e-08
-8.87852e-09
-0.00964789
2.26322e-07
-1.01417e-08
-0.00850575
4.36999e-07
-1.15149e-08
-0.00738981
6.49215e-07
-1.31758e-08
-0.00631744
8.26999e-07
-1.52184e-08
-0.00530505
9.43345e-07
-1.78187e-08
-0.00436697
9.92457e-07
-2.10303e-08
-0.0035149
9.90452e-07
-2.47469e-08
-0.00275866
9.63226e-07
-2.85816e-08
-0.00210701
9.32589e-07
-3.21424e-08
-0.00156937
9.00946e-07
-3.38903e-08
-0.00115651
8.44305e-07
-3.31689e-08
-0.000879527
7.05356e-07
-2.86849e-08
5.72682e-07
-2.04264e-08
-0.0202101
-0.0197822
-0.0192379
-0.0185864
-0.0178373
-0.0170003
-0.0160858
-0.0151042
-0.0140662
-0.012983
-0.0118665
-0.0107294
-0.00958608
-0.00845213
-0.00734442
-0.00628009
-0.00527529
-0.00434416
-0.00349825
-0.00274727
-0.00209992
-0.00156557
-0.00115493
-0.000879132
-0.0202101
6.88019e-07
-0.0197822
6.5626e-07
-0.019238
6.3113e-07
-0.0185865
5.6216e-07
-0.0178373
5.00432e-07
-0.0170003
4.43663e-07
-0.0160858
3.91076e-07
-0.0151042
3.3967e-07
-0.0140662
2.82972e-07
-0.012983
2.10748e-07
-0.0118665
1.1032e-07
-0.0107294
-2.93919e-08
-0.00958609
-2.10282e-07
-0.00845214
-4.19432e-07
-0.00734443
-6.29953e-07
-0.00628009
-8.0581e-07
-0.0052753
-9.1986e-07
-0.00434416
-9.66469e-07
-0.00349825
-9.61994e-07
-0.00274727
-9.32893e-07
-0.00209992
-9.01149e-07
-0.00156557
-8.70147e-07
-0.00115493
-8.1621e-07
-0.00087913
-6.82218e-07
-5.55971e-07
-0.0203325
-0.0199034
-0.019357
-0.0187025
-0.0179497
-0.0171084
-0.0161888
-0.0152016
-0.0141575
-0.0130676
-0.0119439
-0.0107992
-0.0096479
-0.00850576
-0.00738982
-0.00631745
-0.00530506
-0.00436697
-0.0035149
-0.00275866
-0.00210701
-0.00156937
-0.00115652
-0.000879529
)
;

boundaryField
{
    outletCentralUnloaded
    {
        type            calculated;
        value           nonuniform List<scalar> 2(0.000538972 0.000538972);
    }
    inletCentralUnloaded
    {
        type            calculated;
        value           uniform -0.000540134;
    }
    outletFuelElement
    {
        type            calculated;
        value           nonuniform List<scalar> 
12
(
0.0205723
0.0207055
0.0205515
0.0206757
0.0206758
0.0205515
0.0207055
0.0205723
0.0206757
0.0205515
0.0205515
0.0206758
)
;
    }
    inletFuelElement
    {
        type            calculated;
        value           nonuniform List<scalar> 
12
(
-0.000722059
-0.00072206
-0.000722059
-0.000722059
-0.00072206
-0.000722059
-0.00072206
-0.000722059
-0.000722059
-0.000722059
-0.000722059
-0.00072206
)
;
    }
    defaultFaces
    {
        type            calculated;
        value           nonuniform List<scalar> 
450
(
5.13492e-23
-2.50154e-23
0
1.83794e-23
-1.17406e-23
0
1.65128e-23
6.27036e-24
0
-4.04455e-23
-1.39033e-23
0
-1.71676e-23
-3.7444e-23
0
-3.58899e-23
-1.64205e-23
0
-4.14464e-23
-1.18514e-23
0
-2.90969e-23
-1.77541e-23
0
-2.15108e-23
-9.25052e-24
0
-2.14062e-23
-1.81157e-24
0
-1.28562e-23
-9.06912e-24
0
-5.43717e-24
-2.51931e-24
0
6.38755e-24
2.86506e-24
0
1.84444e-23
9.30565e-24
0
3.72637e-23
1.71405e-23
0
4.02269e-23
1.13924e-23
0
2.95973e-23
-6.43657e-24
0
7.11208e-23
5.22332e-24
0
4.46715e-23
-3.29783e-23
0
-1.48274e-23
-2.34303e-23
0
-1.29588e-23
-2.82483e-23
0
3.85557e-23
-1.51646e-23
0
-2.6675e-23
1.06065e-23
0
-2.22276e-23
-1.91466e-23
0
-2.25311e-23
-1.95632e-23
0
3.81078e-23
0
2.40681e-23
0
8.0227e-24
0
1.60454e-23
0
-1.60454e-23
0
8.0227e-24
0
8.0227e-24
0
1.00284e-23
0
-1.00284e-23
0
8.0227e-24
0
5.2649e-24
0
-2.00567e-24
0
-1.2034e-23
0
-1.2034e-23
0
-2.40681e-23
0
-1.60454e-23
0
4.81362e-23
0
-3.20908e-23
0
1.60454e-23
0
-4.81362e-23
0
-3.20908e-23
0
4.81362e-23
0
0
0
-1.60454e-23
0
-2.40681e-23
0
-1.60454e-23
0
0
-1.60454e-23
1.60454e-23
-8.0227e-24
-8.0227e-24
-8.0227e-24
8.0227e-24
-4.01135e-24
-2.00567e-24
5.01419e-25
0
8.0227e-24
8.0227e-24
1.60454e-23
-3.20908e-23
0
-3.20908e-23
0
3.20908e-23
-3.20908e-23
-3.20908e-23
1.60454e-23
0
0
0
0
0
0
0
0
0
0
0
0
0
0
0
0
0
0
0
0
0
0
0
0
0
0
-1.50426e-23
1.60454e-23
1.60454e-23
1.60454e-23
1.60454e-23
4.81362e-23
-1.60454e-23
-1.2034e-23
2.00567e-23
-1.2034e-23
-1.60454e-23
-8.0227e-24
-8.0227e-24
-1.60454e-23
-8.0227e-24
-8.0227e-24
1.40397e-23
-8.0227e-24
-6.01702e-24
-6.01702e-24
-3.50993e-24
-2.00567e-24
1.00284e-24
1.75497e-24
6.01702e-24
8.0227e-24
8.0227e-24
1.2034e-23
2.40681e-23
2.40681e-23
3.20908e-23
1.60454e-23
-2.40681e-23
4.01135e-23
3.20908e-23
3.20908e-23
-4.81362e-23
4.81362e-23
-4.81362e-23
-4.81362e-23
0
-2.40681e-23
-4.01135e-23
4.01135e-23
-1.60454e-23
-4.01135e-23
8.0227e-24
-2.00567e-23
-2.40681e-23
-2.40681e-23
5.13634e-23
0
-3.20908e-23
9.7814e-24
0
8.0227e-24
2.83685e-23
0
-6.41816e-23
-4.96355e-23
0
2.40681e-23
2.14739e-23
0
-8.0227e-24
-4.28594e-23
0
1.60454e-23
-4.29038e-23
0
1.60454e-23
-3.97595e-23
0
0
-2.09444e-23
0
-8.0227e-24
-3.08521e-23
0
8.0227e-24
-1.5005e-23
0
4.01135e-24
-6.43187e-24
0
3.00851e-24
8.32409e-24
-0
-4.01135e-24
3.09622e-23
-0
-4.01135e-24
4.17052e-23
-0
-8.0227e-24
5.88997e-23
-0
-8.0227e-24
4.62028e-23
-0
-3.20908e-23
7.79604e-23
-0
-3.20908e-23
2.48044e-23
-0
-1.60454e-23
-2.1308e-23
-0
1.60454e-23
-1.73001e-23
-0
0
3.22492e-23
-0
1.60454e-23
-1.91178e-23
-0
0
-2.62177e-24
-0
1.60454e-23
-1.50787e-23
-0
8.0227e-24
-1.60454e-23
0
8.0227e-24
-8.0227e-24
1.60454e-23
-8.0227e-24
-8.0227e-24
-4.01135e-24
0
-4.01135e-24
-2.00567e-24
0
4.01135e-24
0
0
1.60454e-23
-6.41816e-23
3.20908e-23
-4.81362e-23
-1.60454e-23
0
-1.60454e-23
-3.20908e-23
0
0
3.00851e-23
0
1.60454e-23
0
0
0
1.60454e-23
0
-1.60454e-23
0
1.60454e-23
0
4.01135e-24
0
8.0227e-24
0
0
0
1.00284e-23
0
3.00851e-24
0
-3.00851e-24
-0
-6.01702e-24
-0
-2.40681e-23
-0
-1.60454e-23
-0
-3.20908e-23
-0
4.81362e-23
-0
-3.20908e-23
-0
3.20908e-23
-0
-3.20908e-23
-0
-3.20908e-23
-0
4.81362e-23
-0
8.0227e-24
-0
-4.01135e-23
-0
-2.40681e-23
-0
-2.00567e-23
0
-1.60454e-23
2.40681e-23
-1.60454e-23
3.20908e-23
-8.0227e-24
-4.01135e-23
0
2.00567e-23
-8.0227e-24
-3.61021e-23
-1.2034e-23
-2.40681e-23
-1.2034e-23
-2.80794e-23
0
-1.2034e-23
-6.01702e-24
-1.60454e-23
-3.00851e-24
-7.01986e-24
5.01419e-25
3.80765e-24
6.01702e-24
1.60454e-23
1.2034e-23
3.20908e-23
8.0227e-24
5.61589e-23
2.40681e-23
7.22043e-23
-8.0227e-24
4.01135e-23
3.20908e-23
8.82497e-23
0
5.61589e-23
0
-2.40681e-23
0
-2.40681e-23
0
4.01135e-23
1.60454e-23
-2.40681e-23
0
-3.20908e-23
-8.0227e-24
-1.60454e-23
-0
-0
-0
-0
-0
-0
-0
-0
-0
-0
-0
0
0
0
0
0
0
0
0
0
0
0
0
0
0
)
;
    }
    baffle_master
    {
        type            calculated;
        value           nonuniform List<scalar> 
150
(
3.84546e-30
0
0
-3.69979e-31
0
0
8.11089e-32
0
0
-2.25478e-31
0
2.86167e-30
-1.3867e-29
0
-1.14467e-29
9.22164e-31
0
5.72334e-30
-8.93454e-31
0
2.86167e-30
5.58468e-33
0
0
-7.72937e-32
0
2.86167e-30
-1.67654e-30
0
0
-1.02047e-30
0
0
-3.78896e-31
0
0
1.00802e-31
0
1.43084e-30
-5.38474e-31
0
2.86167e-30
-5.71572e-31
0
2.86167e-30
-1.34499e-30
0
-5.72334e-30
1.05864e-29
0
4.29251e-30
1.59482e-32
0
8.94272e-32
-5.47268e-30
0
-2.86167e-30
1.45778e-31
0
0
7.99376e-31
0
0
8.47925e-31
0
3.57709e-31
1.1439e-32
0
0
-5.07037e-33
0
0
2.45996e-31
0
-1.43084e-30
0
1.0292e-29
-0
-5.72334e-30
8.7746e-30
-0
-1.43084e-30
2.29614e-30
-0
0
-5.05573e-30
0
-5.72334e-30
8.62362e-30
0
5.72334e-30
-7.55843e-30
0
5.72334e-30
-3.24521e-30
0
4.47136e-32
-8.23398e-32
0
2.86167e-30
3.04543e-30
-0
-2.86167e-30
6.89135e-30
-0
-2.86167e-30
5.31227e-31
-0
-3.57709e-31
4.77071e-31
-0
1.43084e-30
-3.23042e-30
0
2.86167e-30
-6.26316e-30
0
2.86167e-30
-1.16225e-29
0
5.72334e-30
-8.36616e-30
0
-2.86167e-30
-5.00882e-30
0
1.78854e-31
-1.94709e-31
0
2.86167e-30
1.33538e-30
-0
0
-2.89529e-30
-0
0
-2.65413e-30
-0
3.57709e-31
-1.18195e-30
-0
-3.57709e-31
-7.01289e-31
0
0
-1.92804e-32
-0
1.43084e-30
-2.09003e-30
-0
)
;
    }
    baffle_slave
    {
        type            calculated;
        value           nonuniform List<scalar> 
150
(
1.3789e-24
-0
0
7.52128e-24
-0
8.0227e-24
-2.7578e-24
-0
0
4.76348e-24
-0
-8.0227e-24
-3.00851e-23
-0
-1.60454e-23
2.50709e-24
-0
8.0227e-24
5.01419e-24
-0
-8.0227e-24
-1.00284e-24
-0
0
3.00851e-24
-0
0
0
-0
0
-5.01419e-25
-0
0
5.01419e-25
0
-5.01419e-25
0
0
0
-5.01419e-25
0
-8.0227e-24
-1.00284e-24
0
8.0227e-24
-3.00851e-24
0
0
-4.9139e-23
0
-3.20908e-23
3.00851e-24
0
0
-2.40681e-23
0
-3.20908e-23
-1.00284e-24
0
0
6.01702e-24
0
-1.60454e-23
2.60738e-23
0
3.20908e-23
-4.01135e-24
0
0
-4.51277e-24
0
-8.0227e-24
-6.01702e-24
0
-8.0227e-24
-9.36806e-24
5.41532e-23
0
-1.3054e-23
1.45411e-23
0
7.1608e-24
2.10596e-23
0
-1.09515e-23
1.50426e-23
0
8.93342e-25
-2.70766e-23
0
2.78677e-24
1.45411e-23
0
-9.67378e-24
1.72989e-23
0
-1.99755e-24
6.26773e-24
0
2.93547e-24
1.02791e-23
0
-2.00399e-24
1.15326e-23
0
-7.58776e-26
1.01537e-23
0
9.59758e-25
2.50709e-24
0
4.2335e-24
-9.4016e-25
0
-6.53668e-25
-6.92585e-24
0
6.60018e-24
-1.194e-23
0
3.29698e-23
-1.42904e-23
0
-4.6274e-23
-1.71736e-23
0
1.30281e-23
-2.35667e-23
0
-1.93013e-23
-5.01419e-25
0
1.96234e-23
1.2034e-23
0
4.22128e-24
1.25355e-23
0
-3.26707e-23
2.90823e-23
0
-4.75503e-23
-1.90539e-23
0
3.93212e-24
1.00284e-23
0
-2.57185e-24
8.0227e-24
0
)
;
    }
}


// ************************************************************************* //
