/*--------------------------------*- C++ -*----------------------------------*\
| =========                 |                                                 |
| \\      /  F ield         | OpenFOAM: The Open Source CFD Toolbox           |
|  \\    /   O peration     | Version:  2212                                  |
|   \\  /    A nd           | Website:  www.openfoam.com                      |
|    \\/     M anipulation  |                                                 |
\*---------------------------------------------------------------------------*/
FoamFile
{
    version     2.0;
    format      ascii;
    arch        "LSB;label=32;scalar=64";
    class       surfaceScalarField;
    location    "39/fluidRegion";
    object      alphaPhi;
}
// * * * * * * * * * * * * * * * * * * * * * * * * * * * * * * * * * * * * * //

dimensions      [0 3 -1 0 0 0 0];

oriented        oriented;

internalField   nonuniform List<scalar> 
661
(
-0.000538932
-2.4147e-11
-0.000538887
-2.6173e-11
-0.000538842
-2.15775e-11
-0.000538798
-2.01756e-11
-0.000538754
-2.26669e-11
-0.000538711
-2.32804e-11
-0.00053867
-1.78975e-11
-0.000538631
-6.8162e-12
-0.000538593
6.573e-12
-0.000538555
1.85925e-11
-0.000538517
2.74159e-11
-0.00053848
3.3344e-11
-0.000538441
3.75094e-11
-0.000538402
4.03691e-11
-0.000538362
4.11213e-11
-0.00053832
3.82785e-11
-0.000538277
3.08937e-11
-0.000538233
1.94595e-11
-0.000538186
5.904e-12
-0.000538138
-7.2794e-12
-0.000538089
-1.79226e-11
-0.000538039
-2.37674e-11
-0.000537989
-1.99829e-11
-0.000537938
-1.01253e-11
-2.75006e-11
-0.000538932
-0.000538887
-0.000538842
-0.000538798
-0.000538754
-0.000538711
-0.00053867
-0.000538631
-0.000538593
-0.000538555
-0.000538517
-0.00053848
-0.000538441
-0.000538402
-0.000538362
-0.00053832
-0.000538277
-0.000538233
-0.000538186
-0.000538138
-0.000538089
-0.000538039
-0.000537989
-0.000537938
-0.0201037
1.3988e-06
-0.0196851
6.76882e-07
-0.0191497
7.36125e-07
-0.0185065
6.62254e-07
-0.0177652
5.99345e-07
-0.0169355
5.40913e-07
-0.0160278
4.86672e-07
-0.0150525
4.33887e-07
-0.0140203
3.76849e-07
-0.0129426
3.06121e-07
-0.011831
2.10089e-07
-0.0106986
7.7316e-08
-0.00955954
-9.50803e-08
-0.00842958
-2.93248e-07
-0.00732555
-4.94596e-07
-0.00626459
-6.65461e-07
-0.00526285
-7.79736e-07
-0.00433443
-8.30699e-07
-0.00349091
-8.32249e-07
-0.00274202
-8.0848e-07
-0.00209651
-7.81313e-07
-0.00156375
-7.55759e-07
-0.00115438
-7.20678e-07
-0.000879307
-6.26332e-07
-5.95766e-07
-0.0202324
-4.35653e-08
-3.85818e-08
-0.0198129
-1.79878e-07
-1.79376e-07
-0.0192754
-1.7032e-07
-1.68958e-07
-0.0186294
-1.47774e-07
-1.45953e-07
-0.0178843
-1.28402e-07
-1.25974e-07
-0.0170501
-1.10565e-07
-1.07654e-07
-0.0161372
-9.42304e-08
-9.07506e-08
-0.015156
-7.87868e-08
-7.45849e-08
-0.0141175
-6.26434e-08
-5.75477e-08
-0.0130326
-4.31756e-08
-3.70766e-08
-0.0119135
-1.66612e-08
-9.38113e-09
-0.0107731
2.0129e-08
2.87816e-08
-0.00962557
6.77072e-08
7.80353e-08
-0.00848688
1.26973e-07
1.39191e-07
-0.00737407
1.87944e-07
2.02342e-07
-0.00630451
2.4085e-07
2.5786e-07
-0.00529462
2.76887e-07
2.9698e-07
-0.00435874
2.93207e-07
3.16945e-07
-0.00350861
2.93676e-07
3.2159e-07
-0.00275405
2.85916e-07
3.18031e-07
-0.00210389
2.76307e-07
3.12253e-07
-0.00156757
2.65684e-07
3.0281e-07
-0.00115582
2.46616e-07
2.82534e-07
-0.000879501
1.9417e-07
2.23397e-07
1.48117e-07
1.65921e-07
-0.0200826
6.92952e-07
-0.0196643
6.63232e-07
-0.0191293
6.38444e-07
-0.0184867
5.67897e-07
-0.017746
5.04703e-07
-0.0169171
4.46529e-07
-0.0160103
3.92424e-07
-0.015036
3.39359e-07
-0.0140049
2.80782e-07
-0.0129283
2.06589e-07
-0.011818
1.04169e-07
-0.0106868
-3.6649e-08
-0.00954914
-2.18254e-07
-0.00842056
-4.26946e-07
-0.00731792
-6.35991e-07
-0.0062583
-8.0984e-07
-0.00525781
-9.2188e-07
-0.00433054
-9.66652e-07
-0.00348803
-9.60141e-07
-0.00274
-9.28008e-07
-0.00209518
-8.91254e-07
-0.00156295
-8.53342e-07
-0.00115394
-7.91447e-07
-0.000879091
-6.54218e-07
-5.31291e-07
-0.0202037
2.78995e-09
-0.0197843
-7.03493e-10
-0.0192473
-4.75936e-10
-0.0186018
-5.30792e-10
-0.0178575
-4.43943e-10
-0.0170243
-3.6547e-10
-0.0161125
-3.37295e-10
-0.0151327
-2.15774e-10
-0.0140955
-8.71961e-11
-0.0130122
4.67991e-11
-0.0118948
3.01463e-10
-0.0107561
6.71154e-10
-0.00961054
1.1216e-09
-0.00847382
1.70269e-09
-0.007363
2.39132e-09
-0.0062954
3.23588e-09
-0.00528736
4.3015e-09
-0.00435319
5.61235e-09
-0.00350457
6.96156e-09
-0.00275131
8.22869e-09
-0.00210222
9.24909e-09
-0.00156672
9.45896e-09
-0.00115551
8.88641e-09
-0.000879483
6.87218e-09
4.12144e-09
-0.0202038
-6.87096e-07
-0.0197844
-6.64891e-07
-0.0192473
-6.39401e-07
-0.0186018
-5.68973e-07
-0.0178575
-5.05672e-07
-0.0170243
-4.47433e-07
-0.0161125
-3.9331e-07
-0.0151327
-3.40103e-07
-0.0140955
-2.8139e-07
-0.0130123
-2.0704e-07
-0.0118948
-1.04295e-07
-0.0107562
3.70029e-08
-0.00961055
2.19192e-07
-0.00847383
4.28636e-07
-0.00736301
6.38598e-07
-0.0062954
8.13646e-07
-0.00528737
9.27331e-07
-0.00435319
9.7428e-07
-0.00350457
9.70288e-07
-0.00275131
9.4091e-07
-0.00210222
9.07009e-07
-0.00156672
8.71058e-07
-0.00115551
8.10113e-07
-0.000879484
6.7034e-07
5.43281e-07
-0.0200826
3.88678e-08
-0.0196643
1.79486e-07
-0.0191294
1.69586e-07
-0.0184867
1.47082e-07
-0.017746
1.27785e-07
-0.0169172
1.0981e-07
-0.0160103
9.33393e-08
-0.015036
7.76266e-08
-0.0140049
6.11765e-08
-0.0129283
4.12213e-08
-0.011818
1.42255e-08
-0.0106869
-2.32211e-08
-0.00954915
-7.16413e-08
-0.00842057
-1.31972e-07
-0.00731792
-1.94256e-07
-0.0062583
-2.48732e-07
-0.00525782
-2.86499e-07
-0.00433054
-3.04515e-07
-0.00348803
-3.06587e-07
-0.00274
-2.99812e-07
-0.00209518
-2.90392e-07
-0.00156295
-2.78728e-07
-0.00115394
-2.57389e-07
-0.000879089
-2.01614e-07
-1.50611e-07
-0.0202324
-1.39911e-06
-4.26679e-08
-0.0198129
-6.77277e-07
-1.78884e-07
-0.0192754
-7.36155e-07
-1.68982e-07
-0.0186294
-6.62086e-07
-1.45989e-07
-0.0178843
-5.98885e-07
-1.26185e-07
-0.0170501
-5.40451e-07
-1.0798e-07
-0.0161372
-4.86126e-07
-9.12095e-08
-0.015156
-4.33361e-07
-7.52642e-08
-0.0141175
-3.7626e-07
-5.85041e-08
-0.0130326
-3.05559e-07
-3.83706e-08
-0.0119135
-2.09361e-07
-1.12147e-08
-0.0107731
-7.64175e-08
2.61942e-08
-0.00962557
9.62563e-08
7.44674e-08
-0.00848688
2.94815e-07
1.34284e-07
-0.00737407
4.96771e-07
1.95643e-07
-0.00630451
6.68648e-07
2.48648e-07
-0.00529462
7.84649e-07
2.84168e-07
-0.00435874
8.38542e-07
2.99006e-07
-0.00350861
8.44664e-07
2.96617e-07
-0.00275405
8.27772e-07
2.8402e-07
-0.00210389
8.10469e-07
2.66958e-07
-0.00156757
7.9639e-07
2.46588e-07
-0.00115582
7.7373e-07
2.17439e-07
-0.0008795
6.83505e-07
1.59735e-07
6.50583e-07
1.14409e-07
-0.0201037
-0.0196851
-0.0191497
-0.0185065
-0.0177652
-0.0169355
-0.0160278
-0.0150525
-0.0140203
-0.0129426
-0.011831
-0.0106986
-0.00955954
-0.00842958
-0.00732555
-0.00626459
-0.00526285
-0.00433443
-0.00349091
-0.00274202
-0.00209651
-0.00156375
-0.00115438
-0.000879307
-0.0202037
-6.94641e-07
3.87063e-09
-0.0197843
-6.65129e-07
5.9282e-10
-0.0192473
-6.404e-07
1.04499e-09
-0.0186018
-5.69968e-07
1.13322e-09
-0.0178575
-5.06836e-07
1.22461e-09
-0.0170243
-4.489e-07
1.35089e-09
-0.0161125
-3.95136e-07
1.5961e-09
-0.0151327
-3.42522e-07
1.86394e-09
-0.0140955
-2.84504e-07
2.2631e-09
-0.0130122
-2.11042e-07
2.82235e-09
-0.0118948
-1.09321e-07
3.50403e-09
-0.0107561
3.05934e-08
4.37171e-09
-0.00961054
2.11132e-07
5.57473e-09
-0.00847382
4.18476e-07
7.16914e-09
-0.007363
6.25768e-07
9.33362e-09
-0.0062954
7.97269e-07
1.22723e-08
-0.00528736
9.06142e-07
1.61857e-08
-0.00435319
9.4658e-07
2.13751e-08
-0.00350456
9.33706e-07
2.84003e-08
-0.00275131
8.93023e-07
3.72176e-08
-0.00210222
8.44697e-07
4.79708e-08
-0.00156672
7.93908e-07
5.82258e-08
-0.00115551
7.19783e-07
6.62563e-08
-0.000879484
5.78706e-07
6.39722e-08
4.66292e-07
5.12344e-08
-0.0200826
-0.0196643
-0.0191293
-0.0184867
-0.017746
-0.0169171
-0.0160103
-0.015036
-0.0140049
-0.0129283
-0.011818
-0.0106868
-0.00954914
-0.00842056
-0.00731792
-0.0062583
-0.00525781
-0.00433054
-0.00348803
-0.00274
-0.00209518
-0.00156295
-0.00115394
-0.000879092
-0.0200826
6.86186e-07
-0.0196643
6.63723e-07
-0.0191294
6.38517e-07
-0.0184867
5.68269e-07
-0.017746
5.05374e-07
-0.0169172
4.47164e-07
-0.0160103
3.93152e-07
-0.015036
3.39957e-07
-0.0140049
2.81343e-07
-0.0129283
2.06895e-07
-0.011818
1.04232e-07
-0.0106869
-3.70919e-08
-0.00954915
-2.19408e-07
-0.00842057
-4.29161e-07
-0.00731792
-6.39583e-07
-0.0062583
-8.15192e-07
-0.00525782
-9.29289e-07
-0.00433054
-9.76053e-07
-0.00348803
-9.70999e-07
-0.00274
-9.38562e-07
-0.00209518
-8.99105e-07
-0.00156295
-8.55142e-07
-0.00115394
-7.83815e-07
-0.000879089
-6.36885e-07
-5.04762e-07
-0.0202038
-0.0197844
-0.0192473
-0.0186018
-0.0178575
-0.0170243
-0.0161125
-0.0151327
-0.0140955
-0.0130123
-0.0118948
-0.0107562
-0.00961055
-0.00847383
-0.00736301
-0.0062954
-0.00528737
-0.00435319
-0.00350457
-0.00275131
-0.00210222
-0.00156672
-0.00115551
-0.000879485
)
;

boundaryField
{
    outletCentralUnloaded
    {
        type            calculated;
        value           nonuniform List<scalar> 2(0.000538977 0.000538977);
    }
    inletCentralUnloaded
    {
        type            calculated;
        value           uniform -0.000540134;
    }
    outletFuelElement
    {
        type            calculated;
        value           nonuniform List<scalar> 
12
(
0.0204374
0.0205691
0.0204168
0.0205397
0.0205397
0.0204168
0.0205691
0.0204374
0.0205397
0.0204168
0.0204168
0.0205397
)
;
    }
    inletFuelElement
    {
        type            calculated;
        value           nonuniform List<scalar> 
12
(
-0.000722059
-0.00072206
-0.000722059
-0.000722059
-0.00072206
-0.000722059
-0.00072206
-0.000722059
-0.000722059
-0.000722059
-0.000722059
-0.00072206
)
;
    }
    defaultFaces
    {
        type            calculated;
        value           nonuniform List<scalar> 
450
(
-1.87567e-23
-4.59913e-23
0
8.2888e-24
-1.4732e-23
0
3.13828e-23
-3.43696e-27
0
-4.38725e-23
-1.15325e-23
0
-1.84314e-23
-3.86957e-23
0
-4.24611e-23
-1.75602e-23
0
-2.5336e-23
-1.10875e-24
0
-2.38097e-23
-7.35572e-24
0
-1.67518e-23
-3.2673e-24
0
-2.40157e-23
-8.12774e-24
0
-1.54353e-23
-7.23469e-24
0
-4.88035e-24
-8.88305e-25
0
5.32e-24
1.18868e-24
0
2.03974e-23
4.32477e-24
0
2.80594e-23
1.17397e-23
0
4.70815e-23
1.00892e-23
0
6.412e-23
-7.67827e-24
0
6.54974e-23
3.15894e-23
0
5.34357e-23
-4.80313e-23
0
-2.95952e-23
-3.66236e-23
0
-3.14121e-23
-2.81875e-23
0
3.8999e-23
-2.23728e-23
0
-3.03366e-23
-8.6881e-24
0
-1.76909e-23
-8.62536e-24
0
-1.33498e-23
-1.97924e-23
0
3.20908e-23
0
1.60454e-23
0
0
0
1.60454e-23
0
-1.2034e-23
0
4.01135e-24
0
8.0227e-24
0
1.60454e-23
0
-4.01135e-24
0
6.01702e-24
0
4.01135e-24
0
-1.00284e-24
0
-6.01702e-24
0
-4.01135e-24
0
-3.20908e-23
0
-1.60454e-23
0
5.61589e-23
0
-1.60454e-23
0
1.60454e-23
0
-2.40681e-23
0
-4.81362e-23
0
5.61589e-23
0
1.60454e-23
0
-2.40681e-23
0
-2.40681e-23
0
-1.60454e-23
0
0
0
8.0227e-24
-8.0227e-24
-1.60454e-23
0
8.0227e-24
-4.01135e-24
0
5.01419e-25
0
8.0227e-24
8.0227e-24
1.60454e-23
-4.81362e-23
0
-3.20908e-23
-1.60454e-23
1.60454e-23
-3.20908e-23
-3.20908e-23
0
8.0227e-24
0
0
0
0
0
0
0
0
0
0
0
0
0
0
0
0
0
0
0
0
0
0
0
0
0
-2.20624e-23
1.60454e-23
8.0227e-24
1.60454e-23
1.60454e-23
4.01135e-23
-8.0227e-24
-1.60454e-23
1.60454e-23
-1.2034e-23
-1.60454e-23
-8.0227e-24
-8.0227e-24
-8.0227e-24
-1.2034e-23
-8.0227e-24
2.00567e-23
-8.0227e-24
-8.0227e-24
-6.01702e-24
-3.00851e-24
-2.00567e-24
2.00567e-24
7.52128e-25
6.01702e-24
8.0227e-24
1.60454e-23
1.2034e-23
1.60454e-23
2.00567e-23
2.40681e-23
3.20908e-23
-1.60454e-23
4.81362e-23
3.20908e-23
3.20908e-23
-6.41816e-23
3.20908e-23
-4.81362e-23
-2.40681e-23
0
-3.20908e-23
-2.40681e-23
4.01135e-23
-8.0227e-24
-3.20908e-23
0
-1.60454e-23
-3.20908e-23
-1.60454e-23
3.59335e-23
0
3.20908e-23
3.91164e-24
0
0
1.78046e-23
0
-4.81362e-23
-6.87629e-23
0
8.0227e-24
2.48033e-23
0
-1.60454e-23
-4.93951e-23
0
8.0227e-24
-4.83141e-23
0
8.0227e-24
-3.479e-23
0
8.0227e-24
-1.41888e-23
0
-1.60454e-23
-2.80128e-23
0
8.0227e-24
-2.09451e-23
0
8.0227e-24
-7.19367e-24
0
3.00851e-24
8.68454e-24
-0
-2.00567e-24
2.51958e-23
-0
-8.0227e-24
3.85971e-23
-0
0
6.03498e-23
-0
-8.0227e-24
5.74784e-23
-0
-3.20908e-23
7.7442e-23
-0
-1.60454e-23
6.46109e-23
-0
-3.20908e-23
-2.82618e-23
-0
1.60454e-23
-3.34696e-23
-0
1.60454e-23
5.07841e-23
-0
1.60454e-23
-1.96225e-23
-0
0
1.21856e-24
-0
1.60454e-23
-1.35712e-23
-0
8.0227e-24
-1.60454e-23
-8.0227e-24
0
0
0
0
0
0
4.01135e-24
-4.01135e-24
2.00567e-24
5.01419e-25
0
-8.0227e-24
1.60454e-23
0
-3.20908e-23
1.60454e-23
-3.20908e-23
0
1.60454e-23
-3.20908e-23
-2.40681e-23
8.0227e-24
8.0227e-24
2.60738e-23
0
2.40681e-23
0
0
0
2.40681e-23
0
-4.01135e-24
0
1.2034e-23
0
1.60454e-23
0
1.2034e-23
0
2.00567e-24
0
6.01702e-24
0
3.00851e-24
0
-2.00567e-24
0
-8.0227e-24
-0
-2.00567e-23
-0
-2.40681e-23
-0
-1.60454e-23
-0
4.81362e-23
-0
-3.20908e-23
-0
4.81362e-23
-0
-4.81362e-23
-0
-3.20908e-23
-0
4.01135e-23
-0
0
-0
-1.60454e-23
-0
-1.60454e-23
-0
-2.40681e-23
1.60454e-23
-1.60454e-23
2.40681e-23
-2.40681e-23
1.60454e-23
-1.60454e-23
-4.41248e-23
-4.01135e-24
1.60454e-23
-1.2034e-23
-3.20908e-23
-8.0227e-24
-2.40681e-23
-8.0227e-24
-2.80794e-23
0
-1.2034e-23
-6.01702e-24
-1.2034e-23
-3.50993e-24
-6.01702e-24
1.00284e-24
6.01702e-24
0
2.20624e-23
1.2034e-23
4.01135e-23
2.40681e-23
5.61589e-23
2.40681e-23
8.0227e-23
0
4.81362e-23
1.60454e-23
7.22043e-23
-1.60454e-23
5.61589e-23
0
-4.01135e-23
-1.60454e-23
-8.0227e-24
0
5.61589e-23
2.40681e-23
-1.60454e-23
8.0227e-24
-1.2034e-23
0
-2.00567e-23
-0
-0
-0
-0
-0
-0
-0
-0
-0
-0
-0
0
0
0
0
0
0
0
0
0
0
0
0
0
0
)
;
    }
    baffle_master
    {
        type            calculated;
        value           nonuniform List<scalar> 
150
(
1.04363e-28
0
3.66294e-28
2.02289e-28
0
0
3.45986e-29
0
0
-2.37062e-28
0
3.66294e-28
-1.30659e-27
0
-7.32588e-28
-2.94585e-28
0
0
9.70439e-29
0
0
-1.79288e-29
0
-9.15735e-29
-3.73956e-29
0
0
2.01984e-28
0
0
-1.69126e-28
0
0
2.01253e-29
0
0
2.32371e-28
0
0
-5.0096e-29
0
0
3.4178e-29
0
-7.32588e-28
-5.68766e-28
0
7.32588e-28
-2.85476e-27
0
-1.46518e-27
1.32045e-28
0
0
-3.47033e-28
0
-1.83147e-28
-4.25157e-29
0
9.15735e-29
1.20573e-29
0
0
-1.47479e-27
0
-3.66294e-28
2.52632e-29
0
0
1.35329e-29
0
1.83147e-28
1.03716e-28
0
7.32588e-28
3.66294e-28
-1.0561e-27
0
3.66294e-28
-6.466e-28
0
3.66294e-28
-8.86891e-28
0
1.09888e-27
-6.57294e-28
0
3.66294e-28
4.84262e-28
0
3.66294e-28
-8.32559e-28
0
0
-7.84505e-28
0
9.15735e-29
-2.57894e-28
0
1.83147e-28
2.4956e-28
-0
-3.66294e-28
9.78204e-28
-0
-3.66294e-28
9.41947e-28
-0
-7.32588e-28
3.8706e-28
-0
-1.46518e-27
9.81433e-28
-0
0
1.08164e-27
-0
-7.32588e-28
1.46714e-27
-0
0
1.3139e-27
-0
1.46518e-27
1.06355e-27
-0
0
5.73709e-28
-0
1.83147e-28
-6.24384e-29
-0
9.15735e-29
2.90312e-28
0
0
2.35982e-28
0
-7.32588e-28
1.43947e-27
0
-7.32588e-28
-3.87487e-28
0
0
4.00018e-28
0
3.66294e-28
8.46182e-28
0
)
;
    }
    baffle_slave
    {
        type            calculated;
        value           nonuniform List<scalar> 
150
(
-1.27862e-23
-0
0
2.9615e-24
-0
8.0227e-24
1.25355e-24
-0
8.0227e-24
-2.38174e-24
-0
8.0227e-24
-2.68259e-23
-0
-1.60454e-23
5.89167e-24
-0
8.0227e-24
2.88316e-24
-0
0
-1.12819e-24
-0
0
-3.50993e-24
-0
-4.01135e-24
-1.25355e-24
-0
0
-3.25922e-24
-0
-2.00567e-24
7.52128e-25
0
5.01419e-25
5.01419e-25
0
0
-1.00284e-24
0
0
3.00851e-24
0
0
1.50426e-24
0
0
-4.61305e-23
0
-4.81362e-23
-3.00851e-24
0
0
-3.50993e-23
0
-4.81362e-23
-7.01986e-24
0
1.60454e-23
-6.01702e-24
0
-1.60454e-23
2.60738e-23
0
3.20908e-23
0
0
0
1.00284e-24
0
-1.60454e-23
-5.01419e-24
0
-8.0227e-24
-9.54774e-24
5.61589e-23
0
-1.05269e-23
2.01821e-23
0
-8.96805e-25
2.5165e-23
0
-9.68319e-24
2.27832e-23
0
-8.81756e-24
-2.9521e-23
0
-6.16627e-24
1.7487e-23
0
1.90044e-24
1.37263e-23
0
-2.2061e-24
8.14805e-24
0
1.0913e-23
1.39144e-23
0
-5.78658e-24
1.1658e-23
0
-1.21009e-24
6.51844e-24
0
6.21326e-25
4.01135e-24
0
4.58689e-24
-1.12819e-24
0
6.91219e-24
-6.70647e-24
0
6.21447e-24
-8.77483e-24
0
1.3101e-23
-1.43374e-23
0
-4.9566e-23
-2.28146e-23
0
5.68874e-24
-2.45695e-23
0
-3.55811e-23
-5.51561e-24
0
2.15838e-23
1.25355e-23
0
1.97198e-23
1.40397e-23
0
-2.42048e-23
3.30936e-23
0
-1.88934e-23
-1.80511e-23
0
6.37049e-24
8.0227e-24
0
5.21394e-24
1.60454e-23
0
)
;
    }
}


// ************************************************************************* //
