/*--------------------------------*- C++ -*----------------------------------*\
| =========                 |                                                 |
| \\      /  F ield         | OpenFOAM: The Open Source CFD Toolbox           |
|  \\    /   O peration     | Version:  2212                                  |
|   \\  /    A nd           | Website:  www.openfoam.com                      |
|    \\/     M anipulation  |                                                 |
\*---------------------------------------------------------------------------*/
FoamFile
{
    version     2.0;
    format      ascii;
    arch        "LSB;label=32;scalar=64";
    class       volScalarField;
    location    "39/fluidRegion";
    object      k;
}
// * * * * * * * * * * * * * * * * * * * * * * * * * * * * * * * * * * * * * //

dimensions      [0 2 -2 0 0 0 0];

internalField   nonuniform List<scalar> 
350
(
0.421071
0.421004
0.420938
0.420872
0.420806
0.42074
0.420673
0.420605
0.420537
0.420468
0.4204
0.420334
0.42027
0.420211
0.420161
0.420124
0.420108
0.420125
0.420191
0.42033
0.420581
0.421
0.421674
0.422738
0.424394
0.421071
0.421004
0.420938
0.420872
0.420806
0.42074
0.420673
0.420605
0.420537
0.420468
0.4204
0.420334
0.42027
0.420211
0.420161
0.420124
0.420108
0.420125
0.420191
0.42033
0.420581
0.421
0.421674
0.422738
0.424394
402.172
380.043
354.817
326.978
297.308
266.58
235.54
204.887
175.258
147.215
121.236
97.7029
76.8891
58.9525
43.9267
31.7214
22.1343
14.8751
9.59833
5.93773
3.53628
2.06709
1.24852
0.853271
0.71364
407.808
385.423
359.9
331.715
301.66
270.52
239.052
207.966
177.907
149.45
123.078
99.1818
78.0418
59.8211
44.5566
32.1588
22.4235
15.0556
9.70355
5.99402
3.56322
2.07818
1.25225
0.854292
0.714026
401.238
379.151
353.977
326.199
296.595
265.937
234.969
204.388
174.83
146.855
120.941
97.4664
76.7053
58.8143
43.8265
31.6518
22.0882
14.8462
9.58129
5.9284
3.53161
2.06497
1.24765
0.852935
0.713512
406.571
384.239
358.778
330.667
300.695
269.645
238.27
207.278
177.315
148.948
122.664
98.8485
77.7814
59.6245
44.4137
32.0594
22.3576
15.0145
9.67957
5.98119
3.55709
2.07567
1.25142
0.854078
0.713949
406.571
384.239
358.778
330.667
300.695
269.645
238.27
207.278
177.315
148.948
122.664
98.8485
77.7814
59.6245
44.4137
32.0594
22.3576
15.0145
9.67956
5.98119
3.55709
2.07567
1.25142
0.854078
0.71395
401.239
379.151
353.978
326.199
296.595
265.937
234.969
204.388
174.83
146.856
120.941
97.4665
76.7053
58.8143
43.8265
31.6518
22.0882
14.8462
9.58127
5.92839
3.53159
2.06496
1.24764
0.85293
0.713508
407.808
385.423
359.9
331.715
301.66
270.52
239.052
207.966
177.907
149.45
123.078
99.1818
78.0418
59.8211
44.5566
32.1588
22.4235
15.0556
9.70355
5.99402
3.56322
2.07818
1.25225
0.854293
0.714027
402.172
380.043
354.817
326.978
297.308
266.58
235.54
204.887
175.258
147.215
121.236
97.7029
76.8891
58.9525
43.9267
31.7214
22.1343
14.8751
9.59832
5.93771
3.53627
2.06707
1.2485
0.85326
0.71363
406.57
384.239
358.778
330.667
300.695
269.645
238.27
207.278
177.315
148.948
122.664
98.8484
77.7814
59.6244
44.4137
32.0594
22.3576
15.0145
9.67956
5.98119
3.55709
2.07567
1.25142
0.854074
0.713946
401.238
379.151
353.977
326.199
296.595
265.937
234.969
204.388
174.83
146.855
120.941
97.4664
76.7053
58.8143
43.8265
31.6518
22.0882
14.8462
9.58132
5.92843
3.53164
2.065
1.24767
0.852956
0.71353
401.239
379.151
353.977
326.199
296.595
265.937
234.969
204.388
174.83
146.856
120.941
97.4665
76.7053
58.8143
43.8265
31.6518
22.0882
14.8461
9.58126
5.92838
3.53159
2.06496
1.24764
0.852933
0.713512
406.571
384.239
358.778
330.667
300.695
269.645
238.27
207.278
177.315
148.948
122.664
98.8484
77.7814
59.6244
44.4137
32.0594
22.3576
15.0145
9.67954
5.98116
3.55706
2.07565
1.2514
0.854061
0.713935
)
;

boundaryField
{
    outletCentralUnloaded
    {
        type            zeroGradient;
    }
    inletCentralUnloaded
    {
        type            zeroGradient;
    }
    outletFuelElement
    {
        type            zeroGradient;
    }
    inletFuelElement
    {
        type            zeroGradient;
    }
    defaultFaces
    {
        type            zeroGradient;
    }
    baffle_master
    {
        type            zeroGradient;
    }
    baffle_slave
    {
        type            zeroGradient;
    }
}


// ************************************************************************* //
