/*--------------------------------*- C++ -*----------------------------------*\
| =========                 |                                                 |
| \\      /  F ield         | OpenFOAM: The Open Source CFD Toolbox           |
|  \\    /   O peration     | Version:  2212                                  |
|   \\  /    A nd           | Website:  www.openfoam.com                      |
|    \\/     M anipulation  |                                                 |
\*---------------------------------------------------------------------------*/
FoamFile
{
    version     2.0;
    format      ascii;
    arch        "LSB;label=32;scalar=64";
    class       volScalarField;
    location    "39/fluidRegion";
    object      p;
}
// * * * * * * * * * * * * * * * * * * * * * * * * * * * * * * * * * * * * * //

dimensions      [1 -1 -2 0 0 0 0];

internalField   nonuniform List<scalar> 
350
(
3.44743e+06
3.44772e+06
3.44802e+06
3.44831e+06
3.44861e+06
3.4489e+06
3.4492e+06
3.44949e+06
3.44979e+06
3.45009e+06
3.45039e+06
3.45068e+06
3.45098e+06
3.45128e+06
3.45157e+06
3.45187e+06
3.45216e+06
3.45246e+06
3.45275e+06
3.45304e+06
3.45334e+06
3.45363e+06
3.45393e+06
3.45422e+06
3.4545e+06
3.44743e+06
3.44772e+06
3.44802e+06
3.44831e+06
3.44861e+06
3.4489e+06
3.4492e+06
3.44949e+06
3.44979e+06
3.45009e+06
3.45039e+06
3.45068e+06
3.45098e+06
3.45128e+06
3.45157e+06
3.45187e+06
3.45216e+06
3.45246e+06
3.45275e+06
3.45304e+06
3.45334e+06
3.45363e+06
3.45393e+06
3.45422e+06
3.4545e+06
3.47364e+06
3.52509e+06
3.57595e+06
3.62592e+06
3.67468e+06
3.72197e+06
3.76751e+06
3.81107e+06
3.85243e+06
3.89142e+06
3.92787e+06
3.96164e+06
3.99263e+06
4.02074e+06
4.04594e+06
4.06822e+06
4.08762e+06
4.10425e+06
4.11822e+06
4.12973e+06
4.13895e+06
4.14613e+06
4.15149e+06
4.15534e+06
4.15801e+06
3.47364e+06
3.52509e+06
3.57595e+06
3.62592e+06
3.67468e+06
3.72197e+06
3.76751e+06
3.81107e+06
3.85243e+06
3.89142e+06
3.92787e+06
3.96164e+06
3.99263e+06
4.02074e+06
4.04594e+06
4.06822e+06
4.08762e+06
4.10425e+06
4.11822e+06
4.12973e+06
4.13895e+06
4.14613e+06
4.15149e+06
4.15534e+06
4.15801e+06
3.47364e+06
3.52509e+06
3.57595e+06
3.62592e+06
3.67468e+06
3.72197e+06
3.76751e+06
3.81107e+06
3.85243e+06
3.89142e+06
3.92787e+06
3.96164e+06
3.99263e+06
4.02074e+06
4.04594e+06
4.06822e+06
4.08762e+06
4.10425e+06
4.11822e+06
4.12973e+06
4.13895e+06
4.14613e+06
4.15149e+06
4.15534e+06
4.15801e+06
3.47364e+06
3.52509e+06
3.57595e+06
3.62592e+06
3.67468e+06
3.72197e+06
3.76751e+06
3.81107e+06
3.85243e+06
3.89142e+06
3.92787e+06
3.96164e+06
3.99263e+06
4.02074e+06
4.04594e+06
4.06822e+06
4.08762e+06
4.10425e+06
4.11822e+06
4.12973e+06
4.13895e+06
4.14613e+06
4.15149e+06
4.15534e+06
4.15801e+06
3.47364e+06
3.52509e+06
3.57595e+06
3.62592e+06
3.67468e+06
3.72197e+06
3.76751e+06
3.81107e+06
3.85243e+06
3.89142e+06
3.92787e+06
3.96164e+06
3.99263e+06
4.02074e+06
4.04594e+06
4.06822e+06
4.08762e+06
4.10425e+06
4.11822e+06
4.12973e+06
4.13895e+06
4.14613e+06
4.15149e+06
4.15534e+06
4.15801e+06
3.47364e+06
3.52509e+06
3.57595e+06
3.62592e+06
3.67468e+06
3.72197e+06
3.76751e+06
3.81107e+06
3.85243e+06
3.89142e+06
3.92787e+06
3.96164e+06
3.99263e+06
4.02074e+06
4.04594e+06
4.06822e+06
4.08762e+06
4.10425e+06
4.11822e+06
4.12973e+06
4.13895e+06
4.14613e+06
4.15149e+06
4.15534e+06
4.15801e+06
3.47364e+06
3.52509e+06
3.57595e+06
3.62592e+06
3.67468e+06
3.72197e+06
3.76751e+06
3.81107e+06
3.85243e+06
3.89142e+06
3.92787e+06
3.96164e+06
3.99263e+06
4.02074e+06
4.04594e+06
4.06822e+06
4.08762e+06
4.10425e+06
4.11822e+06
4.12973e+06
4.13895e+06
4.14613e+06
4.15149e+06
4.15534e+06
4.15801e+06
3.47364e+06
3.52509e+06
3.57595e+06
3.62592e+06
3.67468e+06
3.72197e+06
3.76751e+06
3.81107e+06
3.85243e+06
3.89142e+06
3.92787e+06
3.96164e+06
3.99263e+06
4.02074e+06
4.04594e+06
4.06822e+06
4.08762e+06
4.10425e+06
4.11822e+06
4.12973e+06
4.13895e+06
4.14613e+06
4.15149e+06
4.15534e+06
4.15801e+06
3.47364e+06
3.52509e+06
3.57595e+06
3.62592e+06
3.67468e+06
3.72197e+06
3.76751e+06
3.81107e+06
3.85243e+06
3.89142e+06
3.92787e+06
3.96164e+06
3.99263e+06
4.02074e+06
4.04594e+06
4.06822e+06
4.08762e+06
4.10425e+06
4.11822e+06
4.12973e+06
4.13895e+06
4.14613e+06
4.15149e+06
4.15534e+06
4.15801e+06
3.47364e+06
3.52509e+06
3.57595e+06
3.62592e+06
3.67468e+06
3.72197e+06
3.76751e+06
3.81107e+06
3.85243e+06
3.89142e+06
3.92787e+06
3.96164e+06
3.99263e+06
4.02074e+06
4.04594e+06
4.06822e+06
4.08762e+06
4.10425e+06
4.11822e+06
4.12973e+06
4.13895e+06
4.14613e+06
4.15149e+06
4.15534e+06
4.15801e+06
3.47364e+06
3.52509e+06
3.57595e+06
3.62592e+06
3.67468e+06
3.72197e+06
3.76751e+06
3.81107e+06
3.85243e+06
3.89142e+06
3.92787e+06
3.96164e+06
3.99263e+06
4.02074e+06
4.04594e+06
4.06822e+06
4.08762e+06
4.10425e+06
4.11822e+06
4.12973e+06
4.13895e+06
4.14613e+06
4.15149e+06
4.15534e+06
4.15801e+06
3.47364e+06
3.52509e+06
3.57595e+06
3.62592e+06
3.67468e+06
3.72197e+06
3.76751e+06
3.81107e+06
3.85243e+06
3.89142e+06
3.92787e+06
3.96164e+06
3.99263e+06
4.02074e+06
4.04594e+06
4.06822e+06
4.08762e+06
4.10425e+06
4.11822e+06
4.12973e+06
4.13895e+06
4.14613e+06
4.15149e+06
4.15534e+06
4.15801e+06
)
;

boundaryField
{
    outletCentralUnloaded
    {
        type            fixedValue;
        value           uniform 3.44728e+06;
    }
    inletCentralUnloaded
    {
        type            zeroGradient;
    }
    outletFuelElement
    {
        type            fixedValue;
        value           uniform 3.44728e+06;
    }
    inletFuelElement
    {
        type            zeroGradient;
    }
    defaultFaces
    {
        type            zeroGradient;
    }
    baffle_master
    {
        type            zeroGradient;
    }
    baffle_slave
    {
        type            zeroGradient;
    }
}


// ************************************************************************* //
