/*--------------------------------*- C++ -*----------------------------------*\
| =========                 |                                                 |
| \\      /  F ield         | OpenFOAM: The Open Source CFD Toolbox           |
|  \\    /   O peration     | Version:  2212                                  |
|   \\  /    A nd           | Website:  www.openfoam.com                      |
|    \\/     M anipulation  |                                                 |
\*---------------------------------------------------------------------------*/
FoamFile
{
    version     2.0;
    format      ascii;
    arch        "LSB;label=32;scalar=64";
    class       volScalarField;
    location    "39/fluidRegion";
    object      T;
}
// * * * * * * * * * * * * * * * * * * * * * * * * * * * * * * * * * * * * * //

dimensions      [0 0 0 1 0 0 0];

internalField   nonuniform List<scalar> 
350
(
83.2892
83.2897
83.2902
83.2906
83.291
83.2915
83.2918
83.2922
83.2926
83.2931
83.2935
83.294
83.2944
83.2949
83.2954
83.2959
83.2963
83.2968
83.2973
83.2978
83.2983
83.2988
83.2992
83.2996
83.3
83.2892
83.2897
83.2902
83.2906
83.291
83.2915
83.2918
83.2922
83.2926
83.2931
83.2935
83.294
83.2944
83.2949
83.2954
83.2959
83.2963
83.2968
83.2973
83.2978
83.2983
83.2988
83.2992
83.2996
83.3
1813.8
1808.13
1790.05
1759.78
1717.67
1664.22
1600.03
1525.87
1442.6
1351.24
1252.93
1149
1040.97
930.584
819.804
710.718
605.425
505.881
413.79
330.588
257.532
195.808
146.638
111.178
90.1144
1841.8
1836.35
1818.28
1787.8
1745.27
1691.18
1626.16
1550.97
1466.49
1373.74
1273.89
1168.25
1058.38
946.031
833.204
722.042
614.713
513.244
419.399
334.653
260.289
197.506
147.534
111.539
90.1912
1809.26
1803.56
1785.5
1755.28
1713.26
1659.93
1595.89
1521.91
1438.85
1347.71
1249.66
1146.01
1038.28
928.213
817.759
709.001
604.026
504.779
412.957
329.989
257.13
195.563
146.508
111.125
90.1021
1835.5
1829.99
1811.9
1781.46
1739.01
1685.05
1620.22
1545.25
1461.04
1368.6
1269.08
1163.83
1054.38
942.475
830.115
719.428
612.567
511.541
418.1
333.711
259.65
197.112
147.326
111.456
90.1735
1835.5
1829.99
1811.9
1781.46
1739.01
1685.05
1620.22
1545.25
1461.04
1368.6
1269.08
1163.83
1054.38
942.475
830.115
719.428
612.567
511.541
418.1
333.711
259.65
197.112
147.326
111.456
90.1735
1809.26
1803.56
1785.5
1755.28
1713.26
1659.93
1595.89
1521.91
1438.85
1347.72
1249.66
1146.01
1038.28
928.215
817.761
709.002
604.027
504.78
412.958
329.989
257.13
195.563
146.509
111.126
90.1021
1841.8
1836.35
1818.28
1787.8
1745.27
1691.18
1626.16
1550.97
1466.49
1373.74
1273.89
1168.25
1058.38
946.031
833.204
722.042
614.713
513.244
419.399
334.653
260.289
197.506
147.534
111.539
90.1912
1813.8
1808.13
1790.05
1759.78
1717.67
1664.22
1600.03
1525.87
1442.6
1351.24
1252.93
1149
1040.97
930.584
819.804
710.718
605.426
505.881
413.791
330.588
257.532
195.808
146.638
111.178
90.1144
1835.5
1829.99
1811.9
1781.46
1739.01
1685.05
1620.22
1545.25
1461.04
1368.6
1269.08
1163.83
1054.38
942.475
830.115
719.428
612.567
511.541
418.1
333.711
259.65
197.112
147.326
111.456
90.1735
1809.26
1803.56
1785.5
1755.28
1713.26
1659.93
1595.89
1521.91
1438.85
1347.71
1249.66
1146.01
1038.28
928.213
817.759
709.001
604.026
504.779
412.957
329.989
257.13
195.563
146.508
111.125
90.1021
1809.26
1803.56
1785.5
1755.28
1713.26
1659.93
1595.89
1521.91
1438.85
1347.72
1249.66
1146.01
1038.28
928.215
817.761
709.002
604.027
504.78
412.958
329.989
257.13
195.563
146.509
111.126
90.1021
1835.5
1829.99
1811.9
1781.46
1739.01
1685.05
1620.22
1545.25
1461.04
1368.6
1269.08
1163.83
1054.38
942.476
830.115
719.428
612.567
511.541
418.1
333.711
259.65
197.112
147.326
111.456
90.1735
)
;

boundaryField
{
    outletCentralUnloaded
    {
        type            zeroGradient;
    }
    inletCentralUnloaded
    {
        type            fixedValue;
        value           uniform 83.3;
    }
    outletFuelElement
    {
        type            zeroGradient;
    }
    inletFuelElement
    {
        type            fixedValue;
        value           uniform 83.3;
    }
    defaultFaces
    {
        type            zeroGradient;
    }
    baffle_master
    {
        type            zeroGradient;
    }
    baffle_slave
    {
        type            zeroGradient;
    }
}


// ************************************************************************* //
