/*--------------------------------*- C++ -*----------------------------------*\
| =========                 |                                                 |
| \\      /  F ield         | OpenFOAM: The Open Source CFD Toolbox           |
|  \\    /   O peration     | Version:  2212                                  |
|   \\  /    A nd           | Website:  www.openfoam.com                      |
|    \\/     M anipulation  |                                                 |
\*---------------------------------------------------------------------------*/
FoamFile
{
    version     2.0;
    format      ascii;
    arch        "LSB;label=32;scalar=64";
    class       surfaceScalarField;
    location    "54/fluidRegion";
    object      alphaRhoPhi;
}
// * * * * * * * * * * * * * * * * * * * * * * * * * * * * * * * * * * * * * //

dimensions      [1 0 -1 0 0 0 0];

oriented        oriented;

internalField   nonuniform List<scalar> 
661
(
-0.0058499
-6.80936e-10
-0.00584994
-7.15249e-10
-0.00584995
-3.5286e-10
-0.00584988
1.61419e-10
-0.00584973
6.75808e-10
-0.00584954
1.07732e-09
-0.00584941
1.30887e-09
-0.00584939
1.33349e-09
-0.00584947
1.12772e-09
-0.00584961
7.05922e-10
-0.00584973
1.44194e-10
-0.00584978
-4.31222e-10
-0.00584974
-8.89634e-10
-0.00584964
-1.1458e-09
-0.0058495
-1.18452e-09
-0.00584938
-1.051e-09
-0.00584931
-8.18113e-10
-0.00584929
-5.52537e-10
-0.00584931
-2.9769e-10
-0.00584936
-8.08255e-11
-0.00584939
6.56793e-11
-0.00584941
9.26256e-11
-0.00584944
3.81428e-11
-0.00584951
2.42367e-10
8.78449e-10
-0.0058499
-0.00584994
-0.00584995
-0.00584988
-0.00584973
-0.00584954
-0.00584941
-0.00584939
-0.00584947
-0.00584961
-0.00584973
-0.00584978
-0.00584974
-0.00584964
-0.0058495
-0.00584938
-0.00584931
-0.00584929
-0.00584931
-0.00584936
-0.00584939
-0.00584941
-0.00584944
-0.00584951
-0.00939614
6.4605e-07
-0.00939637
3.13506e-07
-0.00939664
3.4855e-07
-0.00939689
3.23743e-07
-0.00939712
3.04234e-07
-0.00939733
2.87004e-07
-0.00939754
2.71854e-07
-0.00939773
2.57233e-07
-0.00939791
2.39166e-07
-0.00939806
2.10013e-07
-0.00939818
1.57533e-07
-0.00939823
6.47732e-08
-0.00939816
-8.55216e-08
-0.0093979
-3.00925e-07
-0.0093974
-5.8187e-07
-0.00939659
-9.09701e-07
-0.00939545
-1.2584e-06
-0.00939397
-1.61146e-06
-0.00939213
-1.98036e-06
-0.00938986
-2.41512e-06
-0.00938701
-3.00762e-06
-0.00938331
-3.85501e-06
-0.00937846
-4.98741e-06
-0.00937272
-5.88463e-06
-7.19319e-06
-0.00931193
-1.93505e-08
-1.57608e-08
-0.00931148
-8.31588e-08
-8.04063e-08
-0.009311
-8.11991e-08
-7.69638e-08
-0.00931057
-7.2807e-08
-6.79956e-08
-0.00931016
-6.5599e-08
-6.10018e-08
-0.00930979
-5.88607e-08
-5.48259e-08
-0.00930944
-5.2543e-08
-4.92411e-08
-0.00930912
-4.62711e-08
-4.3558e-08
-0.00930882
-3.89569e-08
-3.67688e-08
-0.00930858
-2.84053e-08
-2.65884e-08
-0.00930841
-1.09077e-08
-9.27417e-09
-0.00930839
1.86967e-08
2.01716e-08
-0.00930861
6.47986e-08
6.64815e-08
-0.00930916
1.34984e-07
1.37025e-07
-0.00931018
2.27161e-07
2.29905e-07
-0.00931173
3.37225e-07
3.41085e-07
-0.00931387
4.57362e-07
4.63132e-07
-0.00931661
5.82552e-07
5.91449e-07
-0.00931999
7.16819e-07
7.31275e-07
-0.00932413
8.7719e-07
9.01227e-07
-0.00932931
1.09363e-06
1.13282e-06
-0.00933594
1.39336e-06
1.45014e-06
-0.00934445
1.75607e-06
1.83198e-06
-0.0093541
1.88199e-06
1.96662e-06
1.84457e-06
1.90872e-06
-0.00940995
3.17134e-07
-0.00941027
3.04661e-07
-0.00941059
3.0012e-07
-0.00941088
2.75205e-07
-0.00941115
2.5405e-07
-0.0094114
2.35261e-07
-0.00941162
2.18149e-07
-0.00941183
2.00712e-07
-0.00941201
1.78365e-07
-0.00941215
1.42495e-07
-0.00941222
7.96137e-08
-0.00941218
-2.76427e-08
-0.00941196
-1.96897e-07
-0.00941145
-4.37905e-07
-0.00941057
-7.48307e-07
-0.00940924
-1.1079e-06
-0.00940743
-1.48972e-06
-0.00940512
-1.8786e-06
-0.00940226
-2.29062e-06
-0.00939875
-2.78245e-06
-0.00939436
-3.44918e-06
-0.00938872
-4.38383e-06
-0.00938153
-5.52646e-06
-0.0093735
-6.20826e-06
-6.47487e-06
-0.00933082
1.28203e-09
-0.00933054
-3.06303e-10
-0.00933028
-2.121e-10
-0.00933003
-2.60272e-10
-0.00932981
-2.47862e-10
-0.0093296
-2.09417e-10
-0.00932941
-1.95208e-10
-0.00932924
-1.19531e-10
-0.00932908
-4.40209e-11
-0.00932896
2.5508e-11
-0.00932889
1.80405e-10
-0.00932892
3.7398e-10
-0.0093291
6.27538e-10
-0.00932951
9.1455e-10
-0.00933021
1.22915e-09
-0.00933125
1.56644e-09
-0.00933267
2.05082e-09
-0.00933448
2.81516e-09
-0.00933669
3.77683e-09
-0.00933939
5.1442e-09
-0.00934276
6.87769e-09
-0.00934707
7.92063e-09
-0.00935253
7.9053e-09
-0.00935869
1.01038e-08
1.57666e-08
-0.00933083
-3.14301e-07
-0.00933056
-3.05221e-07
-0.00933029
-3.00364e-07
-0.00933004
-2.75582e-07
-0.00932982
-2.54474e-07
-0.00932961
-2.35684e-07
-0.00932942
-2.18579e-07
-0.00932925
-2.01052e-07
-0.00932909
-1.78616e-07
-0.00932897
-1.42652e-07
-0.0093289
-7.95337e-08
-0.00932893
2.79707e-08
-0.00932911
1.97602e-07
-0.00932952
4.38983e-07
-0.00933022
7.49769e-07
-0.00933127
1.10975e-06
-0.00933268
1.4922e-06
-0.00933449
1.88214e-06
-0.0093367
2.29567e-06
-0.0093394
2.78996e-06
-0.00934277
3.46033e-06
-0.00934708
4.39879e-06
-0.00935254
5.54598e-06
-0.0093587
6.23788e-06
6.51985e-06
-0.00940995
1.74261e-08
-0.00941027
8.36806e-08
-0.00941059
8.20532e-08
-0.00941089
7.3848e-08
-0.00941116
6.65152e-08
-0.0094114
5.94483e-08
-0.00941162
5.27292e-08
-0.00941183
4.60953e-08
-0.00941201
3.83607e-08
-0.00941215
2.7413e-08
-0.00941222
9.46665e-09
-0.00941218
-2.04367e-08
-0.00941195
-6.69982e-08
-0.00941145
-1.37643e-07
-0.00941056
-2.30428e-07
-0.00940924
-3.41275e-07
-0.00940743
-4.6241e-07
-0.00940511
-5.88901e-07
-0.00940225
-7.2503e-07
-0.00939874
-8.87836e-07
-0.00939434
-1.10793e-06
-0.0093887
-1.41332e-06
-0.00938151
-1.78478e-06
-0.00937348
-1.91701e-06
-1.84702e-06
-0.00931193
-6.45602e-07
-1.78239e-08
-0.00931148
-3.12357e-07
-8.05726e-08
-0.009311
-3.4649e-07
-7.75737e-08
-0.00931057
-3.21407e-07
-6.86495e-08
-0.00931016
-3.02136e-07
-6.15918e-08
-0.00930979
-2.85351e-07
-5.53585e-08
-0.00930944
-2.70734e-07
-4.968e-08
-0.00930912
-2.56519e-07
-4.40032e-08
-0.00930882
-2.38908e-07
-3.72184e-08
-0.00930858
-2.10088e-07
-2.70856e-08
-0.00930841
-1.57895e-07
-9.97243e-09
-0.00930839
-6.52796e-08
1.93298e-08
-0.00930861
8.49409e-08
6.51995e-08
-0.00930916
3.00353e-07
1.35233e-07
-0.00931018
5.81417e-07
2.27369e-07
-0.00931173
9.09565e-07
3.37438e-07
-0.00931387
1.25913e-06
4.57513e-07
-0.00931661
1.61405e-06
5.82301e-07
-0.00931999
1.9869e-06
7.15747e-07
-0.00932413
2.42931e-06
8.74734e-07
-0.00932931
3.03743e-06
1.08566e-06
-0.00933594
3.91143e-06
1.36978e-06
-0.00934445
5.08973e-06
1.69971e-06
-0.0093541
6.04559e-06
1.77466e-06
7.41585e-06
1.70785e-06
-0.00939614
-0.00939637
-0.00939664
-0.00939689
-0.00939712
-0.00939733
-0.00939754
-0.00939773
-0.00939791
-0.00939806
-0.00939818
-0.00939823
-0.00939816
-0.0093979
-0.0093974
-0.00939659
-0.00939545
-0.00939397
-0.00939213
-0.00938986
-0.00938701
-0.0093833
-0.00937846
-0.00937272
-0.00933082
-3.18117e-07
1.67749e-09
-0.00933054
-3.05808e-07
9.27299e-11
-0.00933028
-3.01348e-07
3.15228e-10
-0.00933003
-2.76541e-07
4.07521e-10
-0.00932981
-2.55405e-07
4.44586e-10
-0.0093296
-2.36658e-07
5.65154e-10
-0.00932941
-2.19599e-07
6.85954e-10
-0.00932924
-2.02179e-07
8.32008e-10
-0.00932908
-1.79898e-07
9.87375e-10
-0.00932896
-1.4411e-07
1.20506e-09
-0.00932889
-8.12991e-08
1.49135e-09
-0.00932892
2.59453e-08
1.5727e-09
-0.0093291
1.9514e-07
1.98851e-09
-0.00932951
4.36016e-07
2.42498e-09
-0.00933021
7.46054e-07
3.12423e-09
-0.00933125
1.10494e-06
4.19892e-09
-0.00933267
1.48549e-06
5.94484e-09
-0.00933448
1.87203e-06
8.81141e-09
-0.00933669
2.27903e-06
1.42532e-08
-0.00933939
2.76148e-06
2.38648e-08
-0.00934276
3.40721e-06
4.2655e-08
-0.00934707
4.3018e-06
7.45577e-08
-0.00935253
5.37616e-06
1.30536e-07
-0.00935868
5.9706e-06
1.93047e-07
6.22554e-06
1.99479e-07
-0.00940995
-0.00941027
-0.00941059
-0.00941088
-0.00941115
-0.0094114
-0.00941162
-0.00941183
-0.00941201
-0.00941215
-0.00941222
-0.00941218
-0.00941196
-0.00941145
-0.00941057
-0.00940924
-0.00940743
-0.00940512
-0.00940226
-0.00939875
-0.00939436
-0.00938872
-0.00938154
-0.00937352
-0.00940995
3.1485e-07
-0.00941027
3.06793e-07
-0.00941059
3.03149e-07
-0.00941089
2.78734e-07
-0.00941116
2.57314e-07
-0.0094114
2.37848e-07
-0.00941163
2.19924e-07
-0.00941183
2.01757e-07
-0.00941201
1.78622e-07
-0.00941215
1.42107e-07
-0.00941222
7.8441e-08
-0.00941218
-2.92068e-08
-0.00941195
-1.99171e-07
-0.00941145
-4.40732e-07
-0.00941056
-7.51722e-07
-0.00940924
-1.1119e-06
-0.00940743
-1.49427e-06
-0.00940511
-1.88352e-06
-0.00940225
-2.29501e-06
-0.00939874
-2.78365e-06
-0.00939434
-3.44351e-06
-0.0093887
-4.3662e-06
-0.00938152
-5.4905e-06
-0.00937348
-6.14956e-06
-6.35923e-06
-0.00933083
-0.00933056
-0.00933029
-0.00933004
-0.00932982
-0.00932961
-0.00932942
-0.00932925
-0.00932909
-0.00932897
-0.0093289
-0.00932893
-0.00932911
-0.00932952
-0.00933022
-0.00933127
-0.00933269
-0.00933449
-0.0093367
-0.0093394
-0.00934277
-0.00934708
-0.00935254
-0.0093587
)
;

boundaryField
{
    outletCentralUnloaded
    {
        type            calculated;
        value           nonuniform List<scalar> 2(0.00584989 0.00584989);
    }
    inletCentralUnloaded
    {
        type            calculated;
        value           nonuniform List<scalar> 2(-0.00587369 -0.00587369);
    }
    outletFuelElement
    {
        type            calculated;
        value           nonuniform List<scalar> 
12
(
0.00939557
0.00931259
0.00940967
0.0093311
0.00933111
0.00940968
0.00931259
0.00939557
0.0093311
0.00940967
0.00940968
0.00933111
)
;
    }
    inletFuelElement
    {
        type            calculated;
        value           nonuniform List<scalar> 
12
(
-0.00953819
-0.0095382
-0.00953819
-0.00953819
-0.0095382
-0.00953819
-0.0095382
-0.00953819
-0.00953819
-0.00953819
-0.00953819
-0.0095382
)
;
    }
    defaultFaces
    {
        type            calculated;
        value           nonuniform List<scalar> 
450
(
6.55147e-24
-1.6904e-23
0
1.39136e-23
-3.5691e-24
0
1.00425e-23
5.34973e-24
0
-2.43576e-23
-8.34796e-24
0
-9.28296e-24
-1.68034e-23
0
-1.79948e-23
-1.09916e-23
0
-1.75275e-23
-5.15232e-24
0
-1.42606e-23
-1.00434e-23
0
-1.41954e-23
-1.49734e-24
0
-1.36121e-23
-9.33751e-24
0
-1.08652e-23
-2.70492e-24
0
-4.46284e-24
-2.72398e-24
0
7.54961e-24
3.28916e-24
0
2.26348e-23
8.49514e-24
0
3.20746e-23
2.36107e-23
0
4.97687e-23
3.54498e-23
0
4.15369e-23
-7.68421e-24
0
1.00396e-22
8.1476e-23
0
1.08872e-22
-9.94137e-23
0
-3.95696e-23
-8.94148e-23
0
-4.47746e-23
-6.43717e-23
0
1.27325e-22
-9.93233e-24
0
-1.15339e-22
6.33389e-23
0
-2.48513e-22
-1.82679e-22
0
-1.70495e-22
-2.34406e-22
0
1.38876e-23
0
1.13133e-23
0
0
0
7.97434e-24
0
-6.21051e-24
0
6.49288e-24
0
6.836e-24
0
4.83383e-24
0
-1.29193e-24
0
4.17894e-24
0
2.27391e-24
0
-8.33339e-25
0
-5.55951e-24
0
-1.25182e-23
0
-2.85771e-23
0
-3.31161e-23
0
7.80436e-23
0
-6.24519e-23
0
0
0
-9.60037e-23
0
-1.54513e-22
0
2.86236e-22
0
5.53466e-23
0
-2.99988e-22
0
-1.92166e-22
0
0
-7.43328e-24
3.80875e-24
-3.92861e-24
8.15816e-24
-4.26409e-24
-4.489e-24
-4.76092e-24
7.63405e-24
0
0
8.20609e-25
3.64991e-24
8.21954e-24
9.38435e-24
4.3517e-23
-5.13059e-23
3.08143e-23
-3.77955e-23
9.49297e-23
0
-1.6224e-22
-1.10037e-22
0
9.59888e-23
0
0
0
0
0
0
0
0
0
0
0
0
0
0
0
0
0
0
0
0
0
0
0
0
0
-5.55502e-24
7.4067e-24
3.7711e-24
1.13133e-23
7.73011e-24
2.31903e-23
-7.97434e-24
-5.98075e-24
6.21051e-24
-4.14034e-24
-8.65717e-24
-4.32858e-24
-4.55733e-24
-6.83599e-24
-4.83382e-24
-4.83382e-24
1.29193e-23
-2.58386e-24
-4.17894e-24
-4.17894e-24
-3.03188e-24
-1.51594e-24
-8.33338e-25
1.04167e-24
3.70634e-24
5.5595e-24
8.34544e-24
1.25182e-23
2.8577e-23
2.8577e-23
3.31161e-23
3.31161e-23
-5.2029e-23
7.80435e-23
6.24518e-23
4.68389e-23
-1.53063e-22
1.14797e-22
-1.44005e-22
-9.60036e-23
0
-1.2361e-22
-1.22672e-22
2.04454e-22
-1.6604e-22
-2.21386e-22
0
-2.24991e-22
-2.88249e-22
-1.44124e-22
-5.23515e-24
0
0
5.27404e-24
0
-3.76158e-24
6.39352e-24
0
-2.31314e-23
-2.94909e-23
0
7.95398e-24
8.30389e-24
0
0
-2.6421e-23
0
4.31744e-24
-2.11318e-23
0
4.54555e-24
-2.59868e-23
0
4.82129e-24
-1.45953e-23
0
-5.15429e-24
-2.0953e-23
0
5.55743e-24
-1.32185e-23
0
3.024e-24
-6.1665e-24
0
0
9.18917e-24
-0
-1.8484e-24
2.67567e-23
-0
-4.16213e-24
5.10538e-23
-0
0
7.17072e-23
-0
-3.30364e-23
6.11286e-23
-0
-2.59546e-23
1.27919e-22
-0
-3.11581e-23
1.0233e-22
-0
-3.81888e-23
-6.56923e-23
-0
9.58293e-23
-7.37824e-23
-0
0
1.12633e-22
-0
0
-9.00118e-23
-0
0
-1.1503e-22
-0
2.2487e-22
-1.18533e-22
-0
0
0
-3.71664e-24
-3.80875e-24
-7.85723e-24
4.07908e-24
-4.26409e-24
-4.489e-24
-4.76092e-24
-2.54468e-24
-2.74354e-24
-1.49279e-24
4.10304e-25
3.64991e-24
0
0
2.17585e-23
-2.5653e-23
6.16285e-23
-1.51182e-22
0
6.11984e-23
-1.6224e-22
-1.10037e-22
7.47441e-23
0
1.48134e-23
0
1.50844e-23
0
-3.86506e-24
0
1.19615e-23
0
-2.07017e-24
0
4.32859e-24
0
4.55733e-24
0
4.83383e-24
0
-2.58386e-24
0
4.17894e-24
0
1.89493e-24
0
-1.66668e-24
0
-1.85317e-24
-0
-1.66909e-23
-0
-2.85771e-23
-0
-5.51936e-23
-0
7.80436e-23
-0
-6.24519e-23
-0
1.14797e-22
-0
-1.44006e-22
-0
-9.27078e-23
-0
1.22673e-22
-0
1.10693e-22
-0
-2.99988e-22
-0
-2.88249e-22
-0
-8.79546e-24
0
-3.7711e-24
7.5422e-24
-7.73011e-24
1.15952e-23
-5.98075e-24
-2.19294e-23
2.07017e-24
8.28068e-24
-6.49288e-24
-1.94786e-23
-4.55733e-24
-1.59507e-23
-4.83382e-24
-1.69184e-23
2.58386e-24
-7.75158e-24
-2.78596e-24
-9.75085e-24
-1.89493e-24
-3.03188e-24
0
3.75002e-24
3.70634e-24
1.48253e-23
1.25182e-23
4.17272e-23
1.90514e-23
6.66797e-23
2.20774e-23
9.93483e-23
1.30073e-23
6.50363e-23
3.12259e-23
1.71742e-22
-3.82657e-23
1.3393e-22
0
-4.80018e-23
0
-1.2361e-22
-8.17816e-23
1.22672e-22
1.6604e-22
-1.6604e-22
0
-1.87492e-22
0
-2.40207e-22
-0
-0
-0
-0
-0
-0
-0
-0
-0
-0
-0
0
0
0
0
0
0
0
0
0
0
0
0
0
0
)
;
    }
    baffle_master
    {
        type            calculated;
        value           nonuniform List<scalar> 
150
(
-1.63872e-27
0
1.59015e-26
-1.08969e-27
0
-1.59028e-26
-5.00085e-27
0
-7.95208e-27
-1.70122e-27
0
-1.98818e-27
3.83378e-26
0
1.59068e-26
-1.43561e-27
0
0
1.06201e-27
0
-1.59094e-26
7.77205e-27
0
0
-7.94405e-27
0
1.5912e-26
1.14155e-26
0
1.59133e-26
-1.4834e-27
0
0
9.04343e-29
0
-7.95798e-27
2.53237e-27
0
0
-5.20045e-28
0
-1.59186e-26
3.55098e-27
0
0
-8.37591e-28
0
-1.59212e-26
6.78532e-26
0
6.36901e-26
7.76927e-27
0
0
1.73841e-26
0
7.96258e-27
-7.57399e-28
0
1.99081e-27
3.13798e-28
0
0
4.89314e-27
0
1.99114e-27
4.07911e-28
0
4.97827e-28
-1.82185e-27
0
-7.9659e-27
-1.33255e-26
0
0
3.1803e-26
-3.33833e-26
0
0
-2.04704e-26
0
7.95208e-27
-1.58075e-26
0
-1.98818e-27
4.74327e-27
-0
0
-6.55172e-27
-0
-1.59081e-26
4.68359e-26
-0
-1.59094e-26
5.60654e-26
-0
-3.18214e-26
5.21308e-26
-0
1.5912e-26
5.22613e-26
-0
0
1.65467e-26
-0
-1.98933e-27
5.4005e-27
-0
1.5916e-26
-1.73689e-26
0
3.18345e-26
-2.73632e-26
0
1.59186e-26
-4.06574e-26
0
3.18398e-26
-3.78836e-26
0
3.18424e-26
-4.56862e-26
0
-3.18451e-26
-2.75997e-26
0
0
-1.56126e-26
0
-3.98129e-27
4.43609e-27
0
9.95406e-28
2.10267e-27
0
0
-1.02478e-27
-0
3.98229e-27
-4.54573e-27
-0
1.49348e-27
1.43516e-27
-0
0
-9.04557e-27
-0
0
-2.9971e-26
-0
)
;
    }
    baffle_slave
    {
        type            calculated;
        value           nonuniform List<scalar> 
150
(
-2.16e-24
-0
0
4.62971e-25
-0
0
1.30467e-24
-0
3.80875e-24
-2.44668e-25
-0
3.92861e-24
-1.39716e-23
-0
-8.15816e-24
6.63853e-25
-0
0
-1.39769e-24
-0
4.489e-24
2.96461e-25
-0
0
3.56517e-24
-0
0
2.56244e-25
-0
0
1.16186e-24
-0
0
3.06567e-25
0
-4.10304e-25
-1.1363e-25
0
0
5.7577e-25
0
0
0
0
9.38436e-24
-2.37125e-24
0
-2.17585e-23
-7.60918e-23
0
-7.69589e-23
4.79879e-25
0
0
-9.12528e-23
0
-7.5591e-23
5.17681e-24
0
0
2.86155e-23
0
-1.22397e-22
1.189e-22
0
3.24479e-22
0
0
0
-2.80051e-23
0
-1.49488e-22
-1.79936e-23
0
-9.59888e-23
-2.71328e-24
2.58063e-23
0
-4.5408e-24
9.60665e-24
0
1.51528e-24
1.2335e-23
0
-3.2377e-24
1.0276e-23
0
-5.61192e-24
-1.52417e-23
0
-9.81069e-25
8.23177e-24
0
-4.19074e-24
5.87028e-24
0
-3.25745e-24
5.26218e-24
0
5.95167e-24
6.97188e-24
0
-1.41279e-24
7.46312e-24
0
-3.7272e-24
4.81009e-24
0
6.9717e-25
3.32114e-24
0
6.04125e-24
-7.95407e-25
0
6.13286e-24
-6.65334e-24
0
1.33985e-24
-1.44628e-23
0
-1.24965e-24
-1.72762e-23
0
-9.71845e-23
-2.57634e-23
0
3.37042e-23
-4.3429e-23
0
-6.63914e-23
-1.05971e-23
0
-8.88146e-24
3.06911e-23
0
-6.25737e-23
3.91078e-23
0
-9.85148e-23
1.1637e-22
0
-2.25868e-22
-1.13305e-22
0
3.28048e-23
1.07353e-22
0
-3.09367e-23
1.37951e-22
0
)
;
    }
}


// ************************************************************************* //
