/*--------------------------------*- C++ -*----------------------------------*\
| =========                 |                                                 |
| \\      /  F ield         | OpenFOAM: The Open Source CFD Toolbox           |
|  \\    /   O peration     | Version:  2212                                  |
|   \\  /    A nd           | Website:  www.openfoam.com                      |
|    \\/     M anipulation  |                                                 |
\*---------------------------------------------------------------------------*/
FoamFile
{
    version     2.0;
    format      ascii;
    arch        "LSB;label=32;scalar=64";
    class       volScalarField;
    location    "54/fluidRegion";
    object      epsilon;
}
// * * * * * * * * * * * * * * * * * * * * * * * * * * * * * * * * * * * * * //

dimensions      [0 2 -3 0 0 0 0];

internalField   nonuniform List<scalar> 
350
(
66.9842
66.9676
66.9512
66.9348
66.9184
66.902
66.8856
66.8691
66.8528
66.8366
66.8208
66.8056
66.7912
66.7779
66.7661
66.7567
66.7508
66.7505
66.7588
66.7802
66.8217
66.894
67.0136
67.2052
67.5067
66.9842
66.9676
66.9512
66.9348
66.9184
66.902
66.8856
66.8691
66.8528
66.8366
66.8208
66.8056
66.7912
66.7779
66.7661
66.7567
66.7508
66.7505
66.7588
66.7802
66.8217
66.894
67.0136
67.2052
67.5067
7.64576e+06
7.03638e+06
6.36178e+06
5.64309e+06
4.90816e+06
4.18254e+06
3.48839e+06
2.84373e+06
2.26208e+06
1.75229e+06
1.3187e+06
961441
676995
458812
298148
185000
109100
60824
31869
15611.4
7149.34
3116.63
1385.59
735.654
547.141
7.81125e+06
7.19015e+06
6.50245e+06
5.76924e+06
5.01901e+06
4.27792e+06
3.56864e+06
2.90967e+06
2.31487e+06
1.79337e+06
1.34966e+06
983959
692723
469308
304802
188982
111334
61986.9
32424
15849.7
7238.9
3144.97
1392.77
737.097
547.564
7.61868e+06
7.01116e+06
6.33881e+06
5.62257e+06
4.8902e+06
4.16715e+06
3.47548e+06
2.83316e+06
2.25365e+06
1.74576e+06
1.31379e+06
957882
674516
457161
297103
184375
108749
60640
31780.4
15572.6
7134.11
3111.36
1383.96
735.162
546.963
7.7746e+06
7.15603e+06
6.47115e+06
5.7411e+06
4.99423e+06
4.25655e+06
3.55062e+06
2.89483e+06
2.30296e+06
1.78408e+06
1.34265e+06
978848
689146
466917
303284
188072
110823
61720.8
32297
15795.2
7218.48
3138.56
1391.18
736.799
547.485
7.7746e+06
7.15603e+06
6.47115e+06
5.7411e+06
4.99423e+06
4.25655e+06
3.55062e+06
2.89483e+06
2.30296e+06
1.78408e+06
1.34265e+06
978848
689146
466917
303284
188072
110823
61720.8
32297
15795.2
7218.48
3138.56
1391.18
736.799
547.485
7.61869e+06
7.01117e+06
6.33882e+06
5.62258e+06
4.89021e+06
4.16715e+06
3.47549e+06
2.83317e+06
2.25366e+06
1.74576e+06
1.31379e+06
957884
674517
457162
297103
184375
108749
60640.1
31780.4
15572.6
7134.11
3111.35
1383.96
735.161
546.963
7.81125e+06
7.19015e+06
6.50245e+06
5.76924e+06
5.01901e+06
4.27792e+06
3.56864e+06
2.90967e+06
2.31487e+06
1.79337e+06
1.34966e+06
983959
692723
469308
304802
188982
111334
61986.9
32424
15849.7
7238.9
3144.97
1392.77
737.097
547.563
7.64575e+06
7.03638e+06
6.36178e+06
5.64309e+06
4.90816e+06
4.18254e+06
3.48839e+06
2.84373e+06
2.26208e+06
1.75229e+06
1.3187e+06
961441
676995
458812
298148
185000
109100
60824
31869
15611.4
7149.35
3116.64
1385.6
735.662
547.148
7.7746e+06
7.15603e+06
6.47115e+06
5.7411e+06
4.99423e+06
4.25655e+06
3.55062e+06
2.89483e+06
2.30296e+06
1.78408e+06
1.34265e+06
978848
689146
466917
303284
188072
110823
61720.8
32297
15795.2
7218.48
3138.56
1391.18
736.802
547.487
7.61868e+06
7.01116e+06
6.33881e+06
5.62257e+06
4.8902e+06
4.16715e+06
3.47548e+06
2.83317e+06
2.25365e+06
1.74576e+06
1.31379e+06
957882
674516
457161
297103
184375
108749
60640
31780.3
15572.6
7134.1
3111.34
1383.95
735.149
546.951
7.61869e+06
7.01117e+06
6.33882e+06
5.62258e+06
4.89021e+06
4.16715e+06
3.47549e+06
2.83317e+06
2.25366e+06
1.74576e+06
1.31379e+06
957884
674517
457162
297103
184375
108749
60640.1
31780.4
15572.6
7134.12
3111.35
1383.96
735.158
546.96
7.7746e+06
7.15602e+06
6.47115e+06
5.7411e+06
4.99423e+06
4.25655e+06
3.55062e+06
2.89483e+06
2.30296e+06
1.78408e+06
1.34265e+06
978848
689146
466917
303284
188072
110823
61720.8
32297
15795.2
7218.49
3138.57
1391.19
736.811
547.496
)
;

boundaryField
{
    outletCentralUnloaded
    {
        type            zeroGradient;
    }
    inletCentralUnloaded
    {
        type            zeroGradient;
    }
    outletFuelElement
    {
        type            zeroGradient;
    }
    inletFuelElement
    {
        type            zeroGradient;
    }
    defaultFaces
    {
        type            zeroGradient;
    }
    baffle_master
    {
        type            zeroGradient;
    }
    baffle_slave
    {
        type            zeroGradient;
    }
}


// ************************************************************************* //
