/*--------------------------------*- C++ -*----------------------------------*\
| =========                 |                                                 |
| \\      /  F ield         | OpenFOAM: The Open Source CFD Toolbox           |
|  \\    /   O peration     | Version:  2212                                  |
|   \\  /    A nd           | Website:  www.openfoam.com                      |
|    \\/     M anipulation  |                                                 |
\*---------------------------------------------------------------------------*/
FoamFile
{
    version     2.0;
    format      ascii;
    arch        "LSB;label=32;scalar=64";
    class       volScalarField;
    location    "54/fluidRegion";
    object      k;
}
// * * * * * * * * * * * * * * * * * * * * * * * * * * * * * * * * * * * * * //

dimensions      [0 2 -2 0 0 0 0];

internalField   nonuniform List<scalar> 
350
(
0.421091
0.421021
0.42095
0.420881
0.420812
0.420743
0.420674
0.420604
0.420536
0.420469
0.420404
0.420343
0.420286
0.420237
0.420196
0.420169
0.42016
0.420181
0.420246
0.420381
0.420622
0.421028
0.421687
0.422734
0.424375
0.421091
0.421021
0.42095
0.420881
0.420812
0.420743
0.420674
0.420604
0.420536
0.420469
0.420404
0.420343
0.420286
0.420237
0.420196
0.420169
0.42016
0.420181
0.420246
0.420381
0.420622
0.421028
0.421687
0.422734
0.424375
406.548
383.982
358.314
330.053
299.982
268.88
237.495
206.527
176.614
148.318
122.117
98.3918
77.4149
59.3426
44.2069
31.9154
22.263
14.9563
9.64657
5.96417
3.54924
2.07241
1.25005
0.853305
0.71329
412.266
389.435
363.463
334.847
304.385
272.865
241.046
209.638
179.291
150.575
123.977
99.8852
78.5788
60.2196
44.8429
32.357
22.5549
15.1385
9.75274
6.02097
3.57642
2.0836
1.25382
0.854332
0.713677
405.602
383.078
357.464
329.264
299.26
268.23
236.917
206.023
176.181
147.955
121.819
98.1531
77.2293
59.2031
44.1058
31.8452
22.2165
14.9272
9.62936
5.95475
3.54452
2.07027
1.24917
0.852961
0.713155
411.01
388.235
362.327
333.787
303.409
271.979
240.255
208.944
178.692
150.069
123.559
99.5486
78.3158
60.021
44.6986
32.2566
22.4885
15.097
9.72854
6.00803
3.57024
2.08107
1.25298
0.85412
0.713603
411.01
388.235
362.327
333.787
303.409
271.979
240.255
208.944
178.692
150.069
123.559
99.5487
78.3158
60.021
44.6986
32.2566
22.4885
15.097
9.72855
6.00803
3.57024
2.08107
1.25298
0.854119
0.713602
405.603
383.078
357.464
329.264
299.261
268.23
236.918
206.023
176.181
147.955
121.819
98.1533
77.2294
59.2032
44.1059
31.8453
22.2166
14.9272
9.62939
5.95477
3.54453
2.07027
1.24917
0.852962
0.713157
412.266
389.435
363.463
334.847
304.385
272.865
241.045
209.638
179.291
150.575
123.977
99.8852
78.5788
60.2196
44.8429
32.357
22.5549
15.1385
9.75274
6.02097
3.57642
2.0836
1.25382
0.854332
0.713676
406.548
383.982
358.314
330.053
299.982
268.88
237.495
206.527
176.613
148.318
122.117
98.3918
77.4148
59.3426
44.2069
31.9154
22.263
14.9564
9.64658
5.96419
3.54926
2.07242
1.25006
0.853315
0.713299
411.01
388.235
362.327
333.787
303.409
271.979
240.255
208.944
178.692
150.069
123.559
99.5487
78.3158
60.021
44.6986
32.2566
22.4885
15.097
9.72855
6.00803
3.57025
2.08108
1.25299
0.854123
0.713605
405.602
383.078
357.464
329.264
299.26
268.23
236.917
206.023
176.181
147.955
121.819
98.1531
77.2293
59.2031
44.1058
31.8452
22.2165
14.9271
9.62934
5.95473
3.5445
2.07024
1.24915
0.852945
0.713141
405.603
383.078
357.464
329.264
299.261
268.23
236.918
206.023
176.181
147.955
121.819
98.1533
77.2295
59.2032
44.106
31.8453
22.2166
14.9272
9.6294
5.95478
3.54453
2.07027
1.24917
0.85296
0.713153
411.01
388.235
362.327
333.787
303.409
271.979
240.255
208.944
178.692
150.069
123.559
99.5487
78.3158
60.021
44.6986
32.2567
22.4885
15.0971
9.72857
6.00805
3.57026
2.08109
1.253
0.854134
0.713616
)
;

boundaryField
{
    outletCentralUnloaded
    {
        type            zeroGradient;
    }
    inletCentralUnloaded
    {
        type            zeroGradient;
    }
    outletFuelElement
    {
        type            zeroGradient;
    }
    inletFuelElement
    {
        type            zeroGradient;
    }
    defaultFaces
    {
        type            zeroGradient;
    }
    baffle_master
    {
        type            zeroGradient;
    }
    baffle_slave
    {
        type            zeroGradient;
    }
}


// ************************************************************************* //
