/*--------------------------------*- C++ -*----------------------------------*\
| =========                 |                                                 |
| \\      /  F ield         | OpenFOAM: The Open Source CFD Toolbox           |
|  \\    /   O peration     | Version:  2212                                  |
|   \\  /    A nd           | Website:  www.openfoam.com                      |
|    \\/     M anipulation  |                                                 |
\*---------------------------------------------------------------------------*/
FoamFile
{
    version     2.0;
    format      ascii;
    arch        "LSB;label=32;scalar=64";
    class       volScalarField;
    location    "54/fluidRegion";
    object      p;
}
// * * * * * * * * * * * * * * * * * * * * * * * * * * * * * * * * * * * * * //

dimensions      [1 -1 -2 0 0 0 0];

internalField   nonuniform List<scalar> 
350
(
3.44743e+06
3.44772e+06
3.44802e+06
3.44832e+06
3.44861e+06
3.44891e+06
3.4492e+06
3.4495e+06
3.44979e+06
3.45008e+06
3.45038e+06
3.45068e+06
3.45097e+06
3.45127e+06
3.45157e+06
3.45186e+06
3.45216e+06
3.45245e+06
3.45275e+06
3.45304e+06
3.45334e+06
3.45363e+06
3.45393e+06
3.45422e+06
3.45451e+06
3.44743e+06
3.44772e+06
3.44802e+06
3.44832e+06
3.44861e+06
3.44891e+06
3.4492e+06
3.4495e+06
3.44979e+06
3.45008e+06
3.45038e+06
3.45068e+06
3.45097e+06
3.45127e+06
3.45157e+06
3.45186e+06
3.45216e+06
3.45245e+06
3.45275e+06
3.45304e+06
3.45334e+06
3.45363e+06
3.45393e+06
3.45422e+06
3.45451e+06
3.47384e+06
3.52565e+06
3.57686e+06
3.62715e+06
3.67622e+06
3.72378e+06
3.76958e+06
3.81337e+06
3.85496e+06
3.89415e+06
3.93077e+06
3.96471e+06
3.99584e+06
4.02408e+06
4.04939e+06
4.07177e+06
4.09126e+06
4.10795e+06
4.12198e+06
4.13353e+06
4.14279e+06
4.14999e+06
4.15537e+06
4.15922e+06
4.1619e+06
3.47384e+06
3.52565e+06
3.57686e+06
3.62715e+06
3.67622e+06
3.72378e+06
3.76958e+06
3.81337e+06
3.85496e+06
3.89415e+06
3.93077e+06
3.96471e+06
3.99584e+06
4.02408e+06
4.04939e+06
4.07177e+06
4.09126e+06
4.10795e+06
4.12198e+06
4.13353e+06
4.14279e+06
4.14999e+06
4.15537e+06
4.15922e+06
4.1619e+06
3.47384e+06
3.52565e+06
3.57686e+06
3.62715e+06
3.67622e+06
3.72378e+06
3.76958e+06
3.81337e+06
3.85496e+06
3.89415e+06
3.93077e+06
3.96471e+06
3.99584e+06
4.02408e+06
4.04939e+06
4.07177e+06
4.09126e+06
4.10795e+06
4.12198e+06
4.13353e+06
4.14279e+06
4.14999e+06
4.15537e+06
4.15922e+06
4.1619e+06
3.47384e+06
3.52565e+06
3.57686e+06
3.62715e+06
3.67622e+06
3.72378e+06
3.76958e+06
3.81337e+06
3.85496e+06
3.89415e+06
3.93077e+06
3.96471e+06
3.99584e+06
4.02408e+06
4.04939e+06
4.07177e+06
4.09126e+06
4.10795e+06
4.12198e+06
4.13353e+06
4.14279e+06
4.14999e+06
4.15537e+06
4.15922e+06
4.1619e+06
3.47384e+06
3.52565e+06
3.57686e+06
3.62715e+06
3.67622e+06
3.72378e+06
3.76958e+06
3.81337e+06
3.85496e+06
3.89415e+06
3.93077e+06
3.96471e+06
3.99584e+06
4.02408e+06
4.04939e+06
4.07177e+06
4.09126e+06
4.10795e+06
4.12198e+06
4.13353e+06
4.14279e+06
4.14999e+06
4.15537e+06
4.15922e+06
4.1619e+06
3.47384e+06
3.52565e+06
3.57686e+06
3.62715e+06
3.67622e+06
3.72378e+06
3.76958e+06
3.81337e+06
3.85496e+06
3.89415e+06
3.93077e+06
3.96471e+06
3.99584e+06
4.02408e+06
4.04939e+06
4.07177e+06
4.09126e+06
4.10795e+06
4.12198e+06
4.13353e+06
4.14279e+06
4.14999e+06
4.15537e+06
4.15922e+06
4.1619e+06
3.47384e+06
3.52565e+06
3.57686e+06
3.62715e+06
3.67622e+06
3.72378e+06
3.76958e+06
3.81337e+06
3.85496e+06
3.89415e+06
3.93077e+06
3.96471e+06
3.99584e+06
4.02408e+06
4.04939e+06
4.07177e+06
4.09126e+06
4.10795e+06
4.12198e+06
4.13353e+06
4.14279e+06
4.14999e+06
4.15537e+06
4.15922e+06
4.1619e+06
3.47384e+06
3.52565e+06
3.57686e+06
3.62715e+06
3.67622e+06
3.72378e+06
3.76958e+06
3.81337e+06
3.85496e+06
3.89415e+06
3.93077e+06
3.96471e+06
3.99584e+06
4.02408e+06
4.04939e+06
4.07177e+06
4.09126e+06
4.10795e+06
4.12198e+06
4.13353e+06
4.14279e+06
4.14999e+06
4.15537e+06
4.15922e+06
4.1619e+06
3.47384e+06
3.52565e+06
3.57686e+06
3.62715e+06
3.67622e+06
3.72378e+06
3.76958e+06
3.81337e+06
3.85496e+06
3.89415e+06
3.93077e+06
3.96471e+06
3.99584e+06
4.02408e+06
4.04939e+06
4.07177e+06
4.09126e+06
4.10795e+06
4.12198e+06
4.13353e+06
4.14279e+06
4.14999e+06
4.15537e+06
4.15922e+06
4.1619e+06
3.47384e+06
3.52565e+06
3.57686e+06
3.62715e+06
3.67622e+06
3.72378e+06
3.76958e+06
3.81337e+06
3.85496e+06
3.89415e+06
3.93077e+06
3.96471e+06
3.99584e+06
4.02408e+06
4.04939e+06
4.07177e+06
4.09126e+06
4.10795e+06
4.12198e+06
4.13353e+06
4.14279e+06
4.14999e+06
4.15537e+06
4.15922e+06
4.1619e+06
3.47384e+06
3.52565e+06
3.57686e+06
3.62715e+06
3.67622e+06
3.72378e+06
3.76958e+06
3.81337e+06
3.85496e+06
3.89415e+06
3.93077e+06
3.96471e+06
3.99584e+06
4.02408e+06
4.04939e+06
4.07177e+06
4.09126e+06
4.10795e+06
4.12198e+06
4.13353e+06
4.14279e+06
4.14999e+06
4.15537e+06
4.15922e+06
4.1619e+06
3.47384e+06
3.52565e+06
3.57686e+06
3.62715e+06
3.67622e+06
3.72378e+06
3.76958e+06
3.81337e+06
3.85496e+06
3.89415e+06
3.93077e+06
3.96471e+06
3.99584e+06
4.02408e+06
4.04939e+06
4.07177e+06
4.09126e+06
4.10795e+06
4.12198e+06
4.13353e+06
4.14279e+06
4.14999e+06
4.15537e+06
4.15922e+06
4.1619e+06
)
;

boundaryField
{
    outletCentralUnloaded
    {
        type            fixedValue;
        value           uniform 3.44728e+06;
    }
    inletCentralUnloaded
    {
        type            zeroGradient;
    }
    outletFuelElement
    {
        type            fixedValue;
        value           uniform 3.44728e+06;
    }
    inletFuelElement
    {
        type            zeroGradient;
    }
    defaultFaces
    {
        type            zeroGradient;
    }
    baffle_master
    {
        type            zeroGradient;
    }
    baffle_slave
    {
        type            zeroGradient;
    }
}


// ************************************************************************* //
