/*--------------------------------*- C++ -*----------------------------------*\
| =========                 |                                                 |
| \\      /  F ield         | OpenFOAM: The Open Source CFD Toolbox           |
|  \\    /   O peration     | Version:  2212                                  |
|   \\  /    A nd           | Website:  www.openfoam.com                      |
|    \\/     M anipulation  |                                                 |
\*---------------------------------------------------------------------------*/
FoamFile
{
    version     2.0;
    format      ascii;
    arch        "LSB;label=32;scalar=64";
    class       volScalarField;
    location    "36/neutroRegion";
    object      TClad;
}
// * * * * * * * * * * * * * * * * * * * * * * * * * * * * * * * * * * * * * //

dimensions      [0 0 0 1 0 0 0];

internalField   nonuniform List<scalar> 
350
(
0
0
0
0
0
0
0
0
0
0
0
0
0
0
0
0
0
0
0
0
0
0
0
0
0
0
0
0
0
0
0
0
0
0
0
0
0
0
0
0
0
0
0
0
0
0
0
0
0
0
1826.77
1865.67
1891.62
1904.64
1904.84
1892.49
1868.03
1832.02
1785.17
1728.31
1662.43
1588.63
1508.11
1422.23
1332.41
1240.1
1146.68
1053.19
960.025
866.334
769.191
662.374
535.37
376.523
187.611
1854.75
1894.27
1920.64
1933.83
1933.98
1921.37
1896.42
1859.71
1811.97
1754.04
1686.92
1611.73
1529.69
1442.17
1350.61
1256.51
1161.29
1066.05
971.232
876.027
777.507
669.365
540.878
380.096
188.819
1822.23
1861.04
1886.95
1899.95
1900.18
1887.9
1863.53
1827.64
1780.94
1724.27
1658.6
1585.03
1504.76
1419.14
1329.6
1237.57
1144.43
1051.23
958.316
864.862
767.937
661.329
534.559
376.002
187.427
1848.46
1887.82
1914.08
1927.21
1927.36
1914.8
1889.95
1853.39
1805.84
1748.15
1681.3
1606.42
1524.73
1437.58
1346.41
1252.73
1157.92
1063.08
968.641
873.786
775.583
667.746
539.601
379.267
188.54
1848.46
1887.82
1914.08
1927.21
1927.36
1914.8
1889.95
1853.39
1805.84
1748.15
1681.3
1606.42
1524.73
1437.58
1346.41
1252.73
1157.92
1063.08
968.641
873.786
775.583
667.746
539.601
379.267
188.54
1822.23
1861.04
1886.95
1899.96
1900.18
1887.9
1863.53
1827.64
1780.95
1724.27
1658.6
1585.03
1504.76
1419.15
1329.6
1237.57
1144.44
1051.23
958.317
864.863
767.937
661.33
534.56
376.002
187.427
1854.75
1894.27
1920.64
1933.83
1933.98
1921.37
1896.42
1859.71
1811.97
1754.04
1686.92
1611.73
1529.69
1442.17
1350.61
1256.51
1161.29
1066.05
971.232
876.027
777.507
669.365
540.878
380.096
188.819
1826.77
1865.67
1891.62
1904.64
1904.84
1892.49
1868.03
1832.02
1785.17
1728.31
1662.43
1588.63
1508.11
1422.23
1332.41
1240.1
1146.68
1053.19
960.025
866.334
769.191
662.374
535.37
376.523
187.611
1848.46
1887.82
1914.08
1927.21
1927.36
1914.8
1889.95
1853.39
1805.84
1748.15
1681.3
1606.42
1524.73
1437.58
1346.41
1252.73
1157.92
1063.08
968.641
873.786
775.583
667.746
539.601
379.267
188.54
1822.23
1861.04
1886.95
1899.95
1900.18
1887.9
1863.53
1827.64
1780.94
1724.27
1658.6
1585.02
1504.76
1419.14
1329.6
1237.57
1144.43
1051.23
958.316
864.862
767.936
661.33
534.559
376.002
187.427
1822.23
1861.04
1886.95
1899.96
1900.18
1887.9
1863.53
1827.64
1780.95
1724.27
1658.6
1585.03
1504.76
1419.15
1329.6
1237.57
1144.44
1051.23
958.317
864.863
767.937
661.33
534.56
376.002
187.427
1848.46
1887.82
1914.08
1927.21
1927.36
1914.8
1889.95
1853.39
1805.84
1748.15
1681.3
1606.42
1524.73
1437.58
1346.41
1252.73
1157.92
1063.08
968.641
873.786
775.583
667.746
539.601
379.267
188.54
)
;

boundaryField
{
    outletCentralUnloaded
    {
        type            zeroGradient;
    }
    inletCentralUnloaded
    {
        type            zeroGradient;
    }
    outletFuelElement
    {
        type            zeroGradient;
    }
    inletFuelElement
    {
        type            zeroGradient;
    }
    defaultFaces
    {
        type            zeroGradient;
    }
}


// ************************************************************************* //
