/*--------------------------------*- C++ -*----------------------------------*\
| =========                 |                                                 |
| \\      /  F ield         | OpenFOAM: The Open Source CFD Toolbox           |
|  \\    /   O peration     | Version:  2212                                  |
|   \\  /    A nd           | Website:  www.openfoam.com                      |
|    \\/     M anipulation  |                                                 |
\*---------------------------------------------------------------------------*/
FoamFile
{
    version     2.0;
    format      ascii;
    arch        "LSB;label=32;scalar=64";
    class       volScalarField;
    location    "36/neutroRegion";
    object      TFuel;
}
// * * * * * * * * * * * * * * * * * * * * * * * * * * * * * * * * * * * * * //

dimensions      [0 0 0 1 0 0 0];

internalField   nonuniform List<scalar> 
350
(
0
0
0
0
0
0
0
0
0
0
0
0
0
0
0
0
0
0
0
0
0
0
0
0
0
0
0
0
0
0
0
0
0
0
0
0
0
0
0
0
0
0
0
0
0
0
0
0
0
0
2154.02
2937.9
3691.4
4403.07
5062.02
5658.15
6182.29
6626.37
6983.54
7248.28
7416.51
7485.66
7454.69
7324.18
7096.26
6774.57
6364.1
5870.87
5301.55
4662.9
3960.54
3198.18
2376.18
1494.69
567.077
2185.21
2978.27
3740.52
4460.39
5126.85
5729.69
6259.65
6708.55
7069.48
7336.85
7506.55
7575.97
7544.07
7411.43
7180.23
6854.15
6438.28
5938.75
5362.34
4715.97
4005.31
3234.12
2402.67
1510.98
572.544
2148.96
2931.4
3683.53
4393.91
5051.68
5646.75
6169.98
6613.31
6969.89
7234.23
7402.24
7471.35
7440.53
7310.37
7082.97
6761.99
6352.37
5860.14
5291.94
4654.52
3953.48
3192.52
2372.02
1492.15
566.214
2178.18
2969.1
3729.33
4447.29
5112.01
5713.3
6241.9
6689.68
7049.73
7316.49
7485.84
7555.19
7523.5
7391.34
7160.89
6835.83
6421.19
5923.11
5348.34
4703.74
3995
3225.83
2396.57
1507.22
571.285
2178.18
2969.1
3729.33
4447.29
5112.01
5713.3
6241.9
6689.68
7049.73
7316.49
7485.84
7555.19
7523.5
7391.34
7160.89
6835.83
6421.19
5923.11
5348.34
4703.74
3995
3225.83
2396.57
1507.22
571.285
2148.96
2931.4
3683.53
4393.91
5051.68
5646.76
6169.99
6613.31
6969.9
7234.23
7402.24
7471.35
7440.54
7310.37
7082.97
6761.99
6352.37
5860.14
5291.94
4654.52
3953.48
3192.52
2372.03
1492.15
566.214
2185.21
2978.27
3740.52
4460.39
5126.85
5729.69
6259.65
6708.55
7069.48
7336.85
7506.55
7575.97
7544.07
7411.43
7180.23
6854.15
6438.28
5938.75
5362.34
4715.97
4005.31
3234.12
2402.67
1510.98
572.544
2154.02
2937.9
3691.4
4403.07
5062.02
5658.15
6182.29
6626.37
6983.54
7248.28
7416.51
7485.66
7454.69
7324.18
7096.26
6774.57
6364.1
5870.87
5301.55
4662.9
3960.54
3198.18
2376.18
1494.69
567.077
2178.18
2969.1
3729.33
4447.29
5112.01
5713.3
6241.9
6689.68
7049.73
7316.49
7485.84
7555.19
7523.5
7391.34
7160.89
6835.83
6421.19
5923.11
5348.34
4703.74
3995
3225.83
2396.57
1507.22
571.285
2148.96
2931.4
3683.53
4393.91
5051.68
5646.75
6169.98
6613.31
6969.89
7234.23
7402.24
7471.35
7440.53
7310.37
7082.97
6761.99
6352.37
5860.14
5291.94
4654.52
3953.48
3192.52
2372.03
1492.15
566.214
2148.96
2931.4
3683.53
4393.91
5051.68
5646.76
6169.99
6613.31
6969.89
7234.23
7402.24
7471.35
7440.54
7310.37
7082.97
6761.99
6352.37
5860.14
5291.94
4654.52
3953.48
3192.52
2372.03
1492.15
566.214
2178.18
2969.1
3729.33
4447.29
5112.01
5713.3
6241.9
6689.68
7049.73
7316.49
7485.84
7555.19
7523.5
7391.34
7160.89
6835.83
6421.19
5923.11
5348.34
4703.74
3995
3225.83
2396.57
1507.22
571.285
)
;

boundaryField
{
    outletCentralUnloaded
    {
        type            zeroGradient;
    }
    inletCentralUnloaded
    {
        type            zeroGradient;
    }
    outletFuelElement
    {
        type            zeroGradient;
    }
    inletFuelElement
    {
        type            zeroGradient;
    }
    defaultFaces
    {
        type            zeroGradient;
    }
}


// ************************************************************************* //
