/*--------------------------------*- C++ -*----------------------------------*\
| =========                 |                                                 |
| \\      /  F ield         | OpenFOAM: The Open Source CFD Toolbox           |
|  \\    /   O peration     | Version:  2212                                  |
|   \\  /    A nd           | Website:  www.openfoam.com                      |
|    \\/     M anipulation  |                                                 |
\*---------------------------------------------------------------------------*/
FoamFile
{
    version     2.0;
    format      ascii;
    arch        "LSB;label=32;scalar=64";
    class       volScalarField;
    location    "28/fluidRegion";
    object      alphaRhoMagU;
}
// * * * * * * * * * * * * * * * * * * * * * * * * * * * * * * * * * * * * * //

dimensions      [1 -2 -1 0 0 0 0];

internalField   nonuniform List<scalar> 
350
(
36.825
36.825
36.825
36.825
36.825
36.825
36.825
36.825
36.825
36.825
36.825
36.825
36.825
36.825
36.825
36.825
36.825
36.825
36.825
36.825
36.825
36.825
36.825
36.825
36.9046
36.825
36.825
36.825
36.825
36.825
36.825
36.825
36.825
36.825
36.825
36.825
36.825
36.825
36.825
36.825
36.825
36.825
36.825
36.825
36.825
36.825
36.825
36.825
36.825
36.9046
58.6773
58.6055
58.6072
58.6078
58.6071
58.6049
58.601
58.5954
58.5877
58.5778
58.5656
58.551
58.5341
58.5148
58.4928
58.467
58.4355
58.3966
58.3501
58.3028
58.2759
58.3314
58.6132
59.3665
59.7988
58.1678
58.0879
58.0848
58.0807
58.0755
58.0692
58.0616
58.0525
58.0416
58.0289
58.0145
57.9988
57.9826
57.9668
57.9521
57.9384
57.9244
57.9086
57.8908
57.8783
57.894
58.0033
58.356
59.2028
59.7458
58.7625
58.6905
58.6927
58.6937
58.6933
58.6913
58.6877
58.6822
58.6746
58.6647
58.6523
58.6373
58.6196
58.5991
58.5752
58.5465
58.5114
58.4678
58.4157
58.3616
58.3265
58.3717
58.6405
59.3788
59.8007
58.2817
58.2041
58.2023
58.1995
58.1956
58.1904
58.1839
58.1757
58.1658
58.1539
58.1402
58.1249
58.1087
58.0924
58.0762
58.06
58.0422
58.0213
57.997
57.9767
57.9828
58.0801
58.4167
59.2422
59.7589
58.2817
58.2041
58.2023
58.1995
58.1956
58.1904
58.1839
58.1757
58.1658
58.1539
58.1402
58.1249
58.1087
58.0924
58.0762
58.0599
58.0422
58.0213
57.997
57.9767
57.9828
58.0801
58.4167
59.2422
59.7589
58.7625
58.6904
58.6927
58.6937
58.6933
58.6913
58.6877
58.6822
58.6746
58.6647
58.6523
58.6373
58.6196
58.5991
58.5751
58.5465
58.5113
58.4678
58.4156
58.3615
58.3263
58.3715
58.6404
59.3786
59.8006
58.1678
58.0879
58.0848
58.0807
58.0755
58.0692
58.0616
58.0525
58.0416
58.0289
58.0145
57.9988
57.9826
57.9668
57.9521
57.9384
57.9244
57.9086
57.8908
57.8783
57.894
58.0033
58.356
59.2028
59.7458
58.6773
58.6055
58.6072
58.6078
58.6071
58.6049
58.601
58.5954
58.5877
58.5778
58.5656
58.551
58.5341
58.5148
58.4928
58.467
58.4355
58.3966
58.3501
58.3028
58.2759
58.3314
58.6132
59.3665
59.7988
58.2817
58.2041
58.2023
58.1995
58.1956
58.1904
58.1839
58.1757
58.1658
58.1539
58.1402
58.1249
58.1087
58.0924
58.0762
58.06
58.0422
58.0213
57.997
57.9767
57.9828
58.0801
58.4167
59.2423
59.7589
58.7625
58.6905
58.6927
58.6937
58.6933
58.6913
58.6877
58.6822
58.6746
58.6647
58.6523
58.6373
58.6196
58.5991
58.5752
58.5465
58.5114
58.4678
58.4157
58.3616
58.3265
58.3717
58.6405
59.3788
59.8007
58.7625
58.6904
58.6927
58.6937
58.6933
58.6913
58.6877
58.6822
58.6746
58.6647
58.6523
58.6373
58.6196
58.5991
58.5751
58.5465
58.5113
58.4678
58.4156
58.3615
58.3263
58.3715
58.6404
59.3786
59.8006
58.2817
58.2041
58.2023
58.1995
58.1956
58.1904
58.1839
58.1757
58.1658
58.1539
58.1402
58.1249
58.1087
58.0924
58.0762
58.0599
58.0422
58.0212
57.997
57.9767
57.9828
58.0801
58.4167
59.2423
59.7589
)
;

boundaryField
{
    outletCentralUnloaded
    {
        type            calculated;
        value           nonuniform List<scalar> 2(36.8234 36.8234);
    }
    inletCentralUnloaded
    {
        type            calculated;
        value           nonuniform List<scalar> 2(36.9828 36.9828);
    }
    outletFuelElement
    {
        type            calculated;
        value           nonuniform List<scalar> 
12
(
58.2522
57.7464
58.3369
57.8595
57.8595
58.3369
57.7464
58.2522
57.8595
58.3369
58.3369
57.8595
)
;
    }
    inletFuelElement
    {
        type            calculated;
        value           nonuniform List<scalar> 
12
(
59.6394
59.6394
59.6394
59.6394
59.6394
59.6394
59.6394
59.6394
59.6394
59.6394
59.6394
59.6394
)
;
    }
    defaultFaces
    {
        type            calculated;
        value           nonuniform List<scalar> 
450
(
58.6773
58.6773
58.6773
58.6055
58.6055
58.6055
58.6072
58.6072
58.6072
58.6078
58.6078
58.6078
58.6071
58.6071
58.6071
58.6049
58.6049
58.6049
58.601
58.601
58.601
58.5954
58.5954
58.5954
58.5877
58.5877
58.5877
58.5778
58.5778
58.5778
58.5656
58.5656
58.5656
58.551
58.551
58.551
58.5341
58.5341
58.5341
58.5148
58.5148
58.5148
58.4928
58.4928
58.4928
58.467
58.467
58.467
58.4355
58.4355
58.4355
58.3966
58.3966
58.3966
58.3501
58.3501
58.3501
58.3028
58.3028
58.3028
58.2759
58.2759
58.2759
58.3314
58.3314
58.3314
58.6132
58.6132
58.6132
59.3665
59.3665
59.3665
59.7988
59.7988
59.7988
58.7625
58.7625
58.6905
58.6905
58.6927
58.6927
58.6937
58.6937
58.6933
58.6933
58.6913
58.6913
58.6877
58.6877
58.6822
58.6822
58.6746
58.6746
58.6647
58.6647
58.6523
58.6523
58.6373
58.6373
58.6196
58.6196
58.5991
58.5991
58.5752
58.5752
58.5465
58.5465
58.5114
58.5114
58.4678
58.4678
58.4157
58.4157
58.3616
58.3616
58.3265
58.3265
58.3717
58.3717
58.6405
58.6405
59.3788
59.3788
59.8007
59.8007
58.2817
58.2041
58.2023
58.1995
58.1956
58.1904
58.1839
58.1757
58.1658
58.1539
58.1402
58.1249
58.1087
58.0924
58.0762
58.06
58.0422
58.0213
57.997
57.9767
57.9828
58.0801
58.4167
59.2422
59.7589
58.2817
58.2041
58.2023
58.1995
58.1956
58.1904
58.1839
58.1757
58.1658
58.1539
58.1402
58.1249
58.1087
58.0924
58.0762
58.0599
58.0422
58.0213
57.997
57.9767
57.9828
58.0801
58.4167
59.2422
59.7589
58.7625
58.7625
58.6904
58.6904
58.6927
58.6927
58.6937
58.6937
58.6933
58.6933
58.6913
58.6913
58.6877
58.6877
58.6822
58.6822
58.6746
58.6746
58.6647
58.6647
58.6523
58.6523
58.6373
58.6373
58.6196
58.6196
58.5991
58.5991
58.5751
58.5751
58.5465
58.5465
58.5113
58.5113
58.4678
58.4678
58.4156
58.4156
58.3615
58.3615
58.3263
58.3263
58.3715
58.3715
58.6404
58.6404
59.3786
59.3786
59.8006
59.8006
58.6773
58.6773
58.6773
58.6055
58.6055
58.6055
58.6072
58.6072
58.6072
58.6078
58.6078
58.6078
58.6071
58.6071
58.6071
58.6049
58.6049
58.6049
58.601
58.601
58.601
58.5954
58.5954
58.5954
58.5877
58.5877
58.5877
58.5778
58.5778
58.5778
58.5656
58.5656
58.5656
58.551
58.551
58.551
58.5341
58.5341
58.5341
58.5148
58.5148
58.5148
58.4928
58.4928
58.4928
58.467
58.467
58.467
58.4355
58.4355
58.4355
58.3966
58.3966
58.3966
58.3501
58.3501
58.3501
58.3028
58.3028
58.3028
58.2759
58.2759
58.2759
58.3314
58.3314
58.3314
58.6132
58.6132
58.6132
59.3665
59.3665
59.3665
59.7988
59.7988
59.7988
58.2817
58.2041
58.2023
58.1995
58.1956
58.1904
58.1839
58.1757
58.1658
58.1539
58.1402
58.1249
58.1087
58.0924
58.0762
58.06
58.0422
58.0213
57.997
57.9767
57.9828
58.0801
58.4167
59.2423
59.7589
58.7625
58.7625
58.6905
58.6905
58.6927
58.6927
58.6937
58.6937
58.6933
58.6933
58.6913
58.6913
58.6877
58.6877
58.6822
58.6822
58.6746
58.6746
58.6647
58.6647
58.6523
58.6523
58.6373
58.6373
58.6196
58.6196
58.5991
58.5991
58.5752
58.5752
58.5465
58.5465
58.5114
58.5114
58.4678
58.4678
58.4157
58.4157
58.3616
58.3616
58.3265
58.3265
58.3717
58.3717
58.6405
58.6405
59.3788
59.3788
59.8007
59.8007
58.7625
58.7625
58.6904
58.6904
58.6927
58.6927
58.6937
58.6937
58.6933
58.6933
58.6913
58.6913
58.6877
58.6877
58.6822
58.6822
58.6746
58.6746
58.6647
58.6647
58.6523
58.6523
58.6373
58.6373
58.6196
58.6196
58.5991
58.5991
58.5751
58.5751
58.5465
58.5465
58.5113
58.5113
58.4678
58.4678
58.4156
58.4156
58.3615
58.3615
58.3263
58.3263
58.3715
58.3715
58.6404
58.6404
59.3786
59.3786
59.8006
59.8006
58.2817
58.2041
58.2023
58.1995
58.1956
58.1904
58.1839
58.1757
58.1658
58.1539
58.1402
58.1249
58.1087
58.0924
58.0762
58.0599
58.0422
58.0212
57.997
57.9767
57.9828
58.0801
58.4167
59.2423
59.7589
)
;
    }
    baffle_master
    {
        type            calculated;
        value           nonuniform List<scalar> 
150
(
36.825
36.825
36.825
36.825
36.825
36.825
36.825
36.825
36.825
36.825
36.825
36.825
36.825
36.825
36.825
36.825
36.825
36.825
36.825
36.825
36.825
36.825
36.825
36.825
36.825
36.825
36.825
36.825
36.825
36.825
36.825
36.825
36.825
36.825
36.825
36.825
36.825
36.825
36.825
36.825
36.825
36.825
36.825
36.825
36.825
36.825
36.825
36.825
36.825
36.825
36.825
36.825
36.825
36.825
36.825
36.825
36.825
36.825
36.825
36.825
36.825
36.825
36.825
36.825
36.825
36.825
36.825
36.825
36.825
36.825
36.825
36.825
36.9046
36.9046
36.9046
36.825
36.825
36.825
36.825
36.825
36.825
36.825
36.825
36.825
36.825
36.825
36.825
36.825
36.825
36.825
36.825
36.825
36.825
36.825
36.825
36.825
36.825
36.825
36.825
36.825
36.825
36.825
36.825
36.825
36.825
36.825
36.825
36.825
36.825
36.825
36.825
36.825
36.825
36.825
36.825
36.825
36.825
36.825
36.825
36.825
36.825
36.825
36.825
36.825
36.825
36.825
36.825
36.825
36.825
36.825
36.825
36.825
36.825
36.825
36.825
36.825
36.825
36.825
36.825
36.825
36.825
36.825
36.825
36.825
36.825
36.825
36.825
36.9046
36.9046
36.9046
)
;
    }
    baffle_slave
    {
        type            calculated;
        value           nonuniform List<scalar> 
150
(
58.1678
58.2817
58.2817
58.0879
58.2041
58.2041
58.0848
58.2023
58.2023
58.0807
58.1995
58.1995
58.0755
58.1956
58.1956
58.0692
58.1904
58.1904
58.0616
58.1839
58.1839
58.0525
58.1757
58.1757
58.0416
58.1658
58.1658
58.0289
58.1539
58.1539
58.0145
58.1402
58.1402
57.9988
58.1249
58.1249
57.9826
58.1087
58.1087
57.9668
58.0924
58.0924
57.9521
58.0762
58.0762
57.9384
58.06
58.0599
57.9244
58.0422
58.0422
57.9086
58.0213
58.0212
57.8908
57.997
57.997
57.8783
57.9767
57.9767
57.894
57.9828
57.9828
58.0033
58.0801
58.0801
58.356
58.4167
58.4167
59.2028
59.2422
59.2423
59.7458
59.7589
59.7589
58.2817
58.1678
58.2817
58.2041
58.0879
58.2041
58.2023
58.0848
58.2023
58.1995
58.0807
58.1995
58.1956
58.0755
58.1956
58.1904
58.0692
58.1904
58.1839
58.0616
58.1839
58.1757
58.0525
58.1757
58.1658
58.0416
58.1658
58.1539
58.0289
58.1539
58.1402
58.0145
58.1402
58.1249
57.9988
58.1249
58.1087
57.9826
58.1087
58.0924
57.9668
58.0924
58.0762
57.9521
58.0762
58.0599
57.9384
58.06
58.0422
57.9244
58.0422
58.0213
57.9086
58.0213
57.997
57.8908
57.997
57.9767
57.8783
57.9767
57.9828
57.894
57.9828
58.0801
58.0033
58.0801
58.4167
58.356
58.4167
59.2422
59.2028
59.2423
59.7589
59.7458
59.7589
)
;
    }
}


// ************************************************************************* //
