/*--------------------------------*- C++ -*----------------------------------*\
| =========                 |                                                 |
| \\      /  F ield         | OpenFOAM: The Open Source CFD Toolbox           |
|  \\    /   O peration     | Version:  2212                                  |
|   \\  /    A nd           | Website:  www.openfoam.com                      |
|    \\/     M anipulation  |                                                 |
\*---------------------------------------------------------------------------*/
FoamFile
{
    version     2.0;
    format      ascii;
    arch        "LSB;label=32;scalar=64";
    class       volScalarField;
    location    "28/fluidRegion";
    object      alphat;
}
// * * * * * * * * * * * * * * * * * * * * * * * * * * * * * * * * * * * * * //

dimensions      [1 -1 -1 0 0 0 0];

internalField   nonuniform List<scalar> 
350
(
0.00258527
0.00258527
0.00258527
0.00258527
0.00258527
0.00258527
0.00258528
0.00258529
0.0025853
0.00258531
0.00258534
0.00258537
0.00258543
0.00258552
0.00258565
0.00258585
0.00258615
0.00258662
0.00258734
0.00258844
0.00259011
0.00259267
0.00259658
0.00260256
0.00261169
0.00258527
0.00258527
0.00258527
0.00258527
0.00258527
0.00258527
0.00258528
0.00258529
0.0025853
0.00258531
0.00258534
0.00258537
0.00258543
0.00258552
0.00258565
0.00258585
0.00258615
0.00258662
0.00258734
0.00258844
0.00259011
0.00259267
0.00259658
0.00260256
0.00261169
0.000892572
0.00088064
0.000869031
0.000857291
0.000845312
0.000832989
0.000820219
0.000806904
0.000792965
0.000778341
0.000763004
0.000746962
0.000730256
0.000712951
0.000695122
0.000676864
0.000658367
0.00064012
0.000623349
0.000610937
0.000609272
0.000631475
0.000699373
0.00082924
0.000995316
0.000884907
0.000872983
0.000861403
0.000849699
0.000837765
0.000825494
0.000812783
0.000799535
0.000785666
0.000771119
0.000755865
0.000739919
0.00072333
0.000706174
0.000688538
0.000670525
0.000652322
0.000634404
0.000617977
0.000605902
0.000604553
0.000627095
0.000695574
0.000826677
0.000994626
0.000893798
0.000881854
0.000870236
0.000858485
0.000846495
0.000834158
0.000821374
0.000808045
0.000794089
0.000779448
0.000764093
0.00074803
0.0007313
0.000713965
0.000696098
0.000677794
0.000659245
0.000640937
0.000624103
0.000611628
0.000609901
0.000632041
0.000699854
0.000829567
0.000995435
0.000886668
0.000874746
0.000863162
0.000851452
0.00083951
0.000827229
0.000814506
0.000801244
0.00078736
0.000772795
0.000757522
0.000741553
0.000724937
0.000707746
0.000690065
0.000671995
0.000653724
0.00063573
0.000619223
0.00060707
0.000605648
0.000628112
0.000696458
0.000827276
0.000994788
0.000886668
0.000874746
0.000863162
0.000851452
0.00083951
0.00082723
0.000814506
0.000801244
0.00078736
0.000772795
0.000757522
0.000741553
0.000724937
0.000707746
0.000690065
0.000671995
0.000653724
0.00063573
0.000619223
0.00060707
0.000605648
0.000628112
0.000696458
0.000827276
0.000994788
0.000893798
0.000881854
0.000870236
0.000858485
0.000846494
0.000834158
0.000821373
0.000808044
0.000794089
0.000779448
0.000764093
0.00074803
0.000731299
0.000713964
0.000696097
0.000677794
0.000659244
0.000640937
0.000624102
0.000611627
0.000609901
0.00063204
0.000699854
0.000829567
0.000995436
0.000884907
0.000872983
0.000861403
0.000849699
0.000837765
0.000825494
0.000812783
0.000799535
0.000785666
0.000771119
0.000755865
0.000739919
0.00072333
0.000706174
0.000688538
0.000670525
0.000652322
0.000634404
0.000617977
0.000605902
0.000604553
0.000627094
0.000695574
0.000826677
0.000994626
0.000892572
0.00088064
0.000869031
0.000857291
0.000845313
0.000832989
0.000820219
0.000806905
0.000792965
0.000778341
0.000763004
0.000746962
0.000730257
0.000712951
0.000695122
0.000676864
0.000658367
0.00064012
0.000623349
0.000610937
0.000609273
0.000631475
0.000699373
0.000829238
0.000995313
0.000886667
0.000874746
0.000863162
0.000851452
0.00083951
0.000827229
0.000814506
0.000801244
0.00078736
0.000772795
0.000757522
0.000741553
0.000724937
0.000707746
0.000690065
0.000671995
0.000653724
0.00063573
0.000619223
0.00060707
0.000605648
0.000628112
0.000696458
0.000827276
0.000994788
0.000893798
0.000881854
0.000870236
0.000858485
0.000846495
0.000834159
0.000821374
0.000808045
0.000794089
0.000779449
0.000764093
0.00074803
0.0007313
0.000713964
0.000696098
0.000677794
0.000659244
0.000640937
0.000624102
0.000611626
0.000609899
0.000632038
0.000699852
0.000829566
0.000995437
0.000893798
0.000881854
0.000870236
0.000858485
0.000846494
0.000834158
0.000821373
0.000808044
0.000794089
0.000779448
0.000764093
0.00074803
0.0007313
0.000713964
0.000696097
0.000677794
0.000659244
0.000640937
0.000624102
0.000611627
0.000609901
0.00063204
0.000699854
0.000829567
0.000995435
0.000886667
0.000874746
0.000863162
0.000851452
0.00083951
0.00082723
0.000814507
0.000801244
0.00078736
0.000772795
0.000757522
0.000741553
0.000724937
0.000707746
0.000690065
0.000671995
0.000653724
0.00063573
0.000619223
0.00060707
0.000605648
0.000628112
0.000696458
0.000827274
0.000994784
)
;

boundaryField
{
    outletCentralUnloaded
    {
        type            zeroGradient;
    }
    inletCentralUnloaded
    {
        type            zeroGradient;
    }
    outletFuelElement
    {
        type            zeroGradient;
    }
    inletFuelElement
    {
        type            zeroGradient;
    }
    defaultFaces
    {
        type            zeroGradient;
    }
    baffle_master
    {
        type            calculated;
        value           nonuniform List<scalar> 
150
(
0.00258527
0.00258527
0.00258527
0.00258527
0.00258527
0.00258527
0.00258527
0.00258527
0.00258527
0.00258527
0.00258527
0.00258527
0.00258527
0.00258527
0.00258527
0.00258527
0.00258527
0.00258527
0.00258528
0.00258528
0.00258528
0.00258529
0.00258529
0.00258529
0.0025853
0.0025853
0.0025853
0.00258531
0.00258531
0.00258531
0.00258534
0.00258534
0.00258534
0.00258537
0.00258537
0.00258537
0.00258543
0.00258543
0.00258543
0.00258552
0.00258552
0.00258552
0.00258565
0.00258565
0.00258565
0.00258585
0.00258585
0.00258585
0.00258615
0.00258615
0.00258615
0.00258662
0.00258662
0.00258662
0.00258734
0.00258734
0.00258734
0.00258844
0.00258844
0.00258844
0.00259011
0.00259011
0.00259011
0.00259267
0.00259267
0.00259267
0.00259658
0.00259658
0.00259658
0.00260256
0.00260256
0.00260256
0.00261169
0.00261169
0.00261169
0.00258527
0.00258527
0.00258527
0.00258527
0.00258527
0.00258527
0.00258527
0.00258527
0.00258527
0.00258527
0.00258527
0.00258527
0.00258527
0.00258527
0.00258527
0.00258527
0.00258527
0.00258527
0.00258528
0.00258528
0.00258528
0.00258529
0.00258529
0.00258529
0.0025853
0.0025853
0.0025853
0.00258531
0.00258531
0.00258531
0.00258534
0.00258534
0.00258534
0.00258537
0.00258537
0.00258537
0.00258543
0.00258543
0.00258543
0.00258552
0.00258552
0.00258552
0.00258565
0.00258565
0.00258565
0.00258585
0.00258585
0.00258585
0.00258615
0.00258615
0.00258615
0.00258662
0.00258662
0.00258662
0.00258734
0.00258734
0.00258734
0.00258844
0.00258844
0.00258844
0.00259011
0.00259011
0.00259011
0.00259267
0.00259267
0.00259267
0.00259658
0.00259658
0.00259658
0.00260256
0.00260256
0.00260256
0.00261169
0.00261169
0.00261169
)
;
    }
    baffle_slave
    {
        type            calculated;
        value           nonuniform List<scalar> 
150
(
0.000884907
0.000886668
0.000886667
0.000872983
0.000874746
0.000874746
0.000861403
0.000863162
0.000863162
0.000849699
0.000851452
0.000851452
0.000837765
0.00083951
0.00083951
0.000825494
0.000827229
0.00082723
0.000812783
0.000814506
0.000814507
0.000799535
0.000801244
0.000801244
0.000785666
0.00078736
0.00078736
0.000771119
0.000772795
0.000772795
0.000755865
0.000757522
0.000757522
0.000739919
0.000741553
0.000741553
0.00072333
0.000724937
0.000724937
0.000706174
0.000707746
0.000707746
0.000688538
0.000690065
0.000690065
0.000670525
0.000671995
0.000671995
0.000652322
0.000653724
0.000653724
0.000634404
0.00063573
0.00063573
0.000617977
0.000619223
0.000619223
0.000605902
0.00060707
0.00060707
0.000604553
0.000605648
0.000605648
0.000627095
0.000628112
0.000628112
0.000695574
0.000696458
0.000696458
0.000826677
0.000827276
0.000827274
0.000994626
0.000994788
0.000994784
0.000886668
0.000884907
0.000886667
0.000874746
0.000872983
0.000874746
0.000863162
0.000861403
0.000863162
0.000851452
0.000849699
0.000851452
0.00083951
0.000837765
0.00083951
0.00082723
0.000825494
0.000827229
0.000814506
0.000812783
0.000814506
0.000801244
0.000799535
0.000801244
0.00078736
0.000785666
0.00078736
0.000772795
0.000771119
0.000772795
0.000757522
0.000755865
0.000757522
0.000741553
0.000739919
0.000741553
0.000724937
0.00072333
0.000724937
0.000707746
0.000706174
0.000707746
0.000690065
0.000688538
0.000690065
0.000671995
0.000670525
0.000671995
0.000653724
0.000652322
0.000653724
0.00063573
0.000634404
0.00063573
0.000619223
0.000617977
0.000619223
0.00060707
0.000605902
0.00060707
0.000605648
0.000604553
0.000605648
0.000628112
0.000627094
0.000628112
0.000696458
0.000695574
0.000696458
0.000827276
0.000826677
0.000827276
0.000994788
0.000994626
0.000994788
)
;
    }
}


// ************************************************************************* //
