/*--------------------------------*- C++ -*----------------------------------*\
| =========                 |                                                 |
| \\      /  F ield         | OpenFOAM: The Open Source CFD Toolbox           |
|  \\    /   O peration     | Version:  2212                                  |
|   \\  /    A nd           | Website:  www.openfoam.com                      |
|    \\/     M anipulation  |                                                 |
\*---------------------------------------------------------------------------*/
FoamFile
{
    version     2.0;
    format      ascii;
    arch        "LSB;label=32;scalar=64";
    class       volScalarField;
    location    "28/fluidRegion";
    object      epsilon;
}
// * * * * * * * * * * * * * * * * * * * * * * * * * * * * * * * * * * * * * //

dimensions      [0 2 -3 0 0 0 0];

internalField   nonuniform List<scalar> 
350
(
66.9537
66.9371
66.9206
66.904
66.8875
66.8711
66.8547
66.8384
66.8222
66.8062
66.7906
66.7754
66.7609
66.7475
66.7358
66.7265
66.7211
66.7216
66.7311
66.7542
66.7984
66.8745
66.9996
67.1995
67.5136
66.9537
66.9371
66.9206
66.904
66.8875
66.8711
66.8547
66.8384
66.8222
66.8062
66.7906
66.7754
66.7609
66.7475
66.7358
66.7265
66.7211
66.7216
66.7311
66.7542
66.7984
66.8745
66.9996
67.1995
67.5136
6.81337e+06
6.29804e+06
5.71891e+06
5.0928e+06
4.44533e+06
3.80037e+06
3.1789e+06
2.59831e+06
2.07186e+06
1.60852e+06
1.21305e+06
886239
625356
424773
276724
172203
101897
57037.1
30033.2
14806.3
6839.61
3017.78
1362.67
733.996
549.283
6.95808e+06
6.43321e+06
5.84321e+06
5.20476e+06
4.54412e+06
3.88567e+06
3.25091e+06
2.65763e+06
2.11946e+06
1.64563e+06
1.24107e+06
906645
639626
434307
282776
175831
103935
58101.1
30542.3
15025.6
6922.35
3044.11
1369.4
735.369
549.695
6.78964e+06
6.27583e+06
5.69858e+06
5.07456e+06
4.4293e+06
3.78657e+06
3.1673e+06
2.58879e+06
2.06424e+06
1.6026e+06
1.2086e+06
883007
623102
423269
275771
171631
101575
56868.2
29951.5
14770.4
6825.45
3012.84
1361.13
733.527
549.116
6.92604e+06
6.40322e+06
5.81556e+06
5.1798e+06
4.52204e+06
3.86656e+06
3.23474e+06
2.64429e+06
2.10873e+06
1.63725e+06
1.23473e+06
902014
636382
432135
281396
175002
103469
57857.7
30425.9
14975.4
6903.49
3038.16
1367.91
735.085
549.617
6.92604e+06
6.40322e+06
5.81556e+06
5.1798e+06
4.52204e+06
3.86656e+06
3.23474e+06
2.64429e+06
2.10873e+06
1.63725e+06
1.23473e+06
902014
636382
432135
281396
175002
103469
57857.7
30425.9
14975.5
6903.5
3038.16
1367.91
735.085
549.617
6.78965e+06
6.27584e+06
5.69859e+06
5.07456e+06
4.4293e+06
3.78658e+06
3.16731e+06
2.58879e+06
2.06425e+06
1.60261e+06
1.2086e+06
883008
623103
423270
275771
171632
101575
56868.3
29951.6
14770.4
6825.45
3012.83
1361.13
733.526
549.117
6.95808e+06
6.43321e+06
5.84321e+06
5.20476e+06
4.54412e+06
3.88567e+06
3.25091e+06
2.65763e+06
2.11946e+06
1.64563e+06
1.24107e+06
906645
639626
434307
282776
175831
103935
58101.1
30542.3
15025.6
6922.35
3044.11
1369.4
735.369
549.695
6.81337e+06
6.29804e+06
5.71891e+06
5.0928e+06
4.44533e+06
3.80037e+06
3.1789e+06
2.59831e+06
2.07186e+06
1.60852e+06
1.21305e+06
886239
625356
424773
276724
172203
101897
57037.1
30033.2
14806.3
6839.61
3017.78
1362.68
733.996
549.283
6.92604e+06
6.40322e+06
5.81556e+06
5.17979e+06
4.52204e+06
3.86656e+06
3.23474e+06
2.64429e+06
2.10873e+06
1.63725e+06
1.23473e+06
902014
636382
432135
281396
175002
103469
57857.7
30425.9
14975.4
6903.5
3038.16
1367.91
735.085
549.617
6.78964e+06
6.27583e+06
5.69858e+06
5.07456e+06
4.4293e+06
3.78657e+06
3.1673e+06
2.58879e+06
2.06424e+06
1.6026e+06
1.2086e+06
883007
623102
423269
275771
171631
101575
56868.2
29951.5
14770.3
6825.43
3012.82
1361.12
733.523
549.113
6.78965e+06
6.27584e+06
5.69859e+06
5.07456e+06
4.4293e+06
3.78658e+06
3.16731e+06
2.58879e+06
2.06425e+06
1.60261e+06
1.2086e+06
883008
623103
423270
275771
171632
101575
56868.3
29951.6
14770.4
6825.45
3012.83
1361.12
733.525
549.115
6.92604e+06
6.40322e+06
5.81556e+06
5.1798e+06
4.52204e+06
3.86656e+06
3.23474e+06
2.64429e+06
2.10873e+06
1.63725e+06
1.23473e+06
902015
636382
432135
281396
175002
103469
57857.7
30425.9
14975.5
6903.5
3038.16
1367.92
735.086
549.618
)
;

boundaryField
{
    outletCentralUnloaded
    {
        type            zeroGradient;
    }
    inletCentralUnloaded
    {
        type            zeroGradient;
    }
    outletFuelElement
    {
        type            zeroGradient;
    }
    inletFuelElement
    {
        type            zeroGradient;
    }
    defaultFaces
    {
        type            zeroGradient;
    }
    baffle_master
    {
        type            zeroGradient;
    }
    baffle_slave
    {
        type            zeroGradient;
    }
}


// ************************************************************************* //
