/*--------------------------------*- C++ -*----------------------------------*\
| =========                 |                                                 |
| \\      /  F ield         | OpenFOAM: The Open Source CFD Toolbox           |
|  \\    /   O peration     | Version:  2212                                  |
|   \\  /    A nd           | Website:  www.openfoam.com                      |
|    \\/     M anipulation  |                                                 |
\*---------------------------------------------------------------------------*/
FoamFile
{
    version     2.0;
    format      ascii;
    arch        "LSB;label=32;scalar=64";
    class       volScalarField;
    location    "28/fluidRegion";
    object      nut;
}
// * * * * * * * * * * * * * * * * * * * * * * * * * * * * * * * * * * * * * //

dimensions      [0 2 -1 0 0 0 0];

internalField   nonuniform List<scalar> 
350
(
0.000537519
0.000537475
0.00053743
0.000537386
0.000537342
0.000537298
0.000537254
0.00053721
0.000537167
0.000537124
0.000537082
0.000537041
0.000537002
0.000536965
0.000536933
0.000536907
0.000536891
0.00053689
0.000536912
0.000536968
0.000537078
0.000537269
0.000537585
0.00053809
0.000539533
0.000537519
0.000537475
0.00053743
0.000537386
0.000537342
0.000537298
0.000537254
0.00053721
0.000537167
0.000537124
0.000537082
0.000537041
0.000537002
0.000536965
0.000536933
0.000536907
0.000536891
0.00053689
0.000536912
0.000536968
0.000537078
0.000537269
0.000537585
0.00053809
0.000539533
0.0100005
0.00980535
0.00956039
0.00925915
0.00890644
0.00850734
0.00806713
0.00759124
0.0070853
0.00655517
0.00600702
0.00544746
0.00488361
0.00432319
0.00377437
0.00324544
0.00274437
0.00227832
0.0018534
0.00147476
0.001147
0.00087455
0.000661525
0.000510275
0.000416433
0.0100639
0.00986785
0.00962215
0.00931965
0.00896527
0.0085641
0.00812145
0.00764278
0.00713374
0.00660022
0.0060484
0.00548491
0.00491695
0.00435228
0.00379917
0.00326603
0.00276095
0.00229119
0.00186294
0.00148143
0.00115129
0.000876982
0.000662653
0.000510638
0.000416497
0.00999022
0.00979506
0.00955029
0.00924929
0.00889688
0.00849815
0.00805836
0.00758294
0.00707753
0.00654797
0.00600043
0.0054415
0.00487831
0.00431858
0.00377044
0.00324217
0.00274173
0.00227626
0.00185185
0.00147365
0.00114625
0.000874081
0.000661254
0.000510133
0.000416386
0.0100499
0.00985402
0.00960844
0.00930619
0.00895215
0.00855142
0.00810929
0.00763122
0.00712285
0.00659007
0.00603906
0.00547644
0.0049094
0.00434568
0.00379354
0.00326135
0.00275717
0.00228826
0.00186077
0.00147991
0.00115032
0.000876435
0.000662404
0.000510566
0.000416488
0.0100499
0.00985402
0.00960844
0.00930619
0.00895215
0.00855142
0.00810929
0.00763122
0.00712285
0.00659007
0.00603906
0.00547644
0.0049094
0.00434568
0.00379354
0.00326135
0.00275717
0.00228826
0.00186077
0.00147991
0.00115032
0.000876435
0.000662404
0.000510566
0.000416488
0.00999023
0.00979507
0.0095503
0.00924929
0.00889688
0.00849815
0.00805836
0.00758295
0.00707753
0.00654797
0.00600043
0.0054415
0.00487832
0.00431858
0.00377044
0.00324217
0.00274173
0.00227626
0.00185185
0.00147365
0.00114625
0.00087408
0.000661253
0.000510132
0.000416386
0.0100639
0.00986785
0.00962215
0.00931965
0.00896527
0.0085641
0.00812145
0.00764278
0.00713374
0.00660022
0.0060484
0.00548491
0.00491695
0.00435228
0.00379917
0.00326603
0.00276095
0.00229119
0.00186294
0.00148143
0.00115129
0.000876982
0.000662653
0.000510638
0.000416497
0.0100005
0.00980535
0.00956039
0.00925915
0.00890644
0.00850734
0.00806713
0.00759124
0.0070853
0.00655517
0.00600702
0.00544746
0.00488361
0.00432319
0.00377437
0.00324544
0.00274437
0.00227832
0.0018534
0.00147476
0.001147
0.00087455
0.000661525
0.000510275
0.000416432
0.0100499
0.00985402
0.00960844
0.00930619
0.00895215
0.00855142
0.00810929
0.00763122
0.00712285
0.00659007
0.00603906
0.00547644
0.0049094
0.00434568
0.00379354
0.00326135
0.00275717
0.00228826
0.00186077
0.00147991
0.00115032
0.000876435
0.000662404
0.000510566
0.000416488
0.00999022
0.00979506
0.00955029
0.00924929
0.00889688
0.00849815
0.00805836
0.00758294
0.00707753
0.00654797
0.00600043
0.0054415
0.00487831
0.00431858
0.00377043
0.00324217
0.00274173
0.00227626
0.00185185
0.00147365
0.00114625
0.00087408
0.000661254
0.000510133
0.000416386
0.00999023
0.00979507
0.0095503
0.00924929
0.00889688
0.00849815
0.00805836
0.00758295
0.00707753
0.00654797
0.00600043
0.0054415
0.00487832
0.00431858
0.00377044
0.00324217
0.00274173
0.00227626
0.00185185
0.00147365
0.00114625
0.00087408
0.000661253
0.000510132
0.000416386
0.0100499
0.00985402
0.00960844
0.00930619
0.00895215
0.00855142
0.00810929
0.00763122
0.00712285
0.00659007
0.00603906
0.00547644
0.0049094
0.00434568
0.00379354
0.00326135
0.00275717
0.00228826
0.00186077
0.00147991
0.00115032
0.000876435
0.000662404
0.000510565
0.000416488
)
;

boundaryField
{
    outletCentralUnloaded
    {
        type            zeroGradient;
    }
    inletCentralUnloaded
    {
        type            zeroGradient;
    }
    outletFuelElement
    {
        type            zeroGradient;
    }
    inletFuelElement
    {
        type            zeroGradient;
    }
    defaultFaces
    {
        type            zeroGradient;
    }
    baffle_master
    {
        type            calculated;
        value           nonuniform List<scalar> 
150
(
0.000537519
0.000537519
0.000537519
0.000537475
0.000537475
0.000537475
0.00053743
0.00053743
0.00053743
0.000537386
0.000537386
0.000537386
0.000537342
0.000537342
0.000537342
0.000537298
0.000537298
0.000537298
0.000537254
0.000537254
0.000537254
0.00053721
0.00053721
0.00053721
0.000537167
0.000537167
0.000537167
0.000537124
0.000537124
0.000537124
0.000537082
0.000537082
0.000537082
0.000537041
0.000537041
0.000537041
0.000537002
0.000537002
0.000537002
0.000536965
0.000536965
0.000536965
0.000536933
0.000536933
0.000536933
0.000536907
0.000536907
0.000536907
0.000536891
0.000536891
0.000536891
0.00053689
0.00053689
0.00053689
0.000536912
0.000536912
0.000536912
0.000536968
0.000536968
0.000536968
0.000537078
0.000537078
0.000537078
0.000537269
0.000537269
0.000537269
0.000537585
0.000537585
0.000537585
0.00053809
0.00053809
0.00053809
0.000539533
0.000539533
0.000539533
0.000537519
0.000537519
0.000537519
0.000537475
0.000537475
0.000537475
0.00053743
0.00053743
0.00053743
0.000537386
0.000537386
0.000537386
0.000537342
0.000537342
0.000537342
0.000537298
0.000537298
0.000537298
0.000537254
0.000537254
0.000537254
0.00053721
0.00053721
0.00053721
0.000537167
0.000537167
0.000537167
0.000537124
0.000537124
0.000537124
0.000537082
0.000537082
0.000537082
0.000537041
0.000537041
0.000537041
0.000537002
0.000537002
0.000537002
0.000536965
0.000536965
0.000536965
0.000536933
0.000536933
0.000536933
0.000536907
0.000536907
0.000536907
0.000536891
0.000536891
0.000536891
0.00053689
0.00053689
0.00053689
0.000536912
0.000536912
0.000536912
0.000536968
0.000536968
0.000536968
0.000537078
0.000537078
0.000537078
0.000537269
0.000537269
0.000537269
0.000537585
0.000537585
0.000537585
0.00053809
0.00053809
0.00053809
0.000539533
0.000539533
0.000539533
)
;
    }
    baffle_slave
    {
        type            calculated;
        value           nonuniform List<scalar> 
150
(
0.0100639
0.0100499
0.0100499
0.00986785
0.00985402
0.00985402
0.00962215
0.00960844
0.00960844
0.00931965
0.00930619
0.00930619
0.00896527
0.00895215
0.00895215
0.0085641
0.00855142
0.00855142
0.00812145
0.00810929
0.00810929
0.00764278
0.00763122
0.00763122
0.00713374
0.00712285
0.00712285
0.00660022
0.00659007
0.00659007
0.0060484
0.00603906
0.00603906
0.00548491
0.00547644
0.00547644
0.00491695
0.0049094
0.0049094
0.00435228
0.00434568
0.00434568
0.00379917
0.00379354
0.00379354
0.00326603
0.00326135
0.00326135
0.00276095
0.00275717
0.00275717
0.00229119
0.00228826
0.00228826
0.00186294
0.00186077
0.00186077
0.00148143
0.00147991
0.00147991
0.00115129
0.00115032
0.00115032
0.000876982
0.000876435
0.000876435
0.000662653
0.000662404
0.000662404
0.000510638
0.000510566
0.000510565
0.000416497
0.000416488
0.000416488
0.0100499
0.0100639
0.0100499
0.00985402
0.00986785
0.00985402
0.00960844
0.00962215
0.00960844
0.00930619
0.00931965
0.00930619
0.00895215
0.00896527
0.00895215
0.00855142
0.0085641
0.00855142
0.00810929
0.00812145
0.00810929
0.00763122
0.00764278
0.00763122
0.00712285
0.00713374
0.00712285
0.00659007
0.00660022
0.00659007
0.00603906
0.0060484
0.00603906
0.00547644
0.00548491
0.00547644
0.0049094
0.00491695
0.0049094
0.00434568
0.00435228
0.00434568
0.00379354
0.00379917
0.00379354
0.00326135
0.00326603
0.00326135
0.00275717
0.00276095
0.00275717
0.00228826
0.00229119
0.00228826
0.00186077
0.00186294
0.00186077
0.00147991
0.00148143
0.00147991
0.00115032
0.00115129
0.00115032
0.000876435
0.000876982
0.000876435
0.000662404
0.000662653
0.000662404
0.000510566
0.000510638
0.000510566
0.000416488
0.000416497
0.000416488
)
;
    }
}


// ************************************************************************* //
