/*--------------------------------*- C++ -*----------------------------------*\
| =========                 |                                                 |
| \\      /  F ield         | OpenFOAM: The Open Source CFD Toolbox           |
|  \\    /   O peration     | Version:  2212                                  |
|   \\  /    A nd           | Website:  www.openfoam.com                      |
|    \\/     M anipulation  |                                                 |
\*---------------------------------------------------------------------------*/
FoamFile
{
    version     2.0;
    format      ascii;
    arch        "LSB;label=32;scalar=64";
    class       volScalarField;
    location    "28/fluidRegion";
    object      Re;
}
// * * * * * * * * * * * * * * * * * * * * * * * * * * * * * * * * * * * * * //

dimensions      [0 0 0 0 0 0 0];

internalField   nonuniform List<scalar> 
350
(
174002
174002
174002
174002
174002
174002
174002
174002
174002
174002
174002
174002
174002
174002
174002
174002
174002
174002
174002
174002
174002
174002
174002
174002
174378
174002
174002
174002
174002
174002
174002
174002
174002
174002
174002
174002
174002
174002
174002
174002
174002
174002
174002
174002
174002
174002
174002
174002
174002
174378
55013.4
54946.1
54947.7
54948.3
54947.6
54945.5
54941.9
54936.6
54929.4
54920.1
54908.7
54895
54879.1
54861.1
54840.4
54816.2
54786.7
54750.2
54706.6
54662.3
54637.1
54689.1
54953.3
55659.6
56064.9
54535.7
54460.8
54457.9
54454
54449.2
54443.3
54436.2
54427.6
54417.4
54405.5
54392
54377.3
54362.1
54347.3
54333.5
54320.7
54307.6
54292.7
54276
54264.3
54279
54381.5
54712.2
55506.2
56015.2
55093.3
55025.7
55027.9
55028.8
55028.4
55026.6
55023.2
55018
55010.9
55001.6
54990
54975.9
54959.3
54940.1
54917.6
54890.8
54857.8
54817
54768.1
54717.4
54684.5
54726.9
54979
55671.1
56066.7
54642.5
54569.7
54568.1
54565.4
54561.7
54556.9
54550.8
54543.1
54533.8
54522.7
54509.8
54495.5
54480.4
54465
54449.9
54434.6
54417.9
54398.3
54375.6
54356.6
54362.3
54453.5
54769.1
55543.1
56027.5
54642.5
54569.7
54568.1
54565.4
54561.7
54556.9
54550.8
54543.1
54533.8
54522.7
54509.8
54495.5
54480.4
54465
54449.9
54434.6
54417.9
54398.3
54375.6
54356.6
54362.3
54453.5
54769.1
55543.1
56027.5
55093.3
55025.7
55027.9
55028.8
55028.4
55026.6
55023.1
55018
55010.8
55001.6
54989.9
54975.9
54959.3
54940.1
54917.6
54890.7
54857.8
54817
54768.1
54717.3
54684.4
54726.8
54978.8
55671
56066.6
54535.7
54460.8
54457.9
54454
54449.2
54443.3
54436.2
54427.6
54417.4
54405.5
54392
54377.3
54362.1
54347.3
54333.5
54320.7
54307.6
54292.7
54276
54264.3
54279
54381.5
54712.2
55506.2
56015.2
55013.4
54946.1
54947.7
54948.3
54947.6
54945.5
54941.9
54936.6
54929.4
54920.1
54908.7
54895
54879.1
54861.1
54840.4
54816.2
54786.7
54750.2
54706.6
54662.3
54637.1
54689.1
54953.3
55659.6
56064.9
54642.5
54569.7
54568.1
54565.4
54561.7
54556.9
54550.8
54543.2
54533.8
54522.7
54509.8
54495.5
54480.4
54465
54449.9
54434.6
54417.9
54398.3
54375.6
54356.6
54362.3
54453.5
54769.1
55543.1
56027.6
55093.3
55025.7
55027.9
55028.8
55028.4
55026.6
55023.2
55018
55010.9
55001.6
54990
54975.9
54959.4
54940.1
54917.6
54890.8
54857.8
54817
54768.1
54717.4
54684.5
54726.9
54979
55671.2
56066.7
55093.3
55025.7
55027.9
55028.8
55028.4
55026.6
55023.1
55018
55010.8
55001.6
54989.9
54975.9
54959.3
54940.1
54917.6
54890.7
54857.8
54817
54768.1
54717.3
54684.4
54726.8
54978.8
55671
56066.6
54642.5
54569.7
54568.1
54565.4
54561.7
54556.9
54550.8
54543.2
54533.8
54522.7
54509.8
54495.5
54480.4
54465
54449.9
54434.6
54417.9
54398.3
54375.6
54356.6
54362.3
54453.5
54769.1
55543.1
56027.6
)
;

boundaryField
{
    outletCentralUnloaded
    {
        type            zeroGradient;
    }
    inletCentralUnloaded
    {
        type            zeroGradient;
    }
    outletFuelElement
    {
        type            zeroGradient;
    }
    inletFuelElement
    {
        type            zeroGradient;
    }
    defaultFaces
    {
        type            zeroGradient;
    }
    baffle_master
    {
        type            zeroGradient;
    }
    baffle_slave
    {
        type            zeroGradient;
    }
}


// ************************************************************************* //
