/*--------------------------------*- C++ -*----------------------------------*\
| =========                 |                                                 |
| \\      /  F ield         | OpenFOAM: The Open Source CFD Toolbox           |
|  \\    /   O peration     | Version:  2212                                  |
|   \\  /    A nd           | Website:  www.openfoam.com                      |
|    \\/     M anipulation  |                                                 |
\*---------------------------------------------------------------------------*/
FoamFile
{
    version     2.0;
    format      ascii;
    arch        "LSB;label=32;scalar=64";
    class       volScalarField;
    location    "20/neutroRegion";
    object      TClad;
}
// * * * * * * * * * * * * * * * * * * * * * * * * * * * * * * * * * * * * * //

dimensions      [0 0 0 1 0 0 0];

internalField   nonuniform List<scalar> 
350
(
0
0
0
0
0
0
0
0
0
0
0
0
0
0
0
0
0
0
0
0
0
0
0
0
0
0
0
0
0
0
0
0
0
0
0
0
0
0
0
0
0
0
0
0
0
0
0
0
0
0
1579.84
1622.01
1652.24
1670.5
1676.91
1671.69
1655.24
1628.05
1590.76
1544.15
1489.11
1426.64
1357.89
1284.06
1206.44
1126.29
1044.72
962.485
879.698
795.403
706.926
609.184
494.535
355.722
195.341
1602.46
1645.35
1676.09
1694.65
1701.16
1695.84
1679.08
1651.4
1613.44
1565.99
1509.94
1446.33
1376.31
1301.1
1222.02
1140.36
1057.28
973.582
889.414
803.839
714.164
615.226
499.223
358.717
196.356
1576.14
1618.22
1648.38
1666.61
1673.01
1667.83
1651.44
1624.34
1587.17
1540.7
1485.83
1423.56
1355.01
1281.41
1204.03
1124.12
1042.78
960.776
878.207
794.114
705.826
608.274
493.838
355.28
195.186
1597.38
1640.09
1670.7
1689.18
1695.65
1690.35
1673.65
1646.07
1608.26
1560.99
1505.17
1441.81
1372.07
1297.18
1218.43
1137.12
1054.38
971.019
887.169
801.889
712.49
613.828
498.138
358.023
196.121
1597.38
1640.09
1670.7
1689.18
1695.65
1690.35
1673.65
1646.07
1608.26
1560.99
1505.17
1441.81
1372.07
1297.18
1218.43
1137.12
1054.38
971.019
887.169
801.889
712.49
613.828
498.138
358.023
196.121
1576.14
1618.22
1648.38
1666.61
1673.01
1667.83
1651.44
1624.34
1587.17
1540.71
1485.83
1423.56
1355.01
1281.41
1204.03
1124.12
1042.78
960.777
878.208
794.115
705.827
608.275
493.838
355.28
195.186
1602.46
1645.35
1676.09
1694.65
1701.16
1695.84
1679.08
1651.4
1613.44
1565.99
1509.94
1446.33
1376.31
1301.1
1222.02
1140.36
1057.28
973.582
889.414
803.839
714.164
615.226
499.223
358.717
196.356
1579.84
1622.01
1652.24
1670.5
1676.91
1671.69
1655.24
1628.05
1590.76
1544.15
1489.11
1426.64
1357.89
1284.06
1206.44
1126.29
1044.72
962.485
879.698
795.403
706.926
609.184
494.535
355.722
195.341
1597.38
1640.09
1670.7
1689.18
1695.65
1690.35
1673.65
1646.07
1608.26
1560.99
1505.17
1441.81
1372.07
1297.18
1218.43
1137.12
1054.38
971.019
887.169
801.889
712.49
613.828
498.138
358.023
196.121
1576.14
1618.22
1648.38
1666.61
1673.01
1667.83
1651.43
1624.34
1587.17
1540.7
1485.83
1423.56
1355.01
1281.41
1204.03
1124.12
1042.78
960.776
878.207
794.114
705.826
608.274
493.838
355.28
195.186
1576.14
1618.22
1648.38
1666.61
1673.01
1667.83
1651.44
1624.34
1587.17
1540.71
1485.83
1423.56
1355.01
1281.41
1204.03
1124.12
1042.78
960.777
878.208
794.115
705.827
608.275
493.838
355.28
195.186
1597.38
1640.09
1670.7
1689.18
1695.65
1690.35
1673.65
1646.07
1608.26
1560.99
1505.17
1441.81
1372.07
1297.18
1218.43
1137.12
1054.38
971.019
887.169
801.889
712.49
613.828
498.138
358.023
196.121
)
;

boundaryField
{
    outletCentralUnloaded
    {
        type            zeroGradient;
    }
    inletCentralUnloaded
    {
        type            zeroGradient;
    }
    outletFuelElement
    {
        type            zeroGradient;
    }
    inletFuelElement
    {
        type            zeroGradient;
    }
    defaultFaces
    {
        type            zeroGradient;
    }
}


// ************************************************************************* //
