/*--------------------------------*- C++ -*----------------------------------*\
| =========                 |                                                 |
| \\      /  F ield         | OpenFOAM: The Open Source CFD Toolbox           |
|  \\    /   O peration     | Version:  2212                                  |
|   \\  /    A nd           | Website:  www.openfoam.com                      |
|    \\/     M anipulation  |                                                 |
\*---------------------------------------------------------------------------*/
FoamFile
{
    version     2.0;
    format      ascii;
    arch        "LSB;label=32;scalar=64";
    class       volScalarField;
    location    "65/fluidRegion";
    object      dgdt;
}
// * * * * * * * * * * * * * * * * * * * * * * * * * * * * * * * * * * * * * //

dimensions      [0 0 -1 0 0 0 0];

internalField   nonuniform List<scalar> 
350
(
0.00530624
0.00528784
0.00528794
0.00529034
0.00528891
0.00528148
0.00527261
0.00527089
0.00528154
0.00530112
0.00531918
0.00532542
0.00531718
0.00530188
0.00529318
0.00530335
0.00533622
0.00538415
0.00542999
0.00545332
0.00543897
0.00538408
0.00527608
0.00513058
0.00245774
0.00530624
0.00528784
0.00528794
0.00529034
0.00528891
0.00528148
0.00527261
0.00527089
0.00528154
0.00530112
0.00531918
0.00532542
0.00531718
0.00530188
0.00529318
0.00530335
0.00533622
0.00538415
0.00542999
0.00545332
0.00543897
0.00538408
0.00527608
0.00513058
0.00245774
40.7711
51.0823
64.9613
77.7545
89.4067
99.8755
109.127
117.133
123.856
129.248
133.225
135.666
136.406
135.27
132.121
126.928
119.81
111.011
100.834
89.5114
77.1432
63.6581
48.8881
32.8221
20.3921
40.8277
51.0241
65.0324
77.9469
89.7129
100.287
109.637
117.734
124.544
130.022
134.088
136.622
137.458
136.411
133.329
128.166
121.03
112.167
101.891
90.4488
77.951
64.3282
49.4066
33.1686
20.6025
40.7487
51.0666
64.9257
77.7001
89.335
99.7877
109.025
117.016
123.727
129.106
133.07
135.497
136.224
135.076
131.918
126.723
119.609
110.822
100.662
89.3592
77.0123
63.5498
48.8045
32.7662
20.358
40.8249
51.0568
65.0343
77.9203
89.6593
100.209
109.535
117.61
124.4
129.857
133.902
136.413
137.226
136.157
133.059
127.888
120.754
111.905
101.65
90.235
77.7665
64.175
49.2879
33.0892
20.5543
40.8249
51.0568
65.0344
77.9203
89.6593
100.209
109.535
117.61
124.4
129.857
133.902
136.413
137.226
136.157
133.059
127.888
120.754
111.905
101.65
90.235
77.7665
64.175
49.2879
33.0892
20.5543
40.7487
51.0667
64.9257
77.7001
89.335
99.7877
109.025
117.016
123.727
129.106
133.07
135.497
136.224
135.076
131.918
126.723
119.609
110.822
100.662
89.3591
77.0123
63.5498
48.8045
32.7662
20.358
40.8277
51.0241
65.0324
77.9469
89.7129
100.287
109.637
117.734
124.544
130.022
134.088
136.622
137.458
136.411
133.329
128.166
121.03
112.167
101.891
90.4488
77.951
64.3282
49.4066
33.1686
20.6025
40.7711
51.0823
64.9613
77.7545
89.4067
99.8755
109.127
117.133
123.856
129.248
133.225
135.666
136.406
135.27
132.121
126.928
119.81
111.011
100.834
89.5114
77.1432
63.6581
48.8881
32.8221
20.392
40.8249
51.0568
65.0344
77.9203
89.6593
100.209
109.535
117.61
124.4
129.857
133.902
136.413
137.226
136.157
133.059
127.888
120.754
111.905
101.65
90.235
77.7665
64.175
49.2879
33.0892
20.5543
40.7487
51.0666
64.9257
77.7001
89.3349
99.7877
109.025
117.016
123.727
129.106
133.07
135.497
136.224
135.076
131.918
126.723
119.609
110.822
100.662
89.3592
77.0123
63.5498
48.8045
32.7662
20.358
40.7487
51.0667
64.9257
77.7001
89.335
99.7877
109.025
117.016
123.727
129.106
133.07
135.497
136.224
135.076
131.918
126.723
119.609
110.822
100.662
89.3591
77.0123
63.5498
48.8044
32.7662
20.358
40.8249
51.0568
65.0344
77.9203
89.6593
100.209
109.535
117.61
124.4
129.857
133.902
136.413
137.226
136.157
133.059
127.888
120.754
111.905
101.65
90.235
77.7665
64.175
49.2879
33.0892
20.5543
)
;

boundaryField
{
    outletCentralUnloaded
    {
        type            calculated;
        value           nonuniform List<scalar> 2(0.00530624 0.00530624);
    }
    inletCentralUnloaded
    {
        type            calculated;
        value           nonuniform List<scalar> 2(0.00245774 0.00245774);
    }
    outletFuelElement
    {
        type            calculated;
        value           nonuniform List<scalar> 
12
(
40.7711
40.8277
40.7487
40.8249
40.8249
40.7487
40.8277
40.7711
40.8249
40.7487
40.7487
40.8249
)
;
    }
    inletFuelElement
    {
        type            calculated;
        value           nonuniform List<scalar> 
12
(
20.3921
20.6025
20.358
20.5543
20.5543
20.358
20.6025
20.392
20.5543
20.358
20.358
20.5543
)
;
    }
    defaultFaces
    {
        type            calculated;
        value           nonuniform List<scalar> 
450
(
40.7711
40.7711
40.7711
51.0823
51.0823
51.0823
64.9613
64.9613
64.9613
77.7545
77.7545
77.7545
89.4067
89.4067
89.4067
99.8755
99.8755
99.8755
109.127
109.127
109.127
117.133
117.133
117.133
123.856
123.856
123.856
129.248
129.248
129.248
133.225
133.225
133.225
135.666
135.666
135.666
136.406
136.406
136.406
135.27
135.27
135.27
132.121
132.121
132.121
126.928
126.928
126.928
119.81
119.81
119.81
111.011
111.011
111.011
100.834
100.834
100.834
89.5114
89.5114
89.5114
77.1432
77.1432
77.1432
63.6581
63.6581
63.6581
48.8881
48.8881
48.8881
32.8221
32.8221
32.8221
20.3921
20.3921
20.3921
40.7487
40.7487
51.0666
51.0666
64.9257
64.9257
77.7001
77.7001
89.335
89.335
99.7877
99.7877
109.025
109.025
117.016
117.016
123.727
123.727
129.106
129.106
133.07
133.07
135.497
135.497
136.224
136.224
135.076
135.076
131.918
131.918
126.723
126.723
119.609
119.609
110.822
110.822
100.662
100.662
89.3592
89.3592
77.0123
77.0123
63.5498
63.5498
48.8045
48.8045
32.7662
32.7662
20.358
20.358
40.8249
51.0568
65.0343
77.9203
89.6593
100.209
109.535
117.61
124.4
129.857
133.902
136.413
137.226
136.157
133.059
127.888
120.754
111.905
101.65
90.235
77.7665
64.175
49.2879
33.0892
20.5543
40.8249
51.0568
65.0344
77.9203
89.6593
100.209
109.535
117.61
124.4
129.857
133.902
136.413
137.226
136.157
133.059
127.888
120.754
111.905
101.65
90.235
77.7665
64.175
49.2879
33.0892
20.5543
40.7487
40.7487
51.0667
51.0667
64.9257
64.9257
77.7001
77.7001
89.335
89.335
99.7877
99.7877
109.025
109.025
117.016
117.016
123.727
123.727
129.106
129.106
133.07
133.07
135.497
135.497
136.224
136.224
135.076
135.076
131.918
131.918
126.723
126.723
119.609
119.609
110.822
110.822
100.662
100.662
89.3591
89.3591
77.0123
77.0123
63.5498
63.5498
48.8045
48.8045
32.7662
32.7662
20.358
20.358
40.7711
40.7711
40.7711
51.0823
51.0823
51.0823
64.9613
64.9613
64.9613
77.7545
77.7545
77.7545
89.4067
89.4067
89.4067
99.8755
99.8755
99.8755
109.127
109.127
109.127
117.133
117.133
117.133
123.856
123.856
123.856
129.248
129.248
129.248
133.225
133.225
133.225
135.666
135.666
135.666
136.406
136.406
136.406
135.27
135.27
135.27
132.121
132.121
132.121
126.928
126.928
126.928
119.81
119.81
119.81
111.011
111.011
111.011
100.834
100.834
100.834
89.5114
89.5114
89.5114
77.1432
77.1432
77.1432
63.6581
63.6581
63.6581
48.8881
48.8881
48.8881
32.8221
32.8221
32.8221
20.392
20.392
20.392
40.8249
51.0568
65.0344
77.9203
89.6593
100.209
109.535
117.61
124.4
129.857
133.902
136.413
137.226
136.157
133.059
127.888
120.754
111.905
101.65
90.235
77.7665
64.175
49.2879
33.0892
20.5543
40.7487
40.7487
51.0666
51.0666
64.9257
64.9257
77.7001
77.7001
89.3349
89.3349
99.7877
99.7877
109.025
109.025
117.016
117.016
123.727
123.727
129.106
129.106
133.07
133.07
135.497
135.497
136.224
136.224
135.076
135.076
131.918
131.918
126.723
126.723
119.609
119.609
110.822
110.822
100.662
100.662
89.3592
89.3592
77.0123
77.0123
63.5498
63.5498
48.8045
48.8045
32.7662
32.7662
20.358
20.358
40.7487
40.7487
51.0667
51.0667
64.9257
64.9257
77.7001
77.7001
89.335
89.335
99.7877
99.7877
109.025
109.025
117.016
117.016
123.727
123.727
129.106
129.106
133.07
133.07
135.497
135.497
136.224
136.224
135.076
135.076
131.918
131.918
126.723
126.723
119.609
119.609
110.822
110.822
100.662
100.662
89.3591
89.3591
77.0123
77.0123
63.5498
63.5498
48.8044
48.8044
32.7662
32.7662
20.358
20.358
40.8249
51.0568
65.0344
77.9203
89.6593
100.209
109.535
117.61
124.4
129.857
133.902
136.413
137.226
136.157
133.059
127.888
120.754
111.905
101.65
90.235
77.7665
64.175
49.2879
33.0892
20.5543
)
;
    }
    baffle_master
    {
        type            calculated;
        value           nonuniform List<scalar> 
150
(
0.00530624
0.00530624
0.00530624
0.00528784
0.00528784
0.00528784
0.00528794
0.00528794
0.00528794
0.00529034
0.00529034
0.00529034
0.00528891
0.00528891
0.00528891
0.00528148
0.00528148
0.00528148
0.00527261
0.00527261
0.00527261
0.00527089
0.00527089
0.00527089
0.00528154
0.00528154
0.00528154
0.00530112
0.00530112
0.00530112
0.00531918
0.00531918
0.00531918
0.00532542
0.00532542
0.00532542
0.00531718
0.00531718
0.00531718
0.00530188
0.00530188
0.00530188
0.00529318
0.00529318
0.00529318
0.00530335
0.00530335
0.00530335
0.00533622
0.00533622
0.00533622
0.00538415
0.00538415
0.00538415
0.00542999
0.00542999
0.00542999
0.00545332
0.00545332
0.00545332
0.00543897
0.00543897
0.00543897
0.00538408
0.00538408
0.00538408
0.00527608
0.00527608
0.00527608
0.00513058
0.00513058
0.00513058
0.00245774
0.00245774
0.00245774
0.00530624
0.00530624
0.00530624
0.00528784
0.00528784
0.00528784
0.00528794
0.00528794
0.00528794
0.00529034
0.00529034
0.00529034
0.00528891
0.00528891
0.00528891
0.00528148
0.00528148
0.00528148
0.00527261
0.00527261
0.00527261
0.00527089
0.00527089
0.00527089
0.00528154
0.00528154
0.00528154
0.00530112
0.00530112
0.00530112
0.00531918
0.00531918
0.00531918
0.00532542
0.00532542
0.00532542
0.00531718
0.00531718
0.00531718
0.00530188
0.00530188
0.00530188
0.00529318
0.00529318
0.00529318
0.00530335
0.00530335
0.00530335
0.00533622
0.00533622
0.00533622
0.00538415
0.00538415
0.00538415
0.00542999
0.00542999
0.00542999
0.00545332
0.00545332
0.00545332
0.00543897
0.00543897
0.00543897
0.00538408
0.00538408
0.00538408
0.00527608
0.00527608
0.00527608
0.00513058
0.00513058
0.00513058
0.00245774
0.00245774
0.00245774
)
;
    }
    baffle_slave
    {
        type            calculated;
        value           nonuniform List<scalar> 
150
(
40.8277
40.8249
40.8249
51.0241
51.0568
51.0568
65.0324
65.0343
65.0344
77.9469
77.9203
77.9203
89.7129
89.6593
89.6593
100.287
100.209
100.209
109.637
109.535
109.535
117.734
117.61
117.61
124.544
124.4
124.4
130.022
129.857
129.857
134.088
133.902
133.902
136.622
136.413
136.413
137.458
137.226
137.226
136.411
136.157
136.157
133.329
133.059
133.059
128.166
127.888
127.888
121.03
120.754
120.754
112.167
111.905
111.905
101.891
101.65
101.65
90.4488
90.235
90.235
77.951
77.7665
77.7665
64.3282
64.175
64.175
49.4066
49.2879
49.2879
33.1686
33.0892
33.0892
20.6025
20.5543
20.5543
40.8249
40.8277
40.8249
51.0568
51.0241
51.0568
65.0344
65.0324
65.0344
77.9203
77.9469
77.9203
89.6593
89.7129
89.6593
100.209
100.287
100.209
109.535
109.637
109.535
117.61
117.734
117.61
124.4
124.544
124.4
129.857
130.022
129.857
133.902
134.088
133.902
136.413
136.622
136.413
137.226
137.458
137.226
136.157
136.411
136.157
133.059
133.329
133.059
127.888
128.166
127.888
120.754
121.03
120.754
111.905
112.167
111.905
101.65
101.891
101.65
90.235
90.4488
90.235
77.7665
77.951
77.7665
64.175
64.3282
64.175
49.2879
49.4066
49.2879
33.0892
33.1686
33.0892
20.5543
20.6025
20.5543
)
;
    }
}


// ************************************************************************* //
