/*--------------------------------*- C++ -*----------------------------------*\
| =========                 |                                                 |
| \\      /  F ield         | OpenFOAM: The Open Source CFD Toolbox           |
|  \\    /   O peration     | Version:  2212                                  |
|   \\  /    A nd           | Website:  www.openfoam.com                      |
|    \\/     M anipulation  |                                                 |
\*---------------------------------------------------------------------------*/
FoamFile
{
    version     2.0;
    format      ascii;
    arch        "LSB;label=32;scalar=64";
    class       volScalarField;
    location    "65/fluidRegion";
    object      htc;
}
// * * * * * * * * * * * * * * * * * * * * * * * * * * * * * * * * * * * * * //

dimensions      [1 0 -3 -1 0 0 0];

internalField   nonuniform List<scalar> 
350
(
3101.2
3101.22
3101.26
3101.31
3101.38
3101.45
3101.53
3101.61
3101.67
3101.71
3101.73
3101.73
3101.7
3101.66
3101.61
3101.56
3101.52
3101.49
3101.48
3101.5
3101.52
3101.57
3101.62
3101.68
3106.9
3101.2
3101.22
3101.26
3101.31
3101.38
3101.45
3101.53
3101.61
3101.67
3101.71
3101.73
3101.73
3101.7
3101.66
3101.61
3101.56
3101.52
3101.49
3101.48
3101.5
3101.52
3101.57
3101.62
3101.68
3106.9
27257.1
27175.5
26988.2
26675.8
26239.8
25682.3
25006.3
24215.5
23315.2
22312.4
21216.8
20040.8
18799.6
17509.9
16188.3
14848.7
13501.4
12154.5
10817.3
9505.7
8247.84
7090.27
6104.18
5383.42
4944.15
27346.1
27264.1
27077.4
26765
26328.6
25770.1
25092.4
24299.3
23395.7
22388.6
21287.3
20104.3
18855
17556.6
16226.5
14879.2
13525.5
12173.2
10831.4
9515.27
8252.83
7090.78
6101.14
5379.17
4942.19
27243
27161.1
26973.7
26661.3
26225.4
25668.2
24992.4
24202.1
23302.3
22300.3
21205.6
20030.7
18790.8
17502.4
16182.1
14843.7
13497.4
12151.2
10814.7
9503.68
8246.43
7089.43
6103.76
5383.15
4944.01
27326.3
27244.5
27057.6
26745.2
26308.8
25750.5
25073.1
24280.5
23377.6
22371.4
21271.4
20090
18842.4
17546
16217.8
14872.3
13520.1
12169
10828.2
9513.17
8251.78
7090.76
6101.95
5380.27
4942.71
27326.3
27244.5
27057.6
26745.2
26308.8
25750.5
25073.1
24280.5
23377.6
22371.4
21271.4
20090
18842.4
17546
16217.8
14872.3
13520.1
12169
10828.2
9513.17
8251.78
7090.76
6101.95
5380.27
4942.71
27243
27161.1
26973.7
26661.3
26225.4
25668.2
24992.4
24202.1
23302.3
22300.3
21205.6
20030.7
18790.8
17502.4
16182.1
14843.7
13497.4
12151.2
10814.7
9503.67
8246.43
7089.43
6103.75
5383.14
4944
27346.1
27264.1
27077.4
26765
26328.6
25770.1
25092.4
24299.3
23395.7
22388.6
21287.3
20104.3
18855
17556.6
16226.5
14879.2
13525.5
12173.2
10831.4
9515.27
8252.83
7090.78
6101.14
5379.17
4942.19
27257.1
27175.5
26988.2
26675.8
26239.8
25682.3
25006.3
24215.5
23315.2
22312.4
21216.8
20040.8
18799.6
17509.9
16188.3
14848.7
13501.4
12154.5
10817.3
9505.7
8247.84
7090.27
6104.18
5383.42
4944.15
27326.3
27244.5
27057.6
26745.2
26308.8
25750.5
25073.1
24280.5
23377.6
22371.4
21271.4
20090
18842.4
17546
16217.8
14872.3
13520.1
12169
10828.2
9513.17
8251.78
7090.76
6101.95
5380.27
4942.71
27243
27161.1
26973.7
26661.3
26225.4
25668.2
24992.4
24202.1
23302.3
22300.3
21205.6
20030.7
18790.8
17502.4
16182.1
14843.7
13497.4
12151.2
10814.7
9503.68
8246.43
7089.43
6103.76
5383.16
4944.01
27243
27161.1
26973.7
26661.3
26225.4
25668.2
24992.4
24202.1
23302.3
22300.3
21205.6
20030.7
18790.8
17502.4
16182.1
14843.7
13497.4
12151.2
10814.7
9503.67
8246.43
7089.43
6103.75
5383.14
4944
27326.3
27244.5
27057.6
26745.2
26308.8
25750.5
25073.1
24280.5
23377.6
22371.4
21271.4
20090
18842.4
17546
16217.8
14872.3
13520.1
12169
10828.2
9513.16
8251.77
7090.76
6101.95
5380.27
4942.71
)
;

boundaryField
{
    outletCentralUnloaded
    {
        type            zeroGradient;
    }
    inletCentralUnloaded
    {
        type            zeroGradient;
    }
    outletFuelElement
    {
        type            zeroGradient;
    }
    inletFuelElement
    {
        type            zeroGradient;
    }
    defaultFaces
    {
        type            zeroGradient;
    }
    baffle_master
    {
        type            zeroGradient;
    }
    baffle_slave
    {
        type            zeroGradient;
    }
}


// ************************************************************************* //
