/*--------------------------------*- C++ -*----------------------------------*\
| =========                 |                                                 |
| \\      /  F ield         | OpenFOAM: The Open Source CFD Toolbox           |
|  \\    /   O peration     | Version:  2212                                  |
|   \\  /    A nd           | Website:  www.openfoam.com                      |
|    \\/     M anipulation  |                                                 |
\*---------------------------------------------------------------------------*/
FoamFile
{
    version     2.0;
    format      ascii;
    arch        "LSB;label=32;scalar=64";
    class       volScalarField;
    location    "65/fluidRegion";
    object      k;
}
// * * * * * * * * * * * * * * * * * * * * * * * * * * * * * * * * * * * * * //

dimensions      [0 2 -2 0 0 0 0];

internalField   nonuniform List<scalar> 
350
(
0.421086
0.421015
0.420946
0.42088
0.420814
0.420747
0.420679
0.42061
0.420542
0.420476
0.420413
0.420354
0.420298
0.420247
0.420203
0.420171
0.420157
0.420174
0.420236
0.420369
0.420611
0.421019
0.421682
0.422733
0.424376
0.421086
0.421015
0.420946
0.42088
0.420814
0.420747
0.420679
0.42061
0.420542
0.420476
0.420413
0.420354
0.420298
0.420247
0.420203
0.420171
0.420157
0.420174
0.420236
0.420369
0.420611
0.421019
0.421682
0.422733
0.424376
406.86
384.26
358.558
330.264
300.164
269.036
237.626
206.636
176.703
148.39
122.175
98.4363
77.4486
59.3676
44.2248
31.9278
22.2712
14.9616
9.64968
5.9659
3.5501
2.07276
1.25015
0.853304
0.713262
412.583
389.718
363.711
335.063
304.571
273.023
241.179
209.749
179.382
150.649
124.036
99.9307
78.6133
60.2451
44.8612
32.3697
22.5633
15.1439
9.75592
6.02273
3.57729
2.08396
1.25392
0.854332
0.71365
405.913
383.354
357.707
329.475
299.442
268.384
237.048
206.131
176.27
148.027
121.876
98.1974
77.2629
59.2279
44.1237
31.8575
22.2247
14.9324
9.63246
5.95647
3.54537
2.07062
1.24927
0.85296
0.713129
411.326
388.517
362.574
334.002
303.594
272.137
240.388
209.054
178.782
150.142
123.617
99.5939
78.3502
60.0464
44.7168
32.2692
22.4968
15.1023
9.73171
6.00978
3.57111
2.08143
1.25309
0.854119
0.713575
411.326
388.517
362.574
334.002
303.594
272.137
240.388
209.054
178.782
150.142
123.617
99.5939
78.3502
60.0464
44.7168
32.2693
22.4968
15.1023
9.73172
6.00979
3.57111
2.08144
1.25309
0.854118
0.713574
405.913
383.355
357.707
329.475
299.442
268.385
237.048
206.131
176.27
148.027
121.876
98.1976
77.2631
59.2281
44.1238
31.8576
22.2248
14.9324
9.6325
5.95649
3.54538
2.07063
1.24927
0.852962
0.713129
412.583
389.718
363.711
335.063
304.571
273.023
241.179
209.749
179.382
150.649
124.036
99.9307
78.6133
60.2451
44.8612
32.3697
22.5633
15.1439
9.75592
6.02273
3.57729
2.08396
1.25392
0.854331
0.713649
406.86
384.26
358.558
330.264
300.164
269.036
237.626
206.636
176.703
148.39
122.175
98.4363
77.4486
59.3676
44.2248
31.9278
22.2713
14.9616
9.6497
5.96591
3.55011
2.07278
1.25016
0.853312
0.713267
411.326
388.517
362.574
334.002
303.594
272.137
240.388
209.054
178.782
150.142
123.617
99.5939
78.3502
60.0464
44.7168
32.2692
22.4968
15.1023
9.73172
6.00979
3.57112
2.08144
1.25309
0.854122
0.713576
405.913
383.354
357.707
329.475
299.442
268.384
237.048
206.131
176.27
148.027
121.876
98.1974
77.2629
59.2279
44.1237
31.8575
22.2247
14.9323
9.63243
5.95644
3.54534
2.07059
1.24925
0.852947
0.713121
405.913
383.355
357.707
329.475
299.443
268.385
237.048
206.131
176.27
148.027
121.876
98.1976
77.2631
59.2281
44.1238
31.8576
22.2248
14.9324
9.63251
5.95651
3.54539
2.07063
1.24927
0.85296
0.713126
411.327
388.517
362.574
334.002
303.594
272.137
240.388
209.054
178.782
150.142
123.617
99.5939
78.3502
60.0465
44.7168
32.2693
22.4969
15.1024
9.73174
6.00981
3.57114
2.08146
1.2531
0.854131
0.713582
)
;

boundaryField
{
    outletCentralUnloaded
    {
        type            zeroGradient;
    }
    inletCentralUnloaded
    {
        type            zeroGradient;
    }
    outletFuelElement
    {
        type            zeroGradient;
    }
    inletFuelElement
    {
        type            zeroGradient;
    }
    defaultFaces
    {
        type            zeroGradient;
    }
    baffle_master
    {
        type            zeroGradient;
    }
    baffle_slave
    {
        type            zeroGradient;
    }
}


// ************************************************************************* //
