/*--------------------------------*- C++ -*----------------------------------*\
| =========                 |                                                 |
| \\      /  F ield         | OpenFOAM: The Open Source CFD Toolbox           |
|  \\    /   O peration     | Version:  2212                                  |
|   \\  /    A nd           | Website:  www.openfoam.com                      |
|    \\/     M anipulation  |                                                 |
\*---------------------------------------------------------------------------*/
FoamFile
{
    version     2.0;
    format      ascii;
    arch        "LSB;label=32;scalar=64";
    class       volTensorField;
    location    "65/fluidRegion";
    object      Kd;
}
// * * * * * * * * * * * * * * * * * * * * * * * * * * * * * * * * * * * * * //

dimensions      [1 -3 -1 0 0 0 0];

internalField   nonuniform List<tensor> 
350
(
(84.7374 0 0 0 84.7374 0 0 0 84.7374)
(84.7376 0 0 0 84.7376 0 0 0 84.7376)
(84.7381 0 0 0 84.7381 0 0 0 84.7381)
(84.739 0 0 0 84.739 0 0 0 84.739)
(84.7403 0 0 0 84.7403 0 0 0 84.7403)
(84.7418 0 0 0 84.7418 0 0 0 84.7418)
(84.7434 0 0 0 84.7434 0 0 0 84.7434)
(84.745 0 0 0 84.745 0 0 0 84.745)
(84.7461 0 0 0 84.7461 0 0 0 84.7461)
(84.7467 0 0 0 84.7467 0 0 0 84.7467)
(84.7468 0 0 0 84.7468 0 0 0 84.7468)
(84.7462 0 0 0 84.7462 0 0 0 84.7462)
(84.7451 0 0 0 84.7451 0 0 0 84.7451)
(84.7435 0 0 0 84.7435 0 0 0 84.7435)
(84.7418 0 0 0 84.7418 0 0 0 84.7418)
(84.7401 0 0 0 84.7401 0 0 0 84.7401)
(84.7386 0 0 0 84.7386 0 0 0 84.7386)
(84.7376 0 0 0 84.7376 0 0 0 84.7376)
(84.737 0 0 0 84.737 0 0 0 84.737)
(84.737 0 0 0 84.737 0 0 0 84.737)
(84.7373 0 0 0 84.7373 0 0 0 84.7373)
(84.738 0 0 0 84.738 0 0 0 84.738)
(84.739 0 0 0 84.739 0 0 0 84.739)
(84.7401 0 0 0 84.7401 0 0 0 84.7401)
(84.8733 0 0 0 84.8733 0 0 0 84.8733)
(84.7374 0 0 0 84.7374 0 0 0 84.7374)
(84.7376 0 0 0 84.7376 0 0 0 84.7376)
(84.7381 0 0 0 84.7381 0 0 0 84.7381)
(84.739 0 0 0 84.739 0 0 0 84.739)
(84.7403 0 0 0 84.7403 0 0 0 84.7403)
(84.7418 0 0 0 84.7418 0 0 0 84.7418)
(84.7434 0 0 0 84.7434 0 0 0 84.7434)
(84.745 0 0 0 84.745 0 0 0 84.745)
(84.7461 0 0 0 84.7461 0 0 0 84.7461)
(84.7467 0 0 0 84.7467 0 0 0 84.7467)
(84.7468 0 0 0 84.7468 0 0 0 84.7468)
(84.7462 0 0 0 84.7462 0 0 0 84.7462)
(84.7451 0 0 0 84.7451 0 0 0 84.7451)
(84.7435 0 0 0 84.7435 0 0 0 84.7435)
(84.7418 0 0 0 84.7418 0 0 0 84.7418)
(84.7401 0 0 0 84.7401 0 0 0 84.7401)
(84.7386 0 0 0 84.7386 0 0 0 84.7386)
(84.7376 0 0 0 84.7376 0 0 0 84.7376)
(84.737 0 0 0 84.737 0 0 0 84.737)
(84.737 0 0 0 84.737 0 0 0 84.737)
(84.7373 0 0 0 84.7373 0 0 0 84.7373)
(84.738 0 0 0 84.738 0 0 0 84.738)
(84.739 0 0 0 84.739 0 0 0 84.739)
(84.7401 0 0 0 84.7401 0 0 0 84.7401)
(84.8733 0 0 0 84.8733 0 0 0 84.8733)
(682.651 0 0 0 682.651 0 0 0 682.651)
(682.198 0 0 0 682.198 0 0 0 682.198)
(682.209 0 0 0 682.209 0 0 0 682.209)
(682.211 0 0 0 682.211 0 0 0 682.211)
(682.202 0 0 0 682.202 0 0 0 682.202)
(682.18 0 0 0 682.18 0 0 0 682.18)
(682.144 0 0 0 682.144 0 0 0 682.144)
(682.092 0 0 0 682.092 0 0 0 682.092)
(682.023 0 0 0 682.023 0 0 0 682.023)
(681.934 0 0 0 681.934 0 0 0 681.934)
(681.823 0 0 0 681.823 0 0 0 681.823)
(681.692 0 0 0 681.692 0 0 0 681.692)
(681.54 0 0 0 681.54 0 0 0 681.54)
(681.367 0 0 0 681.367 0 0 0 681.367)
(681.17 0 0 0 681.17 0 0 0 681.17)
(680.941 0 0 0 680.941 0 0 0 680.941)
(680.661 0 0 0 680.661 0 0 0 680.661)
(680.314 0 0 0 680.314 0 0 0 680.314)
(679.892 0 0 0 679.892 0 0 0 679.892)
(679.449 0 0 0 679.449 0 0 0 679.449)
(679.165 0 0 0 679.165 0 0 0 679.165)
(679.591 0 0 0 679.591 0 0 0 679.591)
(682.06 0 0 0 682.06 0 0 0 682.06)
(688.943 0 0 0 688.943 0 0 0 688.943)
(693.46 0 0 0 693.46 0 0 0 693.46)
(678.111 0 0 0 678.111 0 0 0 678.111)
(677.586 0 0 0 677.586 0 0 0 677.586)
(677.559 0 0 0 677.559 0 0 0 677.559)
(677.522 0 0 0 677.522 0 0 0 677.522)
(677.477 0 0 0 677.477 0 0 0 677.477)
(677.422 0 0 0 677.422 0 0 0 677.422)
(677.355 0 0 0 677.355 0 0 0 677.355)
(677.275 0 0 0 677.275 0 0 0 677.275)
(677.178 0 0 0 677.178 0 0 0 677.178)
(677.065 0 0 0 677.065 0 0 0 677.065)
(676.935 0 0 0 676.935 0 0 0 676.935)
(676.792 0 0 0 676.792 0 0 0 676.792)
(676.642 0 0 0 676.642 0 0 0 676.642)
(676.495 0 0 0 676.495 0 0 0 676.495)
(676.358 0 0 0 676.358 0 0 0 676.358)
(676.231 0 0 0 676.231 0 0 0 676.231)
(676.102 0 0 0 676.102 0 0 0 676.102)
(675.956 0 0 0 675.956 0 0 0 675.956)
(675.784 0 0 0 675.784 0 0 0 675.784)
(675.646 0 0 0 675.646 0 0 0 675.646)
(675.734 0 0 0 675.734 0 0 0 675.734)
(676.633 0 0 0 676.633 0 0 0 676.633)
(679.73 0 0 0 679.73 0 0 0 679.73)
(687.453 0 0 0 687.453 0 0 0 687.453)
(692.975 0 0 0 692.975 0 0 0 692.975)
(683.41 0 0 0 683.41 0 0 0 683.41)
(682.953 0 0 0 682.953 0 0 0 682.953)
(682.968 0 0 0 682.968 0 0 0 682.968)
(682.973 0 0 0 682.973 0 0 0 682.973)
(682.966 0 0 0 682.966 0 0 0 682.966)
(682.945 0 0 0 682.945 0 0 0 682.945)
(682.911 0 0 0 682.911 0 0 0 682.911)
(682.86 0 0 0 682.86 0 0 0 682.86)
(682.791 0 0 0 682.791 0 0 0 682.791)
(682.701 0 0 0 682.701 0 0 0 682.701)
(682.59 0 0 0 682.59 0 0 0 682.59)
(682.455 0 0 0 682.455 0 0 0 682.455)
(682.297 0 0 0 682.297 0 0 0 682.297)
(682.113 0 0 0 682.113 0 0 0 682.113)
(681.9 0 0 0 681.9 0 0 0 681.9)
(681.647 0 0 0 681.647 0 0 0 681.647)
(681.336 0 0 0 681.336 0 0 0 681.336)
(680.948 0 0 0 680.948 0 0 0 680.948)
(680.477 0 0 0 680.477 0 0 0 680.477)
(679.974 0 0 0 679.974 0 0 0 679.974)
(679.618 0 0 0 679.618 0 0 0 679.618)
(679.953 0 0 0 679.953 0 0 0 679.953)
(682.308 0 0 0 682.308 0 0 0 682.308)
(689.055 0 0 0 689.055 0 0 0 689.055)
(693.477 0 0 0 693.477 0 0 0 693.477)
(679.127 0 0 0 679.127 0 0 0 679.127)
(678.622 0 0 0 678.622 0 0 0 678.622)
(678.606 0 0 0 678.606 0 0 0 678.606)
(678.58 0 0 0 678.58 0 0 0 678.58)
(678.545 0 0 0 678.545 0 0 0 678.545)
(678.499 0 0 0 678.499 0 0 0 678.499)
(678.441 0 0 0 678.441 0 0 0 678.441)
(678.369 0 0 0 678.369 0 0 0 678.369)
(678.281 0 0 0 678.281 0 0 0 678.281)
(678.175 0 0 0 678.175 0 0 0 678.175)
(678.051 0 0 0 678.051 0 0 0 678.051)
(677.912 0 0 0 677.912 0 0 0 677.912)
(677.763 0 0 0 677.763 0 0 0 677.763)
(677.613 0 0 0 677.613 0 0 0 677.613)
(677.464 0 0 0 677.464 0 0 0 677.464)
(677.315 0 0 0 677.315 0 0 0 677.315)
(677.154 0 0 0 677.154 0 0 0 677.154)
(676.963 0 0 0 676.963 0 0 0 676.963)
(676.735 0 0 0 676.735 0 0 0 676.735)
(676.529 0 0 0 676.529 0 0 0 676.529)
(676.533 0 0 0 676.533 0 0 0 676.533)
(677.325 0 0 0 677.325 0 0 0 677.325)
(680.28 0 0 0 680.28 0 0 0 680.28)
(687.812 0 0 0 687.812 0 0 0 687.812)
(693.095 0 0 0 693.095 0 0 0 693.095)
(679.127 0 0 0 679.127 0 0 0 679.127)
(678.622 0 0 0 678.622 0 0 0 678.622)
(678.606 0 0 0 678.606 0 0 0 678.606)
(678.58 0 0 0 678.58 0 0 0 678.58)
(678.545 0 0 0 678.545 0 0 0 678.545)
(678.499 0 0 0 678.499 0 0 0 678.499)
(678.441 0 0 0 678.441 0 0 0 678.441)
(678.369 0 0 0 678.369 0 0 0 678.369)
(678.281 0 0 0 678.281 0 0 0 678.281)
(678.175 0 0 0 678.175 0 0 0 678.175)
(678.051 0 0 0 678.051 0 0 0 678.051)
(677.912 0 0 0 677.912 0 0 0 677.912)
(677.763 0 0 0 677.763 0 0 0 677.763)
(677.613 0 0 0 677.613 0 0 0 677.613)
(677.464 0 0 0 677.464 0 0 0 677.464)
(677.315 0 0 0 677.315 0 0 0 677.315)
(677.154 0 0 0 677.154 0 0 0 677.154)
(676.963 0 0 0 676.963 0 0 0 676.963)
(676.735 0 0 0 676.735 0 0 0 676.735)
(676.529 0 0 0 676.529 0 0 0 676.529)
(676.533 0 0 0 676.533 0 0 0 676.533)
(677.325 0 0 0 677.325 0 0 0 677.325)
(680.28 0 0 0 680.28 0 0 0 680.28)
(687.812 0 0 0 687.812 0 0 0 687.812)
(693.095 0 0 0 693.095 0 0 0 693.095)
(683.41 0 0 0 683.41 0 0 0 683.41)
(682.953 0 0 0 682.953 0 0 0 682.953)
(682.968 0 0 0 682.968 0 0 0 682.968)
(682.973 0 0 0 682.973 0 0 0 682.973)
(682.965 0 0 0 682.965 0 0 0 682.965)
(682.945 0 0 0 682.945 0 0 0 682.945)
(682.91 0 0 0 682.91 0 0 0 682.91)
(682.86 0 0 0 682.86 0 0 0 682.86)
(682.791 0 0 0 682.791 0 0 0 682.791)
(682.701 0 0 0 682.701 0 0 0 682.701)
(682.59 0 0 0 682.59 0 0 0 682.59)
(682.455 0 0 0 682.455 0 0 0 682.455)
(682.296 0 0 0 682.296 0 0 0 682.296)
(682.113 0 0 0 682.113 0 0 0 682.113)
(681.9 0 0 0 681.9 0 0 0 681.9)
(681.647 0 0 0 681.647 0 0 0 681.647)
(681.335 0 0 0 681.335 0 0 0 681.335)
(680.947 0 0 0 680.947 0 0 0 680.947)
(680.476 0 0 0 680.476 0 0 0 680.476)
(679.973 0 0 0 679.973 0 0 0 679.973)
(679.617 0 0 0 679.617 0 0 0 679.617)
(679.952 0 0 0 679.952 0 0 0 679.952)
(682.306 0 0 0 682.306 0 0 0 682.306)
(689.053 0 0 0 689.053 0 0 0 689.053)
(693.476 0 0 0 693.476 0 0 0 693.476)
(678.111 0 0 0 678.111 0 0 0 678.111)
(677.586 0 0 0 677.586 0 0 0 677.586)
(677.559 0 0 0 677.559 0 0 0 677.559)
(677.522 0 0 0 677.522 0 0 0 677.522)
(677.477 0 0 0 677.477 0 0 0 677.477)
(677.422 0 0 0 677.422 0 0 0 677.422)
(677.355 0 0 0 677.355 0 0 0 677.355)
(677.275 0 0 0 677.275 0 0 0 677.275)
(677.178 0 0 0 677.178 0 0 0 677.178)
(677.065 0 0 0 677.065 0 0 0 677.065)
(676.935 0 0 0 676.935 0 0 0 676.935)
(676.792 0 0 0 676.792 0 0 0 676.792)
(676.642 0 0 0 676.642 0 0 0 676.642)
(676.495 0 0 0 676.495 0 0 0 676.495)
(676.358 0 0 0 676.358 0 0 0 676.358)
(676.231 0 0 0 676.231 0 0 0 676.231)
(676.102 0 0 0 676.102 0 0 0 676.102)
(675.956 0 0 0 675.956 0 0 0 675.956)
(675.784 0 0 0 675.784 0 0 0 675.784)
(675.646 0 0 0 675.646 0 0 0 675.646)
(675.734 0 0 0 675.734 0 0 0 675.734)
(676.632 0 0 0 676.632 0 0 0 676.632)
(679.73 0 0 0 679.73 0 0 0 679.73)
(687.453 0 0 0 687.453 0 0 0 687.453)
(692.975 0 0 0 692.975 0 0 0 692.975)
(682.651 0 0 0 682.651 0 0 0 682.651)
(682.198 0 0 0 682.198 0 0 0 682.198)
(682.209 0 0 0 682.209 0 0 0 682.209)
(682.211 0 0 0 682.211 0 0 0 682.211)
(682.202 0 0 0 682.202 0 0 0 682.202)
(682.18 0 0 0 682.18 0 0 0 682.18)
(682.144 0 0 0 682.144 0 0 0 682.144)
(682.092 0 0 0 682.092 0 0 0 682.092)
(682.023 0 0 0 682.023 0 0 0 682.023)
(681.934 0 0 0 681.934 0 0 0 681.934)
(681.824 0 0 0 681.824 0 0 0 681.824)
(681.692 0 0 0 681.692 0 0 0 681.692)
(681.54 0 0 0 681.54 0 0 0 681.54)
(681.367 0 0 0 681.367 0 0 0 681.367)
(681.17 0 0 0 681.17 0 0 0 681.17)
(680.941 0 0 0 680.941 0 0 0 680.941)
(680.661 0 0 0 680.661 0 0 0 680.661)
(680.314 0 0 0 680.314 0 0 0 680.314)
(679.892 0 0 0 679.892 0 0 0 679.892)
(679.449 0 0 0 679.449 0 0 0 679.449)
(679.165 0 0 0 679.165 0 0 0 679.165)
(679.591 0 0 0 679.591 0 0 0 679.591)
(682.06 0 0 0 682.06 0 0 0 682.06)
(688.943 0 0 0 688.943 0 0 0 688.943)
(693.46 0 0 0 693.46 0 0 0 693.46)
(679.127 0 0 0 679.127 0 0 0 679.127)
(678.622 0 0 0 678.622 0 0 0 678.622)
(678.606 0 0 0 678.606 0 0 0 678.606)
(678.58 0 0 0 678.58 0 0 0 678.58)
(678.545 0 0 0 678.545 0 0 0 678.545)
(678.499 0 0 0 678.499 0 0 0 678.499)
(678.441 0 0 0 678.441 0 0 0 678.441)
(678.369 0 0 0 678.369 0 0 0 678.369)
(678.281 0 0 0 678.281 0 0 0 678.281)
(678.175 0 0 0 678.175 0 0 0 678.175)
(678.051 0 0 0 678.051 0 0 0 678.051)
(677.912 0 0 0 677.912 0 0 0 677.912)
(677.763 0 0 0 677.763 0 0 0 677.763)
(677.613 0 0 0 677.613 0 0 0 677.613)
(677.464 0 0 0 677.464 0 0 0 677.464)
(677.315 0 0 0 677.315 0 0 0 677.315)
(677.154 0 0 0 677.154 0 0 0 677.154)
(676.963 0 0 0 676.963 0 0 0 676.963)
(676.735 0 0 0 676.735 0 0 0 676.735)
(676.529 0 0 0 676.529 0 0 0 676.529)
(676.533 0 0 0 676.533 0 0 0 676.533)
(677.325 0 0 0 677.325 0 0 0 677.325)
(680.28 0 0 0 680.28 0 0 0 680.28)
(687.812 0 0 0 687.812 0 0 0 687.812)
(693.095 0 0 0 693.095 0 0 0 693.095)
(683.41 0 0 0 683.41 0 0 0 683.41)
(682.953 0 0 0 682.953 0 0 0 682.953)
(682.968 0 0 0 682.968 0 0 0 682.968)
(682.973 0 0 0 682.973 0 0 0 682.973)
(682.966 0 0 0 682.966 0 0 0 682.966)
(682.945 0 0 0 682.945 0 0 0 682.945)
(682.911 0 0 0 682.911 0 0 0 682.911)
(682.86 0 0 0 682.86 0 0 0 682.86)
(682.791 0 0 0 682.791 0 0 0 682.791)
(682.701 0 0 0 682.701 0 0 0 682.701)
(682.59 0 0 0 682.59 0 0 0 682.59)
(682.455 0 0 0 682.455 0 0 0 682.455)
(682.297 0 0 0 682.297 0 0 0 682.297)
(682.113 0 0 0 682.113 0 0 0 682.113)
(681.9 0 0 0 681.9 0 0 0 681.9)
(681.647 0 0 0 681.647 0 0 0 681.647)
(681.336 0 0 0 681.336 0 0 0 681.336)
(680.948 0 0 0 680.948 0 0 0 680.948)
(680.477 0 0 0 680.477 0 0 0 680.477)
(679.974 0 0 0 679.974 0 0 0 679.974)
(679.618 0 0 0 679.618 0 0 0 679.618)
(679.953 0 0 0 679.953 0 0 0 679.953)
(682.308 0 0 0 682.308 0 0 0 682.308)
(689.055 0 0 0 689.055 0 0 0 689.055)
(693.477 0 0 0 693.477 0 0 0 693.477)
(683.41 0 0 0 683.41 0 0 0 683.41)
(682.953 0 0 0 682.953 0 0 0 682.953)
(682.968 0 0 0 682.968 0 0 0 682.968)
(682.973 0 0 0 682.973 0 0 0 682.973)
(682.965 0 0 0 682.965 0 0 0 682.965)
(682.945 0 0 0 682.945 0 0 0 682.945)
(682.911 0 0 0 682.911 0 0 0 682.911)
(682.86 0 0 0 682.86 0 0 0 682.86)
(682.791 0 0 0 682.791 0 0 0 682.791)
(682.701 0 0 0 682.701 0 0 0 682.701)
(682.59 0 0 0 682.59 0 0 0 682.59)
(682.455 0 0 0 682.455 0 0 0 682.455)
(682.296 0 0 0 682.296 0 0 0 682.296)
(682.113 0 0 0 682.113 0 0 0 682.113)
(681.9 0 0 0 681.9 0 0 0 681.9)
(681.647 0 0 0 681.647 0 0 0 681.647)
(681.335 0 0 0 681.335 0 0 0 681.335)
(680.947 0 0 0 680.947 0 0 0 680.947)
(680.476 0 0 0 680.476 0 0 0 680.476)
(679.973 0 0 0 679.973 0 0 0 679.973)
(679.617 0 0 0 679.617 0 0 0 679.617)
(679.952 0 0 0 679.952 0 0 0 679.952)
(682.306 0 0 0 682.306 0 0 0 682.306)
(689.053 0 0 0 689.053 0 0 0 689.053)
(693.476 0 0 0 693.476 0 0 0 693.476)
(679.127 0 0 0 679.127 0 0 0 679.127)
(678.622 0 0 0 678.622 0 0 0 678.622)
(678.606 0 0 0 678.606 0 0 0 678.606)
(678.58 0 0 0 678.58 0 0 0 678.58)
(678.545 0 0 0 678.545 0 0 0 678.545)
(678.499 0 0 0 678.499 0 0 0 678.499)
(678.441 0 0 0 678.441 0 0 0 678.441)
(678.369 0 0 0 678.369 0 0 0 678.369)
(678.281 0 0 0 678.281 0 0 0 678.281)
(678.175 0 0 0 678.175 0 0 0 678.175)
(678.051 0 0 0 678.051 0 0 0 678.051)
(677.912 0 0 0 677.912 0 0 0 677.912)
(677.764 0 0 0 677.764 0 0 0 677.764)
(677.613 0 0 0 677.613 0 0 0 677.613)
(677.464 0 0 0 677.464 0 0 0 677.464)
(677.315 0 0 0 677.315 0 0 0 677.315)
(677.154 0 0 0 677.154 0 0 0 677.154)
(676.963 0 0 0 676.963 0 0 0 676.963)
(676.735 0 0 0 676.735 0 0 0 676.735)
(676.529 0 0 0 676.529 0 0 0 676.529)
(676.533 0 0 0 676.533 0 0 0 676.533)
(677.325 0 0 0 677.325 0 0 0 677.325)
(680.28 0 0 0 680.28 0 0 0 680.28)
(687.812 0 0 0 687.812 0 0 0 687.812)
(693.095 0 0 0 693.095 0 0 0 693.095)
)
;

boundaryField
{
    outletCentralUnloaded
    {
        type            zeroGradient;
    }
    inletCentralUnloaded
    {
        type            zeroGradient;
    }
    outletFuelElement
    {
        type            zeroGradient;
    }
    inletFuelElement
    {
        type            zeroGradient;
    }
    defaultFaces
    {
        type            zeroGradient;
    }
    baffle_master
    {
        type            zeroGradient;
    }
    baffle_slave
    {
        type            zeroGradient;
    }
}


// ************************************************************************* //
