/*--------------------------------*- C++ -*----------------------------------*\
| =========                 |                                                 |
| \\      /  F ield         | OpenFOAM: The Open Source CFD Toolbox           |
|  \\    /   O peration     | Version:  2212                                  |
|   \\  /    A nd           | Website:  www.openfoam.com                      |
|    \\/     M anipulation  |                                                 |
\*---------------------------------------------------------------------------*/
FoamFile
{
    version     2.0;
    format      ascii;
    arch        "LSB;label=32;scalar=64";
    class       volScalarField;
    location    "65/fluidRegion";
    object      nut;
}
// * * * * * * * * * * * * * * * * * * * * * * * * * * * * * * * * * * * * * //

dimensions      [0 2 -1 0 0 0 0];

internalField   nonuniform List<scalar> 
350
(
0.000537581
0.000537534
0.000537492
0.000537454
0.00053742
0.000537386
0.00053735
0.000537314
0.000537277
0.000537238
0.000537199
0.000537158
0.000537115
0.000537072
0.000537031
0.000536994
0.000536968
0.000536957
0.000536971
0.000537021
0.000537124
0.000537307
0.000537612
0.000538102
0.000539493
0.000537581
0.000537534
0.000537492
0.000537454
0.00053742
0.000537386
0.00053735
0.000537314
0.000537277
0.000537238
0.000537199
0.000537158
0.000537115
0.000537072
0.000537031
0.000536994
0.000536968
0.000536957
0.000536971
0.000537021
0.000537124
0.000537307
0.000537612
0.000538102
0.000539493
0.0104222
0.0102027
0.00993104
0.00960348
0.00922499
0.00880074
0.00833607
0.00783647
0.00730759
0.0067553
0.00618574
0.00560549
0.00502169
0.00444209
0.00387497
0.00332879
0.00281174
0.00233119
0.00189338
0.00150352
0.00116622
0.000885926
0.000666907
0.000511769
0.000416364
0.0104896
0.010269
0.00999635
0.00966732
0.00928693
0.0088604
0.00839308
0.0078905
0.00735833
0.00680244
0.00622902
0.00564468
0.00505658
0.00447255
0.00390094
0.00335036
0.00282911
0.00234467
0.00190339
0.00151053
0.00117073
0.000888486
0.000668095
0.00051215
0.000416431
0.0104113
0.0101918
0.00992037
0.00959309
0.00921493
0.00879108
0.00832687
0.00782778
0.00729946
0.00674777
0.00617884
0.00559927
0.00501616
0.00443727
0.00387086
0.00332537
0.00280898
0.00232904
0.00189176
0.00150236
0.00116544
0.000885435
0.000666623
0.000511619
0.000416314
0.0104747
0.0102543
0.00998185
0.00965311
0.00927312
0.00884707
0.00838032
0.00787838
0.00734692
0.00679182
0.00621925
0.00563582
0.00504868
0.00446564
0.00389504
0.00334545
0.00282515
0.0023416
0.00190111
0.00150893
0.00116971
0.00088791
0.000667834
0.000512074
0.000416422
0.0104747
0.0102543
0.00998185
0.00965311
0.00927312
0.00884707
0.00838032
0.00787838
0.00734692
0.00679182
0.00621926
0.00563582
0.00504868
0.00446564
0.00389504
0.00334545
0.00282515
0.0023416
0.00190111
0.00150893
0.00116971
0.00088791
0.000667834
0.000512074
0.000416421
0.0104113
0.0101918
0.00992038
0.00959309
0.00921494
0.00879109
0.00832688
0.00782779
0.00729947
0.00674777
0.00617885
0.00559927
0.00501617
0.00443728
0.00387086
0.00332538
0.00280899
0.00232904
0.00189176
0.00150236
0.00116544
0.000885436
0.000666624
0.000511619
0.000416314
0.0104896
0.010269
0.00999635
0.00966732
0.00928693
0.0088604
0.00839308
0.0078905
0.00735833
0.00680244
0.00622902
0.00564468
0.00505658
0.00447255
0.00390094
0.00335036
0.00282911
0.00234467
0.00190339
0.00151053
0.00117073
0.000888486
0.000668095
0.00051215
0.00041643
0.0104222
0.0102027
0.00993104
0.00960348
0.00922499
0.00880074
0.00833607
0.00783647
0.00730759
0.0067553
0.00618574
0.00560549
0.00502169
0.00444209
0.00387497
0.00332879
0.00281174
0.00233119
0.00189338
0.00150352
0.00116622
0.000885928
0.000666909
0.000511771
0.000416366
0.0104747
0.0102543
0.00998185
0.00965311
0.00927312
0.00884707
0.00838032
0.00787838
0.00734692
0.00679182
0.00621926
0.00563582
0.00504868
0.00446564
0.00389504
0.00334545
0.00282515
0.0023416
0.00190111
0.00150893
0.00116971
0.00088791
0.000667834
0.000512075
0.000416422
0.0104113
0.0101918
0.00992037
0.00959309
0.00921493
0.00879108
0.00832687
0.00782778
0.00729946
0.00674777
0.00617884
0.00559927
0.00501616
0.00443727
0.00387086
0.00332537
0.00280898
0.00232903
0.00189176
0.00150236
0.00116543
0.000885431
0.000666619
0.000511615
0.000416311
0.0104113
0.0101919
0.00992038
0.00959309
0.00921494
0.00879109
0.00832688
0.00782779
0.00729947
0.00674777
0.00617885
0.00559927
0.00501617
0.00443728
0.00387086
0.00332538
0.00280899
0.00232904
0.00189176
0.00150237
0.00116544
0.000885436
0.000666624
0.000511619
0.000416313
0.0104747
0.0102543
0.00998185
0.00965311
0.00927312
0.00884707
0.00838032
0.00787838
0.00734692
0.00679182
0.00621926
0.00563582
0.00504868
0.00446564
0.00389504
0.00334545
0.00282515
0.0023416
0.00190111
0.00150893
0.00116971
0.000887913
0.000667837
0.000512078
0.000416424
)
;

boundaryField
{
    outletCentralUnloaded
    {
        type            zeroGradient;
    }
    inletCentralUnloaded
    {
        type            zeroGradient;
    }
    outletFuelElement
    {
        type            zeroGradient;
    }
    inletFuelElement
    {
        type            zeroGradient;
    }
    defaultFaces
    {
        type            zeroGradient;
    }
    baffle_master
    {
        type            calculated;
        value           nonuniform List<scalar> 
150
(
0.000537581
0.000537581
0.000537581
0.000537534
0.000537534
0.000537534
0.000537492
0.000537492
0.000537492
0.000537454
0.000537454
0.000537454
0.00053742
0.00053742
0.00053742
0.000537386
0.000537386
0.000537386
0.00053735
0.00053735
0.00053735
0.000537314
0.000537314
0.000537314
0.000537277
0.000537277
0.000537277
0.000537238
0.000537238
0.000537238
0.000537199
0.000537199
0.000537199
0.000537158
0.000537158
0.000537158
0.000537115
0.000537115
0.000537115
0.000537072
0.000537072
0.000537072
0.000537031
0.000537031
0.000537031
0.000536994
0.000536994
0.000536994
0.000536968
0.000536968
0.000536968
0.000536957
0.000536957
0.000536957
0.000536971
0.000536971
0.000536971
0.000537021
0.000537021
0.000537021
0.000537124
0.000537124
0.000537124
0.000537307
0.000537307
0.000537307
0.000537612
0.000537612
0.000537612
0.000538102
0.000538102
0.000538102
0.000539493
0.000539493
0.000539493
0.000537581
0.000537581
0.000537581
0.000537534
0.000537534
0.000537534
0.000537492
0.000537492
0.000537492
0.000537454
0.000537454
0.000537454
0.00053742
0.00053742
0.00053742
0.000537386
0.000537386
0.000537386
0.00053735
0.00053735
0.00053735
0.000537314
0.000537314
0.000537314
0.000537277
0.000537277
0.000537277
0.000537238
0.000537238
0.000537238
0.000537199
0.000537199
0.000537199
0.000537158
0.000537158
0.000537158
0.000537115
0.000537115
0.000537115
0.000537072
0.000537072
0.000537072
0.000537031
0.000537031
0.000537031
0.000536994
0.000536994
0.000536994
0.000536968
0.000536968
0.000536968
0.000536957
0.000536957
0.000536957
0.000536971
0.000536971
0.000536971
0.000537021
0.000537021
0.000537021
0.000537124
0.000537124
0.000537124
0.000537307
0.000537307
0.000537307
0.000537612
0.000537612
0.000537612
0.000538102
0.000538102
0.000538102
0.000539493
0.000539493
0.000539493
)
;
    }
    baffle_slave
    {
        type            calculated;
        value           nonuniform List<scalar> 
150
(
0.0104896
0.0104747
0.0104747
0.010269
0.0102543
0.0102543
0.00999635
0.00998185
0.00998185
0.00966732
0.00965311
0.00965311
0.00928693
0.00927312
0.00927312
0.0088604
0.00884707
0.00884707
0.00839308
0.00838032
0.00838032
0.0078905
0.00787838
0.00787838
0.00735833
0.00734692
0.00734692
0.00680244
0.00679182
0.00679182
0.00622902
0.00621925
0.00621926
0.00564468
0.00563582
0.00563582
0.00505658
0.00504868
0.00504868
0.00447255
0.00446564
0.00446564
0.00390094
0.00389504
0.00389504
0.00335036
0.00334545
0.00334545
0.00282911
0.00282515
0.00282515
0.00234467
0.0023416
0.0023416
0.00190339
0.00190111
0.00190111
0.00151053
0.00150893
0.00150893
0.00117073
0.00116971
0.00116971
0.000888486
0.00088791
0.000887913
0.000668095
0.000667834
0.000667837
0.00051215
0.000512074
0.000512078
0.000416431
0.000416422
0.000416424
0.0104747
0.0104896
0.0104747
0.0102543
0.010269
0.0102543
0.00998185
0.00999635
0.00998185
0.00965311
0.00966732
0.00965311
0.00927312
0.00928693
0.00927312
0.00884707
0.0088604
0.00884707
0.00838032
0.00839308
0.00838032
0.00787838
0.0078905
0.00787838
0.00734692
0.00735833
0.00734692
0.00679182
0.00680244
0.00679182
0.00621926
0.00622902
0.00621926
0.00563582
0.00564468
0.00563582
0.00504868
0.00505658
0.00504868
0.00446564
0.00447255
0.00446564
0.00389504
0.00390094
0.00389504
0.00334545
0.00335036
0.00334545
0.00282515
0.00282911
0.00282515
0.0023416
0.00234467
0.0023416
0.00190111
0.00190339
0.00190111
0.00150893
0.00151053
0.00150893
0.00116971
0.00117073
0.00116971
0.00088791
0.000888486
0.00088791
0.000667834
0.000668095
0.000667834
0.000512074
0.00051215
0.000512075
0.000416421
0.00041643
0.000416422
)
;
    }
}


// ************************************************************************* //
