/*--------------------------------*- C++ -*----------------------------------*\
| =========                 |                                                 |
| \\      /  F ield         | OpenFOAM: The Open Source CFD Toolbox           |
|  \\    /   O peration     | Version:  2212                                  |
|   \\  /    A nd           | Website:  www.openfoam.com                      |
|    \\/     M anipulation  |                                                 |
\*---------------------------------------------------------------------------*/
FoamFile
{
    version     2.0;
    format      ascii;
    arch        "LSB;label=32;scalar=64";
    class       volScalarField;
    location    "41/fluidRegion";
    object      alphaRhoMagU;
}
// * * * * * * * * * * * * * * * * * * * * * * * * * * * * * * * * * * * * * //

dimensions      [1 -2 -1 0 0 0 0];

internalField   nonuniform List<scalar> 
350
(
36.8264
36.8269
36.8279
36.8292
36.8305
36.8318
36.833
36.8339
36.8345
36.8348
36.8347
36.8343
36.8335
36.8324
36.8311
36.8298
36.8285
36.8274
36.8266
36.8262
36.8262
36.8267
36.8276
36.8287
36.9068
36.8264
36.8269
36.8279
36.8292
36.8305
36.8318
36.833
36.8339
36.8345
36.8348
36.8347
36.8343
36.8335
36.8324
36.8311
36.8298
36.8285
36.8274
36.8266
36.8262
36.8262
36.8267
36.8276
36.8287
36.9068
59.0771
59.0216
59.023
59.0233
59.0223
59.0198
59.0157
59.0098
59.0018
58.9916
58.9789
58.9638
58.9463
58.9264
58.9038
58.8774
58.8452
58.8053
58.7568
58.7062
58.6741
58.7242
59.0091
59.8003
60.3126
58.5552
58.4916
58.4885
58.4843
58.4791
58.4728
58.4651
58.4559
58.4448
58.4318
58.4168
58.4004
58.3833
58.3665
58.3508
58.3362
58.3215
58.3047
58.2852
58.2696
58.2804
58.3847
58.7416
59.6288
60.2566
59.1644
59.1085
59.1104
59.111
59.1102
59.1079
59.104
59.0982
59.0903
59.08
59.0672
59.0517
59.0335
59.0124
58.9879
58.9587
58.9228
58.8782
58.8241
58.7665
58.7262
58.7658
59.0375
59.8132
60.3145
58.6719
58.6106
58.6088
58.6058
58.6018
58.5965
58.5899
58.5816
58.5714
58.5592
58.545
58.5291
58.5121
58.4948
58.4778
58.4607
58.4422
58.4203
58.3943
58.3709
58.3721
58.4641
58.8047
59.6701
60.2705
58.6719
58.6106
58.6088
58.6058
58.6018
58.5965
58.5899
58.5816
58.5714
58.5592
58.545
58.5291
58.5121
58.4948
58.4778
58.4607
58.4422
58.4203
58.3943
58.3709
58.3721
58.4641
58.8047
59.6701
60.2705
59.1644
59.1085
59.1103
59.111
59.1102
59.1079
59.104
59.0982
59.0902
59.08
59.0671
59.0517
59.0334
59.0123
58.9878
58.9586
58.9228
58.8781
58.824
58.7664
58.726
58.7656
59.0373
59.8131
60.3144
58.5552
58.4916
58.4885
58.4843
58.4791
58.4728
58.4651
58.4559
58.4448
58.4318
58.4168
58.4004
58.3833
58.3665
58.3508
58.3362
58.3215
58.3047
58.2852
58.2696
58.2804
58.3847
58.7416
59.6288
60.2566
59.0771
59.0216
59.023
59.0233
59.0223
59.0198
59.0157
59.0098
59.0018
58.9916
58.9789
58.9638
58.9463
58.9264
58.9038
58.8774
58.8452
58.8053
58.7568
58.7062
58.6741
58.7242
59.0091
59.8004
60.3126
58.6719
58.6106
58.6088
58.6058
58.6018
58.5966
58.5899
58.5816
58.5714
58.5592
58.545
58.5291
58.5121
58.4948
58.4778
58.4607
58.4422
58.4203
58.3943
58.3708
58.3721
58.4641
58.8047
59.6701
60.2705
59.1644
59.1085
59.1104
59.111
59.1102
59.1079
59.104
59.0982
59.0903
59.08
59.0672
59.0517
59.0335
59.0124
58.9879
58.9587
58.9228
58.8782
58.8241
58.7665
58.7261
58.7657
59.0375
59.8132
60.3145
59.1644
59.1085
59.1103
59.111
59.1102
59.1079
59.104
59.0982
59.0902
59.08
59.0671
59.0517
59.0334
59.0123
58.9878
58.9586
58.9228
58.8781
58.824
58.7664
58.726
58.7656
59.0374
59.8131
60.3144
58.6719
58.6106
58.6088
58.6058
58.6018
58.5966
58.5899
58.5816
58.5714
58.5592
58.545
58.5291
58.5121
58.4948
58.4778
58.4607
58.4422
58.4203
58.3943
58.3709
58.3721
58.4641
58.8047
59.6702
60.2705
)
;

boundaryField
{
    outletCentralUnloaded
    {
        type            calculated;
        value           nonuniform List<scalar> 2(36.8249 36.8249);
    }
    inletCentralUnloaded
    {
        type            calculated;
        value           nonuniform List<scalar> 2(36.9828 36.9828);
    }
    outletFuelElement
    {
        type            calculated;
        value           nonuniform List<scalar> 
12
(
58.6289
58.1111
58.7156
58.2268
58.2268
58.7156
58.1111
58.6289
58.2268
58.7156
58.7156
58.2268
)
;
    }
    inletFuelElement
    {
        type            calculated;
        value           nonuniform List<scalar> 
12
(
60.0158
60.0158
60.0158
60.0158
60.0158
60.0158
60.0158
60.0158
60.0158
60.0158
60.0158
60.0158
)
;
    }
    defaultFaces
    {
        type            calculated;
        value           nonuniform List<scalar> 
450
(
59.0771
59.0771
59.0771
59.0216
59.0216
59.0216
59.023
59.023
59.023
59.0233
59.0233
59.0233
59.0223
59.0223
59.0223
59.0198
59.0198
59.0198
59.0157
59.0157
59.0157
59.0098
59.0098
59.0098
59.0018
59.0018
59.0018
58.9916
58.9916
58.9916
58.9789
58.9789
58.9789
58.9638
58.9638
58.9638
58.9463
58.9463
58.9463
58.9264
58.9264
58.9264
58.9038
58.9038
58.9038
58.8774
58.8774
58.8774
58.8452
58.8452
58.8452
58.8053
58.8053
58.8053
58.7568
58.7568
58.7568
58.7062
58.7062
58.7062
58.6741
58.6741
58.6741
58.7242
58.7242
58.7242
59.0091
59.0091
59.0091
59.8003
59.8003
59.8003
60.3126
60.3126
60.3126
59.1644
59.1644
59.1085
59.1085
59.1104
59.1104
59.111
59.111
59.1102
59.1102
59.1079
59.1079
59.104
59.104
59.0982
59.0982
59.0903
59.0903
59.08
59.08
59.0672
59.0672
59.0517
59.0517
59.0335
59.0335
59.0124
59.0124
58.9879
58.9879
58.9587
58.9587
58.9228
58.9228
58.8782
58.8782
58.8241
58.8241
58.7665
58.7665
58.7262
58.7262
58.7658
58.7658
59.0375
59.0375
59.8132
59.8132
60.3145
60.3145
58.6719
58.6106
58.6088
58.6058
58.6018
58.5965
58.5899
58.5816
58.5714
58.5592
58.545
58.5291
58.5121
58.4948
58.4778
58.4607
58.4422
58.4203
58.3943
58.3709
58.3721
58.4641
58.8047
59.6701
60.2705
58.6719
58.6106
58.6088
58.6058
58.6018
58.5965
58.5899
58.5816
58.5714
58.5592
58.545
58.5291
58.5121
58.4948
58.4778
58.4607
58.4422
58.4203
58.3943
58.3709
58.3721
58.4641
58.8047
59.6701
60.2705
59.1644
59.1644
59.1085
59.1085
59.1103
59.1103
59.111
59.111
59.1102
59.1102
59.1079
59.1079
59.104
59.104
59.0982
59.0982
59.0902
59.0902
59.08
59.08
59.0671
59.0671
59.0517
59.0517
59.0334
59.0334
59.0123
59.0123
58.9878
58.9878
58.9586
58.9586
58.9228
58.9228
58.8781
58.8781
58.824
58.824
58.7664
58.7664
58.726
58.726
58.7656
58.7656
59.0373
59.0373
59.8131
59.8131
60.3144
60.3144
59.0771
59.0771
59.0771
59.0216
59.0216
59.0216
59.023
59.023
59.023
59.0233
59.0233
59.0233
59.0223
59.0223
59.0223
59.0198
59.0198
59.0198
59.0157
59.0157
59.0157
59.0098
59.0098
59.0098
59.0018
59.0018
59.0018
58.9916
58.9916
58.9916
58.9789
58.9789
58.9789
58.9638
58.9638
58.9638
58.9463
58.9463
58.9463
58.9264
58.9264
58.9264
58.9038
58.9038
58.9038
58.8774
58.8774
58.8774
58.8452
58.8452
58.8452
58.8053
58.8053
58.8053
58.7568
58.7568
58.7568
58.7062
58.7062
58.7062
58.6741
58.6741
58.6741
58.7242
58.7242
58.7242
59.0091
59.0091
59.0091
59.8004
59.8004
59.8004
60.3126
60.3126
60.3126
58.6719
58.6106
58.6088
58.6058
58.6018
58.5966
58.5899
58.5816
58.5714
58.5592
58.545
58.5291
58.5121
58.4948
58.4778
58.4607
58.4422
58.4203
58.3943
58.3708
58.3721
58.4641
58.8047
59.6701
60.2705
59.1644
59.1644
59.1085
59.1085
59.1104
59.1104
59.111
59.111
59.1102
59.1102
59.1079
59.1079
59.104
59.104
59.0982
59.0982
59.0903
59.0903
59.08
59.08
59.0672
59.0672
59.0517
59.0517
59.0335
59.0335
59.0124
59.0124
58.9879
58.9879
58.9587
58.9587
58.9228
58.9228
58.8782
58.8782
58.8241
58.8241
58.7665
58.7665
58.7261
58.7261
58.7657
58.7657
59.0375
59.0375
59.8132
59.8132
60.3145
60.3145
59.1644
59.1644
59.1085
59.1085
59.1103
59.1103
59.111
59.111
59.1102
59.1102
59.1079
59.1079
59.104
59.104
59.0982
59.0982
59.0902
59.0902
59.08
59.08
59.0671
59.0671
59.0517
59.0517
59.0334
59.0334
59.0123
59.0123
58.9878
58.9878
58.9586
58.9586
58.9228
58.9228
58.8781
58.8781
58.824
58.824
58.7664
58.7664
58.726
58.726
58.7656
58.7656
59.0374
59.0374
59.8131
59.8131
60.3144
60.3144
58.6719
58.6106
58.6088
58.6058
58.6018
58.5966
58.5899
58.5816
58.5714
58.5592
58.545
58.5291
58.5121
58.4948
58.4778
58.4607
58.4422
58.4203
58.3943
58.3709
58.3721
58.4641
58.8047
59.6702
60.2705
)
;
    }
    baffle_master
    {
        type            calculated;
        value           nonuniform List<scalar> 
150
(
36.8264
36.8264
36.8264
36.8269
36.8269
36.8269
36.8279
36.8279
36.8279
36.8292
36.8292
36.8292
36.8305
36.8305
36.8305
36.8318
36.8318
36.8318
36.833
36.833
36.833
36.8339
36.8339
36.8339
36.8345
36.8345
36.8345
36.8348
36.8348
36.8348
36.8347
36.8347
36.8347
36.8343
36.8343
36.8343
36.8335
36.8335
36.8335
36.8324
36.8324
36.8324
36.8311
36.8311
36.8311
36.8298
36.8298
36.8298
36.8285
36.8285
36.8285
36.8274
36.8274
36.8274
36.8266
36.8266
36.8266
36.8262
36.8262
36.8262
36.8262
36.8262
36.8262
36.8267
36.8267
36.8267
36.8276
36.8276
36.8276
36.8287
36.8287
36.8287
36.9068
36.9068
36.9068
36.8264
36.8264
36.8264
36.8269
36.8269
36.8269
36.8279
36.8279
36.8279
36.8292
36.8292
36.8292
36.8305
36.8305
36.8305
36.8318
36.8318
36.8318
36.833
36.833
36.833
36.8339
36.8339
36.8339
36.8345
36.8345
36.8345
36.8348
36.8348
36.8348
36.8347
36.8347
36.8347
36.8343
36.8343
36.8343
36.8335
36.8335
36.8335
36.8324
36.8324
36.8324
36.8311
36.8311
36.8311
36.8298
36.8298
36.8298
36.8285
36.8285
36.8285
36.8274
36.8274
36.8274
36.8266
36.8266
36.8266
36.8262
36.8262
36.8262
36.8262
36.8262
36.8262
36.8267
36.8267
36.8267
36.8276
36.8276
36.8276
36.8287
36.8287
36.8287
36.9068
36.9068
36.9068
)
;
    }
    baffle_slave
    {
        type            calculated;
        value           nonuniform List<scalar> 
150
(
58.5552
58.6719
58.6719
58.4916
58.6106
58.6106
58.4885
58.6088
58.6088
58.4843
58.6058
58.6058
58.4791
58.6018
58.6018
58.4728
58.5965
58.5966
58.4651
58.5899
58.5899
58.4559
58.5816
58.5816
58.4448
58.5714
58.5714
58.4318
58.5592
58.5592
58.4168
58.545
58.545
58.4004
58.5291
58.5291
58.3833
58.5121
58.5121
58.3665
58.4948
58.4948
58.3508
58.4778
58.4778
58.3362
58.4607
58.4607
58.3215
58.4422
58.4422
58.3047
58.4203
58.4203
58.2852
58.3943
58.3943
58.2696
58.3709
58.3709
58.2804
58.3721
58.3721
58.3847
58.4641
58.4641
58.7416
58.8047
58.8047
59.6288
59.6701
59.6702
60.2566
60.2705
60.2705
58.6719
58.5552
58.6719
58.6106
58.4916
58.6106
58.6088
58.4885
58.6088
58.6058
58.4843
58.6058
58.6018
58.4791
58.6018
58.5965
58.4728
58.5966
58.5899
58.4651
58.5899
58.5816
58.4559
58.5816
58.5714
58.4448
58.5714
58.5592
58.4318
58.5592
58.545
58.4168
58.545
58.5291
58.4004
58.5291
58.5121
58.3833
58.5121
58.4948
58.3665
58.4948
58.4778
58.3508
58.4778
58.4607
58.3362
58.4607
58.4422
58.3215
58.4422
58.4203
58.3047
58.4203
58.3943
58.2852
58.3943
58.3709
58.2696
58.3708
58.3721
58.2804
58.3721
58.4641
58.3847
58.4641
58.8047
58.7416
58.8047
59.6701
59.6288
59.6701
60.2705
60.2566
60.2705
)
;
    }
}


// ************************************************************************* //
