/*--------------------------------*- C++ -*----------------------------------*\
| =========                 |                                                 |
| \\      /  F ield         | OpenFOAM: The Open Source CFD Toolbox           |
|  \\    /   O peration     | Version:  2212                                  |
|   \\  /    A nd           | Website:  www.openfoam.com                      |
|    \\/     M anipulation  |                                                 |
\*---------------------------------------------------------------------------*/
FoamFile
{
    version     2.0;
    format      ascii;
    arch        "LSB;label=32;scalar=64";
    class       surfaceScalarField;
    location    "41/fluidRegion";
    object      alphaPhi;
}
// * * * * * * * * * * * * * * * * * * * * * * * * * * * * * * * * * * * * * //

dimensions      [0 3 -1 0 0 0 0];

oriented        oriented;

internalField   nonuniform List<scalar> 
661
(
-0.000538905
-2.61195e-11
-0.00053887
-2.95253e-11
-0.00053884
-1.93635e-11
-0.000538812
-6.36015e-12
-0.000538785
5.69889e-12
-0.000538756
1.38605e-11
-0.000538725
1.82301e-11
-0.000538691
2.05009e-11
-0.000538653
2.19912e-11
-0.00053861
2.30786e-11
-0.000538563
2.33966e-11
-0.000538511
2.21934e-11
-0.000538454
1.87381e-11
-0.000538393
1.2694e-11
-0.000538331
4.37529e-12
-0.000538269
-5.18757e-12
-0.000538208
-1.45047e-11
-0.000538151
-2.2109e-11
-0.000538099
-2.7057e-11
-0.000538053
-2.91649e-11
-0.000538012
-2.88616e-11
-0.000537976
-2.70924e-11
-0.000537945
-2.29522e-11
-0.000537917
-8.50427e-13
4.6959e-11
-0.000538905
-0.00053887
-0.00053884
-0.000538812
-0.000538785
-0.000538756
-0.000538725
-0.000538691
-0.000538653
-0.00053861
-0.000538563
-0.000538511
-0.000538454
-0.000538393
-0.000538331
-0.000538269
-0.000538208
-0.000538151
-0.000538099
-0.000538053
-0.000538012
-0.000537976
-0.000537945
-0.000537917
-0.0201404
1.40345e-06
-0.0197192
6.75998e-07
-0.0191813
7.34513e-07
-0.0185357
6.60913e-07
-0.017792
5.98209e-07
-0.01696
5.39998e-07
-0.0160501
4.86001e-07
-0.0150727
4.33506e-07
-0.0140386
3.76792e-07
-0.0129589
3.06404e-07
-0.0118455
2.10651e-07
-0.0107114
7.80193e-08
-0.00957065
-9.46169e-08
-0.00843908
-2.93291e-07
-0.00733354
-4.95535e-07
-0.00627116
-6.67527e-07
-0.00526812
-7.82956e-07
-0.00433853
-8.34971e-07
-0.00349398
-8.37332e-07
-0.00274419
-8.14138e-07
-0.00209792
-7.87125e-07
-0.00156452
-7.61271e-07
-0.00115467
-7.25694e-07
-0.000879324
-6.29482e-07
-5.98578e-07
-0.0202695
-4.13222e-08
-3.91743e-08
-0.0198474
-1.77265e-07
-1.79736e-07
-0.0193074
-1.67939e-07
-1.69332e-07
-0.0186588
-1.45462e-07
-1.46312e-07
-0.0179113
-1.26049e-07
-1.2646e-07
-0.0170749
-1.08084e-07
-1.08351e-07
-0.0161598
-9.15407e-08
-9.17765e-08
-0.0151765
-7.58036e-08
-7.60526e-08
-0.0141359
-5.92859e-08
-5.96252e-08
-0.0130492
-3.93717e-08
-3.99148e-08
-0.0119282
-1.23509e-08
-1.31673e-08
-0.010786
2.5061e-08
2.39895e-08
-0.0096368
7.34531e-08
7.18913e-08
-0.0084965
1.33711e-07
1.31583e-07
-0.00738215
1.95832e-07
1.92993e-07
-0.00631116
2.50016e-07
2.46351e-07
-0.00529996
2.87409e-07
2.82744e-07
-0.00436289
3.05054e-07
2.99258e-07
-0.00351171
3.06908e-07
2.99709e-07
-0.00275625
3.00321e-07
2.91612e-07
-0.00210532
2.9215e-07
2.81417e-07
-0.00156836
2.8217e-07
2.69679e-07
-0.00115611
2.64047e-07
2.48953e-07
-0.000879518
2.10059e-07
1.95213e-07
1.60583e-07
1.49982e-07
-0.0201193
6.94596e-07
-0.0196984
6.62618e-07
-0.0191609
6.37881e-07
-0.0185158
5.67636e-07
-0.0177728
5.04739e-07
-0.0169416
4.46858e-07
-0.0160326
3.93062e-07
-0.0150562
3.40323e-07
-0.0140231
2.82101e-07
-0.0129446
2.0825e-07
-0.0118325
1.06085e-07
-0.0106996
-3.4627e-08
-0.00956023
-2.16551e-07
-0.00843005
-4.25953e-07
-0.00732589
-6.36157e-07
-0.00626485
-8.1148e-07
-0.00526307
-9.25161e-07
-0.00433463
-9.71619e-07
-0.00349109
-9.66905e-07
-0.00274217
-9.36735e-07
-0.00209659
-9.02448e-07
-0.00156372
-8.67333e-07
-0.00115423
-8.0847e-07
-0.000879107
-6.70982e-07
-5.47307e-07
-0.0202408
3.59311e-09
-0.0198188
2.96916e-10
-0.0192792
6.00375e-10
-0.0186312
5.77338e-10
-0.0178845
6.54653e-10
-0.017049
6.85384e-10
-0.0161351
6.16183e-10
-0.0151531
5.82633e-10
-0.0141139
4.84883e-10
-0.0130287
3.12165e-10
-0.0119095
1.73422e-10
-0.010769
2.97149e-11
-0.00962175
-1.52825e-10
-0.00848341
-3.68008e-10
-0.00737106
-6.5557e-10
-0.00630203
-9.97179e-10
-0.00529268
-1.32627e-09
-0.00435733
-1.59742e-09
-0.00350766
-1.93611e-09
-0.0027535
-2.27652e-09
-0.00210364
-2.62946e-09
-0.0015675
-3.09006e-09
-0.00115581
-3.72013e-09
-0.0008795
-3.46456e-09
-3.05595e-09
-0.0202408
-6.86945e-07
-0.0198188
-6.62079e-07
-0.0192792
-6.3644e-07
-0.0186312
-5.6619e-07
-0.0178845
-5.03132e-07
-0.0170491
-4.45191e-07
-0.0161351
-3.91459e-07
-0.0151531
-3.38748e-07
-0.0141139
-2.80668e-07
-0.0130287
-2.0706e-07
-0.0119095
-1.05115e-07
-0.0107691
3.54691e-08
-0.00962176
2.17084e-07
-0.00848342
4.26157e-07
-0.00737107
6.35901e-07
-0.00630204
8.10676e-07
-0.00529269
9.23803e-07
-0.00435733
9.69721e-07
-0.00350766
9.64244e-07
-0.0027535
9.33148e-07
-0.00210364
8.97661e-07
-0.0015675
8.60977e-07
-0.00115581
7.99918e-07
-0.000879501
6.62381e-07
5.38909e-07
-0.0201193
3.72634e-08
-0.0196984
1.77857e-07
-0.0191609
1.68401e-07
-0.0185159
1.46145e-07
-0.0177728
1.26985e-07
-0.0169416
1.09119e-07
-0.0160326
9.27266e-08
-0.0150562
7.71016e-08
-0.0140231
6.07338e-08
-0.0129446
4.0892e-08
-0.0118325
1.40257e-08
-0.0106996
-2.33124e-08
-0.00956024
-7.15049e-08
-0.00843006
-1.31607e-07
-0.0073259
-1.9358e-07
-0.00626486
-2.47628e-07
-0.00526308
-2.84806e-07
-0.00433464
-3.02174e-07
-0.0034911
-3.03726e-07
-0.00274217
-2.96881e-07
-0.00209659
-2.88319e-07
-0.00156372
-2.78377e-07
-0.00115423
-2.60733e-07
-0.000879105
-2.07334e-07
-1.57649e-07
-0.0202695
-1.40368e-06
-4.32894e-08
-0.0198474
-6.76124e-07
-1.79388e-07
-0.0193074
-7.34168e-07
-1.69565e-07
-0.0186588
-6.60297e-07
-1.46591e-07
-0.0179113
-5.97288e-07
-1.26873e-07
-0.0170749
-5.39029e-07
-1.08789e-07
-0.0161598
-4.84937e-07
-9.21724e-08
-0.0151765
-4.32437e-07
-7.64046e-08
-0.0141359
-3.75699e-07
-5.98623e-08
-0.0130492
-3.05415e-07
-3.99418e-08
-0.0119282
-2.09671e-07
-1.2971e-08
-0.010786
-7.71388e-08
2.4247e-08
-0.0096368
9.53112e-08
7.2565e-08
-0.0084965
2.93746e-07
1.32688e-07
-0.00738215
4.95575e-07
1.9474e-07
-0.00631116
6.66944e-07
2.48987e-07
-0.00529996
7.81526e-07
2.86601e-07
-0.00436289
8.3229e-07
3.04793e-07
-0.00351171
8.32649e-07
3.07839e-07
-0.00275625
8.06351e-07
3.03429e-07
-0.00210532
7.74682e-07
2.98513e-07
-0.00156836
7.42436e-07
2.93095e-07
-0.00115611
6.98233e-07
2.79824e-07
-0.000879518
5.97887e-07
2.28379e-07
5.66552e-07
1.81522e-07
-0.0201404
-0.0197192
-0.0191813
-0.0185357
-0.017792
-0.01696
-0.0160501
-0.0150727
-0.0140386
-0.0129589
-0.0118455
-0.0107114
-0.00957065
-0.00843908
-0.00733354
-0.00627116
-0.00526812
-0.00433853
-0.00349398
-0.00274419
-0.00209792
-0.00156452
-0.00115467
-0.000879325
-0.0202408
-6.92615e-07
2.58064e-09
-0.0198188
-6.60204e-07
-1.07996e-09
-0.0192792
-6.35426e-07
-8.2239e-10
-0.0186312
-5.65233e-07
-8.84279e-10
-0.0178845
-5.02268e-07
-9.8751e-10
-0.017049
-4.44396e-07
-1.09019e-09
-0.0161351
-3.90623e-07
-1.15443e-09
-0.0151531
-3.37904e-07
-1.27362e-09
-0.0141139
-2.7971e-07
-1.37592e-09
-0.0130287
-2.0596e-07
-1.46396e-09
-0.0119095
-1.03821e-07
-1.67451e-09
-0.010769
3.6876e-08
-1.67025e-09
-0.00962175
2.18887e-07
-2.03376e-09
-0.00848341
4.28376e-07
-2.38333e-09
-0.00737106
6.38732e-07
-2.8491e-09
-0.00630203
8.14354e-07
-3.50922e-09
-0.00529268
9.28784e-07
-4.57971e-09
-0.00435733
9.7664e-07
-6.24164e-09
-0.00350766
9.74349e-07
-8.74863e-09
-0.0027535
9.47961e-07
-1.23566e-08
-0.00210364
9.19852e-07
-1.77118e-08
-0.0015675
8.92237e-07
-2.37631e-08
-0.00115581
8.42398e-07
-3.04694e-08
-0.0008795
7.10422e-07
-3.263e-08
5.86547e-07
-3.14398e-08
-0.0201193
-0.0196984
-0.0191609
-0.0185158
-0.0177728
-0.0169416
-0.0160326
-0.0150562
-0.0140231
-0.0129446
-0.0118325
-0.0106996
-0.00956023
-0.00843005
-0.00732589
-0.00626485
-0.00526307
-0.00433463
-0.00349109
-0.00274217
-0.00209659
-0.00156372
-0.00115423
-0.000879107
-0.0201193
6.86753e-07
-0.0196984
6.62106e-07
-0.0191609
6.37224e-07
-0.0185159
5.675e-07
-0.0177728
5.05031e-07
-0.0169416
4.47274e-07
-0.0160326
3.93722e-07
-0.0150562
3.41087e-07
-0.0140231
2.83088e-07
-0.0129446
2.09344e-07
-0.0118325
1.07362e-07
-0.0106996
-3.34445e-08
-0.00956024
-2.15078e-07
-0.00843006
-4.24352e-07
-0.0073259
-6.34367e-07
-0.00626486
-8.09504e-07
-0.00526308
-9.22953e-07
-0.00433464
-9.69262e-07
-0.0034911
-9.64539e-07
-0.00274217
-9.34891e-07
-0.00209659
-9.02021e-07
-0.00156372
-8.69845e-07
-0.00115423
-8.15721e-07
-0.000879105
-6.83034e-07
-5.60479e-07
-0.0202408
-0.0198188
-0.0192792
-0.0186312
-0.0178845
-0.0170491
-0.0161351
-0.0151531
-0.0141139
-0.0130287
-0.0119095
-0.0107691
-0.00962176
-0.00848342
-0.00737107
-0.00630204
-0.00529269
-0.00435733
-0.00350766
-0.0027535
-0.00210364
-0.0015675
-0.00115581
-0.000879502
)
;

boundaryField
{
    outletCentralUnloaded
    {
        type            calculated;
        value           nonuniform List<scalar> 2(0.000538946 0.000538946);
    }
    inletCentralUnloaded
    {
        type            calculated;
        value           uniform -0.000540134;
    }
    outletFuelElement
    {
        type            calculated;
        value           nonuniform List<scalar> 
12
(
0.0204761
0.0206083
0.0204555
0.0205787
0.0205788
0.0204555
0.0206083
0.0204761
0.0205787
0.0204555
0.0204555
0.0205788
)
;
    }
    inletFuelElement
    {
        type            calculated;
        value           nonuniform List<scalar> 
12
(
-0.000722059
-0.00072206
-0.000722059
-0.000722059
-0.00072206
-0.000722059
-0.00072206
-0.000722059
-0.000722059
-0.000722059
-0.000722059
-0.00072206
)
;
    }
    defaultFaces
    {
        type            calculated;
        value           nonuniform List<scalar> 
450
(
5.7742e-24
-2.81334e-23
0
2.81493e-23
-2.1458e-23
0
2.56263e-23
-2.1613e-24
0
-4.66247e-23
-1.62908e-23
0
-1.39762e-23
-3.71056e-23
0
-2.65852e-23
-8.64857e-24
0
-2.22326e-23
-7.94297e-24
0
-3.27025e-23
-1.28811e-23
0
-2.16482e-23
1.53565e-24
0
-2.75266e-23
-8.07902e-24
0
-1.47489e-23
-3.00799e-24
0
-6.03071e-24
-6.62062e-25
0
6.31127e-24
2.22144e-24
0
1.92968e-23
5.94541e-24
0
3.77393e-23
8.77121e-24
0
4.4522e-23
1.55359e-23
0
2.44996e-23
-8.71254e-24
0
5.51052e-23
3.34198e-23
0
5.29224e-23
-4.19008e-23
0
-1.48264e-23
-8.68424e-24
0
-3.06902e-23
-2.51484e-23
0
4.30188e-23
-2.6787e-23
0
-3.16636e-23
1.30495e-23
0
-2.29236e-23
-1.49935e-23
0
-1.63539e-23
-1.97023e-23
0
3.00851e-23
0
1.60454e-23
0
0
0
1.60454e-23
0
-1.2034e-23
0
1.60454e-23
0
1.2034e-23
0
1.2034e-23
0
0
0
6.01702e-24
0
1.50426e-24
0
-1.00284e-24
0
-4.01135e-24
0
-1.2034e-23
0
-1.60454e-23
0
-2.40681e-23
0
4.81362e-23
0
-3.20908e-23
0
1.60454e-23
0
-3.20908e-23
0
-3.20908e-23
0
4.01135e-23
0
8.0227e-24
0
-1.60454e-23
0
-2.40681e-23
0
0
-8.0227e-24
-8.0227e-24
-8.0227e-24
8.0227e-24
0
-8.0227e-24
0
8.0227e-24
-4.01135e-24
-2.00567e-24
1.00284e-24
0
8.0227e-24
0
1.60454e-23
-3.20908e-23
1.60454e-23
-3.20908e-23
-1.60454e-23
-1.60454e-23
-3.20908e-23
-1.60454e-23
0
8.0227e-24
0
0
0
0
0
0
0
0
0
0
0
0
0
0
0
0
0
0
0
0
0
0
0
0
0
-2.00567e-23
2.40681e-23
8.0227e-24
2.40681e-23
2.40681e-23
4.81362e-23
-2.40681e-23
-8.0227e-24
1.60454e-23
-1.2034e-23
-8.0227e-24
-1.2034e-23
-8.0227e-24
-1.2034e-23
-8.0227e-24
-8.0227e-24
1.80511e-23
-8.0227e-24
-8.0227e-24
-6.01702e-24
-3.50993e-24
-1.00284e-24
1.00284e-24
1.62961e-24
8.0227e-24
6.01702e-24
1.60454e-23
1.2034e-23
1.60454e-23
1.60454e-23
3.20908e-23
2.40681e-23
-2.40681e-23
4.81362e-23
1.60454e-23
1.60454e-23
-6.41816e-23
4.01135e-23
-4.81362e-23
-3.20908e-23
-8.0227e-24
-3.20908e-23
-3.20908e-23
4.81362e-23
-8.0227e-24
-2.40681e-23
8.0227e-24
-2.00567e-23
-2.40681e-23
-1.60454e-23
4.79013e-24
0
0
3.88417e-24
0
0
4.06249e-23
0
-6.41816e-23
-6.03648e-23
0
8.0227e-24
2.32234e-23
0
0
-3.93911e-23
0
8.0227e-24
-4.15324e-23
0
8.0227e-24
-3.98646e-23
0
8.0227e-24
-1.62672e-23
0
-1.60454e-23
-2.79334e-23
0
1.2034e-23
-1.83348e-23
0
4.01135e-24
-7.20324e-24
0
1.00284e-24
8.38251e-24
-0
-2.00567e-24
2.59005e-23
-0
-4.01135e-24
4.73592e-23
-0
-8.0227e-24
6.72152e-23
-0
-1.60454e-23
2.47472e-23
-0
-1.60454e-23
6.57024e-23
-0
-1.60454e-23
3.42301e-23
-0
-3.20908e-23
-2.47692e-23
-0
1.60454e-23
-1.00704e-23
-0
1.60454e-23
3.80338e-23
-0
1.60454e-23
-2.3607e-23
-0
1.60454e-23
-8.85958e-26
-0
8.0227e-24
-2.10223e-23
-0
1.60454e-23
0
0
8.0227e-24
-1.60454e-23
1.60454e-23
-8.0227e-24
-8.0227e-24
-8.0227e-24
0
-4.01135e-24
-2.00567e-24
0
1.2034e-23
0
1.60454e-23
0
-3.20908e-23
0
-3.20908e-23
0
-1.60454e-23
-3.20908e-23
-1.60454e-23
3.20908e-23
8.0227e-24
3.00851e-23
0
3.20908e-23
0
8.0227e-24
0
2.40681e-23
0
-8.0227e-24
0
2.00567e-23
0
1.2034e-23
0
2.00567e-23
0
-2.00567e-24
0
6.01702e-24
0
2.50709e-24
0
-2.00567e-24
0
-8.0227e-24
-0
-8.0227e-24
-0
-8.0227e-24
-0
-3.20908e-23
-0
2.40681e-23
-0
-3.20908e-23
-0
3.20908e-23
-0
-4.81362e-23
-0
-4.81362e-23
-0
4.81362e-23
-0
8.0227e-24
-0
-2.40681e-23
-0
-3.20908e-23
-0
-1.80511e-23
8.0227e-24
-2.40681e-23
2.40681e-23
-1.60454e-23
1.60454e-23
-1.60454e-23
-4.01135e-23
4.01135e-24
1.60454e-23
-1.2034e-23
-3.20908e-23
-8.0227e-24
-2.80794e-23
-1.2034e-23
-1.60454e-23
0
-1.2034e-23
-6.01702e-24
-1.40397e-23
-3.00851e-24
-6.01702e-24
0
4.38741e-24
4.01135e-24
2.00567e-23
1.2034e-23
3.61021e-23
1.60454e-23
5.21475e-23
2.40681e-23
6.41816e-23
1.60454e-23
4.01135e-23
3.20908e-23
8.0227e-23
0
5.61589e-23
0
-3.20908e-23
-8.0227e-24
-3.20908e-23
8.0227e-24
4.01135e-23
1.60454e-23
-3.20908e-23
0
-2.40681e-23
0
-2.40681e-23
-0
-0
-0
-0
-0
-0
-0
-0
-0
-0
-0
0
0
0
0
0
0
0
0
0
0
0
0
0
0
)
;
    }
    baffle_master
    {
        type            calculated;
        value           nonuniform List<scalar> 
150
(
1.14454e-28
0
0
2.91842e-28
0
0
2.55895e-28
0
0
9.58768e-29
0
-9.15735e-29
3.78938e-28
0
2.7472e-28
-4.97928e-30
0
0
-2.51481e-28
0
3.66294e-28
-8.56923e-29
0
0
-1.61728e-28
0
0
-1.45114e-28
0
-3.66294e-28
-1.10071e-28
0
3.66294e-28
1.10138e-28
0
0
-6.70662e-29
0
0
-1.12242e-28
0
0
4.96021e-29
0
-9.15735e-29
4.89719e-29
0
0
1.53115e-27
0
9.15735e-28
2.32209e-28
0
-3.66294e-28
1.84883e-27
0
1.09888e-27
-4.72763e-29
0
1.09888e-27
2.29634e-28
0
3.66294e-28
-1.53065e-27
0
-1.09888e-27
1.67743e-28
0
0
-3.24017e-30
0
1.14467e-29
4.17474e-28
0
-7.32588e-28
7.32588e-28
-5.45243e-28
0
0
-1.30264e-27
0
0
-2.43255e-28
0
0
-2.20487e-28
0
-1.83147e-28
-2.29814e-28
-0
-1.83147e-28
3.01034e-28
-0
-3.66294e-28
3.07668e-28
-0
0
8.44164e-28
-0
7.32588e-28
8.55201e-28
-0
-7.32588e-28
8.50626e-28
-0
-7.32588e-28
1.0157e-27
-0
-7.32588e-28
6.93833e-28
-0
-3.66294e-28
4.20459e-28
-0
-1.83147e-28
5.97943e-28
-0
-9.15735e-29
1.12647e-28
-0
1.83147e-28
-1.89493e-28
0
-5.49441e-28
-4.15779e-28
0
0
-5.78312e-28
0
-7.32588e-28
-2.83324e-29
0
0
3.94702e-28
0
0
7.0741e-28
0
-1.09888e-27
1.57167e-27
0
-7.32588e-28
-7.76625e-28
0
0
2.57943e-29
0
-7.32588e-28
-4.95466e-28
-0
)
;
    }
    baffle_slave
    {
        type            calculated;
        value           nonuniform List<scalar> 
150
(
2.44442e-23
-0
0
-1.75497e-24
-0
0
7.4586e-24
-0
0
4.38741e-24
-0
8.0227e-24
-2.94113e-23
-0
-2.40681e-23
-6.70647e-24
-0
-8.0227e-24
2.88316e-24
-0
0
-1.62178e-24
-0
0
9.87168e-25
-0
-4.01135e-24
-2.3504e-25
-0
0
-1.84898e-24
-0
0
-1.25355e-24
0
5.01419e-25
1.88032e-25
0
-4.01135e-24
-2.63245e-24
0
-8.0227e-24
7.52128e-25
0
0
-3.00851e-24
0
1.60454e-23
-5.11447e-23
0
-6.41816e-23
0
0
1.60454e-23
-3.23415e-23
0
-3.20908e-23
2.25638e-24
0
0
-1.50426e-24
0
0
2.50709e-23
0
1.60454e-23
3.50993e-24
0
1.60454e-23
6.01702e-24
0
-8.0227e-24
-2.00567e-24
0
-8.0227e-24
1.14387e-23
4.98912e-23
0
-6.3043e-24
1.53559e-23
0
7.70565e-24
1.63588e-23
0
-1.9907e-23
1.33503e-23
0
1.11973e-23
-2.82557e-23
0
-3.07198e-24
1.30212e-23
0
-2.89709e-24
1.53873e-23
0
-5.85732e-24
1.21281e-23
0
1.34232e-23
1.26295e-23
0
-8.17938e-24
1.194e-23
0
-1.57328e-24
5.42159e-24
0
1.30207e-25
2.66379e-24
0
4.76483e-24
-6.26773e-25
0
1.35567e-23
-7.89734e-24
0
2.01637e-23
-1.42904e-23
0
1.12572e-23
-1.22848e-23
0
-3.39587e-23
-2.03701e-23
0
2.40338e-23
-1.35383e-23
0
-1.30493e-23
4.1367e-24
0
1.64436e-24
8.0227e-24
0
-9.15767e-24
1.2034e-23
0
-1.24684e-23
3.1088e-23
0
-1.31499e-23
-1.2034e-23
0
8.04138e-24
1.60454e-23
0
-2.71658e-24
1.00284e-23
0
)
;
    }
}


// ************************************************************************* //
