/*--------------------------------*- C++ -*----------------------------------*\
| =========                 |                                                 |
| \\      /  F ield         | OpenFOAM: The Open Source CFD Toolbox           |
|  \\    /   O peration     | Version:  2212                                  |
|   \\  /    A nd           | Website:  www.openfoam.com                      |
|    \\/     M anipulation  |                                                 |
\*---------------------------------------------------------------------------*/
FoamFile
{
    version     2.0;
    format      ascii;
    arch        "LSB;label=32;scalar=64";
    class       volScalarField;
    location    "41/fluidRegion";
    object      htc;
}
// * * * * * * * * * * * * * * * * * * * * * * * * * * * * * * * * * * * * * //

dimensions      [1 0 -3 -1 0 0 0];

internalField   nonuniform List<scalar> 
350
(
3101.07
3101.12
3101.19
3101.28
3101.38
3101.47
3101.56
3101.63
3101.68
3101.72
3101.74
3101.73
3101.7
3101.65
3101.59
3101.52
3101.46
3101.41
3101.38
3101.38
3101.39
3101.44
3101.51
3101.59
3106.85
3101.07
3101.12
3101.19
3101.28
3101.38
3101.47
3101.56
3101.63
3101.68
3101.72
3101.74
3101.73
3101.7
3101.65
3101.59
3101.52
3101.46
3101.41
3101.38
3101.38
3101.39
3101.44
3101.51
3101.59
3106.85
27170.3
27091.3
26907.6
26598.9
26166.5
25612.6
24940.2
24153.1
23256.6
22257.7
21166.1
19994.2
18757.2
17471.7
16154.3
14818.7
13475.2
12131.8
10798
9489.69
8235.16
7080.88
6097.82
5379.21
4940.43
27258.7
27179.4
26996.4
26687.7
26254.8
25700
25025.9
24236.5
23336.7
22333.5
21236.2
20057.4
18812.3
17518.2
16192.2
14849
13499
12150.4
10811.9
9499.2
8240.1
7081.36
6094.79
5374.98
4938.47
27156.3
27076.9
26893.2
26584.5
26152.2
25598.6
24926.4
24139.8
23243.8
22245.7
21155
19984.2
18748.4
17464.3
16148.1
14813.7
13471.1
12128.5
10795.3
9487.69
8233.76
7080.05
6097.41
5378.94
4940.28
27239.1
27159.9
26976.7
26667.9
26235.1
25680.4
25006.8
24217.8
23318.7
22316.4
21220.4
20043.1
18799.8
17507.7
16183.6
14842.1
13493.7
12146.2
10808.8
9497.12
8239.06
7081.35
6095.6
5376.07
4938.99
27239.1
27159.9
26976.7
26667.9
26235.1
25680.4
25006.8
24217.8
23318.7
22316.4
21220.4
20043.1
18799.8
17507.7
16183.6
14842.1
13493.7
12146.2
10808.8
9497.12
8239.06
7081.35
6095.6
5376.08
4938.99
27156.3
27077
26893.2
26584.5
26152.2
25598.6
24926.5
24139.8
23243.8
22245.7
21155
19984.2
18748.4
17464.3
16148.1
14813.7
13471.1
12128.5
10795.3
9487.68
8233.75
7080.04
6097.4
5378.93
4940.28
27258.7
27179.4
26996.4
26687.7
26254.8
25700
25025.9
24236.5
23336.7
22333.5
21236.2
20057.4
18812.3
17518.2
16192.2
14849
13499
12150.4
10811.9
9499.2
8240.1
7081.36
6094.79
5374.98
4938.47
27170.3
27091.3
26907.6
26598.9
26166.5
25612.6
24940.2
24153.1
23256.6
22257.7
21166.1
19994.2
18757.2
17471.7
16154.3
14818.7
13475.2
12131.8
10798
9489.7
8235.16
7080.88
6097.83
5379.21
4940.43
27239.1
27159.9
26976.7
26667.9
26235.1
25680.4
25006.8
24217.8
23318.7
22316.4
21220.4
20043.1
18799.8
17507.7
16183.6
14842.1
13493.7
12146.2
10808.8
9497.12
8239.06
7081.35
6095.59
5376.07
4938.99
27156.3
27076.9
26893.2
26584.5
26152.2
25598.6
24926.4
24139.8
23243.8
22245.7
21155
19984.2
18748.4
17464.3
16148.1
14813.7
13471.1
12128.5
10795.3
9487.68
8233.76
7080.04
6097.41
5378.94
4940.29
27156.3
27077
26893.2
26584.5
26152.2
25598.6
24926.5
24139.8
23243.8
22245.7
21155
19984.2
18748.4
17464.3
16148.1
14813.7
13471.1
12128.5
10795.3
9487.68
8233.75
7080.04
6097.4
5378.93
4940.28
27239.1
27159.9
26976.7
26667.9
26235.1
25680.4
25006.8
24217.8
23318.7
22316.4
21220.4
20043.1
18799.8
17507.7
16183.6
14842.1
13493.7
12146.2
10808.8
9497.12
8239.06
7081.35
6095.6
5376.08
4938.99
)
;

boundaryField
{
    outletCentralUnloaded
    {
        type            zeroGradient;
    }
    inletCentralUnloaded
    {
        type            zeroGradient;
    }
    outletFuelElement
    {
        type            zeroGradient;
    }
    inletFuelElement
    {
        type            zeroGradient;
    }
    defaultFaces
    {
        type            zeroGradient;
    }
    baffle_master
    {
        type            zeroGradient;
    }
    baffle_slave
    {
        type            zeroGradient;
    }
}


// ************************************************************************* //
