/*--------------------------------*- C++ -*----------------------------------*\
| =========                 |                                                 |
| \\      /  F ield         | OpenFOAM: The Open Source CFD Toolbox           |
|  \\    /   O peration     | Version:  2212                                  |
|   \\  /    A nd           | Website:  www.openfoam.com                      |
|    \\/     M anipulation  |                                                 |
\*---------------------------------------------------------------------------*/
FoamFile
{
    version     2.0;
    format      ascii;
    arch        "LSB;label=32;scalar=64";
    class       volScalarField;
    location    "41/fluidRegion";
    object      k;
}
// * * * * * * * * * * * * * * * * * * * * * * * * * * * * * * * * * * * * * //

dimensions      [0 2 -2 0 0 0 0];

internalField   nonuniform List<scalar> 
350
(
0.421076
0.421009
0.420943
0.420877
0.42081
0.420743
0.420675
0.420607
0.420539
0.420471
0.420403
0.420337
0.420274
0.420216
0.420167
0.420132
0.420117
0.420135
0.420201
0.42034
0.42059
0.421006
0.421678
0.422738
0.424391
0.421076
0.421009
0.420943
0.420877
0.42081
0.420743
0.420675
0.420607
0.420539
0.420471
0.420403
0.420337
0.420274
0.420216
0.420167
0.420132
0.420117
0.420135
0.420201
0.42034
0.42059
0.421006
0.421678
0.422738
0.424391
403.542
381.281
355.919
327.951
298.157
267.312
236.164
205.412
175.693
147.57
121.52
97.9251
77.0589
59.0786
44.0174
31.7842
22.1759
14.9014
9.61389
5.94624
3.54044
2.06879
1.24901
0.853287
0.713535
409.203
386.683
361.023
332.705
302.524
271.266
239.688
208.501
178.351
149.811
123.368
99.4086
78.2152
59.9499
44.6492
32.223
22.466
15.0824
9.71941
6.00269
3.56745
2.07991
1.25276
0.85431
0.713921
402.605
380.384
355.076
327.168
297.441
266.667
235.591
204.911
175.263
147.209
121.224
97.6879
76.8745
58.94
43.9169
31.7144
22.1297
14.8724
9.5968
5.93688
3.53575
2.06666
1.24814
0.852949
0.713405
407.96
385.494
359.897
331.654
301.556
270.387
238.903
207.811
177.756
149.309
122.952
99.0743
77.954
59.7527
44.5059
32.1232
22.4
15.0412
9.69536
5.98983
3.56131
2.0774
1.25192
0.854096
0.713845
407.96
385.494
359.897
331.654
301.556
270.387
238.903
207.811
177.756
149.309
122.952
99.0743
77.954
59.7527
44.5059
32.1232
22.4
15.0412
9.69536
5.98983
3.56131
2.0774
1.25193
0.854097
0.713846
402.605
380.385
355.077
327.169
297.441
266.667
235.591
204.911
175.263
147.209
121.224
97.688
76.8746
58.9401
43.917
31.7144
22.1297
14.8724
9.5968
5.93688
3.53574
2.06666
1.24813
0.852946
0.713403
409.203
386.683
361.023
332.705
302.524
271.266
239.688
208.501
178.351
149.811
123.368
99.4086
78.2152
59.9499
44.6492
32.223
22.466
15.0824
9.71941
6.00269
3.56745
2.07992
1.25276
0.854311
0.713922
403.542
381.281
355.919
327.951
298.157
267.312
236.164
205.412
175.693
147.57
121.52
97.9251
77.0589
59.0787
44.0174
31.7842
22.1759
14.9014
9.61389
5.94623
3.54043
2.06878
1.249
0.853283
0.713531
407.96
385.494
359.897
331.654
301.556
270.387
238.903
207.811
177.756
149.309
122.952
99.0743
77.954
59.7527
44.5059
32.1232
22.4
15.0412
9.69536
5.98982
3.56131
2.0774
1.25192
0.854094
0.713844
402.605
380.384
355.076
327.168
297.441
266.667
235.591
204.911
175.263
147.209
121.224
97.6879
76.8745
58.94
43.9169
31.7144
22.1297
14.8724
9.5968
5.93689
3.53576
2.06667
1.24815
0.852959
0.713412
402.605
380.385
355.077
327.169
297.441
266.667
235.591
204.911
175.263
147.209
121.224
97.6881
76.8746
58.9401
43.917
31.7144
22.1297
14.8724
9.5968
5.93688
3.53574
2.06666
1.24813
0.852947
0.713405
407.96
385.494
359.897
331.654
301.556
270.387
238.903
207.811
177.756
149.309
122.952
99.0743
77.954
59.7527
44.5059
32.1232
22.4
15.0412
9.69536
5.98982
3.5613
2.07739
1.25192
0.85409
0.71384
)
;

boundaryField
{
    outletCentralUnloaded
    {
        type            zeroGradient;
    }
    inletCentralUnloaded
    {
        type            zeroGradient;
    }
    outletFuelElement
    {
        type            zeroGradient;
    }
    inletFuelElement
    {
        type            zeroGradient;
    }
    defaultFaces
    {
        type            zeroGradient;
    }
    baffle_master
    {
        type            zeroGradient;
    }
    baffle_slave
    {
        type            zeroGradient;
    }
}


// ************************************************************************* //
