/*--------------------------------*- C++ -*----------------------------------*\
| =========                 |                                                 |
| \\      /  F ield         | OpenFOAM: The Open Source CFD Toolbox           |
|  \\    /   O peration     | Version:  2212                                  |
|   \\  /    A nd           | Website:  www.openfoam.com                      |
|    \\/     M anipulation  |                                                 |
\*---------------------------------------------------------------------------*/
FoamFile
{
    version     2.0;
    format      ascii;
    arch        "LSB;label=32;scalar=64";
    class       volScalarField;
    location    "41/fluidRegion";
    object      Re;
}
// * * * * * * * * * * * * * * * * * * * * * * * * * * * * * * * * * * * * * //

dimensions      [0 0 0 0 0 0 0];

internalField   nonuniform List<scalar> 
350
(
174011
174013
174017
174022
174028
174033
174038
174042
174045
174046
174046
174044
174041
174036
174031
174025
174020
174015
174012
174010
174010
174012
174016
174020
174389
174011
174013
174017
174022
174028
174033
174038
174042
174045
174046
174046
174044
174041
174036
174031
174025
174020
174015
174012
174010
174010
174012
174016
174020
174389
55388.3
55336.3
55337.6
55337.9
55336.9
55334.6
55330.7
55325.2
55317.7
55308.1
55296.2
55282.1
55265.7
55247
55225.8
55201.1
55170.9
55133.5
55088
55040.5
55010.5
55057.4
55324.5
56066.4
56546.6
54899
54839.4
54836.5
54832.5
54827.7
54821.7
54814.5
54805.9
54795.5
54783.3
54769.3
54753.9
54737.8
54722.1
54707.4
54693.7
54679.9
54664.1
54645.8
54631.2
54641.4
54739.1
55073.7
55905.6
56494.2
55470.1
55417.7
55419.5
55420.1
55419.4
55417.2
55413.5
55408.1
55400.6
55391
55379
55364.5
55347.4
55327.6
55304.6
55277.3
55243.7
55201.8
55151.1
55097.1
55059.3
55096.4
55351.2
56078.4
56548.5
55008.4
54951
54949.2
54946.4
54942.7
54937.8
54931.5
54923.7
54914.2
54902.8
54889.4
54874.5
54858.6
54842.4
54826.4
54810.4
54793
54772.5
54748.1
54726.2
54727.3
54813.6
55132.9
55944.3
56507.2
55008.4
54951
54949.2
54946.4
54942.7
54937.8
54931.5
54923.7
54914.2
54902.8
54889.4
54874.5
54858.6
54842.4
54826.4
54810.4
54793
54772.5
54748.1
54726.2
54727.3
54813.6
55132.9
55944.3
56507.2
55470.1
55417.7
55419.5
55420.1
55419.3
55417.2
55413.5
55408
55400.6
55391
55379
55364.4
55347.4
55327.6
55304.6
55277.2
55243.6
55201.8
55151
55097
55059.2
55096.3
55351
56078.3
56548.4
54899
54839.4
54836.5
54832.5
54827.7
54821.7
54814.5
54805.9
54795.5
54783.3
54769.3
54753.9
54737.8
54722.1
54707.4
54693.7
54679.9
54664.1
54645.8
54631.2
54641.4
54739.1
55073.7
55905.6
56494.2
55388.3
55336.3
55337.6
55337.9
55336.9
55334.6
55330.7
55325.2
55317.7
55308.1
55296.2
55282.1
55265.7
55247
55225.8
55201.1
55170.9
55133.5
55088
55040.5
55010.5
55057.4
55324.5
56066.4
56546.6
55008.4
54951
54949.2
54946.4
54942.7
54937.8
54931.5
54923.7
54914.2
54902.8
54889.4
54874.5
54858.6
54842.4
54826.4
54810.4
54793
54772.5
54748.1
54726.2
54727.3
54813.6
55132.9
55944.3
56507.2
55470.1
55417.7
55419.5
55420.1
55419.4
55417.2
55413.5
55408.1
55400.6
55391
55379
55364.5
55347.4
55327.6
55304.6
55277.3
55243.7
55201.8
55151.1
55097.1
55059.3
55096.4
55351.2
56078.5
56548.5
55470.1
55417.7
55419.5
55420.1
55419.3
55417.2
55413.5
55408
55400.6
55391
55379
55364.4
55347.4
55327.6
55304.6
55277.2
55243.6
55201.8
55151
55097
55059.2
55096.3
55351
56078.3
56548.4
55008.4
54951
54949.2
54946.4
54942.7
54937.8
54931.5
54923.7
54914.2
54902.8
54889.4
54874.5
54858.6
54842.4
54826.4
54810.4
54793
54772.5
54748.1
54726.2
54727.3
54813.6
55132.9
55944.4
56507.2
)
;

boundaryField
{
    outletCentralUnloaded
    {
        type            zeroGradient;
    }
    inletCentralUnloaded
    {
        type            zeroGradient;
    }
    outletFuelElement
    {
        type            zeroGradient;
    }
    inletFuelElement
    {
        type            zeroGradient;
    }
    defaultFaces
    {
        type            zeroGradient;
    }
    baffle_master
    {
        type            zeroGradient;
    }
    baffle_slave
    {
        type            zeroGradient;
    }
}


// ************************************************************************* //
