/*--------------------------------*- C++ -*----------------------------------*\
| =========                 |                                                 |
| \\      /  F ield         | OpenFOAM: The Open Source CFD Toolbox           |
|  \\    /   O peration     | Version:  2212                                  |
|   \\  /    A nd           | Website:  www.openfoam.com                      |
|    \\/     M anipulation  |                                                 |
\*---------------------------------------------------------------------------*/
FoamFile
{
    version     2.0;
    format      ascii;
    arch        "LSB;label=32;scalar=64";
    class       volScalarField;
    location    "30/neutroRegion";
    object      TCool;
}
// * * * * * * * * * * * * * * * * * * * * * * * * * * * * * * * * * * * * * //

dimensions      [0 0 0 1 0 0 0];

internalField   nonuniform List<scalar> 
350
(
83.2888
83.2892
83.2897
83.2902
83.2907
83.2911
83.2916
83.2921
83.2926
83.2931
83.2935
83.294
83.2945
83.2949
83.2954
83.2959
83.2964
83.2968
83.2973
83.2978
83.2982
83.2987
83.2992
83.2996
83.3
83.2888
83.2892
83.2897
83.2902
83.2907
83.2911
83.2916
83.2921
83.2926
83.2931
83.2935
83.294
83.2945
83.2949
83.2954
83.2959
83.2964
83.2968
83.2973
83.2978
83.2982
83.2987
83.2992
83.2996
83.3
1778.83
1774.47
1757.78
1728.99
1688.43
1636.59
1574.08
1501.63
1420.12
1330.55
1234.06
1131.98
1025.81
917.304
808.387
701.121
597.566
499.64
409.017
327.118
255.184
194.406
145.991
111.05
90.2073
1805.97
1801.87
1785.22
1756.25
1715.31
1662.87
1599.56
1526.12
1443.44
1352.53
1254.53
1150.78
1042.82
932.386
821.466
712.171
606.628
506.823
414.488
331.083
257.871
196.06
146.864
111.402
90.2822
1774.41
1770.03
1753.35
1724.61
1684.13
1632.4
1570.03
1497.76
1416.45
1327.1
1230.87
1129.06
1023.19
914.987
806.389
699.443
596.199
498.564
408.203
326.533
254.79
194.166
145.865
110.998
90.1953
1799.87
1795.69
1779.02
1750.08
1709.21
1656.9
1593.76
1520.54
1438.12
1347.5
1249.84
1146.47
1038.91
928.915
818.451
709.621
604.534
505.162
413.221
330.164
257.248
195.676
146.661
111.32
90.265
1799.87
1795.69
1779.02
1750.08
1709.21
1656.9
1593.76
1520.54
1438.12
1347.5
1249.84
1146.47
1038.91
928.915
818.451
709.621
604.534
505.162
413.221
330.164
257.248
195.676
146.661
111.32
90.265
1774.41
1770.03
1753.36
1724.61
1684.13
1632.4
1570.03
1497.76
1416.45
1327.11
1230.87
1129.06
1023.19
914.989
806.39
699.444
596.2
498.564
408.204
326.534
254.791
194.166
145.865
110.998
90.1953
1805.97
1801.87
1785.22
1756.25
1715.31
1662.87
1599.56
1526.12
1443.44
1352.53
1254.53
1150.78
1042.82
932.386
821.466
712.171
606.628
506.823
414.488
331.083
257.871
196.06
146.864
111.402
90.2822
1778.83
1774.47
1757.78
1728.99
1688.43
1636.59
1574.07
1501.63
1420.12
1330.55
1234.06
1131.98
1025.81
917.304
808.387
701.121
597.566
499.64
409.017
327.118
255.184
194.406
145.991
111.05
90.2073
1799.87
1795.69
1779.02
1750.08
1709.21
1656.9
1593.76
1520.54
1438.12
1347.5
1249.84
1146.47
1038.91
928.915
818.451
709.621
604.534
505.162
413.221
330.164
257.248
195.676
146.661
111.32
90.265
1774.41
1770.03
1753.35
1724.61
1684.13
1632.4
1570.03
1497.76
1416.45
1327.1
1230.87
1129.06
1023.19
914.988
806.389
699.443
596.199
498.564
408.203
326.533
254.79
194.166
145.865
110.998
90.1953
1774.41
1770.03
1753.36
1724.61
1684.13
1632.4
1570.03
1497.76
1416.45
1327.11
1230.87
1129.06
1023.19
914.989
806.39
699.444
596.2
498.564
408.204
326.534
254.791
194.166
145.865
110.998
90.1953
1799.87
1795.69
1779.02
1750.08
1709.21
1656.9
1593.76
1520.54
1438.12
1347.5
1249.84
1146.47
1038.91
928.915
818.451
709.62
604.534
505.162
413.221
330.164
257.248
195.676
146.661
111.32
90.265
)
;

boundaryField
{
    outletCentralUnloaded
    {
        type            zeroGradient;
    }
    inletCentralUnloaded
    {
        type            zeroGradient;
    }
    outletFuelElement
    {
        type            zeroGradient;
    }
    inletFuelElement
    {
        type            zeroGradient;
    }
    defaultFaces
    {
        type            zeroGradient;
    }
}


// ************************************************************************* //
