/*--------------------------------*- C++ -*----------------------------------*\
| =========                 |                                                 |
| \\      /  F ield         | OpenFOAM: The Open Source CFD Toolbox           |
|  \\    /   O peration     | Version:  2212                                  |
|   \\  /    A nd           | Website:  www.openfoam.com                      |
|    \\/     M anipulation  |                                                 |
\*---------------------------------------------------------------------------*/
FoamFile
{
    version     2.0;
    format      ascii;
    arch        "LSB;label=32;scalar=64";
    class       volScalarField;
    location    "63/neutroRegion";
    object      TCool;
}
// * * * * * * * * * * * * * * * * * * * * * * * * * * * * * * * * * * * * * //

dimensions      [0 0 0 1 0 0 0];

internalField   nonuniform List<scalar> 
350
(
83.2889
83.2894
83.2899
83.2904
83.2909
83.2914
83.2918
83.2923
83.2928
83.2933
83.2938
83.2942
83.2947
83.2952
83.2957
83.2962
83.2967
83.2971
83.2975
83.2978
83.2981
83.2985
83.2988
83.2993
83.2999
83.2889
83.2894
83.2899
83.2904
83.2909
83.2914
83.2918
83.2923
83.2928
83.2933
83.2938
83.2942
83.2947
83.2952
83.2957
83.2962
83.2967
83.2971
83.2975
83.2978
83.2981
83.2985
83.2988
83.2993
83.2999
1823.5
1817.33
1798.75
1767.98
1725.37
1671.41
1606.72
1532.06
1448.29
1356.43
1257.63
1153.21
1044.7
933.84
822.594
713.059
607.342
507.406
414.962
331.45
258.117
196.16
146.803
111.212
90.086
1851.75
1845.79
1827.21
1796.22
1753.17
1698.57
1633.04
1557.33
1472.34
1379.08
1278.72
1172.59
1062.22
949.387
836.081
724.457
616.691
514.817
420.607
335.542
260.893
197.869
147.707
111.576
90.1634
1818.91
1812.72
1794.16
1763.45
1720.92
1667.09
1602.55
1528.07
1444.51
1352.89
1254.34
1150.21
1042
931.456
820.538
711.332
605.934
506.297
414.123
330.847
257.712
195.912
146.673
111.158
90.0736
1845.4
1839.38
1820.78
1789.83
1746.87
1692.4
1627.05
1551.57
1466.85
1373.9
1273.89
1168.14
1058.19
945.808
832.972
721.826
614.53
513.103
419.3
334.594
260.249
197.473
147.497
111.491
90.1456
1845.4
1839.38
1820.78
1789.83
1746.87
1692.4
1627.05
1551.57
1466.85
1373.9
1273.89
1168.14
1058.19
945.808
832.972
721.826
614.53
513.103
419.3
334.594
260.249
197.473
147.497
111.491
90.1456
1818.91
1812.72
1794.16
1763.45
1720.93
1667.09
1602.55
1528.07
1444.51
1352.89
1254.35
1150.21
1042
931.457
820.539
711.333
605.935
506.298
414.124
330.848
257.712
195.913
146.673
111.159
90.0736
1851.75
1845.79
1827.21
1796.22
1753.17
1698.57
1633.04
1557.33
1472.34
1379.08
1278.72
1172.59
1062.22
949.387
836.081
724.457
616.691
514.817
420.607
335.542
260.893
197.869
147.707
111.576
90.1634
1823.5
1817.33
1798.75
1767.98
1725.37
1671.41
1606.72
1532.06
1448.29
1356.43
1257.63
1153.21
1044.7
933.84
822.594
713.059
607.342
507.406
414.962
331.45
258.117
196.16
146.803
111.212
90.086
1845.4
1839.38
1820.78
1789.83
1746.87
1692.4
1627.05
1551.57
1466.85
1373.9
1273.89
1168.14
1058.19
945.808
832.972
721.826
614.53
513.103
419.3
334.594
260.249
197.473
147.497
111.491
90.1456
1818.91
1812.72
1794.16
1763.45
1720.92
1667.09
1602.55
1528.07
1444.51
1352.89
1254.34
1150.21
1042
931.456
820.538
711.332
605.934
506.298
414.124
330.847
257.712
195.912
146.673
111.158
90.0736
1818.91
1812.72
1794.16
1763.45
1720.93
1667.09
1602.55
1528.07
1444.51
1352.89
1254.35
1150.21
1042
931.457
820.539
711.333
605.935
506.298
414.124
330.848
257.712
195.913
146.673
111.159
90.0736
1845.4
1839.38
1820.78
1789.83
1746.87
1692.4
1627.05
1551.57
1466.85
1373.9
1273.89
1168.14
1058.19
945.808
832.972
721.826
614.53
513.103
419.3
334.594
260.249
197.472
147.497
111.491
90.1456
)
;

boundaryField
{
    outletCentralUnloaded
    {
        type            zeroGradient;
    }
    inletCentralUnloaded
    {
        type            zeroGradient;
    }
    outletFuelElement
    {
        type            zeroGradient;
    }
    inletFuelElement
    {
        type            zeroGradient;
    }
    defaultFaces
    {
        type            zeroGradient;
    }
}


// ************************************************************************* //
