/*--------------------------------*- C++ -*----------------------------------*\
| =========                 |                                                 |
| \\      /  F ield         | OpenFOAM: The Open Source CFD Toolbox           |
|  \\    /   O peration     | Version:  2212                                  |
|   \\  /    A nd           | Website:  www.openfoam.com                      |
|    \\/     M anipulation  |                                                 |
\*---------------------------------------------------------------------------*/
FoamFile
{
    version     2.0;
    format      ascii;
    arch        "LSB;label=32;scalar=64";
    class       volScalarField;
    location    "77/neutroRegion";
    object      TClad;
}
// * * * * * * * * * * * * * * * * * * * * * * * * * * * * * * * * * * * * * //

dimensions      [0 0 0 1 0 0 0];

internalField   nonuniform List<scalar> 
350
(
0
0
0
0
0
0
0
0
0
0
0
0
0
0
0
0
0
0
0
0
0
0
0
0
0
0
0
0
0
0
0
0
0
0
0
0
0
0
0
0
0
0
0
0
0
0
0
0
0
0
1845.88
1883.96
1909.1
1921.29
1920.66
1907.49
1882.18
1845.33
1797.63
1739.93
1673.2
1598.55
1517.21
1430.5
1339.87
1246.77
1152.6
1058.43
964.644
870.43
772.857
665.642
538.045
377.939
186.905
1874.34
1913.03
1938.56
1950.91
1950.21
1936.74
1910.93
1873.36
1824.74
1765.95
1697.96
1621.9
1539.01
1450.64
1358.26
1263.35
1167.36
1071.41
975.952
880.207
781.244
672.698
543.614
381.558
188.128
1841.26
1879.26
1904.36
1916.54
1915.94
1902.83
1877.63
1840.9
1793.36
1735.84
1669.33
1594.92
1513.82
1427.38
1337.03
1244.22
1150.34
1056.44
962.921
868.946
771.592
664.589
537.226
377.411
186.719
1867.94
1906.48
1931.9
1944.2
1943.5
1930.08
1904.38
1866.96
1818.54
1759.98
1692.28
1616.54
1534
1446
1354.02
1259.53
1163.95
1068.41
973.337
877.946
779.304
671.064
542.323
380.718
187.845
1867.94
1906.48
1931.9
1944.2
1943.5
1930.08
1904.38
1866.96
1818.54
1759.98
1692.28
1616.54
1533.99
1446
1354.02
1259.53
1163.95
1068.41
973.337
877.946
779.304
671.065
542.323
380.718
187.845
1841.26
1879.26
1904.36
1916.54
1915.94
1902.83
1877.63
1840.9
1793.36
1735.84
1669.33
1594.92
1513.82
1427.38
1337.03
1244.22
1150.34
1056.44
962.922
868.947
771.593
664.59
537.227
377.412
186.719
1874.34
1913.03
1938.56
1950.91
1950.21
1936.74
1910.93
1873.36
1824.74
1765.95
1697.96
1621.9
1539.01
1450.64
1358.26
1263.35
1167.36
1071.41
975.952
880.207
781.244
672.699
543.614
381.558
188.128
1845.88
1883.96
1909.1
1921.29
1920.66
1907.49
1882.18
1845.33
1797.63
1739.93
1673.2
1598.55
1517.21
1430.5
1339.87
1246.77
1152.6
1058.43
964.644
870.43
772.857
665.642
538.046
377.939
186.905
1867.94
1906.48
1931.9
1944.2
1943.5
1930.08
1904.38
1866.96
1818.54
1759.98
1692.28
1616.54
1533.99
1446
1354.02
1259.53
1163.95
1068.41
973.337
877.946
779.304
671.065
542.323
380.718
187.845
1841.26
1879.26
1904.36
1916.54
1915.94
1902.83
1877.63
1840.9
1793.36
1735.84
1669.33
1594.92
1513.82
1427.38
1337.03
1244.22
1150.34
1056.44
962.921
868.946
771.592
664.589
537.226
377.411
186.719
1841.26
1879.26
1904.36
1916.54
1915.94
1902.83
1877.63
1840.9
1793.36
1735.84
1669.33
1594.92
1513.82
1427.38
1337.03
1244.22
1150.34
1056.44
962.922
868.947
771.592
664.589
537.227
377.412
186.719
1867.94
1906.47
1931.9
1944.2
1943.5
1930.08
1904.38
1866.96
1818.54
1759.98
1692.28
1616.54
1533.99
1446
1354.02
1259.53
1163.95
1068.41
973.337
877.946
779.304
671.065
542.323
380.718
187.845
)
;

boundaryField
{
    outletCentralUnloaded
    {
        type            zeroGradient;
    }
    inletCentralUnloaded
    {
        type            zeroGradient;
    }
    outletFuelElement
    {
        type            zeroGradient;
    }
    inletFuelElement
    {
        type            zeroGradient;
    }
    defaultFaces
    {
        type            zeroGradient;
    }
}


// ************************************************************************* //
