/*--------------------------------*- C++ -*----------------------------------*\
| =========                 |                                                 |
| \\      /  F ield         | OpenFOAM: The Open Source CFD Toolbox           |
|  \\    /   O peration     | Version:  2212                                  |
|   \\  /    A nd           | Website:  www.openfoam.com                      |
|    \\/     M anipulation  |                                                 |
\*---------------------------------------------------------------------------*/
FoamFile
{
    version     2.0;
    format      ascii;
    arch        "LSB;label=32;scalar=64";
    class       volScalarField;
    location    "77/neutroRegion";
    object      TFuel;
}
// * * * * * * * * * * * * * * * * * * * * * * * * * * * * * * * * * * * * * //

dimensions      [0 0 0 1 0 0 0];

internalField   nonuniform List<scalar> 
350
(
0
0
0
0
0
0
0
0
0
0
0
0
0
0
0
0
0
0
0
0
0
0
0
0
0
0
0
0
0
0
0
0
0
0
0
0
0
0
0
0
0
0
0
0
0
0
0
0
0
0
2223.24
3010.27
3766.6
4480.69
5141.58
5739.14
6264.14
6708.47
7065.27
7328.99
7495.54
7562.35
7528.41
7394.31
7162.22
6835.86
6420.28
5921.61
5346.62
4702.16
3993.81
3225.07
2395.62
1504.36
564.389
2256.02
3052.24
3817.33
4539.62
5208.03
5812.28
6343.08
6792.21
7152.72
7419.03
7587
7654.02
7619.07
7482.77
7247.31
6916.46
6495.38
5990.3
5408.13
4755.83
4039.1
3261.45
2422.46
1520.88
569.936
2217.93
3003.52
3758.47
4471.27
5130.99
5727.49
6251.59
6695.18
7051.39
7314.71
7481.05
7547.84
7514.06
7380.31
7148.77
6823.12
6408.41
5910.76
5336.91
4693.68
3986.67
3219.35
2391.41
1501.78
563.514
2248.62
3042.72
3805.78
4526.16
5192.82
5795.52
6324.97
6772.98
7132.63
7398.33
7565.96
7632.93
7598.21
7462.4
7227.72
6897.9
6478.08
5974.48
5393.96
4743.46
4028.66
3253.06
2416.27
1517.07
568.658
2248.62
3042.72
3805.78
4526.16
5192.82
5795.52
6324.97
6772.98
7132.63
7398.33
7565.96
7632.93
7598.21
7462.4
7227.72
6897.9
6478.08
5974.48
5393.96
4743.46
4028.66
3253.07
2416.27
1517.07
568.658
2217.93
3003.52
3758.47
4471.27
5130.99
5727.5
6251.59
6695.18
7051.39
7314.71
7481.05
7547.84
7514.06
7380.31
7148.77
6823.12
6408.41
5910.76
5336.91
4693.68
3986.67
3219.35
2391.41
1501.78
563.514
2256.02
3052.24
3817.33
4539.62
5208.03
5812.28
6343.08
6792.21
7152.72
7419.03
7587
7654.02
7619.07
7482.77
7247.31
6916.46
6495.38
5990.3
5408.13
4755.83
4039.1
3261.45
2422.46
1520.88
569.936
2223.24
3010.27
3766.6
4480.69
5141.58
5739.14
6264.14
6708.47
7065.27
7328.99
7495.54
7562.35
7528.41
7394.31
7162.22
6835.86
6420.28
5921.61
5346.62
4702.16
3993.81
3225.07
2395.62
1504.36
564.389
2248.62
3042.72
3805.78
4526.16
5192.82
5795.52
6324.97
6772.98
7132.63
7398.33
7565.96
7632.93
7598.21
7462.4
7227.72
6897.9
6478.08
5974.48
5393.96
4743.46
4028.66
3253.06
2416.27
1517.07
568.658
2217.93
3003.52
3758.47
4471.27
5130.99
5727.49
6251.59
6695.18
7051.39
7314.71
7481.05
7547.84
7514.06
7380.31
7148.77
6823.12
6408.41
5910.76
5336.91
4693.68
3986.67
3219.35
2391.41
1501.78
563.514
2217.93
3003.52
3758.47
4471.27
5130.99
5727.5
6251.59
6695.18
7051.39
7314.71
7481.05
7547.84
7514.06
7380.31
7148.77
6823.12
6408.41
5910.76
5336.91
4693.68
3986.67
3219.35
2391.41
1501.78
563.514
2248.62
3042.72
3805.78
4526.16
5192.82
5795.52
6324.97
6772.98
7132.63
7398.33
7565.96
7632.93
7598.21
7462.4
7227.72
6897.9
6478.08
5974.48
5393.96
4743.46
4028.66
3253.06
2416.27
1517.07
568.658
)
;

boundaryField
{
    outletCentralUnloaded
    {
        type            zeroGradient;
    }
    inletCentralUnloaded
    {
        type            zeroGradient;
    }
    outletFuelElement
    {
        type            zeroGradient;
    }
    inletFuelElement
    {
        type            zeroGradient;
    }
    defaultFaces
    {
        type            zeroGradient;
    }
}


// ************************************************************************* //
