/*--------------------------------*- C++ -*----------------------------------*\
| =========                 |                                                 |
| \\      /  F ield         | OpenFOAM: The Open Source CFD Toolbox           |
|  \\    /   O peration     | Version:  2212                                  |
|   \\  /    A nd           | Website:  www.openfoam.com                      |
|    \\/     M anipulation  |                                                 |
\*---------------------------------------------------------------------------*/
FoamFile
{
    version     2.0;
    format      ascii;
    arch        "LSB;label=32;scalar=64";
    class       surfaceScalarField;
    location    "85/fluidRegion";
    object      alphaPhi;
}
// * * * * * * * * * * * * * * * * * * * * * * * * * * * * * * * * * * * * * //

dimensions      [0 3 -1 0 0 0 0];

oriented        oriented;

internalField   nonuniform List<scalar> 
661
(
-0.000539014
7.11952e-13
-0.000538968
5.13997e-13
-0.000538918
-6.99714e-14
-0.000538862
-6.47352e-13
-0.0005388
-9.4667e-13
-0.000538734
-8.52904e-13
-0.000538668
-4.33325e-13
-0.000538607
1.27241e-13
-0.000538552
6.12058e-13
-0.000538506
8.6653e-13
-0.000538468
8.3769e-13
-0.000538436
5.72224e-13
-0.000538408
1.79771e-13
-0.000538381
-2.15338e-13
-0.000538353
-5.13261e-13
-0.000538323
-6.58873e-13
-0.000538289
-6.46432e-13
-0.000538252
-5.03464e-13
-0.00053821
-2.92383e-13
-0.000538165
-8.03142e-14
-0.000538117
7.65916e-14
-0.000538066
1.44676e-13
-0.000538013
1.36303e-13
-0.000537959
1.33178e-13
2.77046e-13
-0.000539014
-0.000538968
-0.000538918
-0.000538862
-0.0005388
-0.000538734
-0.000538668
-0.000538607
-0.000538552
-0.000538506
-0.000538468
-0.000538436
-0.000538408
-0.000538381
-0.000538353
-0.000538323
-0.000538289
-0.000538252
-0.00053821
-0.000538165
-0.000538117
-0.000538066
-0.000538013
-0.000537959
-0.0202314
1.41423e-06
-0.0198031
6.71574e-07
-0.0192585
7.27605e-07
-0.0186064
6.54789e-07
-0.0178566
5.92761e-07
-0.0170188
5.35306e-07
-0.0161034
4.82099e-07
-0.0151208
4.30522e-07
-0.0140817
3.7483e-07
-0.0129974
3.05578e-07
-0.0118796
2.10895e-07
-0.0107412
7.91375e-08
-0.00959654
-9.32198e-08
-0.0084612
-2.92216e-07
-0.00735211
-4.95363e-07
-0.00628642
-6.68495e-07
-0.00528036
-7.84878e-07
-0.00434808
-8.37395e-07
-0.00350115
-8.39815e-07
-0.0027493
-8.16452e-07
-0.00210125
-7.89318e-07
-0.00156637
-7.63602e-07
-0.00115537
-7.28472e-07
-0.00087935
-6.32313e-07
-6.01934e-07
-0.0203614
-4.03281e-08
-3.60912e-08
-0.0199322
-1.75618e-07
-1.75955e-07
-0.0193854
-1.6673e-07
-1.667e-07
-0.0187303
-1.44343e-07
-1.44364e-07
-0.0179766
-1.25017e-07
-1.25045e-07
-0.0171343
-1.07152e-07
-1.07271e-07
-0.0162137
-9.07557e-08
-9.10397e-08
-0.0152251
-7.51708e-08
-7.56204e-08
-0.0141796
-5.88563e-08
-5.95641e-08
-0.0130881
-3.91557e-08
-4.01958e-08
-0.0119627
-1.23712e-08
-1.37882e-08
-0.0108163
2.49734e-08
2.30899e-08
-0.00966303
7.33612e-08
7.08424e-08
-0.0085189
1.3392e-07
1.30566e-07
-0.00740096
1.96536e-07
1.92128e-07
-0.00632662
2.51344e-07
2.45621e-07
-0.00531236
2.89312e-07
2.81964e-07
-0.00437256
3.07391e-07
2.98074e-07
-0.00351897
3.09475e-07
2.97782e-07
-0.00276142
3.02969e-07
2.88761e-07
-0.00210869
2.94689e-07
2.77892e-07
-0.00157023
2.84615e-07
2.65913e-07
-0.00115682
2.66159e-07
2.46099e-07
-0.000879545
2.11547e-07
1.93566e-07
1.60893e-07
1.51393e-07
-0.0202101
6.93102e-07
-0.0197822
6.53784e-07
-0.0192379
6.29325e-07
-0.0185864
5.60205e-07
-0.0178373
4.98336e-07
-0.0170003
4.41409e-07
-0.0160858
3.88631e-07
-0.0151042
3.36993e-07
-0.0140662
2.80029e-07
-0.012983
2.07501e-07
-0.0118665
1.06617e-07
-0.0107294
-3.31954e-08
-0.00958608
-2.14736e-07
-0.00845213
-4.24509e-07
-0.00734442
-6.35709e-07
-0.00628009
-8.12282e-07
-0.00527529
-9.26981e-07
-0.00434416
-9.73905e-07
-0.00349825
-9.69076e-07
-0.00274727
-9.38448e-07
-0.00209992
-9.0371e-07
-0.00156557
-8.68517e-07
-0.00115493
-8.10037e-07
-0.000879132
-6.72858e-07
-5.49705e-07
-0.0203325
3.4498e-09
-0.0199033
4.8916e-11
-0.019357
2.87056e-10
-0.0187025
2.51605e-10
-0.0179497
3.32256e-10
-0.0171083
3.81095e-10
-0.0161888
3.45315e-10
-0.0152016
3.6029e-10
-0.0141574
3.28391e-10
-0.0130676
2.34049e-10
-0.0119439
1.86401e-10
-0.0107992
1.13627e-10
-0.00964789
2.015e-12
-0.00850575
-2.1204e-10
-0.00738981
-5.49114e-10
-0.00631744
-1.01697e-09
-0.00530505
-1.54522e-09
-0.00436697
-2.07911e-09
-0.0035149
-2.69828e-09
-0.00275866
-3.27489e-09
-0.00210701
-3.71783e-09
-0.00156937
-4.10065e-09
-0.00115651
-4.3893e-09
-0.000879527
-3.81203e-09
-2.71139e-09
-0.0203325
-6.85759e-07
-0.0199034
-6.53803e-07
-0.019357
-6.28592e-07
-0.0187025
-5.59502e-07
-0.0179497
-4.9747e-07
-0.0171084
-4.40452e-07
-0.0161888
-3.87681e-07
-0.0152016
-3.35985e-07
-0.0141575
-2.79039e-07
-0.0130676
-2.06596e-07
-0.0119439
-1.05731e-07
-0.0107992
3.40743e-08
-0.0096479
2.15514e-07
-0.00850576
4.25049e-07
-0.00738982
6.3583e-07
-0.00631745
8.11805e-07
-0.00530506
9.25825e-07
-0.00436697
9.72016e-07
-0.0035149
9.66228e-07
-0.00275866
9.34535e-07
-0.00210701
8.98612e-07
-0.00156937
8.62016e-07
-0.00115652
8.01671e-07
-0.000879528
6.64513e-07
5.41998e-07
-0.0202101
3.62062e-08
-0.0197822
1.76109e-07
-0.019238
1.66789e-07
-0.0185865
1.44408e-07
-0.0178373
1.25153e-07
-0.0170003
1.07359e-07
-0.0160858
9.10274e-08
-0.0151042
7.55608e-08
-0.0140662
5.9353e-08
-0.012983
3.97655e-08
-0.0118665
1.3161e-08
-0.0107294
-2.39326e-08
-0.00958609
-7.19505e-08
-0.00845214
-1.32083e-07
-0.00734443
-1.94188e-07
-0.00628009
-2.48394e-07
-0.0052753
-2.85615e-07
-0.00434417
-3.02854e-07
-0.00349825
-3.04128e-07
-0.00274727
-2.96953e-07
-0.00209992
-2.8813e-07
-0.00156557
-2.78129e-07
-0.00115493
-2.60739e-07
-0.00087913
-2.07848e-07
-1.58041e-07
-0.0203614
-1.41415e-06
-4.04539e-08
-0.0199322
-6.71477e-07
-1.75787e-07
-0.0193854
-7.2756e-07
-1.66898e-07
-0.0187303
-6.54756e-07
-1.44517e-07
-0.0179766
-5.92658e-07
-1.25266e-07
-0.0171343
-5.35164e-07
-1.07518e-07
-0.0162137
-4.81951e-07
-9.12406e-08
-0.0152251
-4.30337e-07
-7.58066e-08
-0.0141796
-3.74667e-07
-5.96627e-08
-0.0130881
-3.05456e-07
-4.01423e-08
-0.0119627
-2.10765e-07
-1.35905e-08
-0.0108163
-7.8999e-08
2.3449e-08
-0.00966303
9.33292e-08
7.1531e-08
-0.0085189
2.92209e-07
1.31775e-07
-0.00740096
4.95111e-07
1.94139e-07
-0.00632662
6.678e-07
2.48815e-07
-0.00531236
7.83528e-07
2.86806e-07
-0.00437256
8.34966e-07
3.05188e-07
-0.00351897
8.35602e-07
3.08171e-07
-0.00276142
8.09468e-07
3.03517e-07
-0.00210869
7.78279e-07
2.98245e-07
-0.00157023
7.47117e-07
2.92428e-07
-0.00115682
7.04189e-07
2.78845e-07
-0.000879545
6.03272e-07
2.27626e-07
5.72201e-07
1.80455e-07
-0.0202314
-0.0198031
-0.0192585
-0.0186064
-0.0178566
-0.0170188
-0.0161034
-0.0151208
-0.0140817
-0.0129974
-0.0118796
-0.0107412
-0.00959654
-0.0084612
-0.00735211
-0.00628642
-0.00528036
-0.00434807
-0.00350115
-0.0027493
-0.00210125
-0.00156637
-0.00115537
-0.000879351
-0.0203325
-6.92655e-07
3.04313e-09
-0.0199033
-6.53243e-07
-4.65154e-10
-0.019357
-6.28795e-07
-2.03836e-10
-0.0187025
-5.59651e-07
-2.09113e-10
-0.0179497
-4.9762e-07
-2.92151e-10
-0.0171083
-4.40545e-07
-3.72896e-10
-0.0161888
-3.87668e-07
-4.35439e-10
-0.0152016
-3.35855e-07
-5.60165e-10
-0.0141574
-2.78728e-07
-6.92166e-10
-0.0130676
-2.06045e-07
-8.25576e-10
-0.0119439
-1.04925e-07
-1.07272e-09
-0.0107992
3.52302e-08
-1.37725e-09
-0.00964789
2.17202e-07
-1.87935e-09
-0.00850575
4.27464e-07
-2.51735e-09
-0.00738981
6.3924e-07
-3.37151e-09
-0.00631744
8.16563e-07
-4.56712e-09
-0.00530505
9.32433e-07
-6.30436e-09
-0.00436697
9.81147e-07
-8.82411e-09
-0.0035149
9.7901e-07
-1.22815e-08
-0.00275866
9.52293e-07
-1.68925e-08
-0.00210701
9.23463e-07
-2.27897e-08
-0.00156937
8.95284e-07
-2.89082e-08
-0.00115651
8.44789e-07
-3.41728e-08
-0.000879527
7.12599e-07
-3.48282e-08
5.87192e-07
-2.92461e-08
-0.0202101
-0.0197822
-0.0192379
-0.0185864
-0.0178373
-0.0170003
-0.0160858
-0.0151042
-0.0140662
-0.012983
-0.0118665
-0.0107294
-0.00958608
-0.00845213
-0.00734442
-0.00628009
-0.00527529
-0.00434416
-0.00349825
-0.00274727
-0.00209992
-0.00156557
-0.00115493
-0.000879133
-0.0202101
6.86204e-07
-0.0197822
6.54325e-07
-0.019238
6.29066e-07
-0.0185865
5.59969e-07
-0.0178373
4.98092e-07
-0.0170003
4.41162e-07
-0.0160858
3.88388e-07
-0.0151042
3.36779e-07
-0.0140662
2.79843e-07
-0.012983
2.07352e-07
-0.0118665
1.06516e-07
-0.0107294
-3.32576e-08
-0.00958609
-2.14559e-07
-0.00845214
-4.24049e-07
-0.00734443
-6.34834e-07
-0.00628009
-8.10892e-07
-0.0052753
-9.24972e-07
-0.00434417
-9.71366e-07
-0.00349825
-9.6621e-07
-0.00274727
-9.35876e-07
-0.00209992
-9.02367e-07
-0.00156557
-8.70044e-07
-0.00115493
-8.16504e-07
-0.00087913
-6.85258e-07
-5.62979e-07
-0.0203325
-0.0199034
-0.019357
-0.0187025
-0.0179497
-0.0171084
-0.0161888
-0.0152016
-0.0141575
-0.0130676
-0.0119439
-0.0107992
-0.0096479
-0.00850576
-0.00738982
-0.00631745
-0.00530506
-0.00436697
-0.0035149
-0.00275866
-0.00210701
-0.00156937
-0.00115652
-0.000879529
)
;

boundaryField
{
    outletCentralUnloaded
    {
        type            calculated;
        value           nonuniform List<scalar> 2(0.000539059 0.000539059);
    }
    inletCentralUnloaded
    {
        type            calculated;
        value           uniform -0.000540134;
    }
    outletFuelElement
    {
        type            calculated;
        value           nonuniform List<scalar> 
12
(
0.0205723
0.0207055
0.0205515
0.0206757
0.0206758
0.0205515
0.0207055
0.0205723
0.0206757
0.0205515
0.0205515
0.0206758
)
;
    }
    inletFuelElement
    {
        type            calculated;
        value           nonuniform List<scalar> 
12
(
-0.000722059
-0.00072206
-0.000722059
-0.000722059
-0.00072206
-0.000722059
-0.00072206
-0.000722059
-0.000722059
-0.000722059
-0.000722059
-0.00072206
)
;
    }
    defaultFaces
    {
        type            calculated;
        value           nonuniform List<scalar> 
450
(
5.09304e-23
-2.50162e-23
0
2.19571e-23
4.30483e-24
0
2.7692e-23
6.27043e-24
0
-3.97229e-23
-1.39033e-23
0
-1.03253e-23
-3.74441e-23
0
-4.27624e-23
-1.64206e-23
0
-3.22608e-23
-1.18517e-23
0
-2.68369e-23
-2.57772e-23
0
-2.01605e-23
-9.25105e-24
0
-1.98157e-23
-9.83496e-24
0
-1.30262e-23
-5.0586e-24
0
-5.57989e-24
-2.52016e-24
0
4.96111e-24
4.86996e-24
0
2.20648e-23
5.29367e-24
0
3.49065e-23
1.71403e-23
0
5.02006e-23
2.74381e-23
0
3.29612e-23
9.60973e-24
0
6.23964e-23
3.73156e-23
0
5.52319e-23
-1.69313e-23
0
-1.28981e-23
-2.34291e-23
0
-1.63193e-23
-1.22026e-23
0
3.13565e-23
-1.5165e-23
0
-1.04647e-23
2.66517e-23
0
-2.23171e-23
-1.11236e-23
0
-1.67748e-23
-1.9563e-23
0
3.00851e-23
0
2.40681e-23
0
0
0
2.00567e-23
0
-1.2034e-23
0
2.00567e-23
0
1.2034e-23
0
8.0227e-24
0
-1.00284e-23
0
1.00284e-23
0
4.01135e-24
0
-1.00284e-24
0
-8.0227e-24
0
-1.2034e-23
0
-2.40681e-23
0
-3.20908e-23
0
4.81362e-23
0
-3.20908e-23
0
0
0
-3.20908e-23
0
-3.20908e-23
0
3.20908e-23
0
1.60454e-23
0
-2.40681e-23
0
-1.60454e-23
0
-1.60454e-23
-8.0227e-24
8.0227e-24
-1.60454e-23
1.60454e-23
-8.0227e-24
-8.0227e-24
-8.0227e-24
1.2034e-23
-4.01135e-24
-2.00567e-24
1.00284e-24
0
8.0227e-24
0
1.60454e-23
-3.20908e-23
1.60454e-23
-3.20908e-23
0
0
-1.60454e-23
-3.20908e-23
0
1.60454e-23
0
0
0
0
0
0
0
0
0
0
0
0
0
0
0
0
0
0
0
0
0
0
0
0
0
-1.60454e-23
2.40681e-23
0
2.40681e-23
2.40681e-23
4.01135e-23
-2.00567e-23
-8.0227e-24
1.2034e-23
-8.0227e-24
-1.2034e-23
-8.0227e-24
-4.01135e-24
-8.0227e-24
-8.0227e-24
-8.0227e-24
1.80511e-23
-8.0227e-24
-4.01135e-24
-4.01135e-24
-1.50426e-24
-3.00851e-24
0
2.13103e-24
4.01135e-24
2.00567e-24
8.0227e-24
8.0227e-24
1.60454e-23
1.60454e-23
2.40681e-23
2.40681e-23
-2.40681e-23
4.81362e-23
1.60454e-23
4.01135e-23
-6.41816e-23
4.81362e-23
-3.20908e-23
-3.20908e-23
8.0227e-24
-1.60454e-23
-4.01135e-23
4.01135e-23
-8.0227e-24
-3.20908e-23
-1.60454e-23
-2.40681e-23
-2.40681e-23
-4.01135e-24
4.41971e-23
0
3.20908e-23
4.20467e-24
0
0
1.98846e-23
0
-3.20908e-23
-5.53607e-23
0
8.0227e-24
2.02719e-23
0
-8.0227e-24
-4.92826e-23
0
8.0227e-24
-4.79552e-23
0
8.0227e-24
-3.54099e-23
0
0
-2.90286e-23
0
-8.0227e-24
-2.60732e-23
0
0
-1.484e-23
0
4.01135e-24
-5.92888e-24
0
3.00851e-24
7.68648e-24
-0
-2.00567e-24
2.54993e-23
-0
-8.0227e-24
4.63529e-23
-0
0
5.7691e-23
-0
-8.0227e-24
4.99132e-23
-0
-1.60454e-23
7.35605e-23
-0
0
3.22065e-23
-0
-4.81362e-23
-1.29883e-23
-0
0
-5.22579e-24
-0
1.60454e-23
3.11697e-23
-0
1.60454e-23
-1.23542e-23
-0
0
-4.15802e-24
-0
8.0227e-24
-1.2258e-23
-0
8.0227e-24
-1.60454e-23
-8.0227e-24
-8.0227e-24
-8.0227e-24
8.0227e-24
-1.60454e-23
-8.0227e-24
-4.01135e-24
0
-4.01135e-24
0
5.01419e-25
4.01135e-24
0
8.0227e-24
3.20908e-23
-4.81362e-23
0
-3.20908e-23
1.60454e-23
0
-1.60454e-23
-3.20908e-23
1.60454e-23
0
1.60454e-23
0
1.60454e-23
0
8.0227e-24
0
2.80794e-23
0
-8.0227e-24
0
1.2034e-23
0
1.2034e-23
0
4.01135e-24
0
0
0
8.0227e-24
0
3.00851e-24
0
-1.00284e-24
0
-6.01702e-24
-0
-8.0227e-24
-0
-8.0227e-24
-0
-1.60454e-23
-0
4.81362e-23
-0
-3.20908e-23
-0
6.41816e-23
-0
-4.81362e-23
-0
-4.81362e-23
-0
4.81362e-23
-0
1.60454e-23
-0
-4.01135e-23
-0
-8.0227e-24
-0
-2.30653e-23
1.60454e-23
-1.60454e-23
2.40681e-23
-8.0227e-24
1.60454e-23
-1.60454e-23
-4.01135e-23
0
1.2034e-23
-1.2034e-23
-3.20908e-23
-8.0227e-24
-2.40681e-23
-4.01135e-24
-2.40681e-23
2.00567e-24
-1.2034e-23
-6.01702e-24
-1.40397e-23
-2.50709e-24
-7.01986e-24
1.00284e-24
4.45009e-24
4.01135e-24
2.00567e-23
8.0227e-24
3.61021e-23
8.0227e-24
5.21475e-23
2.40681e-23
7.22043e-23
0
5.61589e-23
3.20908e-23
7.22043e-23
0
4.81362e-23
0
-3.20908e-23
1.60454e-23
-2.40681e-23
1.60454e-23
4.01135e-23
2.40681e-23
-3.20908e-23
8.0227e-24
-2.40681e-23
-8.0227e-24
-1.60454e-23
-0
-0
-0
-0
-0
-0
-0
-0
-0
-0
-0
0
0
0
0
0
0
0
0
0
0
0
0
0
0
)
;
    }
    baffle_master
    {
        type            calculated;
        value           nonuniform List<scalar> 
150
(
-2.61985e-30
0
-1.14467e-29
-1.57296e-29
0
0
-4.30352e-32
0
0
1.86885e-30
0
-1.14467e-29
-5.20207e-29
0
-4.57867e-29
3.30759e-30
0
1.14467e-29
5.7678e-31
0
0
1.0566e-30
0
2.86167e-30
-7.70782e-30
0
1.14467e-29
-1.75208e-30
0
0
-8.98613e-30
0
-1.14467e-29
6.50671e-30
0
-1.14467e-29
-1.02612e-30
0
0
-9.9645e-32
0
0
3.83935e-30
0
1.14467e-29
5.68007e-30
0
0
6.72706e-29
0
2.28934e-29
-1.80608e-30
0
0
2.19764e-29
0
1.14467e-29
1.12521e-31
0
1.43084e-30
6.68401e-31
0
0
1.07017e-29
0
2.86167e-30
-3.42295e-31
0
0
-5.57632e-31
0
0
8.52583e-31
0
-5.72334e-30
0
3.42694e-29
-0
-1.14467e-29
1.80103e-29
-0
1.43084e-30
-1.87214e-30
0
1.14467e-29
-1.60638e-29
0
1.14467e-29
3.4852e-29
0
2.28934e-29
-1.53921e-29
0
1.14467e-29
-1.65885e-29
0
-2.86167e-30
5.40207e-30
-0
2.28934e-29
2.54502e-29
-0
1.14467e-29
2.24053e-29
-0
-1.14467e-29
3.00112e-29
-0
0
1.61565e-29
-0
-2.86167e-30
6.75894e-30
-0
5.72334e-30
-8.85674e-30
0
0
-1.78896e-29
0
1.14467e-29
-1.07243e-29
0
-1.14467e-29
-2.31315e-29
0
2.28934e-29
-1.82338e-29
0
-1.14467e-29
3.37078e-30
0
-1.43084e-30
1.44872e-30
0
0
-2.40943e-30
-0
5.72334e-30
-7.50637e-30
-0
2.86167e-30
7.32349e-30
-0
2.86167e-30
-3.91284e-30
-0
-1.14467e-29
-7.05425e-30
-0
)
;
    }
    baffle_slave
    {
        type            calculated;
        value           nonuniform List<scalar> 
150
(
5.01419e-24
-0
0
5.21789e-24
-0
8.0227e-24
8.45263e-24
-0
0
-6.492e-24
-0
0
-2.67192e-23
-0
-8.0227e-24
-5.79765e-25
-0
8.0227e-24
3.00068e-24
-0
8.0227e-24
-3.65095e-24
-0
0
-9.71499e-25
-0
0
2.53843e-24
-0
4.01135e-24
-8.14805e-25
-0
0
2.50709e-25
0
5.01419e-25
-2.50709e-25
0
4.01135e-24
2.50709e-25
0
8.0227e-24
-2.50709e-24
0
0
-1.25355e-24
0
1.60454e-23
-4.88883e-23
0
-4.81362e-23
0
0
-1.60454e-23
-3.15894e-23
0
-3.20908e-23
-1.00284e-24
0
0
3.00851e-24
0
-1.60454e-23
2.20624e-23
0
1.60454e-23
0
0
1.60454e-23
-5.51561e-24
0
-8.0227e-24
4.51277e-24
0
-1.60454e-23
-9.36614e-24
4.67573e-23
0
-1.30537e-23
1.65938e-23
0
1.51835e-23
2.65008e-23
0
-2.9289e-24
2.19723e-23
0
-7.12957e-24
-2.27284e-23
0
-5.23627e-24
1.147e-23
0
-1.65156e-24
1.24336e-23
0
-6.00955e-24
8.14805e-24
0
1.09573e-23
1.34286e-23
0
2.00631e-24
8.52412e-24
0
-2.08284e-24
4.9045e-24
0
4.5703e-25
2.61678e-24
0
2.20947e-25
-7.83467e-25
0
7.36795e-24
-7.78766e-24
0
6.59944e-24
-1.03045e-23
0
1.69242e-23
-1.54186e-23
0
-3.02282e-23
-1.1658e-23
0
2.90745e-23
-2.61991e-23
0
-3.53456e-23
-6.26773e-25
0
-1.24668e-23
8.0227e-24
0
4.22116e-24
1.05298e-23
0
-3.26715e-23
2.80794e-23
0
-3.15052e-23
-1.90539e-23
0
1.19549e-23
5.01419e-24
0
5.4508e-24
9.02554e-24
0
)
;
    }
}


// ************************************************************************* //
