/*--------------------------------*- C++ -*----------------------------------*\
| =========                 |                                                 |
| \\      /  F ield         | OpenFOAM: The Open Source CFD Toolbox           |
|  \\    /   O peration     | Version:  2212                                  |
|   \\  /    A nd           | Website:  www.openfoam.com                      |
|    \\/     M anipulation  |                                                 |
\*---------------------------------------------------------------------------*/
FoamFile
{
    version     2.0;
    format      ascii;
    arch        "LSB;label=32;scalar=64";
    class       volScalarField;
    location    "85/fluidRegion";
    object      dgdt;
}
// * * * * * * * * * * * * * * * * * * * * * * * * * * * * * * * * * * * * * //

dimensions      [0 0 -1 0 0 0 0];

internalField   nonuniform List<scalar> 
350
(
0.0053048
0.00527252
0.00527811
0.00528626
0.00529145
0.00529227
0.00529462
0.00530638
0.00532865
0.00535238
0.00536381
0.00535434
0.00532723
0.00529635
0.0052784
0.00528383
0.00531149
0.00534918
0.00537869
0.00538323
0.00535475
0.00529801
0.00521025
0.00513167
0.00272604
0.0053048
0.00527252
0.00527811
0.00528626
0.00529145
0.00529227
0.00529462
0.00530638
0.00532865
0.00535238
0.00536381
0.00535434
0.00532723
0.00529635
0.0052784
0.00528383
0.00531149
0.00534918
0.00537869
0.00538323
0.00535475
0.00529801
0.00521025
0.00513167
0.00272604
40.7825
51.0981
64.976
77.7681
89.4193
99.8871
109.138
117.142
123.866
129.256
133.233
135.673
136.413
135.276
132.127
126.934
119.814
111.016
100.837
89.5146
77.146
63.6605
48.8901
32.8234
20.3919
40.8392
51.0401
65.0473
77.9607
89.7257
100.299
109.648
117.744
124.554
130.031
134.096
136.63
137.465
136.418
133.335
128.172
121.034
112.171
101.894
90.452
77.9539
64.3307
49.4086
33.1698
20.6024
40.76
51.0824
64.9403
77.7137
89.3476
99.7994
109.036
117.026
123.737
129.115
133.078
135.504
136.231
135.082
131.924
126.728
119.614
110.826
100.665
89.3623
77.0151
63.5522
48.8064
32.7674
20.3578
40.8364
51.0727
65.0492
77.9341
89.6721
100.22
109.546
117.62
124.409
129.865
133.91
136.42
137.233
136.164
133.065
127.893
120.758
111.909
101.654
90.2382
77.7693
64.1774
49.2899
33.0904
20.5541
40.8364
51.0727
65.0492
77.9341
89.6721
100.22
109.546
117.62
124.409
129.865
133.91
136.42
137.233
136.164
133.065
127.893
120.758
111.909
101.654
90.2382
77.7693
64.1774
49.2899
33.0904
20.5541
40.76
51.0824
64.9404
77.7137
89.3476
99.7993
109.036
117.026
123.737
129.115
133.078
135.504
136.23
135.082
131.924
126.728
119.614
110.826
100.665
89.3623
77.0151
63.5522
48.8064
32.7674
20.3578
40.8392
51.0401
65.0473
77.9608
89.7257
100.299
109.648
117.744
124.554
130.031
134.096
136.63
137.465
136.418
133.335
128.172
121.034
112.171
101.894
90.452
77.9538
64.3307
49.4086
33.1698
20.6024
40.7825
51.0981
64.976
77.7681
89.4193
99.8871
109.138
117.142
123.866
129.257
133.233
135.673
136.413
135.276
132.127
126.934
119.814
111.015
100.837
89.5146
77.146
63.6605
48.8901
32.8234
20.3919
40.8364
51.0727
65.0492
77.9341
89.6721
100.22
109.546
117.62
124.409
129.865
133.91
136.42
137.233
136.164
133.065
127.893
120.758
111.909
101.654
90.2382
77.7693
64.1774
49.2899
33.0904
20.5541
40.76
51.0824
64.9403
77.7137
89.3476
99.7993
109.036
117.026
123.737
129.115
133.078
135.504
136.231
135.082
131.924
126.728
119.614
110.826
100.665
89.3623
77.0151
63.5522
48.8064
32.7674
20.3578
40.76
51.0824
64.9403
77.7137
89.3476
99.7993
109.036
117.026
123.737
129.115
133.078
135.504
136.23
135.082
131.924
126.728
119.614
110.826
100.665
89.3623
77.0151
63.5522
48.8064
32.7674
20.3578
40.8364
51.0727
65.0492
77.9341
89.6721
100.22
109.546
117.62
124.409
129.865
133.91
136.42
137.233
136.164
133.065
127.893
120.758
111.909
101.654
90.2383
77.7693
64.1774
49.2899
33.0904
20.5541
)
;

boundaryField
{
    outletCentralUnloaded
    {
        type            calculated;
        value           nonuniform List<scalar> 2(0.0053048 0.0053048);
    }
    inletCentralUnloaded
    {
        type            calculated;
        value           nonuniform List<scalar> 2(0.00272604 0.00272604);
    }
    outletFuelElement
    {
        type            calculated;
        value           nonuniform List<scalar> 
12
(
40.7825
40.8392
40.76
40.8364
40.8364
40.76
40.8392
40.7825
40.8364
40.76
40.76
40.8364
)
;
    }
    inletFuelElement
    {
        type            calculated;
        value           nonuniform List<scalar> 
12
(
20.3919
20.6024
20.3578
20.5541
20.5541
20.3578
20.6024
20.3919
20.5541
20.3578
20.3578
20.5541
)
;
    }
    defaultFaces
    {
        type            calculated;
        value           nonuniform List<scalar> 
450
(
40.7825
40.7825
40.7825
51.0981
51.0981
51.0981
64.976
64.976
64.976
77.7681
77.7681
77.7681
89.4193
89.4193
89.4193
99.8871
99.8871
99.8871
109.138
109.138
109.138
117.142
117.142
117.142
123.866
123.866
123.866
129.256
129.256
129.256
133.233
133.233
133.233
135.673
135.673
135.673
136.413
136.413
136.413
135.276
135.276
135.276
132.127
132.127
132.127
126.934
126.934
126.934
119.814
119.814
119.814
111.016
111.016
111.016
100.837
100.837
100.837
89.5146
89.5146
89.5146
77.146
77.146
77.146
63.6605
63.6605
63.6605
48.8901
48.8901
48.8901
32.8234
32.8234
32.8234
20.3919
20.3919
20.3919
40.76
40.76
51.0824
51.0824
64.9403
64.9403
77.7137
77.7137
89.3476
89.3476
99.7994
99.7994
109.036
109.036
117.026
117.026
123.737
123.737
129.115
129.115
133.078
133.078
135.504
135.504
136.231
136.231
135.082
135.082
131.924
131.924
126.728
126.728
119.614
119.614
110.826
110.826
100.665
100.665
89.3623
89.3623
77.0151
77.0151
63.5522
63.5522
48.8064
48.8064
32.7674
32.7674
20.3578
20.3578
40.8364
51.0727
65.0492
77.9341
89.6721
100.22
109.546
117.62
124.409
129.865
133.91
136.42
137.233
136.164
133.065
127.893
120.758
111.909
101.654
90.2382
77.7693
64.1774
49.2899
33.0904
20.5541
40.8364
51.0727
65.0492
77.9341
89.6721
100.22
109.546
117.62
124.409
129.865
133.91
136.42
137.233
136.164
133.065
127.893
120.758
111.909
101.654
90.2382
77.7693
64.1774
49.2899
33.0904
20.5541
40.76
40.76
51.0824
51.0824
64.9404
64.9404
77.7137
77.7137
89.3476
89.3476
99.7993
99.7993
109.036
109.036
117.026
117.026
123.737
123.737
129.115
129.115
133.078
133.078
135.504
135.504
136.23
136.23
135.082
135.082
131.924
131.924
126.728
126.728
119.614
119.614
110.826
110.826
100.665
100.665
89.3623
89.3623
77.0151
77.0151
63.5522
63.5522
48.8064
48.8064
32.7674
32.7674
20.3578
20.3578
40.7825
40.7825
40.7825
51.0981
51.0981
51.0981
64.976
64.976
64.976
77.7681
77.7681
77.7681
89.4193
89.4193
89.4193
99.8871
99.8871
99.8871
109.138
109.138
109.138
117.142
117.142
117.142
123.866
123.866
123.866
129.257
129.257
129.257
133.233
133.233
133.233
135.673
135.673
135.673
136.413
136.413
136.413
135.276
135.276
135.276
132.127
132.127
132.127
126.934
126.934
126.934
119.814
119.814
119.814
111.015
111.015
111.015
100.837
100.837
100.837
89.5146
89.5146
89.5146
77.146
77.146
77.146
63.6605
63.6605
63.6605
48.8901
48.8901
48.8901
32.8234
32.8234
32.8234
20.3919
20.3919
20.3919
40.8364
51.0727
65.0492
77.9341
89.6721
100.22
109.546
117.62
124.409
129.865
133.91
136.42
137.233
136.164
133.065
127.893
120.758
111.909
101.654
90.2382
77.7693
64.1774
49.2899
33.0904
20.5541
40.76
40.76
51.0824
51.0824
64.9403
64.9403
77.7137
77.7137
89.3476
89.3476
99.7993
99.7993
109.036
109.036
117.026
117.026
123.737
123.737
129.115
129.115
133.078
133.078
135.504
135.504
136.231
136.231
135.082
135.082
131.924
131.924
126.728
126.728
119.614
119.614
110.826
110.826
100.665
100.665
89.3623
89.3623
77.0151
77.0151
63.5522
63.5522
48.8064
48.8064
32.7674
32.7674
20.3578
20.3578
40.76
40.76
51.0824
51.0824
64.9403
64.9403
77.7137
77.7137
89.3476
89.3476
99.7993
99.7993
109.036
109.036
117.026
117.026
123.737
123.737
129.115
129.115
133.078
133.078
135.504
135.504
136.23
136.23
135.082
135.082
131.924
131.924
126.728
126.728
119.614
119.614
110.826
110.826
100.665
100.665
89.3623
89.3623
77.0151
77.0151
63.5522
63.5522
48.8064
48.8064
32.7674
32.7674
20.3578
20.3578
40.8364
51.0727
65.0492
77.9341
89.6721
100.22
109.546
117.62
124.409
129.865
133.91
136.42
137.233
136.164
133.065
127.893
120.758
111.909
101.654
90.2383
77.7693
64.1774
49.2899
33.0904
20.5541
)
;
    }
    baffle_master
    {
        type            calculated;
        value           nonuniform List<scalar> 
150
(
0.0053048
0.0053048
0.0053048
0.00527252
0.00527252
0.00527252
0.00527811
0.00527811
0.00527811
0.00528626
0.00528626
0.00528626
0.00529145
0.00529145
0.00529145
0.00529227
0.00529227
0.00529227
0.00529462
0.00529462
0.00529462
0.00530638
0.00530638
0.00530638
0.00532865
0.00532865
0.00532865
0.00535238
0.00535238
0.00535238
0.00536381
0.00536381
0.00536381
0.00535434
0.00535434
0.00535434
0.00532723
0.00532723
0.00532723
0.00529635
0.00529635
0.00529635
0.0052784
0.0052784
0.0052784
0.00528383
0.00528383
0.00528383
0.00531149
0.00531149
0.00531149
0.00534918
0.00534918
0.00534918
0.00537869
0.00537869
0.00537869
0.00538323
0.00538323
0.00538323
0.00535475
0.00535475
0.00535475
0.00529801
0.00529801
0.00529801
0.00521025
0.00521025
0.00521025
0.00513167
0.00513167
0.00513167
0.00272604
0.00272604
0.00272604
0.0053048
0.0053048
0.0053048
0.00527252
0.00527252
0.00527252
0.00527811
0.00527811
0.00527811
0.00528626
0.00528626
0.00528626
0.00529145
0.00529145
0.00529145
0.00529227
0.00529227
0.00529227
0.00529462
0.00529462
0.00529462
0.00530638
0.00530638
0.00530638
0.00532865
0.00532865
0.00532865
0.00535238
0.00535238
0.00535238
0.00536381
0.00536381
0.00536381
0.00535434
0.00535434
0.00535434
0.00532723
0.00532723
0.00532723
0.00529635
0.00529635
0.00529635
0.0052784
0.0052784
0.0052784
0.00528383
0.00528383
0.00528383
0.00531149
0.00531149
0.00531149
0.00534918
0.00534918
0.00534918
0.00537869
0.00537869
0.00537869
0.00538323
0.00538323
0.00538323
0.00535475
0.00535475
0.00535475
0.00529801
0.00529801
0.00529801
0.00521025
0.00521025
0.00521025
0.00513167
0.00513167
0.00513167
0.00272604
0.00272604
0.00272604
)
;
    }
    baffle_slave
    {
        type            calculated;
        value           nonuniform List<scalar> 
150
(
40.8392
40.8364
40.8364
51.0401
51.0727
51.0727
65.0473
65.0492
65.0492
77.9607
77.9341
77.9341
89.7257
89.6721
89.6721
100.299
100.22
100.22
109.648
109.546
109.546
117.744
117.62
117.62
124.554
124.409
124.409
130.031
129.865
129.865
134.096
133.91
133.91
136.63
136.42
136.42
137.465
137.233
137.233
136.418
136.164
136.164
133.335
133.065
133.065
128.172
127.893
127.893
121.034
120.758
120.758
112.171
111.909
111.909
101.894
101.654
101.654
90.452
90.2382
90.2383
77.9539
77.7693
77.7693
64.3307
64.1774
64.1774
49.4086
49.2899
49.2899
33.1698
33.0904
33.0904
20.6024
20.5541
20.5541
40.8364
40.8392
40.8364
51.0727
51.0401
51.0727
65.0492
65.0473
65.0492
77.9341
77.9608
77.9341
89.6721
89.7257
89.6721
100.22
100.299
100.22
109.546
109.648
109.546
117.62
117.744
117.62
124.409
124.554
124.409
129.865
130.031
129.865
133.91
134.096
133.91
136.42
136.63
136.42
137.233
137.465
137.233
136.164
136.418
136.164
133.065
133.335
133.065
127.893
128.172
127.893
120.758
121.034
120.758
111.909
112.171
111.909
101.654
101.894
101.654
90.2382
90.452
90.2382
77.7693
77.9538
77.7693
64.1774
64.3307
64.1774
49.2899
49.4086
49.2899
33.0904
33.1698
33.0904
20.5541
20.6024
20.5541
)
;
    }
}


// ************************************************************************* //
