/*--------------------------------*- C++ -*----------------------------------*\
| =========                 |                                                 |
| \\      /  F ield         | OpenFOAM: The Open Source CFD Toolbox           |
|  \\    /   O peration     | Version:  2212                                  |
|   \\  /    A nd           | Website:  www.openfoam.com                      |
|    \\/     M anipulation  |                                                 |
\*---------------------------------------------------------------------------*/
FoamFile
{
    version     2.0;
    format      ascii;
    arch        "LSB;label=32;scalar=64";
    class       volVectorField;
    location    "85/fluidRegion";
    object      U;
}
// * * * * * * * * * * * * * * * * * * * * * * * * * * * * * * * * * * * * * //

dimensions      [0 1 -1 0 0 0 0];

internalField   nonuniform List<vector> 
350
(
(-1.89631e-09 -1.09483e-09 -14.9695)
(-1.42302e-09 -8.2158e-10 -14.9683)
(6.65542e-11 3.84249e-11 -14.967)
(1.55432e-09 8.97386e-10 -14.9655)
(2.35316e-09 1.3586e-09 -14.9639)
(2.1694e-09 1.2525e-09 -14.962)
(1.16273e-09 6.71299e-10 -14.9601)
(-2.10935e-10 -1.21783e-10 -14.9582)
(-1.41304e-09 -8.15817e-10 -14.9565)
(-2.05205e-09 -1.18475e-09 -14.9551)
(-1.9899e-09 -1.14887e-09 -14.9539)
(-1.33877e-09 -7.72935e-10 -14.9531)
(-3.7015e-10 -2.13705e-10 -14.9523)
(6.03878e-10 3.48648e-10 -14.9517)
(1.3306e-09 7.68218e-10 -14.9511)
(1.66934e-09 9.63794e-10 -14.9504)
(1.6046e-09 9.26413e-10 -14.9495)
(1.20997e-09 6.98575e-10 -14.9486)
(6.45988e-10 3.7296e-10 -14.9475)
(8.90039e-11 5.13863e-11 -14.9462)
(-3.16401e-10 -1.82674e-10 -14.9449)
(-4.84591e-10 -2.79778e-10 -14.9435)
(-4.42082e-10 -2.55236e-10 -14.942)
(-3.54361e-10 -2.0459e-10 -14.9404)
(-5.47407e-10 -3.16045e-10 -14.9698)
(-1.89631e-09 -1.09483e-09 -14.9695)
(-1.42302e-09 -8.2158e-10 -14.9683)
(6.65541e-11 3.84249e-11 -14.967)
(1.55432e-09 8.97386e-10 -14.9655)
(2.35316e-09 1.3586e-09 -14.9639)
(2.1694e-09 1.2525e-09 -14.962)
(1.16273e-09 6.71299e-10 -14.9601)
(-2.10935e-10 -1.21783e-10 -14.9582)
(-1.41304e-09 -8.15817e-10 -14.9565)
(-2.05205e-09 -1.18475e-09 -14.9551)
(-1.9899e-09 -1.14887e-09 -14.9539)
(-1.33877e-09 -7.72935e-10 -14.9531)
(-3.7015e-10 -2.13705e-10 -14.9523)
(6.03878e-10 3.48648e-10 -14.9517)
(1.3306e-09 7.68218e-10 -14.9511)
(1.66934e-09 9.63794e-10 -14.9504)
(1.6046e-09 9.26413e-10 -14.9495)
(1.20997e-09 6.98575e-10 -14.9486)
(6.45988e-10 3.7296e-10 -14.9475)
(8.90039e-11 5.13863e-11 -14.9462)
(-3.16401e-10 -1.82674e-10 -14.9449)
(-4.84591e-10 -2.79778e-10 -14.9435)
(-4.42082e-10 -2.55236e-10 -14.942)
(-3.54361e-10 -2.0459e-10 -14.9404)
(-5.47407e-10 -3.16045e-10 -14.9698)
(-0.00197639 -0.00114107 -423.826)
(-0.000938531 -0.000541861 -415.837)
(-0.00101684 -0.00058707 -405.731)
(-0.000915076 -0.000528319 -393.301)
(-0.000828394 -0.000478273 -378.74)
(-0.000748102 -0.000431916 -362.249)
(-0.000673744 -0.000388986 -344.039)
(-0.000601667 -0.000347372 -324.325)
(-0.000523835 -0.000302436 -303.326)
(-0.000427054 -0.00024656 -281.27)
(-0.000294731 -0.000170163 -258.396)
(-0.000110591 -6.38499e-05 -234.962)
(0.000130292 7.5224e-05 -211.248)
(0.000408412 0.000235797 -187.565)
(0.000692349 0.000399727 -164.252)
(0.000934359 0.000539452 -141.663)
(0.00109709 0.000633404 -120.144)
(0.00117059 0.000675842 -100.01)
(0.00117406 0.000677842 -81.5295)
(0.00114162 0.000659114 -64.9231)
(0.00110378 0.000637267 -50.3825)
(0.00106783 0.000616513 -38.0955)
(0.00101846 0.000588009 -28.2707)
(0.000884003 0.000510379 -21.1346)
(0.000841388 0.000485775 -16.6338)
(-0.00191611 -0.00112219 -426.56)
(-0.000693447 -0.000399051 -418.527)
(-0.000783839 -0.000452601 -408.389)
(-0.000713425 -0.000411729 -395.905)
(-0.000653775 -0.000377227 -381.273)
(-0.000598558 -0.000344952 -364.696)
(-0.000547302 -0.000314663 -346.384)
(-0.000497205 -0.000285013 -326.553)
(-0.000442476 -0.000252301 -305.425)
(-0.000373619 -0.000211104 -283.228)
(-0.000279189 -0.000154908 -260.202)
(-0.00014782 -7.69607e-05 -236.604)
(2.46521e-05 2.54785e-05 -212.717)
(0.000217106 0.000140363 -188.855)
(0.000412218 0.000257815 -165.359)
(0.000575972 0.000358426 -142.588)
(0.000683574 0.000428124 -120.893)
(0.000729289 0.00046381 -100.597)
(0.000726813 0.000473651 -81.969)
(0.000700167 0.0004704 -65.2341)
(0.000670508 0.000465849 -50.5856)
(0.000646142 0.000461082 -38.2128)
(0.000620937 0.000452742 -28.3258)
(0.000565392 0.000410697 -21.1517)
(0.000603857 0.000393722 -16.6358)
(-0.000874728 -0.000656835 -423.389)
(-0.00050468 -0.000952581 -415.398)
(-0.000491208 -0.000911327 -405.3)
(-0.000446771 -0.000801361 -392.88)
(-0.00040534 -0.000704651 -378.332)
(-0.000367416 -0.000615461 -361.857)
(-0.000331878 -0.000533164 -343.664)
(-0.000296052 -0.000453743 -323.969)
(-0.000254494 -0.000368247 -302.992)
(-0.000199084 -0.000261981 -280.959)
(-0.000120562 -0.000115668 -258.111)
(-1.22531e-05 8.76428e-05 -234.703)
(0.000128627 0.000351391 -211.016)
(0.000280589 0.000667423 -187.362)
(0.000429726 0.000989644 -164.078)
(0.000548627 0.00126509 -141.517)
(0.000620252 0.00144992 -120.025)
(0.000643459 0.001532 -99.9169)
(0.000631553 0.00153362 -81.4588)
(0.000603693 0.00149384 -64.872)
(0.000574213 0.00144639 -50.3475)
(0.000548479 0.00139414 -38.0733)
(0.000509748 0.00130252 -28.2577)
(0.000445819 0.00105965 -21.1277)
(0.000392829 0.000836724 -16.6315)
(-0.000973475 -0.000562035 -425.95)
(-0.000913782 -0.00052757 -417.928)
(-0.000879937 -0.00050803 -407.795)
(-0.000783297 -0.000452235 -395.322)
(-0.000696952 -0.000402384 -380.705)
(-0.000617468 -0.000356494 -364.146)
(-0.000543664 -0.000313883 -345.856)
(-0.000471522 -0.000272233 -326.051)
(-0.00039187 -0.000226246 -304.951)
(-0.000290376 -0.000167648 -282.785)
(-0.00014931 -8.6204e-05 -259.793)
(4.62043e-05 2.6676e-05 -236.231)
(0.000300109 0.000173267 -212.383)
(0.000593639 0.000342737 -188.561)
(0.000889374 0.000513479 -165.107)
(0.00113695 0.000656417 -142.377)
(0.0012982 0.000749515 -120.722)
(0.00136481 0.00078797 -100.463)
(0.00135923 0.000784747 -81.8687)
(0.00131774 0.000760795 -65.1632)
(0.00127027 0.00073339 -50.5395)
(0.0012221 0.00070558 -38.1864)
(0.001141 0.000658753 -28.3136)
(0.000948678 0.000547718 -21.1483)
(0.00077477 0.000447313 -16.6356)
(0.000953485 0.000550493 -425.951)
(0.000913574 0.000527451 -417.928)
(0.000878008 0.000506917 -407.795)
(0.000781502 0.000451199 -395.322)
(0.000694699 0.000401083 -380.705)
(0.00061495 0.000355041 -364.146)
(0.000541255 0.000312493 -345.856)
(0.000468996 0.000270775 -326.051)
(0.000389471 0.000224861 -304.951)
(0.000288382 0.000166497 -282.785)
(0.000147518 8.51693e-05 -259.793)
(-4.77173e-05 -2.75495e-05 -236.231)
(-0.000301062 -0.000173818 -212.383)
(-0.0005935 -0.000342656 -188.561)
(-0.000887472 -0.000512381 -165.107)
(-0.00113257 -0.000653887 -142.377)
(-0.00129094 -0.000745323 -120.722)
(-0.00135444 -0.000781986 -100.463)
(-0.00134507 -0.000776573 -81.8687)
(-0.00129965 -0.00075035 -65.1632)
(-0.0012484 -0.000720762 -50.5395)
(-0.00119639 -0.000690732 -38.1864)
(-0.00111127 -0.000641588 -28.3136)
(-0.000920942 -0.000531705 -21.1483)
(-0.000752169 -0.000434264 -16.6356)
(0.000992058 0.000436424 -423.39)
(0.00107774 -4.08821e-05 -415.399)
(0.00103382 -3.11462e-05 -405.301)
(0.000916419 -1.46604e-05 -392.881)
(0.000811789 -2.56692e-06 -378.332)
(0.000715531 8.85666e-06 -361.857)
(0.000626569 1.89909e-05 -343.664)
(0.000539919 2.72016e-05 -323.969)
(0.000445244 3.35696e-05 -302.992)
(0.000325767 3.83417e-05 -280.959)
(0.000160039 4.28258e-05 -258.111)
(-6.98719e-05 4.97362e-05 -234.703)
(-0.00036813 5.82979e-05 -211.016)
(-0.00071692 8.32719e-05 -187.362)
(-0.00106927 0.000113582 -164.078)
(-0.00136558 0.000146452 -141.517)
(-0.00155944 0.000174462 -120.025)
(-0.00163986 0.000192697 -99.917)
(-0.00163267 0.000201353 -81.4589)
(-0.00158158 0.000203748 -64.872)
(-0.00152295 0.000204417 -50.3475)
(-0.00146242 0.00020209 -38.0732)
(-0.00136179 0.000195661 -28.2577)
(-0.00112154 0.000136532 -21.1277)
(-0.000904613 7.50343e-05 -16.6315)
(0.00191577 0.00112207 -426.56)
(0.000693004 0.000398904 -418.527)
(0.000783396 0.000452718 -408.389)
(0.000712926 0.000412036 -395.905)
(0.000653035 0.000377484 -381.273)
(0.000597441 0.000345567 -364.696)
(0.00054576 0.000315952 -346.384)
(0.000495154 0.000286879 -326.553)
(0.00043984 0.000255208 -305.425)
(0.000370315 0.000215346 -283.228)
(0.000275023 0.000160549 -260.202)
(0.000142582 8.42938e-05 -236.604)
(-3.09842e-05 -1.61886e-05 -212.717)
(-0.000224583 -0.000128468 -188.855)
(-0.000420637 -0.00024282 -165.359)
(-0.000584899 -0.000339762 -142.588)
(-0.000692394 -0.000405298 -120.893)
(-0.000736747 -0.00043615 -100.597)
(-0.000730491 -0.000440482 -81.969)
(-0.000695944 -0.000432322 -65.2341)
(-0.000652938 -0.000424171 -50.5856)
(-0.000608715 -0.000418768 -38.2128)
(-0.000557997 -0.00040838 -28.3258)
(-0.00048276 -0.000374112 -21.1517)
(-0.000502395 -0.000394842 -16.6358)
(0.00197627 0.001141 -423.826)
(0.000938378 0.000541772 -415.836)
(0.00101675 0.000587022 -405.731)
(0.000915007 0.000528279 -393.301)
(0.000828224 0.000478175 -378.74)
(0.000747874 0.000431785 -362.249)
(0.000673507 0.000388849 -344.039)
(0.000601375 0.000347204 -324.325)
(0.000523573 0.000302285 -303.326)
(0.000426847 0.00024644 -281.27)
(0.000294514 0.000170037 -258.396)
(0.000110371 6.37224e-05 -234.962)
(-0.000130455 -7.53181e-05 -211.248)
(-0.000408376 -0.000235776 -187.565)
(-0.0006919 -0.000399469 -164.252)
(-0.00093316 -0.00053876 -141.663)
(-0.00109474 -0.000632049 -120.144)
(-0.00116634 -0.000673386 -100.01)
(-0.00116667 -0.000673577 -81.5295)
(-0.00112935 -0.000652032 -64.9231)
(-0.00108435 -0.00062605 -50.3825)
(-0.00103874 -0.000599718 -38.0955)
(-0.000975765 -0.000563358 -28.2707)
(-0.000832771 -0.0004808 -21.1346)
(-0.000788908 -0.000455476 -16.6338)
(0.000972181 0.000561287 -425.951)
(0.000912189 0.000526651 -417.928)
(0.000878376 0.000507129 -407.795)
(0.000781726 0.000451328 -395.322)
(0.000694902 0.000401201 -380.705)
(0.000615002 0.000355071 -364.146)
(0.000540985 0.000312337 -345.856)
(0.000468356 0.000270405 -326.051)
(0.000388275 0.00022417 -304.951)
(0.000286431 0.00016537 -282.785)
(0.000144654 8.35159e-05 -259.793)
(-5.18004e-05 -2.99069e-05 -236.231)
(-0.000307042 -0.00017727 -212.383)
(-0.000602105 -0.000347624 -188.561)
(-0.000899728 -0.000519457 -165.107)
(-0.00114989 -0.00066389 -142.377)
(-0.00131526 -0.000759362 -120.722)
(-0.00138834 -0.000801558 -100.463)
(-0.00139233 -0.000803861 -81.8687)
(-0.00136469 -0.000787904 -65.1632)
(-0.00133705 -0.000771943 -50.5395)
(-0.00131161 -0.000757254 -38.1864)
(-0.00125395 -0.000723969 -28.3136)
(-0.00107343 -0.000619746 -21.1483)
(-0.000887224 -0.000512238 -16.6356)
(0.000873713 0.000656779 -423.389)
(0.000503413 0.000952558 -415.398)
(0.00048994 0.000911316 -405.3)
(0.000445428 0.000801351 -392.88)
(0.000403561 0.000704703 -378.332)
(0.000365116 0.000615689 -361.857)
(0.000329102 0.000533624 -343.664)
(0.000292602 0.000454455 -323.969)
(0.000250317 0.000369278 -302.992)
(0.000194142 0.000263372 -280.959)
(0.000114584 0.000117492 -258.111)
(4.87613e-06 -8.5287e-05 -234.703)
(-0.000137578 -0.000348568 -211.016)
(-0.000291276 -0.000664159 -187.362)
(-0.00044219 -0.000986186 -164.078)
(-0.000562907 -0.00126193 -141.517)
(-0.000636654 -0.00144792 -120.025)
(-0.000662255 -0.00153261 -99.9169)
(-0.000652649 -0.00153951 -81.4589)
(-0.000626519 -0.00150911 -64.872)
(-0.000598779 -0.00147659 -50.3475)
(-0.000573021 -0.00144457 -38.0733)
(-0.000533924 -0.00137637 -28.2577)
(-0.000468381 -0.00114986 -21.1277)
(-0.000401662 -0.000933996 -16.6315)
(-0.000992623 -0.000437203 -423.39)
(-0.00107838 3.99103e-05 -415.398)
(-0.00103447 3.04267e-05 -405.301)
(-0.000917105 1.4095e-05 -392.881)
(-0.000812644 1.67834e-06 -378.332)
(-0.000716539 -9.735e-06 -361.857)
(-0.000627685 -1.95179e-05 -343.664)
(-0.000541221 -2.76078e-05 -323.969)
(-0.000446727 -3.34402e-05 -302.992)
(-0.000327422 -3.73919e-05 -280.959)
(-0.000161961 -4.1165e-05 -258.111)
(6.76462e-05 -4.72784e-05 -234.703)
(0.000365384 -5.49286e-05 -211.016)
(0.000713629 -7.8396e-05 -187.362)
(0.00106534 -0.000106648 -164.078)
(0.00136093 -0.00013672 -141.517)
(0.00155386 -0.000161239 -120.025)
(0.00163329 -0.000174769 -99.917)
(0.00162533 -0.00017659 -81.4589)
(0.00157438 -0.000170174 -64.872)
(0.00151755 -0.000159988 -50.3475)
(0.00146209 -0.000145306 -38.0732)
(0.00137049 -0.000122726 -28.2577)
(0.00114108 -5.91853e-05 -21.1277)
(0.000933872 -2.56671e-05 -16.6315)
(-0.000954769 -0.000551235 -425.95)
(-0.000915131 -0.00052835 -417.928)
(-0.000879476 -0.000507764 -407.795)
(-0.000782932 -0.000452025 -395.322)
(-0.000696589 -0.000402175 -380.705)
(-0.00061716 -0.000356317 -364.146)
(-0.00054352 -0.000313801 -345.856)
(-0.000471602 -0.000272279 -326.051)
(-0.000392259 -0.00022647 -304.951)
(-0.000291194 -0.000168121 -282.785)
(-0.000150696 -8.70043e-05 -259.793)
(4.41067e-05 2.5465e-05 -236.231)
(0.000296616 0.000171251 -212.383)
(0.00058827 0.000339637 -188.561)
(0.000881341 0.000508841 -165.107)
(0.00112528 0.000649679 -142.377)
(0.00128168 0.000739974 -120.722)
(0.00134217 0.000774901 -100.463)
(0.001329 0.000767296 -81.8687)
(0.00127895 0.000738401 -65.1632)
(0.00122245 0.000705783 -50.5395)
(0.00116763 0.00067413 -38.1864)
(0.00108503 0.000626442 -28.3136)
(0.000902386 0.000520992 -21.1483)
(0.00074286 0.00042889 -16.6356)
)
;

boundaryField
{
    outletCentralUnloaded
    {
        type            zeroGradient;
    }
    inletCentralUnloaded
    {
        type            fixedValue;
        value           uniform (0 0 -15);
    }
    outletFuelElement
    {
        type            zeroGradient;
    }
    inletFuelElement
    {
        type            fixedValue;
        value           uniform (0 0 -15);
    }
    defaultFaces
    {
        type            slip;
    }
    baffle_master
    {
        type            slip;
    }
    baffle_slave
    {
        type            slip;
    }
}


// ************************************************************************* //
