/*--------------------------------*- C++ -*----------------------------------*\
| =========                 |                                                 |
| \\      /  F ield         | OpenFOAM: The Open Source CFD Toolbox           |
|  \\    /   O peration     | Version:  2212                                  |
|   \\  /    A nd           | Website:  www.openfoam.com                      |
|    \\/     M anipulation  |                                                 |
\*---------------------------------------------------------------------------*/
FoamFile
{
    version     2.0;
    format      ascii;
    arch        "LSB;label=32;scalar=64";
    class       volScalarField;
    location    "16/fluidRegion";
    object      alphat;
}
// * * * * * * * * * * * * * * * * * * * * * * * * * * * * * * * * * * * * * //

dimensions      [1 -1 -1 0 0 0 0];

internalField   nonuniform List<scalar> 
350
(
0.00258167
0.00258168
0.00258168
0.00258168
0.00258168
0.00258169
0.00258169
0.0025817
0.00258172
0.00258174
0.00258177
0.00258182
0.0025819
0.00258201
0.00258219
0.00258247
0.00258289
0.00258353
0.00258451
0.002586
0.00258829
0.00259179
0.00259713
0.00260529
0.00261777
0.00258167
0.00258168
0.00258168
0.00258168
0.00258168
0.00258169
0.00258169
0.0025817
0.00258172
0.00258174
0.00258177
0.00258182
0.0025819
0.00258201
0.00258219
0.00258247
0.00258289
0.00258353
0.00258451
0.002586
0.00258829
0.00259179
0.00259713
0.00260529
0.00261777
0.000862602
0.000849798
0.000837727
0.000825629
0.000813415
0.000801
0.000788314
0.000775296
0.0007619
0.000748099
0.000733882
0.000719256
0.000704239
0.000688863
0.000673188
0.00065735
0.00064166
0.000626816
0.000614293
0.000607109
0.000611168
0.000637118
0.000700073
0.000809361
0.00095189
0.000856068
0.000843239
0.000831162
0.000819067
0.000806865
0.000794474
0.000781821
0.000768845
0.000755504
0.000741771
0.000727641
0.000713125
0.000698247
0.000683043
0.000667577
0.000651982
0.000636565
0.000622014
0.000609798
0.000602927
0.00060732
0.000633684
0.000697289
0.000807646
0.000951532
0.000863653
0.000850847
0.000838774
0.000826671
0.00081445
0.000802027
0.000789332
0.000776302
0.000762893
0.000749077
0.000734842
0.000720193
0.000705149
0.00068974
0.000674028
0.000658146
0.000642408
0.00062751
0.000614933
0.000607692
0.000611693
0.000637579
0.00070045
0.000809617
0.000952018
0.000857572
0.000844752
0.000832678
0.000820583
0.00080838
0.000795984
0.000783324
0.000770339
0.000756985
0.000743237
0.000729086
0.000714545
0.000699634
0.00068439
0.000668875
0.000653224
0.000637743
0.000623124
0.000610837
0.000603894
0.000608209
0.000634478
0.000697933
0.000808042
0.000951611
0.000857572
0.000844752
0.000832678
0.000820583
0.00080838
0.000795984
0.000783324
0.000770339
0.000756985
0.000743237
0.000729086
0.000714545
0.000699634
0.00068439
0.000668875
0.000653224
0.000637743
0.000623124
0.000610837
0.000603894
0.000608209
0.000634478
0.000697933
0.000808042
0.000951611
0.000863653
0.000850847
0.000838774
0.000826671
0.000814449
0.000802027
0.000789332
0.000776302
0.000762893
0.000749076
0.000734841
0.000720193
0.000705149
0.00068974
0.000674027
0.000658145
0.000642407
0.00062751
0.000614932
0.000607691
0.000611692
0.000637579
0.000700451
0.000809618
0.000952021
0.000856068
0.000843239
0.000831162
0.000819067
0.000806865
0.000794474
0.000781821
0.000768845
0.000755504
0.000741771
0.000727641
0.000713125
0.000698247
0.000683043
0.000667577
0.000651982
0.000636565
0.000622014
0.000609798
0.000602927
0.00060732
0.000633684
0.000697289
0.000807646
0.000951531
0.000862602
0.000849798
0.000837727
0.00082563
0.000813415
0.000801001
0.000788315
0.000775296
0.0007619
0.000748099
0.000733883
0.000719256
0.000704239
0.000688863
0.000673188
0.00065735
0.00064166
0.000626816
0.000614293
0.000607108
0.000611167
0.000637117
0.000700072
0.000809359
0.000951887
0.000857572
0.000844752
0.000832678
0.000820583
0.00080838
0.000795984
0.000783324
0.000770339
0.000756985
0.000743237
0.000729086
0.000714545
0.000699634
0.00068439
0.000668875
0.000653224
0.000637744
0.000623124
0.000610837
0.000603894
0.000608209
0.000634478
0.000697933
0.000808042
0.00095161
0.000863653
0.000850847
0.000838774
0.000826671
0.00081445
0.000802028
0.000789332
0.000776303
0.000762894
0.000749077
0.000734842
0.000720193
0.000705149
0.000689741
0.000674028
0.000658146
0.000642407
0.00062751
0.000614932
0.000607691
0.000611692
0.000637578
0.000700448
0.000809614
0.000952015
0.000863653
0.000850847
0.000838774
0.000826671
0.00081445
0.000802027
0.000789332
0.000776302
0.000762893
0.000749077
0.000734842
0.000720193
0.000705149
0.00068974
0.000674027
0.000658145
0.000642407
0.00062751
0.000614932
0.000607691
0.000611692
0.000637578
0.00070045
0.000809617
0.000952019
0.000857572
0.000844752
0.000832678
0.000820584
0.00080838
0.000795985
0.000783324
0.000770339
0.000756985
0.000743237
0.000729087
0.000714545
0.000699634
0.00068439
0.000668875
0.000653224
0.000637743
0.000623124
0.000610837
0.000603893
0.000608208
0.000634477
0.000697931
0.000808039
0.000951607
)
;

boundaryField
{
    outletCentralUnloaded
    {
        type            zeroGradient;
    }
    inletCentralUnloaded
    {
        type            zeroGradient;
    }
    outletFuelElement
    {
        type            zeroGradient;
    }
    inletFuelElement
    {
        type            zeroGradient;
    }
    defaultFaces
    {
        type            zeroGradient;
    }
    baffle_master
    {
        type            calculated;
        value           nonuniform List<scalar> 
150
(
0.00258167
0.00258167
0.00258167
0.00258168
0.00258168
0.00258168
0.00258168
0.00258168
0.00258168
0.00258168
0.00258168
0.00258168
0.00258168
0.00258168
0.00258168
0.00258169
0.00258169
0.00258169
0.00258169
0.00258169
0.00258169
0.0025817
0.0025817
0.0025817
0.00258172
0.00258172
0.00258172
0.00258174
0.00258174
0.00258174
0.00258177
0.00258177
0.00258177
0.00258182
0.00258182
0.00258182
0.0025819
0.0025819
0.0025819
0.00258201
0.00258201
0.00258201
0.00258219
0.00258219
0.00258219
0.00258247
0.00258247
0.00258247
0.00258289
0.00258289
0.00258289
0.00258353
0.00258353
0.00258353
0.00258451
0.00258451
0.00258451
0.002586
0.002586
0.002586
0.00258829
0.00258829
0.00258829
0.00259179
0.00259179
0.00259179
0.00259713
0.00259713
0.00259713
0.00260529
0.00260529
0.00260529
0.00261777
0.00261777
0.00261777
0.00258167
0.00258167
0.00258167
0.00258168
0.00258168
0.00258168
0.00258168
0.00258168
0.00258168
0.00258168
0.00258168
0.00258168
0.00258168
0.00258168
0.00258168
0.00258169
0.00258169
0.00258169
0.00258169
0.00258169
0.00258169
0.0025817
0.0025817
0.0025817
0.00258172
0.00258172
0.00258172
0.00258174
0.00258174
0.00258174
0.00258177
0.00258177
0.00258177
0.00258182
0.00258182
0.00258182
0.0025819
0.0025819
0.0025819
0.00258201
0.00258201
0.00258201
0.00258219
0.00258219
0.00258219
0.00258247
0.00258247
0.00258247
0.00258289
0.00258289
0.00258289
0.00258353
0.00258353
0.00258353
0.00258451
0.00258451
0.00258451
0.002586
0.002586
0.002586
0.00258829
0.00258829
0.00258829
0.00259179
0.00259179
0.00259179
0.00259713
0.00259713
0.00259713
0.00260529
0.00260529
0.00260529
0.00261777
0.00261777
0.00261777
)
;
    }
    baffle_slave
    {
        type            calculated;
        value           nonuniform List<scalar> 
150
(
0.000856068
0.000857572
0.000857572
0.000843239
0.000844752
0.000844752
0.000831162
0.000832678
0.000832678
0.000819067
0.000820583
0.000820584
0.000806865
0.00080838
0.00080838
0.000794474
0.000795984
0.000795985
0.000781821
0.000783324
0.000783324
0.000768845
0.000770339
0.000770339
0.000755504
0.000756985
0.000756985
0.000741771
0.000743237
0.000743237
0.000727641
0.000729086
0.000729087
0.000713125
0.000714545
0.000714545
0.000698247
0.000699634
0.000699634
0.000683043
0.00068439
0.00068439
0.000667577
0.000668875
0.000668875
0.000651982
0.000653224
0.000653224
0.000636565
0.000637743
0.000637743
0.000622014
0.000623124
0.000623124
0.000609798
0.000610837
0.000610837
0.000602927
0.000603894
0.000603893
0.00060732
0.000608209
0.000608208
0.000633684
0.000634478
0.000634477
0.000697289
0.000697933
0.000697931
0.000807646
0.000808042
0.000808039
0.000951532
0.000951611
0.000951607
0.000857572
0.000856068
0.000857572
0.000844752
0.000843239
0.000844752
0.000832678
0.000831162
0.000832678
0.000820583
0.000819067
0.000820583
0.00080838
0.000806865
0.00080838
0.000795984
0.000794474
0.000795984
0.000783324
0.000781821
0.000783324
0.000770339
0.000768845
0.000770339
0.000756985
0.000755504
0.000756985
0.000743237
0.000741771
0.000743237
0.000729086
0.000727641
0.000729086
0.000714545
0.000713125
0.000714545
0.000699634
0.000698247
0.000699634
0.00068439
0.000683043
0.00068439
0.000668875
0.000667577
0.000668875
0.000653224
0.000651982
0.000653224
0.000637743
0.000636565
0.000637744
0.000623124
0.000622014
0.000623124
0.000610837
0.000609798
0.000610837
0.000603894
0.000602927
0.000603894
0.000608209
0.00060732
0.000608209
0.000634478
0.000633684
0.000634478
0.000697933
0.000697289
0.000697933
0.000808042
0.000807646
0.000808042
0.000951611
0.000951531
0.00095161
)
;
    }
}


// ************************************************************************* //
