/*--------------------------------*- C++ -*----------------------------------*\
| =========                 |                                                 |
| \\      /  F ield         | OpenFOAM: The Open Source CFD Toolbox           |
|  \\    /   O peration     | Version:  2212                                  |
|   \\  /    A nd           | Website:  www.openfoam.com                      |
|    \\/     M anipulation  |                                                 |
\*---------------------------------------------------------------------------*/
FoamFile
{
    version     2.0;
    format      ascii;
    arch        "LSB;label=32;scalar=64";
    class       volVectorField;
    location    "16/fluidRegion";
    object      U;
}
// * * * * * * * * * * * * * * * * * * * * * * * * * * * * * * * * * * * * * //

dimensions      [0 1 -1 0 0 0 0];

internalField   nonuniform List<vector> 
350
(
(2.51075e-12 1.44958e-12 -14.9417)
(5.57958e-12 3.22136e-12 -14.9404)
(9.56131e-12 5.52021e-12 -14.9392)
(1.71639e-11 9.90958e-12 -14.938)
(2.84354e-11 1.64172e-11 -14.9368)
(4.62942e-11 2.67279e-11 -14.9355)
(7.55014e-11 4.35906e-11 -14.9343)
(1.20242e-10 6.94214e-11 -14.9331)
(1.91346e-10 1.10473e-10 -14.9319)
(3.04495e-10 1.75799e-10 -14.9306)
(4.79008e-10 2.76554e-10 -14.9294)
(7.43688e-10 4.29367e-10 -14.9282)
(1.14638e-09 6.61862e-10 -14.927)
(1.74778e-09 1.00908e-09 -14.9258)
(2.62847e-09 1.51755e-09 -14.9245)
(3.89216e-09 2.24713e-09 -14.9233)
(5.65355e-09 3.26407e-09 -14.9221)
(8.02083e-09 4.63081e-09 -14.9209)
(1.10776e-08 6.39562e-09 -14.9197)
(1.48725e-08 8.58662e-09 -14.9185)
(1.94726e-08 1.12425e-08 -14.9173)
(2.45706e-08 1.41858e-08 -14.9161)
(2.60807e-08 1.50577e-08 -14.9149)
(3.79856e-09 2.19309e-09 -14.9137)
(-6.50413e-08 -3.75515e-08 -14.9566)
(2.51074e-12 1.44957e-12 -14.9417)
(5.57957e-12 3.22136e-12 -14.9404)
(9.5613e-12 5.5202e-12 -14.9392)
(1.71639e-11 9.90957e-12 -14.938)
(2.84354e-11 1.64172e-11 -14.9368)
(4.62942e-11 2.67279e-11 -14.9355)
(7.55014e-11 4.35906e-11 -14.9343)
(1.20242e-10 6.94214e-11 -14.9331)
(1.91346e-10 1.10473e-10 -14.9319)
(3.04495e-10 1.75799e-10 -14.9306)
(4.79008e-10 2.76554e-10 -14.9294)
(7.43688e-10 4.29367e-10 -14.9282)
(1.14638e-09 6.61862e-10 -14.927)
(1.74778e-09 1.00908e-09 -14.9258)
(2.62847e-09 1.51755e-09 -14.9245)
(3.89216e-09 2.24713e-09 -14.9233)
(5.65355e-09 3.26407e-09 -14.9221)
(8.02083e-09 4.63081e-09 -14.9209)
(1.10776e-08 6.39562e-09 -14.9197)
(1.48725e-08 8.58662e-09 -14.9185)
(1.94726e-08 1.12425e-08 -14.9173)
(2.45706e-08 1.41858e-08 -14.9161)
(2.60807e-08 1.50577e-08 -14.9149)
(3.79856e-09 2.19309e-09 -14.9137)
(-6.50413e-08 -3.75515e-08 -14.9566)
(-0.00106508 -0.000614924 -292.604)
(-0.000877346 -0.000506535 -289.767)
(-0.000980938 -0.000566344 -285.569)
(-0.0008612 -0.000497214 -279.381)
(-0.000752663 -0.00043455 -271.324)
(-0.00064172 -0.000370497 -261.539)
(-0.000525908 -0.000303633 -250.177)
(-0.000400076 -0.000230984 -237.408)
(-0.000260061 -0.000150146 -223.412)
(-0.00010195 -5.88609e-05 -208.387)
(7.53786e-05 4.35198e-05 -192.545)
(0.000262945 0.000151811 -176.118)
(0.000452217 0.000261088 -159.352)
(0.000627301 0.000362172 -142.503)
(0.000771377 0.000445354 -125.835)
(0.000873802 0.000504489 -109.606)
(0.0009318 0.000537975 -94.0582)
(0.000952509 0.000549931 -79.4121)
(0.000947062 0.000546786 -65.8645)
(0.000926716 0.000535039 -53.5923)
(0.00089581 0.000517196 -42.7592)
(0.000849359 0.000490377 -33.5212)
(0.000774692 0.000447268 -26.0272)
(0.00064976 0.000375139 -20.4083)
(0.000531588 0.000306912 -16.5413)
(-0.000954646 -0.000547434 -294.24)
(-0.000602986 -0.000334081 -291.406)
(-0.000735539 -0.000420499 -287.213)
(-0.000649875 -0.000376977 -281.013)
(-0.000572184 -0.000337884 -272.93)
(-0.000493501 -0.000293323 -263.104)
(-0.000411242 -0.000246644 -251.688)
(-0.000321868 -0.000193767 -238.852)
(-0.000222193 -0.000135975 -224.777)
(-0.00011024 -6.96123e-05 -209.662)
(1.7258e-05 4.32374e-06 -193.72)
(0.000148282 8.16661e-05 -177.184)
(0.000280413 0.000158218 -160.302)
(0.000401209 0.000229736 -143.333)
(0.00049951 0.000287022 -126.545)
(0.000568128 0.000328526 -110.198)
(0.00060597 0.000350886 -94.5373)
(0.000617984 0.000359497 -79.7865)
(0.000612533 0.000356389 -66.1444)
(0.000597301 0.000348397 -53.7898)
(0.00057649 0.000334862 -42.8876)
(0.000547789 0.000317468 -33.595)
(0.000505973 0.000291928 -26.0619)
(0.000444287 0.000256918 -20.4193)
(0.000375869 0.000218363 -16.5427)
(-0.00055786 -0.000622113 -292.337)
(-0.000508857 -0.00104237 -289.499)
(-0.000512119 -0.000959624 -285.301)
(-0.000449543 -0.000827734 -279.116)
(-0.000386814 -0.000704568 -271.065)
(-0.000323662 -0.000580613 -261.286)
(-0.000257045 -0.000451206 -249.934)
(-0.000184267 -0.000311811 -237.176)
(-0.000102379 -0.000156009 -223.193)
(-1.0961e-05 1.99834e-05 -208.183)
(9.26093e-05 0.000213822 -192.358)
(0.000196907 0.000425251 -175.949)
(0.000300496 0.000638836 -159.2)
(0.000392283 0.000836914 -142.371)
(0.000463848 0.0010012 -125.722)
(0.000510203 0.0011178 -109.512)
(0.000531785 0.00118422 -93.9812)
(0.000533196 0.00120735 -79.3514)
(0.000521699 0.0012007 -65.8183)
(0.000502836 0.00117549 -53.5588)
(0.00047907 0.00113559 -42.7362)
(0.000447691 0.00107019 -33.5065)
(0.000400259 0.000955228 -26.0185)
(0.000332904 0.000745534 -20.4037)
(0.000254324 0.000565483 -16.5398)
(-0.000744942 -0.000430091 -293.876)
(-0.000971363 -0.000560815 -291.041)
(-0.00092299 -0.000532887 -286.846)
(-0.000801069 -0.000462496 -280.647)
(-0.000684616 -0.000395262 -272.57)
(-0.000567349 -0.000327558 -262.752)
(-0.000444446 -0.0002566 -251.348)
(-0.000311466 -0.000179825 -238.526)
(-0.000162467 -9.38002e-05 -224.469)
(5.18822e-06 2.99541e-06 -209.373)
(0.000191659 0.000110654 -193.454)
(0.000389425 0.000224834 -176.942)
(0.000588072 0.000339522 -160.086)
(0.000769587 0.00044432 -143.145)
(0.000917235 0.000529564 -126.384)
(0.00101922 0.000588446 -110.063)
(0.0010742 0.000620189 -94.4281)
(0.00108937 0.000628948 -79.7012)
(0.00107785 0.000622296 -66.0807)
(0.00105014 0.000606295 -53.7449)
(0.00101014 0.000583202 -42.8585)
(0.000949644 0.000548276 -33.5785)
(0.000848212 0.000489714 -26.0543)
(0.000675379 0.000389929 -20.4172)
(0.000513683 0.000296574 -16.5426)
(0.000739049 0.000426689 -293.876)
(0.000973644 0.000562132 -291.041)
(0.000922163 0.00053241 -286.846)
(0.000800684 0.000462274 -280.647)
(0.000684053 0.000394937 -272.57)
(0.000566826 0.000327257 -262.752)
(0.00044402 0.000256354 -251.348)
(0.000310918 0.000179508 -238.526)
(0.000161849 9.34435e-05 -224.469)
(-5.7626e-06 -3.32703e-06 -209.373)
(-0.000192302 -0.000111025 -193.454)
(-0.000390346 -0.000225366 -176.942)
(-0.000589236 -0.000340195 -160.086)
(-0.000770811 -0.000445027 -143.145)
(-0.000918395 -0.000530234 -126.384)
(-0.00102015 -0.000588981 -110.063)
(-0.00107508 -0.000620697 -94.4281)
(-0.00109039 -0.000629536 -79.7012)
(-0.00107893 -0.000622918 -66.0807)
(-0.00105119 -0.000606905 -53.7449)
(-0.00101132 -0.000583886 -42.8585)
(-0.000950361 -0.00054869 -33.5785)
(-0.000848229 -0.000489724 -26.0543)
(-0.000674624 -0.000389493 -20.4172)
(-0.000512138 -0.000295683 -16.5426)
(0.000812415 0.000178543 -292.337)
(0.00115731 -7.63412e-05 -289.499)
(0.00108589 -3.41131e-05 -285.301)
(0.000941191 -2.42575e-05 -279.116)
(0.000803863 -1.96482e-05 -271.065)
(0.000664855 -1.1846e-05 -261.286)
(0.000519793 -5.76388e-06 -249.934)
(0.000362274 2.11736e-06 -237.176)
(0.000186542 8.49786e-06 -223.193)
(-1.19966e-05 1.87811e-05 -208.183)
(-0.000231559 2.55465e-05 -192.358)
(-0.000467257 4.19299e-05 -175.949)
(-0.000703969 5.83918e-05 -159.2)
(-0.000921744 7.90388e-05 -142.371)
(-0.00109967 9.88925e-05 -125.722)
(-0.00122405 0.00011828 -109.512)
(-0.00129226 0.000132489 -93.9812)
(-0.0013133 0.000143669 -79.3514)
(-0.00130169 0.000149828 -65.8183)
(-0.0012706 0.000154182 -53.5588)
(-0.00122392 0.000153787 -42.7362)
(-0.00115136 0.000148285 -33.5065)
(-0.00102739 0.000130863 -26.0185)
(-0.000811672 8.449e-05 -20.4037)
(-0.000615997 6.25299e-05 -16.5398)
(0.000949974 0.000565186 -294.24)
(0.000595938 0.00035786 -291.406)
(0.000731127 0.000430019 -287.213)
(0.000649455 0.000375048 -281.013)
(0.000574953 0.000324516 -272.93)
(0.000497578 0.000279157 -263.104)
(0.000415548 0.000230185 -251.688)
(0.00032593 0.000180683 -238.852)
(0.000225775 0.000122611 -224.777)
(0.000113233 6.05323e-05 -209.662)
(-1.47363e-05 -1.34195e-05 -193.72)
(-0.00014648 -8.69112e-05 -177.184)
(-0.000279187 -0.000163568 -160.302)
(-0.000400615 -0.000231178 -143.333)
(-0.000499477 -0.000288063 -126.545)
(-0.000568691 -0.000325544 -110.198)
(-0.000607124 -0.000347524 -94.5373)
(-0.000619873 -0.000352639 -79.7865)
(-0.000614841 -0.000349974 -66.1444)
(-0.000599828 -0.000340173 -53.7898)
(-0.000578523 -0.000329995 -42.8876)
(-0.000548922 -0.000314151 -33.595)
(-0.000506274 -0.000292311 -26.0619)
(-0.000444542 -0.000256689 -20.4193)
(-0.000376139 -0.000217247 -16.5427)
(0.00106814 0.000616689 -292.604)
(0.000880799 0.000508529 -289.767)
(0.000981366 0.000566592 -285.569)
(0.000860195 0.000496633 -279.381)
(0.000749904 0.000432957 -271.324)
(0.000639421 0.000369169 -261.539)
(0.000523051 0.000301984 -250.177)
(0.000398139 0.000229865 -237.408)
(0.000257806 0.000148844 -223.412)
(0.000100696 5.81369e-05 -208.387)
(-7.68758e-05 -4.43842e-05 -192.545)
(-0.000263617 -0.000152199 -176.118)
(-0.000453181 -0.000261644 -159.352)
(-0.000627394 -0.000362226 -142.503)
(-0.000771633 -0.000445502 -125.835)
(-0.000873162 -0.00050412 -109.606)
(-0.000931356 -0.000537718 -94.0582)
(-0.000951374 -0.000549275 -79.4121)
(-0.000946288 -0.000546339 -65.8645)
(-0.000925527 -0.000534353 -53.5923)
(-0.000895387 -0.000516952 -42.7592)
(-0.000848966 -0.00049015 -33.5212)
(-0.000775006 -0.00044745 -26.0272)
(-0.00064985 -0.000375191 -20.4083)
(-0.000531397 -0.000306802 -16.5413)
(0.00074553 0.00043043 -293.876)
(0.000971145 0.000560689 -291.041)
(0.000922781 0.000532767 -286.846)
(0.000800674 0.000462268 -280.647)
(0.00068399 0.000394901 -272.57)
(0.000566776 0.000327227 -262.752)
(0.00044395 0.000256314 -251.348)
(0.000311108 0.000179618 -238.526)
(0.000162068 9.35697e-05 -224.469)
(-5.15766e-06 -2.97777e-06 -209.373)
(-0.000191605 -0.000110623 -193.454)
(-0.000389435 -0.00022484 -176.942)
(-0.000588143 -0.000339563 -160.086)
(-0.000769575 -0.000444313 -143.145)
(-0.00091705 -0.000529458 -126.384)
(-0.00101875 -0.000588175 -110.063)
(-0.00107361 -0.000619847 -94.4281)
(-0.00108888 -0.000628666 -79.7012)
(-0.00107738 -0.000622024 -66.0807)
(-0.00104973 -0.000606059 -53.7449)
(-0.00100991 -0.000583068 -42.8585)
(-0.000949258 -0.000548053 -33.5785)
(-0.000847665 -0.000489398 -26.0543)
(-0.000674642 -0.000389503 -20.4172)
(-0.000512985 -0.000296171 -16.5426)
(0.000553797 0.000626958 -292.337)
(0.000502939 0.00104868 -289.499)
(0.000508751 0.000962679 -285.301)
(0.000449509 0.000827263 -279.116)
(0.00038928 0.000701075 -271.065)
(0.000327146 0.000576458 -261.286)
(0.000260715 0.000446659 -249.934)
(0.000187717 0.000307927 -237.176)
(0.000105405 0.000152318 -223.193)
(1.36207e-05 -2.26863e-05 -208.183)
(-9.03574e-05 -0.000216316 -192.358)
(-0.000195331 -0.000426815 -175.949)
(-0.000299447 -0.000640093 -159.2)
(-0.000391773 -0.00083728 -142.371)
(-0.000463734 -0.00100121 -125.722)
(-0.000510499 -0.00111693 -109.512)
(-0.000532503 -0.00118302 -93.9812)
(-0.000534576 -0.0012053 -79.3514)
(-0.000523388 -0.00119853 -65.8183)
(-0.000504726 -0.00117303 -53.5588)
(-0.000480568 -0.00113386 -42.7362)
(-0.000448384 -0.00106913 -33.5065)
(-0.000400148 -0.000955062 -26.0185)
(-0.000332689 -0.000745218 -20.4037)
(-0.000254174 -0.000565005 -16.5398)
(-0.000811894 -0.000164984 -292.337)
(-0.0011572 9.4519e-05 -289.499)
(-0.0010864 4.08855e-05 -285.301)
(-0.00094149 2.28502e-05 -279.116)
(-0.000804421 9.275e-06 -271.065)
(-0.000664854 1.49382e-06 -261.286)
(-0.000520104 -6.69339e-06 -249.934)
(-0.000362111 -1.15771e-05 -237.176)
(-0.000186743 -1.86077e-05 -223.193)
(1.22415e-05 -2.52096e-05 -208.183)
(0.000231435 -3.23758e-05 -192.358)
(0.000467498 -4.56022e-05 -175.949)
(0.000703813 -6.26776e-05 -159.2)
(0.000921975 -8.00292e-05 -142.371)
(0.00109959 -9.99244e-05 -125.722)
(0.00122439 -0.000115812 -109.512)
(0.00129229 -0.000130067 -93.9812)
(0.0013136 -0.000138398 -79.3514)
(0.00130166 -0.000145238 -65.8183)
(0.00127082 -0.000147927 -53.5588)
(0.00122382 -0.000150396 -42.7362)
(0.00115155 -0.00014567 -33.5065)
(0.0010274 -0.000131166 -26.0185)
(0.000811906 -8.4169e-05 -20.4037)
(0.000616238 -6.15093e-05 -16.5398)
(-0.000735045 -0.000424378 -293.876)
(-0.000969375 -0.000559668 -291.041)
(-0.000920859 -0.000531657 -286.846)
(-0.00080137 -0.00046267 -280.647)
(-0.000687148 -0.000396724 -272.57)
(-0.00056963 -0.000328875 -262.752)
(-0.000447411 -0.000258312 -251.348)
(-0.000313294 -0.00018088 -238.526)
(-0.000164585 -9.50228e-05 -224.469)
(4.3746e-06 2.52567e-06 -209.373)
(0.000190654 0.000110074 -193.454)
(0.000389587 0.000224928 -176.942)
(0.000588074 0.000339524 -160.086)
(0.000770675 0.000444948 -143.145)
(0.000918188 0.000530115 -126.384)
(0.00102118 0.000589574 -110.063)
(0.00107601 0.000621233 -94.4281)
(0.00109206 0.000630497 -79.7012)
(0.00108026 0.000623684 -66.0807)
(0.00105303 0.000607967 -53.7449)
(0.0010122 0.000584393 -42.8585)
(0.000951341 0.000549256 -33.5785)
(0.000848537 0.000489902 -26.0543)
(0.000675308 0.000389888 -20.4172)
(0.000512904 0.000296125 -16.5426)
)
;

boundaryField
{
    outletCentralUnloaded
    {
        type            zeroGradient;
    }
    inletCentralUnloaded
    {
        type            fixedValue;
        value           uniform (0 0 -15);
    }
    outletFuelElement
    {
        type            zeroGradient;
    }
    inletFuelElement
    {
        type            fixedValue;
        value           uniform (0 0 -15);
    }
    defaultFaces
    {
        type            slip;
    }
    baffle_master
    {
        type            slip;
    }
    baffle_slave
    {
        type            slip;
    }
}


// ************************************************************************* //
