/*--------------------------------*- C++ -*----------------------------------*\
|       ______          _   __           ______                               |
|      / ____/  ___    / | / /          / ____/  ____   ____ _   ____ ___     |
|     / / __   / _ \  /  |/ /  ______  / /_     / __ \ / __ `/  / __ `__ \    |
|    / /_/ /  /  __/ / /|  /  /_____/ / __/    / /_/ // /_/ /  / / / / / /    |
|    \____/   \___/ /_/ |_/          /_/       \____/ \__,_/  /_/ /_/ /_/     |
|    Copyright (C) 2015 - 2022 EPFL                                           |
\*---------------------------------------------------------------------------*/
FoamFile
{
    version     2.0;
    format      ascii;
    class       faceList;
    object      faces;
}
// * * * * * * * * * * * * * * * * * * * * * * * * * * * * * * * * * * * * * //

365
(
3(0 21 44)
3(21 24 44)
3(9 32 63)
3(32 8 63)
3(40 54 58)
3(20 40 58)
3(20 54 40)
3(21 44 19)
3(59 35 55)
3(52 55 35)
3(59 52 35)
3(59 55 52)
3(38 49 22)
3(38 16 49)
3(22 49 16)
3(32 63 61)
3(32 53 63)
3(32 61 53)
3(53 61 63)
3(41 48 44)
3(41 44 57)
3(41 57 48)
3(48 57 44)
3(35 55 56)
3(35 56 59)
3(32 63 33)
3(9 33 63)
3(21 58 40)
3(21 40 57)
3(40 58 57)
3(52 54 28)
3(52 29 54)
3(51 14 61)
3(32 51 61)
3(32 61 14)
3(32 14 51)
3(34 11 45)
3(34 45 1)
3(39 4 26)
3(39 26 17)
3(46 34 11)
3(46 45 34)
3(42 40 59)
3(41 59 40)
3(41 42 59)
3(32 8 61)
3(56 34 1)
3(56 13 34)
3(42 49 22)
3(42 38 49)
3(31 14 61)
3(31 61 51)
3(50 20 2)
3(50 28 20)
3(35 56 12)
3(35 13 56)
3(57 56 45)
3(57 45 25)
3(25 45 56)
3(48 59 41)
3(64 48 41)
3(64 41 59)
3(64 59 48)
3(7 14 61)
3(32 37 53)
3(32 53 51)
3(32 51 37)
3(53 37 51)
3(32 37 63)
3(53 63 37)
3(42 49 23)
3(45 57 65)
3(56 65 57)
3(45 65 56)
3(43 48 64)
3(43 62 48)
3(43 64 62)
3(64 48 62)
3(30 53 60)
3(60 53 16)
3(30 16 53)
3(53 61 51)
3(53 31 61)
3(53 60 31)
3(15 51 55)
3(51 35 55)
3(15 55 35)
3(15 35 51)
3(48 65 45)
3(48 57 65)
3(48 45 57)
3(27 33 5)
3(10 33 27)
3(64 53 16)
3(60 53 64)
3(59 40 54)
3(58 40 59)
3(56 45 1)
3(56 34 45)
3(51 36 32)
3(51 37 36)
3(62 27 46)
3(62 46 33)
3(62 33 27)
3(27 33 46)
3(62 47 46)
3(62 27 47)
3(43 41 44)
3(43 19 41)
3(41 19 44)
3(54 42 52)
3(42 50 52)
3(54 52 50)
3(54 50 42)
3(35 55 12)
3(35 34 56)
3(20 23 50)
3(56 35 65)
3(34 65 35)
3(34 56 65)
3(57 45 24)
3(57 44 21)
3(57 24 44)
3(43 41 48)
3(43 39 18)
3(18 39 26)
3(43 26 39)
3(64 38 49)
3(64 42 38)
3(64 49 42)
3(40 44 57)
3(41 40 57)
3(41 44 40)
3(64 17 39)
3(64 39 62)
3(62 39 17)
3(42 59 54)
3(42 52 59)
3(54 59 52)
3(49 64 16)
3(38 16 64)
3(21 40 44)
3(41 57 59)
3(59 57 48)
3(8 14 61)
3(43 39 41)
3(43 41 18)
3(52 42 49)
3(42 50 49)
3(29 15 55)
3(15 3 55)
3(57 45 44)
3(37 33 46)
3(46 33 34)
3(37 46 34)
3(43 64 41)
3(43 39 64)
3(64 39 41)
3(48 46 65)
3(37 48 65)
3(37 46 48)
3(37 65 46)
3(51 52 35)
3(52 37 35)
3(51 37 52)
3(51 35 37)
3(42 40 54)
3(64 49 53)
3(64 53 52)
3(64 52 49)
3(59 64 52)
3(42 64 59)
3(42 52 64)
3(54 50 28)
3(54 20 50)
3(64 17 38)
3(64 38 39)
3(46 34 10)
3(37 64 52)
3(59 64 37)
3(59 37 52)
3(62 47 48)
3(62 48 46)
3(59 57 40)
3(42 41 64)
3(64 41 38)
3(45 46 65)
3(49 53 16)
3(19 40 44)
3(27 33 9)
3(62 47 43)
3(63 33 46)
3(63 37 33)
3(63 46 37)
3(63 62 46)
3(63 33 62)
3(51 36 14)
3(29 51 55)
3(52 55 54)
3(52 29 55)
3(34 46 65)
3(45 34 65)
3(42 50 40)
3(40 50 23)
3(42 23 50)
3(63 53 60)
3(53 61 60)
3(62 33 9)
3(46 33 10)
3(37 64 53)
3(37 53 52)
3(64 63 53)
3(56 65 59)
3(59 65 57)
3(63 48 46)
3(62 48 63)
3(59 35 65)
3(62 26 47)
3(50 40 54)
3(64 63 37)
3(64 48 37)
3(63 37 48)
3(64 63 48)
3(51 52 55)
3(30 22 16)
3(15 12 55)
3(59 48 37)
3(15 36 51)
3(51 36 35)
3(59 48 65)
3(59 65 37)
3(20 40 50)
3(43 39 62)
3(59 37 35)
3(37 65 35)
3(37 34 65)
3(62 26 39)
3(43 26 62)
3(30 49 16)
3(0 44 24)
3(0 24 21)
3(9 63 8)
3(9 8 32)
3(20 58 54)
3(0 19 44)
3(0 21 19)
3(38 22 16)
3(59 56 55)
3(9 32 33)
3(21 57 58)
3(54 29 28)
3(52 28 29)
3(45 11 1)
3(34 1 11)
3(17 26 4)
3(39 17 4)
3(46 11 45)
3(41 40 42)
3(63 61 8)
3(13 1 34)
3(56 1 13)
3(42 22 38)
3(31 51 14)
3(20 28 2)
3(50 2 28)
3(13 12 56)
3(35 12 13)
3(57 25 56)
3(31 7 61)
3(31 14 7)
3(49 22 23)
3(42 23 22)
3(30 60 16)
3(53 51 31)
3(31 60 30)
3(53 31 30)
3(10 5 33)
3(10 27 5)
3(60 64 16)
3(58 59 54)
3(36 37 32)
3(27 46 47)
3(43 44 19)
3(56 12 55)
3(35 13 34)
3(50 23 2)
3(20 2 23)
3(25 24 45)
3(57 24 25)
3(57 21 24)
3(20 21 58)
3(20 40 21)
3(43 48 44)
3(43 18 26)
3(64 62 17)
3(8 7 14)
3(8 61 7)
3(41 39 18)
3(52 49 50)
3(29 55 3)
3(29 3 15)
3(25 45 1)
3(25 1 56)
3(24 44 45)
3(37 34 33)
3(53 49 52)
3(54 28 20)
3(39 38 17)
3(10 34 11)
3(46 10 11)
3(41 18 19)
3(43 19 18)
3(8 14 32)
3(48 47 46)
3(59 58 57)
3(42 38 41)
3(48 46 45)
3(52 50 28)
3(19 21 40)
3(9 33 5)
3(27 9 5)
3(47 48 43)
3(32 14 36)
3(29 15 51)
3(54 55 29)
3(42 40 23)
3(63 60 61)
3(17 38 16)
3(64 17 16)
3(32 37 33)
3(62 9 27)
3(10 33 34)
3(64 60 63)
3(56 59 57)
3(27 47 26)
3(27 26 62)
3(31 61 60)
3(63 9 62)
3(6 16 22)
3(30 6 22)
3(30 16 6)
3(3 55 12)
3(15 3 12)
3(15 12 35)
3(15 35 36)
3(20 23 40)
3(10 46 27)
3(53 52 51)
3(19 40 41)
3(54 59 55)
3(48 45 44)
3(41 38 39)
3(15 36 14)
3(51 15 14)
3(64 63 62)
3(37 35 34)
3(18 4 26)
3(39 4 18)
3(37 36 35)
3(62 26 17)
3(43 26 47)
3(22 49 30)
3(51 52 29)
3(49 53 30)
3(50 49 23)
)

// ************************************************************************* //
