/*--------------------------------*- C++ -*----------------------------------*\
|       ______          _   __           ______                               |
|      / ____/  ___    / | / /          / ____/  ____   ____ _   ____ ___     |
|     / / __   / _ \  /  |/ /  ______  / /_     / __ \ / __ `/  / __ `__ \    |
|    / /_/ /  /  __/ / /|  /  /_____/ / __/    / /_/ // /_/ /  / / / / / /    |
|    \____/   \___/ /_/ |_/          /_/       \____/ \__,_/  /_/ /_/ /_/     |
|    Copyright (C) 2015 - 2022 EPFL                                           |
\*---------------------------------------------------------------------------*/
FoamFile
{
    version     2.0;
    format      ascii;
    class       labelList;
    object      owner;
}
// * * * * * * * * * * * * * * * * * * * * * * * * * * * * * * * * * * * * * //

365
(
0
0
1
1
2
2
2
3
4
4
4
4
5
5
5
6
6
6
6
7
7
7
7
8
8
9
9
10
10
10
11
11
12
12
12
12
13
13
14
14
15
15
16
16
16
17
18
18
19
19
20
20
21
21
22
22
23
23
23
24
24
24
24
25
26
26
26
26
27
27
28
29
29
29
30
30
30
30
31
31
31
32
32
33
34
34
34
34
35
35
35
36
36
37
37
38
38
40
40
41
41
42
42
42
42
43
43
44
44
44
45
45
45
45
46
47
48
49
49
49
50
51
51
53
54
54
54
55
55
55
56
56
56
57
57
57
58
58
58
59
59
60
61
61
62
63
63
64
64
65
65
67
68
68
68
69
69
69
70
70
70
70
71
71
71
71
72
73
73
73
74
74
74
75
75
76
76
77
78
78
78
81
81
83
84
84
85
86
88
89
91
92
92
92
93
93
94
95
96
96
97
97
98
98
98
99
99
102
103
104
104
105
106
106
107
107
108
110
111
112
115
115
115
117
118
119
121
122
122
123
123
124
125
126
138
138
141
141
147
0
0
1
1
2
3
3
5
8
9
10
11
11
13
13
14
14
15
16
17
18
18
19
20
21
21
22
22
23
25
25
28
28
31
32
33
33
36
36
37
38
41
43
44
46
47
48
48
50
50
51
52
52
53
54
57
62
62
63
64
65
65
66
66
67
68
73
75
76
77
77
79
79
80
81
83
84
85
87
88
89
89
91
94
95
96
98
99
100
100
101
102
103
105
106
110
110
113
114
118
118
118
119
119
120
122
124
127
128
129
130
134
135
136
136
137
138
140
140
142
143
146
147
148
149
150
)

// ************************************************************************* //
