/*--------------------------------*- C++ -*----------------------------------*\
| =========                 |                                                 |
| \\      /  F ield         | OpenFOAM: The Open Source CFD Toolbox           |
|  \\    /   O peration     | Version:  2212                                  |
|   \\  /    A nd           | Website:  www.openfoam.com                      |
|    \\/     M anipulation  |                                                 |
\*---------------------------------------------------------------------------*/
FoamFile
{
    version     2.0;
    format      ascii;
    arch        "LSB;label=32;scalar=64";
    class       volScalarField;
    location    "23/fluidRegion";
    object      alphat;
}
// * * * * * * * * * * * * * * * * * * * * * * * * * * * * * * * * * * * * * //

dimensions      [1 -1 -1 0 0 0 0];

internalField   nonuniform List<scalar> 
350
(
0.0025847
0.0025847
0.00258471
0.00258471
0.00258471
0.00258471
0.00258472
0.00258472
0.00258473
0.00258475
0.00258478
0.00258482
0.00258488
0.00258497
0.00258511
0.00258532
0.00258564
0.00258614
0.0025869
0.00258805
0.00258982
0.00259253
0.00259667
0.00260298
0.00261264
0.0025847
0.0025847
0.00258471
0.00258471
0.00258471
0.00258471
0.00258472
0.00258472
0.00258473
0.00258475
0.00258478
0.00258482
0.00258488
0.00258497
0.00258511
0.00258532
0.00258564
0.00258614
0.0025869
0.00258805
0.00258982
0.00259253
0.00259667
0.00260298
0.00261264
0.000887231
0.000875018
0.000863241
0.000851361
0.00083927
0.000826864
0.000814044
0.000800721
0.00078682
0.000772289
0.000757106
0.000741279
0.000724847
0.000707866
0.000690405
0.000672561
0.000654544
0.000636882
0.000620859
0.000609413
0.000608885
0.000631989
0.000699219
0.000825111
0.000986179
0.000879786
0.000867576
0.000855822
0.000843972
0.000831918
0.000819559
0.000806793
0.00079353
0.000779694
0.000765236
0.000750134
0.000734403
0.000718092
0.000701265
0.000684002
0.000666403
0.000648676
0.000631337
0.000615651
0.000604535
0.000604325
0.000627784
0.000695616
0.000822721
0.000985556
0.000888422
0.0008762
0.000864416
0.000852526
0.000840424
0.000828006
0.000815173
0.000801836
0.00078792
0.000773373
0.000758171
0.000742323
0.000725866
0.000708855
0.000691357
0.000673467
0.000655397
0.000637676
0.000621593
0.000610084
0.000609495
0.000632536
0.00069968
0.000825423
0.000986298
0.000881497
0.00086929
0.000857533
0.000845678
0.000833618
0.00082125
0.000808473
0.000795197
0.000781347
0.000766872
0.000751751
0.000735998
0.000719658
0.000702795
0.000685486
0.000667831
0.000650036
0.000632622
0.000616858
0.000605665
0.000605382
0.00062876
0.000696453
0.000823278
0.000985702
0.000881497
0.00086929
0.000857533
0.000845678
0.000833618
0.00082125
0.000808473
0.000795197
0.000781347
0.000766872
0.000751751
0.000735998
0.000719658
0.000702795
0.000685486
0.000667831
0.000650036
0.000632622
0.000616858
0.000605665
0.000605382
0.00062876
0.000696453
0.000823278
0.000985702
0.000888422
0.0008762
0.000864416
0.000852525
0.000840423
0.000828005
0.000815173
0.000801836
0.00078792
0.000773372
0.00075817
0.000742323
0.000725866
0.000708855
0.000691356
0.000673467
0.000655397
0.000637676
0.000621592
0.000610083
0.000609494
0.000632535
0.000699679
0.000825424
0.0009863
0.000879786
0.000867576
0.000855822
0.000843972
0.000831918
0.000819559
0.000806793
0.00079353
0.000779694
0.000765236
0.000750134
0.000734403
0.000718092
0.000701265
0.000684002
0.000666403
0.000648676
0.000631337
0.000615651
0.000604535
0.000604325
0.000627784
0.000695616
0.000822721
0.000985556
0.000887231
0.000875018
0.000863241
0.000851361
0.00083927
0.000826864
0.000814044
0.000800722
0.000786821
0.00077229
0.000757106
0.000741279
0.000724847
0.000707866
0.000690405
0.000672561
0.000654544
0.000636881
0.000620859
0.000609412
0.000608884
0.000631988
0.000699217
0.000825109
0.000986177
0.000881497
0.00086929
0.000857533
0.000845678
0.000833618
0.00082125
0.000808473
0.000795197
0.000781347
0.000766872
0.000751751
0.000735998
0.000719658
0.000702795
0.000685486
0.000667831
0.000650036
0.000632622
0.000616858
0.000605665
0.000605382
0.00062876
0.000696453
0.000823278
0.000985702
0.000888422
0.0008762
0.000864416
0.000852526
0.000840424
0.000828006
0.000815173
0.000801837
0.00078792
0.000773373
0.000758171
0.000742323
0.000725866
0.000708855
0.000691357
0.000673467
0.000655397
0.000637676
0.000621592
0.000610083
0.000609494
0.000632535
0.000699678
0.000825421
0.000986295
0.000888422
0.0008762
0.000864416
0.000852526
0.000840423
0.000828005
0.000815173
0.000801836
0.00078792
0.000773373
0.000758171
0.000742323
0.000725866
0.000708855
0.000691356
0.000673467
0.000655397
0.000637676
0.000621592
0.000610083
0.000609493
0.000632535
0.000699679
0.000825422
0.000986298
0.000881497
0.00086929
0.000857534
0.000845678
0.000833619
0.00082125
0.000808473
0.000795197
0.000781348
0.000766872
0.000751751
0.000735998
0.000719658
0.000702795
0.000685486
0.000667831
0.000650036
0.000632622
0.000616858
0.000605665
0.000605381
0.000628759
0.000696451
0.000823276
0.000985699
)
;

boundaryField
{
    outletCentralUnloaded
    {
        type            zeroGradient;
    }
    inletCentralUnloaded
    {
        type            zeroGradient;
    }
    outletFuelElement
    {
        type            zeroGradient;
    }
    inletFuelElement
    {
        type            zeroGradient;
    }
    defaultFaces
    {
        type            zeroGradient;
    }
    baffle_master
    {
        type            calculated;
        value           nonuniform List<scalar> 
150
(
0.0025847
0.0025847
0.0025847
0.0025847
0.0025847
0.0025847
0.00258471
0.00258471
0.00258471
0.00258471
0.00258471
0.00258471
0.00258471
0.00258471
0.00258471
0.00258471
0.00258471
0.00258471
0.00258472
0.00258472
0.00258472
0.00258472
0.00258472
0.00258472
0.00258473
0.00258473
0.00258473
0.00258475
0.00258475
0.00258475
0.00258478
0.00258478
0.00258478
0.00258482
0.00258482
0.00258482
0.00258488
0.00258488
0.00258488
0.00258497
0.00258497
0.00258497
0.00258511
0.00258511
0.00258511
0.00258532
0.00258532
0.00258532
0.00258564
0.00258564
0.00258564
0.00258614
0.00258614
0.00258614
0.0025869
0.0025869
0.0025869
0.00258805
0.00258805
0.00258805
0.00258982
0.00258982
0.00258982
0.00259253
0.00259253
0.00259253
0.00259667
0.00259667
0.00259667
0.00260298
0.00260298
0.00260298
0.00261264
0.00261264
0.00261264
0.0025847
0.0025847
0.0025847
0.0025847
0.0025847
0.0025847
0.00258471
0.00258471
0.00258471
0.00258471
0.00258471
0.00258471
0.00258471
0.00258471
0.00258471
0.00258471
0.00258471
0.00258471
0.00258472
0.00258472
0.00258472
0.00258472
0.00258472
0.00258472
0.00258473
0.00258473
0.00258473
0.00258475
0.00258475
0.00258475
0.00258478
0.00258478
0.00258478
0.00258482
0.00258482
0.00258482
0.00258488
0.00258488
0.00258488
0.00258497
0.00258497
0.00258497
0.00258511
0.00258511
0.00258511
0.00258532
0.00258532
0.00258532
0.00258564
0.00258564
0.00258564
0.00258614
0.00258614
0.00258614
0.0025869
0.0025869
0.0025869
0.00258805
0.00258805
0.00258805
0.00258982
0.00258982
0.00258982
0.00259253
0.00259253
0.00259253
0.00259667
0.00259667
0.00259667
0.00260298
0.00260298
0.00260298
0.00261264
0.00261264
0.00261264
)
;
    }
    baffle_slave
    {
        type            calculated;
        value           nonuniform List<scalar> 
150
(
0.000879786
0.000881497
0.000881497
0.000867576
0.00086929
0.00086929
0.000855822
0.000857533
0.000857534
0.000843972
0.000845678
0.000845678
0.000831918
0.000833618
0.000833619
0.000819559
0.00082125
0.00082125
0.000806793
0.000808473
0.000808473
0.00079353
0.000795197
0.000795197
0.000779694
0.000781347
0.000781348
0.000765236
0.000766872
0.000766872
0.000750134
0.000751751
0.000751751
0.000734403
0.000735998
0.000735998
0.000718092
0.000719658
0.000719658
0.000701265
0.000702795
0.000702795
0.000684002
0.000685486
0.000685486
0.000666403
0.000667831
0.000667831
0.000648676
0.000650036
0.000650036
0.000631337
0.000632622
0.000632622
0.000615651
0.000616858
0.000616858
0.000604535
0.000605665
0.000605665
0.000604325
0.000605382
0.000605381
0.000627784
0.00062876
0.000628759
0.000695616
0.000696453
0.000696451
0.000822721
0.000823278
0.000823276
0.000985556
0.000985702
0.000985699
0.000881497
0.000879786
0.000881497
0.00086929
0.000867576
0.00086929
0.000857533
0.000855822
0.000857533
0.000845678
0.000843972
0.000845678
0.000833618
0.000831918
0.000833618
0.00082125
0.000819559
0.00082125
0.000808473
0.000806793
0.000808473
0.000795197
0.00079353
0.000795197
0.000781347
0.000779694
0.000781347
0.000766872
0.000765236
0.000766872
0.000751751
0.000750134
0.000751751
0.000735998
0.000734403
0.000735998
0.000719658
0.000718092
0.000719658
0.000702795
0.000701265
0.000702795
0.000685486
0.000684002
0.000685486
0.000667831
0.000666403
0.000667831
0.000650036
0.000648676
0.000650036
0.000632622
0.000631337
0.000632622
0.000616858
0.000615651
0.000616858
0.000605665
0.000604535
0.000605665
0.000605382
0.000604325
0.000605382
0.00062876
0.000627784
0.00062876
0.000696453
0.000695616
0.000696453
0.000823278
0.000822721
0.000823278
0.000985702
0.000985556
0.000985702
)
;
    }
}


// ************************************************************************* //
