/*--------------------------------*- C++ -*----------------------------------*\
| =========                 |                                                 |
| \\      /  F ield         | OpenFOAM: The Open Source CFD Toolbox           |
|  \\    /   O peration     | Version:  2212                                  |
|   \\  /    A nd           | Website:  www.openfoam.com                      |
|    \\/     M anipulation  |                                                 |
\*---------------------------------------------------------------------------*/
FoamFile
{
    version     2.0;
    format      ascii;
    arch        "LSB;label=32;scalar=64";
    class       volScalarField;
    location    "23/fluidRegion";
    object      epsilon;
}
// * * * * * * * * * * * * * * * * * * * * * * * * * * * * * * * * * * * * * //

dimensions      [0 2 -3 0 0 0 0];

internalField   nonuniform List<scalar> 
350
(
66.9094
66.8928
66.8763
66.8598
66.8434
66.827
66.8106
66.7944
66.7783
66.7624
66.7469
66.7318
66.7175
66.7043
66.6928
66.684
66.6793
66.6808
66.6917
66.7171
66.7647
66.846
66.9791
67.1911
67.5237
66.9094
66.8928
66.8763
66.8598
66.8434
66.827
66.8106
66.7944
66.7783
66.7624
66.7469
66.7318
66.7175
66.7043
66.6928
66.684
66.6793
66.6808
66.6917
66.7171
66.7647
66.846
66.9791
67.1911
67.5237
5.78638e+06
5.37492e+06
4.90411e+06
4.38643e+06
3.84421e+06
3.29859e+06
2.76851e+06
2.26991e+06
1.81523e+06
1.41314e+06
1.06856e+06
782803
553984
377527
246880
154322
91807.4
51724.6
27456
13676.1
6404.72
2878.43
1329.68
731.016
551.885
5.90663e+06
5.4879e+06
5.00858e+06
4.481e+06
3.92802e+06
3.37124e+06
2.83005e+06
2.32077e+06
1.85614e+06
1.4451e+06
1.09272e+06
800427
566325
385785
252132
157478
93586.6
52656.7
27904.1
13870.2
6478.51
2902.16
1335.84
732.301
552.285
5.76661e+06
5.35632e+06
4.887e+06
4.371e+06
3.83058e+06
3.28682e+06
2.75858e+06
2.26174e+06
1.80867e+06
1.40804e+06
1.06471e+06
780005
552029
376221
246050
153823
91525.4
51576
27383.7
13644.1
6392
2873.94
1328.26
730.581
551.734
5.88002e+06
5.46285e+06
4.98535e+06
4.45992e+06
3.90929e+06
3.35497e+06
2.81624e+06
2.30933e+06
1.84691e+06
1.43788e+06
1.08725e+06
796429
563520
383904
250935
156758
93180
52443.6
27801.7
13825.8
6461.7
2896.79
1334.48
732.034
552.208
5.88002e+06
5.46285e+06
4.98535e+06
4.45992e+06
3.90929e+06
3.35497e+06
2.81624e+06
2.30933e+06
1.84691e+06
1.43788e+06
1.08725e+06
796429
563520
383904
250935
156758
93180
52443.6
27801.7
13825.8
6461.7
2896.79
1334.48
732.034
552.208
5.76662e+06
5.35633e+06
4.88701e+06
4.37101e+06
3.83059e+06
3.28683e+06
2.75858e+06
2.26174e+06
1.80868e+06
1.40804e+06
1.06471e+06
780006
552030
376222
246051
153823
91525.5
51576
27383.8
13644.1
6391.99
2873.93
1328.25
730.579
551.734
5.90663e+06
5.4879e+06
5.00858e+06
4.481e+06
3.92802e+06
3.37124e+06
2.83005e+06
2.32076e+06
1.85614e+06
1.4451e+06
1.09272e+06
800427
566325
385785
252132
157478
93586.6
52656.7
27904.1
13870.2
6478.51
2902.16
1335.84
732.301
552.285
5.78638e+06
5.37492e+06
4.90411e+06
4.38643e+06
3.84421e+06
3.29859e+06
2.76851e+06
2.26991e+06
1.81523e+06
1.41314e+06
1.06856e+06
782803
553984
377527
246880
154322
91807.4
51724.6
27456
13676.1
6404.71
2878.43
1329.68
731.014
551.884
5.88002e+06
5.46285e+06
4.98535e+06
4.45992e+06
3.90929e+06
3.35497e+06
2.81624e+06
2.30933e+06
1.84691e+06
1.43788e+06
1.08725e+06
796429
563520
383904
250935
156758
93180
52443.6
27801.7
13825.8
6461.7
2896.79
1334.48
732.034
552.208
5.76661e+06
5.35632e+06
4.887e+06
4.371e+06
3.83058e+06
3.28682e+06
2.75858e+06
2.26174e+06
1.80867e+06
1.40804e+06
1.06471e+06
780005
552029
376221
246050
153823
91525.4
51576
27383.7
13644.1
6391.99
2873.93
1328.26
730.579
551.732
5.76662e+06
5.35633e+06
4.88701e+06
4.37101e+06
3.83059e+06
3.28683e+06
2.75859e+06
2.26174e+06
1.80868e+06
1.40804e+06
1.06471e+06
780006
552030
376222
246051
153823
91525.5
51576
27383.7
13644.1
6391.99
2873.93
1328.25
730.578
551.733
5.88002e+06
5.46285e+06
4.98535e+06
4.45992e+06
3.90929e+06
3.35497e+06
2.81624e+06
2.30933e+06
1.84691e+06
1.43788e+06
1.08725e+06
796429
563520
383904
250935
156758
93180
52443.6
27801.7
13825.8
6461.7
2896.79
1334.47
732.032
552.206
)
;

boundaryField
{
    outletCentralUnloaded
    {
        type            zeroGradient;
    }
    inletCentralUnloaded
    {
        type            zeroGradient;
    }
    outletFuelElement
    {
        type            zeroGradient;
    }
    inletFuelElement
    {
        type            zeroGradient;
    }
    defaultFaces
    {
        type            zeroGradient;
    }
    baffle_master
    {
        type            zeroGradient;
    }
    baffle_slave
    {
        type            zeroGradient;
    }
}


// ************************************************************************* //
