/*--------------------------------*- C++ -*----------------------------------*\
| =========                 |                                                 |
| \\      /  F ield         | OpenFOAM: The Open Source CFD Toolbox           |
|  \\    /   O peration     | Version:  2212                                  |
|   \\  /    A nd           | Website:  www.openfoam.com                      |
|    \\/     M anipulation  |                                                 |
\*---------------------------------------------------------------------------*/
FoamFile
{
    version     2.0;
    format      ascii;
    arch        "LSB;label=32;scalar=64";
    class       volScalarField;
    location    "23/fluidRegion";
    object      nut;
}
// * * * * * * * * * * * * * * * * * * * * * * * * * * * * * * * * * * * * * //

dimensions      [0 2 -1 0 0 0 0];

internalField   nonuniform List<scalar> 
350
(
0.000537391
0.000537347
0.000537302
0.000537258
0.000537214
0.00053717
0.000537126
0.000537083
0.00053704
0.000536997
0.000536955
0.000536915
0.000536876
0.00053684
0.000536809
0.000536784
0.00053677
0.000536771
0.000536797
0.000536859
0.000536978
0.000537182
0.000537518
0.000538056
0.000539583
0.000537391
0.000537347
0.000537302
0.000537258
0.000537214
0.00053717
0.000537126
0.000537083
0.00053704
0.000536997
0.000536955
0.000536915
0.000536876
0.00053684
0.000536809
0.000536784
0.00053677
0.000536771
0.000536797
0.000536859
0.000536978
0.000537182
0.000537518
0.000538056
0.000539583
0.00944222
0.009274
0.00905891
0.00878813
0.00846623
0.00809805
0.00768869
0.00724342
0.00676775
0.00626747
0.00574869
0.00521796
0.00468233
0.00414938
0.00362703
0.00312325
0.00264561
0.00220093
0.00179506
0.00143301
0.00111931
0.000858274
0.000653818
0.000508026
0.000416434
0.00950072
0.00933188
0.00911625
0.00884444
0.00852109
0.00815108
0.00773951
0.00729169
0.00681316
0.00630971
0.00578749
0.00525307
0.00471357
0.00417662
0.00365024
0.00314251
0.00266111
0.00221295
0.00180397
0.00143924
0.0011233
0.000860539
0.000654869
0.000508366
0.000416496
0.00943268
0.00926446
0.00904952
0.00877894
0.0084573
0.00808945
0.00768047
0.00723563
0.00676046
0.00626071
0.00574249
0.00521236
0.00467736
0.00414505
0.00362334
0.00312018
0.00264313
0.002199
0.0017936
0.00143197
0.0011186
0.000857833
0.000653564
0.000507892
0.000416391
0.00948778
0.00931907
0.00910352
0.00883191
0.00850886
0.00813923
0.00772813
0.00728086
0.00680296
0.0063002
0.00577873
0.00524513
0.00470649
0.00417044
0.00364497
0.00313812
0.00265758
0.00221021
0.00180194
0.00143782
0.0011224
0.00086003
0.000654638
0.000508298
0.000416487
0.00948778
0.00931907
0.00910352
0.00883191
0.00850886
0.00813923
0.00772813
0.00728086
0.00680296
0.0063002
0.00577873
0.00524513
0.00470649
0.00417044
0.00364497
0.00313812
0.00265758
0.00221021
0.00180194
0.00143782
0.0011224
0.00086003
0.000654638
0.000508298
0.000416487
0.00943269
0.00926447
0.00904952
0.00877894
0.00845731
0.00808946
0.00768047
0.00723564
0.00676046
0.00626071
0.00574249
0.00521236
0.00467736
0.00414505
0.00362334
0.00312018
0.00264313
0.002199
0.00179361
0.00143197
0.0011186
0.000857832
0.000653563
0.000507891
0.00041639
0.00950072
0.00933188
0.00911625
0.00884444
0.00852109
0.00815108
0.00773951
0.00729169
0.00681316
0.00630971
0.00578749
0.00525307
0.00471357
0.00417662
0.00365024
0.00314251
0.00266111
0.00221295
0.00180397
0.00143924
0.0011233
0.000860539
0.000654869
0.000508366
0.000416496
0.00944222
0.009274
0.00905891
0.00878813
0.00846623
0.00809805
0.00768869
0.00724342
0.00676775
0.00626747
0.00574869
0.00521796
0.00468233
0.00414938
0.00362703
0.00312325
0.00264561
0.00220093
0.00179506
0.00143301
0.00111931
0.000858274
0.000653818
0.000508026
0.000416433
0.00948778
0.00931907
0.00910352
0.00883191
0.00850886
0.00813923
0.00772813
0.00728086
0.00680295
0.0063002
0.00577873
0.00524513
0.00470649
0.00417044
0.00364497
0.00313812
0.00265758
0.00221021
0.00180194
0.00143782
0.0011224
0.00086003
0.000654638
0.000508298
0.000416487
0.00943268
0.00926446
0.00904952
0.00877894
0.0084573
0.00808945
0.00768047
0.00723563
0.00676046
0.00626071
0.00574249
0.00521236
0.00467736
0.00414505
0.00362334
0.00312018
0.00264313
0.002199
0.0017936
0.00143197
0.0011186
0.000857833
0.000653563
0.000507892
0.00041639
0.00943269
0.00926447
0.00904952
0.00877894
0.00845731
0.00808946
0.00768047
0.00723564
0.00676046
0.00626071
0.00574249
0.00521236
0.00467736
0.00414505
0.00362334
0.00312018
0.00264313
0.002199
0.00179361
0.00143197
0.0011186
0.000857832
0.000653563
0.000507891
0.00041639
0.00948778
0.00931907
0.00910352
0.00883191
0.00850886
0.00813923
0.00772813
0.00728086
0.00680296
0.0063002
0.00577873
0.00524513
0.0047065
0.00417044
0.00364497
0.00313812
0.00265758
0.00221021
0.00180194
0.00143782
0.0011224
0.000860029
0.000654638
0.000508298
0.000416487
)
;

boundaryField
{
    outletCentralUnloaded
    {
        type            zeroGradient;
    }
    inletCentralUnloaded
    {
        type            zeroGradient;
    }
    outletFuelElement
    {
        type            zeroGradient;
    }
    inletFuelElement
    {
        type            zeroGradient;
    }
    defaultFaces
    {
        type            zeroGradient;
    }
    baffle_master
    {
        type            calculated;
        value           nonuniform List<scalar> 
150
(
0.000537391
0.000537391
0.000537391
0.000537347
0.000537347
0.000537347
0.000537302
0.000537302
0.000537302
0.000537258
0.000537258
0.000537258
0.000537214
0.000537214
0.000537214
0.00053717
0.00053717
0.00053717
0.000537126
0.000537126
0.000537126
0.000537083
0.000537083
0.000537083
0.00053704
0.00053704
0.00053704
0.000536997
0.000536997
0.000536997
0.000536955
0.000536955
0.000536955
0.000536915
0.000536915
0.000536915
0.000536876
0.000536876
0.000536876
0.00053684
0.00053684
0.00053684
0.000536809
0.000536809
0.000536809
0.000536784
0.000536784
0.000536784
0.00053677
0.00053677
0.00053677
0.000536771
0.000536771
0.000536771
0.000536797
0.000536797
0.000536797
0.000536859
0.000536859
0.000536859
0.000536978
0.000536978
0.000536978
0.000537182
0.000537182
0.000537182
0.000537518
0.000537518
0.000537518
0.000538056
0.000538056
0.000538056
0.000539583
0.000539583
0.000539583
0.000537391
0.000537391
0.000537391
0.000537347
0.000537347
0.000537347
0.000537302
0.000537302
0.000537302
0.000537258
0.000537258
0.000537258
0.000537214
0.000537214
0.000537214
0.00053717
0.00053717
0.00053717
0.000537126
0.000537126
0.000537126
0.000537083
0.000537083
0.000537083
0.00053704
0.00053704
0.00053704
0.000536997
0.000536997
0.000536997
0.000536955
0.000536955
0.000536955
0.000536915
0.000536915
0.000536915
0.000536876
0.000536876
0.000536876
0.00053684
0.00053684
0.00053684
0.000536809
0.000536809
0.000536809
0.000536784
0.000536784
0.000536784
0.00053677
0.00053677
0.00053677
0.000536771
0.000536771
0.000536771
0.000536797
0.000536797
0.000536797
0.000536859
0.000536859
0.000536859
0.000536978
0.000536978
0.000536978
0.000537182
0.000537182
0.000537182
0.000537518
0.000537518
0.000537518
0.000538056
0.000538056
0.000538056
0.000539583
0.000539583
0.000539583
)
;
    }
    baffle_slave
    {
        type            calculated;
        value           nonuniform List<scalar> 
150
(
0.00950072
0.00948778
0.00948778
0.00933188
0.00931907
0.00931907
0.00911625
0.00910352
0.00910352
0.00884444
0.00883191
0.00883191
0.00852109
0.00850886
0.00850886
0.00815108
0.00813923
0.00813923
0.00773951
0.00772813
0.00772813
0.00729169
0.00728086
0.00728086
0.00681316
0.00680296
0.00680296
0.00630971
0.0063002
0.0063002
0.00578749
0.00577873
0.00577873
0.00525307
0.00524513
0.00524513
0.00471357
0.00470649
0.0047065
0.00417662
0.00417044
0.00417044
0.00365024
0.00364497
0.00364497
0.00314251
0.00313812
0.00313812
0.00266111
0.00265758
0.00265758
0.00221295
0.00221021
0.00221021
0.00180397
0.00180194
0.00180194
0.00143924
0.00143782
0.00143782
0.0011233
0.0011224
0.0011224
0.000860539
0.00086003
0.000860029
0.000654869
0.000654638
0.000654638
0.000508366
0.000508298
0.000508298
0.000416496
0.000416487
0.000416487
0.00948778
0.00950072
0.00948778
0.00931907
0.00933188
0.00931907
0.00910352
0.00911625
0.00910352
0.00883191
0.00884444
0.00883191
0.00850886
0.00852109
0.00850886
0.00813923
0.00815108
0.00813923
0.00772813
0.00773951
0.00772813
0.00728086
0.00729169
0.00728086
0.00680296
0.00681316
0.00680295
0.0063002
0.00630971
0.0063002
0.00577873
0.00578749
0.00577873
0.00524513
0.00525307
0.00524513
0.00470649
0.00471357
0.00470649
0.00417044
0.00417662
0.00417044
0.00364497
0.00365024
0.00364497
0.00313812
0.00314251
0.00313812
0.00265758
0.00266111
0.00265758
0.00221021
0.00221295
0.00221021
0.00180194
0.00180397
0.00180194
0.00143782
0.00143924
0.00143782
0.0011224
0.0011233
0.0011224
0.00086003
0.000860539
0.00086003
0.000654638
0.000654869
0.000654638
0.000508298
0.000508366
0.000508298
0.000416487
0.000416496
0.000416487
)
;
    }
}


// ************************************************************************* //
