-10	429.1
-7	429.1
-6	429.1
-5	429.1
-4	429.1
-3	429.1
-2	429.1
-1	429.6
0	429.6
1	431.3
2	441.5
3	453.0
4	464.4
5	473.3
6	480.4
7	485.7
8	488.3
9	488.3
10	486.4
11	484.9
12	481.4
13	477.8
14	474.1
15	471.4
16	467.7
17	465.0
18	463.3
19	461.4
20	461.4
21	459.6
22	459.6
23	459.6
24	459.6
25	459.6
26	461.3
27	461.3
28	462.8
29	464.1
30	465.4
31	465.4
32	467.3
33	469.0
34	470.1
35	472.0
36	473.1
37	473.7
38	475.9
39	476.7
40	478.6
41	479.1
42	480.8
43	482.3
44	483.6
45	484.2
46	485.7
47	486.3
48	487.4
49	488.5
50	489.8
51	491.3
52	491.9
53	492.8
54	494.5
55	494.5
56	495.7
58	496.8
59	496.8
60	498.7
61	498.7
62	499.8
63	499.8
64	500.5
65	501.1
66	502.2
67	502.2
68	502.2
69	503.6
70	503.6
71	503.6
72	504.1
73	504.8
74	504.8
75	506.3
76	506.3
77	506.3
78	506.3
79	506.3
80	506.9
81	506.9
82	507.4
83	507.4
84	507.4
85	507.4
86	507.4
87	508.2
88	508.2
89	508.2
90	508.2
91	508.2
92	508.2
93	508.2
94	508.2
95	508.2
96	508.8
98	508.8
99	508.8
100	508.2
102	508.2
103	508.2
104	508.2
106	507.7
107	507.1
108	507.1
109	507.1
110	507.1
111	507.1
112	507.1
113	507.1
114	506.6
115	506.0
116	506.0
117	506.0
118	506.0
119	505.2
120	505.2
121	504.4
122	503.9
123	503.9
124	503.9
125	503.9
126	502.8
128	502.8
129	502.2
130	501.4
131	501.4
132	501.4
133	500.3
134	500.3
135	499.8
136	499.2
137	498.7
138	497.9
139	497.3
140	496.8
141	496.0
142	495.3
143	494.5
144	494.5
145	493.6
146	492.6
147	492.1
148	491.5
149	490.8
150	490.0
151	489.3
152	488.5
153	487.6
154	486.6
155	486.1
156	484.4
157	483.8
158	483.1
159	481.6
160	481.6
161	480.2
162	478.9
163	478.9
164	477.4
165	476.8
166	476.3
167	474.6
168	473.5
169	473.5
170	471.8
171	471.8
172	470.1
173	470.1
174	468.8
175	468.2
176	467.5
177	465.9
178	465.4
179	464.6
180	464.6
181	462.8
182	462.8
183	461.4
184	460.2
185	460.2
186	458.3
187	458.3
188	456.9
189	456.9
190	455.8
191	455.8
192	454.5
193	454.5
194	454.5
195	452.8
196	452.8
197	451.5
198	451.5
199	450.9
200	450.2
201	449.1
202	449.1
203	449.1
204	448.3
205	446.6
207	446.6
208	445.4
209	445.4
210	445.4
211	443.9
212	443.9
213	442.8
214	442.8
215	442.8
216	442.8
217	441.3
219	441.3
220	440.2
221	440.2
222	440.2
223	439.1
224	438.5
225	437.9
226	437.9
227	437.9
228	437.9
229	436.4
230	436.4
231	436.4
232	435.3
233	435.3
235	435.3
236	434.7
237	433.8
238	433.8
239	433.8
240	433.2
241	433.2
242	431.9
243	431.9
245	431.9
246	431.3
247	431.3
248	430.0
249	430.0
250	430.0
252	430.0
253	430.0
254	428.7
255	428.7
256	428.7
258	427.6
262	427.0
264	426.2
266	425.7
267	425.7
268	425.1
269	425.1
270	425.1
271	424.5
272	424.5
273	424.5
274	423.8
275	423.2
276	423.2
277	423.2
278	423.2
279	422.7
280	422.7
281	422.1
282	422.1
283	421.6
284	421.6
285	420.9
286	420.9
287	420.9
288	420.9
290	420.9
291	419.6
292	419.6
293	419.6
294	419.6
295	419.6
296	419.6
297	419.1
298	418.3
299	418.3
300	418.3
301	418.3
302	417.7
303	417.7
304	417.7
305	417.2
306	417.2
307	416.6
309	416.6
310	415.4
311	415.4
312	415.4
313	415.4
314	415.4
315	415.4
316	414.9
317	414.9
319	414.3
320	414.3
321	414.3
322	414.3
323	413.8
324	413.8
326	413.0
327	412.4
328	412.4
329	412.4
330	412.4
331	412.4
332	412.4
333	411.8
334	411.3
335	411.3
336	411.3
339	410.2
341	410.2
342	410.2
345	410.2
346	410.2
347	409.6
349	409.6
350	408.8
353	408.8
354	408.8
355	408.3
356	408.3
358	407.7
359	407.7
361	407.7
362	407.2
363	407.2
364	407.2
365	407.2
366	407.2
368	406.6
370	406.0
371	406.0
372	406.0
373	406.0
374	406.0
375	406.0
376	406.0
377	406.0
379	406.0
380	405.4
381	404.9
383	404.9
385	404.9
386	404.9
387	404.9
389	404.9
391	404.3
392	404.3
394	404.3
395	403.6
396	403.6
397	403.0
399	403.0
400	403.0
403	403.0
404	403.0
405	403.0
407	403.0
412	402.4
413	402.4
414	402.4
415	401.8
416	401.8
417	401.8
418	401.8
419	401.8
421	401.8
423	401.3
424	401.3
425	401.3
426	401.3
427	401.3
428	401.3
429	401.3
430	400.6
432	400.6
433	400.6
435	399.9
437	399.9
438	399.9
439	399.9
440	399.9
441	399.9
443	399.9
444	399.9
445	399.9
446	399.9
448	399.9
449	398.8
450	398.8
451	398.8
452	398.8
453	398.8
454	398.8
457	398.3
460	398.3
462	398.3
463	397.7
465	397.7
466	397.7
467	397.7
468	397.7
469	397.7
470	397.7
471	397.7
472	397.7
473	397.7
474	397.7
476	397.7
477	397.7
478	397.1
479	396.6
481	396.6
482	396.6
483	396.6
484	396.6
488	396.6
491	396.6
492	395.9
493	395.9
494	395.9
495	395.9
496	395.9
497	395.9
498	395.9
499	395.9
500	395.9
501	395.4
502	395.4
503	395.4
504	395.4
506	395.4
507	395.4
508	395.4
509	394.7
510	394.7
511	395.2
512	394.1
513	394.7
514	394.7
515	394.7
517	394.7
518	394.1
519	394.1
521	394.1
522	394.1
523	394.1
524	394.1
525	394.1
526	394.1
527	394.1
528	394.1
529	394.1
530	394.1
531	394.1
534	392.9
537	392.9
539	392.9
540	392.9
541	392.9
543	392.9
544	392.9
545	392.9
546	392.9
547	392.9
548	392.9
549	392.9
551	392.9
553	392.9
554	392.9
555	392.9
556	392.9
557	392.9
559	392.9
560	392.9
562	392.4
567	392.4
568	391.8
569	391.8
570	391.8
571	391.8
573	391.8
574	391.8
575	391.8
576	391.8
577	391.8
578	391.8
580	391.8
581	391.8
582	391.2
584	390.7
585	390.7
586	391.2
587	391.8
588	391.8
589	391.8
590	391.8
591	391.8
592	391.8
593	391.2
594	390.7
595	390.7
596	391.2
597	390.7
601	390.7
602	390.7
603	390.7
604	390.7
605	390.7
606	390.7
607	390.7
610	390.1
611	390.7
613	390.7
614	390.7
615	390.7
616	390.7
618	390.7
619	390.7
621	390.1
622	389.6
623	389.6
624	389.6
625	389.6
626	389.6
627	389.6
628	389.6
629	389.6
630	389.6
631	389.6
632	389.6
633	389.6
634	389.6
635	389.6
636	389.6
637	389.6
638	389.6
639	389.6
640	389.6
641	389.6
642	389.6
643	389.6
644	389.6
645	389.6
646	389.6
647	389.6
648	389.6
649	389.6
650	389.6
651	389.6
653	388.9
656	388.4
658	388.4
659	388.4
667	388.4
669	388.4
672	388.4
673	388.4
674	388.4
675	388.4
676	388.4
677	388.4
678	388.4
684	388.4
686	388.4
687	388.4
689	388.4
690	388.4
691	388.4
692	388.4
693	388.4
694	388.4
695	388.4
698	387.8
699	387.2
701	387.2
702	387.2
704	387.2
709	387.2
710	387.2
711	387.2
713	387.2
714	387.2
717	387.2
718	387.2
721	387.2
722	387.2
723	387.2
724	387.2
725	387.2
728	387.2
730	387.2
731	386.7
732	387.2
733	387.2
734	387.2
735	387.2
736	386.7
737	386.7
738	386.7
739	386.7
740	386.7
742	386.7
743	386.7
744	386.1
745	386.1
746	386.1
747	386.1
748	386.1
749	386.1
750	386.1
751	386.1
753	386.1
754	386.1
755	386.1
756	386.1
757	386.1
758	386.1
759	386.1
761	386.1
763	386.1
764	386.1
765	386.1
770	386.1
772	386.1
775	385.6
777	385.6
778	385.6
779	385.6
780	385.6
781	385.6
782	384.9
784	385.6
785	385.6
786	385.6
787	384.9
788	384.9
789	384.9
790	384.9
791	384.9
792	384.9
793	384.9
794	384.9
795	384.9
796	384.9
797	384.9
798	384.9
799	384.9
800	384.9
801	384.9
802	384.9
803	384.9
804	384.9
807	384.9
808	384.9
810	384.9
811	384.9
812	384.9
813	384.9
814	384.9
815	384.9
816	384.9
817	384.9
819	384.9
821	384.9
822	384.9
823	384.9
824	384.9
825	384.9
826	384.9
827	384.9
828	384.9
829	384.9
830	384.9
831	384.9
832	384.9
833	384.9
836	384.9
837	384.9
838	384.9
839	384.4
841	384.4
842	384.4
843	384.4
844	383.8
845	383.8
846	383.8
847	383.8
848	383.8
849	383.8
850	383.8
851	383.8
852	383.8
853	383.8
854	383.8
856	383.8
858	383.8
859	383.8
860	383.8
861	383.8
862	383.8
863	383.8
864	383.8
865	383.8
866	383.8
867	383.8
869	383.8
870	383.8
871	383.8
872	383.8
873	383.8
874	383.8
875	383.8
876	383.8
877	383.8
878	383.8
879	383.8
881	383.8
882	383.8
883	383.8
884	383.8
885	383.8
886	383.8
887	383.8
888	383.8
889	383.2
890	383.2
891	383.2
892	382.7
893	382.7
895	382.7
896	382.7
898	382.7
