-10	0.00
-5	-0.01
0	0.00
5	-0.16
10	-0.63
15	-0.81
20	-0.75
25	-0.73
30	-0.70
35	-0.70
40	-0.68
45	-0.69
50	-0.70
55	-0.70
60	-0.73
65	-0.73
70	-0.75
75	-0.75
80	-0.75
85	-0.76
90	-0.77
95	-0.77
100	-0.76
105	-0.77
110	-0.77
115	-0.75
120	-0.75
125	-0.71
130	-0.72
135	-0.70
140	-0.68
145	-0.66
150	-0.64
155	-0.61
160	-0.61
165	-0.59
170	-0.57
175	-0.55
180	-0.55
185	-0.53
190	-0.51
195	-0.50
200	-0.49
205	-0.48
210	-0.47
215	-0.46
220	-0.46
225	-0.46
230	-0.44
235	-0.44
240	-0.44
245	-0.42
250	-0.41
255	-0.40
260	-0.39
265	-0.37
270	-0.39
275	-0.38
280	-0.37
285	-0.36
290	-0.35
295	-0.33
300	-0.34
