/*--------------------------------*- C++ -*----------------------------------*\
| =========                 |                                                 |
| \\      /  F ield         | OpenFOAM: The Open Source CFD Toolbox           |
|  \\    /   O peration     | Version:  2212                                  |
|   \\  /    A nd           | Website:  www.openfoam.com                      |
|    \\/     M anipulation  |                                                 |
\*---------------------------------------------------------------------------*/
FoamFile
{
    version     2.0;
    format      ascii;
    arch        "LSB;label=32;scalar=64";
    class       volScalarField;
    location    "26/fluidRegion";
    object      alphaRhoMagU;
}
// * * * * * * * * * * * * * * * * * * * * * * * * * * * * * * * * * * * * * //

dimensions      [1 -2 -1 0 0 0 0];

internalField   nonuniform List<scalar> 
350
(
36.8223
36.8223
36.8223
36.8223
36.8223
36.8223
36.8223
36.8223
36.8223
36.8223
36.8223
36.8223
36.8223
36.8223
36.8223
36.8223
36.8223
36.8223
36.8223
36.8223
36.8223
36.8223
36.8223
36.8224
36.9033
36.8223
36.8223
36.8223
36.8223
36.8223
36.8223
36.8223
36.8223
36.8223
36.8223
36.8223
36.8223
36.8223
36.8223
36.8223
36.8223
36.8223
36.8223
36.8223
36.8223
36.8223
36.8223
36.8223
36.8224
36.9033
58.493
58.4154
58.4173
58.418
58.4173
58.4152
58.4115
58.4059
58.3984
58.3887
58.3766
58.3623
58.3456
58.3266
58.3049
58.2793
58.2481
58.2097
58.1641
58.1183
58.0936
58.1512
58.4309
59.1672
59.5661
57.9887
57.9029
57.8999
57.8958
57.8907
57.8844
57.8768
57.8677
57.857
57.8444
57.8303
57.8149
57.7991
57.7838
57.7697
57.7564
57.7428
57.7274
57.7104
57.6993
57.717
57.8282
58.1784
59.007
59.5143
58.5775
58.4996
58.5021
58.5032
58.5029
58.501
58.4975
58.4921
58.4846
58.4748
58.4626
58.4479
58.4304
58.4102
58.3865
58.3581
58.3232
58.2802
58.229
58.1764
58.1435
58.1909
58.4578
59.1792
59.5679
58.1015
58.018
58.0163
58.0135
58.0096
58.0045
57.998
57.9899
57.9801
57.9683
57.9549
57.9399
57.9242
57.9082
57.8925
57.8766
57.8592
57.8387
57.8153
57.7964
57.8046
57.9038
58.238
59.0456
59.5271
58.1015
58.018
58.0163
58.0135
58.0096
58.0045
57.998
57.9899
57.9801
57.9683
57.9549
57.9399
57.9242
57.9082
57.8925
57.8766
57.8592
57.8387
57.8153
57.7964
57.8046
57.9038
58.238
59.0456
59.5271
58.5775
58.4996
58.502
58.5032
58.5028
58.501
58.4975
58.4921
58.4846
58.4748
58.4626
58.4478
58.4304
58.4101
58.3864
58.358
58.3231
58.2801
58.2289
58.1763
58.1434
58.1908
58.4576
59.1791
59.5678
57.9887
57.9029
57.8999
57.8958
57.8907
57.8844
57.8768
57.8677
57.857
57.8444
57.8303
57.8149
57.7991
57.7839
57.7697
57.7564
57.7428
57.7274
57.7104
57.6993
57.717
57.8282
58.1784
59.007
59.5143
58.493
58.4154
58.4173
58.418
58.4173
58.4152
58.4115
58.4059
58.3984
58.3887
58.3766
58.3623
58.3456
58.3266
58.3049
58.2793
58.2481
58.2097
58.1641
58.1183
58.0936
58.1512
58.4309
59.1672
59.5661
58.1015
58.018
58.0163
58.0135
58.0096
58.0045
57.998
57.9899
57.9801
57.9683
57.9549
57.9399
57.9242
57.9082
57.8925
57.8766
57.8592
57.8387
57.8153
57.7964
57.8046
57.9038
58.2379
59.0456
59.5271
58.5775
58.4996
58.5021
58.5032
58.5029
58.501
58.4975
58.4921
58.4846
58.4748
58.4626
58.4479
58.4304
58.4102
58.3865
58.3581
58.3232
58.2802
58.229
58.1764
58.1435
58.1909
58.4578
59.1792
59.5679
58.5775
58.4996
58.502
58.5032
58.5028
58.501
58.4975
58.4921
58.4846
58.4748
58.4626
58.4478
58.4304
58.4101
58.3864
58.358
58.3231
58.2801
58.2289
58.1763
58.1434
58.1908
58.4576
59.1791
59.5678
58.1015
58.018
58.0163
58.0135
58.0096
58.0045
57.998
57.9899
57.9801
57.9684
57.9549
57.9399
57.9242
57.9082
57.8925
57.8766
57.8592
57.8387
57.8153
57.7964
57.8046
57.9038
58.238
59.0456
59.5271
)
;

boundaryField
{
    outletCentralUnloaded
    {
        type            calculated;
        value           nonuniform List<scalar> 2(36.8208 36.8208);
    }
    inletCentralUnloaded
    {
        type            calculated;
        value           nonuniform List<scalar> 2(36.9828 36.9828);
    }
    outletFuelElement
    {
        type            calculated;
        value           nonuniform List<scalar> 
12
(
58.0782
57.5774
58.162
57.6894
57.6894
58.162
57.5774
58.0782
57.6894
58.162
58.162
57.6894
)
;
    }
    inletFuelElement
    {
        type            calculated;
        value           nonuniform List<scalar> 
12
(
59.4666
59.4666
59.4666
59.4666
59.4666
59.4666
59.4666
59.4666
59.4666
59.4666
59.4666
59.4666
)
;
    }
    defaultFaces
    {
        type            calculated;
        value           nonuniform List<scalar> 
450
(
58.493
58.493
58.493
58.4154
58.4154
58.4154
58.4173
58.4173
58.4173
58.418
58.418
58.418
58.4173
58.4173
58.4173
58.4152
58.4152
58.4152
58.4115
58.4115
58.4115
58.4059
58.4059
58.4059
58.3984
58.3984
58.3984
58.3887
58.3887
58.3887
58.3766
58.3766
58.3766
58.3623
58.3623
58.3623
58.3456
58.3456
58.3456
58.3266
58.3266
58.3266
58.3049
58.3049
58.3049
58.2793
58.2793
58.2793
58.2481
58.2481
58.2481
58.2097
58.2097
58.2097
58.1641
58.1641
58.1641
58.1183
58.1183
58.1183
58.0936
58.0936
58.0936
58.1512
58.1512
58.1512
58.4309
58.4309
58.4309
59.1672
59.1672
59.1672
59.5661
59.5661
59.5661
58.5775
58.5775
58.4996
58.4996
58.5021
58.5021
58.5032
58.5032
58.5029
58.5029
58.501
58.501
58.4975
58.4975
58.4921
58.4921
58.4846
58.4846
58.4748
58.4748
58.4626
58.4626
58.4479
58.4479
58.4304
58.4304
58.4102
58.4102
58.3865
58.3865
58.3581
58.3581
58.3232
58.3232
58.2802
58.2802
58.229
58.229
58.1764
58.1764
58.1435
58.1435
58.1909
58.1909
58.4578
58.4578
59.1792
59.1792
59.5679
59.5679
58.1015
58.018
58.0163
58.0135
58.0096
58.0045
57.998
57.9899
57.9801
57.9683
57.9549
57.9399
57.9242
57.9082
57.8925
57.8766
57.8592
57.8387
57.8153
57.7964
57.8046
57.9038
58.238
59.0456
59.5271
58.1015
58.018
58.0163
58.0135
58.0096
58.0045
57.998
57.9899
57.9801
57.9683
57.9549
57.9399
57.9242
57.9082
57.8925
57.8766
57.8592
57.8387
57.8153
57.7964
57.8046
57.9038
58.238
59.0456
59.5271
58.5775
58.5775
58.4996
58.4996
58.502
58.502
58.5032
58.5032
58.5028
58.5028
58.501
58.501
58.4975
58.4975
58.4921
58.4921
58.4846
58.4846
58.4748
58.4748
58.4626
58.4626
58.4478
58.4478
58.4304
58.4304
58.4101
58.4101
58.3864
58.3864
58.358
58.358
58.3231
58.3231
58.2801
58.2801
58.2289
58.2289
58.1763
58.1763
58.1434
58.1434
58.1908
58.1908
58.4576
58.4576
59.1791
59.1791
59.5678
59.5678
58.493
58.493
58.493
58.4154
58.4154
58.4154
58.4173
58.4173
58.4173
58.418
58.418
58.418
58.4173
58.4173
58.4173
58.4152
58.4152
58.4152
58.4115
58.4115
58.4115
58.4059
58.4059
58.4059
58.3984
58.3984
58.3984
58.3887
58.3887
58.3887
58.3766
58.3766
58.3766
58.3623
58.3623
58.3623
58.3456
58.3456
58.3456
58.3266
58.3266
58.3266
58.3049
58.3049
58.3049
58.2793
58.2793
58.2793
58.2481
58.2481
58.2481
58.2097
58.2097
58.2097
58.1641
58.1641
58.1641
58.1183
58.1183
58.1183
58.0936
58.0936
58.0936
58.1512
58.1512
58.1512
58.4309
58.4309
58.4309
59.1672
59.1672
59.1672
59.5661
59.5661
59.5661
58.1015
58.018
58.0163
58.0135
58.0096
58.0045
57.998
57.9899
57.9801
57.9683
57.9549
57.9399
57.9242
57.9082
57.8925
57.8766
57.8592
57.8387
57.8153
57.7964
57.8046
57.9038
58.2379
59.0456
59.5271
58.5775
58.5775
58.4996
58.4996
58.5021
58.5021
58.5032
58.5032
58.5029
58.5029
58.501
58.501
58.4975
58.4975
58.4921
58.4921
58.4846
58.4846
58.4748
58.4748
58.4626
58.4626
58.4479
58.4479
58.4304
58.4304
58.4102
58.4102
58.3865
58.3865
58.3581
58.3581
58.3232
58.3232
58.2802
58.2802
58.229
58.229
58.1764
58.1764
58.1435
58.1435
58.1909
58.1909
58.4578
58.4578
59.1792
59.1792
59.5679
59.5679
58.5775
58.5775
58.4996
58.4996
58.502
58.502
58.5032
58.5032
58.5028
58.5028
58.501
58.501
58.4975
58.4975
58.4921
58.4921
58.4846
58.4846
58.4748
58.4748
58.4626
58.4626
58.4478
58.4478
58.4304
58.4304
58.4101
58.4101
58.3864
58.3864
58.358
58.358
58.3231
58.3231
58.2801
58.2801
58.2289
58.2289
58.1763
58.1763
58.1434
58.1434
58.1908
58.1908
58.4576
58.4576
59.1791
59.1791
59.5678
59.5678
58.1015
58.018
58.0163
58.0135
58.0096
58.0045
57.998
57.9899
57.9801
57.9684
57.9549
57.9399
57.9242
57.9082
57.8925
57.8766
57.8592
57.8387
57.8153
57.7964
57.8046
57.9038
58.238
59.0456
59.5271
)
;
    }
    baffle_master
    {
        type            calculated;
        value           nonuniform List<scalar> 
150
(
36.8223
36.8223
36.8223
36.8223
36.8223
36.8223
36.8223
36.8223
36.8223
36.8223
36.8223
36.8223
36.8223
36.8223
36.8223
36.8223
36.8223
36.8223
36.8223
36.8223
36.8223
36.8223
36.8223
36.8223
36.8223
36.8223
36.8223
36.8223
36.8223
36.8223
36.8223
36.8223
36.8223
36.8223
36.8223
36.8223
36.8223
36.8223
36.8223
36.8223
36.8223
36.8223
36.8223
36.8223
36.8223
36.8223
36.8223
36.8223
36.8223
36.8223
36.8223
36.8223
36.8223
36.8223
36.8223
36.8223
36.8223
36.8223
36.8223
36.8223
36.8223
36.8223
36.8223
36.8223
36.8223
36.8223
36.8223
36.8223
36.8223
36.8224
36.8224
36.8224
36.9033
36.9033
36.9033
36.8223
36.8223
36.8223
36.8223
36.8223
36.8223
36.8223
36.8223
36.8223
36.8223
36.8223
36.8223
36.8223
36.8223
36.8223
36.8223
36.8223
36.8223
36.8223
36.8223
36.8223
36.8223
36.8223
36.8223
36.8223
36.8223
36.8223
36.8223
36.8223
36.8223
36.8223
36.8223
36.8223
36.8223
36.8223
36.8223
36.8223
36.8223
36.8223
36.8223
36.8223
36.8223
36.8223
36.8223
36.8223
36.8223
36.8223
36.8223
36.8223
36.8223
36.8223
36.8223
36.8223
36.8223
36.8223
36.8223
36.8223
36.8223
36.8223
36.8223
36.8223
36.8223
36.8223
36.8223
36.8223
36.8223
36.8223
36.8223
36.8223
36.8224
36.8224
36.8224
36.9033
36.9033
36.9033
)
;
    }
    baffle_slave
    {
        type            calculated;
        value           nonuniform List<scalar> 
150
(
57.9887
58.1015
58.1015
57.9029
58.018
58.018
57.8999
58.0163
58.0163
57.8958
58.0135
58.0135
57.8907
58.0096
58.0096
57.8844
58.0045
58.0045
57.8768
57.998
57.998
57.8677
57.9899
57.9899
57.857
57.9801
57.9801
57.8444
57.9683
57.9684
57.8303
57.9549
57.9549
57.8149
57.9399
57.9399
57.7991
57.9242
57.9242
57.7838
57.9082
57.9082
57.7697
57.8925
57.8925
57.7564
57.8766
57.8766
57.7428
57.8592
57.8592
57.7274
57.8387
57.8387
57.7104
57.8153
57.8153
57.6993
57.7964
57.7964
57.717
57.8046
57.8046
57.8282
57.9038
57.9038
58.1784
58.238
58.238
59.007
59.0456
59.0456
59.5143
59.5271
59.5271
58.1015
57.9887
58.1015
58.018
57.9029
58.018
58.0163
57.8999
58.0163
58.0135
57.8958
58.0135
58.0096
57.8907
58.0096
58.0045
57.8844
58.0045
57.998
57.8768
57.998
57.9899
57.8677
57.9899
57.9801
57.857
57.9801
57.9683
57.8444
57.9683
57.9549
57.8303
57.9549
57.9399
57.8149
57.9399
57.9242
57.7991
57.9242
57.9082
57.7839
57.9082
57.8925
57.7697
57.8925
57.8766
57.7564
57.8766
57.8592
57.7428
57.8592
57.8387
57.7274
57.8387
57.8153
57.7104
57.8153
57.7964
57.6993
57.7964
57.8046
57.717
57.8046
57.9038
57.8282
57.9038
58.238
58.1784
58.2379
59.0456
59.007
59.0456
59.5271
59.5143
59.5271
)
;
    }
}


// ************************************************************************* //
