/*--------------------------------*- C++ -*----------------------------------*\
| =========                 |                                                 |
| \\      /  F ield         | OpenFOAM: The Open Source CFD Toolbox           |
|  \\    /   O peration     | Version:  2212                                  |
|   \\  /    A nd           | Website:  www.openfoam.com                      |
|    \\/     M anipulation  |                                                 |
\*---------------------------------------------------------------------------*/
FoamFile
{
    version     2.0;
    format      ascii;
    arch        "LSB;label=32;scalar=64";
    class       surfaceScalarField;
    location    "26/fluidRegion";
    object      alphaPhi;
}
// * * * * * * * * * * * * * * * * * * * * * * * * * * * * * * * * * * * * * //

dimensions      [0 3 -1 0 0 0 0];

oriented        oriented;

internalField   nonuniform List<scalar> 
661
(
-0.000538833
-1.58903e-15
-0.000538788
-5.32703e-16
-0.000538744
4.66161e-16
-0.000538699
5.7644e-16
-0.000538655
4.876e-16
-0.000538611
5.96249e-16
-0.000538566
9.11623e-16
-0.000538522
4.58812e-16
-0.000538477
-2.659e-16
-0.000538433
5.54592e-16
-0.000538389
-1.86471e-16
-0.000538344
-2.42126e-16
-0.0005383
1.20597e-15
-0.000538255
1.60989e-15
-0.000538211
1.58261e-15
-0.000538167
5.8762e-16
-0.000538122
-5.91787e-16
-0.000538078
6.12245e-16
-0.000538034
-7.0361e-16
-0.000537989
-3.48783e-16
-0.000537945
-8.44177e-16
-0.000537901
8.99941e-17
-0.000537856
-3.87529e-16
-0.000537813
5.17908e-16
-7.60737e-16
-0.000538833
-0.000538788
-0.000538744
-0.000538699
-0.000538655
-0.000538611
-0.000538566
-0.000538522
-0.000538477
-0.000538433
-0.000538389
-0.000538344
-0.0005383
-0.000538255
-0.000538211
-0.000538167
-0.000538122
-0.000538078
-0.000538034
-0.000537989
-0.000537945
-0.000537901
-0.000537856
-0.000537813
-0.0190816
1.27131e-06
-0.018724
6.83733e-07
-0.0182499
7.57143e-07
-0.0176677
6.80352e-07
-0.0169866
6.14676e-07
-0.0162163
5.5239e-07
-0.0153667
4.93192e-07
-0.0144483
4.3347e-07
-0.0134716
3.6765e-07
-0.0124478
2.86453e-07
-0.0113888
1.80424e-07
-0.0103076
3.95434e-08
-0.0092184
-1.32313e-07
-0.00813665
-3.24102e-07
-0.00707884
-5.11771e-07
-0.00606148
-6.66517e-07
-0.00510006
-7.6753e-07
-0.00420812
-8.11726e-07
-0.00339689
-8.12827e-07
-0.00267599
-7.91998e-07
-0.00205418
-7.67014e-07
-0.00154068
-7.40077e-07
-0.00114551
-6.99784e-07
-0.00087842
-6.03367e-07
-5.61608e-07
-0.019201
-5.44698e-08
-5.30029e-08
-0.0188431
-1.90963e-07
-1.93701e-07
-0.0183673
-1.78138e-07
-1.77546e-07
-0.0177826
-1.5487e-07
-1.52402e-07
-0.0170983
-1.34665e-07
-1.3087e-07
-0.016324
-1.15743e-07
-1.11956e-07
-0.0154697
-9.77992e-08
-9.40742e-08
-0.0145459
-8.02819e-08
-7.69134e-08
-0.0135632
-6.1286e-08
-5.79881e-08
-0.0125329
-3.857e-08
-3.54619e-08
-0.0114668
-8.33648e-09
-5.16428e-09
-0.010378
3.03542e-08
3.34956e-08
-0.0092807
8.01773e-08
8.34777e-08
-0.00819069
1.37864e-07
1.41113e-07
-0.00712457
1.9562e-07
1.98793e-07
-0.0060991
2.44358e-07
2.47345e-07
-0.00513
2.77143e-07
2.7988e-07
-0.00423101
2.92132e-07
2.94695e-07
-0.00341354
2.93346e-07
2.95782e-07
-0.0026873
2.8716e-07
2.89738e-07
-0.00206111
2.78815e-07
2.81843e-07
-0.00154426
2.67729e-07
2.71144e-07
-0.00114686
2.4689e-07
2.50642e-07
-0.000878604
1.9336e-07
1.96721e-07
1.46568e-07
1.48885e-07
-0.019062
6.73398e-07
-0.0187047
6.9598e-07
-0.0182309
6.70739e-07
-0.0176491
5.95648e-07
-0.0169686
5.28064e-07
-0.016199
4.65369e-07
-0.0153503
4.05468e-07
-0.0144327
3.44957e-07
-0.013457
2.76688e-07
-0.0124343
1.91463e-07
-0.0113765
7.82803e-08
-0.0102965
-6.97122e-08
-0.00920856
-2.5157e-07
-0.00812812
-4.52788e-07
-0.00707162
-6.4729e-07
-0.00605553
-8.04269e-07
-0.0050953
-9.02971e-07
-0.00420444
-9.41332e-07
-0.00339417
-9.35138e-07
-0.00267408
-9.06769e-07
-0.00205293
-8.73323e-07
-0.00153992
-8.35319e-07
-0.00114509
-7.70345e-07
-0.000878215
-6.32466e-07
-5.08747e-07
-0.0191744
2.65865e-09
-0.0188165
-3.24015e-10
-0.018341
7.69064e-11
-0.0177568
-3.25573e-11
-0.0170732
5.34596e-12
-0.0162997
2.83373e-11
-0.0154465
1.65581e-11
-0.0145239
7.99417e-11
-0.0135425
1.26888e-10
-0.0125136
1.44201e-10
-0.0114491
2.21262e-10
-0.010362
3.54902e-10
-0.00926652
4.56836e-10
-0.00817838
5.71368e-10
-0.00711414
6.40844e-10
-0.00609051
7.03458e-10
-0.00512316
8.06315e-10
-0.00422579
1.0224e-09
-0.00340974
1.20533e-09
-0.00268472
1.42524e-09
-0.00205954
1.65566e-09
-0.00154346
1.70982e-09
-0.00114657
1.68095e-09
-0.000878586
1.41369e-09
8.23468e-10
-0.0191745
-6.67818e-07
-0.0188165
-6.96659e-07
-0.018341
-6.70348e-07
-0.0177569
-5.95524e-07
-0.0170732
-5.27975e-07
-0.0162998
-4.65332e-07
-0.0154465
-4.05469e-07
-0.0145239
-3.44868e-07
-0.0135425
-2.76532e-07
-0.0125136
-1.91246e-07
-0.0114491
-7.79135e-08
-0.010362
7.03287e-08
-0.00926653
2.52352e-07
-0.00817839
4.5375e-07
-0.00711415
6.48332e-07
-0.00609052
8.05392e-07
-0.00512317
9.04248e-07
-0.00422579
9.42958e-07
-0.00340974
9.37111e-07
-0.00268473
9.09226e-07
-0.00205954
8.76362e-07
-0.00154346
8.38753e-07
-0.00114657
7.74067e-07
-0.000878587
6.35929e-07
5.1131e-07
-0.019062
4.98031e-08
-0.0187047
1.90013e-07
-0.0182309
1.77986e-07
-0.0176491
1.55451e-07
-0.0169686
1.35963e-07
-0.016199
1.16705e-07
-0.0153503
9.88545e-08
-0.0144327
8.0841e-08
-0.013457
6.18638e-08
-0.0124343
3.86574e-08
-0.0113765
8.47383e-09
-0.0102965
-3.05853e-08
-0.00920857
-8.04237e-08
-0.00812813
-1.38454e-07
-0.00707163
-1.96377e-07
-0.00605554
-2.45591e-07
-0.00509531
-2.78709e-07
-0.00420445
-2.9415e-07
-0.00339417
-2.95795e-07
-0.00267408
-2.9e-07
-0.00205293
-2.81912e-07
-0.00153992
-2.70865e-07
-0.00114509
-2.49986e-07
-0.000878214
-1.95917e-07
-1.48041e-07
-0.019201
-1.27342e-06
-5.60432e-08
-0.0188431
-6.85827e-07
-1.92735e-07
-0.0183673
-7.56435e-07
-1.78042e-07
-0.0177826
-6.78464e-07
-1.53057e-07
-0.0170983
-6.1167e-07
-1.31801e-07
-0.016324
-5.4991e-07
-1.12773e-07
-0.0154697
-4.90525e-07
-9.49352e-08
-0.0145459
-4.31498e-07
-7.77082e-08
-0.0135632
-3.65571e-07
-5.88653e-08
-0.0125329
-2.84989e-07
-3.62928e-08
-0.0114668
-1.78775e-07
-6.12975e-09
-0.010378
-3.8278e-08
3.2374e-08
-0.0092807
1.33723e-07
8.21706e-08
-0.00819069
3.25187e-07
1.39657e-07
-0.00712457
5.1287e-07
1.97138e-07
-0.0060991
6.67298e-07
2.45479e-07
-0.00513
7.68327e-07
2.77621e-07
-0.00423101
8.12599e-07
2.9174e-07
-0.00341354
8.14134e-07
2.91833e-07
-0.0026873
7.94266e-07
2.84301e-07
-0.00206111
7.71005e-07
2.74293e-07
-0.00154426
7.46384e-07
2.61277e-07
-0.00114686
7.08807e-07
2.38317e-07
-0.000878604
6.14231e-07
1.8343e-07
5.73533e-07
1.36556e-07
-0.0190816
-0.018724
-0.0182499
-0.0176677
-0.0169866
-0.0162163
-0.0153667
-0.0144483
-0.0134716
-0.0124478
-0.0113888
-0.0103076
-0.0092184
-0.00813665
-0.00707884
-0.00606148
-0.00510006
-0.00420812
-0.00339689
-0.00267599
-0.00205418
-0.00154068
-0.00114551
-0.00087842
-0.0191744
-6.73816e-07
2.75151e-09
-0.0188165
-6.96218e-07
-5.6382e-10
-0.018341
-6.70742e-07
2.56859e-10
-0.0177568
-5.95661e-07
1.86844e-10
-0.0170732
-5.27881e-07
2.86171e-10
-0.0162997
-4.6539e-07
2.50265e-10
-0.0154465
-4.05456e-07
4.30599e-10
-0.0145239
-3.45196e-07
4.57211e-10
-0.0135425
-2.76944e-07
6.19162e-10
-0.0125136
-1.92075e-07
7.46056e-10
-0.0114491
-7.89044e-08
8.78309e-10
-0.010362
6.87699e-08
1.01283e-09
-0.00926652
2.50536e-07
1.22823e-09
-0.00817838
4.5147e-07
1.40359e-09
-0.00711414
6.45742e-07
1.75072e-09
-0.00609051
8.02263e-07
2.18841e-09
-0.00512316
9.00557e-07
2.7577e-09
-0.00422579
9.38304e-07
3.48848e-09
-0.00340974
9.3114e-07
4.58551e-09
-0.00268472
9.01321e-07
6.09893e-09
-0.00205954
8.65703e-07
8.14957e-09
-0.00154346
8.24936e-07
1.04627e-08
-0.00114657
7.56648e-07
1.29036e-08
-0.000878586
6.16584e-07
1.36065e-08
4.92942e-07
1.27083e-08
-0.019062
-0.0187047
-0.0182309
-0.0176491
-0.0169686
-0.016199
-0.0153503
-0.0144327
-0.013457
-0.0124343
-0.0113765
-0.0102965
-0.00920856
-0.00812812
-0.00707162
-0.00605553
-0.0050953
-0.00420444
-0.00339417
-0.00267408
-0.00205293
-0.00153992
-0.00114509
-0.000878216
-0.019062
6.6523e-07
-0.0187047
6.93979e-07
-0.0182309
6.70867e-07
-0.0176491
5.97504e-07
-0.0169686
5.31454e-07
-0.016199
4.6811e-07
-0.0153503
4.08459e-07
-0.0144327
3.46936e-07
-0.013457
2.78774e-07
-0.0124343
1.92669e-07
-0.0113765
7.96178e-08
-0.0102965
-6.91108e-08
-0.00920857
-2.50906e-07
-0.00812813
-4.52849e-07
-0.00707162
-6.47567e-07
-0.00605554
-8.05386e-07
-0.00509531
-9.04652e-07
-0.00420445
-9.43919e-07
-0.00339417
-9.38411e-07
-0.00267408
-9.10521e-07
-0.00205293
-8.77017e-07
-0.00153992
-8.38171e-07
-0.00114509
-7.71803e-07
-0.000878214
-6.3184e-07
-5.04815e-07
-0.0191745
-0.0188165
-0.018341
-0.0177569
-0.0170732
-0.0162998
-0.0154465
-0.0145239
-0.0135425
-0.0125136
-0.0114491
-0.010362
-0.00926653
-0.00817839
-0.00711415
-0.00609052
-0.00512317
-0.00422579
-0.00340974
-0.00268473
-0.00205954
-0.00154346
-0.00114657
-0.000878588
)
;

boundaryField
{
    outletCentralUnloaded
    {
        type            calculated;
        value           nonuniform List<scalar> 2(0.000538878 0.000538878);
    }
    inletCentralUnloaded
    {
        type            calculated;
        value           uniform -0.000540134;
    }
    outletFuelElement
    {
        type            calculated;
        value           nonuniform List<scalar> 
12
(
0.0193673
0.0194892
0.0193481
0.0194619
0.019462
0.0193482
0.0194892
0.0193673
0.0194619
0.0193481
0.0193482
0.019462
)
;
    }
    inletFuelElement
    {
        type            calculated;
        value           nonuniform List<scalar> 
12
(
-0.000722059
-0.00072206
-0.000722059
-0.000722059
-0.00072206
-0.000722059
-0.00072206
-0.000722059
-0.000722059
-0.000722059
-0.000722059
-0.00072206
)
;
    }
    defaultFaces
    {
        type            calculated;
        value           nonuniform List<scalar> 
450
(
2.74019e-24
-2.02325e-23
0
1.35347e-23
-1.19894e-24
0
5.96801e-24
2.37851e-23
0
-3.74486e-23
-1.02446e-23
0
-1.44005e-23
-4.87684e-23
0
-3.92551e-23
-1.52841e-23
0
-2.62109e-23
-1.37168e-23
0
-3.05392e-23
-1.60563e-23
0
-1.57934e-23
-6.68854e-24
0
-1.60186e-23
-9.52546e-24
0
-1.36954e-23
-5.80691e-24
0
-2.52306e-24
-1.48005e-24
0
1.03965e-23
5.82616e-24
0
2.29677e-23
4.2367e-24
0
4.02806e-23
1.3834e-23
0
4.00823e-23
2.58943e-23
0
2.96207e-23
-1.54131e-24
0
6.87069e-23
1.40902e-23
0
3.87821e-23
-3.57542e-23
0
-3.42749e-23
-3.97953e-23
0
-2.49836e-23
3.6584e-24
0
3.97765e-23
-3.42095e-23
0
-2.7119e-23
1.35012e-23
0
-9.76778e-24
-1.25287e-23
0
-2.4011e-23
-2.45253e-23
0
3.00851e-23
0
2.40681e-23
0
8.0227e-24
0
1.60454e-23
0
-1.2034e-23
0
2.00567e-23
0
8.0227e-24
0
1.2034e-23
0
-8.0227e-24
0
4.01135e-24
0
2.25638e-24
0
-2.00567e-24
0
-4.01135e-24
0
-1.2034e-23
0
-3.20908e-23
0
-1.60454e-23
0
4.81362e-23
0
-1.60454e-23
0
1.60454e-23
0
-4.81362e-23
0
-4.81362e-23
0
4.81362e-23
0
-8.0227e-24
0
-8.0227e-24
0
-1.60454e-23
0
-1.60454e-23
-1.60454e-23
8.0227e-24
-8.0227e-24
8.0227e-24
0
0
-8.0227e-24
1.2034e-23
0
-2.00567e-24
1.00284e-24
0
8.0227e-24
1.60454e-23
0
-3.20908e-23
0
-1.60454e-23
0
1.60454e-23
-3.20908e-23
-3.20908e-23
0
8.0227e-24
0
0
0
0
0
0
0
0
0
0
0
0
0
0
0
0
0
0
0
0
0
0
0
0
0
-1.2034e-23
1.60454e-23
0
2.40681e-23
2.40681e-23
4.01135e-23
-2.40681e-23
-1.2034e-23
1.2034e-23
-1.2034e-23
-2.00567e-23
-1.2034e-23
-1.2034e-23
-1.2034e-23
-8.0227e-24
-8.0227e-24
1.80511e-23
-8.0227e-24
-6.01702e-24
-4.01135e-24
-2.25638e-24
-1.00284e-24
2.00567e-24
2.7578e-24
8.0227e-24
4.01135e-24
1.60454e-23
1.2034e-23
1.60454e-23
2.00567e-23
2.40681e-23
1.60454e-23
-2.40681e-23
4.81362e-23
1.60454e-23
2.40681e-23
-6.41816e-23
5.61589e-23
-3.20908e-23
-3.20908e-23
8.0227e-24
-3.20908e-23
-3.20908e-23
4.01135e-23
-1.60454e-23
-2.40681e-23
0
-1.60454e-23
-2.40681e-23
-1.60454e-23
2.42088e-23
0
0
-4.40275e-25
0
0
1.59795e-23
0
-6.41816e-23
-5.50298e-23
0
1.60454e-23
2.23037e-23
0
0
-4.62433e-23
0
8.0227e-24
-3.98891e-23
0
8.0227e-24
-3.21426e-23
0
0
-1.08953e-23
0
-1.60454e-23
-2.37316e-23
0
4.01135e-24
-1.89121e-23
0
4.01135e-24
-3.6729e-24
0
5.01419e-25
1.16807e-23
-0
-2.00567e-24
3.05092e-23
-0
-4.01135e-24
4.97334e-23
-0
-8.0227e-24
5.96283e-23
-0
-8.0227e-24
3.67001e-23
-0
-1.60454e-23
7.2753e-23
-0
-1.60454e-23
5.64494e-23
-0
-1.60454e-23
-2.5715e-23
-0
3.20908e-23
4.12362e-24
-0
1.60454e-23
4.19838e-23
-0
0
-2.71531e-23
-0
0
-4.60792e-24
-0
0
-1.69305e-23
-0
1.60454e-23
-1.60454e-23
-1.60454e-23
0
-8.0227e-24
1.60454e-23
-8.0227e-24
0
0
0
-4.01135e-24
-1.00284e-24
1.00284e-24
4.01135e-24
8.0227e-24
0
3.20908e-23
-1.60454e-23
1.60454e-23
-4.81362e-23
1.60454e-23
-1.60454e-23
-3.20908e-23
-1.60454e-23
8.0227e-24
-1.60454e-23
2.40681e-23
0
2.40681e-23
0
0
0
1.60454e-23
0
-1.2034e-23
0
1.2034e-23
0
1.2034e-23
0
1.2034e-23
0
-2.00567e-24
0
4.01135e-24
0
3.25922e-24
0
-1.00284e-24
-0
-8.0227e-24
-0
-1.2034e-23
-0
-1.60454e-23
-0
-2.40681e-23
-0
3.20908e-23
-0
-1.60454e-23
-0
4.81362e-23
-0
-3.20908e-23
-0
-4.01135e-23
-0
4.01135e-23
-0
0
-0
-2.40681e-23
-0
-2.40681e-23
-0
-1.60454e-23
0
-1.60454e-23
4.01135e-23
-1.60454e-23
3.20908e-23
-1.60454e-23
-4.01135e-23
0
1.2034e-23
-1.60454e-23
-3.20908e-23
-4.01135e-24
-2.80794e-23
-8.0227e-24
-2.00567e-23
2.00567e-24
-1.2034e-23
-6.01702e-24
-1.2034e-23
-1.75497e-24
-4.01135e-24
2.00567e-24
7.77199e-24
8.0227e-24
2.00567e-23
8.0227e-24
3.61021e-23
1.60454e-23
5.61589e-23
1.60454e-23
5.61589e-23
0
4.01135e-23
1.60454e-23
8.82497e-23
0
5.61589e-23
1.60454e-23
-4.01135e-23
8.0227e-24
-3.20908e-23
0
4.81362e-23
1.60454e-23
-2.40681e-23
8.0227e-24
-2.00567e-23
0
-1.2034e-23
-0
-0
-0
-0
-0
-0
-0
-0
-0
-0
-0
0
0
0
0
0
0
0
0
0
0
0
0
0
0
)
;
    }
    baffle_master
    {
        type            calculated;
        value           nonuniform List<scalar> 
150
(
-4.58873e-33
0
-2.23568e-32
3.08352e-33
0
0
1.65109e-33
0
-5.5892e-33
-4.9668e-33
0
0
2.84309e-32
0
2.23568e-32
1.28195e-33
0
1.11784e-32
2.12567e-33
0
0
-2.44679e-33
0
5.5892e-33
-1.61732e-33
0
0
-3.48705e-33
0
-1.11784e-32
6.09102e-34
0
0
8.0435e-34
0
0
-6.47377e-33
0
0
-3.41795e-33
0
0
-6.11541e-33
0
2.23568e-32
2.50758e-33
0
0
4.94339e-32
0
3.35352e-32
4.19514e-33
0
-1.11784e-32
3.73141e-32
0
3.35352e-32
1.11676e-33
0
5.5892e-33
-3.40984e-33
0
0
5.09876e-33
0
4.1919e-33
1.22119e-33
0
-5.5892e-33
4.22683e-33
0
0
-8.69309e-33
0
1.11784e-32
0
-5.55229e-32
0
1.11784e-32
-1.67465e-32
0
0
2.20082e-32
-0
-1.11784e-32
2.56447e-32
-0
0
-7.06224e-33
-0
-1.11784e-32
1.39771e-32
-0
0
3.21918e-32
-0
-5.5892e-33
1.55579e-32
-0
-5.5892e-33
-1.22544e-32
0
-1.11784e-32
3.02821e-32
-0
2.7946e-33
-6.61603e-33
0
5.5892e-33
-1.06258e-32
0
-2.23568e-32
4.72558e-32
-0
-2.23568e-32
4.15547e-32
-0
-4.47136e-32
6.38119e-32
-0
0
1.66114e-32
-0
-3.35352e-32
-1.52939e-32
0
-1.11784e-32
2.47639e-32
-0
0
-5.59466e-34
0
0
9.68354e-33
0
1.11784e-32
1.43653e-32
0
5.5892e-33
-3.54442e-33
-0
-1.67676e-32
-1.36598e-32
0
0
-1.35978e-33
-0
2.23568e-32
2.17011e-32
0
)
;
    }
    baffle_slave
    {
        type            calculated;
        value           nonuniform List<scalar> 
150
(
1.17207e-23
-0
8.0227e-24
-8.90018e-24
-0
1.60454e-23
8.08538e-24
-0
0
2.50709e-25
-0
8.0227e-24
-2.61991e-23
-0
-2.40681e-23
7.52128e-24
-0
0
-2.25638e-24
-0
8.0227e-24
2.7578e-24
-0
0
-3.76064e-25
-0
-4.01135e-24
-1.25355e-24
-0
0
1.25355e-24
-0
-1.00284e-24
-1.25355e-25
0
0
-3.76064e-25
0
0
-2.50709e-25
0
0
-1.50426e-24
0
-8.0227e-24
-1.3789e-24
0
1.60454e-23
-4.9139e-23
0
-3.20908e-23
-6.89451e-24
0
0
-3.50993e-23
0
-4.81362e-23
2.50709e-25
0
-1.60454e-23
1.25355e-24
0
0
2.5447e-23
0
3.20908e-23
7.52128e-25
0
0
1.50426e-24
0
0
-6.26773e-25
0
0
-6.95101e-24
3.20908e-23
0
-7.6857e-24
1.54186e-23
0
1.40962e-25
1.76398e-23
0
-3.10094e-24
2.28146e-23
0
-9.56653e-24
-2.69513e-23
0
-1.46e-23
1.95553e-23
0
-9.39661e-24
2.34413e-23
0
-5.67127e-24
1.34129e-23
0
8.52953e-24
1.05298e-23
0
1.58471e-24
7.77199e-24
0
-1.41758e-24
6.39309e-24
0
-1.11431e-27
2.50709e-24
0
2.81689e-24
-1.56693e-24
0
1.41982e-23
-7.70931e-24
0
7.52679e-24
-1.10312e-23
0
-2.71829e-26
-1.78748e-23
0
-4.44237e-23
-1.41337e-23
0
2.29283e-23
-1.26608e-23
0
-1.7373e-23
-3.76064e-25
0
1.11512e-23
1.17833e-23
0
-1.42138e-24
1.22848e-23
0
-2.2878e-23
2.70766e-23
0
-3.01829e-23
-1.5544e-23
0
1.00575e-23
1.25355e-23
0
4.32621e-25
5.51561e-24
0
)
;
    }
}


// ************************************************************************* //
