/*--------------------------------*- C++ -*----------------------------------*\
| =========                 |                                                 |
| \\      /  F ield         | OpenFOAM: The Open Source CFD Toolbox           |
|  \\    /   O peration     | Version:  2212                                  |
|   \\  /    A nd           | Website:  www.openfoam.com                      |
|    \\/     M anipulation  |                                                 |
\*---------------------------------------------------------------------------*/
FoamFile
{
    version     2.0;
    format      ascii;
    arch        "LSB;label=32;scalar=64";
    class       surfaceScalarField;
    location    "26/fluidRegion";
    object      alphaRhoPhi;
}
// * * * * * * * * * * * * * * * * * * * * * * * * * * * * * * * * * * * * * //

dimensions      [1 0 -1 0 0 0 0];

oriented        oriented;

internalField   nonuniform List<scalar> 
661
(
-0.0058482
-1.72458e-14
-0.0058482
-5.78191e-15
-0.0058482
5.06008e-15
-0.0058482
6.25766e-15
-0.0058482
5.29367e-15
-0.0058482
6.47377e-15
-0.0058482
9.89876e-15
-0.0058482
4.98237e-15
-0.0058482
-2.88772e-15
-0.0058482
6.02346e-15
-0.0058482
-2.02544e-15
-0.0058482
-2.63018e-15
-0.0058482
1.31014e-14
-0.0058482
1.74909e-14
-0.0058482
1.71959e-14
-0.0058482
6.38534e-15
-0.0058482
-6.43115e-15
-0.0058482
6.65402e-15
-0.0058482
-7.64763e-15
-0.0058482
-3.79128e-15
-0.0058482
-9.17699e-15
-0.0058482
9.784e-16
-0.0058482
-4.2135e-15
-0.0058482
5.63153e-15
-8.27262e-15
-0.0058482
-0.0058482
-0.0058482
-0.0058482
-0.0058482
-0.0058482
-0.0058482
-0.0058482
-0.0058482
-0.0058482
-0.0058482
-0.0058482
-0.0058482
-0.0058482
-0.0058482
-0.0058482
-0.0058482
-0.0058482
-0.0058482
-0.0058482
-0.0058482
-0.0058482
-0.0058482
-0.0058482
-0.00929317
6.098e-07
-0.00929342
3.33068e-07
-0.00929372
3.77105e-07
-0.00929399
3.48801e-07
-0.00929424
3.2659e-07
-0.00929448
3.06294e-07
-0.0092947
2.87458e-07
-0.00929491
2.67589e-07
-0.00929509
2.42319e-07
-0.00929525
2.03331e-07
-0.00929537
1.39226e-07
-0.0092954
3.35156e-08
-0.0092953
-1.24577e-07
-0.00929502
-3.43239e-07
-0.00929449
-6.18055e-07
-0.00929368
-9.31844e-07
-0.00929256
-1.263e-06
-0.00929111
-1.60124e-06
-0.00928931
-1.9619e-06
-0.0092871
-2.39344e-06
-0.00928431
-2.97683e-06
-0.00928073
-3.78665e-06
-0.00927612
-4.8203e-06
-0.00927075
-5.59311e-06
-6.63601e-06
-0.00921204
-2.61593e-08
-2.54548e-08
-0.00921156
-9.31399e-08
-9.44754e-08
-0.00921103
-8.88353e-08
-8.85398e-08
-0.00921056
-7.94985e-08
-7.82315e-08
-0.00921012
-7.16413e-08
-6.96222e-08
-0.00920972
-6.42601e-08
-6.21578e-08
-0.00920935
-5.70756e-08
-5.49016e-08
-0.00920901
-4.96233e-08
-4.75412e-08
-0.00920872
-4.04459e-08
-3.82693e-08
-0.00920849
-2.74132e-08
-2.52041e-08
-0.00920835
-6.44125e-09
-3.99022e-09
-0.00920838
2.57602e-08
2.84262e-08
-0.00920867
7.55859e-08
7.86972e-08
-0.0092093
1.46188e-07
1.49633e-07
-0.00921037
2.36536e-07
2.40372e-07
-0.00921197
3.42038e-07
3.46219e-07
-0.00921412
4.56566e-07
4.61076e-07
-0.00921685
5.76884e-07
5.81945e-07
-0.00922021
7.0874e-07
7.14624e-07
-0.00922432
8.68574e-07
8.76373e-07
-0.00922946
1.08293e-06
1.09469e-06
-0.00923599
1.37071e-06
1.38819e-06
-0.00924424
1.70141e-06
1.72726e-06
-0.00925347
1.79288e-06
1.82404e-06
1.732e-06
1.75938e-06
-0.0093065
3.23937e-07
-0.00930687
3.40026e-07
-0.00930723
3.35059e-07
-0.00930756
3.06288e-07
-0.00930786
2.81418e-07
-0.00930814
2.58826e-07
-0.00930839
2.37052e-07
-0.00930861
2.13605e-07
-0.0093088
1.82931e-07
-0.00930895
1.36328e-07
-0.00930901
6.05947e-08
-0.00930895
-5.92702e-08
-0.00930869
-2.37598e-07
-0.00930814
-4.81e-07
-0.00930723
-7.8408e-07
-0.0093059
-1.12773e-06
-0.00930411
-1.49006e-06
-0.00930183
-1.86185e-06
-0.00929904
-2.26271e-06
-0.0092956
-2.74643e-06
-0.00929131
-3.39606e-06
-0.00928585
-4.28081e-06
-0.009279
-5.3125e-06
-0.0092715
-5.86669e-06
-6.01256e-06
-0.00923024
1.26997e-09
-0.00922994
-1.57177e-10
-0.00922964
3.81423e-11
-0.00922937
-1.66202e-11
-0.00922912
2.82821e-12
-0.0092289
1.56447e-11
-0.0092287
9.60886e-12
-0.00922851
4.9133e-11
-0.00922836
8.32632e-11
-0.00922825
1.01903e-10
-0.0092282
1.69981e-10
-0.00922826
2.99467e-10
-0.00922849
4.28227e-10
-0.00922895
6.0246e-10
-0.00922969
7.70614e-10
-0.00923077
9.79389e-10
-0.0092322
1.32151e-09
-0.009234
2.00917e-09
-0.0092362
2.89902e-09
-0.0092389
4.29334e-09
-0.00924225
6.40776e-09
-0.0092465
8.72841e-09
-0.00925181
1.15596e-08
-0.00925772
1.30925e-08
9.72759e-09
-0.00923025
-3.21253e-07
-0.00922995
-3.40358e-07
-0.00922965
-3.34863e-07
-0.00922938
-3.06224e-07
-0.00922914
-2.8137e-07
-0.00922891
-2.58805e-07
-0.00922871
-2.37053e-07
-0.00922853
-2.1355e-07
-0.00922837
-1.82828e-07
-0.00922826
-1.36173e-07
-0.00922821
-6.03107e-08
-0.00922828
5.97944e-08
-0.0092285
2.38337e-07
-0.00922896
4.82021e-07
-0.0092297
7.85342e-07
-0.00923078
1.12931e-06
-0.00923221
1.49217e-06
-0.00923401
1.86507e-06
-0.00923622
2.26748e-06
-0.00923891
2.75387e-06
-0.00924226
3.40787e-06
-0.00924651
4.29841e-06
-0.00925182
5.33817e-06
-0.00925773
5.89882e-06
6.04285e-06
-0.00930651
2.39181e-08
-0.00930687
9.26765e-08
-0.00930723
8.87595e-08
-0.00930756
7.97965e-08
-0.00930786
7.23316e-08
-0.00930814
6.47942e-08
-0.00930839
5.76914e-08
-0.00930861
4.99689e-08
-0.00930881
4.08271e-08
-0.00930895
2.74753e-08
-0.00930901
6.54737e-09
-0.00930895
-2.59564e-08
-0.00930869
-7.58181e-08
-0.00930814
-1.46814e-07
-0.00930723
-2.37452e-07
-0.00930589
-3.43763e-07
-0.0093041
-4.59145e-07
-0.00930183
-5.80869e-07
-0.00929903
-7.14657e-07
-0.00929559
-8.77164e-07
-0.0092913
-1.09496e-06
-0.00928583
-1.38676e-06
-0.00927898
-1.72275e-06
-0.00927148
-1.81658e-06
-1.74941e-06
-0.00921204
-6.10812e-07
-2.6915e-08
-0.00921156
-3.34088e-07
-9.40041e-08
-0.00921103
-3.76752e-07
-8.87872e-08
-0.00921056
-3.47833e-07
-7.85679e-08
-0.00921012
-3.24993e-07
-7.01177e-08
-0.00920972
-3.04919e-07
-6.26114e-08
-0.00920935
-2.85903e-07
-5.54041e-08
-0.00920901
-2.66372e-07
-4.80325e-08
-0.00920872
-2.40948e-07
-3.88483e-08
-0.00920849
-2.02291e-07
-2.57947e-08
-0.00920835
-1.37954e-07
-4.7362e-09
-0.00920838
-3.24431e-08
2.74744e-08
-0.00920867
1.25905e-07
7.74651e-08
-0.0092093
3.44388e-07
1.48089e-07
-0.00921037
6.19383e-07
2.38372e-07
-0.00921197
9.32936e-07
3.43607e-07
-0.00921412
1.26431e-06
4.57354e-07
-0.00921685
1.60296e-06
5.76111e-07
-0.00922021
1.96506e-06
7.05084e-07
-0.00922432
2.40029e-06
8.59926e-07
-0.00922946
2.99231e-06
1.06537e-06
-0.00923599
3.81892e-06
1.33767e-06
-0.00924424
4.88245e-06
1.64233e-06
-0.00925347
5.69381e-06
1.7008e-06
6.77692e-06
1.61369e-06
-0.00929318
-0.00929342
-0.00929372
-0.00929399
-0.00929424
-0.00929448
-0.0092947
-0.00929491
-0.00929509
-0.00929525
-0.00929537
-0.0092954
-0.0092953
-0.00929502
-0.00929449
-0.00929368
-0.00929256
-0.00929111
-0.00928931
-0.0092871
-0.00928431
-0.00928073
-0.00927612
-0.00927075
-0.00923024
-3.24138e-07
1.31433e-09
-0.00922994
-3.40142e-07
-2.73504e-10
-0.00922964
-3.3506e-07
1.27391e-10
-0.00922937
-3.06294e-07
9.53822e-11
-0.00922912
-2.8132e-07
1.51395e-10
-0.0092289
-2.58838e-07
1.38168e-10
-0.0092287
-2.37045e-07
2.49881e-10
-0.00922851
-2.13753e-07
2.81007e-10
-0.00922836
-1.831e-07
4.06291e-10
-0.00922825
-1.36764e-07
5.27222e-10
-0.0092282
-6.10778e-08
6.74749e-10
-0.00922826
5.84691e-08
8.54628e-10
-0.00922849
2.36622e-07
1.15131e-09
-0.00922895
4.796e-07
1.47997e-09
-0.00922969
7.82205e-07
2.10524e-09
-0.00923077
1.12492e-06
3.04681e-09
-0.0092322
1.48608e-06
4.51973e-09
-0.009234
1.85586e-06
6.8554e-09
-0.0092362
2.25304e-06
1.10289e-08
-0.0092389
2.72993e-06
1.83721e-08
-0.00924225
3.36642e-06
3.15405e-08
-0.0092465
4.2276e-06
5.34107e-08
-0.00925181
5.21805e-06
8.87359e-08
-0.00925773
5.71937e-06
1.26013e-07
5.82576e-06
1.50123e-07
-0.0093065
-0.00930687
-0.00930723
-0.00930756
-0.00930786
-0.00930814
-0.00930839
-0.00930861
-0.0093088
-0.00930895
-0.00930901
-0.00930895
-0.00930869
-0.00930814
-0.00930723
-0.0093059
-0.00930411
-0.00930183
-0.00929904
-0.0092956
-0.00929131
-0.00928585
-0.00927901
-0.0092715
-0.00930651
3.20008e-07
-0.00930687
3.39048e-07
-0.00930723
3.35122e-07
-0.00930756
3.07242e-07
-0.00930786
2.83224e-07
-0.00930814
2.60351e-07
-0.00930839
2.388e-07
-0.00930861
2.1483e-07
-0.00930881
1.8431e-07
-0.00930895
1.37187e-07
-0.00930901
6.163e-08
-0.00930895
-5.87589e-08
-0.00930869
-2.36971e-07
-0.00930814
-4.81064e-07
-0.00930723
-7.84415e-07
-0.00930589
-1.1293e-06
-0.0093041
-1.49283e-06
-0.00930183
-1.86697e-06
-0.00929903
-2.27063e-06
-0.00929559
-2.75779e-06
-0.0092913
-3.41042e-06
-0.00928583
-4.29542e-06
-0.00927898
-5.32256e-06
-0.00927148
-5.86089e-06
-5.96609e-06
-0.00923025
-0.00922995
-0.00922965
-0.00922938
-0.00922914
-0.00922891
-0.00922871
-0.00922853
-0.00922837
-0.00922826
-0.00922821
-0.00922828
-0.0092285
-0.00922896
-0.0092297
-0.00923078
-0.00923221
-0.00923401
-0.00923621
-0.00923891
-0.00924226
-0.00924651
-0.00925182
-0.00925774
)
;

boundaryField
{
    outletCentralUnloaded
    {
        type            calculated;
        value           nonuniform List<scalar> 2(0.0058482 0.0058482);
    }
    inletCentralUnloaded
    {
        type            calculated;
        value           nonuniform List<scalar> 2(-0.00587369 -0.00587369);
    }
    outletFuelElement
    {
        type            calculated;
        value           nonuniform List<scalar> 
12
(
0.00929264
0.00921268
0.00930622
0.00923052
0.00923053
0.00930623
0.00921268
0.00929264
0.00923052
0.00930622
0.00930623
0.00923053
)
;
    }
    inletFuelElement
    {
        type            calculated;
        value           nonuniform List<scalar> 
12
(
-0.00944461
-0.00944462
-0.00944461
-0.00944461
-0.00944462
-0.00944461
-0.00944462
-0.00944461
-0.00944461
-0.00944461
-0.00944461
-0.00944462
)
;
    }
    defaultFaces
    {
        type            calculated;
        value           nonuniform List<scalar> 
450
(
1.32417e-24
-9.77713e-24
0
6.64294e-24
-5.88449e-25
0
2.99513e-24
1.19369e-23
0
-1.93471e-23
-5.2927e-24
0
-7.71089e-24
-2.61135e-23
0
-2.19375e-23
-8.54143e-24
0
-1.53981e-23
-8.05818e-24
0
-1.90029e-23
-9.991e-24
0
-1.04931e-23
-4.44385e-24
0
-1.14622e-23
-6.81602e-24
0
-1.06539e-23
-4.51731e-24
0
-2.15582e-24
-1.26462e-24
0
9.86788e-24
5.52991e-24
0
2.45188e-23
4.52282e-24
0
4.90293e-23
1.68387e-23
0
5.64679e-23
3.64799e-23
0
4.91013e-23
-2.55499e-24
0
1.36481e-22
2.79891e-23
0
9.42168e-23
-8.68607e-23
0
-1.04192e-22
-1.20974e-22
0
-9.74646e-23
1.4272e-23
0
2.04383e-22
-1.75778e-22
0
-1.87378e-22
9.32865e-23
0
-9.07025e-23
-1.1634e-22
0
-2.83855e-22
-2.89936e-22
0
1.4574e-23
0
1.1842e-23
0
4.03634e-24
0
8.31034e-24
0
-6.45999e-24
0
1.1237e-23
0
4.72508e-24
0
7.50726e-24
0
-5.3439e-24
0
2.8777e-24
0
1.75978e-24
0
-1.71811e-24
0
-3.817e-24
0
-1.28788e-23
0
-3.91559e-23
0
-2.2658e-23
0
7.99736e-23
0
-3.19405e-23
0
3.90568e-23
0
-1.46587e-22
0
-1.88073e-22
0
2.47644e-22
0
-5.54825e-23
0
-7.45359e-23
0
-1.89717e-22
0
-7.66446e-24
-7.78349e-24
3.97891e-24
-4.09551e-24
4.24431e-24
0
0
-4.93084e-24
7.89668e-24
0
-1.54083e-24
8.46198e-25
0
8.45927e-24
1.92945e-23
0
-5.25951e-23
0
-3.85918e-23
0
6.20991e-23
-1.63819e-22
-2.20683e-22
0
9.47717e-23
0
0
0
0
0
0
0
0
0
0
0
0
0
0
0
0
0
0
0
0
0
0
0
0
0
-5.82958e-24
7.77277e-24
0
1.1842e-23
1.2109e-23
2.01817e-23
-1.24655e-23
-6.23275e-24
6.45998e-24
-6.45998e-24
-1.1237e-23
-6.7422e-24
-7.08762e-24
-7.08762e-24
-5.00484e-24
-5.00484e-24
1.20238e-23
-5.3439e-24
-4.31655e-24
-2.8777e-24
-1.75978e-24
-7.82123e-25
1.71811e-24
2.36239e-24
7.634e-24
3.817e-24
1.71717e-23
1.28788e-23
1.95779e-23
2.44724e-23
3.3987e-23
2.2658e-23
-3.99867e-23
7.99735e-23
3.19404e-23
4.79106e-23
-1.56227e-22
1.36698e-22
-9.77247e-23
-9.77247e-23
3.13455e-23
-1.25382e-22
-1.65096e-22
2.0637e-22
-1.10965e-22
-1.66447e-22
0
-1.49072e-22
-2.84576e-22
-1.89717e-22
1.16986e-23
0
0
-2.16091e-25
0
0
8.01955e-24
0
-3.22105e-23
-2.84301e-23
0
8.28956e-24
1.19427e-23
0
0
-2.58428e-23
0
4.48345e-24
-2.34336e-23
0
4.71309e-24
-2.00006e-23
0
0
-7.23878e-24
0
-1.06605e-23
-1.69813e-23
0
2.87035e-24
-1.47121e-23
0
3.12051e-24
-3.13828e-24
0
4.28434e-25
1.10867e-23
-0
-1.90369e-24
3.25696e-23
-0
-4.28226e-24
6.05352e-23
-0
-9.76519e-24
8.40043e-23
-0
-1.13024e-23
6.08366e-23
-0
-2.6598e-23
1.44518e-22
-0
-3.18729e-23
1.37138e-22
-0
-3.89805e-23
-7.81709e-23
-0
9.75528e-23
1.60868e-23
-0
6.25954e-23
2.15724e-22
-0
0
-1.87614e-22
-0
0
-4.27886e-23
-0
0
-2.00151e-22
-0
1.89687e-22
-7.66446e-24
-7.78349e-24
0
-4.09551e-24
8.48862e-24
-4.42923e-24
0
0
0
-2.83474e-24
-7.70416e-25
8.46198e-25
3.76014e-24
8.45927e-24
0
4.46784e-23
-2.62976e-23
3.15317e-23
-1.15775e-22
4.83344e-23
-6.20991e-23
-1.63819e-22
-1.10342e-22
7.42997e-23
-1.89543e-22
1.16592e-23
0
1.1842e-23
0
0
0
8.31034e-24
0
-6.45999e-24
0
6.74221e-24
0
7.08762e-24
0
7.50726e-24
0
-1.33598e-24
0
2.8777e-24
0
2.5419e-24
0
-8.59053e-25
-0
-7.634e-24
-0
-1.28788e-23
-0
-1.95779e-23
-0
-3.3987e-23
-0
5.33157e-23
-0
-3.19405e-23
-0
1.1717e-22
-0
-9.77248e-23
-0
-1.56728e-22
-0
2.0637e-22
-0
0
-0
-2.23608e-22
-0
-2.84576e-22
-0
-7.77277e-24
0
-7.89469e-24
1.97367e-23
-8.07267e-24
1.61453e-23
-8.31034e-24
-2.07758e-23
0
6.45998e-24
-8.98961e-24
-1.79792e-23
-2.36254e-24
-1.65378e-23
-5.00484e-24
-1.25121e-23
1.33597e-24
-8.01585e-24
-4.31655e-24
-8.63311e-24
-1.36872e-24
-3.12849e-24
1.71811e-24
6.65766e-24
7.634e-24
1.9085e-23
8.58584e-24
3.86363e-23
1.95779e-23
6.85227e-23
2.2658e-23
7.93029e-23
0
6.66446e-23
3.19404e-23
1.75672e-22
0
1.36698e-22
4.88623e-23
-1.22156e-22
3.13455e-23
-1.25382e-22
0
2.47644e-22
1.10965e-22
-1.66447e-22
7.45359e-23
-1.8634e-22
0
-1.42288e-22
-0
-0
-0
-0
-0
-0
-0
-0
-0
-0
-0
0
0
0
0
0
0
0
0
0
0
0
0
0
0
)
;
    }
    baffle_master
    {
        type            calculated;
        value           nonuniform List<scalar> 
150
(
-4.98015e-32
0
-2.42639e-31
3.34683e-32
0
0
1.79222e-32
0
-6.06697e-32
-5.3918e-32
0
0
3.08663e-31
0
2.42719e-31
1.39188e-32
0
1.21369e-31
2.30814e-32
0
0
-2.65704e-32
0
6.06947e-32
-1.75644e-32
0
0
-3.78731e-32
0
-1.21409e-31
6.61604e-33
0
0
8.73754e-33
0
0
-7.03295e-32
0
0
-3.71348e-32
0
0
-6.64473e-32
0
2.42919e-31
2.72484e-32
0
0
5.37216e-31
0
3.64439e-31
4.55938e-32
0
-1.2149e-31
4.05572e-31
0
3.64499e-31
1.21392e-32
0
6.07548e-32
-3.70682e-32
0
0
5.54328e-32
0
4.55736e-32
1.32776e-32
0
-6.07698e-32
4.59608e-32
0
0
-9.45329e-32
0
1.21559e-31
0
-6.02591e-31
0
1.21329e-31
-1.81764e-31
0
0
2.38894e-31
-0
-1.21349e-31
2.78391e-31
-0
0
-7.66718e-32
-0
-1.21369e-31
1.51756e-31
-0
0
3.49551e-31
-0
-6.06947e-32
1.68948e-31
-0
-6.06997e-32
-1.33084e-31
0
-1.21409e-31
3.28896e-31
-0
3.03549e-32
-7.18631e-32
0
6.07147e-32
-1.15426e-31
0
-2.42879e-31
5.13375e-31
-0
-2.42899e-31
4.51477e-31
-0
-4.85838e-31
6.93351e-31
-0
0
1.80506e-31
-0
-3.64439e-31
-1.66204e-31
0
-1.2149e-31
2.6914e-31
-0
0
-6.08091e-33
0
0
1.0526e-31
0
1.2152e-31
1.56164e-31
0
6.07648e-32
-3.85343e-32
-0
-1.82309e-31
-1.4852e-31
0
0
-1.47857e-32
-0
2.43119e-31
2.35989e-31
0
)
;
    }
    baffle_slave
    {
        type            calculated;
        value           nonuniform List<scalar> 
150
(
5.58002e-24
-0
3.83223e-24
-4.30283e-24
-0
7.78349e-24
3.99628e-24
-0
0
1.27541e-25
-0
4.09552e-24
-1.38117e-23
-0
-1.27329e-23
4.13769e-24
-0
0
-1.30472e-24
-0
4.65566e-24
1.68886e-24
-0
0
-2.45873e-25
-0
-2.63223e-24
-8.82608e-25
-0
0
9.59471e-25
-0
-7.70416e-25
-1.05384e-25
0
0
-3.51213e-25
0
0
-2.63385e-25
0
0
-1.80235e-24
0
-9.64727e-24
-1.91303e-24
0
2.23392e-23
-8.0264e-23
0
-5.25951e-23
-1.35053e-23
0
0
-8.41669e-23
0
-1.15775e-22
7.53169e-25
0
-4.83344e-23
4.83991e-24
0
0
1.29649e-22
0
1.63819e-22
5.16489e-24
0
0
1.392e-23
0
0
-7.40237e-24
0
0
-3.32031e-24
1.52779e-23
0
-3.72827e-24
7.45419e-24
0
6.99111e-26
8.71862e-24
0
-1.583e-24
1.16063e-23
0
-5.06106e-24
-1.42083e-23
0
-8.06047e-24
1.0758e-23
0
-5.45296e-24
1.35546e-23
0
-3.48563e-24
8.21398e-24
0
5.59703e-24
6.88444e-24
0
1.11988e-24
5.47217e-24
0
-1.08904e-24
4.8933e-24
0
-9.4026e-28
2.10768e-24
0
2.64048e-24
-1.46339e-24
0
1.49708e-23
-8.09908e-24
0
9.05094e-24
-1.32172e-23
0
-3.78454e-26
-2.47988e-23
0
-7.2808e-23
-2.30861e-23
0
4.50577e-23
-2.48006e-23
0
-4.17849e-23
-9.01789e-25
0
3.35913e-23
3.53989e-23
0
-5.50104e-24
4.74311e-23
0
-1.16789e-22
1.37951e-22
0
-2.07563e-22
-1.06741e-22
0
9.3144e-23
1.16e-22
0
5.11053e-24
6.51408e-23
0
)
;
    }
}


// ************************************************************************* //
