/*--------------------------------*- C++ -*----------------------------------*\
| =========                 |                                                 |
| \\      /  F ield         | OpenFOAM: The Open Source CFD Toolbox           |
|  \\    /   O peration     | Version:  2212                                  |
|   \\  /    A nd           | Website:  www.openfoam.com                      |
|    \\/     M anipulation  |                                                 |
\*---------------------------------------------------------------------------*/
FoamFile
{
    version     2.0;
    format      ascii;
    arch        "LSB;label=32;scalar=64";
    class       volScalarField;
    location    "26/fluidRegion";
    object      dgdt;
}
// * * * * * * * * * * * * * * * * * * * * * * * * * * * * * * * * * * * * * //

dimensions      [0 0 -1 0 0 0 0];

internalField   nonuniform List<scalar> 
350
(
0.00532023
0.0053057
0.00530166
0.00529862
0.0052963
0.00529451
0.00529307
0.00529189
0.00529089
0.00529004
0.00528932
0.0052887
0.00528819
0.00528777
0.00528745
0.00528722
0.00528709
0.00528706
0.00528711
0.00528725
0.00528746
0.00528772
0.00526409
0.00520722
0.00261255
0.00532023
0.0053057
0.00530166
0.00529862
0.0052963
0.00529451
0.00529307
0.00529189
0.00529089
0.00529004
0.00528932
0.0052887
0.00528819
0.00528777
0.00528745
0.00528722
0.00528709
0.00528706
0.00528711
0.00528725
0.00528746
0.00528772
0.00526409
0.00520722
0.00261255
34.1844
42.672
56.5785
69.4509
81.2259
91.8526
101.289
109.498
116.434
122.038
126.221
128.859
129.8
128.887
126.014
121.176
114.497
106.212
96.5876
85.8295
74.0228
61.1168
47.0076
31.7632
20.3879
34.1863
42.5397
56.5749
69.5688
81.4584
92.1924
101.73
110.033
117.061
122.756
127.032
129.767
130.803
129.975
127.163
122.348
115.65
107.302
97.5859
86.7163
74.7879
61.7509
47.4967
32.0892
20.5859
34.1719
42.6703
56.5568
69.4103
81.1675
91.7778
101.199
109.394
116.316
121.906
126.075
128.699
129.626
128.702
125.821
120.981
114.307
106.033
96.4248
85.6851
73.8986
61.0141
46.9285
31.7104
20.3558
34.195
42.5874
56.5922
69.5577
81.4202
92.1289
101.642
109.923
116.929
122.603
126.857
129.568
130.581
129.733
126.906
122.084
115.389
107.055
97.3587
86.5141
74.6132
61.6059
47.3847
32.0145
20.5406
34.195
42.5874
56.5922
69.5577
81.4202
92.1289
101.642
109.923
116.929
122.603
126.857
129.568
130.581
129.733
126.906
122.084
115.389
107.055
97.3587
86.5141
74.6132
61.6059
47.3847
32.0145
20.5406
34.1719
42.6703
56.5568
69.4103
81.1675
91.7778
101.199
109.393
116.316
121.906
126.075
128.699
129.626
128.702
125.821
120.981
114.307
106.033
96.4247
85.6851
73.8986
61.0141
46.9285
31.7104
20.3558
34.1863
42.5397
56.5749
69.5688
81.4584
92.1924
101.73
110.033
117.061
122.756
127.032
129.767
130.803
129.975
127.163
122.348
115.65
107.302
97.5859
86.7163
74.7879
61.7509
47.4967
32.0892
20.5859
34.1844
42.672
56.5785
69.451
81.2259
91.8526
101.289
109.498
116.434
122.038
126.221
128.859
129.8
128.887
126.014
121.176
114.497
106.211
96.5876
85.8294
74.0228
61.1168
47.0076
31.7632
20.3879
34.195
42.5874
56.5922
69.5577
81.4202
92.1289
101.642
109.923
116.929
122.603
126.857
129.568
130.581
129.733
126.906
122.084
115.389
107.055
97.3587
86.5141
74.6132
61.6059
47.3847
32.0145
20.5406
34.1719
42.6703
56.5568
69.4103
81.1675
91.7778
101.199
109.394
116.316
121.906
126.075
128.699
129.626
128.702
125.821
120.981
114.307
106.033
96.4248
85.6851
73.8986
61.0141
46.9285
31.7104
20.3558
34.1719
42.6703
56.5568
69.4103
81.1675
91.7778
101.199
109.393
116.316
121.906
126.075
128.699
129.626
128.702
125.821
120.981
114.307
106.033
96.4247
85.6851
73.8985
61.0141
46.9285
31.7104
20.3558
34.195
42.5874
56.5922
69.5577
81.4202
92.1289
101.642
109.923
116.929
122.603
126.857
129.568
130.581
129.733
126.906
122.084
115.389
107.055
97.3587
86.5141
74.6132
61.6059
47.3847
32.0145
20.5406
)
;

boundaryField
{
    outletCentralUnloaded
    {
        type            calculated;
        value           nonuniform List<scalar> 2(0.00532023 0.00532023);
    }
    inletCentralUnloaded
    {
        type            calculated;
        value           nonuniform List<scalar> 2(0.00261255 0.00261255);
    }
    outletFuelElement
    {
        type            calculated;
        value           nonuniform List<scalar> 
12
(
34.1844
34.1863
34.1719
34.195
34.195
34.1719
34.1863
34.1844
34.195
34.1719
34.1719
34.195
)
;
    }
    inletFuelElement
    {
        type            calculated;
        value           nonuniform List<scalar> 
12
(
20.3879
20.5859
20.3558
20.5406
20.5406
20.3558
20.5859
20.3879
20.5406
20.3558
20.3558
20.5406
)
;
    }
    defaultFaces
    {
        type            calculated;
        value           nonuniform List<scalar> 
450
(
34.1844
34.1844
34.1844
42.672
42.672
42.672
56.5785
56.5785
56.5785
69.4509
69.4509
69.4509
81.2259
81.2259
81.2259
91.8526
91.8526
91.8526
101.289
101.289
101.289
109.498
109.498
109.498
116.434
116.434
116.434
122.038
122.038
122.038
126.221
126.221
126.221
128.859
128.859
128.859
129.8
129.8
129.8
128.887
128.887
128.887
126.014
126.014
126.014
121.176
121.176
121.176
114.497
114.497
114.497
106.212
106.212
106.212
96.5876
96.5876
96.5876
85.8295
85.8295
85.8295
74.0228
74.0228
74.0228
61.1168
61.1168
61.1168
47.0076
47.0076
47.0076
31.7632
31.7632
31.7632
20.3879
20.3879
20.3879
34.1719
34.1719
42.6703
42.6703
56.5568
56.5568
69.4103
69.4103
81.1675
81.1675
91.7778
91.7778
101.199
101.199
109.394
109.394
116.316
116.316
121.906
121.906
126.075
126.075
128.699
128.699
129.626
129.626
128.702
128.702
125.821
125.821
120.981
120.981
114.307
114.307
106.033
106.033
96.4248
96.4248
85.6851
85.6851
73.8986
73.8986
61.0141
61.0141
46.9285
46.9285
31.7104
31.7104
20.3558
20.3558
34.195
42.5874
56.5922
69.5577
81.4202
92.1289
101.642
109.923
116.929
122.603
126.857
129.568
130.581
129.733
126.906
122.084
115.389
107.055
97.3587
86.5141
74.6132
61.6059
47.3847
32.0145
20.5406
34.195
42.5874
56.5922
69.5577
81.4202
92.1289
101.642
109.923
116.929
122.603
126.857
129.568
130.581
129.733
126.906
122.084
115.389
107.055
97.3587
86.5141
74.6132
61.6059
47.3847
32.0145
20.5406
34.1719
34.1719
42.6703
42.6703
56.5568
56.5568
69.4103
69.4103
81.1675
81.1675
91.7778
91.7778
101.199
101.199
109.393
109.393
116.316
116.316
121.906
121.906
126.075
126.075
128.699
128.699
129.626
129.626
128.702
128.702
125.821
125.821
120.981
120.981
114.307
114.307
106.033
106.033
96.4247
96.4247
85.6851
85.6851
73.8986
73.8986
61.0141
61.0141
46.9285
46.9285
31.7104
31.7104
20.3558
20.3558
34.1844
34.1844
34.1844
42.672
42.672
42.672
56.5785
56.5785
56.5785
69.451
69.451
69.451
81.2259
81.2259
81.2259
91.8526
91.8526
91.8526
101.289
101.289
101.289
109.498
109.498
109.498
116.434
116.434
116.434
122.038
122.038
122.038
126.221
126.221
126.221
128.859
128.859
128.859
129.8
129.8
129.8
128.887
128.887
128.887
126.014
126.014
126.014
121.176
121.176
121.176
114.497
114.497
114.497
106.211
106.211
106.211
96.5876
96.5876
96.5876
85.8294
85.8294
85.8294
74.0228
74.0228
74.0228
61.1168
61.1168
61.1168
47.0076
47.0076
47.0076
31.7632
31.7632
31.7632
20.3879
20.3879
20.3879
34.195
42.5874
56.5922
69.5577
81.4202
92.1289
101.642
109.923
116.929
122.603
126.857
129.568
130.581
129.733
126.906
122.084
115.389
107.055
97.3587
86.5141
74.6132
61.6059
47.3847
32.0145
20.5406
34.1719
34.1719
42.6703
42.6703
56.5568
56.5568
69.4103
69.4103
81.1675
81.1675
91.7778
91.7778
101.199
101.199
109.394
109.394
116.316
116.316
121.906
121.906
126.075
126.075
128.699
128.699
129.626
129.626
128.702
128.702
125.821
125.821
120.981
120.981
114.307
114.307
106.033
106.033
96.4248
96.4248
85.6851
85.6851
73.8986
73.8986
61.0141
61.0141
46.9285
46.9285
31.7104
31.7104
20.3558
20.3558
34.1719
34.1719
42.6703
42.6703
56.5568
56.5568
69.4103
69.4103
81.1675
81.1675
91.7778
91.7778
101.199
101.199
109.393
109.393
116.316
116.316
121.906
121.906
126.075
126.075
128.699
128.699
129.626
129.626
128.702
128.702
125.821
125.821
120.981
120.981
114.307
114.307
106.033
106.033
96.4247
96.4247
85.6851
85.6851
73.8985
73.8985
61.0141
61.0141
46.9285
46.9285
31.7104
31.7104
20.3558
20.3558
34.195
42.5874
56.5922
69.5577
81.4202
92.1289
101.642
109.923
116.929
122.603
126.857
129.568
130.581
129.733
126.906
122.084
115.389
107.055
97.3587
86.5141
74.6132
61.6059
47.3847
32.0145
20.5406
)
;
    }
    baffle_master
    {
        type            calculated;
        value           nonuniform List<scalar> 
150
(
0.00532023
0.00532023
0.00532023
0.0053057
0.0053057
0.0053057
0.00530166
0.00530166
0.00530166
0.00529862
0.00529862
0.00529862
0.0052963
0.0052963
0.0052963
0.00529451
0.00529451
0.00529451
0.00529307
0.00529307
0.00529307
0.00529189
0.00529189
0.00529189
0.00529089
0.00529089
0.00529089
0.00529004
0.00529004
0.00529004
0.00528932
0.00528932
0.00528932
0.0052887
0.0052887
0.0052887
0.00528819
0.00528819
0.00528819
0.00528777
0.00528777
0.00528777
0.00528745
0.00528745
0.00528745
0.00528722
0.00528722
0.00528722
0.00528709
0.00528709
0.00528709
0.00528706
0.00528706
0.00528706
0.00528711
0.00528711
0.00528711
0.00528725
0.00528725
0.00528725
0.00528746
0.00528746
0.00528746
0.00528772
0.00528772
0.00528772
0.00526409
0.00526409
0.00526409
0.00520722
0.00520722
0.00520722
0.00261255
0.00261255
0.00261255
0.00532023
0.00532023
0.00532023
0.0053057
0.0053057
0.0053057
0.00530166
0.00530166
0.00530166
0.00529862
0.00529862
0.00529862
0.0052963
0.0052963
0.0052963
0.00529451
0.00529451
0.00529451
0.00529307
0.00529307
0.00529307
0.00529189
0.00529189
0.00529189
0.00529089
0.00529089
0.00529089
0.00529004
0.00529004
0.00529004
0.00528932
0.00528932
0.00528932
0.0052887
0.0052887
0.0052887
0.00528819
0.00528819
0.00528819
0.00528777
0.00528777
0.00528777
0.00528745
0.00528745
0.00528745
0.00528722
0.00528722
0.00528722
0.00528709
0.00528709
0.00528709
0.00528706
0.00528706
0.00528706
0.00528711
0.00528711
0.00528711
0.00528725
0.00528725
0.00528725
0.00528746
0.00528746
0.00528746
0.00528772
0.00528772
0.00528772
0.00526409
0.00526409
0.00526409
0.00520722
0.00520722
0.00520722
0.00261255
0.00261255
0.00261255
)
;
    }
    baffle_slave
    {
        type            calculated;
        value           nonuniform List<scalar> 
150
(
34.1863
34.195
34.195
42.5397
42.5874
42.5874
56.5749
56.5922
56.5922
69.5688
69.5577
69.5577
81.4584
81.4202
81.4202
92.1924
92.1289
92.1289
101.73
101.642
101.642
110.033
109.923
109.923
117.061
116.929
116.929
122.756
122.603
122.603
127.032
126.857
126.857
129.767
129.568
129.568
130.803
130.581
130.581
129.975
129.733
129.733
127.163
126.906
126.906
122.348
122.084
122.084
115.65
115.389
115.389
107.302
107.055
107.055
97.5859
97.3587
97.3587
86.7163
86.5141
86.5141
74.7879
74.6132
74.6132
61.7509
61.6059
61.6059
47.4967
47.3847
47.3847
32.0892
32.0145
32.0145
20.5859
20.5406
20.5406
34.195
34.1863
34.195
42.5874
42.5397
42.5874
56.5922
56.5749
56.5922
69.5577
69.5688
69.5577
81.4202
81.4584
81.4202
92.1289
92.1924
92.1289
101.642
101.73
101.642
109.923
110.033
109.923
116.929
117.061
116.929
122.603
122.756
122.603
126.857
127.032
126.857
129.568
129.767
129.568
130.581
130.803
130.581
129.733
129.975
129.733
126.906
127.163
126.906
122.084
122.348
122.084
115.389
115.65
115.389
107.055
107.302
107.055
97.3587
97.5859
97.3587
86.5141
86.7163
86.5141
74.6132
74.7879
74.6132
61.6059
61.7509
61.6059
47.3847
47.4967
47.3847
32.0145
32.0892
32.0145
20.5406
20.5859
20.5406
)
;
    }
}


// ************************************************************************* //
