/*--------------------------------*- C++ -*----------------------------------*\
| =========                 |                                                 |
| \\      /  F ield         | OpenFOAM: The Open Source CFD Toolbox           |
|  \\    /   O peration     | Version:  2212                                  |
|   \\  /    A nd           | Website:  www.openfoam.com                      |
|    \\/     M anipulation  |                                                 |
\*---------------------------------------------------------------------------*/
FoamFile
{
    version     2.0;
    format      ascii;
    arch        "LSB;label=32;scalar=64";
    class       volScalarField;
    location    "26/fluidRegion";
    object      htc;
}
// * * * * * * * * * * * * * * * * * * * * * * * * * * * * * * * * * * * * * //

dimensions      [1 0 -3 -1 0 0 0];

internalField   nonuniform List<scalar> 
350
(
3100.76
3100.77
3100.79
3100.81
3100.82
3100.84
3100.86
3100.88
3100.89
3100.91
3100.93
3100.94
3100.96
3100.98
3100.99
3101.01
3101.03
3101.04
3101.06
3101.08
3101.09
3101.11
3101.13
3101.14
3106.61
3100.76
3100.77
3100.79
3100.81
3100.82
3100.84
3100.86
3100.88
3100.89
3100.91
3100.93
3100.94
3100.96
3100.98
3100.99
3101.01
3101.03
3101.04
3101.06
3101.08
3101.09
3101.11
3101.13
3101.14
3106.61
26139
26079.9
25925.3
25647.6
25248.1
24729.2
24093.9
23346.3
22492
21538.2
20494.7
19373.9
18190.3
16959.5
15696.6
14414
13121.3
11826.7
10540.1
9278.36
8069.88
6960.23
6016.85
5325.48
4894.53
26222.1
26162.9
26009.1
25731.4
25331.6
24811.7
24174.9
23424.9
22567.3
21609.1
20560
19432.5
18241.2
17002.3
15731.6
14442.1
13143.6
11844.1
10553.1
9287.13
8074.32
6960.48
6013.89
5321.52
4892.72
26125.8
26066.4
25911.8
25634
25234.6
24715.9
24080.9
23333.7
22479.9
21526.9
20484.4
19364.6
18182.2
16952.7
15690.9
14409.3
13117.5
11823.6
10537.6
9276.48
8068.58
6959.46
6016.47
5325.23
4894.39
26203.6
26144.5
25990.5
25712.8
25313
24793.3
24156.7
23407.3
22550.3
21593.1
20545.3
19419.2
18229.7
16992.6
15723.7
14435.7
13138.6
11840.2
10550.2
9285.21
8073.39
6960.52
6014.67
5322.54
4893.2
26203.6
26144.5
25990.5
25712.8
25313
24793.3
24156.7
23407.3
22550.3
21593.1
20545.3
19419.2
18229.7
16992.6
15723.7
14435.7
13138.6
11840.2
10550.2
9285.21
8073.39
6960.52
6014.67
5322.54
4893.2
26125.8
26066.4
25911.8
25634
25234.6
24715.9
24080.9
23333.7
22479.9
21526.9
20484.4
19364.6
18182.2
16952.7
15690.9
14409.3
13117.5
11823.6
10537.6
9276.47
8068.58
6959.46
6016.46
5325.22
4894.38
26222.1
26162.9
26009.1
25731.4
25331.6
24811.7
24174.9
23424.9
22567.3
21609.1
20560
19432.5
18241.2
17002.3
15731.6
14442.1
13143.6
11844.1
10553.1
9287.13
8074.32
6960.48
6013.89
5321.52
4892.72
26139
26079.9
25925.3
25647.6
25248.1
24729.2
24093.9
23346.3
22492
21538.2
20494.7
19373.9
18190.3
16959.5
15696.6
14414
13121.3
11826.7
10540.1
9278.36
8069.88
6960.23
6016.85
5325.48
4894.53
26203.6
26144.5
25990.5
25712.8
25313
24793.3
24156.7
23407.3
22550.3
21593.1
20545.3
19419.2
18229.7
16992.6
15723.7
14435.7
13138.6
11840.2
10550.2
9285.21
8073.39
6960.52
6014.67
5322.54
4893.2
26125.8
26066.4
25911.8
25634
25234.6
24715.9
24080.9
23333.7
22479.9
21526.9
20484.4
19364.6
18182.2
16952.7
15690.9
14409.3
13117.5
11823.6
10537.6
9276.48
8068.58
6959.46
6016.47
5325.23
4894.39
26125.8
26066.4
25911.8
25634
25234.6
24715.9
24080.9
23333.7
22479.9
21526.9
20484.4
19364.6
18182.2
16952.7
15690.9
14409.3
13117.5
11823.6
10537.6
9276.47
8068.58
6959.45
6016.46
5325.22
4894.38
26203.6
26144.5
25990.5
25712.7
25313
24793.3
24156.7
23407.3
22550.3
21593.1
20545.3
19419.2
18229.7
16992.6
15723.7
14435.7
13138.6
11840.2
10550.2
9285.21
8073.39
6960.52
6014.67
5322.54
4893.2
)
;

boundaryField
{
    outletCentralUnloaded
    {
        type            zeroGradient;
    }
    inletCentralUnloaded
    {
        type            zeroGradient;
    }
    outletFuelElement
    {
        type            zeroGradient;
    }
    inletFuelElement
    {
        type            zeroGradient;
    }
    defaultFaces
    {
        type            zeroGradient;
    }
    baffle_master
    {
        type            zeroGradient;
    }
    baffle_slave
    {
        type            zeroGradient;
    }
}


// ************************************************************************* //
