/*--------------------------------*- C++ -*----------------------------------*\
| =========                 |                                                 |
| \\      /  F ield         | OpenFOAM: The Open Source CFD Toolbox           |
|  \\    /   O peration     | Version:  2212                                  |
|   \\  /    A nd           | Website:  www.openfoam.com                      |
|    \\/     M anipulation  |                                                 |
\*---------------------------------------------------------------------------*/
FoamFile
{
    version     2.0;
    format      ascii;
    arch        "LSB;label=32;scalar=64";
    class       volScalarField;
    location    "26/fluidRegion";
    object      k;
}
// * * * * * * * * * * * * * * * * * * * * * * * * * * * * * * * * * * * * * //

dimensions      [0 2 -2 0 0 0 0];

internalField   nonuniform List<scalar> 
350
(
0.420909
0.420839
0.42077
0.420701
0.420632
0.420563
0.420495
0.420427
0.420359
0.420293
0.420229
0.420167
0.420109
0.420056
0.420013
0.419984
0.419976
0.419999
0.420072
0.420221
0.420483
0.420922
0.421628
0.422744
0.424486
0.420909
0.420839
0.42077
0.420701
0.420632
0.420563
0.420495
0.420427
0.420359
0.420293
0.420229
0.420167
0.420109
0.420056
0.420013
0.419984
0.419976
0.419999
0.420072
0.420221
0.420483
0.420922
0.421628
0.422744
0.424486
364.67
345.805
323.948
299.453
273.044
245.447
217.37
189.48
162.393
136.656
112.737
91.0118
71.7543
55.1259
41.1693
29.8094
20.8661
14.0767
9.12675
5.68107
3.41151
2.01605
1.23343
0.852267
0.716346
369.669
350.597
328.496
303.706
276.965
249.007
220.551
192.275
164.803
138.691
114.416
92.3605
72.8061
55.9189
41.7447
30.2094
21.1308
14.2422
9.22335
5.73285
3.43634
2.02631
1.23691
0.853233
0.716723
363.84
345.008
323.196
298.752
272.4
244.865
216.851
189.026
162.003
136.328
112.467
90.7957
71.5862
54.9994
41.0775
29.7456
20.8238
14.0501
9.11101
5.67244
3.40717
2.01406
1.23261
0.851951
0.716229
368.572
349.543
327.493
302.766
276.096
248.216
219.843
191.651
164.263
138.235
114.038
92.0565
72.5685
55.7394
41.6142
30.1185
21.0706
14.2045
9.20134
5.72105
3.4307
2.02399
1.23614
0.85303
0.716647
368.572
349.543
327.493
302.766
276.096
248.216
219.843
191.651
164.263
138.235
114.038
92.0565
72.5685
55.7394
41.6142
30.1185
21.0706
14.2045
9.20134
5.72105
3.4307
2.02399
1.23614
0.85303
0.716647
363.84
345.008
323.196
298.752
272.401
244.865
216.851
189.026
162.003
136.328
112.467
90.7957
71.5862
54.9994
41.0775
29.7456
20.8238
14.0501
9.11101
5.67243
3.40716
2.01406
1.23261
0.851948
0.716227
369.669
350.597
328.496
303.706
276.965
249.007
220.551
192.275
164.803
138.691
114.416
92.3605
72.8061
55.9189
41.7447
30.2094
21.1308
14.2422
9.22335
5.73285
3.43635
2.02631
1.23691
0.853233
0.716723
364.67
345.805
323.948
299.453
273.044
245.447
217.37
189.48
162.393
136.656
112.737
91.0118
71.7543
55.1259
41.1693
29.8094
20.8661
14.0767
9.12674
5.68107
3.4115
2.01604
1.23342
0.852259
0.716338
368.572
349.543
327.493
302.766
276.096
248.216
219.843
191.651
164.263
138.235
114.038
92.0565
72.5685
55.7394
41.6142
30.1185
21.0706
14.2045
9.20134
5.72105
3.4307
2.02399
1.23614
0.853028
0.716645
363.84
345.008
323.196
298.752
272.4
244.865
216.851
189.026
162.003
136.328
112.467
90.7957
71.5862
54.9994
41.0775
29.7456
20.8238
14.0501
9.11102
5.67244
3.40717
2.01407
1.23262
0.85196
0.716238
363.84
345.008
323.196
298.752
272.401
244.865
216.851
189.026
162.003
136.328
112.467
90.7957
71.5862
54.9994
41.0775
29.7456
20.8238
14.0501
9.11101
5.67243
3.40716
2.01406
1.2326
0.851948
0.716228
368.572
349.543
327.493
302.766
276.096
248.217
219.843
191.651
164.264
138.235
114.038
92.0565
72.5685
55.7394
41.6142
30.1185
21.0706
14.2045
9.20132
5.72104
3.43069
2.02398
1.23613
0.853019
0.716636
)
;

boundaryField
{
    outletCentralUnloaded
    {
        type            zeroGradient;
    }
    inletCentralUnloaded
    {
        type            zeroGradient;
    }
    outletFuelElement
    {
        type            zeroGradient;
    }
    inletFuelElement
    {
        type            zeroGradient;
    }
    defaultFaces
    {
        type            zeroGradient;
    }
    baffle_master
    {
        type            zeroGradient;
    }
    baffle_slave
    {
        type            zeroGradient;
    }
}


// ************************************************************************* //
