/*--------------------------------*- C++ -*----------------------------------*\
| =========                 |                                                 |
| \\      /  F ield         | OpenFOAM: The Open Source CFD Toolbox           |
|  \\    /   O peration     | Version:  2212                                  |
|   \\  /    A nd           | Website:  www.openfoam.com                      |
|    \\/     M anipulation  |                                                 |
\*---------------------------------------------------------------------------*/
FoamFile
{
    version     2.0;
    format      ascii;
    arch        "LSB;label=32;scalar=64";
    class       volScalarField;
    location    "26/fluidRegion";
    object      p_rgh;
}
// * * * * * * * * * * * * * * * * * * * * * * * * * * * * * * * * * * * * * //

dimensions      [1 -1 -2 0 0 0 0];

internalField   nonuniform List<scalar> 
350
(
3.44743e+06
3.44772e+06
3.44802e+06
3.44831e+06
3.44861e+06
3.44891e+06
3.4492e+06
3.4495e+06
3.44979e+06
3.45009e+06
3.45038e+06
3.45068e+06
3.45097e+06
3.45127e+06
3.45156e+06
3.45186e+06
3.45216e+06
3.45245e+06
3.45275e+06
3.45304e+06
3.45334e+06
3.45363e+06
3.45393e+06
3.45422e+06
3.45451e+06
3.44743e+06
3.44772e+06
3.44802e+06
3.44831e+06
3.44861e+06
3.44891e+06
3.4492e+06
3.4495e+06
3.44979e+06
3.45009e+06
3.45038e+06
3.45068e+06
3.45097e+06
3.45127e+06
3.45156e+06
3.45186e+06
3.45216e+06
3.45245e+06
3.45275e+06
3.45304e+06
3.45334e+06
3.45363e+06
3.45393e+06
3.45422e+06
3.45451e+06
3.47197e+06
3.52029e+06
3.56817e+06
3.61531e+06
3.66141e+06
3.70619e+06
3.74939e+06
3.79077e+06
3.83012e+06
3.86725e+06
3.902e+06
3.93422e+06
3.96381e+06
3.99068e+06
4.01478e+06
4.03611e+06
4.05471e+06
4.07066e+06
4.0841e+06
4.09517e+06
4.10407e+06
4.11102e+06
4.11623e+06
4.12e+06
4.12265e+06
3.47197e+06
3.52029e+06
3.56817e+06
3.61531e+06
3.66141e+06
3.70619e+06
3.74939e+06
3.79077e+06
3.83012e+06
3.86725e+06
3.902e+06
3.93422e+06
3.96381e+06
3.99068e+06
4.01478e+06
4.03611e+06
4.05471e+06
4.07066e+06
4.0841e+06
4.09517e+06
4.10407e+06
4.11102e+06
4.11623e+06
4.12e+06
4.12265e+06
3.47197e+06
3.52029e+06
3.56817e+06
3.61531e+06
3.66141e+06
3.70619e+06
3.74939e+06
3.79077e+06
3.83012e+06
3.86725e+06
3.902e+06
3.93422e+06
3.96381e+06
3.99068e+06
4.01478e+06
4.03611e+06
4.05471e+06
4.07066e+06
4.0841e+06
4.09517e+06
4.10407e+06
4.11102e+06
4.11623e+06
4.12e+06
4.12265e+06
3.47197e+06
3.52029e+06
3.56817e+06
3.61531e+06
3.66141e+06
3.70619e+06
3.74939e+06
3.79077e+06
3.83012e+06
3.86725e+06
3.902e+06
3.93422e+06
3.96381e+06
3.99068e+06
4.01478e+06
4.03611e+06
4.05471e+06
4.07066e+06
4.0841e+06
4.09517e+06
4.10407e+06
4.11102e+06
4.11623e+06
4.12e+06
4.12265e+06
3.47197e+06
3.52029e+06
3.56817e+06
3.61531e+06
3.66141e+06
3.70619e+06
3.74939e+06
3.79077e+06
3.83012e+06
3.86725e+06
3.902e+06
3.93422e+06
3.96381e+06
3.99068e+06
4.01478e+06
4.03611e+06
4.05471e+06
4.07066e+06
4.0841e+06
4.09517e+06
4.10407e+06
4.11102e+06
4.11623e+06
4.12e+06
4.12265e+06
3.47197e+06
3.52029e+06
3.56817e+06
3.61531e+06
3.66141e+06
3.70619e+06
3.74939e+06
3.79077e+06
3.83012e+06
3.86725e+06
3.902e+06
3.93422e+06
3.96381e+06
3.99068e+06
4.01478e+06
4.03611e+06
4.05471e+06
4.07066e+06
4.0841e+06
4.09517e+06
4.10407e+06
4.11102e+06
4.11623e+06
4.12e+06
4.12265e+06
3.47197e+06
3.52029e+06
3.56817e+06
3.61531e+06
3.66141e+06
3.70619e+06
3.74939e+06
3.79077e+06
3.83012e+06
3.86725e+06
3.902e+06
3.93422e+06
3.96381e+06
3.99068e+06
4.01478e+06
4.03611e+06
4.05471e+06
4.07066e+06
4.0841e+06
4.09517e+06
4.10407e+06
4.11102e+06
4.11623e+06
4.12e+06
4.12265e+06
3.47197e+06
3.52029e+06
3.56817e+06
3.61531e+06
3.66141e+06
3.70619e+06
3.74939e+06
3.79077e+06
3.83012e+06
3.86725e+06
3.902e+06
3.93422e+06
3.96381e+06
3.99068e+06
4.01478e+06
4.03611e+06
4.05471e+06
4.07066e+06
4.0841e+06
4.09517e+06
4.10407e+06
4.11102e+06
4.11623e+06
4.12e+06
4.12265e+06
3.47197e+06
3.52029e+06
3.56817e+06
3.61531e+06
3.66141e+06
3.70619e+06
3.74939e+06
3.79077e+06
3.83012e+06
3.86725e+06
3.902e+06
3.93422e+06
3.96381e+06
3.99068e+06
4.01478e+06
4.03611e+06
4.05471e+06
4.07066e+06
4.0841e+06
4.09517e+06
4.10407e+06
4.11102e+06
4.11623e+06
4.12e+06
4.12265e+06
3.47197e+06
3.52029e+06
3.56817e+06
3.61531e+06
3.66141e+06
3.70619e+06
3.74939e+06
3.79077e+06
3.83012e+06
3.86725e+06
3.902e+06
3.93422e+06
3.96381e+06
3.99068e+06
4.01478e+06
4.03611e+06
4.05471e+06
4.07066e+06
4.0841e+06
4.09517e+06
4.10407e+06
4.11102e+06
4.11623e+06
4.12e+06
4.12265e+06
3.47197e+06
3.52029e+06
3.56817e+06
3.61531e+06
3.66141e+06
3.70619e+06
3.74939e+06
3.79077e+06
3.83012e+06
3.86725e+06
3.902e+06
3.93422e+06
3.96381e+06
3.99068e+06
4.01478e+06
4.03611e+06
4.05471e+06
4.07066e+06
4.0841e+06
4.09517e+06
4.10407e+06
4.11102e+06
4.11623e+06
4.12e+06
4.12265e+06
3.47197e+06
3.52029e+06
3.56817e+06
3.61531e+06
3.66141e+06
3.70619e+06
3.74939e+06
3.79077e+06
3.83012e+06
3.86725e+06
3.902e+06
3.93422e+06
3.96381e+06
3.99068e+06
4.01478e+06
4.03611e+06
4.05471e+06
4.07066e+06
4.0841e+06
4.09517e+06
4.10407e+06
4.11102e+06
4.11623e+06
4.12e+06
4.12265e+06
)
;

boundaryField
{
    outletCentralUnloaded
    {
        type            fixedValue;
        value           uniform 3.44728e+06;
    }
    inletCentralUnloaded
    {
        type            zeroGradient;
    }
    outletFuelElement
    {
        type            fixedValue;
        value           uniform 3.44728e+06;
    }
    inletFuelElement
    {
        type            zeroGradient;
    }
    defaultFaces
    {
        type            zeroGradient;
    }
    baffle_master
    {
        type            zeroGradient;
    }
    baffle_slave
    {
        type            zeroGradient;
    }
}


// ************************************************************************* //
