/*--------------------------------*- C++ -*----------------------------------*\
| =========                 |                                                 |
| \\      /  F ield         | OpenFOAM: The Open Source CFD Toolbox           |
|  \\    /   O peration     | Version:  2212                                  |
|   \\  /    A nd           | Website:  www.openfoam.com                      |
|    \\/     M anipulation  |                                                 |
\*---------------------------------------------------------------------------*/
FoamFile
{
    version     2.0;
    format      ascii;
    arch        "LSB;label=32;scalar=64";
    class       surfaceScalarField;
    location    "47/fluidRegion";
    object      alphaPhi;
}
// * * * * * * * * * * * * * * * * * * * * * * * * * * * * * * * * * * * * * //

dimensions      [0 3 -1 0 0 0 0];

oriented        oriented;

internalField   nonuniform List<scalar> 
661
(
-0.000538956
-4.31244e-12
-0.000538919
-3.43247e-12
-0.000538885
-2.86049e-13
-0.000538853
3.45263e-12
-0.000538818
6.65716e-12
-0.000538779
8.53932e-12
-0.000538735
8.70084e-12
-0.000538684
7.13418e-12
-0.000538629
4.14411e-12
-0.000538569
2.66121e-13
-0.000538509
-3.84072e-12
-0.00053845
-7.47394e-12
-0.000538394
-1.00089e-11
-0.000538343
-1.10018e-11
-0.000538298
-1.02629e-11
-0.000538257
-7.90573e-12
-0.000538219
-4.3182e-12
-0.000538184
-8.32923e-14
-0.000538149
4.09906e-12
-0.000538112
7.56144e-12
-0.000538073
9.76658e-12
-0.000538032
1.03955e-11
-0.000537988
8.76394e-12
-0.000537943
2.10005e-12
-7.92754e-12
-0.000538956
-0.000538919
-0.000538885
-0.000538853
-0.000538818
-0.000538779
-0.000538735
-0.000538684
-0.000538629
-0.000538569
-0.000538509
-0.00053845
-0.000538394
-0.000538343
-0.000538298
-0.000538257
-0.000538219
-0.000538184
-0.000538149
-0.000538112
-0.000538073
-0.000538032
-0.000537988
-0.000537943
-0.0201987
1.41074e-06
-0.0197731
6.74083e-07
-0.019231
7.31091e-07
-0.0185814
6.57877e-07
-0.0178338
5.95512e-07
-0.0169982
5.37707e-07
-0.0160848
4.84133e-07
-0.0151041
4.32145e-07
-0.0140668
3.75995e-07
-0.0129841
3.06241e-07
-0.0118679
2.11068e-07
-0.010731
7.88359e-08
-0.00958765
-9.38059e-08
-0.00845362
-2.92973e-07
-0.00734575
-4.96148e-07
-0.0062812
-6.69294e-07
-0.00527617
-7.85799e-07
-0.0043448
-8.38584e-07
-0.00349868
-8.41316e-07
-0.00274753
-8.18119e-07
-0.00210009
-7.90836e-07
-0.00156572
-7.64574e-07
-0.00115513
-7.28473e-07
-0.000879346
-6.31511e-07
-6.01048e-07
-0.0203283
-3.74603e-08
-3.94121e-08
-0.0199018
-1.72089e-07
-1.80177e-07
-0.0193576
-1.62638e-07
-1.70853e-07
-0.018705
-1.3995e-07
-1.48541e-07
-0.0179536
-1.20362e-07
-1.29267e-07
-0.0171134
-1.02236e-07
-1.11588e-07
-0.0161948
-8.55588e-08
-9.54757e-08
-0.0152082
-6.96742e-08
-8.0222e-08
-0.0141644
-5.30489e-08
-6.43418e-08
-0.0130746
-3.30347e-08
-4.52022e-08
-0.0119508
-5.88447e-09
-1.90473e-08
-0.0108058
3.19407e-08
1.72008e-08
-0.00965402
8.05343e-08
6.45011e-08
-0.00851122
1.41283e-07
1.23468e-07
-0.00739452
2.03983e-07
1.84108e-07
-0.00632133
2.58746e-07
2.36579e-07
-0.00530811
2.96577e-07
2.71876e-07
-0.00436924
3.14364e-07
2.87093e-07
-0.00351647
3.15999e-07
2.8623e-07
-0.00275963
3.08727e-07
2.7731e-07
-0.00210752
2.99568e-07
2.67207e-07
-0.00156957
2.88282e-07
2.57126e-07
-0.00115658
2.68404e-07
2.40153e-07
-0.000879541
2.1262e-07
1.90875e-07
1.61377e-07
1.49309e-07
-0.0201774
6.97801e-07
-0.0197522
6.62162e-07
-0.0192105
6.37731e-07
-0.0185614
5.68142e-07
-0.0178145
5.05782e-07
-0.0169797
4.48326e-07
-0.0160672
3.94943e-07
-0.0150875
3.42602e-07
-0.0140512
2.84818e-07
-0.0129697
2.11364e-07
-0.0118547
1.09583e-07
-0.0107192
-3.13368e-08
-0.0095772
-2.13709e-07
-0.00844456
-4.24213e-07
-0.00733808
-6.36008e-07
-0.00627487
-8.13143e-07
-0.00527111
-9.28487e-07
-0.00434089
-9.76175e-07
-0.00349579
-9.72156e-07
-0.0027455
-9.42209e-07
-0.00209876
-9.07839e-07
-0.00156492
-8.72506e-07
-0.00115469
-8.13259e-07
-0.000879128
-6.74921e-07
-5.49608e-07
-0.0202995
5.75888e-09
-0.019873
2.83819e-09
-0.0193292
3.09789e-09
-0.0186772
2.97537e-09
-0.0179267
2.91575e-09
-0.0170875
2.76693e-09
-0.01617
2.46682e-09
-0.0151847
2.13916e-09
-0.0141423
1.68162e-09
-0.0130541
1.08286e-09
-0.011932
4.32012e-10
-0.0107888
-3.30511e-10
-0.00963891
-1.24638e-09
-0.00849809
-2.31702e-09
-0.00738339
-3.55223e-09
-0.00631216
-4.90236e-09
-0.00530081
-6.22921e-09
-0.00436366
-7.38158e-09
-0.00351241
-8.33004e-09
-0.00275687
-8.85372e-09
-0.00210583
-8.80495e-09
-0.00156871
-8.25545e-09
-0.00115627
-7.2101e-09
-0.000879523
-5.29143e-09
-3.30511e-09
-0.0202995
-6.85273e-07
-0.0198731
-6.56107e-07
-0.0193293
-6.30831e-07
-0.0186773
-5.61366e-07
-0.0179267
-4.99025e-07
-0.0170875
-4.41753e-07
-0.01617
-3.88754e-07
-0.0151847
-3.36856e-07
-0.0141423
-2.79718e-07
-0.0130541
-2.0712e-07
-0.011932
-1.06195e-07
-0.0107888
3.35419e-08
-0.00963892
2.14615e-07
-0.0084981
4.23506e-07
-0.0073834
6.33398e-07
-0.00631217
8.08395e-07
-0.00530082
9.21531e-07
-0.00436366
9.67084e-07
-0.00351241
9.60969e-07
-0.00275688
9.29265e-07
-0.00210584
8.93631e-07
-0.00156871
8.57626e-07
-0.00115627
7.98366e-07
-0.000879524
6.62488e-07
5.40255e-07
-0.0201775
3.50435e-08
-0.0197522
1.74924e-07
-0.0192105
1.65356e-07
-0.0185614
1.42941e-07
-0.0178145
1.23714e-07
-0.0169797
1.05967e-07
-0.0160672
8.97298e-08
-0.0150875
7.43801e-08
-0.0140513
5.83321e-08
-0.0129697
3.89224e-08
-0.0118548
1.25465e-08
-0.0107192
-2.41449e-08
-0.00957721
-7.17449e-08
-0.00844457
-1.3134e-07
-0.00733808
-1.92846e-07
-0.00627488
-2.4645e-07
-0.00527111
-2.83189e-07
-0.0043409
-3.00152e-07
-0.00349579
-3.0145e-07
-0.00274551
-2.94604e-07
-0.00209876
-2.86529e-07
-0.00156492
-2.77454e-07
-0.00115469
-2.60382e-07
-0.000879127
-2.07502e-07
-1.5886e-07
-0.0203283
-1.41034e-06
-4.44499e-08
-0.0199018
-6.73254e-07
-1.80994e-07
-0.0193576
-7.3016e-07
-1.72011e-07
-0.018705
-6.56901e-07
-1.49511e-07
-0.0179536
-5.94415e-07
-1.30111e-07
-0.0171134
-5.36566e-07
-1.12193e-07
-0.0161948
-4.8297e-07
-9.57083e-08
-0.0152082
-4.30965e-07
-8.00269e-08
-0.0141644
-3.74851e-07
-6.35812e-08
-0.0130746
-3.05188e-07
-4.37071e-08
-0.0119508
-2.1007e-07
-1.68697e-08
-0.0108058
-7.80357e-08
2.07627e-08
-0.00965402
9.43966e-08
6.9269e-08
-0.00851122
2.93024e-07
1.29996e-07
-0.00739452
4.95345e-07
1.92928e-07
-0.00632133
6.67161e-07
2.48344e-07
-0.00530811
7.81712e-07
2.87405e-07
-0.00436924
8.31622e-07
3.07322e-07
-0.00351647
8.30057e-07
3.12484e-07
-0.00275963
8.00888e-07
3.10619e-07
-0.00210752
7.65584e-07
3.08658e-07
-0.00156957
7.308e-07
3.05149e-07
-0.00115658
6.86521e-07
2.92099e-07
-0.000879541
5.88676e-07
2.38238e-07
5.63172e-07
1.85067e-07
-0.0201987
-0.0197731
-0.019231
-0.0185814
-0.0178338
-0.0169982
-0.0160848
-0.0151041
-0.0140668
-0.0129841
-0.0118679
-0.010731
-0.00958765
-0.00845362
-0.00734575
-0.0062812
-0.00527617
-0.0043448
-0.00349868
-0.00274753
-0.00210009
-0.00156572
-0.00115513
-0.000879347
-0.0202995
-6.88512e-07
-1.65409e-10
-0.019873
-6.5096e-07
-4.48131e-09
-0.0193292
-6.26009e-07
-4.5241e-09
-0.0186772
-5.56136e-07
-4.79958e-09
-0.0179267
-4.93423e-07
-5.16448e-09
-0.0170875
-4.35679e-07
-5.57143e-09
-0.01617
-3.82078e-07
-6.00051e-09
-0.0151847
-3.2949e-07
-6.54953e-09
-0.0141423
-2.71522e-07
-7.13594e-09
-0.0130541
-1.9797e-07
-7.80749e-09
-0.011932
-9.58377e-08
-8.46858e-09
-0.0107888
4.55051e-08
-1.00776e-08
-0.00963891
2.282e-07
-1.12478e-08
-0.00849809
4.39225e-07
-1.29765e-08
-0.00738339
6.51755e-07
-1.51134e-08
-0.00631216
8.30009e-07
-1.77889e-08
-0.00530081
9.47292e-07
-2.12738e-08
-0.00436366
9.98031e-07
-2.56943e-08
-0.00351241
9.98637e-07
-3.12639e-08
-0.00275687
9.75009e-07
-3.76036e-08
-0.00210583
9.49596e-07
-4.50727e-08
-0.00156871
9.22805e-07
-5.04781e-08
-0.00115627
8.70297e-07
-5.31115e-08
-0.000879523
7.31387e-07
-4.76696e-08
5.94575e-07
-3.56065e-08
-0.0201774
-0.0197522
-0.0192105
-0.0185614
-0.0178145
-0.0169797
-0.0160672
-0.0150875
-0.0140512
-0.0129697
-0.0118547
-0.0107192
-0.0095772
-0.00844456
-0.00733808
-0.00627488
-0.00527111
-0.0043409
-0.00349579
-0.0027455
-0.00209876
-0.00156492
-0.00115469
-0.000879129
-0.0201775
6.88605e-07
-0.0197522
6.59845e-07
-0.0192105
6.34691e-07
-0.0185614
5.65341e-07
-0.0178145
5.03277e-07
-0.0169797
4.4616e-07
-0.0160672
3.93249e-07
-0.0150875
3.41485e-07
-0.0140513
2.84386e-07
-0.0129697
2.11704e-07
-0.0118548
1.10729e-07
-0.0107192
-2.85049e-08
-0.00957721
-2.09554e-07
-0.00844457
-4.18374e-07
-0.00733808
-6.28258e-07
-0.00627488
-8.03402e-07
-0.00527112
-9.16834e-07
-0.0043409
-9.63148e-07
-0.00349579
-9.58782e-07
-0.00274551
-9.30206e-07
-0.00209876
-8.99821e-07
-0.00156492
-8.71324e-07
-0.00115469
-8.20598e-07
-0.000879126
-6.89456e-07
-5.67323e-07
-0.0202995
-0.0198731
-0.0193293
-0.0186773
-0.0179267
-0.0170875
-0.01617
-0.0151847
-0.0141423
-0.0130541
-0.011932
-0.0107888
-0.00963892
-0.0084981
-0.0073834
-0.00631217
-0.00530082
-0.00436366
-0.00351241
-0.00275688
-0.00210584
-0.00156871
-0.00115627
-0.000879524
)
;

boundaryField
{
    outletCentralUnloaded
    {
        type            calculated;
        value           nonuniform List<scalar> 2(0.000538998 0.000538998);
    }
    inletCentralUnloaded
    {
        type            calculated;
        value           uniform -0.000540134;
    }
    outletFuelElement
    {
        type            calculated;
        value           nonuniform List<scalar> 
12
(
0.0205376
0.0206704
0.0205169
0.0206407
0.0206407
0.0205169
0.0206704
0.0205376
0.0206407
0.0205169
0.0205169
0.0206407
)
;
    }
    inletFuelElement
    {
        type            calculated;
        value           nonuniform List<scalar> 
12
(
-0.000722059
-0.00072206
-0.000722059
-0.000722059
-0.00072206
-0.000722059
-0.00072206
-0.000722059
-0.000722059
-0.000722059
-0.000722059
-0.00072206
)
;
    }
    defaultFaces
    {
        type            calculated;
        value           nonuniform List<scalar> 
450
(
3.30475e-23
-6.37717e-23
0
1.96445e-23
-9.49183e-24
0
2.99342e-23
4.40425e-24
0
-3.97652e-23
-1.33653e-23
0
-1.55618e-23
-5.20334e-23
0
-3.68034e-23
-2.35191e-23
0
-3.06803e-23
-1.28624e-23
0
-3.57805e-23
-1.4023e-23
0
-1.94805e-23
-1.00759e-23
0
-1.83762e-23
-4.37586e-24
0
-1.27823e-23
-1.04619e-23
0
-3.53332e-24
-1.74028e-24
0
4.41119e-24
2.88754e-24
0
1.8962e-23
9.7024e-24
0
3.88247e-23
2.30467e-23
0
4.36041e-23
2.18604e-23
0
4.74793e-23
-8.50216e-24
0
7.15857e-23
2.95921e-23
0
3.33483e-23
-6.35915e-23
0
-2.39641e-23
-4.60059e-23
0
-3.43928e-23
4.27096e-24
0
3.20116e-23
-8.7794e-24
0
-5.85387e-24
5.83867e-24
0
-1.97454e-23
-2.84951e-23
0
-1.69378e-23
-1.15615e-23
0
2.20624e-23
0
2.40681e-23
0
0
0
1.2034e-23
0
-4.01135e-24
0
1.2034e-23
0
1.60454e-23
0
1.2034e-23
0
-4.01135e-24
0
6.01702e-24
0
4.76348e-24
0
0
0
-1.2034e-23
0
-8.0227e-24
0
-1.60454e-23
0
-1.60454e-23
0
3.20908e-23
0
-1.60454e-23
0
1.60454e-23
0
-3.20908e-23
0
-3.20908e-23
0
4.81362e-23
0
2.40681e-23
0
-2.40681e-23
0
-2.40681e-23
0
0
0
0
0
1.60454e-23
-8.0227e-24
0
-1.60454e-23
8.0227e-24
-4.01135e-24
0
0
4.01135e-24
8.0227e-24
-8.0227e-24
1.60454e-23
-3.20908e-23
1.60454e-23
-1.60454e-23
0
1.60454e-23
-4.81362e-23
-1.60454e-23
0
8.0227e-24
0
0
0
0
0
0
0
0
0
0
0
0
0
0
0
0
0
0
0
0
0
0
0
0
0
-1.30369e-23
1.60454e-23
8.0227e-24
2.40681e-23
3.20908e-23
3.20908e-23
-1.60454e-23
-1.60454e-23
1.60454e-23
-4.01135e-24
-1.60454e-23
-1.60454e-23
-1.2034e-23
-1.2034e-23
-1.2034e-23
-8.0227e-24
1.80511e-23
-4.01135e-24
-6.01702e-24
-2.00567e-24
-3.00851e-24
-2.00567e-24
2.00567e-24
7.52128e-25
8.0227e-24
8.0227e-24
1.60454e-23
1.60454e-23
1.60454e-23
1.60454e-23
3.20908e-23
2.40681e-23
-2.40681e-23
4.01135e-23
1.60454e-23
2.40681e-23
-4.81362e-23
4.01135e-23
-4.81362e-23
-3.20908e-23
-8.0227e-24
-3.20908e-23
-3.20908e-23
3.20908e-23
-1.60454e-23
-2.40681e-23
0
-2.80794e-23
-2.40681e-23
-1.60454e-23
3.57059e-23
0
0
4.98137e-25
0
0
1.32791e-23
0
-6.41816e-23
-6.67417e-23
0
2.40681e-23
2.06756e-23
0
0
-5.00947e-23
0
0
-4.35668e-23
0
8.0227e-24
-3.35445e-23
0
8.0227e-24
-2.1058e-23
0
-8.0227e-24
-2.61971e-23
0
4.01135e-24
-1.58995e-23
0
4.01135e-24
-6.12081e-24
0
1.00284e-24
7.26116e-24
-0
0
2.78515e-23
-0
-4.01135e-24
4.77162e-23
-0
0
5.15044e-23
-0
-8.0227e-24
4.69825e-23
-0
0
6.58371e-23
-0
-3.20908e-23
2.96274e-23
-0
-3.20908e-23
-3.72974e-23
-0
0
-1.20707e-23
-0
1.60454e-23
4.44975e-23
-0
0
-1.82061e-23
-0
0
-5.97689e-24
-0
0
-6.59886e-24
-0
8.0227e-24
0
-8.0227e-24
0
0
0
-1.60454e-23
-8.0227e-24
0
0
-4.01135e-24
0
0
4.01135e-24
8.0227e-24
8.0227e-24
3.20908e-23
-3.20908e-23
1.60454e-23
-3.20908e-23
0
0
-3.20908e-23
-4.81362e-23
0
0
2.60738e-23
0
1.60454e-23
0
0
0
2.40681e-23
0
-1.60454e-23
0
2.00567e-23
0
1.60454e-23
0
1.60454e-23
0
0
0
6.01702e-24
0
2.00567e-24
0
-1.00284e-24
-0
-6.01702e-24
-0
-1.2034e-23
-0
-1.60454e-23
-0
-2.40681e-23
-0
4.01135e-23
-0
-3.20908e-23
-0
4.81362e-23
-0
-4.81362e-23
-0
-3.20908e-23
-0
1.60454e-23
-0
0
-0
-2.40681e-23
-0
-1.60454e-23
-0
-2.20624e-23
0
-1.60454e-23
1.60454e-23
-2.40681e-23
2.40681e-23
-8.0227e-24
-4.41248e-23
4.01135e-24
1.2034e-23
-1.2034e-23
-3.61021e-23
-8.0227e-24
-3.20908e-23
-8.0227e-24
-2.40681e-23
0
-8.0227e-24
-4.01135e-24
-1.40397e-23
-2.00567e-24
-6.01702e-24
0
3.04769e-24
4.01135e-24
1.60454e-23
1.2034e-23
3.20908e-23
8.0227e-24
5.61589e-23
1.60454e-23
5.61589e-23
-8.0227e-24
4.81362e-23
2.40681e-23
8.82497e-23
-8.0227e-24
4.81362e-23
0
-4.01135e-23
0
-4.01135e-23
0
4.01135e-23
1.60454e-23
-2.40681e-23
-8.0227e-24
-1.60454e-23
-8.0227e-24
-1.60454e-23
-0
-0
-0
-0
-0
-0
-0
-0
-0
-0
-0
0
0
0
0
0
0
0
0
0
0
0
0
0
0
)
;
    }
    baffle_master
    {
        type            calculated;
        value           nonuniform List<scalar> 
150
(
-4.42055e-29
0
9.15735e-29
4.49903e-29
0
0
-1.6605e-30
0
1.14467e-29
-1.0223e-30
0
0
4.50072e-28
0
2.7472e-28
-1.36995e-29
0
0
-2.25559e-30
0
0
1.9186e-29
0
0
-8.96772e-29
0
0
5.43681e-31
0
0
1.50467e-29
0
-4.57867e-29
2.11132e-30
0
0
1.49654e-28
0
-1.83147e-28
6.16412e-29
0
0
1.80133e-29
0
0
-2.25737e-29
0
1.83147e-28
5.03322e-28
0
2.7472e-28
-2.25719e-31
0
0
-2.73854e-28
0
-9.15735e-29
3.85302e-29
0
-9.15735e-29
6.66093e-30
0
0
6.6612e-28
0
3.66294e-28
-1.90196e-28
0
-1.83147e-28
3.95991e-29
0
0
-8.79269e-29
0
1.83147e-28
9.15735e-29
-1.35267e-28
0
0
-1.27457e-28
0
1.14467e-29
-8.06612e-30
0
-9.15735e-29
1.56522e-28
-0
-9.15735e-29
-1.90981e-28
-0
-1.83147e-28
3.27851e-28
-0
-1.83147e-28
5.09743e-28
-0
-9.15735e-29
2.78372e-28
-0
1.83147e-28
9.859e-29
-0
-5.72334e-30
8.70986e-30
-0
9.15735e-29
-7.99484e-29
0
1.83147e-28
-1.85475e-28
0
1.83147e-28
-5.36379e-28
0
1.83147e-28
-3.44448e-28
0
1.83147e-28
-4.47579e-28
0
0
-3.30922e-28
0
0
-2.19327e-28
0
1.43084e-30
-3.08818e-30
0
9.15735e-29
-2.02011e-30
-0
1.83147e-28
-1.19028e-28
-0
0
-7.73427e-29
-0
3.66294e-28
-6.41794e-28
-0
3.66294e-28
2.8305e-28
-0
0
-5.34907e-29
-0
0
1.99949e-28
0
)
;
    }
    baffle_slave
    {
        type            calculated;
        value           nonuniform List<scalar> 
150
(
1.19714e-23
-0
0
-9.52696e-24
-0
-8.0227e-24
1.25355e-24
-0
8.0227e-24
-2.00567e-24
-0
0
-2.48202e-23
-0
-2.40681e-23
-2.50709e-24
-0
8.0227e-24
-8.52412e-24
-0
0
1.00284e-24
-0
0
1.00284e-24
-0
4.01135e-24
-5.01419e-25
-0
0
-5.01419e-25
-0
2.00567e-24
5.01419e-25
0
0
0
0
-4.01135e-24
2.00567e-24
0
8.0227e-24
-3.00851e-24
0
-8.0227e-24
3.00851e-24
0
1.60454e-23
-5.01419e-23
0
-4.81362e-23
-1.00284e-24
0
1.60454e-23
-3.40965e-23
0
-3.20908e-23
1.00284e-24
0
-1.60454e-23
2.00567e-24
0
-1.60454e-23
2.80794e-23
0
3.20908e-23
0
0
0
5.01419e-24
0
-1.60454e-23
3.00851e-24
0
0
-3.05595e-24
5.01419e-23
0
-5.62687e-24
1.52933e-23
0
2.66134e-24
1.83018e-23
0
3.19459e-24
2.35667e-23
0
1.01547e-25
-2.38174e-23
0
-6.37777e-24
1.05298e-23
0
-1.25771e-23
1.12819e-23
0
-4.00529e-24
8.77483e-24
0
8.56105e-24
1.05298e-23
0
-1.00044e-23
7.77199e-24
0
1.25714e-24
9.77766e-24
0
5.86828e-25
5.01419e-24
0
1.22859e-24
-6.26773e-25
0
-1.15006e-24
-5.32757e-24
0
3.71832e-24
-1.232e-23
0
1.87298e-23
-1.34129e-23
0
-4.88596e-23
-2.23131e-23
0
3.69871e-23
-1.88032e-23
0
-3.41814e-23
2.50709e-24
0
-3.18055e-24
4.01135e-24
0
2.05383e-23
1.00284e-23
0
-4.24279e-23
3.00851e-23
0
-4.23078e-24
-1.90539e-23
0
2.59022e-24
7.01986e-24
0
5.42769e-24
1.60454e-23
0
)
;
    }
}


// ************************************************************************* //
