/*--------------------------------*- C++ -*----------------------------------*\
| =========                 |                                                 |
| \\      /  F ield         | OpenFOAM: The Open Source CFD Toolbox           |
|  \\    /   O peration     | Version:  2212                                  |
|   \\  /    A nd           | Website:  www.openfoam.com                      |
|    \\/     M anipulation  |                                                 |
\*---------------------------------------------------------------------------*/
FoamFile
{
    version     2.0;
    format      ascii;
    arch        "LSB;label=32;scalar=64";
    class       volScalarField;
    location    "47/fluidRegion";
    object      alphat;
}
// * * * * * * * * * * * * * * * * * * * * * * * * * * * * * * * * * * * * * //

dimensions      [1 -1 -1 0 0 0 0];

internalField   nonuniform List<scalar> 
350
(
0.0025856
0.00258562
0.00258564
0.00258565
0.00258567
0.00258568
0.00258569
0.00258569
0.0025857
0.00258571
0.00258573
0.00258577
0.00258583
0.00258591
0.00258604
0.00258622
0.00258651
0.00258696
0.00258766
0.00258873
0.00259035
0.00259281
0.00259655
0.00260228
0.00261104
0.0025856
0.00258562
0.00258564
0.00258565
0.00258567
0.00258568
0.00258569
0.00258569
0.0025857
0.00258571
0.00258573
0.00258577
0.00258583
0.00258591
0.00258604
0.00258622
0.00258651
0.00258696
0.00258766
0.00258873
0.00259035
0.00259281
0.00259655
0.00260228
0.00261104
0.0008958
0.000884174
0.000872751
0.000861169
0.000849321
0.000837103
0.00082441
0.000811143
0.000797216
0.000782566
0.000767161
0.000751006
0.000734147
0.000716651
0.0006986
0.000680089
0.000661295
0.000642673
0.000625407
0.000612333
0.000609848
0.000631329
0.000699557
0.000832194
0.00100195
0.000887952
0.000876339
0.000864951
0.000853411
0.000841614
0.000829455
0.000816827
0.00080363
0.000789779
0.000775209
0.00075989
0.000743832
0.000727089
0.000709741
0.000691882
0.000673615
0.000655117
0.000636831
0.000619916
0.000607184
0.000605013
0.000626822
0.000695615
0.000829503
0.00100121
0.000897052
0.000885414
0.00087398
0.000862386
0.000850526
0.000838294
0.000825586
0.000812303
0.00079836
0.000783692
0.000768268
0.000752093
0.000735209
0.000717684
0.000699596
0.000681039
0.000662191
0.000643509
0.000626178
0.00061304
0.000610493
0.000631912
0.000700058
0.000832537
0.00100207
0.000889754
0.000878143
0.000866749
0.000855202
0.000843397
0.000831226
0.000818584
0.000805373
0.000791506
0.000776918
0.000761578
0.000745498
0.000728727
0.000711345
0.000693441
0.000675117
0.00065655
0.000638187
0.00062119
0.000608378
0.000606134
0.000627868
0.00069653
0.000830129
0.00100138
0.000889754
0.000878143
0.000866749
0.000855202
0.000843397
0.000831226
0.000818584
0.000805373
0.000791505
0.000776917
0.000761578
0.000745498
0.000728727
0.000711344
0.00069344
0.000675117
0.00065655
0.000638186
0.000621189
0.000608377
0.000606134
0.000627867
0.00069653
0.00083013
0.00100138
0.000897053
0.000885414
0.00087398
0.000862386
0.000850526
0.000838294
0.000825586
0.000812303
0.000798359
0.000783691
0.000768267
0.000752092
0.000735207
0.000717682
0.000699593
0.000681036
0.000662187
0.000643505
0.000626173
0.000613034
0.000610486
0.000631905
0.00070005
0.000832531
0.00100207
0.000887952
0.00087634
0.000864951
0.000853411
0.000841615
0.000829455
0.000816827
0.000803631
0.00078978
0.00077521
0.00075989
0.000743833
0.000727089
0.000709741
0.000691882
0.000673616
0.000655117
0.000636831
0.000619916
0.000607183
0.000605013
0.000626822
0.000695614
0.000829503
0.00100121
0.0008958
0.000884174
0.000872751
0.000861169
0.000849322
0.000837104
0.00082441
0.000811143
0.000797216
0.000782566
0.000767161
0.000751006
0.000734147
0.000716651
0.0006986
0.000680089
0.000661294
0.000642672
0.000625405
0.00061233
0.000609843
0.000631321
0.000699546
0.00083218
0.00100193
0.000889753
0.000878143
0.000866749
0.000855202
0.000843396
0.000831225
0.000818584
0.000805373
0.000791505
0.000776917
0.000761578
0.000745498
0.000728727
0.000711344
0.00069344
0.000675117
0.00065655
0.000638186
0.000621189
0.000608377
0.000606133
0.000627866
0.000696527
0.000830125
0.00100138
0.000897053
0.000885414
0.00087398
0.000862386
0.000850526
0.000838295
0.000825586
0.000812303
0.00079836
0.000783692
0.000768268
0.000752093
0.000735209
0.000717684
0.000699597
0.00068104
0.000662193
0.000643512
0.000626182
0.000613047
0.000610503
0.000631927
0.000700079
0.000832564
0.0010021
0.000897052
0.000885413
0.000873979
0.000862385
0.000850525
0.000838293
0.000825585
0.000812302
0.000798358
0.000783691
0.000768266
0.00075209
0.000735206
0.00071768
0.000699592
0.000681034
0.000662185
0.000643502
0.000626171
0.000613032
0.000610484
0.000631904
0.000700051
0.000832534
0.00100208
0.000889753
0.000878143
0.000866749
0.000855202
0.000843396
0.000831225
0.000818584
0.000805373
0.000791505
0.000776917
0.000761578
0.000745497
0.000728726
0.000711343
0.000693439
0.000675116
0.000656548
0.000638183
0.000621186
0.000608372
0.000606126
0.000627855
0.000696513
0.000830108
0.00100136
)
;

boundaryField
{
    outletCentralUnloaded
    {
        type            zeroGradient;
    }
    inletCentralUnloaded
    {
        type            zeroGradient;
    }
    outletFuelElement
    {
        type            zeroGradient;
    }
    inletFuelElement
    {
        type            zeroGradient;
    }
    defaultFaces
    {
        type            zeroGradient;
    }
    baffle_master
    {
        type            calculated;
        value           nonuniform List<scalar> 
150
(
0.0025856
0.0025856
0.0025856
0.00258562
0.00258562
0.00258562
0.00258564
0.00258564
0.00258564
0.00258565
0.00258565
0.00258565
0.00258567
0.00258567
0.00258567
0.00258568
0.00258568
0.00258568
0.00258569
0.00258569
0.00258569
0.00258569
0.00258569
0.00258569
0.0025857
0.0025857
0.0025857
0.00258571
0.00258571
0.00258571
0.00258573
0.00258573
0.00258573
0.00258577
0.00258577
0.00258577
0.00258583
0.00258583
0.00258583
0.00258591
0.00258591
0.00258591
0.00258604
0.00258604
0.00258604
0.00258622
0.00258622
0.00258622
0.00258651
0.00258651
0.00258651
0.00258696
0.00258696
0.00258696
0.00258766
0.00258766
0.00258766
0.00258873
0.00258873
0.00258873
0.00259035
0.00259035
0.00259035
0.00259281
0.00259281
0.00259281
0.00259655
0.00259655
0.00259655
0.00260228
0.00260228
0.00260228
0.00261104
0.00261104
0.00261104
0.0025856
0.0025856
0.0025856
0.00258562
0.00258562
0.00258562
0.00258564
0.00258564
0.00258564
0.00258565
0.00258565
0.00258565
0.00258567
0.00258567
0.00258567
0.00258568
0.00258568
0.00258568
0.00258569
0.00258569
0.00258569
0.00258569
0.00258569
0.00258569
0.0025857
0.0025857
0.0025857
0.00258571
0.00258571
0.00258571
0.00258573
0.00258573
0.00258573
0.00258577
0.00258577
0.00258577
0.00258583
0.00258583
0.00258583
0.00258591
0.00258591
0.00258591
0.00258604
0.00258604
0.00258604
0.00258622
0.00258622
0.00258622
0.00258651
0.00258651
0.00258651
0.00258696
0.00258696
0.00258696
0.00258766
0.00258766
0.00258766
0.00258873
0.00258873
0.00258873
0.00259035
0.00259035
0.00259035
0.00259281
0.00259281
0.00259281
0.00259655
0.00259655
0.00259655
0.00260228
0.00260228
0.00260228
0.00261104
0.00261104
0.00261104
)
;
    }
    baffle_slave
    {
        type            calculated;
        value           nonuniform List<scalar> 
150
(
0.000887952
0.000889754
0.000889753
0.000876339
0.000878143
0.000878143
0.000864951
0.000866749
0.000866749
0.000853411
0.000855202
0.000855202
0.000841614
0.000843397
0.000843396
0.000829455
0.000831226
0.000831225
0.000816827
0.000818584
0.000818584
0.00080363
0.000805373
0.000805373
0.000789779
0.000791506
0.000791505
0.000775209
0.000776918
0.000776917
0.00075989
0.000761578
0.000761578
0.000743832
0.000745498
0.000745497
0.000727089
0.000728727
0.000728726
0.000709741
0.000711345
0.000711343
0.000691882
0.000693441
0.000693439
0.000673615
0.000675117
0.000675116
0.000655117
0.00065655
0.000656548
0.000636831
0.000638187
0.000638183
0.000619916
0.00062119
0.000621186
0.000607184
0.000608378
0.000608372
0.000605013
0.000606134
0.000606126
0.000626822
0.000627868
0.000627855
0.000695615
0.00069653
0.000696513
0.000829503
0.000830129
0.000830108
0.00100121
0.00100138
0.00100136
0.000889754
0.000887952
0.000889753
0.000878143
0.00087634
0.000878143
0.000866749
0.000864951
0.000866749
0.000855202
0.000853411
0.000855202
0.000843397
0.000841615
0.000843396
0.000831226
0.000829455
0.000831225
0.000818584
0.000816827
0.000818584
0.000805373
0.000803631
0.000805373
0.000791505
0.00078978
0.000791505
0.000776917
0.00077521
0.000776917
0.000761578
0.00075989
0.000761578
0.000745498
0.000743833
0.000745498
0.000728727
0.000727089
0.000728727
0.000711344
0.000709741
0.000711344
0.00069344
0.000691882
0.00069344
0.000675117
0.000673616
0.000675117
0.00065655
0.000655117
0.00065655
0.000638186
0.000636831
0.000638186
0.000621189
0.000619916
0.000621189
0.000608377
0.000607183
0.000608377
0.000606134
0.000605013
0.000606133
0.000627867
0.000626822
0.000627866
0.00069653
0.000695614
0.000696527
0.00083013
0.000829503
0.000830125
0.00100138
0.00100121
0.00100138
)
;
    }
}


// ************************************************************************* //
