/*--------------------------------*- C++ -*----------------------------------*\
| =========                 |                                                 |
| \\      /  F ield         | OpenFOAM: The Open Source CFD Toolbox           |
|  \\    /   O peration     | Version:  2212                                  |
|   \\  /    A nd           | Website:  www.openfoam.com                      |
|    \\/     M anipulation  |                                                 |
\*---------------------------------------------------------------------------*/
FoamFile
{
    version     2.0;
    format      ascii;
    arch        "LSB;label=32;scalar=64";
    class       volScalarField;
    location    "47/fluidRegion";
    object      epsilon;
}
// * * * * * * * * * * * * * * * * * * * * * * * * * * * * * * * * * * * * * //

dimensions      [0 2 -3 0 0 0 0];

internalField   nonuniform List<scalar> 
350
(
66.983
66.9664
66.95
66.9336
66.9172
66.9009
66.8846
66.8684
66.8524
66.8365
66.8209
66.8056
66.7909
66.7771
66.765
66.7553
66.7494
66.7492
66.7576
66.7791
66.8208
66.8934
67.0132
67.205
67.5069
66.983
66.9664
66.95
66.9336
66.9172
66.9009
66.8846
66.8684
66.8524
66.8365
66.8209
66.8056
66.7909
66.7771
66.765
66.7553
66.7494
66.7492
66.7576
66.7791
66.8208
66.8934
67.0132
67.205
67.5069
7.62171e+06
7.01539e+06
6.34382e+06
5.62797e+06
4.89564e+06
4.17236e+06
3.48025e+06
2.83736e+06
2.2572e+06
1.74864e+06
1.31604e+06
959566
675717
457974
297623
184687
108924
60731.1
31823.7
15591.4
7141.53
3114.12
1385.02
735.632
547.213
7.78656e+06
7.16859e+06
6.48401e+06
5.7537e+06
5.00614e+06
4.26744e+06
3.56027e+06
2.90311e+06
2.30985e+06
1.78961e+06
1.34692e+06
982027
691406
468445
304261
188660
111152
61891.4
32377.5
15829.1
7230.9
3142.4
1392.19
737.073
547.635
7.59473e+06
6.99026e+06
6.32093e+06
5.60751e+06
4.87773e+06
4.157e+06
3.46738e+06
2.82682e+06
2.24879e+06
1.74212e+06
1.31114e+06
956015
673243
456327
296580
184063
108573
60547.5
31735.2
15552.6
7126.33
3108.85
1383.39
735.14
547.035
7.75005e+06
7.1346e+06
6.45281e+06
5.72565e+06
4.98144e+06
4.24613e+06
3.5423e+06
2.88831e+06
2.29797e+06
1.78035e+06
1.33993e+06
976929
687838
466059
302746
187752
110643
61625.9
32250.8
15774.8
7210.53
3136
1390.6
736.776
547.557
7.75005e+06
7.1346e+06
6.45281e+06
5.72565e+06
4.98144e+06
4.24613e+06
3.5423e+06
2.88831e+06
2.29797e+06
1.78035e+06
1.33993e+06
976930
687838
466059
302746
187752
110643
61625.9
32250.8
15774.8
7210.53
3136
1390.6
736.775
547.556
7.59474e+06
6.99027e+06
6.32094e+06
5.60752e+06
4.87774e+06
4.15701e+06
3.46738e+06
2.82683e+06
2.2488e+06
1.74213e+06
1.31114e+06
956017
673245
456328
296581
184063
108574
60547.7
31735.3
15552.6
7126.34
3108.85
1383.39
735.14
547.036
7.78656e+06
7.16859e+06
6.48401e+06
5.7537e+06
5.00614e+06
4.26744e+06
3.56027e+06
2.90311e+06
2.30985e+06
1.78961e+06
1.34692e+06
982027
691406
468445
304261
188660
111152
61891.4
32377.5
15829.1
7230.9
3142.4
1392.19
737.072
547.635
7.62171e+06
7.01539e+06
6.34382e+06
5.62797e+06
4.89564e+06
4.17236e+06
3.48025e+06
2.83736e+06
2.2572e+06
1.74864e+06
1.31604e+06
959566
675717
457974
297623
184687
108924
60731.1
31823.8
15591.4
7141.55
3114.13
1385.03
735.64
547.218
7.75005e+06
7.1346e+06
6.45281e+06
5.72565e+06
4.98144e+06
4.24613e+06
3.5423e+06
2.88831e+06
2.29797e+06
1.78035e+06
1.33993e+06
976930
687838
466059
302746
187752
110643
61625.9
32250.8
15774.8
7210.53
3136
1390.6
736.778
547.558
7.59473e+06
6.99026e+06
6.32093e+06
5.60751e+06
4.87773e+06
4.157e+06
3.46738e+06
2.82682e+06
2.24879e+06
1.74212e+06
1.31114e+06
956016
673243
456327
296580
184063
108573
60547.5
31735.2
15552.5
7126.28
3108.82
1383.37
735.127
547.026
7.59475e+06
6.99027e+06
6.32094e+06
5.60752e+06
4.87774e+06
4.15701e+06
3.46738e+06
2.82683e+06
2.2488e+06
1.74213e+06
1.31115e+06
956018
673245
456328
296581
184063
108574
60547.7
31735.3
15552.6
7126.35
3108.85
1383.39
735.138
547.033
7.75005e+06
7.1346e+06
6.45281e+06
5.72565e+06
4.98144e+06
4.24613e+06
3.5423e+06
2.88831e+06
2.29797e+06
1.78035e+06
1.33993e+06
976930
687838
466059
302746
187752
110643
61626
32250.8
15774.8
7210.56
3136.02
1390.62
736.787
547.565
)
;

boundaryField
{
    outletCentralUnloaded
    {
        type            zeroGradient;
    }
    inletCentralUnloaded
    {
        type            zeroGradient;
    }
    outletFuelElement
    {
        type            zeroGradient;
    }
    inletFuelElement
    {
        type            zeroGradient;
    }
    defaultFaces
    {
        type            zeroGradient;
    }
    baffle_master
    {
        type            zeroGradient;
    }
    baffle_slave
    {
        type            zeroGradient;
    }
}


// ************************************************************************* //
