/*--------------------------------*- C++ -*----------------------------------*\
| =========                 |                                                 |
| \\      /  F ield         | OpenFOAM: The Open Source CFD Toolbox           |
|  \\    /   O peration     | Version:  2212                                  |
|   \\  /    A nd           | Website:  www.openfoam.com                      |
|    \\/     M anipulation  |                                                 |
\*---------------------------------------------------------------------------*/
FoamFile
{
    version     2.0;
    format      ascii;
    arch        "LSB;label=32;scalar=64";
    class       volScalarField;
    location    "47/fluidRegion";
    object      nut;
}
// * * * * * * * * * * * * * * * * * * * * * * * * * * * * * * * * * * * * * //

dimensions      [0 2 -1 0 0 0 0];

internalField   nonuniform List<scalar> 
350
(
0.000537596
0.000537556
0.000537518
0.000537482
0.000537445
0.000537406
0.000537364
0.000537318
0.00053727
0.000537219
0.000537168
0.000537119
0.000537073
0.000537031
0.000536996
0.000536969
0.000536955
0.000536956
0.000536981
0.00053704
0.000537148
0.000537332
0.000537633
0.000538115
0.000539498
0.000537596
0.000537556
0.000537518
0.000537482
0.000537445
0.000537406
0.000537364
0.000537318
0.00053727
0.000537219
0.000537168
0.000537119
0.000537073
0.000537031
0.000536996
0.000536969
0.000536955
0.000536956
0.000536981
0.00053704
0.000537148
0.000537332
0.000537633
0.000538115
0.000539498
0.0104061
0.0101878
0.00991735
0.00959098
0.00921362
0.00879042
0.00832675
0.00782809
0.00730009
0.00674862
0.00617984
0.00560032
0.00501721
0.00443826
0.00387174
0.00332612
0.00280958
0.00232949
0.00189209
0.00150258
0.00116558
0.000885539
0.000666723
0.000511722
0.000416371
0.0104733
0.0102539
0.0099825
0.00965467
0.00927543
0.00884997
0.00838366
0.00788202
0.00735074
0.00679569
0.00622305
0.00563945
0.00505204
0.00446866
0.00389767
0.00334765
0.00282692
0.00234295
0.00190208
0.00150957
0.00117008
0.000888095
0.000667909
0.000512103
0.000416437
0.0103952
0.0101769
0.0099067
0.00958061
0.00920358
0.00878079
0.00831757
0.00781942
0.00729198
0.00674111
0.00617296
0.00559411
0.00501169
0.00443345
0.00386764
0.00332271
0.00280683
0.00232734
0.00189047
0.00150142
0.0011648
0.000885051
0.000666441
0.000511574
0.000416322
0.0104585
0.0102392
0.00996804
0.0096405
0.00926165
0.00883666
0.00837092
0.00786992
0.00733935
0.00678509
0.0062133
0.0056306
0.00504415
0.00446176
0.00389177
0.00334275
0.00282297
0.00233988
0.0018998
0.00150798
0.00116906
0.000887519
0.000667647
0.000512027
0.000416428
0.0104585
0.0102392
0.00996804
0.0096405
0.00926165
0.00883666
0.00837091
0.00786992
0.00733935
0.00678509
0.0062133
0.0056306
0.00504415
0.00446176
0.00389177
0.00334275
0.00282297
0.00233988
0.0018998
0.00150798
0.00116906
0.000887519
0.000667647
0.000512027
0.000416428
0.0103953
0.0101769
0.00990671
0.00958061
0.00920359
0.00878079
0.00831758
0.00781942
0.00729198
0.00674111
0.00617296
0.00559411
0.00501169
0.00443345
0.00386764
0.00332271
0.00280683
0.00232734
0.00189047
0.00150142
0.0011648
0.000885049
0.00066644
0.000511573
0.000416321
0.0104733
0.0102539
0.0099825
0.00965467
0.00927543
0.00884997
0.00838366
0.00788202
0.00735074
0.00679569
0.00622305
0.00563945
0.00505204
0.00446866
0.00389767
0.00334765
0.00282692
0.00234295
0.00190208
0.00150957
0.00117008
0.000888095
0.000667909
0.000512103
0.000416438
0.0104061
0.0101878
0.00991735
0.00959098
0.00921362
0.00879042
0.00832675
0.00782809
0.00730009
0.00674862
0.00617984
0.00560032
0.00501721
0.00443826
0.00387174
0.00332612
0.00280958
0.00232949
0.00189208
0.00150258
0.00116558
0.000885538
0.000666721
0.000511721
0.00041637
0.0104585
0.0102392
0.00996804
0.0096405
0.00926164
0.00883666
0.00837091
0.00786992
0.00733935
0.00678509
0.0062133
0.0056306
0.00504415
0.00446176
0.00389177
0.00334275
0.00282297
0.00233988
0.0018998
0.00150798
0.00116906
0.000887518
0.000667647
0.000512026
0.000416428
0.0103952
0.0101769
0.0099067
0.00958061
0.00920358
0.00878079
0.00831757
0.00781942
0.00729198
0.00674111
0.00617296
0.00559411
0.00501169
0.00443345
0.00386764
0.00332271
0.00280683
0.00232734
0.00189047
0.00150143
0.0011648
0.000885053
0.000666444
0.000511577
0.000416324
0.0103953
0.0101769
0.00990671
0.00958061
0.00920358
0.00878079
0.00831757
0.00781942
0.00729198
0.00674111
0.00617296
0.00559411
0.00501169
0.00443345
0.00386763
0.00332271
0.00280683
0.00232734
0.00189047
0.00150142
0.0011648
0.000885049
0.00066644
0.000511573
0.000416322
0.0104585
0.0102392
0.00996804
0.0096405
0.00926165
0.00883666
0.00837091
0.00786992
0.00733935
0.00678509
0.0062133
0.0056306
0.00504415
0.00446176
0.00389177
0.00334275
0.00282297
0.00233988
0.0018998
0.00150798
0.00116906
0.000887516
0.000667645
0.000512024
0.000416426
)
;

boundaryField
{
    outletCentralUnloaded
    {
        type            zeroGradient;
    }
    inletCentralUnloaded
    {
        type            zeroGradient;
    }
    outletFuelElement
    {
        type            zeroGradient;
    }
    inletFuelElement
    {
        type            zeroGradient;
    }
    defaultFaces
    {
        type            zeroGradient;
    }
    baffle_master
    {
        type            calculated;
        value           nonuniform List<scalar> 
150
(
0.000537596
0.000537596
0.000537596
0.000537556
0.000537556
0.000537556
0.000537518
0.000537518
0.000537518
0.000537482
0.000537482
0.000537482
0.000537445
0.000537445
0.000537445
0.000537406
0.000537406
0.000537406
0.000537364
0.000537364
0.000537364
0.000537318
0.000537318
0.000537318
0.00053727
0.00053727
0.00053727
0.000537219
0.000537219
0.000537219
0.000537168
0.000537168
0.000537168
0.000537119
0.000537119
0.000537119
0.000537073
0.000537073
0.000537073
0.000537031
0.000537031
0.000537031
0.000536996
0.000536996
0.000536996
0.000536969
0.000536969
0.000536969
0.000536955
0.000536955
0.000536955
0.000536956
0.000536956
0.000536956
0.000536981
0.000536981
0.000536981
0.00053704
0.00053704
0.00053704
0.000537148
0.000537148
0.000537148
0.000537332
0.000537332
0.000537332
0.000537633
0.000537633
0.000537633
0.000538115
0.000538115
0.000538115
0.000539498
0.000539498
0.000539498
0.000537596
0.000537596
0.000537596
0.000537556
0.000537556
0.000537556
0.000537518
0.000537518
0.000537518
0.000537482
0.000537482
0.000537482
0.000537445
0.000537445
0.000537445
0.000537406
0.000537406
0.000537406
0.000537364
0.000537364
0.000537364
0.000537318
0.000537318
0.000537318
0.00053727
0.00053727
0.00053727
0.000537219
0.000537219
0.000537219
0.000537168
0.000537168
0.000537168
0.000537119
0.000537119
0.000537119
0.000537073
0.000537073
0.000537073
0.000537031
0.000537031
0.000537031
0.000536996
0.000536996
0.000536996
0.000536969
0.000536969
0.000536969
0.000536955
0.000536955
0.000536955
0.000536956
0.000536956
0.000536956
0.000536981
0.000536981
0.000536981
0.00053704
0.00053704
0.00053704
0.000537148
0.000537148
0.000537148
0.000537332
0.000537332
0.000537332
0.000537633
0.000537633
0.000537633
0.000538115
0.000538115
0.000538115
0.000539498
0.000539498
0.000539498
)
;
    }
    baffle_slave
    {
        type            calculated;
        value           nonuniform List<scalar> 
150
(
0.0104733
0.0104585
0.0104585
0.0102539
0.0102392
0.0102392
0.0099825
0.00996804
0.00996804
0.00965467
0.0096405
0.0096405
0.00927543
0.00926165
0.00926165
0.00884997
0.00883666
0.00883666
0.00838366
0.00837092
0.00837091
0.00788202
0.00786992
0.00786992
0.00735074
0.00733935
0.00733935
0.00679569
0.00678509
0.00678509
0.00622305
0.0062133
0.0062133
0.00563945
0.0056306
0.0056306
0.00505204
0.00504415
0.00504415
0.00446866
0.00446176
0.00446176
0.00389767
0.00389177
0.00389177
0.00334765
0.00334275
0.00334275
0.00282692
0.00282297
0.00282297
0.00234295
0.00233988
0.00233988
0.00190208
0.0018998
0.0018998
0.00150957
0.00150798
0.00150798
0.00117008
0.00116906
0.00116906
0.000888095
0.000887519
0.000887516
0.000667909
0.000667647
0.000667645
0.000512103
0.000512027
0.000512024
0.000416437
0.000416428
0.000416426
0.0104585
0.0104733
0.0104585
0.0102392
0.0102539
0.0102392
0.00996804
0.0099825
0.00996804
0.0096405
0.00965467
0.0096405
0.00926165
0.00927543
0.00926164
0.00883666
0.00884997
0.00883666
0.00837091
0.00838366
0.00837091
0.00786992
0.00788202
0.00786992
0.00733935
0.00735074
0.00733935
0.00678509
0.00679569
0.00678509
0.0062133
0.00622305
0.0062133
0.0056306
0.00563945
0.0056306
0.00504415
0.00505204
0.00504415
0.00446176
0.00446866
0.00446176
0.00389177
0.00389767
0.00389177
0.00334275
0.00334765
0.00334275
0.00282297
0.00282692
0.00282297
0.00233988
0.00234295
0.00233988
0.0018998
0.00190208
0.0018998
0.00150798
0.00150957
0.00150798
0.00116906
0.00117008
0.00116906
0.000887519
0.000888095
0.000887518
0.000667647
0.000667909
0.000667647
0.000512027
0.000512103
0.000512026
0.000416428
0.000416438
0.000416428
)
;
    }
}


// ************************************************************************* //
