/*--------------------------------*- C++ -*----------------------------------*\
| =========                 |                                                 |
| \\      /  F ield         | OpenFOAM: The Open Source CFD Toolbox           |
|  \\    /   O peration     | Version:  2212                                  |
|   \\  /    A nd           | Website:  www.openfoam.com                      |
|    \\/     M anipulation  |                                                 |
\*---------------------------------------------------------------------------*/
FoamFile
{
    version     2.0;
    format      ascii;
    arch        "LSB;label=32;scalar=64";
    class       volScalarField;
    location    "47/fluidRegion";
    object      Re;
}
// * * * * * * * * * * * * * * * * * * * * * * * * * * * * * * * * * * * * * //

dimensions      [0 0 0 0 0 0 0];

internalField   nonuniform List<scalar> 
350
(
174028
174029
174032
174036
174039
174042
174043
174042
174039
174035
174030
174025
174021
174018
174017
174017
174019
174022
174025
174027
174030
174031
174032
174032
174393
174028
174029
174032
174036
174039
174042
174043
174042
174039
174035
174030
174025
174021
174018
174017
174017
174019
174022
174025
174027
174030
174031
174032
174032
174393
55416.9
55366.6
55367.9
55368.1
55367.1
55364.8
55360.9
55355.3
55347.8
55338.2
55326.3
55312.1
55295.6
55276.9
55255.7
55230.9
55200.7
55163.2
55117.6
55069.8
55039.4
55085.7
55352.9
56097.5
56584.6
54926.5
54868.6
54865.7
54861.8
54856.9
54850.9
54843.7
54835
54824.6
54812.4
54798.4
54782.9
54766.8
54751
54736.3
54722.5
54708.7
54692.9
54674.4
54659.6
54669.4
54766.6
55101.2
55936.1
56532
55498.9
55448.3
55450
55450.5
55449.7
55447.6
55443.8
55438.3
55430.9
55421.2
55409.2
55394.6
55377.5
55357.7
55334.6
55307.2
55273.6
55231.7
55180.7
55126.5
55088.2
55124.8
55379.6
56109.6
56586.4
55036.1
54980.5
54978.7
54975.9
54972.1
54967.2
54960.9
54953.1
54943.6
54932.1
54918.8
54903.8
54887.8
54871.5
54855.5
54839.4
54822
54801.4
54776.9
54754.7
54755.5
54841.3
55160.6
55975
56545
55036.1
54980.5
54978.7
54975.9
54972.1
54967.2
54960.9
54953.1
54943.6
54932.1
54918.8
54903.8
54887.8
54871.5
54855.5
54839.4
54822
54801.4
54776.9
54754.8
54755.5
54841.3
55160.6
55975
56545
55498.9
55448.2
55449.9
55450.5
55449.7
55447.5
55443.8
55438.3
55430.9
55421.2
55409.1
55394.6
55377.4
55357.6
55334.6
55307.2
55273.5
55231.6
55180.7
55126.5
55088.1
55124.7
55379.5
56109.5
56586.4
54926.5
54868.6
54865.7
54861.8
54856.9
54850.9
54843.7
54835
54824.6
54812.4
54798.4
54782.9
54766.8
54751
54736.3
54722.5
54708.7
54692.9
54674.4
54659.6
54669.4
54766.6
55101.2
55936.1
56532
55416.9
55366.6
55367.9
55368.1
55367.1
55364.8
55360.9
55355.3
55347.8
55338.2
55326.3
55312.1
55295.6
55276.9
55255.7
55230.9
55200.7
55163.2
55117.6
55069.8
55039.4
55085.8
55352.9
56097.6
56584.6
55036.1
54980.5
54978.7
54975.9
54972.1
54967.2
54960.9
54953.1
54943.6
54932.1
54918.8
54903.8
54887.8
54871.5
54855.5
54839.4
54822
54801.4
54776.9
54754.7
54755.5
54841.3
55160.6
55975
56545
55498.9
55448.3
55450
55450.5
55449.7
55447.6
55443.8
55438.3
55430.9
55421.2
55409.2
55394.6
55377.5
55357.7
55334.6
55307.2
55273.6
55231.6
55180.7
55126.5
55088.2
55124.8
55379.5
56109.6
56586.5
55498.9
55448.2
55449.9
55450.5
55449.7
55447.5
55443.8
55438.3
55430.9
55421.2
55409.1
55394.6
55377.5
55357.6
55334.6
55307.2
55273.5
55231.6
55180.7
55126.5
55088.2
55124.7
55379.5
56109.5
56586.4
55036.1
54980.5
54978.7
54975.9
54972.1
54967.2
54960.9
54953.1
54943.6
54932.1
54918.8
54903.8
54887.8
54871.5
54855.5
54839.5
54822
54801.4
54777
54754.8
54755.5
54841.3
55160.7
55975
56545
)
;

boundaryField
{
    outletCentralUnloaded
    {
        type            zeroGradient;
    }
    inletCentralUnloaded
    {
        type            zeroGradient;
    }
    outletFuelElement
    {
        type            zeroGradient;
    }
    inletFuelElement
    {
        type            zeroGradient;
    }
    defaultFaces
    {
        type            zeroGradient;
    }
    baffle_master
    {
        type            zeroGradient;
    }
    baffle_slave
    {
        type            zeroGradient;
    }
}


// ************************************************************************* //
