/*--------------------------------*- C++ -*----------------------------------*\
| =========                 |                                                 |
| \\      /  F ield         | OpenFOAM: The Open Source CFD Toolbox           |
|  \\    /   O peration     | Version:  2212                                  |
|   \\  /    A nd           | Website:  www.openfoam.com                      |
|    \\/     M anipulation  |                                                 |
\*---------------------------------------------------------------------------*/
FoamFile
{
    version     2.0;
    format      ascii;
    arch        "LSB;label=32;scalar=64";
    class       volScalarField;
    location    "96/fluidRegion";
    object      alphaRhoMagU;
}
// * * * * * * * * * * * * * * * * * * * * * * * * * * * * * * * * * * * * * //

dimensions      [1 -2 -1 0 0 0 0];

internalField   nonuniform List<scalar> 
350
(
36.8332
36.8331
36.833
36.8328
36.8324
36.8321
36.8317
36.8315
36.8314
36.8313
36.8313
36.8311
36.8308
36.8303
36.8298
36.8294
36.8292
36.8293
36.8297
36.8302
36.8309
36.8314
36.8317
36.8317
36.9079
36.8332
36.8331
36.833
36.8328
36.8324
36.8321
36.8317
36.8315
36.8314
36.8313
36.8313
36.8311
36.8308
36.8303
36.8298
36.8294
36.8292
36.8293
36.8297
36.8302
36.8309
36.8314
36.8317
36.8317
36.9079
59.1241
59.0718
59.0732
59.0734
59.0723
59.0697
59.0656
59.0596
59.0516
59.0413
59.0286
59.0134
58.9958
58.9759
58.9532
58.9267
58.8945
58.8544
58.8057
58.7547
58.7219
58.771
59.0559
59.8518
60.3759
58.6003
58.5399
58.5368
58.5326
58.5274
58.521
58.5133
58.5041
58.493
58.4799
58.4649
58.4484
58.4312
58.4143
58.3986
58.3839
58.3691
58.3522
58.3325
58.3165
58.3267
58.4301
58.787
59.6793
60.3196
59.2117
59.159
59.1608
59.1613
59.1605
59.1581
59.1541
59.1483
59.1403
59.13
59.1171
59.1015
59.0832
59.0621
59.0375
59.0082
58.9723
58.9276
58.8732
58.8152
58.7741
58.8128
59.0844
59.8648
60.3779
58.7174
58.6594
58.6574
58.6545
58.6504
58.6452
58.6385
58.6302
58.62
58.6077
58.5935
58.5775
58.5604
58.543
58.5259
58.5087
58.4901
58.4681
58.442
58.4182
58.4187
58.5099
58.8504
59.7208
60.3336
58.7174
58.6594
58.6574
58.6545
58.6504
58.6452
58.6385
58.6302
58.62
58.6077
58.5935
58.5775
58.5604
58.543
58.5259
58.5087
58.4901
58.4681
58.442
58.4182
58.4187
58.5099
58.8504
59.7208
60.3336
59.2117
59.159
59.1608
59.1613
59.1605
59.1581
59.1541
59.1482
59.1403
59.1299
59.1171
59.1015
59.0832
59.062
59.0374
59.0082
58.9722
58.9275
58.8731
58.8151
58.774
58.8126
59.0843
59.8646
60.3778
58.6003
58.5399
58.5368
58.5326
58.5274
58.521
58.5133
58.5041
58.493
58.4799
58.4649
58.4484
58.4312
58.4143
58.3986
58.3839
58.3691
58.3522
58.3325
58.3165
58.3267
58.4301
58.787
59.6793
60.3196
59.1241
59.0718
59.0732
59.0734
59.0723
59.0697
59.0656
59.0596
59.0516
59.0413
59.0286
59.0134
58.9958
58.9759
58.9532
58.9267
58.8945
58.8544
58.8057
58.7546
58.7219
58.771
59.0559
59.8518
60.3759
58.7174
58.6594
58.6574
58.6545
58.6504
58.6452
58.6385
58.6302
58.62
58.6077
58.5935
58.5775
58.5604
58.543
58.5259
58.5087
58.4901
58.4681
58.442
58.4182
58.4187
58.5099
58.8504
59.7209
60.3336
59.2117
59.159
59.1608
59.1613
59.1605
59.1581
59.1541
59.1483
59.1403
59.13
59.1171
59.1015
59.0832
59.0621
59.0375
59.0082
58.9723
58.9276
58.8732
58.8152
58.7741
58.8128
59.0844
59.8648
60.3779
59.2117
59.159
59.1608
59.1613
59.1605
59.1581
59.1541
59.1482
59.1403
59.1299
59.1171
59.1015
59.0832
59.062
59.0374
59.0082
58.9722
58.9275
58.8731
58.8151
58.774
58.8126
59.0843
59.8646
60.3778
58.7174
58.6594
58.6574
58.6545
58.6504
58.6452
58.6385
58.6302
58.62
58.6077
58.5935
58.5775
58.5604
58.543
58.5259
58.5087
58.4901
58.4681
58.442
58.4182
58.4187
58.5099
58.8504
59.7209
60.3336
)
;

boundaryField
{
    outletCentralUnloaded
    {
        type            calculated;
        value           nonuniform List<scalar> 2(36.8316 36.8316);
    }
    inletCentralUnloaded
    {
        type            calculated;
        value           nonuniform List<scalar> 2(36.9828 36.9828);
    }
    outletFuelElement
    {
        type            calculated;
        value           nonuniform List<scalar> 
12
(
58.6731
58.1532
58.76
58.2695
58.2695
58.76
58.1532
58.6731
58.2695
58.76
58.76
58.2695
)
;
    }
    inletFuelElement
    {
        type            calculated;
        value           nonuniform List<scalar> 
12
(
60.0605
60.0605
60.0605
60.0605
60.0605
60.0605
60.0605
60.0605
60.0605
60.0605
60.0605
60.0605
)
;
    }
    defaultFaces
    {
        type            calculated;
        value           nonuniform List<scalar> 
450
(
59.1241
59.1241
59.1241
59.0718
59.0718
59.0718
59.0732
59.0732
59.0732
59.0734
59.0734
59.0734
59.0723
59.0723
59.0723
59.0697
59.0697
59.0697
59.0656
59.0656
59.0656
59.0596
59.0596
59.0596
59.0516
59.0516
59.0516
59.0413
59.0413
59.0413
59.0286
59.0286
59.0286
59.0134
59.0134
59.0134
58.9958
58.9958
58.9958
58.9759
58.9759
58.9759
58.9532
58.9532
58.9532
58.9267
58.9267
58.9267
58.8945
58.8945
58.8945
58.8544
58.8544
58.8544
58.8057
58.8057
58.8057
58.7547
58.7547
58.7547
58.7219
58.7219
58.7219
58.771
58.771
58.771
59.0559
59.0559
59.0559
59.8518
59.8518
59.8518
60.3759
60.3759
60.3759
59.2117
59.2117
59.159
59.159
59.1608
59.1608
59.1613
59.1613
59.1605
59.1605
59.1581
59.1581
59.1541
59.1541
59.1483
59.1483
59.1403
59.1403
59.13
59.13
59.1171
59.1171
59.1015
59.1015
59.0832
59.0832
59.0621
59.0621
59.0375
59.0375
59.0082
59.0082
58.9723
58.9723
58.9276
58.9276
58.8732
58.8732
58.8152
58.8152
58.7741
58.7741
58.8128
58.8128
59.0844
59.0844
59.8648
59.8648
60.3779
60.3779
58.7174
58.6594
58.6574
58.6545
58.6504
58.6452
58.6385
58.6302
58.62
58.6077
58.5935
58.5775
58.5604
58.543
58.5259
58.5087
58.4901
58.4681
58.442
58.4182
58.4187
58.5099
58.8504
59.7208
60.3336
58.7174
58.6594
58.6574
58.6545
58.6504
58.6452
58.6385
58.6302
58.62
58.6077
58.5935
58.5775
58.5604
58.543
58.5259
58.5087
58.4901
58.4681
58.442
58.4182
58.4187
58.5099
58.8504
59.7208
60.3336
59.2117
59.2117
59.159
59.159
59.1608
59.1608
59.1613
59.1613
59.1605
59.1605
59.1581
59.1581
59.1541
59.1541
59.1482
59.1482
59.1403
59.1403
59.1299
59.1299
59.1171
59.1171
59.1015
59.1015
59.0832
59.0832
59.062
59.062
59.0374
59.0374
59.0082
59.0082
58.9722
58.9722
58.9275
58.9275
58.8731
58.8731
58.8151
58.8151
58.774
58.774
58.8126
58.8126
59.0843
59.0843
59.8646
59.8646
60.3778
60.3778
59.1241
59.1241
59.1241
59.0718
59.0718
59.0718
59.0732
59.0732
59.0732
59.0734
59.0734
59.0734
59.0723
59.0723
59.0723
59.0697
59.0697
59.0697
59.0656
59.0656
59.0656
59.0596
59.0596
59.0596
59.0516
59.0516
59.0516
59.0413
59.0413
59.0413
59.0286
59.0286
59.0286
59.0134
59.0134
59.0134
58.9958
58.9958
58.9958
58.9759
58.9759
58.9759
58.9532
58.9532
58.9532
58.9267
58.9267
58.9267
58.8945
58.8945
58.8945
58.8544
58.8544
58.8544
58.8057
58.8057
58.8057
58.7546
58.7546
58.7546
58.7219
58.7219
58.7219
58.771
58.771
58.771
59.0559
59.0559
59.0559
59.8518
59.8518
59.8518
60.3759
60.3759
60.3759
58.7174
58.6594
58.6574
58.6545
58.6504
58.6452
58.6385
58.6302
58.62
58.6077
58.5935
58.5775
58.5604
58.543
58.5259
58.5087
58.4901
58.4681
58.442
58.4182
58.4187
58.5099
58.8504
59.7209
60.3336
59.2117
59.2117
59.159
59.159
59.1608
59.1608
59.1613
59.1613
59.1605
59.1605
59.1581
59.1581
59.1541
59.1541
59.1483
59.1483
59.1403
59.1403
59.13
59.13
59.1171
59.1171
59.1015
59.1015
59.0832
59.0832
59.0621
59.0621
59.0375
59.0375
59.0082
59.0082
58.9723
58.9723
58.9276
58.9276
58.8732
58.8732
58.8152
58.8152
58.7741
58.7741
58.8128
58.8128
59.0844
59.0844
59.8648
59.8648
60.3779
60.3779
59.2117
59.2117
59.159
59.159
59.1608
59.1608
59.1613
59.1613
59.1605
59.1605
59.1581
59.1581
59.1541
59.1541
59.1482
59.1482
59.1403
59.1403
59.1299
59.1299
59.1171
59.1171
59.1015
59.1015
59.0832
59.0832
59.062
59.062
59.0374
59.0374
59.0082
59.0082
58.9722
58.9722
58.9275
58.9275
58.8731
58.8731
58.8151
58.8151
58.774
58.774
58.8126
58.8126
59.0843
59.0843
59.8646
59.8646
60.3778
60.3778
58.7174
58.6594
58.6574
58.6545
58.6504
58.6452
58.6385
58.6302
58.62
58.6077
58.5935
58.5775
58.5604
58.543
58.5259
58.5087
58.4901
58.4681
58.442
58.4182
58.4187
58.5099
58.8504
59.7209
60.3336
)
;
    }
    baffle_master
    {
        type            calculated;
        value           nonuniform List<scalar> 
150
(
36.8332
36.8332
36.8332
36.8331
36.8331
36.8331
36.833
36.833
36.833
36.8328
36.8328
36.8328
36.8324
36.8324
36.8324
36.8321
36.8321
36.8321
36.8317
36.8317
36.8317
36.8315
36.8315
36.8315
36.8314
36.8314
36.8314
36.8313
36.8313
36.8313
36.8313
36.8313
36.8313
36.8311
36.8311
36.8311
36.8308
36.8308
36.8308
36.8303
36.8303
36.8303
36.8298
36.8298
36.8298
36.8294
36.8294
36.8294
36.8292
36.8292
36.8292
36.8293
36.8293
36.8293
36.8297
36.8297
36.8297
36.8302
36.8302
36.8302
36.8309
36.8309
36.8309
36.8314
36.8314
36.8314
36.8317
36.8317
36.8317
36.8317
36.8317
36.8317
36.9079
36.9079
36.9079
36.8332
36.8332
36.8332
36.8331
36.8331
36.8331
36.833
36.833
36.833
36.8328
36.8328
36.8328
36.8324
36.8324
36.8324
36.8321
36.8321
36.8321
36.8317
36.8317
36.8317
36.8315
36.8315
36.8315
36.8314
36.8314
36.8314
36.8313
36.8313
36.8313
36.8313
36.8313
36.8313
36.8311
36.8311
36.8311
36.8308
36.8308
36.8308
36.8303
36.8303
36.8303
36.8298
36.8298
36.8298
36.8294
36.8294
36.8294
36.8292
36.8292
36.8292
36.8293
36.8293
36.8293
36.8297
36.8297
36.8297
36.8302
36.8302
36.8302
36.8309
36.8309
36.8309
36.8314
36.8314
36.8314
36.8317
36.8317
36.8317
36.8317
36.8317
36.8317
36.9079
36.9079
36.9079
)
;
    }
    baffle_slave
    {
        type            calculated;
        value           nonuniform List<scalar> 
150
(
58.6003
58.7174
58.7174
58.5399
58.6594
58.6594
58.5368
58.6574
58.6574
58.5326
58.6545
58.6545
58.5274
58.6504
58.6504
58.521
58.6452
58.6452
58.5133
58.6385
58.6385
58.5041
58.6302
58.6302
58.493
58.62
58.62
58.4799
58.6077
58.6077
58.4649
58.5935
58.5935
58.4484
58.5775
58.5775
58.4312
58.5604
58.5604
58.4143
58.543
58.543
58.3986
58.5259
58.5259
58.3839
58.5087
58.5087
58.3691
58.4901
58.4901
58.3522
58.4681
58.4681
58.3325
58.442
58.442
58.3165
58.4182
58.4182
58.3267
58.4187
58.4187
58.4301
58.5099
58.5099
58.787
58.8504
58.8504
59.6793
59.7208
59.7209
60.3196
60.3336
60.3336
58.7174
58.6003
58.7174
58.6594
58.5399
58.6594
58.6574
58.5368
58.6574
58.6545
58.5326
58.6545
58.6504
58.5274
58.6504
58.6452
58.521
58.6452
58.6385
58.5133
58.6385
58.6302
58.5041
58.6302
58.62
58.493
58.62
58.6077
58.4799
58.6077
58.5935
58.4649
58.5935
58.5775
58.4484
58.5775
58.5604
58.4312
58.5604
58.543
58.4143
58.543
58.5259
58.3986
58.5259
58.5087
58.3839
58.5087
58.4901
58.3691
58.4901
58.4681
58.3522
58.4681
58.442
58.3325
58.442
58.4182
58.3165
58.4182
58.4187
58.3267
58.4187
58.5099
58.4301
58.5099
58.8504
58.787
58.8504
59.7208
59.6793
59.7209
60.3336
60.3196
60.3336
)
;
    }
}


// ************************************************************************* //
