/*--------------------------------*- C++ -*----------------------------------*\
| =========                 |                                                 |
| \\      /  F ield         | OpenFOAM: The Open Source CFD Toolbox           |
|  \\    /   O peration     | Version:  2212                                  |
|   \\  /    A nd           | Website:  www.openfoam.com                      |
|    \\/     M anipulation  |                                                 |
\*---------------------------------------------------------------------------*/
FoamFile
{
    version     2.0;
    format      ascii;
    arch        "LSB;label=32;scalar=64";
    class       surfaceScalarField;
    location    "96/fluidRegion";
    object      alphaRhoPhi;
}
// * * * * * * * * * * * * * * * * * * * * * * * * * * * * * * * * * * * * * //

dimensions      [1 0 -1 0 0 0 0];

oriented        oriented;

internalField   nonuniform List<scalar> 
661
(
-0.00584984
-2.48568e-12
-0.00584984
-3.86517e-12
-0.00584982
-4.82227e-12
-0.00584979
-4.76037e-12
-0.00584975
-3.29074e-12
-0.00584971
-7.72265e-13
-0.00584968
2.0296e-12
-0.00584967
4.11865e-12
-0.00584968
4.95958e-12
-0.00584968
4.53816e-12
-0.00584967
3.32674e-12
-0.00584963
2.06381e-12
-0.00584957
1.35255e-12
-0.00584949
1.49529e-12
-0.00584941
2.28993e-12
-0.00584936
3.21213e-12
-0.00584934
3.57235e-12
-0.00584937
2.83318e-12
-0.00584944
7.62626e-13
-0.00584952
-2.19207e-12
-0.0058496
-5.18111e-12
-0.00584966
-7.11653e-12
-0.00584968
-6.87024e-12
-0.00584967
-2.59856e-12
4.08916e-12
-0.00584984
-0.00584984
-0.00584982
-0.00584979
-0.00584975
-0.00584971
-0.00584968
-0.00584967
-0.00584968
-0.00584968
-0.00584967
-0.00584963
-0.00584957
-0.00584949
-0.00584941
-0.00584936
-0.00584934
-0.00584937
-0.00584944
-0.00584952
-0.0058496
-0.00584966
-0.00584968
-0.00584967
-0.00939703
6.45813e-07
-0.00939726
3.1209e-07
-0.00939753
3.46538e-07
-0.00939777
3.21664e-07
-0.009398
3.02339e-07
-0.00939822
2.85412e-07
-0.00939842
2.706e-07
-0.00939861
2.56295e-07
-0.00939879
2.3855e-07
-0.00939894
2.09699e-07
-0.00939906
1.57533e-07
-0.00939911
6.50606e-08
-0.00939903
-8.49171e-08
-0.00939878
-3.0003e-07
-0.00939827
-5.80645e-07
-0.00939746
-9.0805e-07
-0.00939633
-1.25616e-06
-0.00939485
-1.60839e-06
-0.009393
-1.97636e-06
-0.00939073
-2.4103e-06
-0.00938787
-3.00273e-06
-0.00938417
-3.85033e-06
-0.00937932
-4.98353e-06
-0.00937358
-5.88163e-06
-7.19448e-06
-0.00931278
-2.0212e-08
-1.53977e-08
-0.00931233
-8.39654e-08
-8.06166e-08
-0.00931185
-8.19533e-08
-7.81024e-08
-0.00931142
-7.36353e-08
-6.94714e-08
-0.00931101
-6.67106e-08
-6.21446e-08
-0.00931064
-6.03439e-08
-5.53237e-08
-0.00931029
-5.44794e-08
-4.8927e-08
-0.00930997
-4.86901e-08
-4.24523e-08
-0.00930967
-4.18978e-08
-3.48197e-08
-0.00930943
-3.19307e-08
-2.3801e-08
-0.00930926
-1.5056e-08
-5.57687e-09
-0.00930924
1.38211e-08
2.48022e-08
-0.00930945
5.90326e-08
7.23702e-08
-0.00931001
1.28258e-07
1.44357e-07
-0.00931102
2.19358e-07
2.39077e-07
-0.00931257
3.28183e-07
3.52711e-07
-0.00931471
4.46934e-07
4.77955e-07
-0.00931745
5.70621e-07
6.10461e-07
-0.00932083
7.03386e-07
7.55306e-07
-0.00932497
8.62726e-07
9.30437e-07
-0.00933014
1.07897e-06
1.1656e-06
-0.00933678
1.37929e-06
1.48547e-06
-0.00934529
1.74369e-06
1.86737e-06
-0.00935495
1.87356e-06
1.99757e-06
1.83771e-06
1.92855e-06
-0.00941084
3.15512e-07
-0.00941116
3.02627e-07
-0.00941148
2.98417e-07
-0.00941178
2.73746e-07
-0.00941204
2.52597e-07
-0.00941229
2.33657e-07
-0.00941251
2.1635e-07
-0.00941271
1.98757e-07
-0.00941289
1.76305e-07
-0.00941303
1.40432e-07
-0.00941311
7.76242e-08
-0.00941307
-2.95083e-08
-0.00941284
-1.98441e-07
-0.00941233
-4.39001e-07
-0.00941145
-7.48802e-07
-0.00941012
-1.10757e-06
-0.00940831
-1.48825e-06
-0.00940599
-1.8756e-06
-0.00940313
-2.28546e-06
-0.00939962
-2.77442e-06
-0.00939522
-3.43704e-06
-0.00938958
-4.36711e-06
-0.0093824
-5.50592e-06
-0.00937436
-6.19318e-06
-6.47165e-06
-0.00933167
3.50753e-10
-0.0093314
-1.39471e-09
-0.00933113
-1.31938e-09
-0.00933089
-1.34237e-09
-0.00933067
-1.28601e-09
-0.00933046
-1.21405e-09
-0.00933027
-1.14604e-09
-0.00933009
-9.92523e-10
-0.00932994
-7.8701e-10
-0.00932981
-5.13638e-10
-0.00932975
-7.39152e-11
-0.00932977
5.63085e-10
-0.00932995
1.39835e-09
-0.00933036
2.49829e-09
-0.00933106
3.8981e-09
-0.0093321
5.66192e-09
-0.00933352
7.94731e-09
-0.00933533
1.09118e-08
-0.00933754
1.44001e-08
-0.00934024
1.84677e-08
-0.0093436
2.2918e-08
-0.00934791
2.67245e-08
-0.00935337
2.87714e-08
-0.00935954
2.71646e-08
1.74453e-08
-0.00933168
-3.14854e-07
-0.00933141
-3.0572e-07
-0.00933115
-3.01265e-07
-0.0093309
-2.76674e-07
-0.00933068
-2.55484e-07
-0.00933047
-2.36502e-07
-0.00933028
-2.19154e-07
-0.00933011
-2.01411e-07
-0.00932995
-1.78749e-07
-0.00932983
-1.42577e-07
-0.00932976
-7.92253e-08
-0.00932978
2.85615e-08
-0.00932997
1.98535e-07
-0.00933037
4.40399e-07
-0.00933107
7.5186e-07
-0.00933212
1.11277e-06
-0.00933353
1.49639e-06
-0.00933534
1.88782e-06
-0.00933755
2.30308e-06
-0.00934025
2.79927e-06
-0.00934362
3.4716e-06
-0.00934792
4.41311e-06
-0.00935338
5.56437e-06
-0.00935955
6.2574e-06
6.52733e-06
-0.00941084
1.74068e-08
-0.00941117
8.298e-08
-0.00941149
8.05938e-08
-0.00941178
7.20865e-08
-0.00941205
6.49555e-08
-0.00941229
5.83185e-08
-0.00941251
5.21026e-08
-0.00941271
4.58872e-08
-0.00941289
3.85269e-08
-0.00941303
2.78193e-08
-0.00941311
1.00466e-08
-0.00941306
-1.98601e-08
-0.00941284
-6.65849e-08
-0.00941233
-1.37618e-07
-0.00941144
-2.31006e-07
-0.00941011
-3.42656e-07
-0.0094083
-4.64799e-07
-0.00940598
-5.92362e-07
-0.00940312
-7.29665e-07
-0.00939961
-8.93736e-07
-0.00939521
-1.11498e-06
-0.00938956
-1.41887e-06
-0.00938238
-1.78501e-06
-0.00937434
-1.90865e-06
-1.84127e-06
-0.00931278
-6.46069e-07
-1.6985e-08
-0.00931233
-3.12492e-07
-8.00128e-08
-0.00931185
-3.47006e-07
-7.77032e-08
-0.00931142
-3.22169e-07
-6.9122e-08
-0.00931101
-3.02842e-07
-6.1938e-08
-0.00931064
-2.8593e-07
-5.52892e-08
-0.00931029
-2.71146e-07
-4.90969e-08
-0.00930997
-2.56851e-07
-4.29389e-08
-0.00930967
-2.3914e-07
-3.57151e-08
-0.00930943
-2.10323e-07
-2.52364e-08
-0.00930926
-1.58128e-07
-7.82081e-09
-0.00930924
-6.55587e-08
2.16958e-08
-0.00930945
8.46606e-08
6.76313e-08
-0.00931001
3.00089e-07
1.37544e-07
-0.00931102
5.81327e-07
2.29337e-07
-0.00931257
9.0993e-07
3.38703e-07
-0.00931471
1.26039e-06
4.57411e-07
-0.00931745
1.61713e-06
5.79713e-07
-0.00932083
1.99345e-06
7.0852e-07
-0.00932497
2.44272e-06
8.58963e-07
-0.00933014
3.0637e-06
1.0547e-06
-0.00933678
3.95748e-06
1.32024e-06
-0.00934529
5.16174e-06
1.63296e-06
-0.00935495
6.12965e-06
1.71162e-06
7.48744e-06
1.66774e-06
-0.00939703
-0.00939726
-0.00939753
-0.00939777
-0.009398
-0.00939822
-0.00939842
-0.00939861
-0.00939879
-0.00939894
-0.00939906
-0.00939911
-0.00939904
-0.00939878
-0.00939827
-0.00939746
-0.00939633
-0.00939485
-0.009393
-0.00939073
-0.00938787
-0.00938417
-0.00937932
-0.00937358
-0.00933167
-3.19665e-07
3.00041e-09
-0.0093314
-3.07513e-07
1.75237e-09
-0.00933113
-3.03648e-07
2.07693e-09
-0.00933089
-2.79287e-07
2.29409e-09
-0.00933067
-2.58414e-07
2.51924e-09
-0.00933046
-2.39802e-07
2.80728e-09
-0.00933027
-2.22899e-07
3.18882e-09
-0.00933009
-2.05725e-07
3.64423e-09
-0.00932994
-1.83773e-07
4.24405e-09
-0.00932981
-1.48501e-07
5.03062e-09
-0.00932975
-8.62972e-08
6.04118e-09
-0.00932977
2.00528e-08
6.97382e-09
-0.00932995
1.88018e-07
8.84797e-09
-0.00933036
4.27393e-07
1.11204e-08
-0.00933106
7.35462e-07
1.43315e-08
-0.0093321
1.09162e-06
1.89617e-08
-0.00933352
1.46815e-06
2.57637e-08
-0.00933532
1.84864e-06
3.5976e-08
-0.00933754
2.24605e-06
5.2118e-08
-0.00934024
2.71387e-06
7.7139e-08
-0.00934361
3.33761e-06
1.16505e-07
-0.00934791
4.20644e-06
1.70797e-07
-0.00935337
5.25602e-06
2.41482e-07
-0.00935954
5.85621e-06
2.90693e-07
6.13175e-06
2.60699e-07
-0.00941084
-0.00941116
-0.00941148
-0.00941178
-0.00941204
-0.00941229
-0.00941251
-0.00941271
-0.00941289
-0.00941303
-0.00941311
-0.00941306
-0.00941284
-0.00941233
-0.00941145
-0.00941012
-0.00940831
-0.00940599
-0.00940313
-0.00939962
-0.00939522
-0.00938958
-0.0093824
-0.00937437
-0.00941084
3.13409e-07
-0.00941117
3.04158e-07
-0.00941149
2.99574e-07
-0.00941178
2.74867e-07
-0.00941205
2.53625e-07
-0.00941229
2.34542e-07
-0.00941251
2.17036e-07
-0.00941271
1.99161e-07
-0.00941289
1.76301e-07
-0.00941303
1.39867e-07
-0.00941311
7.62991e-08
-0.00941307
-3.14576e-08
-0.00941284
-2.01864e-07
-0.00941233
-4.44132e-07
-0.00941144
-7.5608e-07
-0.00941012
-1.11749e-06
-0.0094083
-1.50131e-06
-0.00940598
-1.8919e-06
-0.00940312
-2.30441e-06
-0.00939961
-2.79305e-06
-0.00939521
-3.45156e-06
-0.00938956
-4.36592e-06
-0.00938238
-5.47145e-06
-0.00937434
-6.1079e-06
-6.3062e-06
-0.00933168
-0.00933141
-0.00933115
-0.0093309
-0.00933068
-0.00933047
-0.00933028
-0.00933011
-0.00932995
-0.00932983
-0.00932976
-0.00932979
-0.00932997
-0.00933037
-0.00933107
-0.00933212
-0.00933353
-0.00933534
-0.00933755
-0.00934025
-0.00934361
-0.00934792
-0.00935339
-0.00935956
)
;

boundaryField
{
    outletCentralUnloaded
    {
        type            calculated;
        value           nonuniform List<scalar> 2(0.00584984 0.00584984);
    }
    inletCentralUnloaded
    {
        type            calculated;
        value           nonuniform List<scalar> 2(-0.00587369 -0.00587369);
    }
    outletFuelElement
    {
        type            calculated;
        value           nonuniform List<scalar> 
12
(
0.00939646
0.00931343
0.00941056
0.00933195
0.00933196
0.00941057
0.00931343
0.00939646
0.00933195
0.00941056
0.00941057
0.00933196
)
;
    }
    inletFuelElement
    {
        type            calculated;
        value           nonuniform List<scalar> 
12
(
-0.00953895
-0.00953896
-0.00953895
-0.00953895
-0.00953896
-0.00953895
-0.00953896
-0.00953895
-0.00953895
-0.00953895
-0.00953895
-0.00953896
)
;
    }
    defaultFaces
    {
        type            calculated;
        value           nonuniform List<scalar> 
450
(
1.09551e-23
4.17346e-24
0
1.24679e-23
2.87848e-24
0
5.33507e-24
3.80969e-24
0
-1.9345e-23
-1.40995e-23
0
-7.59541e-24
-1.44477e-23
0
-2.0672e-23
-1.25015e-23
0
-1.8575e-23
-6.10261e-24
0
-1.83653e-23
-1.00903e-23
0
-1.3354e-23
-5.39517e-24
0
-1.38426e-23
-9.06888e-24
0
-7.69715e-24
-3.31547e-24
0
-3.9903e-24
-7.8108e-25
0
5.76432e-24
3.09626e-24
0
2.11763e-23
1.0092e-23
0
4.3588e-23
1.12179e-23
0
6.45764e-23
3.80587e-23
0
6.65672e-23
1.59252e-23
0
1.0194e-22
4.16607e-23
0
9.81041e-23
-1.54505e-22
0
-4.52386e-23
-6.96396e-23
0
-1.26229e-22
-4.66375e-23
0
1.04069e-22
-7.69499e-23
0
-1.78222e-22
-3.73283e-23
0
-3.19605e-22
-1.78846e-22
0
-1.38042e-22
-2.3429e-22
0
9.25453e-24
0
1.1309e-23
0
0
0
3.98588e-24
0
-4.1391e-24
0
6.49108e-24
0
4.55615e-24
0
7.24899e-24
0
-1.29164e-24
0
4.17805e-24
0
3.03127e-24
0
-8.3318e-25
0
-1.85283e-24
0
-1.6688e-23
0
-1.90483e-23
0
-4.41481e-23
0
6.5027e-23
0
-9.36654e-23
0
3.82611e-23
0
-9.59935e-23
0
-1.236e-22
0
1.63554e-22
0
1.10692e-22
0
-2.25004e-22
0
-1.92188e-22
0
0
-3.7152e-24
3.80739e-24
-3.92732e-24
8.15568e-24
-8.52578e-24
-4.48782e-24
-2.37987e-24
5.08819e-24
0
-2.98497e-24
0
3.64924e-24
0
9.38279e-24
2.17551e-23
-5.12984e-23
3.08101e-23
-3.77908e-23
0
6.11928e-23
-1.6223e-22
-2.20071e-22
0
0
0
0
0
0
0
0
0
0
0
0
0
0
0
0
0
0
0
0
0
0
0
0
0
0
0
-1.018e-23
7.40362e-24
-3.76966e-24
1.1309e-23
1.15911e-23
2.31822e-23
-7.97176e-24
-7.97176e-24
8.2782e-24
-8.2782e-24
-8.65476e-24
-4.32738e-24
-6.83423e-24
-4.55615e-24
-7.24898e-24
-7.24898e-24
1.16247e-23
-5.16654e-24
-2.78536e-24
-1.39268e-24
-1.89454e-24
-7.57817e-25
1.66636e-24
9.37326e-25
7.41133e-24
3.70566e-24
1.6688e-23
1.6688e-23
2.85724e-23
2.38103e-23
3.3111e-23
4.4148e-23
-2.60108e-23
6.50269e-23
3.12218e-23
7.80544e-23
-1.53044e-22
1.14783e-22
-9.59933e-23
-9.59933e-23
0
-1.23599e-22
-1.63554e-22
2.04442e-22
-1.66038e-22
-1.66038e-22
-7.50012e-23
-2.25004e-22
-2.88282e-22
-1.92188e-22
9.16035e-24
0
0
3.39488e-24
0
0
7.1774e-24
0
-2.31233e-23
-2.65385e-23
0
3.9757e-24
6.80846e-24
0
0
-2.64328e-23
0
4.31624e-24
-2.53705e-23
0
0
-2.63336e-23
0
4.82013e-24
-1.65773e-23
0
-1.54594e-23
-2.02936e-23
0
5.55624e-24
-1.41e-23
0
3.02339e-24
-5.65239e-24
0
1.66204e-24
5.99236e-24
-0
0
2.73434e-23
-0
-4.16142e-24
4.78165e-23
-0
0
8.6166e-23
-0
-3.30313e-23
7.95761e-23
-0
0
1.82491e-22
-0
-3.1154e-23
5.72019e-23
-0
-7.63684e-23
-6.33394e-23
-0
4.79095e-23
1.80193e-23
-0
0
1.40173e-22
-0
8.16712e-23
-8.92336e-23
-0
0
-1.96059e-23
-0
0
-2.46956e-22
-0
9.60779e-23
-7.29767e-24
0
0
-3.92732e-24
0
0
-4.48782e-24
0
2.5441e-24
-2.74294e-24
-1.49249e-24
2.05112e-25
3.64924e-24
8.21809e-24
-9.38279e-24
0
-5.12984e-23
0
-3.77908e-23
0
0
-1.6223e-22
-1.10036e-22
0
9.59999e-23
9.25453e-24
0
1.1309e-23
0
0
0
1.19576e-23
0
-4.1391e-24
0
8.65477e-24
0
6.83423e-24
0
4.83266e-24
0
-1.29164e-24
0
4.17805e-24
0
1.89454e-24
0
-8.3318e-25
0
-7.41133e-24
-0
-1.6688e-23
-0
-1.90483e-23
-0
-2.2074e-23
-0
1.04043e-22
-0
-3.12218e-23
-0
7.65223e-23
-0
-9.59934e-23
-0
-1.85399e-22
-0
2.04442e-22
-0
1.66038e-22
-0
-2.25004e-22
-0
-2.88282e-22
-0
-8.79179e-24
3.70181e-24
-3.76966e-24
7.53933e-24
-7.7274e-24
1.15911e-23
-7.97176e-24
-1.99294e-23
0
6.20865e-24
-8.65476e-24
-1.51458e-23
-4.55615e-24
-1.36685e-23
-4.83265e-24
-1.20816e-23
0
-7.74982e-24
-4.17804e-24
-9.74877e-24
-1.13673e-24
-4.5469e-24
8.33179e-25
4.37419e-24
3.70566e-24
1.66755e-23
8.34401e-24
3.7548e-23
1.90482e-23
6.66689e-23
2.2074e-23
8.82961e-23
0
7.80323e-23
3.12218e-23
1.7172e-22
0
1.14783e-22
0
-1.19992e-22
0
-9.26995e-23
0
2.04442e-22
1.66038e-22
-2.21383e-22
-7.50012e-23
-1.87503e-22
0
-1.92188e-22
-0
-0
-0
-0
-0
-0
-0
-0
-0
-0
-0
0
0
0
0
0
0
0
0
0
0
0
0
0
0
)
;
    }
    baffle_master
    {
        type            calculated;
        value           nonuniform List<scalar> 
150
(
1.34576e-30
0
0
-4.05536e-29
0
0
3.25249e-29
0
0
-4.29197e-29
0
0
-2.26251e-28
0
-6.21356e-29
6.85223e-30
0
0
1.25395e-29
0
0
-3.47015e-29
0
0
-3.9002e-29
0
6.21562e-29
3.906e-29
0
0
-8.40069e-30
0
-6.21666e-29
-2.50155e-29
0
3.10859e-29
-2.65139e-30
0
0
-7.59511e-30
0
-3.10911e-29
2.10977e-30
0
0
-4.0516e-29
0
-6.21924e-29
-3.12138e-28
0
-1.86592e-28
1.96866e-29
0
0
-3.81774e-29
0
-3.11039e-29
-7.40247e-30
0
3.11065e-29
3.73512e-29
0
1.24436e-28
-4.45493e-28
0
-1.24446e-28
6.67414e-29
0
0
1.68066e-29
0
3.11167e-29
-1.00661e-29
0
-1.24477e-28
0
-6.72215e-29
0
0
-1.30612e-28
0
0
-1.84e-28
0
6.21305e-29
-2.22501e-28
0
0
1.12652e-28
0
3.10704e-29
-3.0548e-29
0
-3.10729e-29
8.2646e-29
-0
0
1.73395e-28
-0
1.86469e-28
2.13043e-28
-0
0
2.33808e-28
-0
-6.21666e-29
1.42921e-28
-0
-3.10859e-29
4.8135e-29
-0
-3.10885e-29
4.72435e-29
-0
-3.10911e-29
6.43696e-29
-0
0
7.15528e-29
-0
-6.21924e-29
7.12835e-29
-0
6.21975e-29
1.51054e-28
-0
0
8.66085e-29
-0
1.55519e-29
3.23054e-30
-0
0
7.47289e-29
0
6.22181e-29
1.2534e-28
0
-2.48893e-28
4.72315e-28
0
-3.7337e-28
-2.92747e-28
0
3.11167e-29
3.28615e-29
0
0
-1.13621e-28
-0
)
;
    }
    baffle_slave
    {
        type            calculated;
        value           nonuniform List<scalar> 
150
(
-6.81817e-25
-0
0
1.15698e-24
-0
0
-2.25271e-24
-0
7.61479e-24
2.07899e-24
-0
-3.92733e-24
-1.30785e-23
-0
-8.15568e-24
-2.38919e-24
-0
8.52578e-24
-5.58927e-25
-0
0
-1.18555e-24
-0
-4.75975e-24
1.26732e-24
-0
0
-6.83169e-25
-0
0
-1.48687e-24
-0
0
-8.17352e-25
0
0
-4.54434e-25
0
0
2.04682e-24
0
0
-1.16851e-24
0
-9.38279e-24
1.35478e-24
0
0
-7.02896e-23
0
-7.69476e-23
0
0
3.08101e-23
-8.47661e-23
0
-1.13372e-22
-8.87354e-24
0
0
-1.14451e-23
0
-6.11928e-23
1.41659e-22
0
1.6223e-22
-4.80681e-23
0
1.10036e-22
-4.20099e-23
0
0
-5.99854e-24
0
-9.59999e-23
-3.34365e-24
1.66619e-23
0
-1.4711e-24
1.1107e-23
0
3.8641e-25
8.89228e-24
0
-4.62131e-24
9.2943e-24
0
1.14469e-24
-1.70147e-23
0
-2.13491e-24
6.63665e-24
0
-4.80253e-24
8.3839e-24
0
-2.98996e-24
6.52052e-24
0
2.40687e-24
6.89106e-24
0
-8.51641e-25
7.68565e-24
0
-1.05383e-24
5.01819e-24
0
4.38841e-25
2.45206e-24
0
4.30624e-24
-4.54434e-25
0
-2.32868e-25
-7.47569e-24
0
-1.24472e-24
-1.18312e-23
0
2.33479e-23
-2.13378e-23
0
-7.35882e-23
-3.3148e-23
0
-5.43037e-24
-3.45465e-23
0
-4.51167e-23
0
0
1.09026e-23
4.58466e-23
0
-4.48042e-23
4.19655e-23
0
-1.6492e-22
1.11304e-22
0
-1.05853e-22
-8.92693e-23
0
3.66897e-23
1.12026e-22
0
-3.07859e-23
2.0395e-22
0
)
;
    }
}


// ************************************************************************* //
