/*--------------------------------*- C++ -*----------------------------------*\
| =========                 |                                                 |
| \\      /  F ield         | OpenFOAM: The Open Source CFD Toolbox           |
|  \\    /   O peration     | Version:  2212                                  |
|   \\  /    A nd           | Website:  www.openfoam.com                      |
|    \\/     M anipulation  |                                                 |
\*---------------------------------------------------------------------------*/
FoamFile
{
    version     2.0;
    format      ascii;
    arch        "LSB;label=32;scalar=64";
    class       volScalarField;
    location    "53/fluidRegion";
    object      alphat;
}
// * * * * * * * * * * * * * * * * * * * * * * * * * * * * * * * * * * * * * //

dimensions      [1 -1 -1 0 0 0 0];

internalField   nonuniform List<scalar> 
350
(
0.00258568
0.00258567
0.00258566
0.00258566
0.00258566
0.00258565
0.00258564
0.00258564
0.00258564
0.00258564
0.00258566
0.0025857
0.00258577
0.00258587
0.00258602
0.00258624
0.00258657
0.00258704
0.00258774
0.00258879
0.00259039
0.00259282
0.00259655
0.00260226
0.002611
0.00258568
0.00258567
0.00258566
0.00258566
0.00258566
0.00258565
0.00258564
0.00258564
0.00258564
0.00258564
0.00258566
0.0025857
0.00258577
0.00258587
0.00258602
0.00258624
0.00258657
0.00258704
0.00258774
0.00258879
0.00259039
0.00259282
0.00259655
0.00260226
0.002611
0.000895839
0.000884228
0.000872814
0.00086124
0.0008494
0.000837187
0.000824499
0.000811235
0.000797311
0.000782662
0.000767257
0.000751101
0.00073424
0.000716741
0.000698687
0.000680171
0.000661371
0.000642742
0.000625464
0.000612374
0.000609867
0.000631326
0.00069956
0.000832269
0.00100213
0.000887985
0.000876387
0.000865009
0.000853477
0.000841687
0.000829533
0.00081691
0.000803718
0.000789869
0.000775301
0.000759982
0.000743924
0.000727178
0.000709827
0.000691965
0.000673693
0.000655189
0.000636896
0.000619969
0.000607221
0.000605028
0.000626815
0.000695611
0.000829572
0.00100138
0.000897093
0.000885469
0.000874044
0.000862458
0.000850605
0.000838379
0.000825675
0.000812395
0.000798454
0.000783788
0.000768364
0.000752187
0.000735301
0.000717773
0.000699681
0.00068112
0.000662265
0.000643575
0.000626233
0.000613078
0.000610508
0.000631905
0.000700054
0.000832606
0.00100224
0.000889788
0.000878192
0.000866808
0.000855269
0.00084347
0.000831305
0.000818668
0.000805461
0.000791596
0.000777009
0.000761671
0.000745589
0.000728817
0.000711431
0.000693524
0.000675196
0.000656624
0.000638252
0.000621245
0.000608417
0.000606152
0.000627864
0.000696531
0.000830203
0.00100156
0.000889788
0.000878192
0.000866808
0.000855269
0.00084347
0.000831305
0.000818668
0.000805461
0.000791596
0.00077701
0.000761671
0.00074559
0.000728817
0.000711432
0.000693524
0.000675197
0.000656624
0.000638253
0.000621245
0.000608417
0.000606152
0.000627864
0.000696531
0.000830203
0.00100156
0.000897092
0.000885468
0.000874044
0.000862458
0.000850604
0.000838378
0.000825675
0.000812395
0.000798454
0.000783788
0.000768364
0.000752187
0.000735301
0.000717773
0.000699682
0.000681121
0.000662266
0.000643576
0.000626234
0.000613079
0.00061051
0.000631907
0.000700056
0.000832608
0.00100224
0.000887984
0.000876387
0.000865009
0.000853477
0.000841687
0.000829533
0.00081691
0.000803718
0.000789869
0.000775301
0.000759982
0.000743923
0.000727178
0.000709827
0.000691964
0.000673693
0.000655189
0.000636896
0.00061997
0.000607221
0.000605028
0.000626815
0.000695612
0.000829572
0.00100138
0.000895839
0.000884228
0.000872814
0.00086124
0.0008494
0.000837187
0.000824499
0.000811235
0.000797311
0.000782662
0.000767257
0.000751101
0.00073424
0.000716741
0.000698687
0.000680172
0.000661371
0.000642743
0.000625465
0.000612376
0.00060987
0.000631331
0.000699566
0.000832277
0.00100213
0.000889788
0.000878192
0.000866808
0.000855269
0.00084347
0.000831305
0.000818669
0.000805461
0.000791596
0.00077701
0.000761671
0.00074559
0.000728817
0.000711431
0.000693524
0.000675196
0.000656624
0.000638252
0.000621245
0.000608417
0.000606152
0.000627865
0.000696532
0.000830205
0.00100156
0.000897093
0.000885469
0.000874044
0.000862458
0.000850605
0.000838378
0.000825675
0.000812395
0.000798454
0.000783788
0.000768364
0.000752187
0.000735301
0.000717773
0.000699681
0.000681119
0.000662264
0.000643574
0.00062623
0.000613074
0.000610502
0.000631896
0.000700041
0.000832592
0.00100223
0.000897093
0.000885469
0.000874044
0.000862458
0.000850605
0.000838379
0.000825675
0.000812396
0.000798455
0.000783788
0.000768364
0.000752188
0.000735302
0.000717774
0.000699683
0.000681122
0.000662267
0.000643578
0.000626236
0.000613081
0.000610511
0.000631908
0.000700056
0.000832606
0.00100224
0.000889788
0.000878192
0.000866808
0.000855269
0.000843471
0.000831305
0.000818669
0.000805461
0.000791596
0.00077701
0.000761671
0.00074559
0.000728817
0.000711432
0.000693525
0.000675197
0.000656625
0.000638254
0.000621247
0.000608421
0.000606158
0.000627873
0.000696543
0.000830216
0.00100157
)
;

boundaryField
{
    outletCentralUnloaded
    {
        type            zeroGradient;
    }
    inletCentralUnloaded
    {
        type            zeroGradient;
    }
    outletFuelElement
    {
        type            zeroGradient;
    }
    inletFuelElement
    {
        type            zeroGradient;
    }
    defaultFaces
    {
        type            zeroGradient;
    }
    baffle_master
    {
        type            calculated;
        value           nonuniform List<scalar> 
150
(
0.00258568
0.00258568
0.00258568
0.00258567
0.00258567
0.00258567
0.00258566
0.00258566
0.00258566
0.00258566
0.00258566
0.00258566
0.00258566
0.00258566
0.00258566
0.00258565
0.00258565
0.00258565
0.00258564
0.00258564
0.00258564
0.00258564
0.00258564
0.00258564
0.00258564
0.00258564
0.00258564
0.00258564
0.00258564
0.00258564
0.00258566
0.00258566
0.00258566
0.0025857
0.0025857
0.0025857
0.00258577
0.00258577
0.00258577
0.00258587
0.00258587
0.00258587
0.00258602
0.00258602
0.00258602
0.00258624
0.00258624
0.00258624
0.00258657
0.00258657
0.00258657
0.00258704
0.00258704
0.00258704
0.00258774
0.00258774
0.00258774
0.00258879
0.00258879
0.00258879
0.00259039
0.00259039
0.00259039
0.00259282
0.00259282
0.00259282
0.00259655
0.00259655
0.00259655
0.00260226
0.00260226
0.00260226
0.002611
0.002611
0.002611
0.00258568
0.00258568
0.00258568
0.00258567
0.00258567
0.00258567
0.00258566
0.00258566
0.00258566
0.00258566
0.00258566
0.00258566
0.00258566
0.00258566
0.00258566
0.00258565
0.00258565
0.00258565
0.00258564
0.00258564
0.00258564
0.00258564
0.00258564
0.00258564
0.00258564
0.00258564
0.00258564
0.00258564
0.00258564
0.00258564
0.00258566
0.00258566
0.00258566
0.0025857
0.0025857
0.0025857
0.00258577
0.00258577
0.00258577
0.00258587
0.00258587
0.00258587
0.00258602
0.00258602
0.00258602
0.00258624
0.00258624
0.00258624
0.00258657
0.00258657
0.00258657
0.00258704
0.00258704
0.00258704
0.00258774
0.00258774
0.00258774
0.00258879
0.00258879
0.00258879
0.00259039
0.00259039
0.00259039
0.00259282
0.00259282
0.00259282
0.00259655
0.00259655
0.00259655
0.00260226
0.00260226
0.00260226
0.002611
0.002611
0.002611
)
;
    }
    baffle_slave
    {
        type            calculated;
        value           nonuniform List<scalar> 
150
(
0.000887985
0.000889788
0.000889788
0.000876387
0.000878192
0.000878192
0.000865009
0.000866808
0.000866808
0.000853477
0.000855269
0.000855269
0.000841687
0.00084347
0.000843471
0.000829533
0.000831305
0.000831305
0.00081691
0.000818668
0.000818669
0.000803718
0.000805461
0.000805461
0.000789869
0.000791596
0.000791596
0.000775301
0.000777009
0.00077701
0.000759982
0.000761671
0.000761671
0.000743924
0.000745589
0.00074559
0.000727178
0.000728817
0.000728817
0.000709827
0.000711431
0.000711432
0.000691965
0.000693524
0.000693525
0.000673693
0.000675196
0.000675197
0.000655189
0.000656624
0.000656625
0.000636896
0.000638252
0.000638254
0.000619969
0.000621245
0.000621247
0.000607221
0.000608417
0.000608421
0.000605028
0.000606152
0.000606158
0.000626815
0.000627864
0.000627873
0.000695611
0.000696531
0.000696543
0.000829572
0.000830203
0.000830216
0.00100138
0.00100156
0.00100157
0.000889788
0.000887984
0.000889788
0.000878192
0.000876387
0.000878192
0.000866808
0.000865009
0.000866808
0.000855269
0.000853477
0.000855269
0.00084347
0.000841687
0.00084347
0.000831305
0.000829533
0.000831305
0.000818668
0.00081691
0.000818669
0.000805461
0.000803718
0.000805461
0.000791596
0.000789869
0.000791596
0.00077701
0.000775301
0.00077701
0.000761671
0.000759982
0.000761671
0.00074559
0.000743923
0.00074559
0.000728817
0.000727178
0.000728817
0.000711432
0.000709827
0.000711431
0.000693524
0.000691964
0.000693524
0.000675197
0.000673693
0.000675196
0.000656624
0.000655189
0.000656624
0.000638253
0.000636896
0.000638252
0.000621245
0.00061997
0.000621245
0.000608417
0.000607221
0.000608417
0.000606152
0.000605028
0.000606152
0.000627864
0.000626815
0.000627865
0.000696531
0.000695612
0.000696532
0.000830203
0.000829572
0.000830205
0.00100156
0.00100138
0.00100156
)
;
    }
}


// ************************************************************************* //
