/*--------------------------------*- C++ -*----------------------------------*\
| =========                 |                                                 |
| \\      /  F ield         | OpenFOAM: The Open Source CFD Toolbox           |
|  \\    /   O peration     | Version:  2212                                  |
|   \\  /    A nd           | Website:  www.openfoam.com                      |
|    \\/     M anipulation  |                                                 |
\*---------------------------------------------------------------------------*/
FoamFile
{
    version     2.0;
    format      ascii;
    arch        "LSB;label=32;scalar=64";
    class       volScalarField;
    location    "53/fluidRegion";
    object      alphaRhoMagU;
}
// * * * * * * * * * * * * * * * * * * * * * * * * * * * * * * * * * * * * * //

dimensions      [1 -2 -1 0 0 0 0];

internalField   nonuniform List<scalar> 
350
(
36.8319
36.8318
36.8317
36.8316
36.8315
36.8315
36.8314
36.8313
36.8311
36.8308
36.8306
36.8305
36.8306
36.8309
36.8312
36.8315
36.8318
36.8318
36.8317
36.8315
36.8312
36.831
36.831
36.8311
36.9078
36.8319
36.8318
36.8317
36.8316
36.8315
36.8315
36.8314
36.8313
36.8311
36.8308
36.8306
36.8305
36.8306
36.8309
36.8312
36.8315
36.8318
36.8318
36.8317
36.8315
36.8312
36.831
36.831
36.8311
36.9078
59.1183
59.0655
59.0668
59.0671
59.066
59.0635
59.0593
59.0534
59.0453
59.0351
59.0224
59.0072
58.9896
58.9697
58.947
58.9205
58.8883
58.8482
58.7996
58.7486
58.7159
58.7652
59.0501
59.8454
60.3677
58.5948
58.5339
58.5308
58.5265
58.5213
58.515
58.5073
58.498
58.4869
58.4739
58.4589
58.4424
58.4252
58.4083
58.3926
58.3779
58.3631
58.3463
58.3266
58.3107
58.3209
58.4244
58.7813
59.673
60.3115
59.2059
59.1526
59.1544
59.155
59.1542
59.1518
59.1478
59.142
59.134
59.1237
59.1108
59.0953
59.077
59.0558
59.0313
59.002
58.9661
58.9214
58.867
58.8091
58.7681
58.8069
59.0786
59.8584
60.3697
58.7118
58.6533
58.6513
58.6484
58.6443
58.6391
58.6324
58.6241
58.6139
58.6017
58.5874
58.5714
58.5543
58.537
58.5199
58.5027
58.4841
58.4621
58.436
58.4122
58.4128
58.5042
58.8448
59.7145
60.3255
58.7118
58.6533
58.6513
58.6484
58.6443
58.6391
58.6324
58.6241
58.6139
58.6017
58.5874
58.5714
58.5543
58.537
58.5199
58.5027
58.4841
58.4621
58.436
58.4122
58.4128
58.5042
58.8448
59.7145
60.3255
59.2059
59.1526
59.1544
59.155
59.1541
59.1518
59.1478
59.1419
59.134
59.1237
59.1108
59.0952
59.0769
59.0558
59.0312
59.002
58.966
58.9213
58.8669
58.809
58.768
58.8068
59.0785
59.8582
60.3696
58.5948
58.5339
58.5308
58.5265
58.5213
58.515
58.5073
58.498
58.487
58.4739
58.4589
58.4424
58.4252
58.4083
58.3926
58.3779
58.3631
58.3463
58.3266
58.3107
58.3209
58.4244
58.7813
59.673
60.3115
59.1183
59.0655
59.0668
59.0671
59.066
59.0635
59.0593
59.0534
59.0453
59.0351
59.0224
59.0072
58.9896
58.9697
58.947
58.9205
58.8883
58.8482
58.7996
58.7486
58.7159
58.7652
59.0501
59.8454
60.3678
58.7118
58.6533
58.6513
58.6484
58.6443
58.6391
58.6324
58.6241
58.6139
58.6017
58.5874
58.5714
58.5543
58.537
58.5198
58.5027
58.4841
58.4621
58.436
58.4122
58.4128
58.5042
58.8448
59.7145
60.3255
59.2059
59.1526
59.1544
59.155
59.1542
59.1518
59.1478
59.142
59.134
59.1237
59.1108
59.0953
59.077
59.0558
59.0313
59.002
58.9661
58.9214
58.867
58.8091
58.7681
58.8069
59.0786
59.8584
60.3697
59.2059
59.1526
59.1544
59.155
59.1541
59.1518
59.1478
59.1419
59.134
59.1237
59.1108
59.0952
59.0769
59.0558
59.0312
59.002
58.966
58.9213
58.8669
58.809
58.768
58.8068
59.0785
59.8582
60.3696
58.7118
58.6533
58.6514
58.6484
58.6443
58.6391
58.6324
58.6241
58.6139
58.6017
58.5874
58.5714
58.5543
58.537
58.5199
58.5027
58.4841
58.4621
58.436
58.4122
58.4128
58.5042
58.8448
59.7146
60.3255
)
;

boundaryField
{
    outletCentralUnloaded
    {
        type            calculated;
        value           nonuniform List<scalar> 2(36.8303 36.8303);
    }
    inletCentralUnloaded
    {
        type            calculated;
        value           nonuniform List<scalar> 2(36.9828 36.9828);
    }
    outletFuelElement
    {
        type            calculated;
        value           nonuniform List<scalar> 
12
(
58.6676
58.1481
58.7545
58.2642
58.2642
58.7545
58.1481
58.6676
58.2642
58.7545
58.7545
58.2642
)
;
    }
    inletFuelElement
    {
        type            calculated;
        value           nonuniform List<scalar> 
12
(
60.0549
60.0549
60.0549
60.0549
60.0549
60.0549
60.0549
60.0549
60.0549
60.0549
60.0549
60.0549
)
;
    }
    defaultFaces
    {
        type            calculated;
        value           nonuniform List<scalar> 
450
(
59.1183
59.1183
59.1183
59.0655
59.0655
59.0655
59.0668
59.0668
59.0668
59.0671
59.0671
59.0671
59.066
59.066
59.066
59.0635
59.0635
59.0635
59.0593
59.0593
59.0593
59.0534
59.0534
59.0534
59.0453
59.0453
59.0453
59.0351
59.0351
59.0351
59.0224
59.0224
59.0224
59.0072
59.0072
59.0072
58.9896
58.9896
58.9896
58.9697
58.9697
58.9697
58.947
58.947
58.947
58.9205
58.9205
58.9205
58.8883
58.8883
58.8883
58.8482
58.8482
58.8482
58.7996
58.7996
58.7996
58.7486
58.7486
58.7486
58.7159
58.7159
58.7159
58.7652
58.7652
58.7652
59.0501
59.0501
59.0501
59.8454
59.8454
59.8454
60.3677
60.3677
60.3677
59.2059
59.2059
59.1526
59.1526
59.1544
59.1544
59.155
59.155
59.1542
59.1542
59.1518
59.1518
59.1478
59.1478
59.142
59.142
59.134
59.134
59.1237
59.1237
59.1108
59.1108
59.0953
59.0953
59.077
59.077
59.0558
59.0558
59.0313
59.0313
59.002
59.002
58.9661
58.9661
58.9214
58.9214
58.867
58.867
58.8091
58.8091
58.7681
58.7681
58.8069
58.8069
59.0786
59.0786
59.8584
59.8584
60.3697
60.3697
58.7118
58.6533
58.6513
58.6484
58.6443
58.6391
58.6324
58.6241
58.6139
58.6017
58.5874
58.5714
58.5543
58.537
58.5199
58.5027
58.4841
58.4621
58.436
58.4122
58.4128
58.5042
58.8448
59.7145
60.3255
58.7118
58.6533
58.6513
58.6484
58.6443
58.6391
58.6324
58.6241
58.6139
58.6017
58.5874
58.5714
58.5543
58.537
58.5199
58.5027
58.4841
58.4621
58.436
58.4122
58.4128
58.5042
58.8448
59.7145
60.3255
59.2059
59.2059
59.1526
59.1526
59.1544
59.1544
59.155
59.155
59.1541
59.1541
59.1518
59.1518
59.1478
59.1478
59.1419
59.1419
59.134
59.134
59.1237
59.1237
59.1108
59.1108
59.0952
59.0952
59.0769
59.0769
59.0558
59.0558
59.0312
59.0312
59.002
59.002
58.966
58.966
58.9213
58.9213
58.8669
58.8669
58.809
58.809
58.768
58.768
58.8068
58.8068
59.0785
59.0785
59.8582
59.8582
60.3696
60.3696
59.1183
59.1183
59.1183
59.0655
59.0655
59.0655
59.0668
59.0668
59.0668
59.0671
59.0671
59.0671
59.066
59.066
59.066
59.0635
59.0635
59.0635
59.0593
59.0593
59.0593
59.0534
59.0534
59.0534
59.0453
59.0453
59.0453
59.0351
59.0351
59.0351
59.0224
59.0224
59.0224
59.0072
59.0072
59.0072
58.9896
58.9896
58.9896
58.9697
58.9697
58.9697
58.947
58.947
58.947
58.9205
58.9205
58.9205
58.8883
58.8883
58.8883
58.8482
58.8482
58.8482
58.7996
58.7996
58.7996
58.7486
58.7486
58.7486
58.7159
58.7159
58.7159
58.7652
58.7652
58.7652
59.0501
59.0501
59.0501
59.8454
59.8454
59.8454
60.3678
60.3678
60.3678
58.7118
58.6533
58.6513
58.6484
58.6443
58.6391
58.6324
58.6241
58.6139
58.6017
58.5874
58.5714
58.5543
58.537
58.5198
58.5027
58.4841
58.4621
58.436
58.4122
58.4128
58.5042
58.8448
59.7145
60.3255
59.2059
59.2059
59.1526
59.1526
59.1544
59.1544
59.155
59.155
59.1542
59.1542
59.1518
59.1518
59.1478
59.1478
59.142
59.142
59.134
59.134
59.1237
59.1237
59.1108
59.1108
59.0953
59.0953
59.077
59.077
59.0558
59.0558
59.0313
59.0313
59.002
59.002
58.9661
58.9661
58.9214
58.9214
58.867
58.867
58.8091
58.8091
58.7681
58.7681
58.8069
58.8069
59.0786
59.0786
59.8584
59.8584
60.3697
60.3697
59.2059
59.2059
59.1526
59.1526
59.1544
59.1544
59.155
59.155
59.1541
59.1541
59.1518
59.1518
59.1478
59.1478
59.1419
59.1419
59.134
59.134
59.1237
59.1237
59.1108
59.1108
59.0952
59.0952
59.0769
59.0769
59.0558
59.0558
59.0312
59.0312
59.002
59.002
58.966
58.966
58.9213
58.9213
58.8669
58.8669
58.809
58.809
58.768
58.768
58.8068
58.8068
59.0785
59.0785
59.8582
59.8582
60.3696
60.3696
58.7118
58.6533
58.6514
58.6484
58.6443
58.6391
58.6324
58.6241
58.6139
58.6017
58.5874
58.5714
58.5543
58.537
58.5199
58.5027
58.4841
58.4621
58.436
58.4122
58.4128
58.5042
58.8448
59.7146
60.3255
)
;
    }
    baffle_master
    {
        type            calculated;
        value           nonuniform List<scalar> 
150
(
36.8319
36.8319
36.8319
36.8318
36.8318
36.8318
36.8317
36.8317
36.8317
36.8316
36.8316
36.8316
36.8315
36.8315
36.8315
36.8315
36.8315
36.8315
36.8314
36.8314
36.8314
36.8313
36.8313
36.8313
36.8311
36.8311
36.8311
36.8308
36.8308
36.8308
36.8306
36.8306
36.8306
36.8305
36.8305
36.8305
36.8306
36.8306
36.8306
36.8309
36.8309
36.8309
36.8312
36.8312
36.8312
36.8315
36.8315
36.8315
36.8318
36.8318
36.8318
36.8318
36.8318
36.8318
36.8317
36.8317
36.8317
36.8315
36.8315
36.8315
36.8312
36.8312
36.8312
36.831
36.831
36.831
36.831
36.831
36.831
36.8311
36.8311
36.8311
36.9078
36.9078
36.9078
36.8319
36.8319
36.8319
36.8318
36.8318
36.8318
36.8317
36.8317
36.8317
36.8316
36.8316
36.8316
36.8315
36.8315
36.8315
36.8315
36.8315
36.8315
36.8314
36.8314
36.8314
36.8313
36.8313
36.8313
36.8311
36.8311
36.8311
36.8308
36.8308
36.8308
36.8306
36.8306
36.8306
36.8305
36.8305
36.8305
36.8306
36.8306
36.8306
36.8309
36.8309
36.8309
36.8312
36.8312
36.8312
36.8315
36.8315
36.8315
36.8318
36.8318
36.8318
36.8318
36.8318
36.8318
36.8317
36.8317
36.8317
36.8315
36.8315
36.8315
36.8312
36.8312
36.8312
36.831
36.831
36.831
36.831
36.831
36.831
36.8311
36.8311
36.8311
36.9078
36.9078
36.9078
)
;
    }
    baffle_slave
    {
        type            calculated;
        value           nonuniform List<scalar> 
150
(
58.5948
58.7118
58.7118
58.5339
58.6533
58.6533
58.5308
58.6513
58.6514
58.5265
58.6484
58.6484
58.5213
58.6443
58.6443
58.515
58.6391
58.6391
58.5073
58.6324
58.6324
58.498
58.6241
58.6241
58.4869
58.6139
58.6139
58.4739
58.6017
58.6017
58.4589
58.5874
58.5874
58.4424
58.5714
58.5714
58.4252
58.5543
58.5543
58.4083
58.537
58.537
58.3926
58.5199
58.5199
58.3779
58.5027
58.5027
58.3631
58.4841
58.4841
58.3463
58.4621
58.4621
58.3266
58.436
58.436
58.3107
58.4122
58.4122
58.3209
58.4128
58.4128
58.4244
58.5042
58.5042
58.7813
58.8448
58.8448
59.673
59.7145
59.7146
60.3115
60.3255
60.3255
58.7118
58.5948
58.7118
58.6533
58.5339
58.6533
58.6513
58.5308
58.6513
58.6484
58.5265
58.6484
58.6443
58.5213
58.6443
58.6391
58.515
58.6391
58.6324
58.5073
58.6324
58.6241
58.498
58.6241
58.6139
58.487
58.6139
58.6017
58.4739
58.6017
58.5874
58.4589
58.5874
58.5714
58.4424
58.5714
58.5543
58.4252
58.5543
58.537
58.4083
58.537
58.5199
58.3926
58.5198
58.5027
58.3779
58.5027
58.4841
58.3631
58.4841
58.4621
58.3463
58.4621
58.436
58.3266
58.436
58.4122
58.3107
58.4122
58.4128
58.3209
58.4128
58.5042
58.4244
58.5042
58.8448
58.7813
58.8448
59.7145
59.673
59.7145
60.3255
60.3115
60.3255
)
;
    }
}


// ************************************************************************* //
