/*--------------------------------*- C++ -*----------------------------------*\
| =========                 |                                                 |
| \\      /  F ield         | OpenFOAM: The Open Source CFD Toolbox           |
|  \\    /   O peration     | Version:  2212                                  |
|   \\  /    A nd           | Website:  www.openfoam.com                      |
|    \\/     M anipulation  |                                                 |
\*---------------------------------------------------------------------------*/
FoamFile
{
    version     2.0;
    format      ascii;
    arch        "LSB;label=32;scalar=64";
    class       volVectorField;
    location    "53/fluidRegion";
    object      U;
}
// * * * * * * * * * * * * * * * * * * * * * * * * * * * * * * * * * * * * * //

dimensions      [0 1 -1 0 0 0 0];

internalField   nonuniform List<vector> 
350
(
(1.18102e-10 6.81862e-11 -14.9684)
(1.14362e-10 6.60266e-11 -14.9671)
(5.56168e-11 3.21103e-11 -14.9659)
(4.06955e-11 2.34955e-11 -14.9646)
(9.37257e-11 5.41124e-11 -14.9633)
(1.70956e-10 9.87009e-11 -14.9621)
(1.87758e-10 1.08402e-10 -14.9608)
(8.73212e-11 5.04147e-11 -14.9595)
(-1.28813e-10 -7.437e-11 -14.9582)
(-3.92889e-10 -2.26834e-10 -14.9569)
(-6.02126e-10 -3.47636e-10 -14.9555)
(-6.65227e-10 -3.84068e-10 -14.9543)
(-5.39054e-10 -3.11222e-10 -14.9531)
(-2.4978e-10 -1.4421e-10 -14.9519)
(1.18312e-10 6.83075e-11 -14.9508)
(4.53118e-10 2.61607e-10 -14.9497)
(6.5116e-10 3.75946e-10 -14.9486)
(6.58349e-10 3.80097e-10 -14.9474)
(4.85649e-10 2.80389e-10 -14.9461)
(2.06644e-10 1.19306e-10 -14.9448)
(-7.44275e-11 -4.29706e-11 -14.9434)
(-2.77183e-10 -1.60031e-10 -14.9421)
(-3.41702e-10 -1.97281e-10 -14.9408)
(-2.24917e-10 -1.29855e-10 -14.9396)
(2.90676e-11 1.67821e-11 -14.9695)
(1.18102e-10 6.81862e-11 -14.9684)
(1.14362e-10 6.60266e-11 -14.9671)
(5.56168e-11 3.21103e-11 -14.9659)
(4.06955e-11 2.34955e-11 -14.9646)
(9.37257e-11 5.41124e-11 -14.9633)
(1.70956e-10 9.87009e-11 -14.9621)
(1.87758e-10 1.08402e-10 -14.9608)
(8.73211e-11 5.04147e-11 -14.9595)
(-1.28813e-10 -7.437e-11 -14.9582)
(-3.92889e-10 -2.26834e-10 -14.9569)
(-6.02126e-10 -3.47636e-10 -14.9555)
(-6.65227e-10 -3.84068e-10 -14.9543)
(-5.39054e-10 -3.11222e-10 -14.9531)
(-2.4978e-10 -1.4421e-10 -14.9519)
(1.18312e-10 6.83075e-11 -14.9508)
(4.53118e-10 2.61607e-10 -14.9497)
(6.5116e-10 3.75946e-10 -14.9486)
(6.58349e-10 3.80097e-10 -14.9474)
(4.85649e-10 2.80389e-10 -14.9461)
(2.06644e-10 1.19306e-10 -14.9448)
(-7.44275e-11 -4.29706e-11 -14.9434)
(-2.77183e-10 -1.60031e-10 -14.9421)
(-3.41702e-10 -1.97281e-10 -14.9408)
(-2.24917e-10 -1.29855e-10 -14.9396)
(2.90676e-11 1.67821e-11 -14.9695)
(-0.00197454 -0.00114 -423.577)
(-0.000939812 -0.0005426 -415.606)
(-0.00101866 -0.000588123 -405.52)
(-0.000916678 -0.000529244 -393.109)
(-0.000829807 -0.000479089 -378.566)
(-0.000749315 -0.000432617 -362.092)
(-0.000674759 -0.000389572 -343.898)
(-0.000602467 -0.000347834 -324.197)
(-0.000524419 -0.000302773 -303.212)
(-0.000427409 -0.000246764 -281.169)
(-0.00029489 -0.000170255 -258.307)
(-0.000110598 -6.38535e-05 -234.883)
(0.000130292 7.5224e-05 -211.18)
(0.000408303 0.000235734 -187.507)
(0.00069197 0.000399509 -164.203)
(0.000933586 0.000539006 -141.622)
(0.00109585 0.000632687 -120.11)
(0.00116882 0.000674821 -99.9837)
(0.00117176 0.000676513 -81.5092)
(0.00113881 0.000657492 -64.908)
(0.0011007 0.000635491 -50.372)
(0.00106473 0.000614721 -38.0889)
(0.00101546 0.000586274 -28.2674)
(0.000881886 0.000509157 -21.1337)
(0.000840117 0.000485042 -16.6338)
(-0.0019164 -0.00111668 -426.308)
(-0.000697757 -0.000393606 -418.293)
(-0.00078902 -0.000447321 -408.176)
(-0.00071845 -0.00040639 -395.711)
(-0.000658571 -0.000371982 -381.097)
(-0.000603056 -0.000339832 -364.536)
(-0.00055143 -0.000309804 -346.24)
(-0.000500866 -0.000280518 -326.424)
(-0.000445543 -0.000248414 -305.31)
(-0.000375923 -0.000208067 -283.126)
(-0.000280664 -0.000152949 -260.111)
(-0.000148302 -7.63801e-05 -236.525)
(2.54919e-05 2.37368e-05 -212.648)
(0.000219449 0.000135772 -188.796)
(0.000416312 0.000249497 -165.309)
(0.000582217 0.000345176 -142.546)
(0.000692413 0.000408612 -120.86)
(0.000741299 0.000436276 -100.57)
(0.000742548 0.000436438 -81.9483)
(0.000719989 0.000422318 -65.2188)
(0.000694419 0.00040755 -50.575)
(0.000673331 0.000395004 -38.2062)
(0.00065039 0.000382626 -28.3225)
(0.000592507 0.00034853 -21.1508)
(0.00061967 0.000361833 -16.6358)
(-0.000877568 -0.000656481 -423.141)
(-0.000510078 -0.000952825 -415.168)
(-0.000496984 -0.00091113 -405.09)
(-0.000452357 -0.000800859 -392.689)
(-0.000410635 -0.000703938 -378.158)
(-0.00037235 -0.000614602 -361.699)
(-0.000336369 -0.000532196 -343.523)
(-0.000300004 -0.000452722 -323.842)
(-0.000257791 -0.000367229 -302.878)
(-0.000201585 -0.000261084 -280.858)
(-0.000122236 -0.000114962 -258.022)
(-1.29577e-05 8.79433e-05 -234.625)
(0.000129063 0.000350864 -210.948)
(0.00028222 0.000665721 -187.304)
(0.000432613 0.000986382 -164.029)
(0.000552903 0.00125989 -141.476)
(0.00062603 0.00144251 -119.992)
(0.000650894 0.00152215 -99.8906)
(0.000640694 0.00152117 -81.4385)
(0.000614382 0.00147872 -64.8569)
(0.000585962 0.00142854 -50.3371)
(0.000560326 0.00137387 -38.0668)
(0.000521068 0.00127969 -28.2545)
(0.000454798 0.00103795 -21.1269)
(0.000395475 0.000819569 -16.6315)
(-0.000975934 -0.000563454 -425.699)
(-0.00091853 -0.000530312 -417.695)
(-0.000884659 -0.000510757 -407.583)
(-0.000787649 -0.000454748 -395.129)
(-0.000700906 -0.000404667 -380.529)
(-0.000620996 -0.000358531 -363.987)
(-0.000546715 -0.000315645 -345.713)
(-0.000474051 -0.000273693 -325.922)
(-0.000393828 -0.000227376 -304.836)
(-0.000291745 -0.000168439 -282.683)
(-0.000150112 -8.6667e-05 -259.702)
(4.58772e-05 2.64871e-05 -236.152)
(0.000300056 0.000173237 -212.314)
(0.000593546 0.000342683 -188.502)
(0.000888905 0.000513208 -165.057)
(0.00113576 0.00065573 -142.335)
(0.00129598 0.000748235 -120.689)
(0.0013613 0.000785947 -100.436)
(0.00135419 0.000781839 -81.8481)
(0.00131095 0.000756878 -65.148)
(0.00126151 0.000728329 -50.5289)
(0.00121117 0.000699268 -38.1798)
(0.00112776 0.00065111 -28.3104)
(0.000935372 0.000540036 -21.1474)
(0.000762124 0.000440011 -16.6356)
(0.000952972 0.000550197 -425.699)
(0.000914327 0.000527886 -417.695)
(0.000878694 0.000507313 -407.583)
(0.00078201 0.000451493 -395.129)
(0.000695076 0.000401302 -380.529)
(0.000615243 0.00035521 -363.987)
(0.000541478 0.000312622 -345.713)
(0.000469165 0.000270872 -325.922)
(0.000389566 0.000224915 -304.836)
(0.000288394 0.000166504 -282.683)
(0.00014746 8.51361e-05 -259.702)
(-4.78489e-05 -2.76255e-05 -236.152)
(-0.000301264 -0.000173934 -212.314)
(-0.000593839 -0.000342852 -188.502)
(-0.000888043 -0.000512711 -165.057)
(-0.00113363 -0.000654502 -142.335)
(-0.00129287 -0.000746439 -120.689)
(-0.00135773 -0.000783884 -100.436)
(-0.00135015 -0.000779509 -81.8481)
(-0.00130682 -0.000754492 -65.148)
(-0.00125749 -0.000726008 -50.5289)
(-0.00120701 -0.000696867 -38.1798)
(-0.00112296 -0.000648341 -28.3104)
(-0.00093143 -0.00053776 -21.1474)
(-0.000758115 -0.000437697 -16.6356)
(0.00099218 0.000437372 -423.141)
(0.00107936 -3.89142e-05 -415.168)
(0.00103531 -2.89461e-05 -405.09)
(0.000917664 -1.25871e-05 -392.689)
(0.000812842 -6.84922e-07 -378.158)
(0.000716409 1.05848e-05 -361.7)
(0.000627285 2.04972e-05 -343.523)
(0.000540465 2.84969e-05 -323.842)
(0.000445611 3.45727e-05 -302.878)
(0.000325942 3.90643e-05 -280.858)
(0.00016003 4.32781e-05 -258.022)
(-7.00222e-05 4.9968e-05 -234.625)
(-0.000368393 5.84213e-05 -210.949)
(-0.000717255 8.34165e-05 -187.304)
(-0.00106969 0.00011399 -164.029)
(-0.00136623 0.000147327 -141.476)
(-0.00156059 0.000176071 -119.992)
(-0.00164183 0.000195098 -99.8906)
(-0.00163576 0.000204462 -81.4385)
(-0.00158589 0.000207096 -64.8569)
(-0.00152829 0.000207473 -50.3371)
(-0.00146812 0.0002032 -38.0667)
(-0.00136662 0.00019095 -28.2545)
(-0.00112434 0.000126716 -21.1268)
(-0.000904435 6.54828e-05 -16.6315)
(0.00191138 0.00112452 -426.308)
(0.000690265 0.000404457 -418.293)
(0.000781139 0.000458636 -408.176)
(0.000710599 0.000417609 -395.711)
(0.000650735 0.000382615 -381.097)
(0.000595213 0.000350293 -364.536)
(0.000543644 0.000320151 -346.24)
(0.000493192 0.00029054 -326.424)
(0.000438076 0.000258181 -305.31)
(0.000368804 0.000217605 -283.126)
(0.000273724 0.000162142 -260.111)
(0.000141509 8.52925e-05 -236.525)
(-3.17524e-05 -1.56339e-05 -212.648)
(-0.000225251 -0.000127984 -188.796)
(-0.000421468 -0.000241906 -165.309)
(-0.000586467 -0.000337876 -142.546)
(-0.00069566 -0.000401678 -120.86)
(-0.000743323 -0.000430073 -100.57)
(-0.000742918 -0.000430866 -81.9483)
(-0.000717974 -0.0004181 -65.2188)
(-0.000690491 -0.000403238 -50.575)
(-0.000667319 -0.00039101 -38.2062)
(-0.00064251 -0.000377397 -28.3225)
(-0.000585216 -0.00034395 -21.1508)
(-0.00060892 -0.000365429 -16.6358)
(0.00197464 0.00114006 -423.577)
(0.000939671 0.000542519 -415.606)
(0.00101846 0.00058801 -405.52)
(0.000916456 0.000529116 -393.109)
(0.000829446 0.00047888 -378.565)
(0.000748912 0.000432384 -362.092)
(0.000674338 0.000389329 -343.898)
(0.000602014 0.000347573 -324.197)
(0.000523985 0.000302523 -303.212)
(0.000427043 0.000246553 -281.169)
(0.000294494 0.000170026 -258.307)
(0.000110181 6.36127e-05 -234.883)
(-0.000130708 -7.54641e-05 -211.18)
(-0.000408631 -0.000235923 -187.507)
(-0.000692111 -0.00039959 -164.203)
(-0.000933466 -0.000538936 -141.622)
(-0.00109545 -0.000632456 -120.11)
(-0.00116812 -0.000674415 -99.9837)
(-0.00117052 -0.000675802 -81.5092)
(-0.00113689 -0.00065638 -64.9081)
(-0.00109782 -0.000633826 -50.372)
(-0.00106088 -0.000612499 -38.0889)
(-0.00101022 -0.000583248 -28.2674)
(-0.000876935 -0.000506298 -21.1337)
(-0.000835611 -0.00048244 -16.6338)
(0.000970215 0.000560152 -425.699)
(0.000910934 0.000525926 -417.695)
(0.000876827 0.000506235 -407.583)
(0.000779829 0.000450233 -395.129)
(0.000692765 0.000399967 -380.529)
(0.000612714 0.000353749 -363.987)
(0.0005386 0.00031096 -345.713)
(0.000465954 0.000269018 -325.922)
(0.000385935 0.000222819 -304.836)
(0.000284284 0.000164131 -282.683)
(0.000142884 8.24941e-05 -259.702)
(-5.29379e-05 -3.05636e-05 -236.152)
(-0.000306853 -0.000177161 -212.314)
(-0.000600065 -0.000346446 -188.502)
(-0.000895032 -0.000516746 -165.057)
(-0.00114146 -0.000659023 -142.335)
(-0.0013017 -0.000751532 -120.689)
(-0.00136755 -0.000789551 -100.436)
(-0.00136122 -0.000785899 -81.8481)
(-0.00131915 -0.000761608 -65.148)
(-0.00127139 -0.000734036 -50.5289)
(-0.00122186 -0.000705439 -38.1798)
(-0.00113869 -0.000657421 -28.3104)
(-0.000945182 -0.0005457 -21.1474)
(-0.000772279 -0.000445874 -16.6356)
(0.000870393 0.00065897 -423.141)
(0.000499945 0.000956661 -415.168)
(0.000486408 0.000915155 -405.09)
(0.000441802 0.000804819 -392.689)
(0.000399955 0.000707806 -378.158)
(0.00036162 0.000618462 -361.699)
(0.000325784 0.000536035 -343.523)
(0.000289544 0.000456504 -323.842)
(0.00024761 0.000370916 -302.878)
(0.000191931 0.000264606 -280.858)
(0.000112872 0.00011839 -258.022)
(3.84411e-06 -8.45833e-05 -234.625)
(-0.000137535 -0.00034782 -210.948)
(-0.000290085 -0.000662939 -187.304)
(-0.000439672 -0.000983992 -164.029)
(-0.000558935 -0.0012581 -141.476)
(-0.000631169 -0.00144152 -119.992)
(-0.000655251 -0.00152223 -99.8906)
(-0.000644173 -0.00152272 -81.4385)
(-0.000616822 -0.00148241 -64.8569)
(-0.000588199 -0.00143401 -50.3371)
(-0.000562005 -0.00138102 -38.0668)
(-0.000522356 -0.001288 -28.2545)
(-0.000456378 -0.00104542 -21.1269)
(-0.000394972 -0.000829564 -16.6315)
(-0.000994189 -0.000434426 -423.141)
(-0.00108183 4.29843e-05 -415.168)
(-0.00103785 3.32168e-05 -405.09)
(-0.000920208 1.68165e-05 -392.689)
(-0.000815483 4.28352e-06 -378.158)
(-0.000719075 -7.19011e-06 -361.7)
(-0.00062992 -1.71256e-05 -343.523)
(-0.000543094 -2.53841e-05 -323.842)
(-0.000448202 -3.1556e-05 -302.878)
(-0.000328405 -3.59331e-05 -280.858)
(-0.00016245 -4.03088e-05 -258.022)
(6.76325e-05 -4.71352e-05 -234.625)
(0.00036607 -5.59807e-05 -210.949)
(0.000714998 -8.09051e-05 -187.304)
(0.00106755 -0.000111123 -164.029)
(0.00136428 -0.000143971 -141.476)
(0.00155876 -0.000172276 -119.992)
(0.00164012 -0.000191147 -99.8906)
(0.0016343 -0.000199974 -81.4385)
(0.00158483 -0.000202378 -64.8569)
(0.00152798 -0.000201428 -50.3371)
(0.00146894 -0.000196025 -38.0667)
(0.00136869 -0.000181517 -28.2545)
(0.001127 -0.00011826 -21.1268)
(0.000906687 -6.36998e-05 -16.6315)
(-0.000956612 -0.000552299 -425.699)
(-0.000918884 -0.000530517 -417.695)
(-0.000883333 -0.000509991 -407.583)
(-0.000786629 -0.000454159 -395.129)
(-0.000700117 -0.000404212 -380.529)
(-0.000620461 -0.000358222 -363.987)
(-0.000546587 -0.000315572 -345.713)
(-0.000474362 -0.000273872 -325.922)
(-0.000394669 -0.000227862 -304.836)
(-0.000293164 -0.000169258 -282.683)
(-0.000152128 -8.78308e-05 -259.702)
(4.3221e-05 2.49536e-05 -236.152)
(0.000296643 0.000171266 -212.314)
(0.000589343 0.000340257 -188.502)
(0.000883853 0.000510291 -165.057)
(0.00112986 0.000652323 -142.335)
(0.00128922 0.00074433 -120.689)
(0.00135385 0.000781644 -100.436)
(0.00134618 0.000777214 -81.8481)
(0.00130273 0.000752132 -65.148)
(0.00125366 0.000723798 -50.5289)
(0.0012043 0.000695302 -38.1798)
(0.0011221 0.000647845 -28.3104)
(0.000931623 0.000537871 -21.1474)
(0.000756191 0.000436586 -16.6356)
)
;

boundaryField
{
    outletCentralUnloaded
    {
        type            zeroGradient;
    }
    inletCentralUnloaded
    {
        type            fixedValue;
        value           uniform (0 0 -15);
    }
    outletFuelElement
    {
        type            zeroGradient;
    }
    inletFuelElement
    {
        type            fixedValue;
        value           uniform (0 0 -15);
    }
    defaultFaces
    {
        type            slip;
    }
    baffle_master
    {
        type            slip;
    }
    baffle_slave
    {
        type            slip;
    }
}


// ************************************************************************* //
