/*--------------------------------*- C++ -*----------------------------------*\
| =========                 |                                                 |
| \\      /  F ield         | OpenFOAM: The Open Source CFD Toolbox           |
|  \\    /   O peration     | Version:  2212                                  |
|   \\  /    A nd           | Website:  www.openfoam.com                      |
|    \\/     M anipulation  |                                                 |
\*---------------------------------------------------------------------------*/
FoamFile
{
    version     2.0;
    format      ascii;
    arch        "LSB;label=32;scalar=64";
    class       volScalarField;
    location    "47/neutroRegion";
    object      TCool;
}
// * * * * * * * * * * * * * * * * * * * * * * * * * * * * * * * * * * * * * //

dimensions      [0 0 0 1 0 0 0];

internalField   nonuniform List<scalar> 
350
(
83.2889
83.2894
83.2899
83.2904
83.2909
83.2914
83.2919
83.2923
83.2928
83.2932
83.2936
83.2941
83.2945
83.295
83.2955
83.296
83.2965
83.2969
83.2974
83.2978
83.2983
83.2987
83.2991
83.2995
83.2999
83.2889
83.2894
83.2899
83.2904
83.2909
83.2914
83.2919
83.2923
83.2928
83.2932
83.2936
83.2941
83.2945
83.295
83.2955
83.296
83.2965
83.2969
83.2974
83.2978
83.2983
83.2987
83.2991
83.2995
83.2999
1821.11
1815.08
1796.64
1766
1723.53
1669.7
1605.15
1530.61
1446.96
1355.23
1256.54
1152.24
1043.84
933.096
821.958
712.526
606.906
507.059
414.694
331.252
257.981
196.077
146.764
111.205
90.0938
1849.3
1843.48
1825.04
1794.19
1751.28
1696.81
1631.41
1555.84
1470.97
1377.84
1277.6
1171.59
1061.34
948.619
835.424
723.906
616.24
514.458
420.33
335.338
260.752
197.783
147.666
111.568
90.171
1816.53
1810.49
1792.06
1761.48
1719.1
1665.39
1600.98
1526.62
1443.19
1351.69
1253.26
1149.24
1041.14
930.715
819.904
710.801
605.5
505.951
413.857
330.651
257.576
195.83
146.634
111.152
90.0814
1842.96
1837.08
1818.63
1787.81
1744.99
1690.65
1625.43
1550.08
1465.49
1372.67
1272.78
1167.15
1057.32
945.045
832.319
721.279
614.082
512.746
419.025
334.391
260.11
197.387
147.457
111.484
90.1532
1842.96
1837.08
1818.63
1787.81
1744.99
1690.65
1625.43
1550.08
1465.49
1372.67
1272.78
1167.15
1057.32
945.045
832.319
721.279
614.082
512.746
419.025
334.391
260.11
197.387
147.457
111.484
90.1532
1816.53
1810.49
1792.06
1761.48
1719.1
1665.39
1600.98
1526.63
1443.19
1351.69
1253.26
1149.24
1041.15
930.716
819.905
710.802
605.501
505.952
413.858
330.651
257.577
195.83
146.635
111.152
90.0814
1849.3
1843.48
1825.04
1794.19
1751.28
1696.81
1631.41
1555.84
1470.97
1377.84
1277.6
1171.59
1061.34
948.619
835.424
723.906
616.24
514.458
420.33
335.338
260.752
197.783
147.666
111.568
90.171
1821.11
1815.08
1796.64
1766
1723.53
1669.7
1605.15
1530.61
1446.96
1355.23
1256.54
1152.24
1043.84
933.096
821.958
712.526
606.906
507.058
414.694
331.252
257.981
196.077
146.764
111.205
90.0937
1842.96
1837.08
1818.63
1787.81
1744.99
1690.65
1625.43
1550.08
1465.49
1372.67
1272.78
1167.15
1057.32
945.045
832.319
721.279
614.082
512.746
419.025
334.391
260.11
197.387
147.457
111.484
90.1533
1816.53
1810.49
1792.06
1761.48
1719.09
1665.39
1600.98
1526.62
1443.19
1351.69
1253.26
1149.24
1041.14
930.715
819.904
710.801
605.5
505.952
413.857
330.651
257.577
195.83
146.635
111.152
90.0814
1816.53
1810.49
1792.06
1761.48
1719.1
1665.39
1600.98
1526.63
1443.19
1351.69
1253.26
1149.24
1041.15
930.716
819.905
710.802
605.5
505.952
413.858
330.651
257.577
195.83
146.635
111.152
90.0814
1842.96
1837.08
1818.63
1787.81
1744.99
1690.65
1625.43
1550.08
1465.49
1372.67
1272.78
1167.15
1057.32
945.045
832.319
721.279
614.082
512.746
419.025
334.391
260.11
197.387
147.457
111.484
90.1532
)
;

boundaryField
{
    outletCentralUnloaded
    {
        type            zeroGradient;
    }
    inletCentralUnloaded
    {
        type            zeroGradient;
    }
    outletFuelElement
    {
        type            zeroGradient;
    }
    inletFuelElement
    {
        type            zeroGradient;
    }
    defaultFaces
    {
        type            zeroGradient;
    }
}


// ************************************************************************* //
