/*--------------------------------*- C++ -*----------------------------------*\
| =========                 |                                                 |
| \\      /  F ield         | OpenFOAM: The Open Source CFD Toolbox           |
|  \\    /   O peration     | Version:  2212                                  |
|   \\  /    A nd           | Website:  www.openfoam.com                      |
|    \\/     M anipulation  |                                                 |
\*---------------------------------------------------------------------------*/
FoamFile
{
    version     2.0;
    format      ascii;
    arch        "LSB;label=32;scalar=64";
    class       volScalarField;
    location    "18/neutroRegion";
    object      TFuel;
}
// * * * * * * * * * * * * * * * * * * * * * * * * * * * * * * * * * * * * * //

dimensions      [0 0 0 1 0 0 0];

internalField   nonuniform List<scalar> 
350
(
0
0
0
0
0
0
0
0
0
0
0
0
0
0
0
0
0
0
0
0
0
0
0
0
0
0
0
0
0
0
0
0
0
0
0
0
0
0
0
0
0
0
0
0
0
0
0
0
0
0
1424.05
2051.98
2658.15
3233.33
3768.7
4256.09
4688.03
5057.9
5360.07
5589.92
5743.98
5819.95
5816.76
5734.56
5574.69
5339.63
5032.89
4658.85
4222.54
3729.42
3184.81
2593.95
1961.73
1294.18
602.447
1439.98
2075.28
2688.54
3270.4
3811.98
4304.97
4741.83
5115.88
5421.4
5653.73
5809.37
5885.99
5882.51
5799.09
5637.09
5399.05
5088.52
4709.95
4268.44
3769.54
3218.62
2620.95
1981.46
1306.21
606.487
1421.45
2048.21
2653.27
3227.38
3761.78
4248.29
4679.45
5048.67
5350.31
5579.77
5733.58
5809.45
5806.32
5724.31
5564.78
5330.2
5024.06
4650.75
4215.25
3723.06
3179.45
2589.67
1958.61
1292.28
601.808
1436.38
2069.98
2681.6
3261.92
3802.06
4293.75
4729.48
5102.56
5407.3
5639.06
5794.33
5870.8
5867.38
5784.24
5622.73
5385.37
5075.71
4698.19
4257.87
3760.3
3210.83
2614.73
1976.92
1303.44
605.556
1436.38
2069.98
2681.6
3261.92
3802.06
4293.75
4729.48
5102.56
5407.3
5639.06
5794.33
5870.8
5867.38
5784.24
5622.73
5385.37
5075.71
4698.19
4257.87
3760.3
3210.83
2614.73
1976.92
1303.44
605.556
1421.45
2048.21
2653.27
3227.38
3761.78
4248.29
4679.45
5048.67
5350.31
5579.77
5733.58
5809.45
5806.32
5724.31
5564.78
5330.2
5024.06
4650.75
4215.26
3723.06
3179.45
2589.67
1958.61
1292.28
601.808
1439.98
2075.28
2688.54
3270.41
3811.98
4304.97
4741.83
5115.88
5421.4
5653.73
5809.37
5885.99
5882.51
5799.09
5637.09
5399.05
5088.52
4709.95
4268.44
3769.54
3218.62
2620.95
1981.47
1306.21
606.487
1424.05
2051.98
2658.16
3233.33
3768.7
4256.09
4688.03
5057.9
5360.07
5589.92
5743.98
5819.95
5816.76
5734.56
5574.69
5339.63
5032.89
4658.85
4222.54
3729.42
3184.81
2593.95
1961.73
1294.18
602.447
1436.38
2069.98
2681.6
3261.92
3802.06
4293.75
4729.48
5102.56
5407.3
5639.06
5794.33
5870.8
5867.38
5784.24
5622.73
5385.37
5075.71
4698.19
4257.87
3760.3
3210.83
2614.73
1976.92
1303.44
605.556
1421.45
2048.21
2653.27
3227.38
3761.78
4248.29
4679.45
5048.67
5350.31
5579.77
5733.58
5809.45
5806.32
5724.31
5564.78
5330.2
5024.06
4650.74
4215.25
3723.06
3179.45
2589.67
1958.61
1292.28
601.808
1421.45
2048.21
2653.27
3227.38
3761.78
4248.29
4679.45
5048.67
5350.31
5579.77
5733.58
5809.45
5806.32
5724.31
5564.78
5330.2
5024.06
4650.75
4215.26
3723.06
3179.45
2589.67
1958.61
1292.28
601.808
1436.38
2069.98
2681.6
3261.92
3802.06
4293.75
4729.48
5102.56
5407.3
5639.06
5794.33
5870.8
5867.38
5784.24
5622.73
5385.37
5075.71
4698.19
4257.87
3760.3
3210.83
2614.73
1976.92
1303.44
605.556
)
;

boundaryField
{
    outletCentralUnloaded
    {
        type            zeroGradient;
    }
    inletCentralUnloaded
    {
        type            zeroGradient;
    }
    outletFuelElement
    {
        type            zeroGradient;
    }
    inletFuelElement
    {
        type            zeroGradient;
    }
    defaultFaces
    {
        type            zeroGradient;
    }
}


// ************************************************************************* //
