/*--------------------------------*- C++ -*----------------------------------*\
| =========                 |                                                 |
| \\      /  F ield         | OpenFOAM: The Open Source CFD Toolbox           |
|  \\    /   O peration     | Version:  2212                                  |
|   \\  /    A nd           | Website:  www.openfoam.com                      |
|    \\/     M anipulation  |                                                 |
\*---------------------------------------------------------------------------*/
FoamFile
{
    version     2.0;
    format      ascii;
    arch        "LSB;label=32;scalar=64";
    class       volScalarField;
    location    "46/neutroRegion";
    object      TFuel;
}
// * * * * * * * * * * * * * * * * * * * * * * * * * * * * * * * * * * * * * //

dimensions      [0 0 0 1 0 0 0];

internalField   nonuniform List<scalar> 
350
(
0
0
0
0
0
0
0
0
0
0
0
0
0
0
0
0
0
0
0
0
0
0
0
0
0
0
0
0
0
0
0
0
0
0
0
0
0
0
0
0
0
0
0
0
0
0
0
0
0
0
2208.1
2994.97
3751.18
4465.19
5126.09
5723.7
6248.84
6693.39
7050.49
7314.6
7481.63
7549.01
7515.71
7382.34
7151.06
6825.56
6410.89
5913.17
5339.13
4695.61
3988.21
3220.45
2392.17
1502.62
564.978
2240.51
3036.58
3801.56
4523.78
5192.18
5796.51
6327.45
6776.81
7137.64
7404.35
7572.81
7640.41
7606.13
7470.57
7235.94
6905.97
6485.82
5981.71
5400.51
4749.17
4033.4
3256.74
2418.95
1519.1
570.51
2202.85
2988.27
3743.1
4455.83
5115.54
5712.11
6236.34
6680.14
7036.66
7300.37
7467.18
7534.53
7501.4
7368.38
7137.63
6812.84
6399.04
5902.34
5329.43
4687.15
3981.08
3214.74
2387.98
1500.04
564.106
2233.2
3027.14
3790.08
4510.4
5177.06
5779.83
6309.42
6757.66
7117.62
7383.72
7551.84
7619.38
7585.32
7450.26
7216.39
6887.45
6468.56
5965.92
5386.37
4736.83
4022.99
3248.38
2412.78
1515.3
569.235
2233.2
3027.14
3790.08
4510.4
5177.06
5779.83
6309.42
6757.66
7117.62
7383.72
7551.84
7619.38
7585.32
7450.26
7216.39
6887.45
6468.56
5965.92
5386.37
4736.83
4022.99
3248.38
2412.78
1515.3
569.235
2202.85
2988.28
3743.11
4455.83
5115.55
5712.11
6236.34
6680.14
7036.66
7300.37
7467.18
7534.53
7501.4
7368.38
7137.63
6812.85
6399.05
5902.34
5329.44
4687.16
3981.08
3214.74
2387.98
1500.04
564.106
2240.51
3036.58
3801.56
4523.78
5192.18
5796.51
6327.45
6776.81
7137.64
7404.35
7572.81
7640.41
7606.13
7470.57
7235.94
6905.97
6485.82
5981.71
5400.51
4749.17
4033.4
3256.74
2418.95
1519.1
570.51
2208.1
2994.97
3751.18
4465.2
5126.09
5723.7
6248.84
6693.39
7050.49
7314.6
7481.63
7549.01
7515.71
7382.34
7151.06
6825.56
6410.89
5913.17
5339.13
4695.61
3988.21
3220.45
2392.18
1502.62
564.978
2233.2
3027.14
3790.08
4510.4
5177.06
5779.83
6309.42
6757.66
7117.62
7383.72
7551.84
7619.38
7585.32
7450.26
7216.39
6887.45
6468.56
5965.92
5386.37
4736.83
4022.99
3248.38
2412.78
1515.3
569.235
2202.85
2988.27
3743.1
4455.83
5115.54
5712.11
6236.34
6680.14
7036.66
7300.37
7467.18
7534.53
7501.4
7368.38
7137.63
6812.84
6399.04
5902.34
5329.43
4687.15
3981.08
3214.74
2387.98
1500.04
564.106
2202.85
2988.28
3743.1
4455.83
5115.55
5712.11
6236.34
6680.14
7036.66
7300.37
7467.18
7534.53
7501.4
7368.38
7137.63
6812.84
6399.05
5902.34
5329.44
4687.16
3981.08
3214.74
2387.98
1500.05
564.106
2233.2
3027.14
3790.08
4510.4
5177.06
5779.83
6309.42
6757.66
7117.62
7383.72
7551.84
7619.38
7585.32
7450.26
7216.39
6887.45
6468.56
5965.92
5386.37
4736.83
4022.99
3248.38
2412.78
1515.3
569.235
)
;

boundaryField
{
    outletCentralUnloaded
    {
        type            zeroGradient;
    }
    inletCentralUnloaded
    {
        type            zeroGradient;
    }
    outletFuelElement
    {
        type            zeroGradient;
    }
    inletFuelElement
    {
        type            zeroGradient;
    }
    defaultFaces
    {
        type            zeroGradient;
    }
}


// ************************************************************************* //
