/*--------------------------------*- C++ -*----------------------------------*\
| =========                 |                                                 |
| \\      /  F ield         | OpenFOAM: The Open Source CFD Toolbox           |
|  \\    /   O peration     | Version:  2212                                  |
|   \\  /    A nd           | Website:  www.openfoam.com                      |
|    \\/     M anipulation  |                                                 |
\*---------------------------------------------------------------------------*/
FoamFile
{
    version     2.0;
    format      ascii;
    arch        "LSB;label=32;scalar=64";
    class       surfaceScalarField;
    location    "79/fluidRegion";
    object      alphaRhoPhi;
}
// * * * * * * * * * * * * * * * * * * * * * * * * * * * * * * * * * * * * * //

dimensions      [1 0 -1 0 0 0 0];

oriented        oriented;

internalField   nonuniform List<scalar> 
661
(
-0.00584997
-6.04745e-12
-0.00584997
-8.05082e-12
-0.00584995
-5.4071e-12
-0.0058499
-4.7541e-13
-0.00584981
5.53406e-12
-0.00584969
1.0639e-11
-0.00584954
1.27474e-11
-0.0058494
1.12186e-11
-0.00584929
6.98553e-12
-0.00584923
1.8389e-12
-0.00584923
-2.31405e-12
-0.00584929
-4.16365e-12
-0.0058494
-3.68e-12
-0.00584953
-1.55272e-12
-0.00584965
7.65414e-13
-0.00584975
1.90475e-12
-0.00584982
1.04019e-12
-0.00584984
-1.90851e-12
-0.00584984
-6.18278e-12
-0.00584982
-1.06955e-11
-0.00584978
-1.40987e-11
-0.00584974
-1.53694e-11
-0.00584971
-1.26458e-11
-0.00584967
3.10728e-13
2.12285e-11
-0.00584997
-0.00584997
-0.00584995
-0.0058499
-0.00584981
-0.00584969
-0.00584954
-0.0058494
-0.00584929
-0.00584923
-0.00584923
-0.00584929
-0.0058494
-0.00584953
-0.00584965
-0.00584975
-0.00584982
-0.00584984
-0.00584984
-0.00584982
-0.00584978
-0.00584974
-0.00584971
-0.00584967
-0.00939702
6.4584e-07
-0.00939725
3.12097e-07
-0.00939751
3.46539e-07
-0.00939776
3.21659e-07
-0.00939799
3.0233e-07
-0.0093982
2.85399e-07
-0.00939841
2.70583e-07
-0.0093986
2.56274e-07
-0.00939877
2.38529e-07
-0.00939893
2.09681e-07
-0.00939905
1.57521e-07
-0.0093991
6.5078e-08
-0.00939902
-8.48435e-08
-0.00939876
-2.99844e-07
-0.00939826
-5.80271e-07
-0.00939745
-9.07361e-07
-0.00939631
-1.25498e-06
-0.00939483
-1.60648e-06
-0.00939299
-1.97347e-06
-0.00939072
-2.40629e-06
-0.00938786
-2.99719e-06
-0.00938416
-3.84375e-06
-0.00937931
-4.97645e-06
-0.00937357
-5.87659e-06
-7.19145e-06
-0.00931276
-2.01844e-08
-1.54034e-08
-0.00931232
-8.40527e-08
-8.0569e-08
-0.00931184
-8.20881e-08
-7.8028e-08
-0.0093114
-7.38015e-08
-6.9375e-08
-0.009311
-6.69127e-08
-6.20212e-08
-0.00931063
-6.05925e-08
-5.51642e-08
-0.00931028
-5.47914e-08
-4.87171e-08
-0.00930995
-4.90855e-08
-4.21738e-08
-0.00930966
-4.23951e-08
-3.44564e-08
-0.00930941
-3.25605e-08
-2.33167e-08
-0.00930925
-1.58547e-08
-4.97162e-09
-0.00930923
1.26333e-08
2.58433e-08
-0.00930944
5.76405e-08
7.36643e-08
-0.00931
1.26424e-07
1.46165e-07
-0.00931101
2.16945e-07
2.41663e-07
-0.00931256
3.24997e-07
3.56468e-07
-0.0093147
4.42712e-07
4.83489e-07
-0.00931744
5.65079e-07
6.18637e-07
-0.00932082
6.96121e-07
7.6738e-07
-0.00932496
8.53375e-07
9.47876e-07
-0.00933013
1.06627e-06
1.19197e-06
-0.00933677
1.3628e-06
1.52198e-06
-0.00934528
1.72209e-06
1.91459e-06
-0.00935494
1.84947e-06
2.04695e-06
1.81568e-06
1.95991e-06
-0.00941083
3.15537e-07
-0.00941115
3.02566e-07
-0.00941147
2.98318e-07
-0.00941176
2.73626e-07
-0.00941203
2.52455e-07
-0.00941227
2.33488e-07
-0.0094125
2.16151e-07
-0.0094127
1.98523e-07
-0.00941288
1.76031e-07
-0.00941302
1.40125e-07
-0.00941309
7.72257e-08
-0.00941305
-2.96669e-08
-0.00941282
-1.98577e-07
-0.00941231
-4.38939e-07
-0.00941143
-7.48378e-07
-0.00941011
-1.10657e-06
-0.0094083
-1.48638e-06
-0.00940598
-1.87244e-06
-0.00940312
-2.28048e-06
-0.00939961
-2.76687e-06
-0.00939521
-3.42588e-06
-0.00938957
-4.35079e-06
-0.00938239
-5.48201e-06
-0.00937435
-6.16588e-06
-6.44441e-06
-0.00933166
3.93204e-10
-0.00933139
-1.41701e-09
-0.00933112
-1.35665e-09
-0.00933088
-1.38244e-09
-0.00933065
-1.32726e-09
-0.00933045
-1.2556e-09
-0.00933026
-1.1848e-09
-0.00933008
-1.0229e-09
-0.00932993
-8.00177e-10
-0.0093298
-4.97732e-10
-0.00932973
-9.89316e-12
-0.00932976
7.31345e-10
-0.00932994
1.74147e-09
-0.00933035
3.13888e-09
-0.00933105
4.99081e-09
-0.00933209
7.44348e-09
-0.00933351
1.07504e-08
-0.00933531
1.5174e-08
-0.00933752
2.0676e-08
-0.00934023
2.73185e-08
-0.00934359
3.52602e-08
-0.0093479
4.28285e-08
-0.00935336
4.9204e-08
-0.00935953
4.66858e-08
2.88745e-08
-0.00933167
-3.14833e-07
-0.0093314
-3.05735e-07
-0.00933113
-3.01276e-07
-0.00933089
-2.76678e-07
-0.00933067
-2.55479e-07
-0.00933046
-2.36484e-07
-0.00933027
-2.19118e-07
-0.00933009
-2.01345e-07
-0.00932994
-1.7864e-07
-0.00932981
-1.42405e-07
-0.00932975
-7.8964e-08
-0.00932977
2.89052e-08
-0.00932995
1.99111e-07
-0.00933036
4.41289e-07
-0.00933106
7.53204e-07
-0.0093321
1.11478e-06
-0.00933352
1.49936e-06
-0.00933532
1.89213e-06
-0.00933754
2.30922e-06
-0.00934024
2.80772e-06
-0.0093436
3.48358e-06
-0.00934791
4.42889e-06
-0.00935337
5.58449e-06
-0.00935954
6.27654e-06
6.53507e-06
-0.00941083
1.74136e-08
-0.00941115
8.30387e-08
-0.00941147
8.06734e-08
-0.00941177
7.21814e-08
-0.00941203
6.50691e-08
-0.00941228
5.84557e-08
-0.0094125
5.22691e-08
-0.0094127
4.60906e-08
-0.00941288
3.87758e-08
-0.00941302
2.8125e-08
-0.00941309
1.04018e-08
-0.00941305
-1.95559e-08
-0.00941282
-6.62574e-08
-0.00941231
-1.3732e-07
-0.00941143
-2.30806e-07
-0.0094101
-3.42641e-07
-0.00940829
-4.65093e-07
-0.00940597
-5.93157e-07
-0.00940311
-7.31174e-07
-0.00939959
-8.96227e-07
-0.00939519
-1.11712e-06
-0.00938955
-1.4198e-06
-0.00938236
-1.78037e-06
-0.00937433
-1.8982e-06
-1.83088e-06
-0.00931276
-6.46042e-07
-1.70045e-08
-0.00931232
-3.12513e-07
-7.99265e-08
-0.00931184
-3.47042e-07
-7.75694e-08
-0.00931141
-3.2221e-07
-6.89584e-08
-0.009311
-3.02887e-07
-6.17415e-08
-0.00931063
-2.8598e-07
-5.50513e-08
-0.00931028
-2.71204e-07
-4.88043e-08
-0.00930995
-2.56918e-07
-4.25772e-08
-0.00930966
-2.39219e-07
-3.52616e-08
-0.00930941
-2.10418e-07
-2.46737e-08
-0.00930925
-1.5824e-07
-7.05064e-09
-0.00930923
-6.56527e-08
2.23478e-08
-0.00930944
8.44818e-08
6.84928e-08
-0.00931
2.99965e-07
1.38511e-07
-0.00931101
5.81289e-07
2.30344e-07
-0.00931256
9.10149e-07
3.39618e-07
-0.0093147
1.26127e-06
4.57918e-07
-0.00931744
1.61954e-06
5.79091e-07
-0.00932082
1.99932e-06
7.05175e-07
-0.00932496
2.45589e-06
8.49325e-07
-0.00933013
3.0913e-06
1.03455e-06
-0.00933677
4.01211e-06
1.27933e-06
-0.00934528
5.2638e-06
1.55769e-06
-0.00935494
6.27683e-06
1.60376e-06
7.64938e-06
1.54178e-06
-0.00939702
-0.00939725
-0.00939751
-0.00939776
-0.00939799
-0.0093982
-0.00939841
-0.0093986
-0.00939877
-0.00939893
-0.00939905
-0.0093991
-0.00939902
-0.00939877
-0.00939826
-0.00939745
-0.00939631
-0.00939483
-0.00939299
-0.00939072
-0.00938786
-0.00938415
-0.0093793
-0.00937357
-0.00933166
-3.1968e-07
2.98032e-09
-0.00933139
-3.07646e-07
1.8174e-09
-0.00933112
-3.0384e-07
2.17442e-09
-0.00933088
-2.79526e-07
2.41816e-09
-0.00933065
-2.5871e-07
2.67734e-09
-0.00933045
-2.40174e-07
3.0122e-09
-0.00933026
-2.23378e-07
3.45697e-09
-0.00933008
-2.06349e-07
3.9979e-09
-0.00932993
-1.84582e-07
4.69779e-09
-0.0093298
-1.49557e-07
5.6382e-09
-0.00932973
-8.7745e-08
6.69891e-09
-0.00932976
1.78925e-08
8.58965e-09
-0.00932994
1.85264e-07
1.06891e-08
-0.00933035
4.23578e-07
1.37362e-08
-0.00933105
7.30095e-07
1.81248e-08
-0.00933209
1.08394e-06
2.45476e-08
-0.00933351
1.45689e-06
3.41801e-08
-0.00933531
1.83174e-06
4.88914e-08
-0.00933752
2.21987e-06
7.24769e-08
-0.00934023
2.67171e-06
1.09693e-07
-0.00934359
3.27032e-06
1.68781e-07
-0.0093479
4.09853e-06
2.53409e-07
-0.00935337
5.08889e-06
3.6498e-07
-0.00935954
5.63195e-06
4.46852e-07
5.89153e-06
4.19683e-07
-0.00941082
-0.00941115
-0.00941147
-0.00941176
-0.00941203
-0.00941227
-0.0094125
-0.0094127
-0.00941288
-0.00941302
-0.00941309
-0.00941305
-0.00941282
-0.00941231
-0.00941143
-0.00941011
-0.00940829
-0.00940598
-0.00940312
-0.00939961
-0.00939521
-0.00938957
-0.0093824
-0.00937436
-0.00941083
3.13417e-07
-0.00941115
3.04129e-07
-0.00941147
2.9953e-07
-0.00941177
2.74802e-07
-0.00941203
2.53535e-07
-0.00941228
2.3442e-07
-0.0094125
2.16868e-07
-0.0094127
1.98935e-07
-0.00941288
1.76014e-07
-0.00941302
1.39496e-07
-0.00941309
7.58483e-08
-0.00941305
-3.26558e-08
-0.00941282
-2.03213e-07
-0.00941231
-4.4598e-07
-0.00941143
-7.58696e-07
-0.0094101
-1.12117e-06
-0.00940829
-1.50643e-06
-0.00940597
-1.89886e-06
-0.00940311
-2.31343e-06
-0.00939959
-2.80367e-06
-0.00939519
-3.45816e-06
-0.00938955
-4.36045e-06
-0.00938236
-5.43623e-06
-0.00937433
-6.03067e-06
-6.19395e-06
-0.00933167
-0.0093314
-0.00933113
-0.00933089
-0.00933067
-0.00933046
-0.00933027
-0.00933009
-0.00932994
-0.00932981
-0.00932975
-0.00932977
-0.00932995
-0.00933036
-0.00933106
-0.0093321
-0.00933352
-0.00933532
-0.00933753
-0.00934023
-0.0093436
-0.0093479
-0.00935337
-0.00935956
)
;

boundaryField
{
    outletCentralUnloaded
    {
        type            calculated;
        value           nonuniform List<scalar> 2(0.00584997 0.00584997);
    }
    inletCentralUnloaded
    {
        type            calculated;
        value           nonuniform List<scalar> 2(-0.00587369 -0.00587369);
    }
    outletFuelElement
    {
        type            calculated;
        value           nonuniform List<scalar> 
12
(
0.00939644
0.00931342
0.00941055
0.00933194
0.00933195
0.00941056
0.00931342
0.00939644
0.00933194
0.00941055
0.00941056
0.00933195
)
;
    }
    inletFuelElement
    {
        type            calculated;
        value           nonuniform List<scalar> 
12
(
-0.00953894
-0.00953894
-0.00953893
-0.00953893
-0.00953894
-0.00953894
-0.00953894
-0.00953894
-0.00953893
-0.00953893
-0.00953894
-0.00953894
)
;
    }
    defaultFaces
    {
        type            calculated;
        value           nonuniform List<scalar> 
450
(
1.60716e-23
-2.62846e-23
0
8.38593e-24
-1.74223e-24
0
9.33867e-24
3.01256e-24
0
-1.98065e-23
-1.48409e-23
0
-1.17518e-23
-1.92684e-23
0
-1.86189e-23
-8.83389e-24
0
-1.90371e-23
-6.71275e-24
0
-1.49559e-23
-1.02622e-24
0
-1.4951e-23
-5.94143e-24
0
-1.30445e-23
-6.81055e-24
0
-9.02522e-24
-6.83519e-24
0
-3.17707e-24
-2.08742e-24
0
5.3695e-24
2.64013e-24
0
2.41936e-23
5.49248e-24
0
4.31573e-23
2.02977e-23
0
5.976e-23
1.56347e-23
0
5.65852e-23
-1.04111e-23
0
1.02348e-22
4.1294e-23
0
9.43802e-23
-1.16668e-22
0
-5.17775e-23
-6.99637e-23
0
-1.18139e-22
-1.08632e-22
0
1.41413e-22
-7.71906e-23
0
-1.12541e-22
7.31042e-23
0
-2.34114e-22
-1.03922e-22
0
-2.66789e-22
-3.30349e-22
0
6.47822e-24
0
1.13091e-23
0
0
0
3.98591e-24
0
-4.13913e-24
0
1.08185e-23
0
9.11235e-24
0
4.83268e-24
0
-3.87493e-24
0
5.57075e-24
0
1.51564e-24
0
-1.24977e-24
0
-5.55852e-24
0
-1.25161e-23
0
-2.85725e-23
0
-3.31112e-23
0
7.80326e-23
0
-6.24438e-23
0
3.82612e-23
0
-1.19992e-22
0
-1.545e-22
0
2.04443e-22
0
5.53459e-23
0
-2.25004e-22
0
-2.88282e-22
0
0
0
-3.80742e-24
-7.8547e-24
4.07786e-24
0
0
-2.37988e-24
5.08821e-24
0
-1.49249e-24
8.20451e-25
3.64925e-24
8.21812e-24
0
0
-5.12985e-23
0
-7.55817e-23
4.74597e-23
6.11929e-23
-8.11149e-23
-2.20071e-22
0
9.59997e-23
0
0
0
0
0
0
0
0
0
0
0
0
0
0
0
0
0
0
0
0
0
0
0
0
0
-4.6273e-24
1.11055e-23
3.76969e-24
7.53938e-24
1.15912e-23
1.54549e-23
-7.97181e-24
-7.97181e-24
8.27825e-24
-8.27825e-24
-4.3274e-24
-6.49111e-24
-2.27809e-24
-4.55617e-24
-2.41634e-24
-4.83267e-24
1.03331e-23
-2.58328e-24
-2.78537e-24
-4.17806e-24
-2.65237e-24
-1.51564e-24
8.33182e-25
1.35392e-24
7.41135e-24
5.55851e-24
8.34403e-24
8.34403e-24
2.85725e-23
1.42862e-23
4.41481e-23
3.31111e-23
-2.60108e-23
7.80325e-23
3.12218e-23
4.68328e-23
-1.53045e-22
1.14784e-22
-1.4399e-22
-7.19951e-23
-6.17998e-23
-9.26996e-23
-1.63554e-22
2.45331e-22
-5.53459e-23
-1.66038e-22
0
-2.62504e-22
-2.88282e-22
-2.40235e-22
1.19888e-23
0
0
6.73525e-24
0
0
6.61624e-24
0
-2.31235e-23
-2.71993e-23
0
3.97573e-24
8.28017e-24
0
-4.12851e-24
-2.59293e-23
0
4.31626e-24
-2.77606e-23
0
4.5444e-24
-2.62924e-23
0
4.82015e-24
-1.50526e-23
0
0
-2.19307e-23
0
2.77813e-24
-1.22711e-23
0
3.0234e-24
-5.04109e-24
0
8.31023e-25
5.90224e-24
-0
-3.69615e-24
3.01973e-23
-0
0
5.24496e-23
-0
0
7.54592e-23
-0
-1.10105e-23
7.63671e-23
-0
-2.5951e-23
1.73456e-22
-0
-3.11541e-23
7.98783e-23
-0
-3.81843e-23
-7.2352e-23
-0
4.79096e-23
-9.60566e-24
-0
6.17022e-23
1.26215e-22
-0
1.63343e-22
-1.42316e-22
-0
1.10588e-22
-1.10755e-22
-0
7.49607e-23
-2.98012e-22
-0
2.88233e-22
-1.45955e-23
-7.43046e-24
0
-7.8547e-24
4.07786e-24
-8.52583e-24
0
0
0
-2.74295e-24
-1.49249e-24
0
0
8.21812e-24
9.38282e-24
2.17551e-23
-5.12985e-23
0
-7.55817e-23
4.74597e-23
0
-1.6223e-22
-2.20071e-22
0
9.59997e-23
1.29564e-23
0
1.13091e-23
0
3.86373e-24
0
9.96477e-24
0
-6.20869e-24
0
8.65481e-24
0
6.83426e-24
0
6.04085e-24
0
0
0
4.87441e-24
0
2.65237e-24
0
-8.33182e-25
0
-1.1117e-23
-0
-1.25161e-23
-0
-1.90483e-23
-0
-2.20741e-23
-0
6.50272e-23
-0
-9.36656e-23
-0
1.14784e-22
-0
-1.19992e-22
-0
-1.545e-22
-0
1.63554e-22
-0
1.10692e-22
-0
-1.50002e-22
-0
-2.40235e-22
-0
-5.55276e-24
7.40367e-24
-7.53938e-24
1.13091e-23
-3.86373e-24
1.15912e-23
-3.9859e-24
-2.39154e-23
0
8.27825e-24
-4.3274e-24
-1.73096e-23
-4.55617e-24
-1.82247e-23
-2.41634e-24
-9.66535e-24
0
-5.16657e-24
-2.78537e-24
-8.35612e-24
-3.41019e-24
-4.54692e-24
8.33182e-25
5.62398e-24
3.70568e-24
1.66755e-23
1.2516e-23
4.17202e-23
9.52415e-24
6.66691e-23
2.20741e-23
9.93333e-23
-2.60108e-23
9.1038e-23
6.24437e-23
1.7172e-22
-3.82612e-23
1.33914e-22
0
-1.19992e-22
0
-1.85399e-22
0
2.45331e-22
1.66038e-22
-2.21384e-22
0
-2.62504e-22
-9.60939e-23
-1.92188e-22
-0
-0
-0
-0
-0
-0
-0
-0
-0
-0
-0
0
0
0
0
0
0
0
0
0
0
0
0
0
0
)
;
    }
    baffle_master
    {
        type            calculated;
        value           nonuniform List<scalar> 
150
(
5.27552e-29
0
-1.2423e-28
-3.24654e-29
0
0
-1.81655e-29
0
0
-3.57149e-30
0
0
2.57899e-28
0
1.24271e-28
2.57273e-29
0
0
7.12682e-29
0
0
-5.43574e-29
0
0
-9.06616e-29
0
-1.24312e-28
-4.9084e-30
0
0
6.31617e-30
0
0
-1.41591e-29
0
0
-5.06559e-30
0
6.2177e-29
-1.10424e-29
0
0
-6.53041e-30
0
1.55468e-29
-2.72839e-29
0
3.10962e-29
-1.09627e-28
0
-4.66481e-29
2.12382e-29
0
0
2.90372e-28
0
2.48831e-28
1.94656e-28
0
2.48852e-28
2.31474e-28
0
0
-7.10925e-28
0
-2.48893e-28
3.33475e-29
0
-2.48914e-28
-1.12172e-30
0
0
-7.64655e-29
0
-4.97907e-28
0
-1.62132e-28
0
1.24241e-28
-3.26662e-28
0
1.24251e-28
-1.84294e-28
0
1.55326e-29
-2.34873e-29
0
0
-1.25898e-28
-0
-2.48563e-28
4.46908e-28
-0
2.48583e-28
4.65038e-28
-0
-2.48604e-28
1.82778e-28
-0
1.24312e-28
2.34316e-28
-0
-3.10807e-29
8.69478e-29
-0
6.21666e-29
-8.25934e-29
0
0
-1.43668e-28
0
6.2177e-29
-1.37547e-28
0
3.10911e-29
-6.20863e-29
0
-1.55468e-29
2.53556e-29
-0
-3.10962e-29
9.66554e-29
-0
6.21975e-29
4.32198e-29
-0
3.11013e-29
-5.0641e-29
0
-2.48831e-28
-1.11462e-28
0
0
2.74269e-28
0
0
1.0331e-28
0
-4.97786e-28
7.69935e-28
0
-2.48914e-28
-5.46706e-28
0
3.88959e-30
-6.6649e-30
-0
0
-6.40195e-28
-0
)
;
    }
    baffle_slave
    {
        type            calculated;
        value           nonuniform List<scalar> 
150
(
-2.04547e-24
-0
7.29773e-24
1.96688e-24
-0
3.71523e-24
3.55694e-24
-0
3.80742e-24
1.10065e-24
-0
-3.92735e-24
-1.29516e-23
-0
-1.22336e-23
-3.18561e-24
-0
0
-5.58929e-25
-0
-4.48784e-24
0
-0
2.37988e-24
-1.58416e-24
-0
2.54411e-24
0
-0
0
7.43438e-25
-0
1.49249e-24
4.08677e-25
0
0
-4.54435e-25
0
0
0
0
-8.21812e-24
4.67406e-24
0
9.38282e-24
2.70957e-24
0
2.17551e-23
-7.02898e-23
0
-1.02597e-22
-3.83851e-24
0
-3.08101e-23
-7.77025e-23
0
-7.55817e-23
-8.87356e-24
0
-4.74597e-23
1.90752e-23
0
-1.22386e-22
1.31541e-22
0
1.6223e-22
-2.74675e-23
0
0
-2.80066e-23
0
0
-4.79882e-23
0
-1.91999e-22
-4.25791e-24
1.53481e-23
0
-2.32892e-24
7.05762e-24
0
-8.02313e-24
1.17379e-23
0
-5.36039e-24
8.31601e-24
0
4.54756e-25
-1.24437e-23
0
1.48143e-24
1.11496e-23
0
-5.41078e-24
7.54555e-24
0
-3.56437e-24
7.40972e-24
0
4.40648e-24
6.33663e-24
0
-1.36976e-24
9.39361e-24
0
-1.54846e-24
5.48285e-24
0
3.75359e-25
3.37159e-24
0
3.85151e-24
-9.08871e-25
0
1.57665e-23
-5.85265e-24
0
7.71859e-24
-1.46065e-23
0
1.19063e-24
-2.81965e-23
0
-4.83237e-23
-3.27487e-23
0
-5.79666e-24
-2.78292e-23
0
-4.54634e-23
-2.35462e-24
0
5.80383e-23
5.02835e-23
0
1.60954e-23
2.67053e-23
0
-1.65162e-22
1.61896e-22
0
-3.26082e-22
-1.16737e-22
0
1.11398e-22
9.33553e-23
0
6.52323e-23
1.19971e-22
0
)
;
    }
}


// ************************************************************************* //
