/*--------------------------------*- C++ -*----------------------------------*\
| =========                 |                                                 |
| \\      /  F ield         | OpenFOAM: The Open Source CFD Toolbox           |
|  \\    /   O peration     | Version:  2212                                  |
|   \\  /    A nd           | Website:  www.openfoam.com                      |
|    \\/     M anipulation  |                                                 |
\*---------------------------------------------------------------------------*/
FoamFile
{
    version     2.0;
    format      ascii;
    arch        "LSB;label=32;scalar=64";
    class       surfaceScalarField;
    location    "79/fluidRegion";
    object      alphaPhi;
}
// * * * * * * * * * * * * * * * * * * * * * * * * * * * * * * * * * * * * * //

dimensions      [0 3 -1 0 0 0 0];

oriented        oriented;

internalField   nonuniform List<scalar> 
661
(
-0.000538999
-5.57217e-13
-0.000538954
-7.41748e-13
-0.000538908
-4.98132e-13
-0.00053886
-4.37939e-14
-0.000538807
5.09745e-13
-0.000538752
9.79883e-13
-0.000538694
1.17398e-12
-0.000538636
1.03309e-12
-0.000538581
6.43228e-13
-0.00053853
1.69312e-13
-0.000538484
-2.13042e-13
-0.000538445
-3.83293e-13
-0.00053841
-3.38741e-13
-0.000538377
-1.42915e-13
-0.000538345
7.04441e-14
-0.00053831
1.75287e-13
-0.000538272
9.57168e-14
-0.00053823
-1.75605e-13
-0.000538185
-5.68838e-13
-0.000538137
-9.83943e-13
-0.000538089
-1.29691e-12
-0.000538042
-1.41369e-12
-0.000537995
-1.16307e-12
-0.000537949
2.85763e-14
1.95214e-12
-0.000538999
-0.000538954
-0.000538908
-0.00053886
-0.000538807
-0.000538752
-0.000538694
-0.000538636
-0.000538581
-0.00053853
-0.000538484
-0.000538445
-0.00053841
-0.000538377
-0.000538345
-0.00053831
-0.000538272
-0.00053823
-0.000538185
-0.000538137
-0.000538089
-0.000538042
-0.000537995
-0.000537949
-0.0202314
1.41395e-06
-0.0198031
6.71049e-07
-0.0192585
7.27036e-07
-0.0186064
6.54209e-07
-0.0178566
5.92182e-07
-0.0170188
5.34736e-07
-0.0161034
4.81554e-07
-0.0151208
4.30022e-07
-0.0140817
3.74401e-07
-0.0129974
3.05256e-07
-0.0118796
2.10724e-07
-0.0107412
7.91841e-08
-0.00959654
-9.28408e-08
-0.0084612
-2.91403e-07
-0.00735211
-4.93972e-07
-0.00628642
-6.66352e-07
-0.00528036
-7.8184e-07
-0.00434807
-8.33354e-07
-0.00350115
-8.3485e-07
-0.0027493
-8.10833e-07
-0.00210125
-7.83607e-07
-0.00156637
-7.58512e-07
-0.00115537
-7.24394e-07
-0.00087935
-6.30106e-07
-6.00819e-07
-0.0203614
-4.41341e-08
-3.36803e-08
-0.0199322
-1.80494e-07
-1.73013e-07
-0.0193854
-1.71999e-07
-1.63492e-07
-0.0187303
-1.49908e-07
-1.40917e-07
-0.0179766
-1.30894e-07
-1.21325e-07
-0.0171343
-1.13381e-07
-1.03224e-07
-0.0162137
-9.73846e-08
-8.65883e-08
-0.0152251
-8.22564e-08
-7.0674e-08
-0.0141796
-6.64571e-08
-5.40127e-08
-0.0130881
-4.73396e-08
-3.39001e-08
-0.0119627
-2.11818e-08
-6.64207e-09
-0.0108163
1.53516e-08
3.14039e-08
-0.00966303
6.29917e-08
8.05031e-08
-0.0085189
1.22708e-07
1.41869e-07
-0.00740096
1.84449e-07
2.05464e-07
-0.00632662
2.38383e-07
2.61466e-07
-0.00531236
2.75485e-07
3.00859e-07
-0.00437256
2.92812e-07
3.20565e-07
-0.00351897
2.94186e-07
3.24301e-07
-0.00276142
2.87293e-07
3.19107e-07
-0.00210869
2.78551e-07
3.11391e-07
-0.00157023
2.68756e-07
3.00147e-07
-0.00115682
2.50556e-07
2.78564e-07
-0.000879545
1.98252e-07
2.19421e-07
1.5168e-07
1.6373e-07
-0.0202101
6.88766e-07
-0.0197822
6.4861e-07
-0.0192379
6.23979e-07
-0.0185864
5.54821e-07
-0.0178373
4.92971e-07
-0.0170003
4.36119e-07
-0.0160858
3.83483e-07
-0.0151042
3.32073e-07
-0.0140662
2.75431e-07
-0.012983
2.03349e-07
-0.0118665
1.02981e-07
-0.0107294
-3.59827e-08
-0.00958608
-2.16606e-07
-0.00845213
-4.25243e-07
-0.00734442
-6.35111e-07
-0.00628009
-8.10208e-07
-0.00527529
-9.23324e-07
-0.00434416
-9.6866e-07
-0.00349825
-9.62268e-07
-0.00274727
-9.30172e-07
-0.00209992
-8.93866e-07
-0.00156557
-8.57135e-07
-0.00115493
-7.9701e-07
-0.000879132
-6.60664e-07
-5.38295e-07
-0.0203325
8.64531e-10
-0.0199033
-3.05991e-09
-0.019357
-2.85863e-09
-0.0187025
-2.82402e-09
-0.0179497
-2.61123e-09
-0.0171083
-2.363e-09
-0.0161888
-2.11801e-09
-0.0152016
-1.72413e-09
-0.0141574
-1.26166e-09
-0.0130676
-7.27893e-10
-0.0119439
-1.32949e-11
-0.0107992
8.93922e-10
-0.00964789
1.91427e-09
-0.00850575
3.06424e-09
-0.00738981
4.26735e-09
-0.00631744
5.4899e-09
-0.00530505
6.72515e-09
-0.00436697
7.90237e-09
-0.0035149
8.7787e-09
-0.00275866
9.23597e-09
-0.00210701
9.24558e-09
-0.00156937
8.47194e-09
-0.00115651
7.17493e-09
-0.000879527
5.01078e-09
2.41304e-09
-0.0203325
-6.87231e-07
-0.0199034
-6.55402e-07
-0.019357
-6.30165e-07
-0.0187025
-5.6101e-07
-0.0179497
-4.98877e-07
-0.0171084
-4.41716e-07
-0.0161888
-3.88748e-07
-0.0152016
-3.36793e-07
-0.0141575
-2.79513e-07
-0.0130676
-2.06658e-07
-0.0119439
-1.05299e-07
-0.0107992
3.50588e-08
-0.00964791
2.17189e-07
-0.00850576
4.27521e-07
-0.00738982
6.39207e-07
-0.00631745
8.16215e-07
-0.00530506
9.31388e-07
-0.00436697
9.78851e-07
-0.0035149
9.74394e-07
-0.00275866
9.43907e-07
-0.00210701
9.08922e-07
-0.00156937
8.72523e-07
-0.00115652
8.1191e-07
-0.000879528
6.72521e-07
5.45868e-07
-0.0202101
3.80757e-08
-0.0197822
1.78317e-07
-0.019238
1.69035e-07
-0.0185865
1.46618e-07
-0.0178373
1.27288e-07
-0.0170003
1.09383e-07
-0.0160858
9.29016e-08
-0.0151042
7.72376e-08
-0.0140662
6.07836e-08
-0.012983
4.08909e-08
-0.0118665
1.38968e-08
-0.0107294
-2.37637e-08
-0.00958609
-7.24087e-08
-0.00845214
-1.33284e-07
-0.00734443
-1.96233e-07
-0.00628009
-2.51324e-07
-0.0052753
-2.89412e-07
-0.00434416
-3.07362e-07
-0.00349825
-3.09e-07
-0.00274727
-3.0172e-07
-0.00209992
-2.91836e-07
-0.00156557
-2.79998e-07
-0.00115493
-2.59037e-07
-0.000879131
-2.03476e-07
-1.5295e-07
-0.0203614
-1.41439e-06
-3.71811e-08
-0.0199322
-6.71943e-07
-1.71633e-07
-0.0193854
-7.28093e-07
-1.62531e-07
-0.0187303
-6.55329e-07
-1.40071e-07
-0.0179766
-5.93272e-07
-1.20778e-07
-0.0171343
-5.35826e-07
-1.03012e-07
-0.0162137
-4.8266e-07
-8.67433e-08
-0.0152251
-4.31101e-07
-7.13498e-08
-0.0141796
-3.75484e-07
-5.52749e-08
-0.0130881
-3.06328e-07
-3.5873e-08
-0.0119627
-2.11686e-07
-9.41962e-09
-0.0108163
-7.98833e-08
2.71562e-08
-0.00966303
9.24449e-08
7.48515e-08
-0.0085189
2.91521e-07
1.3444e-07
-0.00740096
4.94838e-07
1.95841e-07
-0.00632662
6.68399e-07
2.49107e-07
-0.00531236
7.85757e-07
2.84947e-07
-0.00437256
8.40133e-07
3.00073e-07
-0.00351897
8.45784e-07
2.98013e-07
-0.00276142
8.27544e-07
2.85929e-07
-0.00210869
8.08213e-07
2.70265e-07
-0.00157023
7.91737e-07
2.52294e-07
-0.00115682
7.66222e-07
2.26637e-07
-0.000879545
6.73022e-07
1.71913e-07
6.39077e-07
1.28799e-07
-0.0202314
-0.0198031
-0.0192585
-0.0186064
-0.0178566
-0.0170188
-0.0161034
-0.0151208
-0.0140817
-0.0129974
-0.0118796
-0.0107412
-0.00959654
-0.0084612
-0.00735211
-0.00628642
-0.00528036
-0.00434807
-0.00350115
-0.0027493
-0.00210125
-0.00156637
-0.00115537
-0.00087935
-0.0203325
-6.9781e-07
6.55277e-09
-0.0199033
-6.59499e-07
3.92451e-09
-0.019357
-6.35529e-07
4.58177e-09
-0.0187025
-5.66783e-07
4.93977e-09
-0.0179497
-5.05185e-07
5.26734e-09
-0.0171083
-4.48608e-07
5.66889e-09
-0.0161888
-3.96306e-07
6.17986e-09
-0.0152016
-3.45162e-07
6.73856e-09
-0.0141574
-2.8881e-07
7.4071e-09
-0.0130676
-2.17037e-07
8.24542e-09
-0.0119439
-1.17008e-07
9.00228e-09
-0.0107992
2.17016e-08
1.04991e-08
-0.00964789
2.02085e-07
1.17498e-08
-0.00850575
4.10362e-07
1.34096e-08
-0.00738981
6.19594e-07
1.54974e-08
-0.00631744
7.93633e-07
1.8105e-08
-0.00530505
9.05008e-07
2.1382e-08
-0.00436697
9.47605e-07
2.54618e-08
-0.0035149
9.36691e-07
3.07725e-08
-0.00275866
8.98183e-07
3.70856e-08
-0.00210701
8.53279e-07
4.42562e-08
-0.00156937
8.07438e-07
5.01271e-08
-0.00115651
7.39855e-07
5.32214e-08
-0.000879528
6.03454e-07
4.79605e-08
4.92114e-07
3.50729e-08
-0.0202101
-0.0197822
-0.0192379
-0.0185864
-0.0178373
-0.0170003
-0.0160858
-0.0151042
-0.0140662
-0.012983
-0.0118665
-0.0107294
-0.00958608
-0.00845213
-0.00734442
-0.00628009
-0.00527529
-0.00434416
-0.00349825
-0.00274727
-0.00209992
-0.00156557
-0.00115493
-0.000879133
-0.0202101
6.84138e-07
-0.0197822
6.51959e-07
-0.019238
6.26513e-07
-0.0185865
5.57205e-07
-0.0178373
4.95081e-07
-0.0170003
4.3786e-07
-0.0160858
3.84756e-07
-0.0151042
3.32761e-07
-0.0140662
2.75405e-07
-0.012983
2.02436e-07
-0.0118665
1.01144e-07
-0.0107294
-3.96079e-08
-0.00958609
-2.21663e-07
-0.00845214
-4.32065e-07
-0.00734443
-6.43867e-07
-0.00628009
-8.20893e-07
-0.0052753
-9.3578e-07
-0.00434416
-9.8233e-07
-0.00349825
-9.76171e-07
-0.00274727
-9.42545e-07
-0.00209992
-9.0229e-07
-0.00156557
-8.59038e-07
-0.00115493
-7.90355e-07
-0.000879131
-6.46176e-07
-5.17375e-07
-0.0203325
-0.0199034
-0.019357
-0.0187025
-0.0179497
-0.0171084
-0.0161888
-0.0152016
-0.0141575
-0.0130676
-0.0119439
-0.0107992
-0.0096479
-0.00850576
-0.00738982
-0.00631745
-0.00530506
-0.00436697
-0.0035149
-0.00275866
-0.00210701
-0.00156937
-0.00115652
-0.00087953
)
;

boundaryField
{
    outletCentralUnloaded
    {
        type            calculated;
        value           nonuniform List<scalar> 2(0.000539043 0.000539043);
    }
    inletCentralUnloaded
    {
        type            calculated;
        value           uniform -0.000540134;
    }
    outletFuelElement
    {
        type            calculated;
        value           nonuniform List<scalar> 
12
(
0.0205723
0.0207055
0.0205515
0.0206757
0.0206758
0.0205515
0.0207055
0.0205723
0.0206757
0.0205515
0.0205515
0.0206758
)
;
    }
    inletFuelElement
    {
        type            calculated;
        value           nonuniform List<scalar> 
12
(
-0.000722059
-0.00072206
-0.000722059
-0.000722059
-0.00072206
-0.000722059
-0.00072206
-0.000722059
-0.000722059
-0.000722059
-0.000722059
-0.00072206
)
;
    }
    defaultFaces
    {
        type            calculated;
        value           nonuniform List<scalar> 
450
(
3.49184e-23
-5.71078e-23
0
1.78922e-23
-3.71722e-24
0
1.94403e-23
6.27126e-24
0
-3.9968e-23
-2.99478e-23
0
-2.28367e-23
-3.74432e-23
0
-3.46073e-23
-1.64197e-23
0
-3.36082e-23
-1.18507e-23
0
-2.48927e-23
-1.70806e-24
0
-2.32765e-23
-9.24994e-24
0
-1.88349e-23
-9.83377e-24
0
-1.19744e-23
-9.06871e-24
0
-3.83393e-24
-2.51899e-24
0
5.82741e-24
2.86528e-24
0
2.33211e-23
5.29439e-24
0
3.64442e-23
1.71404e-23
0
4.35437e-23
1.13921e-23
0
3.49865e-23
-6.43718e-24
0
5.27129e-23
2.12678e-23
0
3.96595e-23
-4.90248e-23
0
-1.73408e-23
-2.34315e-23
0
-3.07215e-23
-2.82493e-23
0
2.77824e-23
-1.51651e-23
0
-1.63288e-23
1.06068e-23
0
-2.50561e-23
-1.11224e-23
0
-2.22775e-23
-2.75849e-23
0
1.40397e-23
0
2.40681e-23
0
0
0
8.0227e-24
0
-8.0227e-24
0
2.00567e-23
0
1.60454e-23
0
8.0227e-24
0
-6.01702e-24
0
8.0227e-24
0
2.00567e-24
0
-1.50426e-24
0
-6.01702e-24
0
-1.2034e-23
0
-2.40681e-23
0
-2.40681e-23
0
4.81362e-23
0
-3.20908e-23
0
1.60454e-23
0
-4.01135e-23
0
-4.01135e-23
0
4.01135e-23
0
8.0227e-24
0
-2.40681e-23
0
-2.40681e-23
0
0
0
-8.0227e-24
-1.60454e-23
8.0227e-24
0
0
-4.01135e-24
8.0227e-24
0
-2.00567e-24
1.00284e-24
4.01135e-24
8.0227e-24
0
0
-3.20908e-23
0
-3.20908e-23
1.60454e-23
1.60454e-23
-1.60454e-23
-3.20908e-23
0
8.0227e-24
0
0
0
0
0
0
0
0
0
0
0
0
0
0
0
0
0
0
0
0
0
0
0
0
0
-1.00284e-23
2.40681e-23
8.0227e-24
1.60454e-23
2.40681e-23
3.20908e-23
-1.60454e-23
-1.60454e-23
1.60454e-23
-1.60454e-23
-8.0227e-24
-1.2034e-23
-4.01135e-24
-8.0227e-24
-4.01135e-24
-8.0227e-24
1.60454e-23
-4.01135e-24
-4.01135e-24
-6.01702e-24
-3.50993e-24
-2.00567e-24
1.00284e-24
1.62961e-24
8.0227e-24
6.01702e-24
8.0227e-24
8.0227e-24
2.40681e-23
1.2034e-23
3.20908e-23
2.40681e-23
-1.60454e-23
4.81362e-23
1.60454e-23
2.40681e-23
-6.41816e-23
4.81362e-23
-4.81362e-23
-2.40681e-23
-1.60454e-23
-2.40681e-23
-3.20908e-23
4.81362e-23
-8.0227e-24
-2.40681e-23
0
-2.80794e-23
-2.40681e-23
-2.00567e-23
2.60476e-23
0
0
1.43703e-23
0
0
1.37731e-23
0
-4.81362e-23
-5.4886e-23
0
8.0227e-24
1.60904e-23
0
-8.0227e-24
-4.81953e-23
0
8.0227e-24
-4.90087e-23
0
8.0227e-24
-4.37613e-23
0
8.0227e-24
-2.34347e-23
0
0
-3.16658e-23
0
4.01135e-24
-1.62808e-23
0
4.01135e-24
-6.08334e-24
0
1.00284e-24
6.40558e-24
-0
-4.01135e-24
2.91082e-23
-0
0
4.42911e-23
-0
0
5.49827e-23
-0
-8.0227e-24
4.72176e-23
-0
-1.60454e-23
8.93358e-23
-0
-1.60454e-23
3.35656e-23
-0
-1.60454e-23
-2.42314e-23
-0
1.60454e-23
-2.49791e-24
-0
1.60454e-23
2.47967e-23
-0
3.20908e-23
-2.06489e-23
-0
1.60454e-23
-1.18536e-23
-0
8.0227e-24
-2.48847e-23
-0
2.40681e-23
-3.20908e-23
-1.60454e-23
0
-1.60454e-23
8.0227e-24
-1.60454e-23
0
0
0
-4.01135e-24
-2.00567e-24
0
0
8.0227e-24
8.0227e-24
1.60454e-23
-3.20908e-23
0
-3.20908e-23
1.60454e-23
0
-3.20908e-23
-3.20908e-23
0
8.0227e-24
2.80794e-23
0
2.40681e-23
0
8.0227e-24
0
2.00567e-23
0
-1.2034e-23
0
1.60454e-23
0
1.2034e-23
0
1.00284e-23
0
0
0
7.01986e-24
0
3.50993e-24
0
-1.00284e-24
0
-1.2034e-23
-0
-1.2034e-23
-0
-1.60454e-23
-0
-1.60454e-23
-0
4.01135e-23
-0
-4.81362e-23
-0
4.81362e-23
-0
-4.01135e-23
-0
-4.01135e-23
-0
3.20908e-23
-0
1.60454e-23
-0
-1.60454e-23
-0
-2.00567e-23
-0
-1.2034e-23
1.60454e-23
-1.60454e-23
2.40681e-23
-8.0227e-24
2.40681e-23
-8.0227e-24
-4.81362e-23
0
1.60454e-23
-8.0227e-24
-3.20908e-23
-8.0227e-24
-3.20908e-23
-4.01135e-24
-1.60454e-23
0
-8.0227e-24
-4.01135e-24
-1.2034e-23
-4.51277e-24
-6.01702e-24
1.00284e-24
6.76915e-24
4.01135e-24
1.80511e-23
1.2034e-23
4.01135e-23
8.0227e-24
5.61589e-23
1.60454e-23
7.22043e-23
-1.60454e-23
5.61589e-23
3.20908e-23
8.82497e-23
-1.60454e-23
5.61589e-23
0
-4.01135e-23
0
-4.81362e-23
0
4.81362e-23
2.40681e-23
-3.20908e-23
0
-2.80794e-23
-8.0227e-24
-1.60454e-23
-0
-0
-0
-0
-0
-0
-0
-0
-0
-0
-0
0
0
0
0
0
0
0
0
0
0
0
0
0
0
)
;
    }
    baffle_master
    {
        type            calculated;
        value           nonuniform List<scalar> 
150
(
4.8609e-30
0
-1.14467e-29
-2.99114e-30
0
0
-1.67351e-30
0
0
-3.28999e-31
0
0
2.37553e-29
0
1.14467e-29
2.36956e-30
0
0
6.56347e-30
0
0
-5.00566e-30
0
0
-8.34813e-30
0
-1.14467e-29
-4.51929e-31
0
0
5.81495e-31
0
0
-1.30344e-30
0
0
-4.66284e-31
0
5.72334e-30
-1.01636e-30
0
0
-6.01019e-31
0
1.43084e-30
-2.51084e-30
0
2.86167e-30
-1.00877e-29
0
-4.29251e-30
1.95416e-30
0
0
2.67153e-29
0
2.28934e-29
1.79075e-29
0
2.28934e-29
2.12929e-29
0
0
-6.53914e-29
0
-2.28934e-29
3.06708e-30
0
-2.28934e-29
-1.0316e-31
0
0
-7.03165e-30
0
-4.57867e-29
0
-1.4939e-29
0
1.14467e-29
-3.00964e-29
0
1.14467e-29
-1.69782e-29
0
1.43084e-30
-2.16361e-30
0
0
-1.15966e-29
-0
-2.28934e-29
4.11615e-29
-0
2.28934e-29
4.28279e-29
-0
-2.28934e-29
1.68316e-29
-0
1.14467e-29
2.15758e-29
-0
-2.86167e-30
8.0055e-30
-0
5.72334e-30
-7.60393e-30
0
0
-1.32256e-29
0
5.72334e-30
-1.26611e-29
0
2.86167e-30
-5.71452e-30
0
-1.43084e-30
2.33358e-30
-0
-2.86167e-30
8.89485e-30
-0
5.72334e-30
3.97704e-30
-0
2.86167e-30
-4.65955e-30
0
-2.28934e-29
-1.02549e-29
0
0
2.52317e-29
0
0
9.50328e-30
0
-4.57867e-29
7.08192e-29
0
-2.28934e-29
-5.02823e-29
0
3.57709e-31
-6.12943e-31
-0
0
-5.88714e-29
-0
)
;
    }
    baffle_slave
    {
        type            calculated;
        value           nonuniform List<scalar> 
150
(
-4.51277e-24
-0
1.60454e-23
4.26206e-24
-0
8.0227e-24
7.52128e-24
-0
8.0227e-24
2.25638e-24
-0
-8.0227e-24
-2.55724e-23
-0
-2.40681e-23
-6.01702e-24
-0
0
-1.00284e-24
-0
-8.0227e-24
0
-0
4.01135e-24
-2.50709e-24
-0
4.01135e-24
0
-0
0
1.00284e-24
-0
2.00567e-24
5.01419e-25
0
0
-5.01419e-25
0
0
0
0
-8.0227e-24
4.01135e-24
0
8.0227e-24
2.00567e-24
0
1.60454e-23
-4.41248e-23
0
-6.41816e-23
-2.00567e-24
0
-1.60454e-23
-3.30936e-23
0
-3.20908e-23
-3.00851e-24
0
-1.60454e-23
5.01419e-24
0
-3.20908e-23
2.60738e-23
0
3.20908e-23
-4.01135e-24
0
0
-3.00851e-24
0
0
-4.01135e-24
0
-1.60454e-23
-9.36179e-24
3.38614e-23
0
-5.02908e-24
1.52933e-23
0
-1.69057e-23
2.48202e-23
0
-1.09501e-23
1.70482e-23
0
8.94678e-25
-2.45695e-23
0
2.78802e-24
2.10596e-23
0
-9.6726e-24
1.35383e-23
0
-6.00782e-24
1.25355e-23
0
6.94779e-24
1.00284e-23
0
-2.00316e-24
1.3789e-23
0
-2.08089e-24
7.39593e-24
0
4.58801e-25
4.1367e-24
0
4.23368e-24
-1.00284e-24
0
1.53916e-23
-5.73498e-24
0
6.59972e-24
-1.25355e-23
0
8.78143e-25
-2.08716e-23
0
-3.02298e-23
-2.05582e-23
0
-3.01881e-24
-1.45411e-23
0
-1.9303e-23
-1.00284e-24
0
1.96218e-23
1.70482e-23
0
4.22038e-24
7.01986e-24
0
-3.26709e-23
3.20908e-23
0
-4.75493e-23
-1.70482e-23
0
1.19563e-23
1.00284e-23
0
5.45147e-24
1.00284e-23
0
)
;
    }
}


// ************************************************************************* //
