/*--------------------------------*- C++ -*----------------------------------*\
| =========                 |                                                 |
| \\      /  F ield         | OpenFOAM: The Open Source CFD Toolbox           |
|  \\    /   O peration     | Version:  2212                                  |
|   \\  /    A nd           | Website:  www.openfoam.com                      |
|    \\/     M anipulation  |                                                 |
\*---------------------------------------------------------------------------*/
FoamFile
{
    version     2.0;
    format      ascii;
    arch        "LSB;label=32;scalar=64";
    class       volScalarField;
    location    "79/fluidRegion";
    object      Re;
}
// * * * * * * * * * * * * * * * * * * * * * * * * * * * * * * * * * * * * * //

dimensions      [0 0 0 0 0 0 0];

internalField   nonuniform List<scalar> 
350
(
174042
174042
174041
174040
174038
174035
174031
174027
174023
174021
174020
174021
174023
174027
174030
174034
174036
174038
174038
174038
174037
174036
174034
174033
174393
174042
174042
174041
174040
174038
174035
174031
174027
174023
174021
174020
174021
174023
174027
174030
174034
174036
174038
174038
174038
174037
174036
174034
174033
174393
55432.3
55383.3
55384.5
55384.7
55383.7
55381.3
55377.4
55371.8
55364.3
55354.7
55342.8
55328.5
55312
55293.3
55272.1
55247.2
55217
55179.4
55133.8
55085.9
55055.2
55101.3
55368.3
56114.6
56605.9
54941.2
54884.6
54881.7
54877.7
54872.8
54866.9
54859.7
54851
54840.6
54828.3
54814.3
54798.8
54782.7
54766.8
54752.1
54738.3
54724.4
54708.6
54690.1
54675.2
54684.7
54781.6
55116.2
55952.8
56553.1
55514.5
55465
55466.7
55467.2
55466.4
55464.2
55460.5
55455
55447.5
55437.8
55425.7
55411.1
55394
55374.1
55351.1
55323.7
55290
55248
55197
55142.7
55104.2
55140.4
55395.1
56126.7
56607.8
55051
54996.6
54994.8
54992
54988.2
54983.3
54977
54969.2
54959.7
54948.2
54934.8
54919.8
54903.8
54887.5
54871.4
54855.4
54837.9
54817.3
54792.8
54770.4
54770.9
54856.4
55175.7
55991.8
56566.2
55051
54996.6
54994.8
54992
54988.2
54983.3
54977
54969.2
54959.7
54948.2
54934.8
54919.8
54903.8
54887.5
54871.4
54855.4
54837.9
54817.3
54792.8
54770.4
54770.9
54856.4
55175.7
55991.8
56566.2
55514.5
55465
55466.7
55467.2
55466.4
55464.2
55460.4
55454.9
55447.4
55437.8
55425.7
55411.1
55393.9
55374.1
55351
55323.6
55289.9
55248
55196.9
55142.6
55104
55140.3
55395
56126.6
56607.7
54941.2
54884.6
54881.7
54877.7
54872.8
54866.9
54859.7
54851
54840.6
54828.3
54814.3
54798.8
54782.7
54766.8
54752.1
54738.3
54724.4
54708.6
54690.1
54675.2
54684.7
54781.6
55116.2
55952.8
56553.1
55432.3
55383.3
55384.5
55384.8
55383.7
55381.3
55377.4
55371.8
55364.3
55354.7
55342.8
55328.5
55312
55293.3
55272.1
55247.2
55217
55179.5
55133.8
55085.9
55055.2
55101.2
55368.3
56114.6
56605.9
55051
54996.6
54994.8
54992
54988.2
54983.3
54977
54969.2
54959.7
54948.2
54934.8
54919.8
54903.8
54887.5
54871.4
54855.4
54837.9
54817.3
54792.8
54770.4
54770.9
54856.4
55175.7
55991.8
56566.2
55514.5
55465
55466.7
55467.2
55466.4
55464.2
55460.5
55454.9
55447.5
55437.8
55425.7
55411.1
55394
55374.1
55351.1
55323.7
55290
55248
55197
55142.7
55104.2
55140.4
55395.2
56126.8
56607.8
55514.5
55465
55466.7
55467.2
55466.4
55464.2
55460.4
55454.9
55447.4
55437.8
55425.7
55411.1
55393.9
55374.1
55351
55323.6
55289.9
55248
55196.9
55142.6
55104
55140.3
55394.9
56126.6
56607.7
55051
54996.6
54994.8
54992
54988.2
54983.3
54977
54969.2
54959.7
54948.2
54934.8
54919.8
54903.8
54887.5
54871.4
54855.4
54837.9
54817.3
54792.7
54770.4
54770.9
54856.4
55175.7
55991.8
56566.3
)
;

boundaryField
{
    outletCentralUnloaded
    {
        type            zeroGradient;
    }
    inletCentralUnloaded
    {
        type            zeroGradient;
    }
    outletFuelElement
    {
        type            zeroGradient;
    }
    inletFuelElement
    {
        type            zeroGradient;
    }
    defaultFaces
    {
        type            zeroGradient;
    }
    baffle_master
    {
        type            zeroGradient;
    }
    baffle_slave
    {
        type            zeroGradient;
    }
}


// ************************************************************************* //
