/*--------------------------------*- C++ -*----------------------------------*\
| =========                 |                                                 |
| \\      /  F ield         | OpenFOAM: The Open Source CFD Toolbox           |
|  \\    /   O peration     | Version:  2212                                  |
|   \\  /    A nd           | Website:  www.openfoam.com                      |
|    \\/     M anipulation  |                                                 |
\*---------------------------------------------------------------------------*/
FoamFile
{
    version     2.0;
    format      ascii;
    arch        "LSB;label=32;scalar=64";
    class       volVectorField;
    location    "79/fluidRegion";
    object      U;
}
// * * * * * * * * * * * * * * * * * * * * * * * * * * * * * * * * * * * * * //

dimensions      [0 1 -1 0 0 0 0];

internalField   nonuniform List<vector> 
350
(
(3.71605e-10 2.14545e-10 -14.9691)
(4.84383e-10 2.79658e-10 -14.9678)
(4.27939e-10 2.4707e-10 -14.9665)
(3.14859e-10 1.81784e-10 -14.9651)
(1.62122e-10 9.3601e-11 -14.9636)
(-9.33563e-12 -5.38991e-12 -14.9622)
(-1.70447e-10 -9.84075e-11 -14.9608)
(-3.09865e-10 -1.789e-10 -14.9593)
(-4.34793e-10 -2.51027e-10 -14.9579)
(-5.3976e-10 -3.1163e-10 -14.9565)
(-6.047e-10 -3.49123e-10 -14.9552)
(-6.01789e-10 -3.47442e-10 -14.9539)
(-5.09783e-10 -2.94322e-10 -14.9528)
(-3.3151e-10 -1.91397e-10 -14.9517)
(-9.65523e-11 -5.57443e-11 -14.9506)
(1.46288e-10 8.4459e-11 -14.9496)
(3.46474e-10 2.00037e-10 -14.9485)
(4.65509e-10 2.68761e-10 -14.9474)
(4.92851e-10 2.84547e-10 -14.9463)
(4.3843e-10 2.53127e-10 -14.9451)
(3.26401e-10 1.88447e-10 -14.9438)
(1.86021e-10 1.07399e-10 -14.9425)
(5.83718e-11 3.37008e-11 -14.9412)
(-6.14319e-11 -3.54676e-11 -14.9399)
(-3.78974e-10 -2.188e-10 -14.9696)
(3.71605e-10 2.14545e-10 -14.9691)
(4.84383e-10 2.79658e-10 -14.9678)
(4.27939e-10 2.4707e-10 -14.9665)
(3.14859e-10 1.81784e-10 -14.9651)
(1.62122e-10 9.3601e-11 -14.9636)
(-9.33564e-12 -5.38992e-12 -14.9622)
(-1.70447e-10 -9.84075e-11 -14.9608)
(-3.09865e-10 -1.789e-10 -14.9593)
(-4.34793e-10 -2.51027e-10 -14.9579)
(-5.3976e-10 -3.1163e-10 -14.9565)
(-6.047e-10 -3.49123e-10 -14.9552)
(-6.01789e-10 -3.47442e-10 -14.9539)
(-5.09783e-10 -2.94322e-10 -14.9528)
(-3.3151e-10 -1.91397e-10 -14.9517)
(-9.65523e-11 -5.57444e-11 -14.9506)
(1.46288e-10 8.4459e-11 -14.9496)
(3.46474e-10 2.00037e-10 -14.9485)
(4.65509e-10 2.68761e-10 -14.9474)
(4.92851e-10 2.84547e-10 -14.9463)
(4.3843e-10 2.53127e-10 -14.9451)
(3.26401e-10 1.88447e-10 -14.9438)
(1.86021e-10 1.07399e-10 -14.9425)
(5.83717e-11 3.37008e-11 -14.9412)
(-6.14319e-11 -3.54676e-11 -14.9399)
(-3.78974e-10 -2.188e-10 -14.9696)
(-0.00197631 -0.00114102 -423.826)
(-0.000938539 -0.000541865 -415.837)
(-0.00101685 -0.00058708 -405.731)
(-0.000915085 -0.000528324 -393.301)
(-0.000828392 -0.000478272 -378.74)
(-0.000748087 -0.000431908 -362.249)
(-0.000673719 -0.000388971 -344.039)
(-0.000601632 -0.000347352 -324.325)
(-0.000523796 -0.000302413 -303.326)
(-0.000427016 -0.000246537 -281.27)
(-0.000294694 -0.000170141 -258.396)
(-0.000110568 -6.38361e-05 -234.962)
(0.000130258 7.52046e-05 -211.248)
(0.000408302 0.000235733 -187.565)
(0.000692092 0.000399579 -164.252)
(0.000933852 0.000539159 -141.663)
(0.00109621 0.000632895 -120.144)
(0.00116919 0.000675029 -100.01)
(0.00117205 0.00067668 -81.5295)
(0.00113901 0.000657606 -64.9231)
(0.00110081 0.000635552 -50.3825)
(0.00106488 0.000614806 -38.0955)
(0.0010158 0.000586474 -28.2707)
(0.000882419 0.000509465 -21.1346)
(0.000840711 0.000485384 -16.6338)
(-0.00191844 -0.00111826 -426.56)
(-0.000696871 -0.000393666 -418.527)
(-0.000787507 -0.000446843 -408.389)
(-0.000717142 -0.00040584 -395.905)
(-0.000657471 -0.000371311 -381.273)
(-0.000602174 -0.000339095 -364.696)
(-0.000550761 -0.000309003 -346.384)
(-0.000500411 -0.000279705 -326.553)
(-0.000445314 -0.000247549 -305.425)
(-0.000375921 -0.000207225 -283.228)
(-0.00028083 -0.000152114 -260.202)
(-0.000148474 -7.58317e-05 -236.604)
(2.51364e-05 2.44705e-05 -212.717)
(0.000219066 0.000136563 -188.855)
(0.000415959 0.000250369 -165.359)
(0.00058189 0.000346128 -142.588)
(0.000692062 0.000409631 -120.893)
(0.0007408 0.000437405 -100.597)
(0.000741827 0.000437735 -81.969)
(0.000718914 0.000424087 -65.2341)
(0.000693347 0.000409111 -50.5856)
(0.000672192 0.000396865 -38.2128)
(0.000649487 0.000384619 -28.3258)
(0.000592014 0.000350492 -21.1517)
(0.00062071 0.000360706 -16.6358)
(-0.000877595 -0.000655504 -423.389)
(-0.000508737 -0.000950626 -415.398)
(-0.000495485 -0.000909212 -405.3)
(-0.000451045 -0.000799195 -392.88)
(-0.000409534 -0.000702474 -378.332)
(-0.000371461 -0.000613308 -361.857)
(-0.00033569 -0.000531082 -343.664)
(-0.000299537 -0.000451795 -323.969)
(-0.000257538 -0.000366511 -302.992)
(-0.000201579 -0.000260587 -280.959)
(-0.000122374 -0.000114688 -258.111)
(-1.32022e-05 8.79157e-05 -234.703)
(0.000128633 0.000350858 -211.016)
(0.00028171 0.00066578 -187.362)
(0.000432043 0.000986617 -164.078)
(0.000552251 0.00126035 -141.517)
(0.000625232 0.00144316 -120.025)
(0.000649842 0.00152292 -99.9169)
(0.000639324 0.00152196 -81.4588)
(0.000612648 0.00147956 -64.872)
(0.00058416 0.00142922 -50.3475)
(0.000558508 0.00137461 -38.0733)
(0.000519466 0.00128046 -28.2577)
(0.000454023 0.00103877 -21.1277)
(0.000396067 0.000819858 -16.6315)
(-0.000975282 -0.000563078 -425.95)
(-0.000916183 -0.000528957 -417.928)
(-0.000882375 -0.000509438 -407.795)
(-0.000785647 -0.000453592 -395.322)
(-0.000699169 -0.000403664 -380.705)
(-0.000619514 -0.000357675 -364.146)
(-0.000545497 -0.000314942 -345.856)
(-0.000473111 -0.00027315 -326.051)
(-0.000393184 -0.000227004 -304.951)
(-0.00029144 -0.000168263 -282.785)
(-0.00015008 -8.66482e-05 -259.793)
(4.55863e-05 2.63192e-05 -236.231)
(0.000299597 0.000172972 -212.383)
(0.000592998 0.000342366 -188.561)
(0.000888332 0.000512877 -165.107)
(0.00113516 0.000655384 -142.377)
(0.00129527 0.000747823 -120.722)
(0.00136036 0.000785402 -100.463)
(0.00135293 0.00078111 -81.8687)
(0.00130941 0.000755985 -65.1632)
(0.00125976 0.00072732 -50.5395)
(0.00120948 0.000698294 -38.1864)
(0.00112629 0.000650264 -28.3136)
(0.000934921 0.000539776 -21.1483)
(0.000762806 0.000440405 -16.6356)
(0.000952554 0.000549956 -425.951)
(0.000912435 0.000526794 -417.928)
(0.000876903 0.000506279 -407.795)
(0.000780484 0.000450611 -395.322)
(0.000693786 0.000400556 -380.705)
(0.000614157 0.000354583 -364.146)
(0.000540589 0.000312108 -345.856)
(0.000468462 0.000270466 -326.051)
(0.000389059 0.000224623 -304.951)
(0.000288054 0.000166308 -282.785)
(0.000147255 8.50178e-05 -259.793)
(-4.80174e-05 -2.77228e-05 -236.231)
(-0.000301507 -0.000174075 -212.383)
(-0.000594304 -0.000343121 -188.561)
(-0.000888863 -0.000513184 -165.107)
(-0.00113488 -0.000655222 -142.377)
(-0.00129453 -0.000747395 -120.722)
(-0.00135971 -0.000785028 -100.463)
(-0.00135233 -0.000780767 -81.8687)
(-0.00130904 -0.00075577 -65.1632)
(-0.00125976 -0.000727319 -50.5395)
(-0.00120923 -0.000698147 -38.1864)
(-0.00112511 -0.000649579 -28.3136)
(-0.000932803 -0.000538553 -21.1483)
(-0.000758442 -0.000437886 -16.6356)
(0.000991458 0.00043792 -423.39)
(0.00107699 -3.88513e-05 -415.399)
(0.00103309 -2.90188e-05 -405.301)
(0.000915718 -1.25394e-05 -392.881)
(0.000811142 -5.0661e-07 -378.332)
(0.000714947 1.08121e-05 -361.857)
(0.000626059 2.07739e-05 -343.664)
(0.000539489 2.87662e-05 -323.969)
(0.000444892 3.48619e-05 -302.992)
(0.000325484 3.93041e-05 -280.959)
(0.000159817 4.33867e-05 -258.111)
(-7.00867e-05 4.99817e-05 -234.703)
(-0.000368417 5.82434e-05 -211.016)
(-0.000717385 8.30279e-05 -187.362)
(-0.00107005 0.000113345 -164.078)
(-0.00136687 0.00014637 -141.517)
(-0.00156145 0.000174765 -120.025)
(-0.00164281 0.000193438 -99.917)
(-0.00163673 0.000202524 -81.4589)
(-0.0015868 0.000205127 -64.872)
(-0.00152912 0.000205265 -50.3475)
(-0.00146894 0.000201031 -38.0732)
(-0.00136752 0.000189049 -28.2577)
(-0.00112508 0.000125604 -21.1277)
(-0.000904963 6.54931e-05 -16.6315)
(0.00191382 0.00112538 -426.56)
(0.000690078 0.000403494 -418.527)
(0.00078031 0.000457509 -408.389)
(0.000709872 0.000416787 -395.905)
(0.000650083 0.000382084 -381.273)
(0.000594653 0.00034993 -364.696)
(0.000543203 0.000319954 -346.384)
(0.000492897 0.000290425 -326.553)
(0.000437954 0.000258184 -305.425)
(0.000368823 0.000217696 -283.228)
(0.000274141 0.000162039 -260.202)
(0.000142037 8.51954e-05 -236.604)
(-3.09859e-05 -1.59729e-05 -212.717)
(-0.000224312 -0.000128673 -188.855)
(-0.000420364 -0.000243058 -165.359)
(-0.000585172 -0.000339602 -142.588)
(-0.000694143 -0.000403997 -120.893)
(-0.000741597 -0.000432899 -100.597)
(-0.000741159 -0.00043396 -81.969)
(-0.000716731 -0.000420846 -65.2341)
(-0.00068988 -0.000405906 -50.5856)
(-0.000668016 -0.0003931 -38.2128)
(-0.000644794 -0.000378546 -28.3258)
(-0.000586356 -0.000344825 -21.1517)
(-0.000610255 -0.000365816 -16.6358)
(0.00197638 0.00114106 -423.826)
(0.000938423 0.000541798 -415.837)
(0.00101678 0.00058704 -405.731)
(0.000915046 0.000528301 -393.301)
(0.000828268 0.0004782 -378.74)
(0.00074793 0.000431817 -362.249)
(0.000673567 0.000388884 -344.039)
(0.000601444 0.000347244 -324.325)
(0.000523646 0.000302327 -303.326)
(0.000426924 0.000246484 -281.27)
(0.000294613 0.000170095 -258.396)
(0.000110441 6.37631e-05 -234.962)
(-0.000130364 -7.52655e-05 -211.248)
(-0.000408337 -0.000235753 -187.565)
(-0.000691952 -0.000399498 -164.252)
(-0.000933482 -0.000538946 -141.663)
(-0.0010956 -0.000632547 -120.144)
(-0.00116835 -0.000674548 -100.01)
(-0.0011708 -0.000675959 -81.5295)
(-0.00113725 -0.00065659 -64.9231)
(-0.00109844 -0.000634182 -50.3825)
(-0.00106199 -0.000613141 -38.0955)
(-0.00101188 -0.000584209 -28.2707)
(-0.000877956 -0.000506887 -21.1346)
(-0.000836826 -0.000483141 -16.6338)
(0.000969885 0.000559962 -425.951)
(0.000909135 0.000524888 -417.928)
(0.000875161 0.000505273 -407.795)
(0.000778475 0.000449452 -395.322)
(0.000691666 0.000399332 -380.705)
(0.00061182 0.000353233 -364.146)
(0.000537916 0.000310565 -345.856)
(0.000465489 0.000268749 -326.051)
(0.000385718 0.000222694 -304.951)
(0.000284382 0.000164188 -282.785)
(0.000143145 8.26447e-05 -259.793)
(-5.2165e-05 -3.01174e-05 -236.231)
(-0.000306032 -0.000176687 -212.383)
(-0.00059912 -0.000345901 -188.561)
(-0.000893988 -0.000516143 -165.107)
(-0.00114027 -0.000658334 -142.377)
(-0.00130019 -0.000750664 -120.722)
(-0.00136555 -0.000788399 -100.463)
(-0.00135853 -0.000784348 -81.8687)
(-0.00131567 -0.0007596 -65.1632)
(-0.00126733 -0.00073169 -50.5395)
(-0.00121801 -0.000703217 -38.1864)
(-0.0011357 -0.000655697 -28.3136)
(-0.000944623 -0.000545377 -21.1483)
(-0.000770282 -0.000444721 -16.6356)
(0.000870911 0.000657762 -423.389)
(0.000499431 0.000954077 -415.398)
(0.000485756 0.000912918 -405.3)
(0.000441265 0.000802935 -392.88)
(0.000399502 0.00070623 -378.332)
(0.000361238 0.00061713 -361.857)
(0.000325497 0.000534942 -343.664)
(0.000289376 0.00045563 -323.969)
(0.000247601 0.00037028 -302.992)
(0.000192029 0.000264238 -280.959)
(0.000113345 0.000118087 -258.111)
(4.53957e-06 -8.46348e-05 -234.703)
(-0.000136665 -0.000347935 -211.016)
(-0.000288998 -0.000663228 -187.362)
(-0.000438341 -0.000984575 -164.078)
(-0.000557293 -0.00125903 -141.517)
(-0.000629132 -0.00144273 -120.025)
(-0.000652778 -0.00152353 -99.9169)
(-0.000641341 -0.00152382 -81.4589)
(-0.000613958 -0.00148278 -64.872)
(-0.000585502 -0.00143374 -50.3475)
(-0.000560281 -0.00138002 -38.0733)
(-0.00052213 -0.00128631 -28.2577)
(-0.000456659 -0.00104511 -21.1277)
(-0.000393842 -0.000828843 -16.6315)
(-0.000993375 -0.000435348 -423.39)
(-0.0010793 4.24477e-05 -415.398)
(-0.00103543 3.31655e-05 -405.301)
(-0.000918065 1.69419e-05 -392.881)
(-0.000813597 4.58011e-06 -378.332)
(-0.000717466 -6.81408e-06 -361.857)
(-0.000628569 -1.66542e-05 -343.664)
(-0.000542023 -2.48717e-05 -323.969)
(-0.000447407 -3.09363e-05 -302.992)
(-0.000327874 -3.52792e-05 -280.959)
(-0.000162201 -3.95879e-05 -258.111)
(6.7913e-05 -4.64389e-05 -234.703)
(0.000366226 -5.51932e-05 -211.016)
(0.000715261 -8.00938e-05 -187.362)
(0.00106807 -0.00011031 -164.078)
(0.0013651 -0.000143194 -141.517)
(0.00155985 -0.000171532 -120.025)
(0.00164137 -0.000190382 -99.9169)
(0.00163561 -0.000199086 -81.4588)
(0.00158616 -0.000201053 -64.8719)
(0.00152916 -0.000200292 -50.3475)
(0.00146989 -0.000194745 -38.0732)
(0.00136927 -0.000180359 -28.2577)
(0.00112737 -0.000117063 -21.1277)
(0.000906614 -6.54166e-05 -16.6315)
(-0.000956057 -0.000551978 -425.951)
(-0.00091672 -0.000529267 -417.928)
(-0.000881135 -0.000508723 -407.795)
(-0.000784604 -0.00045299 -395.322)
(-0.00069826 -0.000403139 -380.705)
(-0.000618813 -0.000357271 -364.146)
(-0.000545137 -0.000314734 -345.856)
(-0.000473133 -0.000273163 -326.051)
(-0.000393652 -0.000227275 -304.951)
(-0.000292284 -0.00016875 -282.785)
(-0.000151592 -8.75215e-05 -259.793)
(4.39914e-05 2.53984e-05 -236.231)
(0.000297304 0.000171648 -212.383)
(0.000590194 0.000340748 -188.561)
(0.000885048 0.000510981 -165.107)
(0.00113147 0.000653253 -142.377)
(0.00129128 0.000745519 -120.722)
(0.00135631 0.000783067 -100.463)
(0.00134906 0.000778879 -81.8686)
(0.00130607 0.000754056 -65.1632)
(0.00125711 0.000725792 -50.5395)
(0.00120756 0.000697181 -38.1864)
(0.00112468 0.000649332 -28.3136)
(0.000932797 0.00053855 -21.1483)
(0.000756528 0.00043678 -16.6356)
)
;

boundaryField
{
    outletCentralUnloaded
    {
        type            zeroGradient;
    }
    inletCentralUnloaded
    {
        type            fixedValue;
        value           uniform (0 0 -15);
    }
    outletFuelElement
    {
        type            zeroGradient;
    }
    inletFuelElement
    {
        type            fixedValue;
        value           uniform (0 0 -15);
    }
    defaultFaces
    {
        type            slip;
    }
    baffle_master
    {
        type            slip;
    }
    baffle_slave
    {
        type            slip;
    }
}


// ************************************************************************* //
