/*--------------------------------*- C++ -*----------------------------------*\
| =========                 |                                                 |
| \\      /  F ield         | OpenFOAM: The Open Source CFD Toolbox           |
|  \\    /   O peration     | Version:  2212                                  |
|   \\  /    A nd           | Website:  www.openfoam.com                      |
|    \\/     M anipulation  |                                                 |
\*---------------------------------------------------------------------------*/
FoamFile
{
    version     2.0;
    format      ascii;
    arch        "LSB;label=32;scalar=64";
    class       volScalarField;
    location    "11/neutroRegion";
    object      TClad;
}
// * * * * * * * * * * * * * * * * * * * * * * * * * * * * * * * * * * * * * //

dimensions      [0 0 0 1 0 0 0];

internalField   nonuniform List<scalar> 
350
(
0
0
0
0
0
0
0
0
0
0
0
0
0
0
0
0
0
0
0
0
0
0
0
0
0
0
0
0
0
0
0
0
0
0
0
0
0
0
0
0
0
0
0
0
0
0
0
0
0
0
609.877
626.877
640.849
651.595
658.982
662.935
663.44
660.538
654.322
644.929
632.538
617.358
599.616
579.551
557.4
533.381
507.684
480.458
451.8
421.756
390.32
357.471
323.207
287.606
252.091
612.752
630.09
644.358
655.357
662.947
667.054
667.663
664.814
658.601
649.165
636.688
621.38
603.476
583.218
560.847
536.586
510.628
483.125
454.175
423.823
392.06
358.864
324.229
288.231
252.303
609.397
626.344
640.27
650.978
658.333
662.264
662.755
659.846
653.631
644.247
631.872
616.713
598.998
578.966
556.85
532.871
507.217
480.035
451.425
421.431
390.047
357.253
323.048
287.507
252.057
612.105
629.365
643.564
654.503
662.046
666.116
666.7
663.837
657.623
648.196
635.737
620.458
602.59
582.376
560.055
535.849
509.951
482.511
453.628
423.347
391.659
358.543
323.993
288.087
252.254
612.105
629.365
643.564
654.503
662.046
666.116
666.7
663.837
657.623
648.196
635.737
620.458
602.59
582.376
560.055
535.849
509.951
482.511
453.628
423.347
391.659
358.543
323.993
288.087
252.254
609.397
626.344
640.27
650.978
658.333
662.264
662.754
659.846
653.631
644.247
631.872
616.713
598.998
578.966
556.85
532.871
507.217
480.036
451.425
421.431
390.047
357.253
323.048
287.507
252.057
612.752
630.09
644.358
655.357
662.947
667.054
667.663
664.814
658.601
649.165
636.688
621.38
603.476
583.218
560.847
536.586
510.628
483.125
454.175
423.823
392.06
358.864
324.229
288.231
252.303
609.877
626.877
640.849
651.595
658.982
662.935
663.44
660.538
654.322
644.929
632.538
617.358
599.616
579.551
557.4
533.381
507.684
480.458
451.8
421.756
390.32
357.472
323.207
287.606
252.091
612.105
629.365
643.564
654.503
662.046
666.116
666.7
663.837
657.623
648.196
635.737
620.458
602.59
582.376
560.055
535.849
509.951
482.511
453.628
423.347
391.659
358.543
323.993
288.087
252.254
609.397
626.344
640.27
650.978
658.333
662.264
662.754
659.846
653.631
644.247
631.872
616.713
598.998
578.966
556.85
532.871
507.217
480.035
451.425
421.431
390.047
357.253
323.048
287.507
252.057
609.397
626.344
640.27
650.978
658.333
662.264
662.754
659.846
653.631
644.247
631.872
616.713
598.998
578.966
556.85
532.871
507.217
480.036
451.425
421.431
390.047
357.253
323.048
287.507
252.057
612.105
629.365
643.564
654.503
662.046
666.116
666.7
663.837
657.623
648.196
635.737
620.458
602.59
582.376
560.055
535.849
509.951
482.511
453.628
423.347
391.659
358.543
323.993
288.087
252.254
)
;

boundaryField
{
    outletCentralUnloaded
    {
        type            zeroGradient;
    }
    inletCentralUnloaded
    {
        type            zeroGradient;
    }
    outletFuelElement
    {
        type            zeroGradient;
    }
    inletFuelElement
    {
        type            zeroGradient;
    }
    defaultFaces
    {
        type            zeroGradient;
    }
}


// ************************************************************************* //
