/*--------------------------------*- C++ -*----------------------------------*\
| =========                 |                                                 |
| \\      /  F ield         | OpenFOAM: The Open Source CFD Toolbox           |
|  \\    /   O peration     | Version:  2212                                  |
|   \\  /    A nd           | Website:  www.openfoam.com                      |
|    \\/     M anipulation  |                                                 |
\*---------------------------------------------------------------------------*/
FoamFile
{
    version     2.0;
    format      ascii;
    arch        "LSB;label=32;scalar=64";
    class       volScalarField;
    location    "11/neutroRegion";
    object      TFuel;
}
// * * * * * * * * * * * * * * * * * * * * * * * * * * * * * * * * * * * * * //

dimensions      [0 0 0 1 0 0 0];

internalField   nonuniform List<scalar> 
350
(
0
0
0
0
0
0
0
0
0
0
0
0
0
0
0
0
0
0
0
0
0
0
0
0
0
0
0
0
0
0
0
0
0
0
0
0
0
0
0
0
0
0
0
0
0
0
0
0
0
0
745.247
888.499
1027.99
1161.49
1286.88
1402.18
1505.55
1595.35
1670.16
1728.78
1770.27
1793.96
1799.47
1786.69
1755.79
1707.25
1641.79
1560.43
1464.41
1355.23
1234.56
1104.34
966.625
823.662
678.537
746.382
891.303
1032.42
1167.48
1294.33
1410.98
1515.56
1606.42
1682.1
1741.41
1783.4
1807.39
1812.98
1800.08
1768.85
1719.77
1653.59
1571.31
1474.21
1363.8
1241.76
1110.06
970.781
826.181
679.381
745.063
888.05
1027.28
1160.53
1285.7
1400.78
1503.96
1593.59
1668.26
1726.76
1768.17
1791.82
1797.32
1784.55
1753.71
1705.25
1639.92
1558.7
1462.85
1353.86
1233.41
1103.42
965.963
823.26
678.402
746.122
890.659
1031.4
1166.1
1292.62
1408.95
1513.26
1603.87
1679.35
1738.51
1780.38
1804.3
1809.87
1797
1765.84
1716.89
1650.87
1568.81
1471.95
1361.82
1240.11
1108.74
969.824
825.602
679.187
746.122
890.659
1031.4
1166.1
1292.62
1408.95
1513.26
1603.87
1679.35
1738.51
1780.38
1804.3
1809.87
1797
1765.84
1716.89
1650.87
1568.81
1471.95
1361.82
1240.11
1108.74
969.824
825.602
679.187
745.063
888.05
1027.28
1160.53
1285.69
1400.78
1503.96
1593.59
1668.26
1726.76
1768.17
1791.82
1797.32
1784.55
1753.71
1705.25
1639.92
1558.7
1462.85
1353.86
1233.41
1103.42
965.963
823.26
678.402
746.382
891.303
1032.42
1167.48
1294.33
1410.98
1515.56
1606.41
1682.1
1741.41
1783.4
1807.39
1812.98
1800.08
1768.85
1719.77
1653.59
1571.31
1474.21
1363.8
1241.76
1110.06
970.781
826.181
679.381
745.247
888.499
1027.99
1161.49
1286.88
1402.18
1505.55
1595.35
1670.16
1728.78
1770.27
1793.96
1799.47
1786.69
1755.79
1707.25
1641.79
1560.43
1464.41
1355.23
1234.56
1104.34
966.625
823.662
678.537
746.122
890.659
1031.4
1166.1
1292.62
1408.95
1513.26
1603.87
1679.35
1738.51
1780.38
1804.3
1809.87
1797
1765.84
1716.89
1650.87
1568.81
1471.95
1361.82
1240.11
1108.74
969.824
825.602
679.187
745.063
888.05
1027.28
1160.53
1285.69
1400.78
1503.96
1593.59
1668.26
1726.76
1768.17
1791.82
1797.32
1784.55
1753.71
1705.25
1639.92
1558.7
1462.85
1353.86
1233.41
1103.42
965.963
823.26
678.402
745.063
888.05
1027.28
1160.53
1285.69
1400.78
1503.96
1593.59
1668.26
1726.76
1768.17
1791.82
1797.32
1784.55
1753.71
1705.25
1639.92
1558.7
1462.85
1353.86
1233.41
1103.42
965.963
823.26
678.402
746.122
890.659
1031.4
1166.1
1292.62
1408.95
1513.26
1603.87
1679.35
1738.51
1780.38
1804.3
1809.87
1797
1765.84
1716.89
1650.87
1568.81
1471.95
1361.82
1240.11
1108.74
969.824
825.602
679.187
)
;

boundaryField
{
    outletCentralUnloaded
    {
        type            zeroGradient;
    }
    inletCentralUnloaded
    {
        type            zeroGradient;
    }
    outletFuelElement
    {
        type            zeroGradient;
    }
    inletFuelElement
    {
        type            zeroGradient;
    }
    defaultFaces
    {
        type            zeroGradient;
    }
}


// ************************************************************************* //
