# Region type : patch inletCentralUnloaded
# Faces       : 2
# Area        : 3.176444e-04
# Scale factor: 1.000000e+00
# Time        	areaAverage(magU)	areaAverage(p)	areaAverage(T)	areaAverage(alphaRhoPhi)	areaAverage(alphaPhi)
11            	1.500000e+01	3.454199e+06	8.330000e+01	-5.873210e-03	-5.401345e-04
12            	1.500000e+01	3.454149e+06	8.330000e+01	-5.873105e-03	-5.401345e-04
13            	1.500000e+01	3.454100e+06	8.330000e+01	-5.873035e-03	-5.401345e-04
14            	1.500000e+01	3.454057e+06	8.330000e+01	-5.872976e-03	-5.401345e-04
15            	1.500000e+01	3.454030e+06	8.330000e+01	-5.872919e-03	-5.401345e-04
16            	1.500000e+01	3.453998e+06	8.330000e+01	-5.872869e-03	-5.401345e-04
17            	1.500000e+01	3.453983e+06	8.330000e+01	-5.872817e-03	-5.401345e-04
18            	1.500000e+01	3.453952e+06	8.330000e+01	-5.872771e-03	-5.401345e-04
19            	1.500000e+01	3.453919e+06	8.330000e+01	-5.872727e-03	-5.401345e-04
20            	1.500000e+01	3.453917e+06	8.330000e+01	-5.872679e-03	-5.401345e-04
21            	1.500000e+01	3.453896e+06	8.330000e+01	-5.872638e-03	-5.401345e-04
22            	1.500000e+01	3.453862e+06	8.330000e+01	-5.872602e-03	-5.401345e-04
23            	1.500000e+01	3.453845e+06	8.330000e+01	-5.872566e-03	-5.401345e-04
24            	1.500000e+01	3.453823e+06	8.330000e+01	-5.872533e-03	-5.401345e-04
25            	1.500000e+01	3.453809e+06	8.330000e+01	-5.872500e-03	-5.401345e-04
26            	1.500000e+01	3.453800e+06	8.330000e+01	-5.872467e-03	-5.401345e-04
27            	1.500000e+01	3.453779e+06	8.330000e+01	-5.872445e-03	-5.401345e-04
28            	1.500000e+01	3.453762e+06	8.330000e+01	-5.872420e-03	-5.401345e-04
29            	1.500000e+01	3.453758e+06	8.330000e+01	-5.872393e-03	-5.401345e-04
30            	1.500000e+01	3.453748e+06	8.330000e+01	-5.872374e-03	-5.401345e-04
31            	1.500000e+01	3.453735e+06	8.330000e+01	-5.872354e-03	-5.401345e-04
32            	1.500000e+01	3.453730e+06	8.330000e+01	-5.872337e-03	-5.401345e-04
33            	1.500000e+01	3.453725e+06	8.330000e+01	-5.872321e-03	-5.401345e-04
34            	1.500000e+01	3.453736e+06	8.330000e+01	-5.872317e-03	-5.401345e-04
35            	1.500000e+01	3.453736e+06	8.330000e+01	-5.872317e-03	-5.401345e-04
36            	1.500000e+01	3.453736e+06	8.330000e+01	-5.872317e-03	-5.401345e-04
37            	1.500000e+01	3.453736e+06	8.330000e+01	-5.872317e-03	-5.401345e-04
38            	1.500000e+01	3.453736e+06	8.330000e+01	-5.872317e-03	-5.401345e-04
39            	1.500000e+01	3.453736e+06	8.330000e+01	-5.872317e-03	-5.401345e-04
40            	1.500000e+01	3.453736e+06	8.330000e+01	-5.872317e-03	-5.401345e-04
41            	1.500000e+01	3.453736e+06	8.330000e+01	-5.872317e-03	-5.401345e-04
42            	1.500000e+01	3.453736e+06	8.330000e+01	-5.872317e-03	-5.401345e-04
43            	1.500000e+01	3.453736e+06	8.330000e+01	-5.872317e-03	-5.401345e-04
44            	1.500000e+01	3.453736e+06	8.330000e+01	-5.872317e-03	-5.401345e-04
45            	1.500000e+01	3.453736e+06	8.330000e+01	-5.872317e-03	-5.401345e-04
46            	1.500000e+01	3.453736e+06	8.330000e+01	-5.872317e-03	-5.401345e-04
47            	1.500000e+01	3.453736e+06	8.330000e+01	-5.872317e-03	-5.401345e-04
48            	1.500000e+01	3.453736e+06	8.330000e+01	-5.872317e-03	-5.401345e-04
49            	1.500000e+01	3.453736e+06	8.330000e+01	-5.872317e-03	-5.401345e-04
50            	1.500000e+01	3.453736e+06	8.330000e+01	-5.872317e-03	-5.401345e-04
51            	1.500000e+01	3.453736e+06	8.330000e+01	-5.872317e-03	-5.401345e-04
52            	1.500000e+01	3.453736e+06	8.330000e+01	-5.872317e-03	-5.401345e-04
53            	1.500000e+01	3.453736e+06	8.330000e+01	-5.872317e-03	-5.401345e-04
54            	1.500000e+01	3.453736e+06	8.330000e+01	-5.872317e-03	-5.401345e-04
55            	1.500000e+01	3.453736e+06	8.330000e+01	-5.872317e-03	-5.401345e-04
56            	1.500000e+01	3.453736e+06	8.330000e+01	-5.872317e-03	-5.401345e-04
57            	1.500000e+01	3.453736e+06	8.330000e+01	-5.872317e-03	-5.401345e-04
58            	1.500000e+01	3.453736e+06	8.330000e+01	-5.872317e-03	-5.401345e-04
59            	1.500000e+01	3.453736e+06	8.330000e+01	-5.872317e-03	-5.401345e-04
60            	1.500000e+01	3.453736e+06	8.330000e+01	-5.872317e-03	-5.401345e-04
61            	1.500000e+01	3.453736e+06	8.330000e+01	-5.872317e-03	-5.401345e-04
62            	1.500000e+01	3.453736e+06	8.330000e+01	-5.872317e-03	-5.401345e-04
63            	1.500000e+01	3.453736e+06	8.330000e+01	-5.872317e-03	-5.401345e-04
64            	1.500000e+01	3.453736e+06	8.330000e+01	-5.872317e-03	-5.401345e-04
65            	1.500000e+01	3.453736e+06	8.330000e+01	-5.872317e-03	-5.401345e-04
66            	1.500000e+01	3.453736e+06	8.330000e+01	-5.872317e-03	-5.401345e-04
67            	1.500000e+01	3.453736e+06	8.330000e+01	-5.872317e-03	-5.401345e-04
68            	1.500000e+01	3.453736e+06	8.330000e+01	-5.872317e-03	-5.401345e-04
69            	1.500000e+01	3.453736e+06	8.330000e+01	-5.872317e-03	-5.401345e-04
70            	1.500000e+01	3.453736e+06	8.330000e+01	-5.872317e-03	-5.401345e-04
71            	1.500000e+01	3.453736e+06	8.330000e+01	-5.872317e-03	-5.401345e-04
72            	1.500000e+01	3.453736e+06	8.330000e+01	-5.872317e-03	-5.401345e-04
73            	1.500000e+01	3.453736e+06	8.330000e+01	-5.872317e-03	-5.401345e-04
74            	1.500000e+01	3.453736e+06	8.330000e+01	-5.872317e-03	-5.401345e-04
75            	1.500000e+01	3.453736e+06	8.330000e+01	-5.872317e-03	-5.401345e-04
76            	1.500000e+01	3.453736e+06	8.330000e+01	-5.872317e-03	-5.401345e-04
77            	1.500000e+01	3.453736e+06	8.330000e+01	-5.872317e-03	-5.401345e-04
78            	1.500000e+01	3.453736e+06	8.330000e+01	-5.872317e-03	-5.401345e-04
79            	1.500000e+01	3.453736e+06	8.330000e+01	-5.872317e-03	-5.401345e-04
80            	1.500000e+01	3.453736e+06	8.330000e+01	-5.872317e-03	-5.401345e-04
81            	1.500000e+01	3.453736e+06	8.330000e+01	-5.872317e-03	-5.401345e-04
82            	1.500000e+01	3.453736e+06	8.330000e+01	-5.872317e-03	-5.401345e-04
83            	1.500000e+01	3.453736e+06	8.330000e+01	-5.872317e-03	-5.401345e-04
84            	1.500000e+01	3.453736e+06	8.330000e+01	-5.872316e-03	-5.401345e-04
85            	1.500000e+01	3.453736e+06	8.330000e+01	-5.872317e-03	-5.401345e-04
86            	1.500000e+01	3.453736e+06	8.330000e+01	-5.872317e-03	-5.401345e-04
87            	1.500000e+01	3.453736e+06	8.330000e+01	-5.872317e-03	-5.401345e-04
88            	1.500000e+01	3.453736e+06	8.330000e+01	-5.872317e-03	-5.401345e-04
89            	1.500000e+01	3.453736e+06	8.330000e+01	-5.872317e-03	-5.401345e-04
90            	1.500000e+01	3.453736e+06	8.330000e+01	-5.872317e-03	-5.401345e-04
91            	1.500000e+01	3.453736e+06	8.330000e+01	-5.872317e-03	-5.401345e-04
92            	1.500000e+01	3.453736e+06	8.330000e+01	-5.872317e-03	-5.401345e-04
93            	1.500000e+01	3.453736e+06	8.330000e+01	-5.872317e-03	-5.401345e-04
94            	1.500000e+01	3.453736e+06	8.330000e+01	-5.872317e-03	-5.401345e-04
95            	1.500000e+01	3.453736e+06	8.330000e+01	-5.872317e-03	-5.401345e-04
96            	1.500000e+01	3.453736e+06	8.330000e+01	-5.872317e-03	-5.401345e-04
97            	1.500000e+01	3.453736e+06	8.330000e+01	-5.872317e-03	-5.401345e-04
98            	1.500000e+01	3.453736e+06	8.330000e+01	-5.872316e-03	-5.401345e-04
99            	1.500000e+01	3.453736e+06	8.330000e+01	-5.872317e-03	-5.401345e-04
100           	1.500000e+01	3.453736e+06	8.330000e+01	-5.872317e-03	-5.401345e-04
