/*--------------------------------*- C++ -*----------------------------------*\
| =========                 |                                                 |
| \\      /  F ield         | OpenFOAM: The Open Source CFD Toolbox           |
|  \\    /   O peration     | Version:  2212                                  |
|   \\  /    A nd           | Website:  www.openfoam.com                      |
|    \\/     M anipulation  |                                                 |
\*---------------------------------------------------------------------------*/
FoamFile
{
    version     2.0;
    format      ascii;
    arch        "LSB;label=32;scalar=64";
    class       surfaceScalarField;
    location    "60/fluidRegion";
    object      alphaPhi;
}
// * * * * * * * * * * * * * * * * * * * * * * * * * * * * * * * * * * * * * //

dimensions      [0 3 -1 0 0 0 0];

oriented        oriented;

internalField   nonuniform List<scalar> 
661
(
-0.00053894
-8.94059e-13
-0.000538906
-4.66059e-13
-0.000538874
5.61896e-13
-0.00053884
1.56386e-12
-0.000538803
2.05874e-12
-0.000538762
1.80227e-12
-0.00053872
9.01458e-13
-0.000538676
-3.08401e-13
-0.000538632
-1.45486e-12
-0.000538586
-2.26481e-12
-0.000538538
-2.59482e-12
-0.000538489
-2.38619e-12
-0.000538439
-1.65037e-12
-0.000538391
-4.76481e-13
-0.000538343
9.25987e-13
-0.000538296
2.21802e-12
-0.000538248
3.0038e-12
-0.000538197
2.97534e-12
-0.000538145
2.05339e-12
-0.000538092
4.95889e-13
-0.000538043
-1.21414e-12
-0.000537999
-2.501e-12
-0.000537962
-2.70028e-12
-0.00053793
-1.07117e-12
9.51497e-13
-0.00053894
-0.000538906
-0.000538874
-0.00053884
-0.000538803
-0.000538762
-0.00053872
-0.000538676
-0.000538632
-0.000538586
-0.000538538
-0.000538489
-0.000538439
-0.000538391
-0.000538343
-0.000538296
-0.000538248
-0.000538197
-0.000538145
-0.000538092
-0.000538043
-0.000537999
-0.000537962
-0.00053793
-0.020228
1.41378e-06
-0.0198
6.71726e-07
-0.0192556
7.27857e-07
-0.0186039
6.54971e-07
-0.0178543
5.92887e-07
-0.0170168
5.35377e-07
-0.0161016
4.82123e-07
-0.0151192
4.30506e-07
-0.0140803
3.74786e-07
-0.0129961
3.0552e-07
-0.0118785
2.10856e-07
-0.0107403
7.91659e-08
-0.00959568
-9.30521e-08
-0.00846047
-2.91809e-07
-0.0073515
-4.94594e-07
-0.00628592
-6.67206e-07
-0.00527996
-7.82924e-07
-0.00434776
-8.34598e-07
-0.00350091
-8.36115e-07
-0.00274913
-8.11858e-07
-0.00210114
-7.84272e-07
-0.00156631
-7.58716e-07
-0.00115535
-7.24323e-07
-0.000879352
-6.30285e-07
-6.00345e-07
-0.0203579
-4.08717e-08
-3.60787e-08
-0.019929
-1.76341e-07
-1.75994e-07
-0.0193825
-1.67495e-07
-1.66675e-07
-0.0187277
-1.45176e-07
-1.44273e-07
-0.0179743
-1.25943e-07
-1.24867e-07
-0.0171322
-1.08191e-07
-1.06989e-07
-0.0162118
-9.19259e-08
-9.06181e-08
-0.0152235
-7.65135e-08
-7.50082e-08
-0.0141781
-6.04372e-08
-5.86701e-08
-0.0130868
-4.10476e-08
-3.89266e-08
-0.0119616
-1.46604e-08
-1.20124e-08
-0.0108152
2.22099e-08
2.54947e-08
-0.00966216
6.99737e-08
7.41185e-08
-0.00851816
1.29772e-07
1.34987e-07
-0.00740034
1.91474e-07
1.98051e-07
-0.00632611
2.45198e-07
2.5357e-07
-0.00531195
2.81907e-07
2.92577e-07
-0.00437224
2.98567e-07
3.12232e-07
-0.00351873
2.99006e-07
3.16436e-07
-0.00276125
2.90802e-07
3.12736e-07
-0.00210858
2.80434e-07
3.07469e-07
-0.00157017
2.68733e-07
2.99733e-07
-0.0011568
2.48211e-07
2.82154e-07
-0.000879547
1.94245e-07
2.25313e-07
1.47325e-07
1.689e-07
-0.0202067
6.92566e-07
-0.0197791
6.53475e-07
-0.0192351
6.28953e-07
-0.0185839
5.59744e-07
-0.017835
4.97804e-07
-0.0169982
4.40824e-07
-0.0160839
3.88007e-07
-0.0151025
3.36344e-07
-0.0140647
2.79368e-07
-0.0129817
2.06844e-07
-0.0118653
1.06002e-07
-0.0107284
-3.37357e-08
-0.00958522
-2.1507e-07
-0.0084514
-4.24525e-07
-0.00734381
-6.3524e-07
-0.00627959
-8.11139e-07
-0.00527489
-9.24928e-07
-0.00434385
-9.70691e-07
-0.00349801
-9.64368e-07
-0.0027471
-9.31897e-07
-0.00209981
-8.94683e-07
-0.0015655
-8.56455e-07
-0.00115491
-7.94224e-07
-0.000879134
-6.55809e-07
-5.32006e-07
-0.020329
2.96959e-09
-0.0199002
-5.38521e-10
-0.0193541
-3.22894e-10
-0.0186999
-3.57258e-10
-0.0179473
-2.54547e-10
-0.0171062
-1.64178e-10
-0.0161869
-1.37167e-10
-0.0151999
-3.25439e-11
-0.0141559
6.34269e-11
-0.0130663
1.38536e-10
-0.0119427
3.19718e-10
-0.0107982
5.44041e-10
-0.00964703
8.34392e-10
-0.00850501
1.15794e-09
-0.00738919
1.52829e-09
-0.00631693
1.98453e-09
-0.00530464
2.61909e-09
-0.00436665
3.50495e-09
-0.00351466
4.51337e-09
-0.00275848
5.66537e-09
-0.00210689
6.85851e-09
-0.0015693
7.63619e-09
-0.00115649
7.95422e-09
-0.000879529
7.09692e-09
5.45045e-09
-0.020329
-6.86303e-07
-0.0199002
-6.54773e-07
-0.0193541
-6.29568e-07
-0.0187
-5.60424e-07
-0.0179474
-4.98328e-07
-0.0171063
-4.41236e-07
-0.0161869
-3.8837e-07
-0.0151999
-3.36557e-07
-0.014156
-2.79457e-07
-0.0130663
-2.06827e-07
-0.0119427
-1.05735e-07
-0.0107982
3.43252e-08
-0.00964704
2.16064e-07
-0.00850502
4.25957e-07
-0.0073892
6.37183e-07
-0.00631694
8.13759e-07
-0.00530465
9.28584e-07
-0.00436665
9.75889e-07
-0.00351466
9.71529e-07
-0.00275849
9.41581e-07
-0.00210689
9.0744e-07
-0.00156931
8.72152e-07
-0.00115649
8.12631e-07
-0.00087953
6.74012e-07
5.48195e-07
-0.0202067
3.63686e-08
-0.0197791
1.76311e-07
-0.0192351
1.66949e-07
-0.0185839
1.44532e-07
-0.017835
1.25239e-07
-0.0169983
1.07398e-07
-0.016084
9.10187e-08
-0.0151025
7.54999e-08
-0.0140647
5.92459e-08
-0.0129817
3.96058e-08
-0.0118653
1.2936e-08
-0.0107284
-2.42436e-08
-0.00958523
-7.24097e-08
-0.00845141
-1.32747e-07
-0.00734382
-1.95165e-07
-0.00627959
-2.49786e-07
-0.0052749
-2.87573e-07
-0.00434385
-3.05419e-07
-0.00349801
-3.07245e-07
-0.0027471
-3.00293e-07
-0.0020998
-2.90934e-07
-0.0015655
-2.7951e-07
-0.00115491
-2.58577e-07
-0.000879132
-2.02561e-07
-1.50024e-07
-0.0203579
-1.41386e-06
-4.02365e-08
-0.019929
-6.71888e-07
-1.75549e-07
-0.0193825
-7.28093e-07
-1.66602e-07
-0.0187277
-6.55248e-07
-1.44181e-07
-0.0179743
-5.93121e-07
-1.24892e-07
-0.0171322
-5.35611e-07
-1.07111e-07
-0.0162118
-4.82375e-07
-9.08026e-08
-0.0152235
-4.30745e-07
-7.53311e-08
-0.0141781
-3.75048e-07
-5.91286e-08
-0.0130868
-3.05816e-07
-3.95308e-08
-0.0119616
-2.11094e-07
-1.29062e-08
-0.0108152
-7.92969e-08
2.42231e-08
-0.00966216
9.30921e-08
7.2292e-08
-0.00851816
2.92094e-07
1.32441e-07
-0.00740034
4.95273e-07
1.94496e-07
-0.00632611
6.68635e-07
2.48488e-07
-0.00531195
7.85717e-07
2.85099e-07
-0.00437224
8.39908e-07
3.00957e-07
-0.00351873
8.45603e-07
2.99414e-07
-0.00276125
8.28351e-07
2.87247e-07
-0.00210858
8.11698e-07
2.69755e-07
-0.00157017
8.00614e-07
2.47488e-07
-0.0011568
7.83866e-07
2.14236e-07
-0.000879547
7.00632e-07
1.50779e-07
6.73096e-07
1.01894e-07
-0.020228
-0.0198
-0.0192556
-0.0186039
-0.0178543
-0.0170168
-0.0161016
-0.0151192
-0.0140803
-0.0129961
-0.0118785
-0.0107403
-0.00959568
-0.00846047
-0.0073515
-0.00628592
-0.00527996
-0.00434776
-0.00350091
-0.00274913
-0.00210114
-0.00156631
-0.00115535
-0.000879352
-0.020329
-6.93559e-07
3.66073e-09
-0.0199002
-6.54675e-07
3.18722e-10
-0.0193541
-6.30312e-07
6.86121e-10
-0.0186999
-5.61228e-07
7.85113e-10
-0.0179473
-4.9929e-07
8.25072e-10
-0.0171062
-4.42335e-07
8.86668e-10
-0.0161869
-3.89592e-07
1.00276e-09
-0.0151999
-3.37967e-07
1.10332e-09
-0.0141559
-2.81111e-07
1.26919e-09
-0.0130663
-2.08807e-07
1.51568e-09
-0.0119427
-1.08204e-07
1.80538e-09
-0.0107982
3.12646e-08
2.13768e-09
-0.00964703
2.12225e-07
2.65674e-09
-0.00850501
4.21078e-07
3.39598e-09
-0.00738919
6.30847e-07
4.48158e-09
-0.00631693
8.05312e-07
6.09838e-09
-0.00530464
9.1694e-07
8.43663e-09
-0.00436665
9.59366e-07
1.19176e-08
-0.00351466
9.47494e-07
1.72819e-08
-0.00275848
9.0642e-07
2.52538e-08
-0.00210689
8.55561e-07
3.67022e-08
-0.0015693
7.99149e-07
5.05755e-08
-0.00115649
7.15769e-07
6.6358e-08
-0.00087953
5.63146e-07
7.29558e-08
4.46776e-07
6.6466e-08
-0.0202067
-0.0197791
-0.0192351
-0.0185839
-0.017835
-0.0169982
-0.0160839
-0.0151025
-0.0140647
-0.0129817
-0.0118653
-0.0107284
-0.00958522
-0.0084514
-0.00734381
-0.00627959
-0.00527489
-0.00434385
-0.00349801
-0.0027471
-0.00209981
-0.0015655
-0.00115491
-0.000879136
-0.0202067
6.85808e-07
-0.0197791
6.54188e-07
-0.0192351
6.28854e-07
-0.0185839
5.59615e-07
-0.017835
4.97591e-07
-0.0169983
4.40501e-07
-0.016084
3.8758e-07
-0.0151025
3.35798e-07
-0.0140647
2.78667e-07
-0.0129817
2.05952e-07
-0.0118653
1.04858e-07
-0.0107284
-3.51596e-08
-0.00958523
-2.16869e-07
-0.00845141
-4.268e-07
-0.00734382
-6.3815e-07
-0.00627959
-8.14833e-07
-0.0052749
-9.29614e-07
-0.00434385
-9.76346e-07
-0.00349801
-9.70744e-07
-0.0027471
-9.37645e-07
-0.0020998
-8.97996e-07
-0.0015655
-8.53731e-07
-0.00115491
-7.81493e-07
-0.000879133
-6.31431e-07
-4.94946e-07
-0.020329
-0.0199002
-0.0193541
-0.0187
-0.0179473
-0.0171063
-0.0161869
-0.0151999
-0.014156
-0.0130663
-0.0119427
-0.0107982
-0.00964704
-0.00850502
-0.0073892
-0.00631694
-0.00530465
-0.00436665
-0.00351466
-0.00275849
-0.00210689
-0.0015693
-0.00115649
-0.000879531
)
;

boundaryField
{
    outletCentralUnloaded
    {
        type            calculated;
        value           nonuniform List<scalar> 2(0.00053898 0.00053898);
    }
    inletCentralUnloaded
    {
        type            calculated;
        value           uniform -0.000540134;
    }
    outletFuelElement
    {
        type            calculated;
        value           nonuniform List<scalar> 
12
(
0.0205687
0.0207018
0.0205479
0.020672
0.0206721
0.0205479
0.0207018
0.0205687
0.020672
0.0205479
0.0205479
0.0206721
)
;
    }
    inletFuelElement
    {
        type            calculated;
        value           nonuniform List<scalar> 
12
(
-0.000722059
-0.00072206
-0.000722059
-0.000722059
-0.00072206
-0.000722059
-0.00072206
-0.000722059
-0.000722059
-0.000722059
-0.000722059
-0.00072206
)
;
    }
    defaultFaces
    {
        type            calculated;
        value           nonuniform List<scalar> 
450
(
3.36244e-23
-3.06239e-23
0
2.39326e-23
-6.48785e-24
0
3.47524e-23
6.68504e-24
0
-5.23941e-23
-2.65627e-23
0
-1.00231e-23
-3.93145e-23
0
-3.79469e-23
3.25455e-25
0
-2.72937e-23
-2.48102e-23
0
-3.00826e-23
-2.04781e-23
0
-1.15558e-23
-9.92452e-24
0
-1.96933e-23
-8.60784e-24
0
-1.62392e-23
-2.06719e-24
0
-5.54373e-24
-8.96146e-25
0
6.95591e-24
5.01489e-24
0
1.83946e-23
4.8585e-24
0
3.01997e-23
1.00063e-23
0
4.1997e-23
2.95458e-23
0
3.95616e-23
-1.12437e-23
0
5.45242e-23
4.9542e-23
0
3.11292e-23
-5.19704e-23
0
-1.17045e-23
-2.56178e-23
0
-1.51587e-23
-4.58203e-23
0
2.20411e-23
-1.6116e-23
0
-9.6998e-24
1.01419e-23
0
-2.30221e-23
-3.21295e-24
0
-1.8179e-23
-1.95525e-23
0
2.80794e-23
0
2.40681e-23
0
-8.0227e-24
0
8.0227e-24
0
-4.01135e-24
0
1.2034e-23
0
1.60454e-23
0
8.0227e-24
0
-6.01702e-24
0
6.01702e-24
0
3.00851e-24
0
-1.00284e-24
0
-8.0227e-24
0
-8.0227e-24
0
-3.20908e-23
0
-2.40681e-23
0
4.81362e-23
0
-3.20908e-23
0
0
0
-3.20908e-23
0
-4.01135e-23
0
4.81362e-23
0
1.60454e-23
0
-3.20908e-23
0
-2.40681e-23
0
-1.60454e-23
-8.0227e-24
0
-8.0227e-24
2.40681e-23
-8.0227e-24
-8.0227e-24
-4.01135e-24
8.0227e-24
0
-2.00567e-24
5.01419e-25
4.01135e-24
8.0227e-24
1.60454e-23
0
-3.20908e-23
3.20908e-23
-1.60454e-23
1.60454e-23
1.60454e-23
-3.20908e-23
-1.60454e-23
-8.0227e-24
0
0
0
0
0
0
0
0
0
0
0
0
0
0
0
0
0
0
0
0
0
0
0
0
0
0
-1.40397e-23
8.0227e-24
8.0227e-24
1.60454e-23
2.40681e-23
4.01135e-23
-1.60454e-23
-1.60454e-23
1.2034e-23
-8.0227e-24
-8.0227e-24
-1.60454e-23
-8.0227e-24
-1.2034e-23
-1.2034e-23
-4.01135e-24
1.80511e-23
-8.0227e-24
-8.0227e-24
-6.01702e-24
-2.50709e-24
-1.00284e-24
1.00284e-24
1.75497e-24
8.0227e-24
6.01702e-24
1.60454e-23
8.0227e-24
2.40681e-23
2.00567e-23
2.40681e-23
3.20908e-23
-3.20908e-23
4.81362e-23
1.60454e-23
3.20908e-23
-4.81362e-23
4.81362e-23
-6.41816e-23
-3.20908e-23
-1.60454e-23
-3.20908e-23
-4.81362e-23
4.81362e-23
-8.0227e-24
-1.60454e-23
8.0227e-24
-1.60454e-23
-2.40681e-23
-2.00567e-23
1.01312e-23
0
0
1.67676e-23
0
0
3.00239e-23
0
-4.81362e-23
-6.55802e-23
0
2.40681e-23
2.58186e-23
0
0
-5.34614e-23
0
8.0227e-24
-4.24627e-23
0
1.60454e-23
-4.26119e-23
0
0
-1.64703e-23
0
-1.60454e-23
-2.91096e-23
0
8.0227e-24
-2.0067e-23
0
4.01135e-24
-7.76579e-24
0
2.00567e-24
8.08537e-24
-0
-2.00567e-24
2.69288e-23
-0
-4.01135e-24
5.24865e-23
-0
-8.0227e-24
4.95911e-23
-0
0
3.72936e-23
-0
-1.60454e-23
6.75817e-23
-0
-1.60454e-23
4.48635e-23
-0
-1.60454e-23
-2.43289e-23
-0
1.60454e-23
-1.48021e-23
-0
1.60454e-23
1.98328e-23
-0
1.60454e-23
-3.12412e-23
-0
1.60454e-23
4.89583e-24
-0
1.60454e-23
-1.93097e-23
-0
8.0227e-24
-1.60454e-23
-1.60454e-23
0
-8.0227e-24
1.60454e-23
-8.0227e-24
-8.0227e-24
0
-4.01135e-24
-8.0227e-24
0
0
0
8.0227e-24
1.60454e-23
0
-3.20908e-23
1.60454e-23
-4.81362e-23
1.60454e-23
0
-4.81362e-23
-1.60454e-23
0
-8.0227e-24
2.40681e-23
0
2.40681e-23
0
8.0227e-24
0
1.2034e-23
0
0
0
1.2034e-23
0
1.60454e-23
0
1.2034e-23
0
4.01135e-24
0
1.00284e-23
0
3.50993e-24
0
-2.00567e-24
0
-8.0227e-24
-0
-1.2034e-23
-0
-2.40681e-23
-0
-1.60454e-23
-0
4.81362e-23
-0
-4.81362e-23
-0
4.81362e-23
-0
-4.81362e-23
-0
-3.20908e-23
-0
4.01135e-23
-0
0
-0
-2.40681e-23
-0
-2.00567e-23
-0
-2.60738e-23
0
-1.60454e-23
2.40681e-23
-2.40681e-23
2.40681e-23
-1.60454e-23
-4.01135e-23
0
1.60454e-23
-8.0227e-24
-3.20908e-23
-4.01135e-24
-2.80794e-23
-8.0227e-24
-2.40681e-23
-2.00567e-24
-1.60454e-23
-4.01135e-24
-1.2034e-23
-3.00851e-24
-6.01702e-24
1.00284e-24
5.01419e-24
4.01135e-24
1.80511e-23
4.01135e-24
3.61021e-23
8.0227e-24
4.81362e-23
2.40681e-23
8.0227e-23
0
6.41816e-23
1.60454e-23
8.0227e-23
-1.60454e-23
5.61589e-23
0
-2.40681e-23
0
-4.01135e-23
0
4.81362e-23
1.60454e-23
-2.40681e-23
0
-2.80794e-23
0
-1.2034e-23
-0
-0
-0
-0
-0
-0
-0
-0
-0
-0
-0
0
0
0
0
0
0
0
0
0
0
0
0
0
0
)
;
    }
    baffle_master
    {
        type            calculated;
        value           nonuniform List<scalar> 
150
(
-1.64362e-30
0
1.14467e-29
1.24698e-30
0
0
5.11419e-30
0
0
-3.84852e-30
0
-2.28934e-29
1.15732e-28
0
9.15735e-29
-5.72326e-30
0
0
9.05005e-30
0
1.14467e-29
4.83396e-30
0
-5.72334e-30
-1.37652e-30
0
0
1.32206e-29
0
0
1.15337e-29
0
4.57867e-29
-1.80154e-29
0
0
1.69659e-30
0
4.57867e-29
5.02629e-30
0
1.14467e-29
-5.27913e-30
0
-1.14467e-29
2.85053e-29
0
0
-3.08685e-28
0
-2.28934e-28
1.91465e-30
0
4.57867e-29
-1.56055e-28
0
-1.3736e-28
2.87176e-30
0
0
-1.46705e-29
0
-2.28934e-29
-1.55701e-28
0
-9.15735e-29
2.26869e-30
0
0
1.22142e-29
0
2.28934e-29
7.456e-30
0
0
1.14467e-29
-2.59047e-29
0
0
-1.19701e-29
0
0
1.82635e-29
-0
-2.28934e-29
6.4203e-29
-0
-4.57867e-29
-7.33776e-29
-0
-2.28934e-29
7.35953e-29
-0
0
3.29443e-29
-0
1.14467e-29
-7.30783e-30
0
-2.28934e-29
-3.74629e-29
0
4.57867e-29
-4.94449e-29
0
4.57867e-29
-1.17052e-28
0
4.57867e-29
-4.544e-29
0
0
-4.86567e-29
0
1.14467e-29
-1.89814e-29
0
-1.14467e-29
3.02636e-29
-0
0
8.60517e-29
-0
9.15735e-29
1.02818e-28
-0
-4.57867e-29
8.3299e-29
-0
9.15735e-29
2.35824e-30
-0
-1.14467e-29
-1.21131e-29
-0
4.57867e-29
5.24548e-29
0
-9.15735e-29
1.47803e-28
0
-9.15735e-29
-8.43815e-29
0
0
3.26703e-29
0
1.14467e-29
-1.41725e-29
-0
)
;
    }
    baffle_slave
    {
        type            calculated;
        value           nonuniform List<scalar> 
150
(
-4.26206e-24
-0
-1.60454e-23
8.13238e-24
-0
-8.0227e-24
-6.26773e-26
-0
0
8.46144e-25
-0
-8.0227e-24
-3.00538e-23
-0
-8.0227e-24
2.00567e-24
-0
0
4.38741e-25
-0
0
2.50709e-24
-0
-8.0227e-24
6.26773e-25
-0
0
1.31622e-24
-0
0
-3.76064e-25
-0
-4.01135e-24
6.26773e-25
0
5.01419e-25
1.25355e-25
0
0
1.50426e-24
0
-8.0227e-24
2.50709e-25
0
0
0
0
0
-4.61305e-23
0
-6.41816e-23
-5.01419e-24
0
0
-4.11163e-23
0
-3.20908e-23
5.01419e-24
0
0
-8.0227e-24
0
0
2.30653e-23
0
3.20908e-23
-2.00567e-24
0
1.60454e-23
-4.01135e-24
0
-1.60454e-23
-1.00284e-24
0
-1.60454e-23
7.30985e-25
3.7481e-23
0
-9.30714e-26
1.7769e-23
0
-7.36822e-25
1.92576e-23
0
-7.83205e-24
2.10126e-23
0
6.80115e-24
-2.30653e-23
0
3.26384e-24
1.29115e-23
0
1.23188e-24
1.08824e-23
0
3.1162e-24
1.16188e-23
0
6.10535e-24
1.07962e-23
0
-4.94001e-24
9.29583e-24
0
7.7328e-25
8.34465e-24
0
-4.5256e-26
3.75868e-24
0
2.26507e-24
-8.97069e-25
0
6.8401e-24
-5.24923e-24
0
7.40909e-24
-1.00911e-23
0
1.09431e-23
-1.88659e-23
0
-3.50899e-23
-2.03075e-23
0
9.16768e-24
-1.67975e-23
0
-2.22811e-23
-5.2649e-24
0
1.36613e-24
1.05298e-23
0
1.87235e-23
2.00567e-23
0
-3.3632e-23
2.60738e-23
0
-3.19734e-23
-2.00567e-23
0
1.18416e-23
1.40397e-23
0
-2.56186e-24
1.40397e-23
0
)
;
    }
}


// ************************************************************************* //
