/*--------------------------------*- C++ -*----------------------------------*\
| =========                 |                                                 |
| \\      /  F ield         | OpenFOAM: The Open Source CFD Toolbox           |
|  \\    /   O peration     | Version:  2212                                  |
|   \\  /    A nd           | Website:  www.openfoam.com                      |
|    \\/     M anipulation  |                                                 |
\*---------------------------------------------------------------------------*/
FoamFile
{
    version     2.0;
    format      ascii;
    arch        "LSB;label=32;scalar=64";
    class       volScalarField;
    location    "60/fluidRegion";
    object      deltaT;
}
// * * * * * * * * * * * * * * * * * * * * * * * * * * * * * * * * * * * * * //

dimensions      [0 0 0 1 0 0 0];

internalField   nonuniform List<scalar> 
350
(
0
0
0
0
0
0
0
0
0
0
0
0
0
0
0
0
0
0
0
0
0
0
0
0
0
0
0
0
0
0
0
0
0
0
0
0
0
0
0
0
0
0
0
0
0
0
0
0
0
0
16.4723
49.4138
82.0916
114.456
146.446
178.006
209.083
239.627
269.586
298.895
327.453
355.094
381.552
406.427
429.183
449.158
465.571
477.453
483.392
481.011
466.007
430.754
363.122
249.668
91.1203
16.606
49.8167
82.7576
115.38
147.623
179.431
210.751
241.535
271.735
301.29
330.107
358.027
384.787
409.988
433.077
453.371
470.068
482.18
488.295
486.032
471.06
435.657
367.465
252.727
92.2003
16.4508
49.3501
81.9859
114.309
146.259
177.779
208.817
239.322
269.243
298.512
327.028
354.625
381.034
405.859
428.563
448.49
464.862
476.711
482.628
480.236
465.237
430.019
362.485
249.225
90.9568
16.5749
49.7228
82.6025
115.165
147.349
179.1
210.363
241.092
271.236
300.735
329.493
357.349
384.04
409.166
432.178
452.399
469.029
481.088
487.162
484.872
469.892
434.522
366.458
252.016
91.9504
16.5749
49.7228
82.6025
115.165
147.349
179.1
210.363
241.092
271.236
300.735
329.493
357.349
384.04
409.166
432.178
452.399
469.029
481.088
487.162
484.872
469.892
434.523
366.458
252.016
91.9504
16.4508
49.3501
81.9859
114.309
146.259
177.779
208.817
239.322
269.243
298.512
327.028
354.625
381.034
405.859
428.563
448.49
464.862
476.711
482.628
480.236
465.237
430.02
362.485
249.225
90.9569
16.606
49.8167
82.7576
115.38
147.623
179.431
210.751
241.535
271.735
301.29
330.107
358.027
384.787
409.988
433.077
453.371
470.068
482.18
488.295
486.032
471.06
435.657
367.465
252.727
92.2003
16.4723
49.4138
82.0916
114.456
146.446
178.006
209.083
239.627
269.586
298.895
327.453
355.094
381.552
406.427
429.183
449.158
465.571
477.453
483.392
481.011
466.007
430.754
363.123
249.668
91.1203
16.5749
49.7228
82.6025
115.165
147.349
179.1
210.363
241.092
271.236
300.735
329.493
357.349
384.04
409.166
432.178
452.399
469.029
481.088
487.162
484.872
469.892
434.523
366.458
252.016
91.9504
16.4508
49.3501
81.986
114.309
146.259
177.779
208.817
239.322
269.243
298.512
327.028
354.625
381.034
405.859
428.563
448.49
464.862
476.711
482.628
480.236
465.237
430.019
362.485
249.224
90.9568
16.4508
49.3501
81.9859
114.309
146.259
177.779
208.817
239.322
269.243
298.512
327.028
354.625
381.034
405.859
428.563
448.49
464.862
476.711
482.628
480.236
465.237
430.02
362.485
249.225
90.9569
16.5749
49.7228
82.6025
115.165
147.349
179.1
210.363
241.092
271.236
300.735
329.493
357.349
384.04
409.166
432.178
452.399
469.029
481.088
487.162
484.872
469.892
434.523
366.458
252.016
91.9504
)
;

boundaryField
{
    outletCentralUnloaded
    {
        type            calculated;
        value           uniform 0;
    }
    inletCentralUnloaded
    {
        type            calculated;
        value           uniform 0;
    }
    outletFuelElement
    {
        type            calculated;
        value           uniform 0;
    }
    inletFuelElement
    {
        type            calculated;
        value           uniform 616.7;
    }
    defaultFaces
    {
        type            calculated;
        value           nonuniform List<scalar> 
450
(
0
0
0
0
0
0
0
0
0
0
0
0
0
0
0
0
0
0
0
0
0
0
0
0
0
0
0
0
0
0
0
0
0
0
0
0
0
0
0
0
0
0
0
0
0
0
0
0
92.6771
92.6771
92.6771
192.609
192.609
192.609
285.05
285.05
285.05
368.562
368.562
368.562
441.887
441.887
441.887
503.84
503.84
503.84
553.198
553.198
553.198
588.791
588.791
588.791
609.914
609.914
609.914
0
0
0
0
0
0
0
0
0
0
0
0
0
0
0
0
0
0
0
0
0
0
0
0
0
0
0
0
0
0
0
0
94.085
94.085
193.718
193.718
285.888
285.888
369.165
369.165
442.292
442.292
504.088
504.088
553.329
553.329
588.844
588.844
609.927
609.927
0
0
0
0
0
0
0
0
0
0
0
0
0
0
0
0
85.4896
186.913
280.712
365.418
439.755
502.528
552.505
588.512
609.855
0
0
0
0
0
0
0
0
0
0
0
0
0
0
0
0
85.4896
186.913
280.712
365.418
439.755
502.528
552.505
588.512
609.855
0
0
0
0
0
0
0
0
0
0
0
0
0
0
0
0
0
0
0
0
0
0
0
0
0
0
0
0
0
0
0
0
94.0841
94.0841
193.717
193.717
285.888
285.888
369.164
369.164
442.292
442.292
504.087
504.087
553.328
553.328
588.844
588.844
609.927
609.927
0
0
0
0
0
0
0
0
0
0
0
0
0
0
0
0
0
0
0
0
0
0
0
0
0
0
0
0
0
0
0
0
0
0
0
0
0
0
0
0
0
0
0
0
0
0
0
0
92.6772
92.6772
92.6772
192.609
192.609
192.609
285.05
285.05
285.05
368.562
368.562
368.562
441.887
441.887
441.887
503.84
503.84
503.84
553.198
553.198
553.198
588.791
588.791
588.791
609.914
609.914
609.914
0
0
0
0
0
0
0
0
0
0
0
0
0
0
0
0
85.4896
186.913
280.712
365.418
439.755
502.528
552.505
588.512
609.855
0
0
0
0
0
0
0
0
0
0
0
0
0
0
0
0
0
0
0
0
0
0
0
0
0
0
0
0
0
0
0
0
94.0849
94.0849
193.718
193.718
285.888
285.888
369.165
369.165
442.292
442.292
504.088
504.088
553.328
553.328
588.844
588.844
609.927
609.927
0
0
0
0
0
0
0
0
0
0
0
0
0
0
0
0
0
0
0
0
0
0
0
0
0
0
0
0
0
0
0
0
94.0842
94.0842
193.717
193.717
285.888
285.888
369.164
369.164
442.292
442.292
504.087
504.087
553.328
553.328
588.844
588.844
609.927
609.927
0
0
0
0
0
0
0
0
0
0
0
0
0
0
0
0
85.4896
186.913
280.712
365.418
439.755
502.528
552.505
588.512
609.855
)
;
    }
    baffle_master
    {
        type            calculated;
        value           uniform 0;
    }
    baffle_slave
    {
        type            calculated;
        value           nonuniform List<scalar> 
150
(
0
0
0
0
0
0
0
0
0
0
0
0
0
0
0
0
0
0
0
0
0
0
0
0
0
0
0
0
0
0
0
0
0
0
0
0
0
0
0
0
0
0
0
0
0
0
0
0
83.3292
85.4896
85.4896
185.199
186.913
186.913
279.405
280.712
280.712
364.47
365.418
365.418
439.111
439.755
439.755
502.131
502.528
502.528
552.295
552.505
552.505
588.427
588.512
588.512
609.837
609.855
609.855
0
0
0
0
0
0
0
0
0
0
0
0
0
0
0
0
0
0
0
0
0
0
0
0
0
0
0
0
0
0
0
0
0
0
0
0
0
0
0
0
0
0
0
0
0
0
0
0
85.4896
83.3292
85.4896
186.913
185.199
186.913
280.712
279.405
280.712
365.418
364.47
365.418
439.755
439.111
439.755
502.528
502.131
502.528
552.505
552.295
552.505
588.512
588.427
588.512
609.855
609.837
609.855
)
;
    }
}


// ************************************************************************* //
