/*--------------------------------*- C++ -*----------------------------------*\
| =========                 |                                                 |
| \\      /  F ield         | OpenFOAM: The Open Source CFD Toolbox           |
|  \\    /   O peration     | Version:  2212                                  |
|   \\  /    A nd           | Website:  www.openfoam.com                      |
|    \\/     M anipulation  |                                                 |
\*---------------------------------------------------------------------------*/
FoamFile
{
    version     2.0;
    format      ascii;
    arch        "LSB;label=32;scalar=64";
    class       volScalarField;
    location    "60/fluidRegion";
    object      epsilon;
}
// * * * * * * * * * * * * * * * * * * * * * * * * * * * * * * * * * * * * * //

dimensions      [0 2 -3 0 0 0 0];

internalField   nonuniform List<scalar> 
350
(
66.9843
66.9677
66.9512
66.9346
66.918
66.9016
66.8852
66.869
66.853
66.8372
66.8218
66.8067
66.7924
66.7792
66.7676
66.7584
66.7529
66.7529
66.7613
66.7826
66.8238
66.8956
67.0144
67.2052
67.506
66.9843
66.9677
66.9512
66.9346
66.918
66.9016
66.8852
66.869
66.853
66.8372
66.8218
66.8067
66.7924
66.7792
66.7676
66.7584
66.7529
66.7529
66.7613
66.7826
66.8238
66.8956
67.0144
67.2052
67.506
7.65246e+06
7.04221e+06
6.36674e+06
5.64725e+06
4.91159e+06
4.18533e+06
3.4906e+06
2.84546e+06
2.2634e+06
1.75327e+06
1.31941e+06
961943
677337
459036
298288
185084
109147
60848.8
31881.2
15616.8
7151.46
3117.32
1385.75
735.66
547.119
7.81814e+06
7.19614e+06
6.50756e+06
5.77351e+06
5.02254e+06
4.28078e+06
3.57092e+06
2.91144e+06
2.31623e+06
1.79438e+06
1.35039e+06
984476
693075
469538
304946
189068
111382
62012.4
32436.5
15855.2
7241.08
3145.68
1392.93
737.104
547.543
7.62536e+06
7.01696e+06
6.34375e+06
5.62671e+06
4.89361e+06
4.16992e+06
3.47768e+06
2.83488e+06
2.25496e+06
1.74673e+06
1.3145e+06
958382
674856
457384
297242
184458
108795
60664.7
31792.5
15578
7136.23
3112.04
1384.12
735.168
546.943
7.78144e+06
7.16198e+06
6.47622e+06
5.74535e+06
4.99774e+06
4.25939e+06
3.55288e+06
2.89659e+06
2.30431e+06
1.78509e+06
1.34338e+06
979362
689496
467146
303427
188158
110871
61746.2
32309.4
15800.7
7220.65
3139.26
1391.34
736.806
547.464
7.78144e+06
7.16198e+06
6.47622e+06
5.74535e+06
4.99774e+06
4.25939e+06
3.55288e+06
2.89659e+06
2.30431e+06
1.78509e+06
1.34338e+06
979363
689496
467146
303427
188158
110871
61746.2
32309.5
15800.7
7220.65
3139.26
1391.34
736.805
547.463
7.62537e+06
7.01697e+06
6.34376e+06
5.62672e+06
4.89362e+06
4.16992e+06
3.47769e+06
2.83489e+06
2.25497e+06
1.74674e+06
1.3145e+06
958384
674857
457385
297243
184458
108796
60664.9
31792.5
15578
7136.24
3112.04
1384.12
735.167
546.942
7.81814e+06
7.19614e+06
6.50756e+06
5.77351e+06
5.02254e+06
4.28078e+06
3.57092e+06
2.91144e+06
2.31623e+06
1.79438e+06
1.35039e+06
984476
693075
469538
304946
189068
111382
62012.4
32436.5
15855.3
7241.08
3145.68
1392.93
737.104
547.543
7.65246e+06
7.04221e+06
6.36674e+06
5.64725e+06
4.91159e+06
4.18533e+06
3.4906e+06
2.84546e+06
2.2634e+06
1.75327e+06
1.31941e+06
961943
677337
459036
298288
185084
109147
60848.8
31881.2
15616.9
7151.48
3117.33
1385.76
735.664
547.122
7.78144e+06
7.16198e+06
6.47622e+06
5.74535e+06
4.99774e+06
4.25939e+06
3.55288e+06
2.89659e+06
2.30431e+06
1.78509e+06
1.34338e+06
979363
689496
467146
303427
188158
110871
61746.2
32309.4
15800.7
7220.65
3139.26
1391.34
736.807
547.465
7.62536e+06
7.01697e+06
6.34375e+06
5.62671e+06
4.89362e+06
4.16992e+06
3.47768e+06
2.83488e+06
2.25496e+06
1.74673e+06
1.3145e+06
958382
674856
457384
297242
184458
108795
60664.7
31792.4
15577.9
7136.2
3112.03
1384.11
735.162
546.938
7.62537e+06
7.01698e+06
6.34376e+06
5.62672e+06
4.89362e+06
4.16992e+06
3.47769e+06
2.83489e+06
2.25497e+06
1.74674e+06
1.3145e+06
958384
674857
457385
297243
184458
108796
60664.9
31792.5
15578
7136.24
3112.04
1384.11
735.166
546.941
7.78144e+06
7.16198e+06
6.47622e+06
5.74535e+06
4.99774e+06
4.25939e+06
3.55288e+06
2.89659e+06
2.30431e+06
1.78509e+06
1.34338e+06
979363
689496
467146
303427
188158
110871
61746.2
32309.5
15800.8
7220.67
3139.27
1391.35
736.812
547.468
)
;

boundaryField
{
    outletCentralUnloaded
    {
        type            zeroGradient;
    }
    inletCentralUnloaded
    {
        type            zeroGradient;
    }
    outletFuelElement
    {
        type            zeroGradient;
    }
    inletFuelElement
    {
        type            zeroGradient;
    }
    defaultFaces
    {
        type            zeroGradient;
    }
    baffle_master
    {
        type            zeroGradient;
    }
    baffle_slave
    {
        type            zeroGradient;
    }
}


// ************************************************************************* //
