/*--------------------------------*- C++ -*----------------------------------*\
| =========                 |                                                 |
| \\      /  F ield         | OpenFOAM: The Open Source CFD Toolbox           |
|  \\    /   O peration     | Version:  2212                                  |
|   \\  /    A nd           | Website:  www.openfoam.com                      |
|    \\/     M anipulation  |                                                 |
\*---------------------------------------------------------------------------*/
FoamFile
{
    version     2.0;
    format      ascii;
    arch        "LSB;label=32;scalar=64";
    class       volScalarField;
    location    "60/fluidRegion";
    object      hdeltaT;
}
// * * * * * * * * * * * * * * * * * * * * * * * * * * * * * * * * * * * * * //

dimensions      [1 0 -3 0 0 0 0];

internalField   nonuniform List<scalar> 
350
(
0
0
0
0
0
0
0
0
0
0
0
0
0
0
0
0
0
0
0
0
0
0
0
0
0
0
0
0
0
0
0
0
0
0
0
0
0
0
0
0
0
0
0
0
0
0
0
0
0
0
448954
1.34276e+06
2.21536e+06
3.053e+06
3.84248e+06
4.57133e+06
5.22808e+06
5.80236e+06
6.28512e+06
6.66874e+06
6.94718e+06
7.11604e+06
7.17267e+06
7.11617e+06
6.94744e+06
6.66913e+06
6.28563e+06
5.803e+06
5.22881e+06
4.57219e+06
3.84343e+06
3.05408e+06
2.21651e+06
1.34404e+06
450505
454077
1.35812e+06
2.24071e+06
3.08795e+06
3.88647e+06
4.62368e+06
5.28795e+06
5.86881e+06
6.3571e+06
6.74512e+06
7.02675e+06
7.19755e+06
7.25483e+06
7.19768e+06
7.02701e+06
6.74552e+06
6.35763e+06
5.86946e+06
5.2887e+06
4.62456e+06
3.88745e+06
3.08906e+06
2.2419e+06
1.35944e+06
455664
448139
1.34031e+06
2.21132e+06
3.04743e+06
3.83547e+06
4.563e+06
5.21855e+06
5.79178e+06
6.27365e+06
6.65658e+06
6.93451e+06
7.10307e+06
7.15959e+06
7.1032e+06
6.93477e+06
6.65696e+06
6.27417e+06
5.79241e+06
5.21927e+06
4.56385e+06
3.83642e+06
3.04851e+06
2.21247e+06
1.34159e+06
449684
452897
1.35458e+06
2.23488e+06
3.07991e+06
3.87635e+06
4.61163e+06
5.27417e+06
5.85351e+06
6.34053e+06
6.72754e+06
7.00843e+06
7.17879e+06
7.23592e+06
7.17892e+06
7.0087e+06
6.72793e+06
6.34105e+06
5.85416e+06
5.27491e+06
4.61251e+06
3.87732e+06
3.08101e+06
2.23606e+06
1.35589e+06
454476
452897
1.35458e+06
2.23488e+06
3.07991e+06
3.87635e+06
4.61163e+06
5.27417e+06
5.85351e+06
6.34053e+06
6.72754e+06
7.00843e+06
7.17879e+06
7.23592e+06
7.17892e+06
7.0087e+06
6.72793e+06
6.34105e+06
5.85416e+06
5.27491e+06
4.6125e+06
3.87732e+06
3.08101e+06
2.23606e+06
1.35589e+06
454476
448139
1.34031e+06
2.21132e+06
3.04743e+06
3.83547e+06
4.563e+06
5.21855e+06
5.79178e+06
6.27365e+06
6.65658e+06
6.93451e+06
7.10307e+06
7.15959e+06
7.1032e+06
6.93477e+06
6.65697e+06
6.27417e+06
5.79241e+06
5.21927e+06
4.56385e+06
3.83642e+06
3.04851e+06
2.21247e+06
1.34159e+06
449684
454077
1.35812e+06
2.24072e+06
3.08795e+06
3.88647e+06
4.62368e+06
5.28795e+06
5.86881e+06
6.3571e+06
6.74512e+06
7.02675e+06
7.19755e+06
7.25483e+06
7.19768e+06
7.02701e+06
6.74552e+06
6.35763e+06
5.86946e+06
5.2887e+06
4.62456e+06
3.88745e+06
3.08906e+06
2.2419e+06
1.35944e+06
455664
448954
1.34275e+06
2.21536e+06
3.053e+06
3.84248e+06
4.57133e+06
5.22808e+06
5.80236e+06
6.28512e+06
6.66874e+06
6.94718e+06
7.11604e+06
7.17267e+06
7.11617e+06
6.94744e+06
6.66913e+06
6.28563e+06
5.80299e+06
5.2288e+06
4.57219e+06
3.84343e+06
3.05408e+06
2.21651e+06
1.34404e+06
450505
452897
1.35458e+06
2.23488e+06
3.07991e+06
3.87635e+06
4.61163e+06
5.27417e+06
5.85351e+06
6.34053e+06
6.72754e+06
7.00843e+06
7.17879e+06
7.23592e+06
7.17892e+06
7.0087e+06
6.72793e+06
6.34105e+06
5.85416e+06
5.27491e+06
4.61251e+06
3.87732e+06
3.08101e+06
2.23606e+06
1.35589e+06
454476
448139
1.34031e+06
2.21132e+06
3.04743e+06
3.83547e+06
4.563e+06
5.21855e+06
5.79178e+06
6.27365e+06
6.65658e+06
6.93451e+06
7.10307e+06
7.15959e+06
7.1032e+06
6.93477e+06
6.65696e+06
6.27417e+06
5.79241e+06
5.21927e+06
4.56385e+06
3.83642e+06
3.04851e+06
2.21247e+06
1.34159e+06
449684
448139
1.34031e+06
2.21132e+06
3.04743e+06
3.83547e+06
4.563e+06
5.21855e+06
5.79178e+06
6.27365e+06
6.65658e+06
6.93451e+06
7.10307e+06
7.15959e+06
7.1032e+06
6.93477e+06
6.65696e+06
6.27417e+06
5.79241e+06
5.21927e+06
4.56385e+06
3.83642e+06
3.04851e+06
2.21247e+06
1.34159e+06
449684
452897
1.35458e+06
2.23488e+06
3.07991e+06
3.87635e+06
4.61163e+06
5.27417e+06
5.85351e+06
6.34053e+06
6.72754e+06
7.00843e+06
7.17879e+06
7.23592e+06
7.17892e+06
7.0087e+06
6.72793e+06
6.34105e+06
5.85416e+06
5.27491e+06
4.6125e+06
3.87732e+06
3.08101e+06
2.23606e+06
1.35589e+06
454476
)
;

boundaryField
{
    outletCentralUnloaded
    {
        type            calculated;
        value           uniform 0;
    }
    inletCentralUnloaded
    {
        type            calculated;
        value           uniform 0;
    }
    outletFuelElement
    {
        type            calculated;
        value           uniform 0;
    }
    inletFuelElement
    {
        type            calculated;
        value           nonuniform List<scalar> 
12
(
3.04901e+06
3.0478e+06
3.04892e+06
3.04812e+06
3.04812e+06
3.04892e+06
3.0478e+06
3.04901e+06
3.04812e+06
3.04892e+06
3.04892e+06
3.04812e+06
)
;
    }
    defaultFaces
    {
        type            calculated;
        value           nonuniform List<scalar> 
450
(
0
0
0
0
0
0
0
0
0
0
0
0
0
0
0
0
0
0
0
0
0
0
0
0
0
0
0
0
0
0
0
0
0
0
0
0
0
0
0
0
0
0
0
0
0
0
0
0
1.25122e+06
1.25122e+06
1.25122e+06
2.34099e+06
2.34099e+06
2.34099e+06
3.08336e+06
3.08336e+06
3.08336e+06
3.50332e+06
3.50332e+06
3.50332e+06
3.64449e+06
3.64449e+06
3.64449e+06
3.57227e+06
3.57227e+06
3.57227e+06
3.37675e+06
3.37675e+06
3.37675e+06
3.16966e+06
3.16966e+06
3.16966e+06
3.01546e+06
3.01546e+06
3.01546e+06
0
0
0
0
0
0
0
0
0
0
0
0
0
0
0
0
0
0
0
0
0
0
0
0
0
0
0
0
0
0
0
0
1.26985e+06
1.26985e+06
2.35382e+06
2.35382e+06
3.09167e+06
3.09167e+06
3.5083e+06
3.5083e+06
3.64721e+06
3.64721e+06
3.5736e+06
3.5736e+06
3.37731e+06
3.37731e+06
3.16979e+06
3.16979e+06
3.01543e+06
3.01543e+06
0
0
0
0
0
0
0
0
0
0
0
0
0
0
0
0
1.15578e+06
2.27447e+06
3.03951e+06
3.47617e+06
3.62864e+06
3.5632e+06
3.37128e+06
3.1663e+06
3.01428e+06
0
0
0
0
0
0
0
0
0
0
0
0
0
0
0
0
1.15578e+06
2.27447e+06
3.03951e+06
3.47617e+06
3.62864e+06
3.5632e+06
3.37128e+06
3.1663e+06
3.01428e+06
0
0
0
0
0
0
0
0
0
0
0
0
0
0
0
0
0
0
0
0
0
0
0
0
0
0
0
0
0
0
0
0
1.26984e+06
1.26984e+06
2.35381e+06
2.35381e+06
3.09166e+06
3.09166e+06
3.50829e+06
3.50829e+06
3.64721e+06
3.64721e+06
3.57359e+06
3.57359e+06
3.3773e+06
3.3773e+06
3.16978e+06
3.16978e+06
3.01543e+06
3.01543e+06
0
0
0
0
0
0
0
0
0
0
0
0
0
0
0
0
0
0
0
0
0
0
0
0
0
0
0
0
0
0
0
0
0
0
0
0
0
0
0
0
0
0
0
0
0
0
0
0
1.25123e+06
1.25123e+06
1.25123e+06
2.34099e+06
2.34099e+06
2.34099e+06
3.08336e+06
3.08336e+06
3.08336e+06
3.50332e+06
3.50332e+06
3.50332e+06
3.64449e+06
3.64449e+06
3.64449e+06
3.57226e+06
3.57226e+06
3.57226e+06
3.37675e+06
3.37675e+06
3.37675e+06
3.16966e+06
3.16966e+06
3.16966e+06
3.01546e+06
3.01546e+06
3.01546e+06
0
0
0
0
0
0
0
0
0
0
0
0
0
0
0
0
1.15578e+06
2.27447e+06
3.03951e+06
3.47617e+06
3.62864e+06
3.5632e+06
3.37128e+06
3.1663e+06
3.01428e+06
0
0
0
0
0
0
0
0
0
0
0
0
0
0
0
0
0
0
0
0
0
0
0
0
0
0
0
0
0
0
0
0
1.26985e+06
1.26985e+06
2.35382e+06
2.35382e+06
3.09167e+06
3.09167e+06
3.5083e+06
3.5083e+06
3.64721e+06
3.64721e+06
3.5736e+06
3.5736e+06
3.37731e+06
3.37731e+06
3.16979e+06
3.16979e+06
3.01544e+06
3.01544e+06
0
0
0
0
0
0
0
0
0
0
0
0
0
0
0
0
0
0
0
0
0
0
0
0
0
0
0
0
0
0
0
0
1.26984e+06
1.26984e+06
2.35381e+06
2.35381e+06
3.09167e+06
3.09167e+06
3.50829e+06
3.50829e+06
3.64721e+06
3.64721e+06
3.57359e+06
3.57359e+06
3.3773e+06
3.3773e+06
3.16978e+06
3.16978e+06
3.01543e+06
3.01543e+06
0
0
0
0
0
0
0
0
0
0
0
0
0
0
0
0
1.15578e+06
2.27447e+06
3.03951e+06
3.47616e+06
3.62864e+06
3.5632e+06
3.37128e+06
3.1663e+06
3.01428e+06
)
;
    }
    baffle_master
    {
        type            calculated;
        value           uniform 0;
    }
    baffle_slave
    {
        type            calculated;
        value           nonuniform List<scalar> 
150
(
0
0
0
0
0
0
0
0
0
0
0
0
0
0
0
0
0
0
0
0
0
0
0
0
0
0
0
0
0
0
0
0
0
0
0
0
0
0
0
0
0
0
0
0
0
0
0
0
1.12702e+06
1.15578e+06
1.15578e+06
2.25438e+06
2.27447e+06
2.27447e+06
3.02623e+06
3.03951e+06
3.03951e+06
3.46791e+06
3.47617e+06
3.47616e+06
3.62379e+06
3.62864e+06
3.62864e+06
3.5604e+06
3.5632e+06
3.5632e+06
3.36955e+06
3.37128e+06
3.37128e+06
3.1652e+06
3.1663e+06
3.1663e+06
3.01388e+06
3.01428e+06
3.01428e+06
0
0
0
0
0
0
0
0
0
0
0
0
0
0
0
0
0
0
0
0
0
0
0
0
0
0
0
0
0
0
0
0
0
0
0
0
0
0
0
0
0
0
0
0
0
0
0
0
1.15578e+06
1.12702e+06
1.15578e+06
2.27447e+06
2.25438e+06
2.27447e+06
3.03951e+06
3.02623e+06
3.03951e+06
3.47617e+06
3.46791e+06
3.47617e+06
3.62864e+06
3.62379e+06
3.62864e+06
3.5632e+06
3.5604e+06
3.5632e+06
3.37128e+06
3.36955e+06
3.37128e+06
3.1663e+06
3.1652e+06
3.1663e+06
3.01428e+06
3.01388e+06
3.01428e+06
)
;
    }
}


// ************************************************************************* //
