/*--------------------------------*- C++ -*----------------------------------*\
| =========                 |                                                 |
| \\      /  F ield         | OpenFOAM: The Open Source CFD Toolbox           |
|  \\    /   O peration     | Version:  2212                                  |
|   \\  /    A nd           | Website:  www.openfoam.com                      |
|    \\/     M anipulation  |                                                 |
\*---------------------------------------------------------------------------*/
FoamFile
{
    version     2.0;
    format      ascii;
    arch        "LSB;label=32;scalar=64";
    class       volScalarField;
    location    "60/fluidRegion";
    object      htc;
}
// * * * * * * * * * * * * * * * * * * * * * * * * * * * * * * * * * * * * * //

dimensions      [1 0 -3 -1 0 0 0];

internalField   nonuniform List<scalar> 
350
(
3101.23
3101.28
3101.35
3101.43
3101.49
3101.53
3101.56
3101.58
3101.6
3101.61
3101.62
3101.61
3101.6
3101.6
3101.6
3101.6
3101.61
3101.6
3101.59
3101.57
3101.56
3101.57
3101.61
3101.67
3106.89
3101.23
3101.28
3101.35
3101.43
3101.49
3101.53
3101.56
3101.58
3101.6
3101.61
3101.62
3101.61
3101.6
3101.6
3101.6
3101.6
3101.61
3101.6
3101.59
3101.57
3101.56
3101.57
3101.61
3101.67
3106.89
27255.1
27173.7
26986.4
26674.1
26238.2
25680.8
25004.9
24214.2
23314
22311.3
21215.8
20039.9
18798.7
17509.1
16187.6
14848.1
13500.9
12154.1
10816.9
9505.37
8247.57
7090.07
6104.04
5383.33
4944.07
27344.1
27262.3
27075.6
26763.4
26327
25768.6
25091
24298
23394.5
22387.5
21286.3
20103.4
18854.1
17555.9
16225.8
14878.6
13524.9
12172.8
10831
9514.93
8252.56
7090.58
6101
5379.08
4942.1
27241.1
27159.2
26971.9
26659.7
26223.9
25666.7
24991
24200.8
23301.1
22299.2
21204.6
20029.8
18789.9
17501.7
16181.4
14843.1
13496.8
12150.8
10814.3
9503.35
8246.17
7089.24
6103.63
5383.07
4943.93
27324.4
27242.6
27055.8
26743.5
26307.2
25749
25071.7
24279.2
23376.4
22370.3
21270.4
20089
18841.6
17545.3
16217.2
14871.7
13519.5
12168.6
10827.8
9512.83
8251.51
7090.56
6101.81
5380.18
4942.62
27324.4
27242.6
27055.8
26743.5
26307.2
25749
25071.7
24279.2
23376.4
22370.3
21270.4
20089
18841.6
17545.3
16217.2
14871.7
13519.5
12168.6
10827.8
9512.83
8251.51
7090.56
6101.81
5380.18
4942.62
27241.1
27159.2
26971.9
26659.7
26223.9
25666.7
24991
24200.8
23301.1
22299.2
21204.6
20029.8
18789.9
17501.7
16181.4
14843.1
13496.8
12150.8
10814.3
9503.34
8246.16
7089.23
6103.62
5383.06
4943.92
27344.1
27262.3
27075.6
26763.4
26327
25768.6
25091
24298
23394.5
22387.5
21286.3
20103.4
18854.1
17555.9
16225.8
14878.6
13524.9
12172.8
10831
9514.93
8252.56
7090.58
6101
5379.08
4942.1
27255.1
27173.7
26986.4
26674.1
26238.2
25680.8
25004.9
24214.2
23314
22311.3
21215.8
20039.9
18798.7
17509.1
16187.6
14848.1
13500.9
12154.1
10816.9
9505.37
8247.57
7090.07
6104.04
5383.33
4944.07
27324.4
27242.6
27055.8
26743.5
26307.2
25749
25071.7
24279.2
23376.4
22370.3
21270.4
20089
18841.6
17545.3
16217.2
14871.7
13519.5
12168.6
10827.8
9512.83
8251.51
7090.56
6101.81
5380.18
4942.63
27241.1
27159.2
26971.9
26659.7
26223.9
25666.7
24991
24200.8
23301.1
22299.2
21204.6
20029.8
18789.9
17501.7
16181.4
14843.1
13496.8
12150.8
10814.3
9503.35
8246.17
7089.24
6103.63
5383.07
4943.93
27241.1
27159.2
26971.9
26659.7
26223.9
25666.7
24991
24200.8
23301.1
22299.2
21204.6
20029.8
18789.9
17501.7
16181.4
14843.1
13496.8
12150.8
10814.3
9503.34
8246.16
7089.23
6103.62
5383.06
4943.92
27324.4
27242.6
27055.8
26743.5
26307.2
25749
25071.7
24279.2
23376.4
22370.3
21270.4
20089
18841.6
17545.3
16217.2
14871.7
13519.5
12168.6
10827.8
9512.83
8251.51
7090.56
6101.81
5380.18
4942.63
)
;

boundaryField
{
    outletCentralUnloaded
    {
        type            zeroGradient;
    }
    inletCentralUnloaded
    {
        type            zeroGradient;
    }
    outletFuelElement
    {
        type            zeroGradient;
    }
    inletFuelElement
    {
        type            zeroGradient;
    }
    defaultFaces
    {
        type            zeroGradient;
    }
    baffle_master
    {
        type            zeroGradient;
    }
    baffle_slave
    {
        type            zeroGradient;
    }
}


// ************************************************************************* //
