/*--------------------------------*- C++ -*----------------------------------*\
| =========                 |                                                 |
| \\      /  F ield         | OpenFOAM: The Open Source CFD Toolbox           |
|  \\    /   O peration     | Version:  2212                                  |
|   \\  /    A nd           | Website:  www.openfoam.com                      |
|    \\/     M anipulation  |                                                 |
\*---------------------------------------------------------------------------*/
FoamFile
{
    version     2.0;
    format      ascii;
    arch        "LSB;label=32;scalar=64";
    class       volScalarField;
    location    "59/neutroRegion";
    object      TCool;
}
// * * * * * * * * * * * * * * * * * * * * * * * * * * * * * * * * * * * * * //

dimensions      [0 0 0 1 0 0 0];

internalField   nonuniform List<scalar> 
350
(
83.2889
83.2894
83.2899
83.2904
83.2909
83.2914
83.2918
83.2923
83.2927
83.2932
83.2937
83.2942
83.2947
83.2952
83.2957
83.2962
83.2967
83.2971
83.2976
83.2979
83.2982
83.2985
83.2989
83.2993
83.2998
83.2889
83.2894
83.2899
83.2904
83.2909
83.2914
83.2918
83.2923
83.2927
83.2932
83.2937
83.2942
83.2947
83.2952
83.2957
83.2962
83.2967
83.2971
83.2976
83.2979
83.2982
83.2985
83.2989
83.2993
83.2998
1823.33
1817.17
1798.6
1767.84
1725.24
1671.29
1606.61
1531.96
1448.2
1356.35
1257.56
1153.15
1044.64
933.791
822.553
713.024
607.313
507.383
414.944
331.437
258.108
196.154
146.801
111.211
90.0866
1851.57
1845.63
1827.06
1796.08
1753.04
1698.45
1632.93
1557.23
1472.25
1379
1278.65
1172.52
1062.16
949.336
836.038
724.421
616.661
514.793
420.589
335.529
260.884
197.864
147.704
111.575
90.164
1818.74
1812.56
1794.01
1763.31
1720.8
1666.97
1602.45
1527.97
1444.42
1352.81
1254.27
1150.14
1041.94
931.407
820.496
711.297
605.905
506.275
414.106
330.834
257.703
195.907
146.671
111.158
90.0742
1845.22
1839.21
1820.63
1789.69
1746.74
1692.28
1626.94
1551.47
1466.76
1373.82
1273.82
1168.08
1058.14
945.758
832.929
721.79
614.501
513.079
419.282
334.58
260.24
197.467
147.494
111.491
90.1462
1845.22
1839.21
1820.63
1789.69
1746.74
1692.28
1626.94
1551.47
1466.76
1373.82
1273.82
1168.08
1058.14
945.758
832.929
721.79
614.501
513.079
419.282
334.58
260.24
197.467
147.494
111.491
90.1462
1818.74
1812.57
1794.02
1763.31
1720.8
1666.97
1602.45
1527.97
1444.42
1352.81
1254.27
1150.14
1041.94
931.408
820.497
711.298
605.906
506.275
414.107
330.835
257.703
195.907
146.671
111.158
90.0742
1851.57
1845.63
1827.06
1796.08
1753.04
1698.45
1632.93
1557.23
1472.25
1379
1278.65
1172.52
1062.16
949.336
836.038
724.421
616.661
514.793
420.589
335.529
260.884
197.864
147.704
111.575
90.164
1823.33
1817.17
1798.6
1767.84
1725.24
1671.29
1606.61
1531.96
1448.2
1356.35
1257.56
1153.15
1044.64
933.791
822.552
713.024
607.313
507.383
414.944
331.437
258.108
196.154
146.801
111.211
90.0866
1845.22
1839.21
1820.63
1789.69
1746.74
1692.28
1626.94
1551.47
1466.76
1373.82
1273.82
1168.08
1058.14
945.758
832.929
721.79
614.501
513.079
419.282
334.58
260.24
197.467
147.494
111.491
90.1462
1818.74
1812.56
1794.01
1763.31
1720.8
1666.97
1602.45
1527.97
1444.42
1352.81
1254.27
1150.14
1041.94
931.407
820.496
711.297
605.906
506.275
414.106
330.834
257.703
195.907
146.671
111.158
90.0742
1818.74
1812.57
1794.02
1763.31
1720.8
1666.97
1602.45
1527.97
1444.42
1352.81
1254.27
1150.14
1041.94
931.408
820.497
711.298
605.906
506.275
414.106
330.835
257.703
195.907
146.671
111.158
90.0742
1845.22
1839.21
1820.63
1789.69
1746.74
1692.28
1626.94
1551.47
1466.76
1373.82
1273.82
1168.08
1058.14
945.758
832.929
721.79
614.501
513.079
419.282
334.58
260.24
197.467
147.494
111.491
90.1462
)
;

boundaryField
{
    outletCentralUnloaded
    {
        type            zeroGradient;
    }
    inletCentralUnloaded
    {
        type            zeroGradient;
    }
    outletFuelElement
    {
        type            zeroGradient;
    }
    inletFuelElement
    {
        type            zeroGradient;
    }
    defaultFaces
    {
        type            zeroGradient;
    }
}


// ************************************************************************* //
