/*--------------------------------*- C++ -*----------------------------------*\
| =========                 |                                                 |
| \\      /  F ield         | OpenFOAM: The Open Source CFD Toolbox           |
|  \\    /   O peration     | Version:  2212                                  |
|   \\  /    A nd           | Website:  www.openfoam.com                      |
|    \\/     M anipulation  |                                                 |
\*---------------------------------------------------------------------------*/
FoamFile
{
    version     2.0;
    format      ascii;
    arch        "LSB;label=32;scalar=64";
    class       volScalarField;
    location    "59/neutroRegion";
    object      TFuel;
}
// * * * * * * * * * * * * * * * * * * * * * * * * * * * * * * * * * * * * * //

dimensions      [0 0 0 1 0 0 0];

internalField   nonuniform List<scalar> 
350
(
0
0
0
0
0
0
0
0
0
0
0
0
0
0
0
0
0
0
0
0
0
0
0
0
0
0
0
0
0
0
0
0
0
0
0
0
0
0
0
0
0
0
0
0
0
0
0
0
0
0
2221.37
3008.44
3764.8
4478.92
5139.86
5737.46
6262.5
6706.89
7063.74
7327.53
7494.15
7561.03
7527.17
7393.15
7161.15
6834.88
6419.39
5920.82
5345.92
4701.54
3993.28
3224.62
2395.27
1504.18
564.465
2254.1
3050.36
3815.49
4537.81
5206.26
5810.56
6341.41
6790.59
7151.16
7417.54
7585.57
7652.67
7617.81
7481.58
7246.22
6915.47
6494.47
5989.49
5407.41
4755.2
4038.55
3260.99
2422.11
1520.7
570.01
2216.07
3001.69
3756.68
4469.51
5129.27
5725.82
6249.96
6693.6
7049.87
7313.26
7479.66
7546.52
7512.82
7379.16
7147.7
6822.14
6407.52
5909.97
5336.21
4693.07
3986.14
3218.9
2391.06
1501.6
563.59
2246.72
3040.85
3803.94
4524.36
5191.07
5793.81
6323.31
6771.37
7131.08
7396.85
7564.55
7631.58
7596.94
7461.23
7226.63
6896.91
6477.18
5973.67
5393.24
4742.84
4028.12
3252.61
2415.92
1516.89
568.733
2246.72
3040.85
3803.94
4524.36
5191.07
5793.81
6323.31
6771.37
7131.08
7396.85
7564.55
7631.58
7596.94
7461.22
7226.63
6896.91
6477.18
5973.67
5393.24
4742.84
4028.12
3252.61
2415.92
1516.89
568.733
2216.07
3001.69
3756.68
4469.51
5129.27
5725.82
6249.96
6693.6
7049.87
7313.26
7479.66
7546.52
7512.83
7379.16
7147.7
6822.14
6407.52
5909.97
5336.21
4693.07
3986.14
3218.9
2391.06
1501.6
563.591
2254.1
3050.36
3815.49
4537.81
5206.26
5810.56
6341.41
6790.59
7151.16
7417.54
7585.57
7652.67
7617.8
7481.58
7246.22
6915.47
6494.47
5989.49
5407.41
4755.2
4038.55
3260.99
2422.11
1520.7
570.01
2221.37
3008.44
3764.8
4478.92
5139.86
5737.46
6262.5
6706.89
7063.74
7327.53
7494.15
7561.03
7527.17
7393.15
7161.15
6834.88
6419.39
5920.82
5345.92
4701.54
3993.28
3224.62
2395.27
1504.18
564.465
2246.72
3040.85
3803.94
4524.36
5191.07
5793.81
6323.31
6771.37
7131.08
7396.85
7564.55
7631.58
7596.94
7461.22
7226.63
6896.91
6477.18
5973.67
5393.24
4742.84
4028.12
3252.61
2415.92
1516.89
568.733
2216.07
3001.69
3756.68
4469.51
5129.27
5725.82
6249.96
6693.6
7049.87
7313.26
7479.66
7546.52
7512.82
7379.16
7147.7
6822.14
6407.52
5909.97
5336.21
4693.07
3986.14
3218.9
2391.06
1501.6
563.59
2216.07
3001.69
3756.68
4469.51
5129.27
5725.82
6249.96
6693.6
7049.87
7313.26
7479.66
7546.52
7512.83
7379.16
7147.7
6822.14
6407.52
5909.97
5336.21
4693.07
3986.14
3218.9
2391.06
1501.6
563.591
2246.72
3040.85
3803.94
4524.36
5191.07
5793.81
6323.31
6771.37
7131.08
7396.85
7564.55
7631.58
7596.94
7461.22
7226.63
6896.9
6477.18
5973.67
5393.24
4742.84
4028.12
3252.61
2415.92
1516.89
568.733
)
;

boundaryField
{
    outletCentralUnloaded
    {
        type            zeroGradient;
    }
    inletCentralUnloaded
    {
        type            zeroGradient;
    }
    outletFuelElement
    {
        type            zeroGradient;
    }
    inletFuelElement
    {
        type            zeroGradient;
    }
    defaultFaces
    {
        type            zeroGradient;
    }
}


// ************************************************************************* //
