/*--------------------------------*- C++ -*----------------------------------*\
| =========                 |                                                 |
| \\      /  F ield         | OpenFOAM: The Open Source CFD Toolbox           |
|  \\    /   O peration     | Version:  2212                                  |
|   \\  /    A nd           | Website:  www.openfoam.com                      |
|    \\/     M anipulation  |                                                 |
\*---------------------------------------------------------------------------*/
FoamFile
{
    version     2.0;
    format      ascii;
    arch        "LSB;label=32;scalar=64";
    class       volScalarField;
    location    "68/fluidRegion";
    object      alphat;
}
// * * * * * * * * * * * * * * * * * * * * * * * * * * * * * * * * * * * * * //

dimensions      [1 -1 -1 0 0 0 0];

internalField   nonuniform List<scalar> 
350
(
0.0025856
0.00258558
0.00258559
0.00258562
0.00258566
0.00258567
0.00258566
0.00258565
0.00258565
0.00258566
0.0025857
0.00258577
0.00258585
0.00258595
0.00258608
0.00258627
0.00258657
0.00258702
0.00258771
0.00258876
0.00259035
0.0025928
0.00259654
0.00260226
0.00261102
0.0025856
0.00258558
0.00258559
0.00258562
0.00258566
0.00258567
0.00258566
0.00258565
0.00258565
0.00258566
0.0025857
0.00258577
0.00258585
0.00258595
0.00258608
0.00258627
0.00258657
0.00258702
0.00258771
0.00258876
0.00259035
0.0025928
0.00259654
0.00260226
0.00261102
0.000895879
0.000884275
0.000872864
0.000861293
0.000849456
0.000837245
0.000824558
0.000811296
0.000797373
0.000782724
0.000767319
0.000751162
0.000734299
0.000716799
0.000698743
0.000680224
0.000661421
0.000642787
0.000625503
0.000612404
0.000609884
0.00063133
0.000699562
0.000832307
0.00100222
0.00088802
0.00087643
0.000865055
0.000853527
0.00084174
0.000829589
0.000816967
0.000803776
0.000789929
0.000775361
0.000760041
0.000743982
0.000727235
0.000709883
0.000692018
0.000673744
0.000655237
0.000636939
0.000620006
0.000607249
0.000605043
0.000626816
0.000695611
0.000829608
0.00100147
0.000897133
0.000885516
0.000874095
0.000862512
0.000850661
0.000838437
0.000825735
0.000812457
0.000798517
0.00078385
0.000768426
0.000752249
0.000735361
0.000717831
0.000699737
0.000681173
0.000662315
0.000643621
0.000626272
0.000613108
0.000610525
0.000631909
0.000700057
0.000832643
0.00100233
0.000889824
0.000878235
0.000866855
0.00085532
0.000843524
0.000831361
0.000818726
0.00080552
0.000791656
0.00077707
0.00076173
0.000745649
0.000728874
0.000711487
0.000693578
0.000675247
0.000656672
0.000638296
0.000621282
0.000608445
0.000606167
0.000627866
0.000696532
0.00083024
0.00100165
0.000889824
0.000878235
0.000866855
0.00085532
0.000843524
0.000831361
0.000818726
0.00080552
0.000791656
0.00077707
0.000761731
0.000745649
0.000728875
0.000711488
0.000693578
0.000675248
0.000656672
0.000638296
0.000621282
0.000608446
0.000606168
0.000627866
0.000696532
0.000830239
0.00100165
0.000897132
0.000885515
0.000874094
0.000862512
0.000850661
0.000838437
0.000825735
0.000812457
0.000798516
0.00078385
0.000768426
0.000752249
0.000735361
0.000717831
0.000699738
0.000681174
0.000662316
0.000643622
0.000626273
0.000613109
0.000610527
0.000631911
0.000700059
0.000832646
0.00100234
0.00088802
0.00087643
0.000865055
0.000853527
0.00084174
0.000829588
0.000816967
0.000803776
0.000789928
0.00077536
0.000760041
0.000743982
0.000727235
0.000709883
0.000692018
0.000673744
0.000655237
0.000636939
0.000620007
0.000607249
0.000605044
0.000626817
0.000695612
0.000829607
0.00100147
0.000895879
0.000884275
0.000872864
0.000861293
0.000849456
0.000837245
0.000824558
0.000811296
0.000797373
0.000782724
0.000767318
0.000751162
0.000734299
0.000716799
0.000698743
0.000680225
0.000661421
0.000642788
0.000625504
0.000612406
0.000609887
0.000631335
0.00069957
0.000832317
0.00100223
0.000889825
0.000878236
0.000866855
0.00085532
0.000843524
0.000831361
0.000818726
0.00080552
0.000791656
0.00077707
0.000761731
0.000745649
0.000728875
0.000711488
0.000693578
0.000675248
0.000656672
0.000638296
0.000621282
0.000608445
0.000606168
0.000627867
0.000696534
0.000830243
0.00100165
0.000897133
0.000885516
0.000874095
0.000862512
0.000850661
0.000838437
0.000825735
0.000812457
0.000798516
0.00078385
0.000768426
0.000752249
0.000735361
0.000717831
0.000699737
0.000681172
0.000662314
0.000643619
0.00062627
0.000613104
0.000610519
0.000631899
0.000700042
0.000832624
0.00100231
0.000897133
0.000885516
0.000874095
0.000862512
0.000850662
0.000838437
0.000825735
0.000812457
0.000798517
0.000783851
0.000768427
0.000752249
0.000735362
0.000717832
0.000699739
0.000681175
0.000662317
0.000643623
0.000626275
0.000613111
0.000610528
0.000631912
0.000700059
0.000832643
0.00100233
0.000889825
0.000878236
0.000866856
0.00085532
0.000843524
0.000831361
0.000818727
0.00080552
0.000791656
0.00077707
0.000761731
0.000745649
0.000728875
0.000711488
0.000693579
0.000675248
0.000656673
0.000638298
0.000621285
0.000608449
0.000606173
0.000627875
0.000696545
0.000830257
0.00100167
)
;

boundaryField
{
    outletCentralUnloaded
    {
        type            zeroGradient;
    }
    inletCentralUnloaded
    {
        type            zeroGradient;
    }
    outletFuelElement
    {
        type            zeroGradient;
    }
    inletFuelElement
    {
        type            zeroGradient;
    }
    defaultFaces
    {
        type            zeroGradient;
    }
    baffle_master
    {
        type            calculated;
        value           nonuniform List<scalar> 
150
(
0.0025856
0.0025856
0.0025856
0.00258558
0.00258558
0.00258558
0.00258559
0.00258559
0.00258559
0.00258562
0.00258562
0.00258562
0.00258566
0.00258566
0.00258566
0.00258567
0.00258567
0.00258567
0.00258566
0.00258566
0.00258566
0.00258565
0.00258565
0.00258565
0.00258565
0.00258565
0.00258565
0.00258566
0.00258566
0.00258566
0.0025857
0.0025857
0.0025857
0.00258577
0.00258577
0.00258577
0.00258585
0.00258585
0.00258585
0.00258595
0.00258595
0.00258595
0.00258608
0.00258608
0.00258608
0.00258627
0.00258627
0.00258627
0.00258657
0.00258657
0.00258657
0.00258702
0.00258702
0.00258702
0.00258771
0.00258771
0.00258771
0.00258876
0.00258876
0.00258876
0.00259035
0.00259035
0.00259035
0.0025928
0.0025928
0.0025928
0.00259654
0.00259654
0.00259654
0.00260226
0.00260226
0.00260226
0.00261102
0.00261102
0.00261102
0.0025856
0.0025856
0.0025856
0.00258558
0.00258558
0.00258558
0.00258559
0.00258559
0.00258559
0.00258562
0.00258562
0.00258562
0.00258566
0.00258566
0.00258566
0.00258567
0.00258567
0.00258567
0.00258566
0.00258566
0.00258566
0.00258565
0.00258565
0.00258565
0.00258565
0.00258565
0.00258565
0.00258566
0.00258566
0.00258566
0.0025857
0.0025857
0.0025857
0.00258577
0.00258577
0.00258577
0.00258585
0.00258585
0.00258585
0.00258595
0.00258595
0.00258595
0.00258608
0.00258608
0.00258608
0.00258627
0.00258627
0.00258627
0.00258657
0.00258657
0.00258657
0.00258702
0.00258702
0.00258702
0.00258771
0.00258771
0.00258771
0.00258876
0.00258876
0.00258876
0.00259035
0.00259035
0.00259035
0.0025928
0.0025928
0.0025928
0.00259654
0.00259654
0.00259654
0.00260226
0.00260226
0.00260226
0.00261102
0.00261102
0.00261102
)
;
    }
    baffle_slave
    {
        type            calculated;
        value           nonuniform List<scalar> 
150
(
0.00088802
0.000889824
0.000889825
0.00087643
0.000878235
0.000878236
0.000865055
0.000866855
0.000866856
0.000853527
0.00085532
0.00085532
0.00084174
0.000843524
0.000843524
0.000829589
0.000831361
0.000831361
0.000816967
0.000818726
0.000818727
0.000803776
0.00080552
0.00080552
0.000789929
0.000791656
0.000791656
0.000775361
0.00077707
0.00077707
0.000760041
0.00076173
0.000761731
0.000743982
0.000745649
0.000745649
0.000727235
0.000728874
0.000728875
0.000709883
0.000711487
0.000711488
0.000692018
0.000693578
0.000693579
0.000673744
0.000675247
0.000675248
0.000655237
0.000656672
0.000656673
0.000636939
0.000638296
0.000638298
0.000620006
0.000621282
0.000621285
0.000607249
0.000608445
0.000608449
0.000605043
0.000606167
0.000606173
0.000626816
0.000627866
0.000627875
0.000695611
0.000696532
0.000696545
0.000829608
0.00083024
0.000830257
0.00100147
0.00100165
0.00100167
0.000889824
0.00088802
0.000889825
0.000878235
0.00087643
0.000878236
0.000866855
0.000865055
0.000866855
0.00085532
0.000853527
0.00085532
0.000843524
0.00084174
0.000843524
0.000831361
0.000829588
0.000831361
0.000818726
0.000816967
0.000818726
0.00080552
0.000803776
0.00080552
0.000791656
0.000789928
0.000791656
0.00077707
0.00077536
0.00077707
0.000761731
0.000760041
0.000761731
0.000745649
0.000743982
0.000745649
0.000728875
0.000727235
0.000728875
0.000711488
0.000709883
0.000711488
0.000693578
0.000692018
0.000693578
0.000675248
0.000673744
0.000675248
0.000656672
0.000655237
0.000656672
0.000638296
0.000636939
0.000638296
0.000621282
0.000620007
0.000621282
0.000608446
0.000607249
0.000608445
0.000606168
0.000605044
0.000606168
0.000627866
0.000626817
0.000627867
0.000696532
0.000695612
0.000696534
0.000830239
0.000829607
0.000830243
0.00100165
0.00100147
0.00100165
)
;
    }
}


// ************************************************************************* //
