/*--------------------------------*- C++ -*----------------------------------*\
| =========                 |                                                 |
| \\      /  F ield         | OpenFOAM: The Open Source CFD Toolbox           |
|  \\    /   O peration     | Version:  2212                                  |
|   \\  /    A nd           | Website:  www.openfoam.com                      |
|    \\/     M anipulation  |                                                 |
\*---------------------------------------------------------------------------*/
FoamFile
{
    version     2.0;
    format      ascii;
    arch        "LSB;label=32;scalar=64";
    class       surfaceScalarField;
    location    "68/fluidRegion";
    object      alphaRhoPhi;
}
// * * * * * * * * * * * * * * * * * * * * * * * * * * * * * * * * * * * * * //

dimensions      [1 0 -1 0 0 0 0];

oriented        oriented;

internalField   nonuniform List<scalar> 
661
(
-0.00585016
-3.33138e-12
-0.00585004
-1.97172e-12
-0.00584988
1.68649e-12
-0.00584971
5.55404e-12
-0.00584954
8.03411e-12
-0.00584941
8.01318e-12
-0.00584931
5.51178e-12
-0.00584925
1.53594e-12
-0.00584922
-2.62111e-12
-0.00584923
-5.75108e-12
-0.00584926
-6.99588e-12
-0.00584931
-6.15867e-12
-0.00584939
-3.69344e-12
-0.00584949
-4.72655e-13
-0.00584961
2.34602e-12
-0.00584974
3.78621e-12
-0.00584987
3.44068e-12
-0.00584998
1.46908e-12
-0.00585006
-1.52114e-12
-0.0058501
-4.65259e-12
-0.00585009
-7.18277e-12
-0.00585003
-8.5285e-12
-0.00584992
-7.80213e-12
-0.0058498
-1.1568e-12
1.18303e-11
-0.00585016
-0.00585004
-0.00584988
-0.00584971
-0.00584954
-0.00584941
-0.00584931
-0.00584925
-0.00584922
-0.00584923
-0.00584926
-0.00584931
-0.00584939
-0.00584949
-0.00584961
-0.00584974
-0.00584987
-0.00584998
-0.00585006
-0.0058501
-0.00585009
-0.00585003
-0.00584992
-0.0058498
-0.00939696
6.45808e-07
-0.00939719
3.12152e-07
-0.00939746
3.46616e-07
-0.00939771
3.21732e-07
-0.00939794
3.024e-07
-0.00939815
2.85467e-07
-0.00939836
2.70648e-07
-0.00939855
2.56336e-07
-0.00939872
2.38585e-07
-0.00939888
2.09728e-07
-0.009399
1.57553e-07
-0.00939905
6.50686e-08
-0.00939897
-8.49198e-08
-0.00939871
-3.00052e-07
-0.00939821
-5.80698e-07
-0.0093974
-9.08159e-07
-0.00939626
-1.25637e-06
-0.00939478
-1.60878e-06
-0.00939294
-1.977e-06
-0.00939067
-2.41132e-06
-0.00938781
-3.00411e-06
-0.00938411
-3.85201e-06
-0.00937926
-4.98525e-06
-0.00937352
-5.8826e-06
-7.19497e-06
-0.00931272
-2.01161e-08
-1.54913e-08
-0.00931227
-8.38715e-08
-8.07275e-08
-0.00931179
-8.18657e-08
-7.82035e-08
-0.00931136
-7.35639e-08
-6.9558e-08
-0.00931095
-6.66591e-08
-6.22142e-08
-0.00931058
-6.03102e-08
-5.53776e-08
-0.00931023
-5.44579e-08
-4.89697e-08
-0.0093099
-4.86782e-08
-4.24855e-08
-0.00930961
-4.18992e-08
-3.48395e-08
-0.00930936
-3.19393e-08
-2.38103e-08
-0.0093092
-1.50433e-08
-5.59634e-09
-0.00930918
1.38556e-08
2.47635e-08
-0.00930939
5.90803e-08
7.23234e-08
-0.00930995
1.28364e-07
1.44244e-07
-0.00931096
2.19574e-07
2.38826e-07
-0.00931251
3.28592e-07
3.52194e-07
-0.00931465
4.47665e-07
4.76948e-07
-0.00931739
5.71864e-07
6.08598e-07
-0.00932077
7.05403e-07
7.5202e-07
-0.00932491
8.65886e-07
9.24826e-07
-0.00933008
1.08366e-06
1.15678e-06
-0.00933672
1.38593e-06
1.47244e-06
-0.00934523
1.75272e-06
1.84991e-06
-0.00935489
1.884e-06
1.97849e-06
1.84627e-06
1.91717e-06
-0.00941077
3.15651e-07
-0.0094111
3.02806e-07
-0.00941142
2.98582e-07
-0.00941171
2.73888e-07
-0.00941198
2.52715e-07
-0.00941222
2.33751e-07
-0.00941245
2.16419e-07
-0.00941265
1.988e-07
-0.00941283
1.76321e-07
-0.00941297
1.40423e-07
-0.00941304
7.75933e-08
-0.009413
-2.95705e-08
-0.00941277
-1.98533e-07
-0.00941226
-4.39119e-07
-0.00941138
-7.48948e-07
-0.00941006
-1.10776e-06
-0.00940824
-1.48852e-06
-0.00940593
-1.876e-06
-0.00940307
-2.28614e-06
-0.00939956
-2.77556e-06
-0.00939516
-3.43904e-06
-0.00938952
-4.37057e-06
-0.00938233
-5.51172e-06
-0.0093743
-6.20159e-06
-6.48183e-06
-0.00933161
3.96591e-10
-0.00933134
-1.35476e-09
-0.00933107
-1.28832e-09
-0.00933083
-1.3197e-09
-0.0093306
-1.27137e-09
-0.0093304
-1.2083e-09
-0.00933021
-1.15143e-09
-0.00933003
-1.01101e-09
-0.00932988
-8.16807e-10
-0.00932975
-5.51448e-10
-0.00932968
-1.24986e-10
-0.00932971
5.0611e-10
-0.00932989
1.33678e-09
-0.0093303
2.42312e-09
-0.009331
3.79247e-09
-0.00933204
5.48944e-09
-0.00933346
7.63815e-09
-0.00933526
1.03493e-08
-0.00933747
1.34113e-08
-0.00934018
1.68098e-08
-0.00934354
2.03285e-08
-0.00934785
2.29363e-08
-0.00935331
2.36919e-08
-0.00935948
2.12451e-08
1.26197e-08
-0.00933162
-3.14862e-07
-0.00933135
-3.0578e-07
-0.00933108
-3.01328e-07
-0.00933084
-2.76732e-07
-0.00933062
-2.55537e-07
-0.00933041
-2.3655e-07
-0.00933022
-2.19201e-07
-0.00933004
-2.01457e-07
-0.00932989
-1.78795e-07
-0.00932976
-1.42623e-07
-0.0093297
-7.92785e-08
-0.00932972
2.85042e-08
-0.0093299
1.98467e-07
-0.00933031
4.40302e-07
-0.00933101
7.5171e-07
-0.00933205
1.11253e-06
-0.00933347
1.49601e-06
-0.00933527
1.88723e-06
-0.00933749
2.30215e-06
-0.00934019
2.7978e-06
-0.00934355
3.46936e-06
-0.00934786
4.40981e-06
-0.00935332
5.55973e-06
-0.00935949
6.25199e-06
6.52295e-06
-0.00941078
1.73643e-08
-0.0094111
8.29493e-08
-0.00941142
8.05667e-08
-0.00941171
7.20677e-08
-0.00941198
6.49468e-08
-0.00941222
5.83204e-08
-0.00941245
5.21143e-08
-0.00941265
4.5907e-08
-0.00941283
3.85515e-08
-0.00941297
2.78448e-08
-0.00941304
1.00737e-08
-0.009413
-1.98256e-08
-0.00941277
-6.65328e-08
-0.00941226
-1.37548e-07
-0.00941138
-2.30904e-07
-0.00941005
-3.42492e-07
-0.00940824
-4.64529e-07
-0.00940592
-5.91916e-07
-0.00940306
-7.28956e-07
-0.00939954
-8.92719e-07
-0.00939514
-1.11365e-06
-0.0093895
-1.4176e-06
-0.00938231
-1.78481e-06
-0.00937428
-1.91045e-06
-1.84639e-06
-0.00931272
-6.4604e-07
-1.70916e-08
-0.00931227
-3.12527e-07
-8.01328e-08
-0.00931179
-3.47059e-07
-7.78078e-08
-0.00931136
-3.22215e-07
-6.92065e-08
-0.00931095
-3.02883e-07
-6.19998e-08
-0.00931058
-2.85967e-07
-5.53287e-08
-0.00931023
-2.71179e-07
-4.91164e-08
-0.0093099
-2.56877e-07
-4.29408e-08
-0.00930961
-2.39158e-07
-3.56992e-08
-0.00930936
-2.10331e-07
-2.52076e-08
-0.0093092
-1.58126e-07
-7.79122e-09
-0.00930918
-6.55442e-08
2.174e-08
-0.00930939
8.46882e-08
6.76996e-08
-0.00930995
3.00116e-07
1.37616e-07
-0.00931096
5.81334e-07
2.29416e-07
-0.00931251
9.09869e-07
3.38811e-07
-0.00931465
1.26015e-06
4.57622e-07
-0.00931739
1.61646e-06
5.80241e-07
-0.00932077
1.99179e-06
7.09882e-07
-0.00932491
2.43887e-06
8.62182e-07
-0.00933008
3.05521e-06
1.06209e-06
-0.00933672
3.94011e-06
1.33541e-06
-0.00934523
5.1285e-06
1.66106e-06
-0.00935489
6.07732e-06
1.75435e-06
7.42366e-06
1.71585e-06
-0.00939696
-0.00939719
-0.00939746
-0.00939771
-0.00939794
-0.00939815
-0.00939836
-0.00939855
-0.00939872
-0.00939888
-0.009399
-0.00939905
-0.00939897
-0.00939871
-0.00939821
-0.0093974
-0.00939626
-0.00939478
-0.00939294
-0.00939067
-0.00938781
-0.0093841
-0.00937926
-0.00937352
-0.00933161
-3.1955e-07
2.92797e-09
-0.00933134
-3.07433e-07
1.67859e-09
-0.00933107
-3.03578e-07
2.01133e-09
-0.00933083
-2.79231e-07
2.23943e-09
-0.0093306
-2.58376e-07
2.47614e-09
-0.0093304
-2.39778e-07
2.77566e-09
-0.00933021
-2.22879e-07
3.1689e-09
-0.00933003
-2.05708e-07
3.64128e-09
-0.00932988
-1.83764e-07
4.26705e-09
-0.00932975
-1.48489e-07
5.08331e-09
-0.00932968
-8.62298e-08
6.12134e-09
-0.00932971
2.01679e-08
7.05037e-09
-0.00932989
1.88175e-07
8.93448e-09
-0.0093303
4.27656e-07
1.11874e-08
-0.009331
7.35926e-07
1.43089e-08
-0.00933204
1.09246e-06
1.87087e-08
-0.00933346
1.46971e-06
2.49952e-08
-0.00933526
1.85157e-06
3.41148e-08
-0.00933747
2.25156e-06
4.80876e-08
-0.00934018
2.72411e-06
6.88445e-08
-0.00934354
3.35649e-06
1.00683e-07
-0.00934785
4.24018e-06
1.42726e-07
-0.00935331
5.31263e-06
1.95587e-07
-0.00935948
5.93842e-06
2.28547e-07
6.2186e-06
2.00897e-07
-0.00941077
-0.0094111
-0.00941142
-0.00941171
-0.00941198
-0.00941222
-0.00941245
-0.00941265
-0.00941283
-0.00941297
-0.00941304
-0.009413
-0.00941277
-0.00941226
-0.00941138
-0.00941005
-0.00940824
-0.00940593
-0.00940307
-0.00939955
-0.00939516
-0.00938952
-0.00938234
-0.0093743
-0.00941078
3.13492e-07
-0.0094111
3.0429e-07
-0.00941142
2.997e-07
-0.00941171
2.74978e-07
-0.00941198
2.53722e-07
-0.00941223
2.34629e-07
-0.00941245
2.17119e-07
-0.00941265
1.9924e-07
-0.00941283
1.76367e-07
-0.00941297
1.39922e-07
-0.00941304
7.6369e-08
-0.009413
-3.13602e-08
-0.00941277
-2.01747e-07
-0.00941226
-4.43963e-07
-0.00941138
-7.55816e-07
-0.00941005
-1.11707e-06
-0.00940824
-1.50068e-06
-0.00940592
-1.89101e-06
-0.00940306
-2.3033e-06
-0.00939954
-2.79223e-06
-0.00939514
-3.45193e-06
-0.0093895
-4.37031e-06
-0.00938231
-5.48478e-06
-0.00937428
-6.13522e-06
-6.34839e-06
-0.00933162
-0.00933135
-0.00933109
-0.00933084
-0.00933062
-0.00933041
-0.00933022
-0.00933004
-0.00932989
-0.00932977
-0.0093297
-0.00932972
-0.0093299
-0.00933031
-0.00933101
-0.00933205
-0.00933347
-0.00933527
-0.00933749
-0.00934019
-0.00934355
-0.00934786
-0.00935333
-0.0093595
)
;

boundaryField
{
    outletCentralUnloaded
    {
        type            calculated;
        value           nonuniform List<scalar> 2(0.0058502 0.0058502);
    }
    inletCentralUnloaded
    {
        type            calculated;
        value           nonuniform List<scalar> 2(-0.0058737 -0.0058737);
    }
    outletFuelElement
    {
        type            calculated;
        value           nonuniform List<scalar> 
12
(
0.00939639
0.00931337
0.0094105
0.00933189
0.0093319
0.00941051
0.00931337
0.00939639
0.00933189
0.0094105
0.00941051
0.0093319
)
;
    }
    inletFuelElement
    {
        type            calculated;
        value           nonuniform List<scalar> 
12
(
-0.00953889
-0.00953889
-0.00953888
-0.00953888
-0.00953889
-0.00953889
-0.00953889
-0.00953889
-0.00953888
-0.00953888
-0.00953889
-0.00953889
)
;
    }
    defaultFaces
    {
        type            calculated;
        value           nonuniform List<scalar> 
450
(
1.94196e-23
-1.51567e-23
0
1.05033e-23
-5.16326e-24
0
1.27004e-23
1.52539e-23
0
-2.16692e-23
-1.38231e-23
0
-9.09037e-24
-2.20347e-23
0
-1.88396e-23
-7.11416e-24
0
-2.23355e-23
-9.15952e-24
0
-1.66969e-23
-3.34055e-24
0
-8.87539e-24
-2.98573e-24
0
-1.13104e-23
-6.12662e-24
0
-1.16866e-23
-5.81428e-24
0
-4.10115e-24
-2.34553e-24
0
6.34149e-24
2.64343e-24
0
2.22957e-23
3.71867e-24
0
3.6572e-23
1.85931e-23
0
5.54668e-23
1.39992e-23
0
6.56896e-23
-1.1976e-23
0
1.13658e-22
8.64939e-24
0
1.12441e-22
-7.98936e-23
0
-3.5232e-23
-1.19186e-22
0
-6.48515e-23
-1.09811e-22
0
1.46744e-22
-7.81615e-23
0
-1.03311e-22
7.24706e-23
0
-2.21766e-22
-1.04105e-22
0
-1.66421e-22
-3.30297e-22
0
1.29568e-23
0
3.7698e-24
0
0
0
7.97201e-24
0
-6.20883e-24
0
4.3275e-24
0
4.55626e-24
0
9.66553e-24
0
-3.87499e-24
0
2.78542e-24
0
3.03133e-24
0
-8.33194e-25
0
-7.41145e-24
0
-1.25162e-23
0
-1.90485e-23
0
-3.31115e-23
0
6.50279e-23
0
-6.24444e-23
0
3.82616e-23
0
-9.59944e-23
0
-1.54501e-22
0
2.86221e-22
0
1.66038e-22
0
-3.75005e-22
0
-2.88279e-22
0
0
0
-3.80752e-24
-7.85489e-24
8.15591e-24
-8.526e-24
-4.48792e-24
-2.37993e-24
5.0883e-24
0
0
4.10231e-25
3.6493e-24
0
1.87659e-23
0
-5.1299e-23
3.08104e-23
-7.55824e-23
0
6.11933e-23
-8.11153e-23
-2.20072e-22
0
0
0
0
0
0
0
0
0
0
0
0
0
0
0
0
0
0
0
0
0
0
0
0
0
0
0
-8.32939e-24
7.40391e-24
3.7698e-24
7.53959e-24
7.72765e-24
2.3183e-23
-7.972e-24
-7.972e-24
6.20882e-24
-4.13921e-24
-6.49124e-24
-4.32749e-24
-4.55626e-24
-4.55626e-24
-4.83276e-24
-4.83276e-24
1.03333e-23
-5.16665e-24
-2.78542e-24
-2.78542e-24
-1.89458e-24
-1.51566e-24
8.33193e-25
1.66639e-24
7.41145e-24
7.41145e-24
1.25162e-23
1.25162e-23
1.90485e-23
1.90485e-23
3.31115e-23
4.41486e-23
-5.20222e-23
6.50278e-23
6.24443e-23
4.68332e-23
-1.53046e-22
1.14785e-22
-1.91988e-22
-4.79971e-23
-6.18002e-23
-1.236e-22
-1.63555e-22
2.04443e-22
-1.10692e-22
-1.66038e-22
7.50009e-23
-1.50002e-22
-2.88279e-22
-1.92186e-22
2.58797e-23
0
0
3.07341e-24
0
0
1.71801e-23
0
-2.31241e-23
-2.99248e-23
0
1.19275e-23
1.40617e-23
0
4.1286e-24
-2.68913e-23
0
0
-2.2834e-23
0
9.08896e-24
-2.20354e-23
0
9.64046e-24
-1.45473e-23
0
-1.03065e-23
-1.88118e-23
0
5.55635e-24
-1.51343e-23
0
0
-5.81568e-24
0
8.31035e-25
7.27834e-24
-0
-3.69619e-24
2.80057e-23
-0
-8.32296e-24
4.38932e-23
-0
-1.90012e-23
8.91203e-23
-0
-1.10106e-23
7.75116e-23
-0
-2.59512e-23
1.20719e-22
-0
-3.11544e-23
8.17397e-23
-0
0
-8.80197e-23
-0
4.791e-23
2.26113e-23
-0
6.17026e-23
1.70954e-22
-0
8.16717e-23
-4.45544e-23
-0
-1.10588e-22
-4.96438e-23
-0
7.49604e-23
-2.01504e-22
-0
1.92154e-22
0
0
3.80752e-24
-3.92744e-24
0
-4.263e-24
-8.97585e-24
-4.75985e-24
0
-2.74299e-24
-1.49251e-24
2.05116e-25
7.29859e-24
0
-9.38293e-24
2.17554e-23
-2.56495e-23
3.08104e-23
-1.13374e-22
0
0
-1.62231e-22
-1.10036e-22
0
9.59989e-23
1.29568e-23
0
1.13094e-23
0
3.86383e-24
0
9.96501e-24
0
-6.20883e-24
0
8.65499e-24
0
9.11252e-24
0
9.66553e-24
0
2.58333e-24
0
5.57084e-24
0
2.2735e-24
0
-8.33194e-25
0
-7.41145e-24
-0
-2.08604e-23
-0
-2.85728e-23
-0
-2.20743e-23
-0
6.50279e-23
-0
-6.24443e-23
-0
1.14785e-22
-0
-9.59944e-23
-0
-1.236e-22
-0
2.04443e-22
-0
5.5346e-23
-0
-3.00004e-22
-0
-2.40233e-22
-0
-1.24941e-23
0
-7.5396e-24
1.50792e-23
-7.72765e-24
1.15915e-23
-3.986e-24
-2.1923e-23
-2.06961e-24
6.20882e-24
-4.32749e-24
-1.51462e-23
-4.55626e-24
-1.59469e-23
-4.83276e-24
-1.20819e-23
1.29166e-24
-7.74998e-24
-3.48177e-24
-9.74896e-24
-3.41024e-24
-3.03132e-24
0
5.20746e-24
3.70572e-24
1.66758e-23
8.34413e-24
3.33765e-23
1.90485e-23
5.71456e-23
1.10372e-23
8.82973e-23
0
7.80333e-23
3.12221e-23
1.87333e-22
0
1.14785e-22
0
-7.19957e-23
6.18002e-23
-1.545e-22
-8.17773e-23
2.45332e-22
1.10692e-22
-2.21384e-22
0
-2.25003e-22
9.60931e-23
-2.88279e-22
-0
-0
-0
-0
-0
-0
-0
-0
-0
-0
-0
0
0
0
0
0
0
0
0
0
0
0
0
0
0
)
;
    }
    baffle_master
    {
        type            calculated;
        value           nonuniform List<scalar> 
150
(
-4.06607e-29
0
0
-2.06964e-29
0
0
1.69862e-30
0
0
-1.09863e-28
0
1.24261e-28
4.18116e-28
0
3.72814e-28
-8.11075e-29
0
0
-7.67851e-29
0
0
-1.82601e-29
0
0
1.17125e-29
0
0
5.47938e-29
0
0
4.34414e-29
0
0
-2.86871e-29
0
0
-1.0047e-29
0
0
-6.70221e-30
0
0
-4.96156e-31
0
0
2.05698e-29
0
6.21922e-29
-3.6184e-28
0
-2.48789e-28
-2.32434e-29
0
3.11012e-29
9.22401e-29
0
6.22077e-29
7.46833e-30
0
0
1.49968e-29
0
2.48873e-28
-4.3263e-28
0
-3.7334e-28
9.75882e-30
0
1.24457e-28
-3.126e-31
0
1.55584e-29
-7.12691e-30
0
-2.48954e-28
6.21152e-29
-1.4416e-28
0
3.10602e-29
-8.9981e-29
0
-6.21254e-29
5.4409e-29
-0
0
2.04595e-28
-0
1.24271e-28
-2.23541e-28
-0
-1.24282e-28
3.80095e-28
-0
-1.24292e-28
2.31614e-28
-0
0
6.01143e-29
-0
-1.24312e-28
-1.03694e-28
0
0
-3.25926e-28
0
1.24333e-28
-1.55019e-28
0
0
-2.2075e-28
0
6.21768e-29
-1.05076e-28
0
0
-1.52632e-29
0
-3.10935e-29
9.35754e-29
-0
0
1.50121e-28
-0
1.24395e-28
8.37316e-29
-0
-3.11012e-29
2.98971e-29
-0
-3.11038e-29
-2.82841e-29
0
0
7.02621e-29
0
0
2.99992e-28
0
-3.7334e-28
4.45446e-28
0
-3.73371e-28
-3.26837e-28
0
3.11168e-29
2.75341e-29
0
-2.48954e-28
-2.9017e-28
-0
)
;
    }
    baffle_slave
    {
        type            calculated;
        value           nonuniform List<scalar> 
150
(
-2.95466e-24
-0
0
9.25616e-25
-0
0
3.55703e-24
-0
7.61504e-24
1.22297e-25
-0
0
-1.54915e-23
-0
-8.15591e-24
0
-0
0
1.39735e-24
-0
0
-8.89182e-25
-0
-2.37993e-24
6.33674e-25
-0
-2.54415e-24
-2.04955e-24
-0
0
-7.43449e-25
-0
-1.49251e-24
-8.17366e-25
0
-8.20463e-25
0
0
0
-1.53514e-24
0
0
-7.01118e-24
0
0
2.0322e-24
0
0
-7.50831e-23
0
-1.28248e-22
1.91928e-24
0
3.08104e-23
-7.77032e-23
0
-7.55824e-23
2.95788e-24
0
-9.49202e-23
-2.28904e-23
0
-6.11933e-23
1.34071e-22
0
8.11153e-23
0
0
-1.10036e-22
-9.33549e-24
0
0
2.09947e-23
0
-9.59989e-23
-5.93413e-25
2.42765e-23
0
-2.02549e-24
9.60327e-24
0
2.32981e-25
9.95968e-24
0
-4.55479e-25
7.82702e-24
0
-2.30402e-24
-1.52375e-23
0
-1.1085e-24
6.10587e-24
0
-3.36373e-24
8.10463e-24
0
-5.87341e-24
9.18822e-24
0
4.75803e-24
8.71302e-24
0
2.02626e-24
7.34421e-24
0
-5.62373e-25
3.53138e-24
0
9.90714e-26
3.06512e-24
0
2.00912e-24
-6.24857e-25
0
5.77631e-24
-5.25306e-24
0
1.53978e-23
-7.81455e-24
0
-4.44733e-25
-2.59106e-23
0
-4.98895e-23
-2.17661e-23
0
2.35218e-23
-3.35873e-23
0
-9.08424e-24
1.00072e-23
0
9.26348e-24
3.99314e-23
0
1.4913e-23
3.24281e-23
0
-2.47253e-22
1.46719e-22
0
-2.16685e-22
-1.06437e-22
0
1.11213e-22
1.35365e-22
0
-3.07182e-23
1.1997e-22
0
)
;
    }
}


// ************************************************************************* //
