/*--------------------------------*- C++ -*----------------------------------*\
| =========                 |                                                 |
| \\      /  F ield         | OpenFOAM: The Open Source CFD Toolbox           |
|  \\    /   O peration     | Version:  2212                                  |
|   \\  /    A nd           | Website:  www.openfoam.com                      |
|    \\/     M anipulation  |                                                 |
\*---------------------------------------------------------------------------*/
FoamFile
{
    version     2.0;
    format      ascii;
    arch        "LSB;label=32;scalar=64";
    class       volScalarField;
    location    "68/fluidRegion";
    object      hdeltaT;
}
// * * * * * * * * * * * * * * * * * * * * * * * * * * * * * * * * * * * * * //

dimensions      [1 0 -3 0 0 0 0];

internalField   nonuniform List<scalar> 
350
(
0
0
0
0
0
0
0
0
0
0
0
0
0
0
0
0
0
0
0
0
0
0
0
0
0
0
0
0
0
0
0
0
0
0
0
0
0
0
0
0
0
0
0
0
0
0
0
0
0
0
450002
1.3438e+06
2.2164e+06
3.05403e+06
3.8435e+06
4.57234e+06
5.22907e+06
5.80333e+06
6.28606e+06
6.66965e+06
6.94805e+06
7.11688e+06
7.17347e+06
7.11692e+06
6.94813e+06
6.66976e+06
6.28621e+06
5.80351e+06
5.22927e+06
4.5726e+06
3.84378e+06
3.05437e+06
2.21674e+06
1.34416e+06
450462
455151
1.35919e+06
2.24178e+06
3.08901e+06
3.88752e+06
4.62471e+06
5.28897e+06
5.8698e+06
6.35806e+06
6.74605e+06
7.02764e+06
7.1984e+06
7.25564e+06
7.19844e+06
7.02772e+06
6.74616e+06
6.35822e+06
5.86999e+06
5.28917e+06
4.62497e+06
3.88781e+06
3.08936e+06
2.24213e+06
1.35955e+06
455622
449183
1.34135e+06
2.21235e+06
3.04846e+06
3.83649e+06
4.564e+06
5.21953e+06
5.79274e+06
6.27459e+06
6.65749e+06
6.93538e+06
7.1039e+06
7.16038e+06
7.10394e+06
6.93546e+06
6.6576e+06
6.27474e+06
5.79293e+06
5.21973e+06
4.56425e+06
3.83677e+06
3.0488e+06
2.21269e+06
1.34171e+06
449641
453965
1.35564e+06
2.23594e+06
3.08096e+06
3.87739e+06
4.61266e+06
5.27518e+06
5.8545e+06
6.34149e+06
6.72846e+06
7.00932e+06
7.17964e+06
7.23672e+06
7.17967e+06
7.0094e+06
6.72858e+06
6.34164e+06
5.85469e+06
5.27538e+06
4.61292e+06
3.87767e+06
3.08131e+06
2.23628e+06
1.35601e+06
454434
453965
1.35564e+06
2.23594e+06
3.08096e+06
3.87739e+06
4.61266e+06
5.27518e+06
5.8545e+06
6.34149e+06
6.72846e+06
7.00932e+06
7.17963e+06
7.23672e+06
7.17967e+06
7.0094e+06
6.72858e+06
6.34164e+06
5.85469e+06
5.27538e+06
4.61292e+06
3.87767e+06
3.08131e+06
2.23628e+06
1.35601e+06
454434
449183
1.34135e+06
2.21236e+06
3.04846e+06
3.83649e+06
4.564e+06
5.21953e+06
5.79274e+06
6.27459e+06
6.65749e+06
6.93538e+06
7.1039e+06
7.16038e+06
7.10394e+06
6.93546e+06
6.6576e+06
6.27474e+06
5.79293e+06
5.21973e+06
4.56425e+06
3.83677e+06
3.0488e+06
2.21269e+06
1.34171e+06
449641
455151
1.35919e+06
2.24178e+06
3.08901e+06
3.88752e+06
4.62471e+06
5.28897e+06
5.8698e+06
6.35806e+06
6.74605e+06
7.02764e+06
7.1984e+06
7.25563e+06
7.19844e+06
7.02772e+06
6.74616e+06
6.35822e+06
5.86999e+06
5.28917e+06
4.62497e+06
3.88781e+06
3.08936e+06
2.24213e+06
1.35955e+06
455622
450002
1.3438e+06
2.2164e+06
3.05403e+06
3.8435e+06
4.57234e+06
5.22907e+06
5.80333e+06
6.28606e+06
6.66965e+06
6.94805e+06
7.11688e+06
7.17346e+06
7.11692e+06
6.94813e+06
6.66976e+06
6.28621e+06
5.80351e+06
5.22927e+06
4.5726e+06
3.84378e+06
3.05437e+06
2.21674e+06
1.34416e+06
450462
453965
1.35564e+06
2.23594e+06
3.08096e+06
3.87739e+06
4.61266e+06
5.27518e+06
5.8545e+06
6.34149e+06
6.72846e+06
7.00932e+06
7.17963e+06
7.23672e+06
7.17967e+06
7.0094e+06
6.72858e+06
6.34164e+06
5.85469e+06
5.27538e+06
4.61292e+06
3.87767e+06
3.08131e+06
2.23628e+06
1.35601e+06
454434
449182
1.34135e+06
2.21236e+06
3.04846e+06
3.83649e+06
4.564e+06
5.21953e+06
5.79274e+06
6.27459e+06
6.65749e+06
6.93538e+06
7.1039e+06
7.16038e+06
7.10394e+06
6.93546e+06
6.6576e+06
6.27474e+06
5.79293e+06
5.21973e+06
4.56425e+06
3.83677e+06
3.0488e+06
2.21269e+06
1.34171e+06
449641
449183
1.34135e+06
2.21235e+06
3.04846e+06
3.83649e+06
4.564e+06
5.21953e+06
5.79274e+06
6.27459e+06
6.65749e+06
6.93538e+06
7.1039e+06
7.16038e+06
7.10394e+06
6.93546e+06
6.6576e+06
6.27474e+06
5.79293e+06
5.21973e+06
4.56425e+06
3.83677e+06
3.0488e+06
2.21269e+06
1.34171e+06
449641
453965
1.35564e+06
2.23594e+06
3.08096e+06
3.87739e+06
4.61266e+06
5.27518e+06
5.8545e+06
6.34149e+06
6.72846e+06
7.00932e+06
7.17963e+06
7.23672e+06
7.17967e+06
7.0094e+06
6.72858e+06
6.34164e+06
5.85469e+06
5.27538e+06
4.61292e+06
3.87767e+06
3.08131e+06
2.23628e+06
1.35601e+06
454434
)
;

boundaryField
{
    outletCentralUnloaded
    {
        type            calculated;
        value           uniform 0;
    }
    inletCentralUnloaded
    {
        type            calculated;
        value           uniform 0;
    }
    outletFuelElement
    {
        type            calculated;
        value           uniform 0;
    }
    inletFuelElement
    {
        type            calculated;
        value           nonuniform List<scalar> 
12
(
3.04908e+06
3.04786e+06
3.04899e+06
3.04818e+06
3.04818e+06
3.04898e+06
3.04786e+06
3.04908e+06
3.04818e+06
3.04899e+06
3.04898e+06
3.04818e+06
)
;
    }
    defaultFaces
    {
        type            calculated;
        value           nonuniform List<scalar> 
450
(
0
0
0
0
0
0
0
0
0
0
0
0
0
0
0
0
0
0
0
0
0
0
0
0
0
0
0
0
0
0
0
0
0
0
0
0
0
0
0
0
0
0
0
0
0
0
0
0
1.25081e+06
1.25081e+06
1.25081e+06
2.34076e+06
2.34076e+06
2.34076e+06
3.08328e+06
3.08328e+06
3.08328e+06
3.50333e+06
3.50333e+06
3.50333e+06
3.64456e+06
3.64456e+06
3.64456e+06
3.57235e+06
3.57235e+06
3.57235e+06
3.37683e+06
3.37683e+06
3.37683e+06
3.16972e+06
3.16972e+06
3.16972e+06
3.01553e+06
3.01553e+06
3.01553e+06
0
0
0
0
0
0
0
0
0
0
0
0
0
0
0
0
0
0
0
0
0
0
0
0
0
0
0
0
0
0
0
0
1.26944e+06
1.26944e+06
2.3536e+06
2.3536e+06
3.09159e+06
3.09159e+06
3.50831e+06
3.50831e+06
3.64728e+06
3.64728e+06
3.57368e+06
3.57368e+06
3.37739e+06
3.37739e+06
3.16985e+06
3.16985e+06
3.0155e+06
3.0155e+06
0
0
0
0
0
0
0
0
0
0
0
0
0
0
0
0
1.15535e+06
2.27423e+06
3.03941e+06
3.47617e+06
3.6287e+06
3.56328e+06
3.37136e+06
3.16636e+06
3.01435e+06
0
0
0
0
0
0
0
0
0
0
0
0
0
0
0
0
1.15535e+06
2.27423e+06
3.03941e+06
3.47617e+06
3.6287e+06
3.56328e+06
3.37136e+06
3.16636e+06
3.01435e+06
0
0
0
0
0
0
0
0
0
0
0
0
0
0
0
0
0
0
0
0
0
0
0
0
0
0
0
0
0
0
0
0
1.26943e+06
1.26943e+06
2.35359e+06
2.35359e+06
3.09158e+06
3.09158e+06
3.5083e+06
3.5083e+06
3.64727e+06
3.64727e+06
3.57367e+06
3.57367e+06
3.37738e+06
3.37738e+06
3.16985e+06
3.16985e+06
3.0155e+06
3.0155e+06
0
0
0
0
0
0
0
0
0
0
0
0
0
0
0
0
0
0
0
0
0
0
0
0
0
0
0
0
0
0
0
0
0
0
0
0
0
0
0
0
0
0
0
0
0
0
0
0
1.25081e+06
1.25081e+06
1.25081e+06
2.34076e+06
2.34076e+06
2.34076e+06
3.08328e+06
3.08328e+06
3.08328e+06
3.50333e+06
3.50333e+06
3.50333e+06
3.64456e+06
3.64456e+06
3.64456e+06
3.57235e+06
3.57235e+06
3.57235e+06
3.37683e+06
3.37683e+06
3.37683e+06
3.16972e+06
3.16972e+06
3.16972e+06
3.01553e+06
3.01553e+06
3.01553e+06
0
0
0
0
0
0
0
0
0
0
0
0
0
0
0
0
1.15535e+06
2.27423e+06
3.03941e+06
3.47617e+06
3.6287e+06
3.56328e+06
3.37136e+06
3.16637e+06
3.01435e+06
0
0
0
0
0
0
0
0
0
0
0
0
0
0
0
0
0
0
0
0
0
0
0
0
0
0
0
0
0
0
0
0
1.26944e+06
1.26944e+06
2.3536e+06
2.3536e+06
3.09159e+06
3.09159e+06
3.50831e+06
3.50831e+06
3.64728e+06
3.64728e+06
3.57368e+06
3.57368e+06
3.37739e+06
3.37739e+06
3.16985e+06
3.16985e+06
3.0155e+06
3.0155e+06
0
0
0
0
0
0
0
0
0
0
0
0
0
0
0
0
0
0
0
0
0
0
0
0
0
0
0
0
0
0
0
0
1.26943e+06
1.26943e+06
2.35359e+06
2.35359e+06
3.09158e+06
3.09158e+06
3.5083e+06
3.5083e+06
3.64727e+06
3.64727e+06
3.57367e+06
3.57367e+06
3.37738e+06
3.37738e+06
3.16985e+06
3.16985e+06
3.0155e+06
3.0155e+06
0
0
0
0
0
0
0
0
0
0
0
0
0
0
0
0
1.15535e+06
2.27423e+06
3.03941e+06
3.47617e+06
3.6287e+06
3.56328e+06
3.37136e+06
3.16637e+06
3.01435e+06
)
;
    }
    baffle_master
    {
        type            calculated;
        value           uniform 0;
    }
    baffle_slave
    {
        type            calculated;
        value           nonuniform List<scalar> 
150
(
0
0
0
0
0
0
0
0
0
0
0
0
0
0
0
0
0
0
0
0
0
0
0
0
0
0
0
0
0
0
0
0
0
0
0
0
0
0
0
0
0
0
0
0
0
0
0
0
1.12658e+06
1.15535e+06
1.15535e+06
2.25414e+06
2.27423e+06
2.27423e+06
3.02613e+06
3.03941e+06
3.03941e+06
3.46791e+06
3.47617e+06
3.47617e+06
3.62385e+06
3.6287e+06
3.6287e+06
3.56048e+06
3.56328e+06
3.56328e+06
3.36963e+06
3.37136e+06
3.37136e+06
3.16526e+06
3.16636e+06
3.16637e+06
3.01395e+06
3.01435e+06
3.01435e+06
0
0
0
0
0
0
0
0
0
0
0
0
0
0
0
0
0
0
0
0
0
0
0
0
0
0
0
0
0
0
0
0
0
0
0
0
0
0
0
0
0
0
0
0
0
0
0
0
1.15535e+06
1.12658e+06
1.15535e+06
2.27423e+06
2.25414e+06
2.27423e+06
3.03941e+06
3.02613e+06
3.03941e+06
3.47617e+06
3.46791e+06
3.47617e+06
3.6287e+06
3.62385e+06
3.6287e+06
3.56328e+06
3.56048e+06
3.56328e+06
3.37136e+06
3.36963e+06
3.37136e+06
3.16636e+06
3.16526e+06
3.16637e+06
3.01435e+06
3.01395e+06
3.01435e+06
)
;
    }
}


// ************************************************************************* //
