/*--------------------------------*- C++ -*----------------------------------*\
| =========                 |                                                 |
| \\      /  F ield         | OpenFOAM: The Open Source CFD Toolbox           |
|  \\    /   O peration     | Version:  2212                                  |
|   \\  /    A nd           | Website:  www.openfoam.com                      |
|    \\/     M anipulation  |                                                 |
\*---------------------------------------------------------------------------*/
FoamFile
{
    version     2.0;
    format      ascii;
    arch        "LSB;label=32;scalar=64";
    class       volScalarField;
    location    "64/neutroRegion";
    object      TCool;
}
// * * * * * * * * * * * * * * * * * * * * * * * * * * * * * * * * * * * * * //

dimensions      [0 0 0 1 0 0 0];

internalField   nonuniform List<scalar> 
350
(
83.289
83.2895
83.2899
83.2904
83.2909
83.2913
83.2918
83.2923
83.2928
83.2933
83.2938
83.2943
83.2947
83.2952
83.2957
83.2962
83.2967
83.2971
83.2975
83.2978
83.2981
83.2985
83.2989
83.2994
83.2999
83.289
83.2895
83.2899
83.2904
83.2909
83.2913
83.2918
83.2923
83.2928
83.2933
83.2938
83.2943
83.2947
83.2952
83.2957
83.2962
83.2967
83.2971
83.2975
83.2978
83.2981
83.2985
83.2989
83.2994
83.2999
1823.52
1817.35
1798.77
1768
1725.39
1671.43
1606.74
1532.07
1448.31
1356.44
1257.64
1153.22
1044.71
933.848
822.601
713.065
607.347
507.41
414.965
331.452
258.118
196.161
146.804
111.212
90.0859
1851.78
1845.82
1827.24
1796.24
1753.2
1698.59
1633.05
1557.35
1472.36
1379.1
1278.74
1172.6
1062.23
949.396
836.088
724.463
616.696
514.821
420.61
335.544
260.895
197.87
147.707
111.576
90.1633
1818.93
1812.75
1794.19
1763.47
1720.95
1667.11
1602.57
1528.08
1444.53
1352.9
1254.36
1150.22
1042.01
931.464
820.545
711.338
605.939
506.301
414.126
330.849
257.713
195.913
146.674
111.159
90.0735
1845.42
1839.4
1820.81
1789.85
1746.89
1692.42
1627.06
1551.58
1466.86
1373.92
1273.9
1168.15
1058.2
945.817
832.979
721.832
614.535
513.106
419.303
334.596
260.251
197.473
147.498
111.491
90.1455
1845.42
1839.4
1820.81
1789.85
1746.89
1692.42
1627.06
1551.58
1466.86
1373.92
1273.9
1168.15
1058.2
945.817
832.979
721.832
614.535
513.107
419.303
334.596
260.251
197.474
147.498
111.491
90.1455
1818.94
1812.75
1794.19
1763.47
1720.95
1667.11
1602.57
1528.09
1444.53
1352.9
1254.36
1150.22
1042.01
931.465
820.546
711.339
605.94
506.302
414.127
330.85
257.714
195.914
146.674
111.159
90.0735
1851.78
1845.82
1827.24
1796.24
1753.2
1698.59
1633.05
1557.35
1472.36
1379.1
1278.74
1172.6
1062.23
949.396
836.088
724.463
616.696
514.821
420.61
335.544
260.895
197.87
147.707
111.576
90.1633
1823.52
1817.35
1798.77
1768
1725.39
1671.43
1606.74
1532.07
1448.31
1356.44
1257.64
1153.22
1044.71
933.848
822.601
713.065
607.347
507.41
414.965
331.452
258.118
196.161
146.804
111.212
90.0859
1845.42
1839.4
1820.81
1789.85
1746.89
1692.42
1627.06
1551.58
1466.86
1373.92
1273.9
1168.15
1058.2
945.817
832.979
721.832
614.535
513.107
419.303
334.596
260.251
197.474
147.498
111.491
90.1455
1818.93
1812.75
1794.19
1763.47
1720.95
1667.11
1602.57
1528.08
1444.53
1352.9
1254.36
1150.22
1042.01
931.464
820.545
711.338
605.939
506.301
414.127
330.849
257.713
195.913
146.674
111.159
90.0735
1818.94
1812.75
1794.19
1763.47
1720.95
1667.11
1602.57
1528.09
1444.53
1352.9
1254.36
1150.22
1042.01
931.465
820.546
711.338
605.94
506.302
414.127
330.85
257.714
195.914
146.674
111.159
90.0735
1845.42
1839.4
1820.81
1789.85
1746.89
1692.42
1627.06
1551.58
1466.86
1373.92
1273.9
1168.15
1058.2
945.817
832.979
721.832
614.535
513.106
419.303
334.596
260.251
197.473
147.498
111.491
90.1455
)
;

boundaryField
{
    outletCentralUnloaded
    {
        type            zeroGradient;
    }
    inletCentralUnloaded
    {
        type            zeroGradient;
    }
    outletFuelElement
    {
        type            zeroGradient;
    }
    inletFuelElement
    {
        type            zeroGradient;
    }
    defaultFaces
    {
        type            zeroGradient;
    }
}


// ************************************************************************* //
