/*--------------------------------*- C++ -*----------------------------------*\
|       ______          _   __           ______                               |
|      / ____/  ___    / | / /          / ____/  ____   ____ _   ____ ___     |
|     / / __   / _ \  /  |/ /  ______  / /_     / __ \ / __ `/  / __ `__ \    |
|    / /_/ /  /  __/ / /|  /  /_____/ / __/    / /_/ // /_/ /  / / / / / /    |
|    \____/   \___/ /_/ |_/          /_/       \____/ \__,_/  /_/ /_/ /_/     |
|    Copyright (C) 2015 - 2022 EPFL                                           |
\*---------------------------------------------------------------------------*/
FoamFile
{
    version     2.0;
    format      ascii;
    class       labelList;
    object      owner;
}
// * * * * * * * * * * * * * * * * * * * * * * * * * * * * * * * * * * * * * //

602
(
0
1
2
3
4
5
6
7
8
9
10
11
12
13
14
15
16
17
18
19
20
21
22
23
24
25
26
27
28
29
30
31
32
33
34
35
36
37
38
39
40
41
42
43
44
45
46
47
48
49
50
51
52
53
54
55
56
57
58
60
61
62
63
64
65
66
67
68
69
70
71
72
73
74
75
76
77
78
79
80
81
82
83
84
85
86
87
88
89
90
91
92
93
94
95
96
97
98
99
100
101
102
103
104
105
106
107
108
109
110
111
112
113
114
115
116
117
118
59
119
0
1
2
3
4
5
6
7
8
9
0
1
2
3
4
5
6
7
8
9
0
1
2
3
4
5
6
7
8
9
0
1
2
3
4
5
6
7
8
9
10
11
12
13
14
15
16
17
18
19
20
21
22
23
24
25
26
27
28
29
10
11
12
13
14
15
16
17
18
19
20
21
22
23
24
25
26
27
28
29
10
11
12
13
14
15
16
17
18
19
20
21
22
23
24
25
26
27
28
29
10
11
12
13
14
15
16
17
18
19
20
21
22
23
24
25
26
27
28
29
30
31
32
33
34
35
36
37
38
39
40
41
42
43
44
45
46
47
48
49
30
31
32
33
34
35
36
37
38
39
40
41
42
43
44
45
46
47
48
49
30
31
32
33
34
35
36
37
38
39
40
41
42
43
44
45
46
47
48
49
30
31
32
33
34
35
36
37
38
39
40
41
42
43
44
45
46
47
48
49
50
51
52
53
54
55
56
57
58
59
50
51
52
53
54
55
56
57
58
59
50
51
52
53
54
55
56
57
58
59
50
51
52
53
54
55
56
57
58
59
60
61
62
63
64
65
66
67
68
69
60
61
62
63
64
65
66
67
68
69
60
61
62
63
64
65
66
67
68
69
60
61
62
63
64
65
66
67
68
69
70
71
72
73
74
75
76
77
78
79
80
81
82
83
84
85
86
87
88
89
70
71
72
73
74
75
76
77
78
79
80
81
82
83
84
85
86
87
88
89
70
71
72
73
74
75
76
77
78
79
80
81
82
83
84
85
86
87
88
89
70
71
72
73
74
75
76
77
78
79
80
81
82
83
84
85
86
87
88
89
90
91
92
93
94
95
96
97
98
99
100
101
102
103
104
105
106
107
108
109
90
91
92
93
94
95
96
97
98
99
100
101
102
103
104
105
106
107
108
109
90
91
92
93
94
95
96
97
98
99
100
101
102
103
104
105
106
107
108
109
90
91
92
93
94
95
96
97
98
99
100
101
102
103
104
105
106
107
108
109
110
111
112
113
114
115
116
117
118
119
110
111
112
113
114
115
116
117
118
119
110
111
112
113
114
115
116
117
118
119
110
111
112
113
114
115
116
117
118
119
0
60
)

// ************************************************************************* //
