/*--------------------------------*- C++ -*----------------------------------*\
| =========                 |                                                 |
| \\      /  F ield         | OpenFOAM: The Open Source CFD Toolbox           |
|  \\    /   O peration     | Version:  2212                                  |
|   \\  /    A nd           | Website:  www.openfoam.com                      |
|    \\/     M anipulation  |                                                 |
\*---------------------------------------------------------------------------*/
FoamFile
{
    version     2.0;
    format      ascii;
    arch        "LSB;label=32;scalar=64";
    class       volScalarField;
    location    "67/fluidRegion";
    object      dgdt;
}
// * * * * * * * * * * * * * * * * * * * * * * * * * * * * * * * * * * * * * //

dimensions      [0 0 -1 0 0 0 0];

internalField   nonuniform List<scalar> 
350
(
0.00529465
0.00527586
0.00528682
0.0053013
0.00530877
0.00530569
0.00529953
0.00530261
0.00532049
0.00534571
0.00536238
0.00535745
0.00533014
0.00529303
0.00526494
0.0052607
0.00528351
0.00532342
0.00536146
0.00537745
0.0053589
0.00530684
0.00521314
0.00510114
0.00259419
0.00529465
0.00527586
0.00528682
0.0053013
0.00530877
0.00530569
0.00529953
0.00530261
0.00532049
0.00534571
0.00536238
0.00535745
0.00533014
0.00529302
0.00526494
0.0052607
0.00528351
0.00532342
0.00536146
0.00537745
0.0053589
0.00530684
0.00521314
0.00510114
0.00259419
40.7753
51.0882
64.9668
77.7595
89.4114
99.8798
109.131
117.136
123.86
129.251
133.228
135.668
136.409
135.272
132.123
126.93
119.811
111.013
100.835
89.5126
77.1443
63.659
48.8888
32.8226
20.392
40.8319
51.03
65.0379
77.952
89.7177
100.292
109.641
117.737
124.548
130.025
134.091
136.625
137.461
136.414
133.332
128.168
121.031
112.169
101.892
90.45
77.9521
64.3292
49.4073
33.169
20.6025
40.7529
51.0725
64.9311
77.7052
89.3396
99.792
109.029
117.02
123.731
129.109
133.073
135.5
136.226
135.078
131.92
126.725
119.611
110.824
100.663
89.3603
77.0133
63.5507
48.8052
32.7667
20.3579
40.8292
51.0627
65.0399
77.9254
89.6641
100.213
109.539
117.613
124.403
129.86
133.905
136.416
137.229
136.16
133.061
127.89
120.755
111.906
101.651
90.2362
77.7676
64.1759
49.2886
33.0896
20.5542
40.8292
51.0627
65.0399
77.9254
89.6641
100.213
109.539
117.613
124.403
129.86
133.905
136.416
137.229
136.16
133.061
127.89
120.755
111.906
101.651
90.2362
77.7676
64.1759
49.2886
33.0896
20.5542
40.7529
51.0725
64.9311
77.7052
89.3396
99.792
109.029
117.02
123.731
129.109
133.073
135.5
136.226
135.078
131.92
126.725
119.611
110.824
100.663
89.3604
77.0134
63.5507
48.8052
32.7667
20.3579
40.8319
51.03
65.038
77.9521
89.7177
100.292
109.641
117.737
124.548
130.025
134.091
136.625
137.461
136.414
133.332
128.168
121.031
112.169
101.892
90.45
77.9521
64.3292
49.4074
33.169
20.6025
40.7753
51.0882
64.9668
77.7595
89.4114
99.8798
109.131
117.136
123.86
129.251
133.228
135.668
136.409
135.272
132.123
126.93
119.811
111.013
100.835
89.5127
77.1443
63.659
48.8889
32.8226
20.392
40.8292
51.0627
65.0399
77.9254
89.6641
100.213
109.539
117.613
124.403
129.86
133.905
136.416
137.229
136.16
133.061
127.89
120.755
111.906
101.651
90.2362
77.7675
64.1758
49.2886
33.0896
20.5542
40.7529
51.0725
64.9311
77.7052
89.3396
99.792
109.029
117.02
123.731
129.109
133.073
135.5
136.226
135.078
131.92
126.725
119.611
110.824
100.663
89.3603
77.0133
63.5506
48.8051
32.7666
20.3579
40.7529
51.0725
64.9311
77.7052
89.3396
99.792
109.029
117.02
123.731
129.109
133.073
135.5
136.226
135.078
131.92
126.725
119.611
110.824
100.663
89.3604
77.0134
63.5507
48.8052
32.7666
20.3579
40.8292
51.0627
65.0399
77.9254
89.6641
100.213
109.539
117.613
124.403
129.86
133.905
136.416
137.229
136.16
133.061
127.89
120.755
111.906
101.651
90.2363
77.7676
64.1759
49.2886
33.0896
20.5542
)
;

boundaryField
{
    outletCentralUnloaded
    {
        type            calculated;
        value           nonuniform List<scalar> 2(0.00529465 0.00529465);
    }
    inletCentralUnloaded
    {
        type            calculated;
        value           nonuniform List<scalar> 2(0.00259419 0.00259419);
    }
    outletFuelElement
    {
        type            calculated;
        value           nonuniform List<scalar> 
12
(
40.7753
40.8319
40.7529
40.8292
40.8292
40.7529
40.8319
40.7753
40.8292
40.7529
40.7529
40.8292
)
;
    }
    inletFuelElement
    {
        type            calculated;
        value           nonuniform List<scalar> 
12
(
20.392
20.6025
20.3579
20.5542
20.5542
20.3579
20.6025
20.392
20.5542
20.3579
20.3579
20.5542
)
;
    }
    defaultFaces
    {
        type            calculated;
        value           nonuniform List<scalar> 
450
(
40.7753
40.7753
40.7753
51.0882
51.0882
51.0882
64.9668
64.9668
64.9668
77.7595
77.7595
77.7595
89.4114
89.4114
89.4114
99.8798
99.8798
99.8798
109.131
109.131
109.131
117.136
117.136
117.136
123.86
123.86
123.86
129.251
129.251
129.251
133.228
133.228
133.228
135.668
135.668
135.668
136.409
136.409
136.409
135.272
135.272
135.272
132.123
132.123
132.123
126.93
126.93
126.93
119.811
119.811
119.811
111.013
111.013
111.013
100.835
100.835
100.835
89.5126
89.5126
89.5126
77.1443
77.1443
77.1443
63.659
63.659
63.659
48.8888
48.8888
48.8888
32.8226
32.8226
32.8226
20.392
20.392
20.392
40.7529
40.7529
51.0725
51.0725
64.9311
64.9311
77.7052
77.7052
89.3396
89.3396
99.792
99.792
109.029
109.029
117.02
117.02
123.731
123.731
129.109
129.109
133.073
133.073
135.5
135.5
136.226
136.226
135.078
135.078
131.92
131.92
126.725
126.725
119.611
119.611
110.824
110.824
100.663
100.663
89.3603
89.3603
77.0133
77.0133
63.5507
63.5507
48.8052
48.8052
32.7667
32.7667
20.3579
20.3579
40.8292
51.0627
65.0399
77.9254
89.6641
100.213
109.539
117.613
124.403
129.86
133.905
136.416
137.229
136.16
133.061
127.89
120.755
111.906
101.651
90.2362
77.7676
64.1759
49.2886
33.0896
20.5542
40.8292
51.0627
65.0399
77.9254
89.6641
100.213
109.539
117.613
124.403
129.86
133.905
136.416
137.229
136.16
133.061
127.89
120.755
111.906
101.651
90.2362
77.7676
64.1759
49.2886
33.0896
20.5542
40.7529
40.7529
51.0725
51.0725
64.9311
64.9311
77.7052
77.7052
89.3396
89.3396
99.792
99.792
109.029
109.029
117.02
117.02
123.731
123.731
129.109
129.109
133.073
133.073
135.5
135.5
136.226
136.226
135.078
135.078
131.92
131.92
126.725
126.725
119.611
119.611
110.824
110.824
100.663
100.663
89.3604
89.3604
77.0134
77.0134
63.5507
63.5507
48.8052
48.8052
32.7667
32.7667
20.3579
20.3579
40.7753
40.7753
40.7753
51.0882
51.0882
51.0882
64.9668
64.9668
64.9668
77.7595
77.7595
77.7595
89.4114
89.4114
89.4114
99.8798
99.8798
99.8798
109.131
109.131
109.131
117.136
117.136
117.136
123.86
123.86
123.86
129.251
129.251
129.251
133.228
133.228
133.228
135.668
135.668
135.668
136.409
136.409
136.409
135.272
135.272
135.272
132.123
132.123
132.123
126.93
126.93
126.93
119.811
119.811
119.811
111.013
111.013
111.013
100.835
100.835
100.835
89.5127
89.5127
89.5127
77.1443
77.1443
77.1443
63.659
63.659
63.659
48.8889
48.8889
48.8889
32.8226
32.8226
32.8226
20.392
20.392
20.392
40.8292
51.0627
65.0399
77.9254
89.6641
100.213
109.539
117.613
124.403
129.86
133.905
136.416
137.229
136.16
133.061
127.89
120.755
111.906
101.651
90.2362
77.7675
64.1758
49.2886
33.0896
20.5542
40.7529
40.7529
51.0725
51.0725
64.9311
64.9311
77.7052
77.7052
89.3396
89.3396
99.792
99.792
109.029
109.029
117.02
117.02
123.731
123.731
129.109
129.109
133.073
133.073
135.5
135.5
136.226
136.226
135.078
135.078
131.92
131.92
126.725
126.725
119.611
119.611
110.824
110.824
100.663
100.663
89.3603
89.3603
77.0133
77.0133
63.5506
63.5506
48.8051
48.8051
32.7666
32.7666
20.3579
20.3579
40.7529
40.7529
51.0725
51.0725
64.9311
64.9311
77.7052
77.7052
89.3396
89.3396
99.792
99.792
109.029
109.029
117.02
117.02
123.731
123.731
129.109
129.109
133.073
133.073
135.5
135.5
136.226
136.226
135.078
135.078
131.92
131.92
126.725
126.725
119.611
119.611
110.824
110.824
100.663
100.663
89.3604
89.3604
77.0134
77.0134
63.5507
63.5507
48.8052
48.8052
32.7666
32.7666
20.3579
20.3579
40.8292
51.0627
65.0399
77.9254
89.6641
100.213
109.539
117.613
124.403
129.86
133.905
136.416
137.229
136.16
133.061
127.89
120.755
111.906
101.651
90.2363
77.7676
64.1759
49.2886
33.0896
20.5542
)
;
    }
    baffle_master
    {
        type            calculated;
        value           nonuniform List<scalar> 
150
(
0.00529465
0.00529465
0.00529465
0.00527586
0.00527586
0.00527586
0.00528682
0.00528682
0.00528682
0.0053013
0.0053013
0.0053013
0.00530877
0.00530877
0.00530877
0.00530569
0.00530569
0.00530569
0.00529953
0.00529953
0.00529953
0.00530261
0.00530261
0.00530261
0.00532049
0.00532049
0.00532049
0.00534571
0.00534571
0.00534571
0.00536238
0.00536238
0.00536238
0.00535745
0.00535745
0.00535745
0.00533014
0.00533014
0.00533014
0.00529303
0.00529303
0.00529303
0.00526494
0.00526494
0.00526494
0.0052607
0.0052607
0.0052607
0.00528351
0.00528351
0.00528351
0.00532342
0.00532342
0.00532342
0.00536146
0.00536146
0.00536146
0.00537745
0.00537745
0.00537745
0.0053589
0.0053589
0.0053589
0.00530684
0.00530684
0.00530684
0.00521314
0.00521314
0.00521314
0.00510114
0.00510114
0.00510114
0.00259419
0.00259419
0.00259419
0.00529465
0.00529465
0.00529465
0.00527586
0.00527586
0.00527586
0.00528682
0.00528682
0.00528682
0.0053013
0.0053013
0.0053013
0.00530877
0.00530877
0.00530877
0.00530569
0.00530569
0.00530569
0.00529953
0.00529953
0.00529953
0.00530261
0.00530261
0.00530261
0.00532049
0.00532049
0.00532049
0.00534571
0.00534571
0.00534571
0.00536238
0.00536238
0.00536238
0.00535745
0.00535745
0.00535745
0.00533014
0.00533014
0.00533014
0.00529302
0.00529302
0.00529302
0.00526494
0.00526494
0.00526494
0.0052607
0.0052607
0.0052607
0.00528351
0.00528351
0.00528351
0.00532342
0.00532342
0.00532342
0.00536146
0.00536146
0.00536146
0.00537745
0.00537745
0.00537745
0.0053589
0.0053589
0.0053589
0.00530684
0.00530684
0.00530684
0.00521314
0.00521314
0.00521314
0.00510114
0.00510114
0.00510114
0.00259419
0.00259419
0.00259419
)
;
    }
    baffle_slave
    {
        type            calculated;
        value           nonuniform List<scalar> 
150
(
40.8319
40.8292
40.8292
51.03
51.0627
51.0627
65.0379
65.0399
65.0399
77.952
77.9254
77.9254
89.7177
89.6641
89.6641
100.292
100.213
100.213
109.641
109.539
109.539
117.737
117.613
117.613
124.548
124.403
124.403
130.025
129.86
129.86
134.091
133.905
133.905
136.625
136.416
136.416
137.461
137.229
137.229
136.414
136.16
136.16
133.332
133.061
133.061
128.168
127.89
127.89
121.031
120.755
120.755
112.169
111.906
111.906
101.892
101.651
101.651
90.45
90.2362
90.2363
77.9521
77.7676
77.7676
64.3292
64.1759
64.1759
49.4073
49.2886
49.2886
33.169
33.0896
33.0896
20.6025
20.5542
20.5542
40.8292
40.8319
40.8292
51.0627
51.03
51.0627
65.0399
65.038
65.0399
77.9254
77.9521
77.9254
89.6641
89.7177
89.6641
100.213
100.292
100.213
109.539
109.641
109.539
117.613
117.737
117.613
124.403
124.548
124.403
129.86
130.025
129.86
133.905
134.091
133.905
136.416
136.625
136.416
137.229
137.461
137.229
136.16
136.414
136.16
133.061
133.332
133.061
127.89
128.168
127.89
120.755
121.031
120.755
111.906
112.169
111.906
101.651
101.892
101.651
90.2362
90.45
90.2362
77.7676
77.9521
77.7675
64.1759
64.3292
64.1758
49.2886
49.4074
49.2886
33.0896
33.169
33.0896
20.5542
20.6025
20.5542
)
;
    }
}


// ************************************************************************* //
