/*--------------------------------*- C++ -*----------------------------------*\
| =========                 |                                                 |
| \\      /  F ield         | OpenFOAM: The Open Source CFD Toolbox           |
|  \\    /   O peration     | Version:  2212                                  |
|   \\  /    A nd           | Website:  www.openfoam.com                      |
|    \\/     M anipulation  |                                                 |
\*---------------------------------------------------------------------------*/
FoamFile
{
    version     2.0;
    format      ascii;
    arch        "LSB;label=32;scalar=64";
    class       volScalarField;
    location    "67/fluidRegion";
    object      epsilon;
}
// * * * * * * * * * * * * * * * * * * * * * * * * * * * * * * * * * * * * * //

dimensions      [0 2 -3 0 0 0 0];

internalField   nonuniform List<scalar> 
350
(
66.985
66.969
66.953
66.9369
66.9205
66.904
66.8874
66.8708
66.8542
66.8378
66.8216
66.806
66.791
66.7773
66.7651
66.7554
66.7494
66.7489
66.757
66.7784
66.82
66.8927
67.0127
67.2047
67.5064
66.985
66.969
66.953
66.9369
66.9205
66.904
66.8874
66.8708
66.8542
66.8378
66.8216
66.806
66.791
66.7773
66.7651
66.7554
66.7494
66.7489
66.757
66.7784
66.82
66.8927
67.0127
67.2047
67.5064
7.65505e+06
7.04445e+06
6.36864e+06
5.64884e+06
4.9129e+06
4.18638e+06
3.49144e+06
2.84611e+06
2.26389e+06
1.75364e+06
1.31967e+06
962130
677463
459119
298340
185114
109165
60858
31885.7
15618.9
7152.26
3117.58
1385.81
735.662
547.111
7.82081e+06
7.19844e+06
6.50951e+06
5.77515e+06
5.02388e+06
4.28186e+06
3.57177e+06
2.91211e+06
2.31674e+06
1.79476e+06
1.35067e+06
984668
693206
469624
305000
189100
111400
62021.9
32441.2
15857.3
7241.9
3145.95
1393
737.106
547.535
7.62794e+06
7.0192e+06
6.34564e+06
5.62829e+06
4.89491e+06
4.17096e+06
3.47851e+06
2.83553e+06
2.25546e+06
1.7471e+06
1.31476e+06
958568
674982
457466
297294
184488
108813
60674
31797
15580
7137.03
3112.31
1384.18
735.172
546.936
7.78409e+06
7.16427e+06
6.47816e+06
5.74697e+06
4.99907e+06
4.26047e+06
3.55373e+06
2.89726e+06
2.30482e+06
1.78547e+06
1.34365e+06
979553
689626
467230
303480
188189
110889
61755.5
32314
15802.8
7221.45
3139.52
1391.4
736.806
547.455
7.78409e+06
7.16427e+06
6.47817e+06
5.74697e+06
4.99907e+06
4.26047e+06
3.55373e+06
2.89726e+06
2.30482e+06
1.78547e+06
1.34365e+06
979553
689626
467230
303480
188189
110889
61755.5
32314
15802.8
7221.45
3139.52
1391.4
736.806
547.455
7.62795e+06
7.01921e+06
6.34565e+06
5.6283e+06
4.89492e+06
4.17097e+06
3.47852e+06
2.83553e+06
2.25546e+06
1.7471e+06
1.31476e+06
958569
674983
457467
297294
184488
108813
60674
31797
15580
7137.01
3112.29
1384.17
735.167
546.934
7.82081e+06
7.19844e+06
6.50951e+06
5.77515e+06
5.02388e+06
4.28186e+06
3.57177e+06
2.91211e+06
2.31674e+06
1.79476e+06
1.35067e+06
984669
693206
469624
305000
189100
111400
62021.9
32441.2
15857.3
7241.9
3145.94
1393
737.106
547.535
7.65505e+06
7.04445e+06
6.36864e+06
5.64884e+06
4.9129e+06
4.18638e+06
3.49143e+06
2.84611e+06
2.26389e+06
1.75364e+06
1.31967e+06
962130
677463
459118
298340
185114
109165
60858
31885.7
15618.8
7152.24
3117.57
1385.8
735.657
547.108
7.78409e+06
7.16427e+06
6.47816e+06
5.74697e+06
4.99907e+06
4.26047e+06
3.55373e+06
2.89726e+06
2.30482e+06
1.78547e+06
1.34365e+06
979553
689626
467230
303480
188189
110889
61755.5
32314
15802.8
7221.45
3139.52
1391.4
736.805
547.454
7.62794e+06
7.0192e+06
6.34564e+06
5.62829e+06
4.89491e+06
4.17096e+06
3.47851e+06
2.83553e+06
2.25546e+06
1.7471e+06
1.31476e+06
958568
674982
457466
297294
184488
108813
60674
31797.1
15580
7137.07
3112.33
1384.2
735.182
546.944
7.62795e+06
7.01921e+06
6.34565e+06
5.6283e+06
4.89492e+06
4.17097e+06
3.47852e+06
2.83553e+06
2.25546e+06
1.7471e+06
1.31476e+06
958569
674983
457467
297294
184488
108813
60673.9
31796.9
15579.9
7137
3112.29
1384.17
735.169
546.936
7.78409e+06
7.16427e+06
6.47816e+06
5.74697e+06
4.99907e+06
4.26047e+06
3.55373e+06
2.89726e+06
2.30482e+06
1.78547e+06
1.34365e+06
979553
689626
467230
303480
188189
110889
61755.5
32314
15802.7
7221.42
3139.5
1391.39
736.799
547.45
)
;

boundaryField
{
    outletCentralUnloaded
    {
        type            zeroGradient;
    }
    inletCentralUnloaded
    {
        type            zeroGradient;
    }
    outletFuelElement
    {
        type            zeroGradient;
    }
    inletFuelElement
    {
        type            zeroGradient;
    }
    defaultFaces
    {
        type            zeroGradient;
    }
    baffle_master
    {
        type            zeroGradient;
    }
    baffle_slave
    {
        type            zeroGradient;
    }
}


// ************************************************************************* //
