/*--------------------------------*- C++ -*----------------------------------*\
| =========                 |                                                 |
| \\      /  F ield         | OpenFOAM: The Open Source CFD Toolbox           |
|  \\    /   O peration     | Version:  2212                                  |
|   \\  /    A nd           | Website:  www.openfoam.com                      |
|    \\/     M anipulation  |                                                 |
\*---------------------------------------------------------------------------*/
FoamFile
{
    version     2.0;
    format      ascii;
    arch        "LSB;label=32;scalar=64";
    class       volScalarField;
    location    "67/fluidRegion";
    object      hdeltaT;
}
// * * * * * * * * * * * * * * * * * * * * * * * * * * * * * * * * * * * * * //

dimensions      [1 0 -3 0 0 0 0];

internalField   nonuniform List<scalar> 
350
(
0
0
0
0
0
0
0
0
0
0
0
0
0
0
0
0
0
0
0
0
0
0
0
0
0
0
0
0
0
0
0
0
0
0
0
0
0
0
0
0
0
0
0
0
0
0
0
0
0
0
449946
1.34374e+06
2.21634e+06
3.05398e+06
3.84344e+06
4.57229e+06
5.22902e+06
5.80327e+06
6.28601e+06
6.6696e+06
6.948e+06
7.11683e+06
7.17342e+06
7.11687e+06
6.94809e+06
6.66973e+06
6.28617e+06
5.80348e+06
5.22924e+06
4.57257e+06
3.84376e+06
3.05435e+06
2.21672e+06
1.34415e+06
450465
455093
1.35913e+06
2.24172e+06
3.08895e+06
3.88746e+06
4.62466e+06
5.28891e+06
5.86975e+06
6.35801e+06
6.74599e+06
7.02759e+06
7.19835e+06
7.25559e+06
7.1984e+06
7.02768e+06
6.74613e+06
6.35818e+06
5.86996e+06
5.28914e+06
4.62495e+06
3.88779e+06
3.08934e+06
2.24211e+06
1.35955e+06
455625
449127
1.34129e+06
2.2123e+06
3.04841e+06
3.83643e+06
4.56395e+06
5.21948e+06
5.79269e+06
6.27454e+06
6.65743e+06
6.93533e+06
7.10385e+06
7.16034e+06
7.10389e+06
6.93542e+06
6.65756e+06
6.27471e+06
5.7929e+06
5.2197e+06
4.56423e+06
3.83675e+06
3.04878e+06
2.21268e+06
1.3417e+06
449644
453908
1.35559e+06
2.23588e+06
3.0809e+06
3.87733e+06
4.6126e+06
5.27512e+06
5.85444e+06
6.34143e+06
6.72841e+06
7.00927e+06
7.17959e+06
7.23667e+06
7.17963e+06
7.00936e+06
6.72854e+06
6.34161e+06
5.85466e+06
5.27535e+06
4.61289e+06
3.87765e+06
3.08129e+06
2.23627e+06
1.356e+06
454437
453908
1.35559e+06
2.23588e+06
3.0809e+06
3.87733e+06
4.6126e+06
5.27512e+06
5.85444e+06
6.34143e+06
6.72841e+06
7.00927e+06
7.17959e+06
7.23667e+06
7.17963e+06
7.00936e+06
6.72854e+06
6.34161e+06
5.85466e+06
5.27535e+06
4.61289e+06
3.87765e+06
3.08129e+06
2.23627e+06
1.356e+06
454437
449127
1.34129e+06
2.2123e+06
3.04841e+06
3.83643e+06
4.56395e+06
5.21948e+06
5.79269e+06
6.27454e+06
6.65743e+06
6.93533e+06
7.10385e+06
7.16033e+06
7.10389e+06
6.93542e+06
6.65756e+06
6.27471e+06
5.7929e+06
5.2197e+06
4.56423e+06
3.83675e+06
3.04878e+06
2.21268e+06
1.3417e+06
449644
455093
1.35913e+06
2.24172e+06
3.08895e+06
3.88746e+06
4.62466e+06
5.28891e+06
5.86974e+06
6.35801e+06
6.74599e+06
7.02759e+06
7.19835e+06
7.25559e+06
7.19839e+06
7.02768e+06
6.74613e+06
6.35818e+06
5.86996e+06
5.28914e+06
4.62495e+06
3.88779e+06
3.08934e+06
2.24212e+06
1.35955e+06
455625
449946
1.34374e+06
2.21634e+06
3.05398e+06
3.84344e+06
4.57229e+06
5.22902e+06
5.80327e+06
6.28601e+06
6.6696e+06
6.948e+06
7.11683e+06
7.17342e+06
7.11687e+06
6.94809e+06
6.66973e+06
6.28617e+06
5.80348e+06
5.22924e+06
4.57257e+06
3.84376e+06
3.05436e+06
2.21672e+06
1.34415e+06
450465
453908
1.35559e+06
2.23588e+06
3.0809e+06
3.87733e+06
4.6126e+06
5.27512e+06
5.85444e+06
6.34143e+06
6.72841e+06
7.00927e+06
7.17959e+06
7.23667e+06
7.17963e+06
7.00936e+06
6.72854e+06
6.34161e+06
5.85466e+06
5.27535e+06
4.61289e+06
3.87765e+06
3.08129e+06
2.23627e+06
1.356e+06
454437
449127
1.34129e+06
2.2123e+06
3.04841e+06
3.83643e+06
4.56395e+06
5.21948e+06
5.79269e+06
6.27454e+06
6.65743e+06
6.93533e+06
7.10385e+06
7.16033e+06
7.10389e+06
6.93542e+06
6.65756e+06
6.27471e+06
5.7929e+06
5.2197e+06
4.56423e+06
3.83674e+06
3.04878e+06
2.21268e+06
1.3417e+06
449644
449127
1.34129e+06
2.2123e+06
3.04841e+06
3.83643e+06
4.56395e+06
5.21948e+06
5.79269e+06
6.27454e+06
6.65743e+06
6.93533e+06
7.10385e+06
7.16034e+06
7.10389e+06
6.93542e+06
6.65756e+06
6.27471e+06
5.7929e+06
5.2197e+06
4.56423e+06
3.83675e+06
3.04878e+06
2.21268e+06
1.3417e+06
449644
453908
1.35559e+06
2.23588e+06
3.0809e+06
3.87733e+06
4.6126e+06
5.27512e+06
5.85444e+06
6.34143e+06
6.72841e+06
7.00927e+06
7.17959e+06
7.23667e+06
7.17963e+06
7.00936e+06
6.72854e+06
6.34161e+06
5.85466e+06
5.27535e+06
4.61289e+06
3.87765e+06
3.08129e+06
2.23627e+06
1.356e+06
454437
)
;

boundaryField
{
    outletCentralUnloaded
    {
        type            calculated;
        value           uniform 0;
    }
    inletCentralUnloaded
    {
        type            calculated;
        value           uniform 0;
    }
    outletFuelElement
    {
        type            calculated;
        value           uniform 0;
    }
    inletFuelElement
    {
        type            calculated;
        value           nonuniform List<scalar> 
12
(
3.04907e+06
3.04786e+06
3.04898e+06
3.04818e+06
3.04818e+06
3.04898e+06
3.04786e+06
3.04907e+06
3.04818e+06
3.04898e+06
3.04898e+06
3.04818e+06
)
;
    }
    defaultFaces
    {
        type            calculated;
        value           nonuniform List<scalar> 
450
(
0
0
0
0
0
0
0
0
0
0
0
0
0
0
0
0
0
0
0
0
0
0
0
0
0
0
0
0
0
0
0
0
0
0
0
0
0
0
0
0
0
0
0
0
0
0
0
0
1.25084e+06
1.25084e+06
1.25084e+06
2.34078e+06
2.34078e+06
2.34078e+06
3.08328e+06
3.08328e+06
3.08328e+06
3.50333e+06
3.50333e+06
3.50333e+06
3.64455e+06
3.64455e+06
3.64455e+06
3.57234e+06
3.57234e+06
3.57234e+06
3.37682e+06
3.37682e+06
3.37682e+06
3.16972e+06
3.16972e+06
3.16972e+06
3.01553e+06
3.01553e+06
3.01553e+06
0
0
0
0
0
0
0
0
0
0
0
0
0
0
0
0
0
0
0
0
0
0
0
0
0
0
0
0
0
0
0
0
1.26947e+06
1.26947e+06
2.35361e+06
2.35361e+06
3.09159e+06
3.09159e+06
3.50831e+06
3.50831e+06
3.64727e+06
3.64727e+06
3.57368e+06
3.57368e+06
3.37738e+06
3.37738e+06
3.16985e+06
3.16985e+06
3.0155e+06
3.0155e+06
0
0
0
0
0
0
0
0
0
0
0
0
0
0
0
0
1.15537e+06
2.27424e+06
3.03942e+06
3.47617e+06
3.6287e+06
3.56328e+06
3.37135e+06
3.16636e+06
3.01435e+06
0
0
0
0
0
0
0
0
0
0
0
0
0
0
0
0
1.15537e+06
2.27424e+06
3.03942e+06
3.47617e+06
3.6287e+06
3.56328e+06
3.37135e+06
3.16636e+06
3.01435e+06
0
0
0
0
0
0
0
0
0
0
0
0
0
0
0
0
0
0
0
0
0
0
0
0
0
0
0
0
0
0
0
0
1.26945e+06
1.26945e+06
2.3536e+06
2.3536e+06
3.09159e+06
3.09159e+06
3.5083e+06
3.5083e+06
3.64727e+06
3.64727e+06
3.57367e+06
3.57367e+06
3.37738e+06
3.37738e+06
3.16984e+06
3.16984e+06
3.0155e+06
3.0155e+06
0
0
0
0
0
0
0
0
0
0
0
0
0
0
0
0
0
0
0
0
0
0
0
0
0
0
0
0
0
0
0
0
0
0
0
0
0
0
0
0
0
0
0
0
0
0
0
0
1.25084e+06
1.25084e+06
1.25084e+06
2.34078e+06
2.34078e+06
2.34078e+06
3.08328e+06
3.08328e+06
3.08328e+06
3.50333e+06
3.50333e+06
3.50333e+06
3.64455e+06
3.64455e+06
3.64455e+06
3.57234e+06
3.57234e+06
3.57234e+06
3.37682e+06
3.37682e+06
3.37682e+06
3.16972e+06
3.16972e+06
3.16972e+06
3.01553e+06
3.01553e+06
3.01553e+06
0
0
0
0
0
0
0
0
0
0
0
0
0
0
0
0
1.15537e+06
2.27424e+06
3.03942e+06
3.47617e+06
3.6287e+06
3.56328e+06
3.37135e+06
3.16636e+06
3.01435e+06
0
0
0
0
0
0
0
0
0
0
0
0
0
0
0
0
0
0
0
0
0
0
0
0
0
0
0
0
0
0
0
0
1.26946e+06
1.26946e+06
2.35361e+06
2.35361e+06
3.09159e+06
3.09159e+06
3.50831e+06
3.50831e+06
3.64727e+06
3.64727e+06
3.57367e+06
3.57367e+06
3.37738e+06
3.37738e+06
3.16985e+06
3.16985e+06
3.0155e+06
3.0155e+06
0
0
0
0
0
0
0
0
0
0
0
0
0
0
0
0
0
0
0
0
0
0
0
0
0
0
0
0
0
0
0
0
1.26945e+06
1.26945e+06
2.3536e+06
2.3536e+06
3.09159e+06
3.09159e+06
3.5083e+06
3.5083e+06
3.64727e+06
3.64727e+06
3.57367e+06
3.57367e+06
3.37738e+06
3.37738e+06
3.16984e+06
3.16984e+06
3.0155e+06
3.0155e+06
0
0
0
0
0
0
0
0
0
0
0
0
0
0
0
0
1.15538e+06
2.27425e+06
3.03942e+06
3.47617e+06
3.6287e+06
3.56328e+06
3.37135e+06
3.16636e+06
3.01435e+06
)
;
    }
    baffle_master
    {
        type            calculated;
        value           uniform 0;
    }
    baffle_slave
    {
        type            calculated;
        value           nonuniform List<scalar> 
150
(
0
0
0
0
0
0
0
0
0
0
0
0
0
0
0
0
0
0
0
0
0
0
0
0
0
0
0
0
0
0
0
0
0
0
0
0
0
0
0
0
0
0
0
0
0
0
0
0
1.12661e+06
1.15537e+06
1.15538e+06
2.25415e+06
2.27424e+06
2.27425e+06
3.02614e+06
3.03942e+06
3.03942e+06
3.46791e+06
3.47617e+06
3.47617e+06
3.62385e+06
3.6287e+06
3.6287e+06
3.56047e+06
3.56328e+06
3.56328e+06
3.36963e+06
3.37135e+06
3.37135e+06
3.16526e+06
3.16636e+06
3.16636e+06
3.01394e+06
3.01435e+06
3.01435e+06
0
0
0
0
0
0
0
0
0
0
0
0
0
0
0
0
0
0
0
0
0
0
0
0
0
0
0
0
0
0
0
0
0
0
0
0
0
0
0
0
0
0
0
0
0
0
0
0
1.15537e+06
1.12661e+06
1.15537e+06
2.27424e+06
2.25415e+06
2.27424e+06
3.03942e+06
3.02614e+06
3.03942e+06
3.47617e+06
3.46791e+06
3.47617e+06
3.6287e+06
3.62385e+06
3.6287e+06
3.56328e+06
3.56047e+06
3.56328e+06
3.37135e+06
3.36963e+06
3.37135e+06
3.16636e+06
3.16526e+06
3.16636e+06
3.01435e+06
3.01394e+06
3.01435e+06
)
;
    }
}


// ************************************************************************* //
