/*--------------------------------*- C++ -*----------------------------------*\
| =========                 |                                                 |
| \\      /  F ield         | OpenFOAM: The Open Source CFD Toolbox           |
|  \\    /   O peration     | Version:  2212                                  |
|   \\  /    A nd           | Website:  www.openfoam.com                      |
|    \\/     M anipulation  |                                                 |
\*---------------------------------------------------------------------------*/
FoamFile
{
    version     2.0;
    format      ascii;
    arch        "LSB;label=32;scalar=64";
    class       volScalarField;
    location    "67/fluidRegion";
    object      htc;
}
// * * * * * * * * * * * * * * * * * * * * * * * * * * * * * * * * * * * * * //

dimensions      [1 0 -3 -1 0 0 0];

internalField   nonuniform List<scalar> 
350
(
3101.35
3101.37
3101.4
3101.42
3101.44
3101.46
3101.48
3101.51
3101.55
3101.57
3101.6
3101.62
3101.63
3101.63
3101.63
3101.63
3101.63
3101.63
3101.63
3101.63
3101.64
3101.66
3101.68
3101.72
3106.9
3101.35
3101.37
3101.4
3101.42
3101.44
3101.46
3101.48
3101.51
3101.55
3101.57
3101.6
3101.62
3101.63
3101.63
3101.63
3101.63
3101.63
3101.63
3101.63
3101.63
3101.64
3101.66
3101.68
3101.72
3106.9
27257.6
27176
26988.6
26676.2
26240.2
25682.7
25006.6
24215.8
23315.5
22312.7
21217.1
20041.1
18799.8
17510.1
16188.5
14848.8
13501.6
12154.7
10817.4
9505.78
8247.9
7090.32
6104.21
5383.44
4944.17
27346.6
27264.6
27077.9
26765.5
26329
25770.5
25092.8
24299.6
23396
22388.9
21287.6
20104.6
18855.2
17556.8
16226.7
14879.3
13525.6
12173.3
10831.5
9515.35
8252.89
7090.83
6101.17
5379.19
4942.2
27243.5
27161.5
26974.1
26661.8
26225.9
25668.6
24992.8
24202.4
23302.6
22300.6
21205.9
20031
18791
17502.6
16182.3
14843.8
13497.5
12151.4
10814.8
9503.76
8246.5
7089.48
6103.79
5383.17
4944.03
27326.8
27245
27058.1
26745.6
26309.2
25750.9
25073.5
24280.8
23377.9
22371.7
21271.7
20090.2
18842.7
17546.2
16218
14872.5
13520.2
12169.2
10828.3
9513.25
8251.84
7090.81
6101.98
5380.29
4942.73
27326.8
27245
27058.1
26745.6
26309.2
25750.9
25073.5
24280.8
23377.9
22371.7
21271.7
20090.2
18842.7
17546.2
16218
14872.5
13520.2
12169.2
10828.3
9513.25
8251.84
7090.81
6101.98
5380.29
4942.73
27243.5
27161.6
26974.2
26661.8
26225.9
25668.6
24992.8
24202.4
23302.6
22300.6
21205.9
20031
18791
17502.6
16182.3
14843.8
13497.5
12151.4
10814.8
9503.76
8246.49
7089.48
6103.78
5383.16
4944.02
27346.6
27264.6
27077.9
26765.5
26329
25770.5
25092.8
24299.6
23396
22388.9
21287.6
20104.6
18855.2
17556.8
16226.7
14879.3
13525.6
12173.3
10831.5
9515.35
8252.89
7090.83
6101.17
5379.19
4942.21
27257.6
27176
26988.6
26676.2
26240.2
25682.7
25006.6
24215.8
23315.5
22312.7
21217.1
20041.1
18799.8
17510.1
16188.5
14848.8
13501.6
12154.7
10817.4
9505.78
8247.9
7090.32
6104.21
5383.44
4944.18
27326.8
27245
27058.1
26745.6
26309.2
25750.9
25073.5
24280.8
23377.9
22371.7
21271.7
20090.2
18842.7
17546.2
16218
14872.5
13520.2
12169.2
10828.3
9513.25
8251.84
7090.81
6101.98
5380.29
4942.73
27243.5
27161.5
26974.1
26661.8
26225.9
25668.6
24992.8
24202.4
23302.6
22300.6
21205.9
20031
18791
17502.6
16182.3
14843.8
13497.5
12151.4
10814.8
9503.76
8246.5
7089.48
6103.79
5383.17
4944.03
27243.5
27161.6
26974.2
26661.8
26225.9
25668.6
24992.8
24202.4
23302.6
22300.6
21205.9
20031
18791
17502.6
16182.3
14843.8
13497.5
12151.4
10814.8
9503.76
8246.49
7089.48
6103.78
5383.16
4944.02
27326.8
27245
27058.1
26745.6
26309.2
25750.9
25073.5
24280.8
23377.9
22371.7
21271.7
20090.2
18842.7
17546.2
16218
14872.5
13520.2
12169.2
10828.3
9513.25
8251.84
7090.81
6101.98
5380.29
4942.73
)
;

boundaryField
{
    outletCentralUnloaded
    {
        type            zeroGradient;
    }
    inletCentralUnloaded
    {
        type            zeroGradient;
    }
    outletFuelElement
    {
        type            zeroGradient;
    }
    inletFuelElement
    {
        type            zeroGradient;
    }
    defaultFaces
    {
        type            zeroGradient;
    }
    baffle_master
    {
        type            zeroGradient;
    }
    baffle_slave
    {
        type            zeroGradient;
    }
}


// ************************************************************************* //
