/*--------------------------------*- C++ -*----------------------------------*\
| =========                 |                                                 |
| \\      /  F ield         | OpenFOAM: The Open Source CFD Toolbox           |
|  \\    /   O peration     | Version:  2212                                  |
|   \\  /    A nd           | Website:  www.openfoam.com                      |
|    \\/     M anipulation  |                                                 |
\*---------------------------------------------------------------------------*/
FoamFile
{
    version     2.0;
    format      ascii;
    arch        "LSB;label=32;scalar=64";
    class       volTensorField;
    location    "67/fluidRegion";
    object      Kd;
}
// * * * * * * * * * * * * * * * * * * * * * * * * * * * * * * * * * * * * * //

dimensions      [1 -3 -1 0 0 0 0];

internalField   nonuniform List<tensor> 
350
(
(84.7413 0 0 0 84.7413 0 0 0 84.7413)
(84.7414 0 0 0 84.7414 0 0 0 84.7414)
(84.7416 0 0 0 84.7416 0 0 0 84.7416)
(84.7418 0 0 0 84.7418 0 0 0 84.7418)
(84.7418 0 0 0 84.7418 0 0 0 84.7418)
(84.7419 0 0 0 84.7419 0 0 0 84.7419)
(84.7421 0 0 0 84.7421 0 0 0 84.7421)
(84.7424 0 0 0 84.7424 0 0 0 84.7424)
(84.7428 0 0 0 84.7428 0 0 0 84.7428)
(84.7432 0 0 0 84.7432 0 0 0 84.7432)
(84.7434 0 0 0 84.7434 0 0 0 84.7434)
(84.7434 0 0 0 84.7434 0 0 0 84.7434)
(84.7432 0 0 0 84.7432 0 0 0 84.7432)
(84.7429 0 0 0 84.7429 0 0 0 84.7429)
(84.7426 0 0 0 84.7426 0 0 0 84.7426)
(84.7421 0 0 0 84.7421 0 0 0 84.7421)
(84.7416 0 0 0 84.7416 0 0 0 84.7416)
(84.7412 0 0 0 84.7412 0 0 0 84.7412)
(84.7408 0 0 0 84.7408 0 0 0 84.7408)
(84.7405 0 0 0 84.7405 0 0 0 84.7405)
(84.7403 0 0 0 84.7403 0 0 0 84.7403)
(84.7403 0 0 0 84.7403 0 0 0 84.7403)
(84.7405 0 0 0 84.7405 0 0 0 84.7405)
(84.741 0 0 0 84.741 0 0 0 84.741)
(84.8734 0 0 0 84.8734 0 0 0 84.8734)
(84.7413 0 0 0 84.7413 0 0 0 84.7413)
(84.7414 0 0 0 84.7414 0 0 0 84.7414)
(84.7416 0 0 0 84.7416 0 0 0 84.7416)
(84.7418 0 0 0 84.7418 0 0 0 84.7418)
(84.7418 0 0 0 84.7418 0 0 0 84.7418)
(84.7419 0 0 0 84.7419 0 0 0 84.7419)
(84.7421 0 0 0 84.7421 0 0 0 84.7421)
(84.7424 0 0 0 84.7424 0 0 0 84.7424)
(84.7428 0 0 0 84.7428 0 0 0 84.7428)
(84.7432 0 0 0 84.7432 0 0 0 84.7432)
(84.7434 0 0 0 84.7434 0 0 0 84.7434)
(84.7434 0 0 0 84.7434 0 0 0 84.7434)
(84.7432 0 0 0 84.7432 0 0 0 84.7432)
(84.7429 0 0 0 84.7429 0 0 0 84.7429)
(84.7426 0 0 0 84.7426 0 0 0 84.7426)
(84.7421 0 0 0 84.7421 0 0 0 84.7421)
(84.7416 0 0 0 84.7416 0 0 0 84.7416)
(84.7412 0 0 0 84.7412 0 0 0 84.7412)
(84.7408 0 0 0 84.7408 0 0 0 84.7408)
(84.7405 0 0 0 84.7405 0 0 0 84.7405)
(84.7403 0 0 0 84.7403 0 0 0 84.7403)
(84.7403 0 0 0 84.7403 0 0 0 84.7403)
(84.7405 0 0 0 84.7405 0 0 0 84.7405)
(84.741 0 0 0 84.741 0 0 0 84.741)
(84.8734 0 0 0 84.8734 0 0 0 84.8734)
(682.653 0 0 0 682.653 0 0 0 682.653)
(682.2 0 0 0 682.2 0 0 0 682.2)
(682.211 0 0 0 682.211 0 0 0 682.211)
(682.214 0 0 0 682.214 0 0 0 682.214)
(682.204 0 0 0 682.204 0 0 0 682.204)
(682.182 0 0 0 682.182 0 0 0 682.182)
(682.146 0 0 0 682.146 0 0 0 682.146)
(682.094 0 0 0 682.094 0 0 0 682.094)
(682.025 0 0 0 682.025 0 0 0 682.025)
(681.936 0 0 0 681.936 0 0 0 681.936)
(681.826 0 0 0 681.826 0 0 0 681.826)
(681.694 0 0 0 681.694 0 0 0 681.694)
(681.542 0 0 0 681.542 0 0 0 681.542)
(681.369 0 0 0 681.369 0 0 0 681.369)
(681.172 0 0 0 681.172 0 0 0 681.172)
(680.943 0 0 0 680.943 0 0 0 680.943)
(680.663 0 0 0 680.663 0 0 0 680.663)
(680.316 0 0 0 680.316 0 0 0 680.316)
(679.894 0 0 0 679.894 0 0 0 679.894)
(679.451 0 0 0 679.451 0 0 0 679.451)
(679.167 0 0 0 679.167 0 0 0 679.167)
(679.593 0 0 0 679.593 0 0 0 679.593)
(682.062 0 0 0 682.062 0 0 0 682.062)
(688.945 0 0 0 688.945 0 0 0 688.945)
(693.463 0 0 0 693.463 0 0 0 693.463)
(678.113 0 0 0 678.113 0 0 0 678.113)
(677.588 0 0 0 677.588 0 0 0 677.588)
(677.561 0 0 0 677.561 0 0 0 677.561)
(677.524 0 0 0 677.524 0 0 0 677.524)
(677.479 0 0 0 677.479 0 0 0 677.479)
(677.424 0 0 0 677.424 0 0 0 677.424)
(677.357 0 0 0 677.357 0 0 0 677.357)
(677.277 0 0 0 677.277 0 0 0 677.277)
(677.18 0 0 0 677.18 0 0 0 677.18)
(677.067 0 0 0 677.067 0 0 0 677.067)
(676.937 0 0 0 676.937 0 0 0 676.937)
(676.794 0 0 0 676.794 0 0 0 676.794)
(676.644 0 0 0 676.644 0 0 0 676.644)
(676.497 0 0 0 676.497 0 0 0 676.497)
(676.36 0 0 0 676.36 0 0 0 676.36)
(676.233 0 0 0 676.233 0 0 0 676.233)
(676.104 0 0 0 676.104 0 0 0 676.104)
(675.958 0 0 0 675.958 0 0 0 675.958)
(675.786 0 0 0 675.786 0 0 0 675.786)
(675.648 0 0 0 675.648 0 0 0 675.648)
(675.736 0 0 0 675.736 0 0 0 675.736)
(676.634 0 0 0 676.634 0 0 0 676.634)
(679.732 0 0 0 679.732 0 0 0 679.732)
(687.455 0 0 0 687.455 0 0 0 687.455)
(692.978 0 0 0 692.978 0 0 0 692.978)
(683.412 0 0 0 683.412 0 0 0 683.412)
(682.955 0 0 0 682.955 0 0 0 682.955)
(682.97 0 0 0 682.97 0 0 0 682.97)
(682.975 0 0 0 682.975 0 0 0 682.975)
(682.968 0 0 0 682.968 0 0 0 682.968)
(682.947 0 0 0 682.947 0 0 0 682.947)
(682.913 0 0 0 682.913 0 0 0 682.913)
(682.862 0 0 0 682.862 0 0 0 682.862)
(682.793 0 0 0 682.793 0 0 0 682.793)
(682.703 0 0 0 682.703 0 0 0 682.703)
(682.592 0 0 0 682.592 0 0 0 682.592)
(682.457 0 0 0 682.457 0 0 0 682.457)
(682.299 0 0 0 682.299 0 0 0 682.299)
(682.115 0 0 0 682.115 0 0 0 682.115)
(681.903 0 0 0 681.903 0 0 0 681.903)
(681.649 0 0 0 681.649 0 0 0 681.649)
(681.338 0 0 0 681.338 0 0 0 681.338)
(680.95 0 0 0 680.95 0 0 0 680.95)
(680.479 0 0 0 680.479 0 0 0 680.479)
(679.976 0 0 0 679.976 0 0 0 679.976)
(679.62 0 0 0 679.62 0 0 0 679.62)
(679.955 0 0 0 679.955 0 0 0 679.955)
(682.309 0 0 0 682.309 0 0 0 682.309)
(689.057 0 0 0 689.057 0 0 0 689.057)
(693.48 0 0 0 693.48 0 0 0 693.48)
(679.129 0 0 0 679.129 0 0 0 679.129)
(678.624 0 0 0 678.624 0 0 0 678.624)
(678.608 0 0 0 678.608 0 0 0 678.608)
(678.582 0 0 0 678.582 0 0 0 678.582)
(678.547 0 0 0 678.547 0 0 0 678.547)
(678.501 0 0 0 678.501 0 0 0 678.501)
(678.443 0 0 0 678.443 0 0 0 678.443)
(678.371 0 0 0 678.371 0 0 0 678.371)
(678.283 0 0 0 678.283 0 0 0 678.283)
(678.177 0 0 0 678.177 0 0 0 678.177)
(678.053 0 0 0 678.053 0 0 0 678.053)
(677.914 0 0 0 677.914 0 0 0 677.914)
(677.765 0 0 0 677.765 0 0 0 677.765)
(677.615 0 0 0 677.615 0 0 0 677.615)
(677.466 0 0 0 677.466 0 0 0 677.466)
(677.317 0 0 0 677.317 0 0 0 677.317)
(677.156 0 0 0 677.156 0 0 0 677.156)
(676.965 0 0 0 676.965 0 0 0 676.965)
(676.737 0 0 0 676.737 0 0 0 676.737)
(676.531 0 0 0 676.531 0 0 0 676.531)
(676.535 0 0 0 676.535 0 0 0 676.535)
(677.327 0 0 0 677.327 0 0 0 677.327)
(680.282 0 0 0 680.282 0 0 0 680.282)
(687.814 0 0 0 687.814 0 0 0 687.814)
(693.098 0 0 0 693.098 0 0 0 693.098)
(679.129 0 0 0 679.129 0 0 0 679.129)
(678.624 0 0 0 678.624 0 0 0 678.624)
(678.608 0 0 0 678.608 0 0 0 678.608)
(678.582 0 0 0 678.582 0 0 0 678.582)
(678.547 0 0 0 678.547 0 0 0 678.547)
(678.501 0 0 0 678.501 0 0 0 678.501)
(678.443 0 0 0 678.443 0 0 0 678.443)
(678.371 0 0 0 678.371 0 0 0 678.371)
(678.283 0 0 0 678.283 0 0 0 678.283)
(678.177 0 0 0 678.177 0 0 0 678.177)
(678.053 0 0 0 678.053 0 0 0 678.053)
(677.914 0 0 0 677.914 0 0 0 677.914)
(677.765 0 0 0 677.765 0 0 0 677.765)
(677.615 0 0 0 677.615 0 0 0 677.615)
(677.466 0 0 0 677.466 0 0 0 677.466)
(677.317 0 0 0 677.317 0 0 0 677.317)
(677.156 0 0 0 677.156 0 0 0 677.156)
(676.965 0 0 0 676.965 0 0 0 676.965)
(676.737 0 0 0 676.737 0 0 0 676.737)
(676.531 0 0 0 676.531 0 0 0 676.531)
(676.535 0 0 0 676.535 0 0 0 676.535)
(677.327 0 0 0 677.327 0 0 0 677.327)
(680.282 0 0 0 680.282 0 0 0 680.282)
(687.814 0 0 0 687.814 0 0 0 687.814)
(693.098 0 0 0 693.098 0 0 0 693.098)
(683.412 0 0 0 683.412 0 0 0 683.412)
(682.955 0 0 0 682.955 0 0 0 682.955)
(682.97 0 0 0 682.97 0 0 0 682.97)
(682.975 0 0 0 682.975 0 0 0 682.975)
(682.968 0 0 0 682.968 0 0 0 682.968)
(682.947 0 0 0 682.947 0 0 0 682.947)
(682.913 0 0 0 682.913 0 0 0 682.913)
(682.862 0 0 0 682.862 0 0 0 682.862)
(682.793 0 0 0 682.793 0 0 0 682.793)
(682.703 0 0 0 682.703 0 0 0 682.703)
(682.592 0 0 0 682.592 0 0 0 682.592)
(682.457 0 0 0 682.457 0 0 0 682.457)
(682.298 0 0 0 682.298 0 0 0 682.298)
(682.115 0 0 0 682.115 0 0 0 682.115)
(681.902 0 0 0 681.902 0 0 0 681.902)
(681.649 0 0 0 681.649 0 0 0 681.649)
(681.337 0 0 0 681.337 0 0 0 681.337)
(680.949 0 0 0 680.949 0 0 0 680.949)
(680.478 0 0 0 680.478 0 0 0 680.478)
(679.975 0 0 0 679.975 0 0 0 679.975)
(679.619 0 0 0 679.619 0 0 0 679.619)
(679.954 0 0 0 679.954 0 0 0 679.954)
(682.308 0 0 0 682.308 0 0 0 682.308)
(689.055 0 0 0 689.055 0 0 0 689.055)
(693.479 0 0 0 693.479 0 0 0 693.479)
(678.113 0 0 0 678.113 0 0 0 678.113)
(677.588 0 0 0 677.588 0 0 0 677.588)
(677.561 0 0 0 677.561 0 0 0 677.561)
(677.524 0 0 0 677.524 0 0 0 677.524)
(677.479 0 0 0 677.479 0 0 0 677.479)
(677.424 0 0 0 677.424 0 0 0 677.424)
(677.357 0 0 0 677.357 0 0 0 677.357)
(677.277 0 0 0 677.277 0 0 0 677.277)
(677.18 0 0 0 677.18 0 0 0 677.18)
(677.067 0 0 0 677.067 0 0 0 677.067)
(676.937 0 0 0 676.937 0 0 0 676.937)
(676.794 0 0 0 676.794 0 0 0 676.794)
(676.644 0 0 0 676.644 0 0 0 676.644)
(676.497 0 0 0 676.497 0 0 0 676.497)
(676.36 0 0 0 676.36 0 0 0 676.36)
(676.233 0 0 0 676.233 0 0 0 676.233)
(676.104 0 0 0 676.104 0 0 0 676.104)
(675.958 0 0 0 675.958 0 0 0 675.958)
(675.786 0 0 0 675.786 0 0 0 675.786)
(675.648 0 0 0 675.648 0 0 0 675.648)
(675.736 0 0 0 675.736 0 0 0 675.736)
(676.634 0 0 0 676.634 0 0 0 676.634)
(679.732 0 0 0 679.732 0 0 0 679.732)
(687.455 0 0 0 687.455 0 0 0 687.455)
(692.978 0 0 0 692.978 0 0 0 692.978)
(682.653 0 0 0 682.653 0 0 0 682.653)
(682.2 0 0 0 682.2 0 0 0 682.2)
(682.211 0 0 0 682.211 0 0 0 682.211)
(682.214 0 0 0 682.214 0 0 0 682.214)
(682.204 0 0 0 682.204 0 0 0 682.204)
(682.182 0 0 0 682.182 0 0 0 682.182)
(682.146 0 0 0 682.146 0 0 0 682.146)
(682.094 0 0 0 682.094 0 0 0 682.094)
(682.025 0 0 0 682.025 0 0 0 682.025)
(681.936 0 0 0 681.936 0 0 0 681.936)
(681.826 0 0 0 681.826 0 0 0 681.826)
(681.694 0 0 0 681.694 0 0 0 681.694)
(681.542 0 0 0 681.542 0 0 0 681.542)
(681.369 0 0 0 681.369 0 0 0 681.369)
(681.172 0 0 0 681.172 0 0 0 681.172)
(680.943 0 0 0 680.943 0 0 0 680.943)
(680.663 0 0 0 680.663 0 0 0 680.663)
(680.316 0 0 0 680.316 0 0 0 680.316)
(679.894 0 0 0 679.894 0 0 0 679.894)
(679.451 0 0 0 679.451 0 0 0 679.451)
(679.167 0 0 0 679.167 0 0 0 679.167)
(679.593 0 0 0 679.593 0 0 0 679.593)
(682.062 0 0 0 682.062 0 0 0 682.062)
(688.945 0 0 0 688.945 0 0 0 688.945)
(693.463 0 0 0 693.463 0 0 0 693.463)
(679.129 0 0 0 679.129 0 0 0 679.129)
(678.624 0 0 0 678.624 0 0 0 678.624)
(678.608 0 0 0 678.608 0 0 0 678.608)
(678.582 0 0 0 678.582 0 0 0 678.582)
(678.547 0 0 0 678.547 0 0 0 678.547)
(678.501 0 0 0 678.501 0 0 0 678.501)
(678.443 0 0 0 678.443 0 0 0 678.443)
(678.371 0 0 0 678.371 0 0 0 678.371)
(678.283 0 0 0 678.283 0 0 0 678.283)
(678.177 0 0 0 678.177 0 0 0 678.177)
(678.053 0 0 0 678.053 0 0 0 678.053)
(677.914 0 0 0 677.914 0 0 0 677.914)
(677.765 0 0 0 677.765 0 0 0 677.765)
(677.615 0 0 0 677.615 0 0 0 677.615)
(677.466 0 0 0 677.466 0 0 0 677.466)
(677.317 0 0 0 677.317 0 0 0 677.317)
(677.156 0 0 0 677.156 0 0 0 677.156)
(676.965 0 0 0 676.965 0 0 0 676.965)
(676.737 0 0 0 676.737 0 0 0 676.737)
(676.53 0 0 0 676.53 0 0 0 676.53)
(676.535 0 0 0 676.535 0 0 0 676.535)
(677.327 0 0 0 677.327 0 0 0 677.327)
(680.282 0 0 0 680.282 0 0 0 680.282)
(687.814 0 0 0 687.814 0 0 0 687.814)
(693.098 0 0 0 693.098 0 0 0 693.098)
(683.412 0 0 0 683.412 0 0 0 683.412)
(682.955 0 0 0 682.955 0 0 0 682.955)
(682.97 0 0 0 682.97 0 0 0 682.97)
(682.975 0 0 0 682.975 0 0 0 682.975)
(682.968 0 0 0 682.968 0 0 0 682.968)
(682.947 0 0 0 682.947 0 0 0 682.947)
(682.913 0 0 0 682.913 0 0 0 682.913)
(682.862 0 0 0 682.862 0 0 0 682.862)
(682.793 0 0 0 682.793 0 0 0 682.793)
(682.703 0 0 0 682.703 0 0 0 682.703)
(682.592 0 0 0 682.592 0 0 0 682.592)
(682.457 0 0 0 682.457 0 0 0 682.457)
(682.299 0 0 0 682.299 0 0 0 682.299)
(682.115 0 0 0 682.115 0 0 0 682.115)
(681.902 0 0 0 681.902 0 0 0 681.902)
(681.649 0 0 0 681.649 0 0 0 681.649)
(681.338 0 0 0 681.338 0 0 0 681.338)
(680.95 0 0 0 680.95 0 0 0 680.95)
(680.479 0 0 0 680.479 0 0 0 680.479)
(679.976 0 0 0 679.976 0 0 0 679.976)
(679.62 0 0 0 679.62 0 0 0 679.62)
(679.955 0 0 0 679.955 0 0 0 679.955)
(682.309 0 0 0 682.309 0 0 0 682.309)
(689.057 0 0 0 689.057 0 0 0 689.057)
(693.48 0 0 0 693.48 0 0 0 693.48)
(683.412 0 0 0 683.412 0 0 0 683.412)
(682.955 0 0 0 682.955 0 0 0 682.955)
(682.97 0 0 0 682.97 0 0 0 682.97)
(682.975 0 0 0 682.975 0 0 0 682.975)
(682.968 0 0 0 682.968 0 0 0 682.968)
(682.947 0 0 0 682.947 0 0 0 682.947)
(682.913 0 0 0 682.913 0 0 0 682.913)
(682.862 0 0 0 682.862 0 0 0 682.862)
(682.793 0 0 0 682.793 0 0 0 682.793)
(682.703 0 0 0 682.703 0 0 0 682.703)
(682.592 0 0 0 682.592 0 0 0 682.592)
(682.457 0 0 0 682.457 0 0 0 682.457)
(682.299 0 0 0 682.299 0 0 0 682.299)
(682.115 0 0 0 682.115 0 0 0 682.115)
(681.902 0 0 0 681.902 0 0 0 681.902)
(681.649 0 0 0 681.649 0 0 0 681.649)
(681.337 0 0 0 681.337 0 0 0 681.337)
(680.95 0 0 0 680.95 0 0 0 680.95)
(680.478 0 0 0 680.478 0 0 0 680.478)
(679.976 0 0 0 679.976 0 0 0 679.976)
(679.619 0 0 0 679.619 0 0 0 679.619)
(679.954 0 0 0 679.954 0 0 0 679.954)
(682.308 0 0 0 682.308 0 0 0 682.308)
(689.055 0 0 0 689.055 0 0 0 689.055)
(693.479 0 0 0 693.479 0 0 0 693.479)
(679.129 0 0 0 679.129 0 0 0 679.129)
(678.624 0 0 0 678.624 0 0 0 678.624)
(678.608 0 0 0 678.608 0 0 0 678.608)
(678.582 0 0 0 678.582 0 0 0 678.582)
(678.547 0 0 0 678.547 0 0 0 678.547)
(678.501 0 0 0 678.501 0 0 0 678.501)
(678.443 0 0 0 678.443 0 0 0 678.443)
(678.371 0 0 0 678.371 0 0 0 678.371)
(678.283 0 0 0 678.283 0 0 0 678.283)
(678.177 0 0 0 678.177 0 0 0 678.177)
(678.053 0 0 0 678.053 0 0 0 678.053)
(677.914 0 0 0 677.914 0 0 0 677.914)
(677.766 0 0 0 677.766 0 0 0 677.766)
(677.615 0 0 0 677.615 0 0 0 677.615)
(677.466 0 0 0 677.466 0 0 0 677.466)
(677.317 0 0 0 677.317 0 0 0 677.317)
(677.156 0 0 0 677.156 0 0 0 677.156)
(676.965 0 0 0 676.965 0 0 0 676.965)
(676.737 0 0 0 676.737 0 0 0 676.737)
(676.531 0 0 0 676.531 0 0 0 676.531)
(676.535 0 0 0 676.535 0 0 0 676.535)
(677.327 0 0 0 677.327 0 0 0 677.327)
(680.282 0 0 0 680.282 0 0 0 680.282)
(687.814 0 0 0 687.814 0 0 0 687.814)
(693.098 0 0 0 693.098 0 0 0 693.098)
)
;

boundaryField
{
    outletCentralUnloaded
    {
        type            zeroGradient;
    }
    inletCentralUnloaded
    {
        type            zeroGradient;
    }
    outletFuelElement
    {
        type            zeroGradient;
    }
    inletFuelElement
    {
        type            zeroGradient;
    }
    defaultFaces
    {
        type            zeroGradient;
    }
    baffle_master
    {
        type            zeroGradient;
    }
    baffle_slave
    {
        type            zeroGradient;
    }
}


// ************************************************************************* //
