/*--------------------------------*- C++ -*----------------------------------*\
| =========                 |                                                 |
| \\      /  F ield         | OpenFOAM: The Open Source CFD Toolbox           |
|  \\    /   O peration     | Version:  2212                                  |
|   \\  /    A nd           | Website:  www.openfoam.com                      |
|    \\/     M anipulation  |                                                 |
\*---------------------------------------------------------------------------*/
FoamFile
{
    version     2.0;
    format      ascii;
    arch        "LSB;label=32;scalar=64";
    class       volScalarField;
    location    "67/fluidRegion";
    object      nut;
}
// * * * * * * * * * * * * * * * * * * * * * * * * * * * * * * * * * * * * * //

dimensions      [0 2 -1 0 0 0 0];

internalField   nonuniform List<scalar> 
350
(
0.000537601
0.000537555
0.000537513
0.000537472
0.000537431
0.000537389
0.000537345
0.0005373
0.000537257
0.000537216
0.000537176
0.000537137
0.0005371
0.000537064
0.000537031
0.000537002
0.000536982
0.000536977
0.000536993
0.000537042
0.000537143
0.000537323
0.000537624
0.000538109
0.000539495
0.000537601
0.000537555
0.000537513
0.000537472
0.000537431
0.000537389
0.000537345
0.0005373
0.000537257
0.000537216
0.000537176
0.000537137
0.0005371
0.000537064
0.000537031
0.000537002
0.000536982
0.000536977
0.000536993
0.000537042
0.000537143
0.000537323
0.000537624
0.000538109
0.000539495
0.0104225
0.010203
0.00993126
0.00960368
0.00922517
0.0088009
0.00833621
0.0078366
0.00730771
0.0067554
0.00618582
0.00560557
0.00502176
0.00444215
0.00387501
0.00332883
0.00281177
0.00233122
0.0018934
0.00150354
0.00116623
0.000885932
0.000666909
0.000511769
0.000416364
0.0104899
0.0102692
0.00999657
0.00966751
0.00928711
0.00886056
0.00839323
0.00789063
0.00735844
0.00680254
0.00622911
0.00564476
0.00505665
0.0044726
0.00390099
0.0033504
0.00282914
0.0023447
0.00190341
0.00151054
0.00117074
0.000888492
0.000668098
0.00051215
0.00041643
0.0104116
0.0101921
0.00992059
0.00959328
0.00921511
0.00879124
0.00832701
0.00782791
0.00729958
0.00674787
0.00617893
0.00559934
0.00501623
0.00443733
0.00387091
0.00332541
0.00280902
0.00232906
0.00189178
0.00150238
0.00116545
0.000885441
0.000666627
0.00051162
0.000416314
0.010475
0.0102546
0.00998207
0.00965331
0.0092733
0.00884723
0.00838046
0.00787851
0.00734704
0.00679193
0.00621934
0.0056359
0.00504874
0.00446569
0.00389509
0.00334549
0.00282519
0.00234163
0.00190113
0.00150895
0.00116972
0.000887916
0.000667836
0.000512074
0.000416421
0.010475
0.0102546
0.00998207
0.00965331
0.0092733
0.00884723
0.00838046
0.00787851
0.00734704
0.00679193
0.00621934
0.0056359
0.00504874
0.00446569
0.00389509
0.00334549
0.00282519
0.00234163
0.00190113
0.00150895
0.00116972
0.000887916
0.000667836
0.000512074
0.000416421
0.0104116
0.0101921
0.0099206
0.00959329
0.00921512
0.00879125
0.00832702
0.00782791
0.00729958
0.00674787
0.00617894
0.00559935
0.00501623
0.00443733
0.00387091
0.00332542
0.00280902
0.00232906
0.00189178
0.00150238
0.00116545
0.000885441
0.000666626
0.000511619
0.000416314
0.0104899
0.0102692
0.00999657
0.00966751
0.00928711
0.00886056
0.00839323
0.00789063
0.00735844
0.00680254
0.00622911
0.00564476
0.00505665
0.0044726
0.00390099
0.0033504
0.00282914
0.0023447
0.00190341
0.00151054
0.00117074
0.000888492
0.000668098
0.00051215
0.00041643
0.0104225
0.010203
0.00993126
0.00960368
0.00922517
0.0088009
0.00833621
0.0078366
0.00730771
0.0067554
0.00618582
0.00560557
0.00502176
0.00444215
0.00387501
0.00332883
0.00281177
0.00233122
0.0018934
0.00150354
0.00116623
0.000885933
0.000666911
0.00051177
0.000416365
0.010475
0.0102546
0.00998207
0.00965331
0.0092733
0.00884723
0.00838046
0.00787851
0.00734704
0.00679193
0.00621934
0.0056359
0.00504874
0.00446569
0.00389509
0.00334549
0.00282519
0.00234163
0.00190113
0.00150895
0.00116972
0.000887916
0.000667836
0.000512075
0.000416422
0.0104116
0.0101921
0.00992059
0.00959329
0.00921511
0.00879124
0.00832702
0.00782791
0.00729958
0.00674787
0.00617893
0.00559934
0.00501623
0.00443733
0.00387091
0.00332541
0.00280902
0.00232906
0.00189178
0.00150238
0.00116545
0.000885439
0.000666624
0.000511618
0.000416313
0.0104116
0.0101921
0.0099206
0.00959329
0.00921512
0.00879125
0.00832702
0.00782791
0.00729958
0.00674787
0.00617894
0.00559935
0.00501623
0.00443733
0.00387091
0.00332542
0.00280902
0.00232906
0.00189178
0.00150238
0.00116545
0.000885441
0.000666626
0.000511619
0.000416313
0.010475
0.0102546
0.00998207
0.00965331
0.0092733
0.00884723
0.00838046
0.00787851
0.00734704
0.00679193
0.00621934
0.0056359
0.00504874
0.00446569
0.00389509
0.00334549
0.00282519
0.00234163
0.00190113
0.00150895
0.00116972
0.000887917
0.000667838
0.000512076
0.000416423
)
;

boundaryField
{
    outletCentralUnloaded
    {
        type            zeroGradient;
    }
    inletCentralUnloaded
    {
        type            zeroGradient;
    }
    outletFuelElement
    {
        type            zeroGradient;
    }
    inletFuelElement
    {
        type            zeroGradient;
    }
    defaultFaces
    {
        type            zeroGradient;
    }
    baffle_master
    {
        type            calculated;
        value           nonuniform List<scalar> 
150
(
0.000537601
0.000537601
0.000537601
0.000537555
0.000537555
0.000537555
0.000537513
0.000537513
0.000537513
0.000537472
0.000537472
0.000537472
0.000537431
0.000537431
0.000537431
0.000537389
0.000537389
0.000537389
0.000537345
0.000537345
0.000537345
0.0005373
0.0005373
0.0005373
0.000537257
0.000537257
0.000537257
0.000537216
0.000537216
0.000537216
0.000537176
0.000537176
0.000537176
0.000537137
0.000537137
0.000537137
0.0005371
0.0005371
0.0005371
0.000537064
0.000537064
0.000537064
0.000537031
0.000537031
0.000537031
0.000537002
0.000537002
0.000537002
0.000536982
0.000536982
0.000536982
0.000536977
0.000536977
0.000536977
0.000536993
0.000536993
0.000536993
0.000537042
0.000537042
0.000537042
0.000537143
0.000537143
0.000537143
0.000537323
0.000537323
0.000537323
0.000537624
0.000537624
0.000537624
0.000538109
0.000538109
0.000538109
0.000539495
0.000539495
0.000539495
0.000537601
0.000537601
0.000537601
0.000537555
0.000537555
0.000537555
0.000537513
0.000537513
0.000537513
0.000537472
0.000537472
0.000537472
0.000537431
0.000537431
0.000537431
0.000537389
0.000537389
0.000537389
0.000537345
0.000537345
0.000537345
0.0005373
0.0005373
0.0005373
0.000537257
0.000537257
0.000537257
0.000537216
0.000537216
0.000537216
0.000537176
0.000537176
0.000537176
0.000537137
0.000537137
0.000537137
0.0005371
0.0005371
0.0005371
0.000537064
0.000537064
0.000537064
0.000537031
0.000537031
0.000537031
0.000537002
0.000537002
0.000537002
0.000536982
0.000536982
0.000536982
0.000536977
0.000536977
0.000536977
0.000536993
0.000536993
0.000536993
0.000537042
0.000537042
0.000537042
0.000537143
0.000537143
0.000537143
0.000537323
0.000537323
0.000537323
0.000537624
0.000537624
0.000537624
0.000538109
0.000538109
0.000538109
0.000539495
0.000539495
0.000539495
)
;
    }
    baffle_slave
    {
        type            calculated;
        value           nonuniform List<scalar> 
150
(
0.0104899
0.010475
0.010475
0.0102692
0.0102546
0.0102546
0.00999657
0.00998207
0.00998207
0.00966751
0.00965331
0.00965331
0.00928711
0.0092733
0.0092733
0.00886056
0.00884723
0.00884723
0.00839323
0.00838046
0.00838046
0.00789063
0.00787851
0.00787851
0.00735844
0.00734704
0.00734704
0.00680254
0.00679193
0.00679193
0.00622911
0.00621934
0.00621934
0.00564476
0.0056359
0.0056359
0.00505665
0.00504874
0.00504874
0.0044726
0.00446569
0.00446569
0.00390099
0.00389509
0.00389509
0.0033504
0.00334549
0.00334549
0.00282914
0.00282519
0.00282519
0.0023447
0.00234163
0.00234163
0.00190341
0.00190113
0.00190113
0.00151054
0.00150895
0.00150895
0.00117074
0.00116972
0.00116972
0.000888492
0.000887916
0.000887917
0.000668098
0.000667836
0.000667838
0.00051215
0.000512074
0.000512076
0.00041643
0.000416421
0.000416423
0.010475
0.0104899
0.010475
0.0102546
0.0102692
0.0102546
0.00998207
0.00999657
0.00998207
0.00965331
0.00966751
0.00965331
0.0092733
0.00928711
0.0092733
0.00884723
0.00886056
0.00884723
0.00838046
0.00839323
0.00838046
0.00787851
0.00789063
0.00787851
0.00734704
0.00735844
0.00734704
0.00679193
0.00680254
0.00679193
0.00621934
0.00622911
0.00621934
0.0056359
0.00564476
0.0056359
0.00504874
0.00505665
0.00504874
0.00446569
0.0044726
0.00446569
0.00389509
0.00390099
0.00389509
0.00334549
0.0033504
0.00334549
0.00282519
0.00282914
0.00282519
0.00234163
0.0023447
0.00234163
0.00190113
0.00190341
0.00190113
0.00150895
0.00151054
0.00150895
0.00116972
0.00117074
0.00116972
0.000887916
0.000888492
0.000887916
0.000667836
0.000668098
0.000667836
0.000512074
0.00051215
0.000512075
0.000416421
0.00041643
0.000416422
)
;
    }
}


// ************************************************************************* //
