/*--------------------------------*- C++ -*----------------------------------*\
| =========                 |                                                 |
| \\      /  F ield         | OpenFOAM: The Open Source CFD Toolbox           |
|  \\    /   O peration     | Version:  2212                                  |
|   \\  /    A nd           | Website:  www.openfoam.com                      |
|    \\/     M anipulation  |                                                 |
\*---------------------------------------------------------------------------*/
FoamFile
{
    version     2.0;
    format      ascii;
    arch        "LSB;label=32;scalar=64";
    class       volScalarField;
    location    "67/fluidRegion";
    object      p;
}
// * * * * * * * * * * * * * * * * * * * * * * * * * * * * * * * * * * * * * //

dimensions      [1 -1 -2 0 0 0 0];

internalField   nonuniform List<scalar> 
350
(
3.44743e+06
3.44772e+06
3.44802e+06
3.44831e+06
3.44861e+06
3.44891e+06
3.4492e+06
3.4495e+06
3.44979e+06
3.45009e+06
3.45039e+06
3.45068e+06
3.45098e+06
3.45127e+06
3.45157e+06
3.45186e+06
3.45216e+06
3.45245e+06
3.45275e+06
3.45304e+06
3.45334e+06
3.45363e+06
3.45393e+06
3.45422e+06
3.45451e+06
3.44743e+06
3.44772e+06
3.44802e+06
3.44831e+06
3.44861e+06
3.44891e+06
3.4492e+06
3.4495e+06
3.44979e+06
3.45009e+06
3.45039e+06
3.45068e+06
3.45098e+06
3.45127e+06
3.45157e+06
3.45186e+06
3.45216e+06
3.45245e+06
3.45275e+06
3.45304e+06
3.45334e+06
3.45363e+06
3.45393e+06
3.45422e+06
3.45451e+06
3.47385e+06
3.5257e+06
3.57693e+06
3.62725e+06
3.67634e+06
3.72392e+06
3.76973e+06
3.81355e+06
3.85515e+06
3.89435e+06
3.93099e+06
3.96494e+06
3.99608e+06
4.02433e+06
4.04965e+06
4.07203e+06
4.09153e+06
4.10822e+06
4.12226e+06
4.13381e+06
4.14307e+06
4.15027e+06
4.15565e+06
4.15951e+06
4.16218e+06
3.47385e+06
3.5257e+06
3.57693e+06
3.62725e+06
3.67634e+06
3.72392e+06
3.76973e+06
3.81355e+06
3.85515e+06
3.89435e+06
3.93099e+06
3.96494e+06
3.99608e+06
4.02433e+06
4.04965e+06
4.07203e+06
4.09153e+06
4.10822e+06
4.12226e+06
4.13381e+06
4.14307e+06
4.15027e+06
4.15565e+06
4.15951e+06
4.16218e+06
3.47385e+06
3.5257e+06
3.57693e+06
3.62725e+06
3.67634e+06
3.72392e+06
3.76973e+06
3.81355e+06
3.85515e+06
3.89435e+06
3.93099e+06
3.96494e+06
3.99608e+06
4.02433e+06
4.04965e+06
4.07203e+06
4.09153e+06
4.10822e+06
4.12226e+06
4.13381e+06
4.14307e+06
4.15027e+06
4.15565e+06
4.15951e+06
4.16218e+06
3.47385e+06
3.5257e+06
3.57693e+06
3.62725e+06
3.67634e+06
3.72392e+06
3.76973e+06
3.81355e+06
3.85515e+06
3.89435e+06
3.93099e+06
3.96494e+06
3.99608e+06
4.02433e+06
4.04965e+06
4.07203e+06
4.09153e+06
4.10822e+06
4.12226e+06
4.13381e+06
4.14307e+06
4.15027e+06
4.15565e+06
4.15951e+06
4.16218e+06
3.47385e+06
3.5257e+06
3.57693e+06
3.62725e+06
3.67634e+06
3.72392e+06
3.76973e+06
3.81355e+06
3.85515e+06
3.89435e+06
3.93099e+06
3.96494e+06
3.99608e+06
4.02433e+06
4.04965e+06
4.07203e+06
4.09153e+06
4.10822e+06
4.12226e+06
4.13381e+06
4.14307e+06
4.15027e+06
4.15565e+06
4.15951e+06
4.16218e+06
3.47385e+06
3.5257e+06
3.57693e+06
3.62725e+06
3.67634e+06
3.72392e+06
3.76973e+06
3.81355e+06
3.85515e+06
3.89435e+06
3.93099e+06
3.96494e+06
3.99608e+06
4.02433e+06
4.04965e+06
4.07203e+06
4.09153e+06
4.10822e+06
4.12226e+06
4.13381e+06
4.14307e+06
4.15027e+06
4.15565e+06
4.15951e+06
4.16218e+06
3.47385e+06
3.5257e+06
3.57693e+06
3.62725e+06
3.67634e+06
3.72392e+06
3.76973e+06
3.81355e+06
3.85515e+06
3.89435e+06
3.93099e+06
3.96494e+06
3.99608e+06
4.02433e+06
4.04965e+06
4.07203e+06
4.09153e+06
4.10822e+06
4.12226e+06
4.13381e+06
4.14307e+06
4.15027e+06
4.15565e+06
4.15951e+06
4.16218e+06
3.47385e+06
3.5257e+06
3.57693e+06
3.62725e+06
3.67634e+06
3.72392e+06
3.76973e+06
3.81355e+06
3.85515e+06
3.89435e+06
3.93099e+06
3.96494e+06
3.99608e+06
4.02433e+06
4.04965e+06
4.07203e+06
4.09153e+06
4.10822e+06
4.12226e+06
4.13381e+06
4.14307e+06
4.15027e+06
4.15565e+06
4.15951e+06
4.16218e+06
3.47385e+06
3.5257e+06
3.57693e+06
3.62725e+06
3.67634e+06
3.72392e+06
3.76973e+06
3.81355e+06
3.85515e+06
3.89435e+06
3.93099e+06
3.96494e+06
3.99608e+06
4.02433e+06
4.04965e+06
4.07203e+06
4.09153e+06
4.10822e+06
4.12226e+06
4.13381e+06
4.14307e+06
4.15027e+06
4.15565e+06
4.15951e+06
4.16218e+06
3.47385e+06
3.5257e+06
3.57693e+06
3.62725e+06
3.67634e+06
3.72392e+06
3.76973e+06
3.81355e+06
3.85515e+06
3.89435e+06
3.93099e+06
3.96494e+06
3.99608e+06
4.02433e+06
4.04965e+06
4.07203e+06
4.09153e+06
4.10822e+06
4.12226e+06
4.13381e+06
4.14307e+06
4.15027e+06
4.15565e+06
4.15951e+06
4.16218e+06
3.47385e+06
3.5257e+06
3.57693e+06
3.62725e+06
3.67634e+06
3.72392e+06
3.76973e+06
3.81355e+06
3.85515e+06
3.89435e+06
3.93099e+06
3.96494e+06
3.99608e+06
4.02433e+06
4.04965e+06
4.07203e+06
4.09153e+06
4.10822e+06
4.12226e+06
4.13381e+06
4.14307e+06
4.15027e+06
4.15565e+06
4.15951e+06
4.16218e+06
3.47385e+06
3.5257e+06
3.57693e+06
3.62725e+06
3.67634e+06
3.72392e+06
3.76973e+06
3.81355e+06
3.85515e+06
3.89435e+06
3.93099e+06
3.96494e+06
3.99608e+06
4.02433e+06
4.04965e+06
4.07203e+06
4.09153e+06
4.10822e+06
4.12226e+06
4.13381e+06
4.14307e+06
4.15027e+06
4.15565e+06
4.15951e+06
4.16218e+06
)
;

boundaryField
{
    outletCentralUnloaded
    {
        type            fixedValue;
        value           uniform 3.44728e+06;
    }
    inletCentralUnloaded
    {
        type            zeroGradient;
    }
    outletFuelElement
    {
        type            fixedValue;
        value           uniform 3.44728e+06;
    }
    inletFuelElement
    {
        type            zeroGradient;
    }
    defaultFaces
    {
        type            zeroGradient;
    }
    baffle_master
    {
        type            zeroGradient;
    }
    baffle_slave
    {
        type            zeroGradient;
    }
}


// ************************************************************************* //
