/*--------------------------------*- C++ -*----------------------------------*\
| =========                 |                                                 |
| \\      /  F ield         | OpenFOAM: The Open Source CFD Toolbox           |
|  \\    /   O peration     | Version:  2212                                  |
|   \\  /    A nd           | Website:  www.openfoam.com                      |
|    \\/     M anipulation  |                                                 |
\*---------------------------------------------------------------------------*/
FoamFile
{
    version     2.0;
    format      ascii;
    arch        "LSB;label=32;scalar=64";
    class       volScalarField;
    location    "67/fluidRegion";
    object      Re;
}
// * * * * * * * * * * * * * * * * * * * * * * * * * * * * * * * * * * * * * //

dimensions      [0 0 0 0 0 0 0];

internalField   nonuniform List<scalar> 
350
(
174030
174031
174031
174032
174032
174032
174033
174033
174034
174035
174036
174036
174036
174035
174034
174033
174031
174030
174029
174028
174028
174028
174028
174029
174392
174030
174031
174031
174032
174032
174032
174033
174033
174034
174035
174036
174036
174036
174035
174034
174033
174031
174030
174029
174028
174028
174028
174028
174029
174392
55432
55382.9
55384.2
55384.4
55383.3
55381
55377.1
55371.5
55363.9
55354.3
55342.4
55328.2
55311.7
55293
55271.7
55246.9
55216.6
55179.1
55133.4
55085.6
55054.9
55100.9
55368
56114.2
56605.4
54940.9
54884.2
54881.3
54877.3
54872.5
54866.5
54859.3
54850.6
54840.2
54828
54813.9
54798.5
54782.3
54766.5
54751.7
54738
54724.1
54708.3
54689.8
54674.8
54684.4
54781.3
55115.9
55952.4
56552.6
55514.1
55464.6
55466.3
55466.8
55466
55463.8
55460.1
55454.6
55447.1
55437.4
55425.3
55410.8
55393.6
55373.8
55350.7
55323.3
55289.6
55247.7
55196.7
55142.3
55103.8
55140.1
55394.8
56126.3
56607.2
55050.7
54996.2
54994.4
54991.6
54987.8
54982.9
54976.7
54968.9
54959.3
54947.8
54934.4
54919.4
54903.4
54887.1
54871.1
54855
54837.6
54816.9
54792.4
54770.1
54770.6
54856.1
55175.4
55991.4
56565.7
55050.7
54996.2
54994.4
54991.6
54987.8
54982.9
54976.7
54968.9
54959.3
54947.8
54934.4
54919.4
54903.4
54887.1
54871.1
54855
54837.6
54816.9
54792.4
54770.1
54770.6
54856.1
55175.4
55991.4
56565.7
55514.1
55464.6
55466.3
55466.8
55466
55463.8
55460.1
55454.5
55447.1
55437.4
55425.3
55410.7
55393.6
55373.7
55350.7
55323.2
55289.5
55247.6
55196.6
55142.2
55103.7
55139.9
55394.6
56126.2
56607.1
54940.9
54884.2
54881.3
54877.4
54872.5
54866.5
54859.3
54850.6
54840.2
54828
54813.9
54798.5
54782.3
54766.5
54751.7
54738
54724.1
54708.2
54689.8
54674.8
54684.4
54781.3
55115.9
55952.4
56552.6
55432
55382.9
55384.2
55384.4
55383.3
55381
55377.1
55371.5
55363.9
55354.3
55342.4
55328.2
55311.7
55293
55271.7
55246.9
55216.6
55179.1
55133.4
55085.6
55054.9
55100.9
55368
56114.2
56605.4
55050.7
54996.2
54994.4
54991.6
54987.8
54982.9
54976.7
54968.9
54959.3
54947.8
54934.4
54919.4
54903.4
54887.1
54871.1
54855
54837.6
54816.9
54792.4
54770.1
54770.6
54856.1
55175.4
55991.4
56565.7
55514.1
55464.6
55466.3
55466.8
55466
55463.8
55460.1
55454.6
55447.1
55437.4
55425.3
55410.8
55393.6
55373.8
55350.7
55323.3
55289.6
55247.6
55196.6
55142.3
55103.8
55140
55394.7
56126.3
56607.2
55514.1
55464.6
55466.3
55466.8
55466
55463.8
55460.1
55454.6
55447.1
55437.4
55425.3
55410.7
55393.6
55373.7
55350.7
55323.2
55289.6
55247.6
55196.6
55142.3
55103.7
55139.9
55394.6
56126.2
56607.1
55050.7
54996.2
54994.4
54991.6
54987.8
54982.9
54976.7
54968.9
54959.3
54947.8
54934.4
54919.4
54903.4
54887.1
54871.1
54855
54837.6
54816.9
54792.4
54770.1
54770.6
54856.1
55175.4
55991.4
56565.7
)
;

boundaryField
{
    outletCentralUnloaded
    {
        type            zeroGradient;
    }
    inletCentralUnloaded
    {
        type            zeroGradient;
    }
    outletFuelElement
    {
        type            zeroGradient;
    }
    inletFuelElement
    {
        type            zeroGradient;
    }
    defaultFaces
    {
        type            zeroGradient;
    }
    baffle_master
    {
        type            zeroGradient;
    }
    baffle_slave
    {
        type            zeroGradient;
    }
}


// ************************************************************************* //
