/*--------------------------------*- C++ -*----------------------------------*\
| =========                 |                                                 |
| \\      /  F ield         | OpenFOAM: The Open Source CFD Toolbox           |
|  \\    /   O peration     | Version:  2212                                  |
|   \\  /    A nd           | Website:  www.openfoam.com                      |
|    \\/     M anipulation  |                                                 |
\*---------------------------------------------------------------------------*/
FoamFile
{
    version     2.0;
    format      ascii;
    arch        "LSB;label=32;scalar=64";
    class       volScalarField;
    location    "67/fluidRegion";
    object      T;
}
// * * * * * * * * * * * * * * * * * * * * * * * * * * * * * * * * * * * * * //

dimensions      [0 0 0 1 0 0 0];

internalField   nonuniform List<scalar> 
350
(
83.289
83.2895
83.29
83.2904
83.2909
83.2914
83.2919
83.2924
83.2929
83.2933
83.2937
83.2942
83.2946
83.2951
83.2956
83.2961
83.2966
83.297
83.2974
83.2978
83.2981
83.2985
83.299
83.2995
83.3001
83.289
83.2895
83.29
83.2904
83.2909
83.2914
83.2919
83.2924
83.2929
83.2933
83.2937
83.2942
83.2946
83.2951
83.2956
83.2961
83.2966
83.297
83.2974
83.2978
83.2981
83.2985
83.299
83.2995
83.3001
1823.58
1817.41
1798.82
1768.04
1725.43
1671.47
1606.78
1532.11
1448.33
1356.47
1257.66
1153.24
1044.73
933.864
822.615
713.077
607.356
507.417
414.97
331.453
258.124
196.166
146.805
111.209
90.0849
1851.84
1845.88
1827.29
1796.29
1753.24
1698.63
1633.09
1557.38
1472.39
1379.13
1278.76
1172.62
1062.25
949.412
836.102
724.475
616.705
514.829
420.616
335.546
260.9
197.876
147.708
111.573
90.1623
1818.99
1812.8
1794.23
1763.51
1720.99
1667.15
1602.61
1528.12
1444.56
1352.93
1254.38
1150.24
1042.02
931.48
820.558
711.349
605.948
506.309
414.132
330.85
257.719
195.919
146.675
111.156
90.0725
1845.48
1839.46
1820.86
1789.9
1746.93
1692.46
1627.1
1551.62
1466.89
1373.94
1273.93
1168.18
1058.22
945.833
832.993
721.844
614.545
513.114
419.309
334.597
260.256
197.479
147.499
111.489
90.1445
1845.48
1839.46
1820.86
1789.9
1746.93
1692.46
1627.1
1551.62
1466.89
1373.94
1273.93
1168.18
1058.22
945.833
832.993
721.844
614.545
513.114
419.309
334.597
260.256
197.479
147.499
111.489
90.1445
1818.99
1812.8
1794.24
1763.52
1720.99
1667.15
1602.61
1528.12
1444.56
1352.93
1254.38
1150.24
1042.03
931.481
820.559
711.35
605.949
506.309
414.133
330.851
257.719
195.919
146.675
111.156
90.0725
1851.84
1845.88
1827.29
1796.29
1753.24
1698.63
1633.09
1557.38
1472.39
1379.13
1278.76
1172.62
1062.25
949.412
836.102
724.475
616.705
514.829
420.616
335.546
260.9
197.876
147.708
111.573
90.1623
1823.58
1817.41
1798.82
1768.04
1725.43
1671.47
1606.78
1532.11
1448.33
1356.47
1257.66
1153.24
1044.73
933.864
822.615
713.077
607.356
507.417
414.97
331.453
258.124
196.166
146.805
111.209
90.0849
1845.48
1839.46
1820.86
1789.9
1746.93
1692.46
1627.1
1551.62
1466.89
1373.94
1273.93
1168.18
1058.22
945.833
832.993
721.844
614.545
513.114
419.309
334.597
260.256
197.479
147.499
111.489
90.1445
1818.99
1812.8
1794.23
1763.51
1720.99
1667.15
1602.61
1528.12
1444.56
1352.93
1254.38
1150.24
1042.02
931.48
820.559
711.349
605.948
506.309
414.132
330.85
257.719
195.919
146.675
111.156
90.0725
1818.99
1812.8
1794.24
1763.51
1720.99
1667.15
1602.61
1528.12
1444.56
1352.93
1254.38
1150.24
1042.03
931.481
820.559
711.35
605.949
506.309
414.133
330.851
257.719
195.919
146.675
111.156
90.0725
1845.48
1839.46
1820.86
1789.9
1746.93
1692.46
1627.1
1551.62
1466.89
1373.94
1273.93
1168.18
1058.22
945.833
832.993
721.844
614.545
513.114
419.309
334.597
260.256
197.479
147.498
111.489
90.1445
)
;

boundaryField
{
    outletCentralUnloaded
    {
        type            zeroGradient;
    }
    inletCentralUnloaded
    {
        type            fixedValue;
        value           uniform 83.3;
    }
    outletFuelElement
    {
        type            zeroGradient;
    }
    inletFuelElement
    {
        type            fixedValue;
        value           uniform 83.3;
    }
    defaultFaces
    {
        type            zeroGradient;
    }
    baffle_master
    {
        type            zeroGradient;
    }
    baffle_slave
    {
        type            zeroGradient;
    }
}


// ************************************************************************* //
