/*--------------------------------*- C++ -*----------------------------------*\
| =========                 |                                                 |
| \\      /  F ield         | OpenFOAM: The Open Source CFD Toolbox           |
|  \\    /   O peration     | Version:  2212                                  |
|   \\  /    A nd           | Website:  www.openfoam.com                      |
|    \\/     M anipulation  |                                                 |
\*---------------------------------------------------------------------------*/
FoamFile
{
    version     2.0;
    format      ascii;
    arch        "LSB;label=32;scalar=64";
    class       volVectorField;
    location    "67/fluidRegion";
    object      U;
}
// * * * * * * * * * * * * * * * * * * * * * * * * * * * * * * * * * * * * * //

dimensions      [0 1 -1 0 0 0 0];

internalField   nonuniform List<vector> 
350
(
(-4.10832e-10 -2.37193e-10 -14.968)
(-2.91943e-10 -1.68553e-10 -14.9668)
(-3.2434e-12 -1.87257e-12 -14.9657)
(1.73955e-10 1.00433e-10 -14.9645)
(1.2533e-10 7.2359e-11 -14.9633)
(-5.21717e-11 -3.01212e-11 -14.9622)
(-1.76718e-10 -1.02028e-10 -14.961)
(-1.2377e-10 -7.14585e-11 -14.9598)
(1.03045e-10 5.94928e-11 -14.9587)
(3.90159e-10 2.25258e-10 -14.9575)
(6.05799e-10 3.49757e-10 -14.9563)
(6.67315e-10 3.85273e-10 -14.9551)
(5.6913e-10 3.28587e-10 -14.9537)
(3.6318e-10 2.09681e-10 -14.9524)
(1.24019e-10 7.16024e-11 -14.951)
(-8.67283e-11 -5.00725e-11 -14.9496)
(-2.38924e-10 -1.37943e-10 -14.9482)
(-3.392e-10 -1.95836e-10 -14.9469)
(-4.18427e-10 -2.41578e-10 -14.9455)
(-5.06915e-10 -2.92666e-10 -14.9442)
(-6.08523e-10 -3.5133e-10 -14.9429)
(-6.89522e-10 -3.98094e-10 -14.9417)
(-6.58189e-10 -3.80004e-10 -14.9406)
(-1.52861e-10 -8.82541e-11 -14.9395)
(1.00868e-09 5.82362e-10 -14.9695)
(-4.10832e-10 -2.37193e-10 -14.968)
(-2.91943e-10 -1.68553e-10 -14.9668)
(-3.24341e-12 -1.87258e-12 -14.9657)
(1.73955e-10 1.00433e-10 -14.9645)
(1.2533e-10 7.2359e-11 -14.9633)
(-5.21717e-11 -3.01213e-11 -14.9622)
(-1.76718e-10 -1.02028e-10 -14.961)
(-1.2377e-10 -7.14585e-11 -14.9598)
(1.03045e-10 5.94928e-11 -14.9587)
(3.90159e-10 2.25258e-10 -14.9575)
(6.05799e-10 3.49757e-10 -14.9563)
(6.67315e-10 3.85273e-10 -14.9551)
(5.6913e-10 3.28587e-10 -14.9537)
(3.6318e-10 2.09681e-10 -14.9524)
(1.24019e-10 7.16024e-11 -14.951)
(-8.67283e-11 -5.00725e-11 -14.9496)
(-2.38924e-10 -1.37943e-10 -14.9482)
(-3.392e-10 -1.95836e-10 -14.9469)
(-4.18427e-10 -2.41578e-10 -14.9455)
(-5.06915e-10 -2.92666e-10 -14.9442)
(-6.08523e-10 -3.5133e-10 -14.9429)
(-6.89522e-10 -3.98094e-10 -14.9417)
(-6.58189e-10 -3.80004e-10 -14.9406)
(-1.52861e-10 -8.82541e-11 -14.9395)
(1.00868e-09 5.82362e-10 -14.9695)
(-0.0019762 -0.00114096 -423.807)
(-0.000938427 -0.000541801 -415.819)
(-0.00101674 -0.000587017 -405.715)
(-0.000914951 -0.000528247 -393.287)
(-0.000828247 -0.000478188 -378.726)
(-0.000747938 -0.000431822 -362.238)
(-0.000673575 -0.000388888 -344.029)
(-0.000601501 -0.000347277 -324.315)
(-0.000523687 -0.00030235 -303.317)
(-0.000426938 -0.000246492 -281.263)
(-0.000294673 -0.000170129 -258.39)
(-0.000110618 -6.38654e-05 -234.956)
(0.00013012 7.51245e-05 -211.243)
(0.000408045 0.000235585 -187.561)
(0.000691702 0.000399354 -164.249)
(0.000933319 0.000538852 -141.66)
(0.00109555 0.000632516 -120.141)
(0.00116843 0.000674594 -100.008)
(0.00117125 0.000676221 -81.5281)
(0.00113821 0.000657148 -64.922)
(0.00110011 0.000635151 -50.3817)
(0.00106433 0.000614488 -38.095)
(0.00101535 0.000586212 -28.2704)
(0.000882157 0.000509313 -21.1345)
(0.000840543 0.000485287 -16.6338)
(-0.00191288 -0.00112645 -426.54)
(-0.000689004 -0.00040512 -418.509)
(-0.000778992 -0.00045933 -408.373)
(-0.000708233 -0.000418952 -395.891)
(-0.000648215 -0.000385017 -381.26)
(-0.000592596 -0.000353398 -364.684)
(-0.000540926 -0.000323842 -346.373)
(-0.000490384 -0.000295027 -326.544)
(-0.000435128 -0.000263368 -305.417)
(-0.000365627 -0.000223496 -283.221)
(-0.000270468 -0.000168908 -260.195)
(-0.000138379 -9.26382e-05 -236.598)
(3.51757e-05 7.19336e-06 -212.712)
(0.000228774 0.000119128 -188.851)
(0.000425231 0.000232877 -165.355)
(0.000590569 0.000328779 -142.585)
(0.000700093 0.000392542 -120.891)
(0.000748068 0.000420842 -100.595)
(0.000748458 0.000421697 -81.9675)
(0.000724881 0.000408843 -65.233)
(0.000698885 0.000394822 -50.5849)
(0.000677129 0.000384272 -38.2123)
(0.000654114 0.000373288 -28.3256)
(0.000595905 0.000341638 -21.1516)
(0.000623104 0.000355835 -16.6358)
(-0.000870469 -0.000658485 -423.37)
(-0.000498873 -0.000955161 -415.381)
(-0.000484964 -0.000914182 -405.284)
(-0.000440245 -0.000804434 -392.866)
(-0.000398555 -0.000707984 -378.319)
(-0.000360383 -0.000619097 -361.845)
(-0.000324628 -0.000537128 -343.654)
(-0.00028861 -0.000458076 -323.96)
(-0.000246853 -0.000373026 -302.983)
(-0.000191206 -0.000267314 -280.952)
(-0.000112463 -0.000121642 -258.104)
(-3.93183e-06 8.10235e-05 -234.697)
(0.000137243 0.000343788 -211.012)
(0.000289462 0.000658768 -187.358)
(0.00043887 0.000979752 -164.075)
(0.000558065 0.00125379 -141.514)
(0.000630039 0.00143701 -120.023)
(0.000653631 0.00151733 -99.9151)
(0.000642263 0.00151689 -81.4574)
(0.00061481 0.00147505 -64.8709)
(0.000585798 0.00142503 -50.3468)
(0.000559641 0.00137078 -38.0728)
(0.00052042 0.00127665 -28.2575)
(0.000454825 0.00103545 -21.1277)
(0.000396265 0.000817237 -16.6315)
(-0.000970349 -0.00056023 -425.931)
(-0.000909868 -0.000525311 -417.91)
(-0.000875881 -0.000505689 -407.779)
(-0.000779245 -0.000449896 -395.308)
(-0.000692989 -0.000400096 -380.692)
(-0.000613672 -0.000354303 -364.134)
(-0.000540112 -0.000311833 -345.846)
(-0.000468304 -0.000270374 -326.041)
(-0.000389085 -0.000224638 -304.943)
(-0.000288138 -0.000166356 -282.778)
(-0.000147748 -8.53019e-05 -259.786)
(4.70104e-05 2.71414e-05 -236.226)
(0.000299921 0.000173159 -212.378)
(0.000592291 0.000341958 -188.557)
(0.000886666 0.000511916 -165.103)
(0.00113269 0.000653956 -142.374)
(0.00129219 0.000746046 -120.72)
(0.00135692 0.000783418 -100.461)
(0.00134935 0.000779042 -81.8672)
(0.00130587 0.000753945 -65.1621)
(0.00125635 0.000725353 -50.5387)
(0.00120631 0.000696461 -38.1859)
(0.00112332 0.000648548 -28.3134)
(0.000932485 0.000538369 -21.1482)
(0.000760589 0.000439125 -16.6356)
(0.0009557 0.000551772 -425.931)
(0.000916391 0.000529077 -417.91)
(0.000880857 0.000508562 -407.779)
(0.000784258 0.00045279 -395.308)
(0.000697294 0.000402582 -380.692)
(0.000617319 0.000356409 -364.134)
(0.000543334 0.000313693 -345.846)
(0.000470714 0.000271766 -326.041)
(0.000390737 0.000225592 -304.943)
(0.000289083 0.000166902 -282.778)
(0.000147562 8.51949e-05 -259.786)
(-4.84478e-05 -2.79713e-05 -236.226)
(-0.000302669 -0.000174746 -212.378)
(-0.000596132 -0.000344176 -188.557)
(-0.00089128 -0.00051458 -165.103)
(-0.00113776 -0.000656882 -142.374)
(-0.00129772 -0.000749235 -120.72)
(-0.00136305 -0.000786955 -100.461)
(-0.00135569 -0.000782707 -81.8672)
(-0.00131229 -0.00075765 -65.1621)
(-0.00126278 -0.000729066 -50.5387)
(-0.00121181 -0.000699636 -38.1859)
(-0.00112728 -0.000650834 -28.3134)
(-0.000934378 -0.000539462 -21.1482)
(-0.000759638 -0.000438576 -16.6356)
(0.000993283 0.000435438 -423.371)
(0.00107935 -4.22529e-05 -415.381)
(0.00103544 -3.25174e-05 -405.285)
(0.000917961 -1.59681e-05 -392.866)
(0.000813226 -3.77639e-06 -378.319)
(0.000716829 7.77693e-06 -361.845)
(0.000627694 1.80667e-05 -343.654)
(0.000540832 2.64746e-05 -323.96)
(0.0004459 3.30599e-05 -302.984)
(0.000326114 3.8068e-05 -280.952)
(0.000160031 4.28236e-05 -258.105)
(-7.02833e-05 5.00224e-05 -234.697)
(-0.000369016 5.90067e-05 -211.012)
(-0.000718353 8.44657e-05 -187.358)
(-0.00107134 0.000115341 -164.075)
(-0.0013684 0.000148769 -141.514)
(-0.00156315 0.000177335 -120.023)
(-0.00164459 0.000195899 -99.9151)
(-0.00163849 0.000204499 -81.4574)
(-0.00158844 0.000206271 -64.8709)
(-0.00153052 0.000205434 -50.3468)
(-0.00147 0.000200469 -38.0728)
(-0.00136819 0.000187563 -28.2574)
(-0.00112536 0.000123814 -21.1276)
(-0.000905003 6.37239e-05 -16.6315)
(0.00191806 0.00111848 -426.54)
(0.000696724 0.000394096 -418.509)
(0.000787415 0.000447732 -408.373)
(0.000716992 0.000407065 -395.891)
(0.000657107 0.000372614 -381.26)
(0.000601483 0.000340875 -364.684)
(0.000549719 0.000311514 -346.373)
(0.000498974 0.000282795 -326.544)
(0.000443472 0.000251544 -305.417)
(0.000373745 0.000212145 -283.221)
(0.000278181 0.000157912 -260.195)
(0.000145457 8.22335e-05 -236.598)
(-2.86661e-05 -1.73294e-05 -212.712)
(-0.000223011 -0.000128487 -188.851)
(-0.000420213 -0.000241397 -165.355)
(-0.000586287 -0.000336584 -142.585)
(-0.000696744 -0.000399788 -120.891)
(-0.000745932 -0.000427738 -100.595)
(-0.00074771 -0.000428124 -81.9675)
(-0.000725733 -0.000414779 -65.233)
(-0.000702378 -0.000399512 -50.5849)
(-0.000683666 -0.000386448 -38.2123)
(-0.000663453 -0.000372333 -28.3256)
(-0.000605362 -0.000339399 -21.1516)
(-0.000629221 -0.000360643 -16.6358)
(0.00197615 0.00114093 -423.807)
(0.000938649 0.000541929 -415.819)
(0.00101711 0.000587226 -405.715)
(0.000915362 0.000528484 -393.287)
(0.000828585 0.000478384 -378.726)
(0.000748249 0.000432001 -362.238)
(0.00067389 0.000389071 -344.029)
(0.00060177 0.000347432 -324.315)
(0.000523971 0.000302515 -303.317)
(0.000427247 0.000246671 -281.263)
(0.000294911 0.000170267 -258.39)
(0.00011075 6.39418e-05 -234.956)
(-0.000130123 -7.51266e-05 -211.243)
(-0.000408127 -0.000235632 -187.561)
(-0.000691844 -0.000399436 -164.249)
(-0.000933551 -0.000538985 -141.66)
(-0.00109599 -0.00063277 -120.141)
(-0.00116924 -0.000675062 -100.008)
(-0.00117251 -0.000676948 -81.5281)
(-0.00114006 -0.000658212 -64.922)
(-0.00110288 -0.000636747 -50.3817)
(-0.00106796 -0.000616585 -38.095)
(-0.00101962 -0.00058868 -28.2704)
(-0.000886212 -0.000511655 -21.1345)
(-0.00084517 -0.000487958 -16.6338)
(0.000976134 0.00056357 -425.931)
(0.000917489 0.000529711 -417.91)
(0.000884139 0.000510456 -407.779)
(0.000787846 0.000454862 -395.308)
(0.000701414 0.00040496 -380.692)
(0.000621949 0.000359081 -364.134)
(0.0005484 0.000316618 -345.846)
(0.000476303 0.000274993 -326.041)
(0.000396875 0.000229135 -304.943)
(0.000295823 0.000170793 -282.778)
(0.000155025 8.95035e-05 -259.786)
(-4.04303e-05 -2.33423e-05 -236.226)
(-0.000293871 -0.000169666 -212.378)
(-0.000586783 -0.000338778 -188.557)
(-0.000881453 -0.000508906 -165.103)
(-0.00112754 -0.000650984 -142.374)
(-0.00128706 -0.000743081 -120.72)
(-0.00135185 -0.000780486 -100.461)
(-0.00134364 -0.000775751 -81.8672)
(-0.00129932 -0.000750159 -65.1621)
(-0.00124841 -0.000720766 -50.5387)
(-0.0011968 -0.00069097 -38.1859)
(-0.00111241 -0.000642247 -28.3134)
(-0.00092237 -0.000532529 -21.1482)
(-0.000751367 -0.000433801 -16.6356)
(0.000877792 0.000655916 -423.37)
(0.000509167 0.000951225 -415.381)
(0.00049614 0.000909891 -405.284)
(0.000451865 0.000799947 -392.866)
(0.00041022 0.000703366 -378.319)
(0.000371989 0.000614461 -361.845)
(0.000336148 0.000532541 -343.654)
(0.000299794 0.000453573 -323.96)
(0.000257672 0.000368652 -302.983)
(0.000201747 0.000263055 -280.952)
(0.000122449 0.000117571 -258.104)
(1.30933e-05 -8.47873e-05 -234.697)
(-0.000128896 -0.000347255 -211.012)
(-0.000282069 -0.00066179 -187.358)
(-0.000432323 -0.000982266 -164.075)
(-0.000552263 -0.00125575 -141.514)
(-0.000625086 -0.00143824 -120.023)
(-0.000649718 -0.00151759 -99.9151)
(-0.000639094 -0.0015159 -81.4574)
(-0.000612325 -0.00147266 -64.8709)
(-0.000584198 -0.00142036 -50.3468)
(-0.000558976 -0.00136363 -38.0728)
(-0.000520533 -0.0012673 -28.2575)
(-0.000455071 -0.00102617 -21.1277)
(-0.000393787 -0.000810941 -16.6315)
(-0.000991243 -0.000438422 -423.371)
(-0.00107684 3.80979e-05 -415.381)
(-0.00103274 2.83559e-05 -405.285)
(-0.000915171 1.18316e-05 -392.866)
(-0.000810469 -8.16321e-07 -378.319)
(-0.000714094 -1.25149e-05 -361.845)
(-0.00062496 -2.26548e-05 -343.654)
(-0.000538183 -3.11763e-05 -323.96)
(-0.000443311 -3.75869e-05 -302.984)
(-0.000323554 -4.22837e-05 -280.952)
(-0.000157576 -4.70177e-05 -258.104)
(7.24883e-05 -5.41875e-05 -234.697)
(0.000371118 -6.34016e-05 -211.012)
(0.00072031 -8.8732e-05 -187.358)
(0.0010732 -0.000119391 -164.075)
(0.00137019 -0.000152704 -141.514)
(0.00156479 -0.000181478 -120.023)
(0.00164594 -0.000200733 -99.9151)
(0.00163955 -0.000209909 -81.4574)
(0.00158897 -0.000212363 -64.8709)
(0.00153056 -0.000211826 -50.3468)
(0.00146947 -0.000205938 -38.0728)
(0.00136701 -0.00019131 -28.2574)
(0.00112387 -0.000126395 -21.1276)
(0.000902138 -7.15184e-05 -16.6315)
(-0.000952023 -0.000549649 -425.931)
(-0.000911834 -0.000526446 -417.91)
(-0.00087585 -0.000505671 -407.779)
(-0.000778982 -0.000449745 -395.308)
(-0.000692284 -0.00039969 -380.692)
(-0.000612464 -0.000353605 -364.134)
(-0.000538405 -0.000310848 -345.846)
(-0.000466011 -0.000269051 -326.041)
(-0.000386098 -0.000222913 -304.943)
(-0.00028439 -0.000164192 -282.778)
(-0.00014312 -8.26303e-05 -259.786)
(5.23261e-05 3.02104e-05 -236.226)
(0.000306213 0.000176791 -212.378)
(0.000599377 0.00034605 -188.557)
(0.00089443 0.000516398 -165.103)
(0.00114094 0.000658723 -142.374)
(0.00130081 0.00075102 -120.72)
(0.00136573 0.000788503 -100.461)
(0.00135831 0.000784219 -81.8672)
(0.00131472 0.000759054 -65.1621)
(0.00126527 0.000730501 -50.5387)
(0.00121467 0.000701286 -38.1859)
(0.00113055 0.00065272 -28.3134)
(0.000936999 0.000540976 -21.1482)
(0.000758987 0.000438201 -16.6356)
)
;

boundaryField
{
    outletCentralUnloaded
    {
        type            zeroGradient;
    }
    inletCentralUnloaded
    {
        type            fixedValue;
        value           uniform (0 0 -15);
    }
    outletFuelElement
    {
        type            zeroGradient;
    }
    inletFuelElement
    {
        type            fixedValue;
        value           uniform (0 0 -15);
    }
    defaultFaces
    {
        type            slip;
    }
    baffle_master
    {
        type            slip;
    }
    baffle_slave
    {
        type            slip;
    }
}


// ************************************************************************* //
