/*--------------------------------*- C++ -*----------------------------------*\
| =========                 |                                                 |
| \\      /  F ield         | OpenFOAM: The Open Source CFD Toolbox           |
|  \\    /   O peration     | Version:  2212                                  |
|   \\  /    A nd           | Website:  www.openfoam.com                      |
|    \\/     M anipulation  |                                                 |
\*---------------------------------------------------------------------------*/
FoamFile
{
    version     2.0;
    format      ascii;
    arch        "LSB;label=32;scalar=64";
    class       volScalarField;
    location    "55/neutroRegion";
    object      TFuel;
}
// * * * * * * * * * * * * * * * * * * * * * * * * * * * * * * * * * * * * * //

dimensions      [0 0 0 1 0 0 0];

internalField   nonuniform List<scalar> 
350
(
0
0
0
0
0
0
0
0
0
0
0
0
0
0
0
0
0
0
0
0
0
0
0
0
0
0
0
0
0
0
0
0
0
0
0
0
0
0
0
0
0
0
0
0
0
0
0
0
0
0
2219.62
3006.69
3763.06
4477.19
5138.15
5735.77
6260.85
6705.27
7062.17
7326
7492.68
7559.64
7525.85
7391.91
7160
6833.82
6418.43
5919.96
5345.15
4700.87
3992.7
3224.14
2394.9
1503.99
564.534
2252.3
3048.57
3813.71
4536.04
5204.51
5808.84
6339.71
6788.93
7149.55
7415.98
7584.08
7651.24
7616.45
7480.32
7245.04
6914.38
6493.49
5988.61
5406.63
4754.52
4037.97
3260.5
2421.73
1520.51
570.078
2214.32
2999.95
3754.94
4467.79
5127.57
5724.14
6248.31
6691.98
7048.3
7311.74
7478.2
7545.13
7511.5
7377.92
7146.55
6821.08
6406.56
5909.11
5335.44
4692.4
3985.56
3218.42
2390.7
1501.41
563.66
2244.93
3039.07
3802.17
4522.6
5189.32
5792.09
6321.62
6769.72
7129.48
7395.3
7563.06
7630.16
7595.6
7459.96
7225.46
6895.83
6476.2
5972.8
5392.47
4742.16
4027.54
3252.12
2415.55
1516.7
568.8
2244.93
3039.07
3802.17
4522.6
5189.32
5792.09
6321.62
6769.72
7129.48
7395.3
7563.06
7630.16
7595.6
7459.96
7225.46
6895.83
6476.2
5972.8
5392.47
4742.16
4027.54
3252.12
2415.55
1516.7
568.8
2214.32
2999.95
3754.94
4467.79
5127.57
5724.14
6248.31
6691.98
7048.3
7311.74
7478.2
7545.13
7511.51
7377.92
7146.55
6821.08
6406.56
5909.11
5335.44
4692.4
3985.56
3218.42
2390.7
1501.41
563.66
2252.3
3048.57
3813.71
4536.04
5204.51
5808.84
6339.71
6788.93
7149.55
7415.98
7584.08
7651.24
7616.45
7480.32
7245.04
6914.38
6493.49
5988.61
5406.63
4754.52
4037.97
3260.5
2421.73
1520.5
570.078
2219.62
3006.69
3763.06
4477.19
5138.15
5735.77
6260.84
6705.27
7062.17
7326
7492.68
7559.63
7525.85
7391.91
7160
6833.82
6418.43
5919.95
5345.15
4700.87
3992.7
3224.14
2394.9
1503.99
564.534
2244.93
3039.07
3802.17
4522.6
5189.32
5792.09
6321.62
6769.72
7129.48
7395.3
7563.06
7630.16
7595.6
7459.96
7225.46
6895.83
6476.2
5972.8
5392.47
4742.16
4027.54
3252.12
2415.55
1516.7
568.8
2214.32
2999.95
3754.94
4467.79
5127.57
5724.14
6248.31
6691.98
7048.3
7311.74
7478.2
7545.13
7511.5
7377.92
7146.55
6821.08
6406.56
5909.1
5335.44
4692.4
3985.56
3218.42
2390.7
1501.41
563.66
2214.32
2999.95
3754.94
4467.79
5127.57
5724.14
6248.31
6691.98
7048.3
7311.74
7478.2
7545.13
7511.51
7377.92
7146.55
6821.08
6406.56
5909.11
5335.44
4692.4
3985.56
3218.42
2390.7
1501.41
563.66
2244.93
3039.07
3802.17
4522.6
5189.32
5792.09
6321.62
6769.72
7129.48
7395.3
7563.06
7630.16
7595.6
7459.96
7225.46
6895.83
6476.2
5972.8
5392.47
4742.16
4027.54
3252.12
2415.55
1516.7
568.8
)
;

boundaryField
{
    outletCentralUnloaded
    {
        type            zeroGradient;
    }
    inletCentralUnloaded
    {
        type            zeroGradient;
    }
    outletFuelElement
    {
        type            zeroGradient;
    }
    inletFuelElement
    {
        type            zeroGradient;
    }
    defaultFaces
    {
        type            zeroGradient;
    }
}


// ************************************************************************* //
