/*--------------------------------*- C++ -*----------------------------------*\
| =========                 |                                                 |
| \\      /  F ield         | OpenFOAM: The Open Source CFD Toolbox           |
|  \\    /   O peration     | Version:  2212                                  |
|   \\  /    A nd           | Website:  www.openfoam.com                      |
|    \\/     M anipulation  |                                                 |
\*---------------------------------------------------------------------------*/
FoamFile
{
    version     2.0;
    format      ascii;
    arch        "LSB;label=32;scalar=64";
    class       volScalarField;
    location    "52/fluidRegion";
    object      alphaRhoMagU;
}
// * * * * * * * * * * * * * * * * * * * * * * * * * * * * * * * * * * * * * //

dimensions      [1 -2 -1 0 0 0 0];

internalField   nonuniform List<scalar> 
350
(
36.8352
36.8349
36.8344
36.8337
36.833
36.8322
36.8316
36.831
36.8306
36.8304
36.8302
36.8301
36.83
36.8299
36.8297
36.8296
36.8294
36.8293
36.8292
36.8292
36.8293
36.8296
36.83
36.8305
36.9076
36.8352
36.8349
36.8344
36.8337
36.833
36.8322
36.8316
36.831
36.8306
36.8304
36.8302
36.8301
36.83
36.8299
36.8297
36.8296
36.8294
36.8293
36.8292
36.8292
36.8293
36.8296
36.83
36.8305
36.9076
59.1173
59.0644
59.0657
59.066
59.0649
59.0623
59.0582
59.0522
59.0442
59.0339
59.0212
59.0061
58.9885
58.9685
58.9459
58.9194
58.8872
58.8471
58.7985
58.7475
58.7148
58.7641
59.049
59.8442
60.3662
58.5938
58.5328
58.5297
58.5255
58.5203
58.5139
58.5062
58.497
58.4859
58.4728
58.4578
58.4414
58.4241
58.4072
58.3915
58.3769
58.3621
58.3452
58.3255
58.3096
58.3199
58.4234
58.7803
59.6718
60.31
59.2048
59.1515
59.1533
59.1539
59.153
59.1507
59.1467
59.1408
59.1329
59.1226
59.1097
59.0941
59.0759
59.0547
59.0301
59.0009
58.965
58.9202
58.8659
58.808
58.767
58.8058
59.0775
59.8572
60.3682
58.7108
58.6522
58.6503
58.6473
58.6433
58.638
58.6313
58.623
58.6128
58.6006
58.5863
58.5703
58.5532
58.5359
58.5188
58.5016
58.483
58.4611
58.4349
58.4111
58.4118
58.5031
58.8437
59.7134
60.3239
58.7108
58.6522
58.6503
58.6473
58.6433
58.638
58.6313
58.623
58.6128
58.6006
58.5863
58.5703
58.5532
58.5359
58.5188
58.5016
58.483
58.4611
58.4349
58.4111
58.4118
58.5031
58.8437
59.7134
60.3239
59.2048
59.1515
59.1533
59.1538
59.153
59.1507
59.1467
59.1408
59.1328
59.1225
59.1097
59.0941
59.0758
59.0547
59.0301
59.0008
58.9649
58.9202
58.8658
58.8079
58.7669
58.8057
59.0774
59.857
60.3681
58.5938
58.5328
58.5297
58.5255
58.5203
58.5139
58.5062
58.497
58.4859
58.4728
58.4578
58.4414
58.4241
58.4072
58.3915
58.3769
58.3621
58.3452
58.3255
58.3096
58.3199
58.4234
58.7803
59.6718
60.31
59.1173
59.0644
59.0657
59.066
59.0649
59.0623
59.0582
59.0522
59.0442
59.0339
59.0212
59.0061
58.9885
58.9685
58.9459
58.9194
58.8872
58.8471
58.7985
58.7475
58.7148
58.7641
59.049
59.8442
60.3662
58.7108
58.6522
58.6503
58.6473
58.6433
58.638
58.6313
58.623
58.6128
58.6006
58.5863
58.5703
58.5532
58.5359
58.5188
58.5016
58.483
58.461
58.4349
58.4111
58.4118
58.5031
58.8437
59.7134
60.3239
59.2048
59.1515
59.1533
59.1538
59.153
59.1507
59.1467
59.1408
59.1329
59.1225
59.1097
59.0941
59.0759
59.0547
59.0301
59.0009
58.965
58.9202
58.8659
58.808
58.767
58.8058
59.0775
59.8572
60.3682
59.2048
59.1515
59.1533
59.1538
59.153
59.1507
59.1467
59.1408
59.1328
59.1225
59.1097
59.0941
59.0758
59.0547
59.0301
59.0008
58.9649
58.9202
58.8658
58.8079
58.7669
58.8057
59.0774
59.857
60.3681
58.7108
58.6522
58.6503
58.6473
58.6433
58.638
58.6313
58.623
58.6128
58.6006
58.5863
58.5703
58.5533
58.5359
58.5188
58.5016
58.483
58.4611
58.4349
58.4111
58.4118
58.5031
58.8437
59.7134
60.324
)
;

boundaryField
{
    outletCentralUnloaded
    {
        type            calculated;
        value           nonuniform List<scalar> 2(36.8336 36.8336);
    }
    inletCentralUnloaded
    {
        type            calculated;
        value           nonuniform List<scalar> 2(36.9829 36.9829);
    }
    outletFuelElement
    {
        type            calculated;
        value           nonuniform List<scalar> 
12
(
58.6666
58.1472
58.7535
58.2633
58.2633
58.7535
58.1472
58.6666
58.2633
58.7535
58.7535
58.2633
)
;
    }
    inletFuelElement
    {
        type            calculated;
        value           nonuniform List<scalar> 
12
(
60.0539
60.0539
60.0539
60.0539
60.0539
60.0539
60.0539
60.0539
60.0539
60.0539
60.0539
60.0539
)
;
    }
    defaultFaces
    {
        type            calculated;
        value           nonuniform List<scalar> 
450
(
59.1173
59.1173
59.1173
59.0644
59.0644
59.0644
59.0657
59.0657
59.0657
59.066
59.066
59.066
59.0649
59.0649
59.0649
59.0623
59.0623
59.0623
59.0582
59.0582
59.0582
59.0522
59.0522
59.0522
59.0442
59.0442
59.0442
59.0339
59.0339
59.0339
59.0212
59.0212
59.0212
59.0061
59.0061
59.0061
58.9885
58.9885
58.9885
58.9685
58.9685
58.9685
58.9459
58.9459
58.9459
58.9194
58.9194
58.9194
58.8872
58.8872
58.8872
58.8471
58.8471
58.8471
58.7985
58.7985
58.7985
58.7475
58.7475
58.7475
58.7148
58.7148
58.7148
58.7641
58.7641
58.7641
59.049
59.049
59.049
59.8442
59.8442
59.8442
60.3662
60.3662
60.3662
59.2048
59.2048
59.1515
59.1515
59.1533
59.1533
59.1539
59.1539
59.153
59.153
59.1507
59.1507
59.1467
59.1467
59.1408
59.1408
59.1329
59.1329
59.1226
59.1226
59.1097
59.1097
59.0941
59.0941
59.0759
59.0759
59.0547
59.0547
59.0301
59.0301
59.0009
59.0009
58.965
58.965
58.9202
58.9202
58.8659
58.8659
58.808
58.808
58.767
58.767
58.8058
58.8058
59.0775
59.0775
59.8572
59.8572
60.3682
60.3682
58.7108
58.6522
58.6503
58.6473
58.6433
58.638
58.6313
58.623
58.6128
58.6006
58.5863
58.5703
58.5532
58.5359
58.5188
58.5016
58.483
58.4611
58.4349
58.4111
58.4118
58.5031
58.8437
59.7134
60.3239
58.7108
58.6522
58.6503
58.6473
58.6433
58.638
58.6313
58.623
58.6128
58.6006
58.5863
58.5703
58.5532
58.5359
58.5188
58.5016
58.483
58.4611
58.4349
58.4111
58.4118
58.5031
58.8437
59.7134
60.3239
59.2048
59.2048
59.1515
59.1515
59.1533
59.1533
59.1538
59.1538
59.153
59.153
59.1507
59.1507
59.1467
59.1467
59.1408
59.1408
59.1328
59.1328
59.1225
59.1225
59.1097
59.1097
59.0941
59.0941
59.0758
59.0758
59.0547
59.0547
59.0301
59.0301
59.0008
59.0008
58.9649
58.9649
58.9202
58.9202
58.8658
58.8658
58.8079
58.8079
58.7669
58.7669
58.8057
58.8057
59.0774
59.0774
59.857
59.857
60.3681
60.3681
59.1173
59.1173
59.1173
59.0644
59.0644
59.0644
59.0657
59.0657
59.0657
59.066
59.066
59.066
59.0649
59.0649
59.0649
59.0623
59.0623
59.0623
59.0582
59.0582
59.0582
59.0522
59.0522
59.0522
59.0442
59.0442
59.0442
59.0339
59.0339
59.0339
59.0212
59.0212
59.0212
59.0061
59.0061
59.0061
58.9885
58.9885
58.9885
58.9685
58.9685
58.9685
58.9459
58.9459
58.9459
58.9194
58.9194
58.9194
58.8872
58.8872
58.8872
58.8471
58.8471
58.8471
58.7985
58.7985
58.7985
58.7475
58.7475
58.7475
58.7148
58.7148
58.7148
58.7641
58.7641
58.7641
59.049
59.049
59.049
59.8442
59.8442
59.8442
60.3662
60.3662
60.3662
58.7108
58.6522
58.6503
58.6473
58.6433
58.638
58.6313
58.623
58.6128
58.6006
58.5863
58.5703
58.5532
58.5359
58.5188
58.5016
58.483
58.461
58.4349
58.4111
58.4118
58.5031
58.8437
59.7134
60.3239
59.2048
59.2048
59.1515
59.1515
59.1533
59.1533
59.1538
59.1538
59.153
59.153
59.1507
59.1507
59.1467
59.1467
59.1408
59.1408
59.1329
59.1329
59.1225
59.1225
59.1097
59.1097
59.0941
59.0941
59.0759
59.0759
59.0547
59.0547
59.0301
59.0301
59.0009
59.0009
58.965
58.965
58.9202
58.9202
58.8659
58.8659
58.808
58.808
58.767
58.767
58.8058
58.8058
59.0775
59.0775
59.8572
59.8572
60.3682
60.3682
59.2048
59.2048
59.1515
59.1515
59.1533
59.1533
59.1538
59.1538
59.153
59.153
59.1507
59.1507
59.1467
59.1467
59.1408
59.1408
59.1328
59.1328
59.1225
59.1225
59.1097
59.1097
59.0941
59.0941
59.0758
59.0758
59.0547
59.0547
59.0301
59.0301
59.0008
59.0008
58.9649
58.9649
58.9202
58.9202
58.8658
58.8658
58.8079
58.8079
58.7669
58.7669
58.8057
58.8057
59.0774
59.0774
59.857
59.857
60.3681
60.3681
58.7108
58.6522
58.6503
58.6473
58.6433
58.638
58.6313
58.623
58.6128
58.6006
58.5863
58.5703
58.5533
58.5359
58.5188
58.5016
58.483
58.4611
58.4349
58.4111
58.4118
58.5031
58.8437
59.7134
60.324
)
;
    }
    baffle_master
    {
        type            calculated;
        value           nonuniform List<scalar> 
150
(
36.8352
36.8352
36.8352
36.8349
36.8349
36.8349
36.8344
36.8344
36.8344
36.8337
36.8337
36.8337
36.833
36.833
36.833
36.8322
36.8322
36.8322
36.8316
36.8316
36.8316
36.831
36.831
36.831
36.8306
36.8306
36.8306
36.8304
36.8304
36.8304
36.8302
36.8302
36.8302
36.8301
36.8301
36.8301
36.83
36.83
36.83
36.8299
36.8299
36.8299
36.8297
36.8297
36.8297
36.8296
36.8296
36.8296
36.8294
36.8294
36.8294
36.8293
36.8293
36.8293
36.8292
36.8292
36.8292
36.8292
36.8292
36.8292
36.8293
36.8293
36.8293
36.8296
36.8296
36.8296
36.83
36.83
36.83
36.8305
36.8305
36.8305
36.9076
36.9076
36.9076
36.8352
36.8352
36.8352
36.8349
36.8349
36.8349
36.8344
36.8344
36.8344
36.8337
36.8337
36.8337
36.833
36.833
36.833
36.8322
36.8322
36.8322
36.8316
36.8316
36.8316
36.831
36.831
36.831
36.8306
36.8306
36.8306
36.8304
36.8304
36.8304
36.8302
36.8302
36.8302
36.8301
36.8301
36.8301
36.83
36.83
36.83
36.8299
36.8299
36.8299
36.8297
36.8297
36.8297
36.8296
36.8296
36.8296
36.8294
36.8294
36.8294
36.8293
36.8293
36.8293
36.8292
36.8292
36.8292
36.8292
36.8292
36.8292
36.8293
36.8293
36.8293
36.8296
36.8296
36.8296
36.83
36.83
36.83
36.8305
36.8305
36.8305
36.9076
36.9076
36.9076
)
;
    }
    baffle_slave
    {
        type            calculated;
        value           nonuniform List<scalar> 
150
(
58.5938
58.7108
58.7108
58.5328
58.6522
58.6522
58.5297
58.6503
58.6503
58.5255
58.6473
58.6473
58.5203
58.6433
58.6433
58.5139
58.638
58.638
58.5062
58.6313
58.6313
58.497
58.623
58.623
58.4859
58.6128
58.6128
58.4728
58.6006
58.6006
58.4578
58.5863
58.5863
58.4414
58.5703
58.5703
58.4241
58.5532
58.5533
58.4072
58.5359
58.5359
58.3915
58.5188
58.5188
58.3769
58.5016
58.5016
58.3621
58.483
58.483
58.3452
58.4611
58.4611
58.3255
58.4349
58.4349
58.3096
58.4111
58.4111
58.3199
58.4118
58.4118
58.4234
58.5031
58.5031
58.7803
58.8437
58.8437
59.6718
59.7134
59.7134
60.31
60.3239
60.324
58.7108
58.5938
58.7108
58.6522
58.5328
58.6522
58.6503
58.5297
58.6503
58.6473
58.5255
58.6473
58.6433
58.5203
58.6433
58.638
58.5139
58.638
58.6313
58.5062
58.6313
58.623
58.497
58.623
58.6128
58.4859
58.6128
58.6006
58.4728
58.6006
58.5863
58.4578
58.5863
58.5703
58.4414
58.5703
58.5532
58.4241
58.5532
58.5359
58.4072
58.5359
58.5188
58.3915
58.5188
58.5016
58.3769
58.5016
58.483
58.3621
58.483
58.4611
58.3452
58.461
58.4349
58.3255
58.4349
58.4111
58.3096
58.4111
58.4118
58.3199
58.4118
58.5031
58.4234
58.5031
58.8437
58.7803
58.8437
59.7134
59.6718
59.7134
60.3239
60.31
60.3239
)
;
    }
}


// ************************************************************************* //
