/*--------------------------------*- C++ -*----------------------------------*\
| =========                 |                                                 |
| \\      /  F ield         | OpenFOAM: The Open Source CFD Toolbox           |
|  \\    /   O peration     | Version:  2212                                  |
|   \\  /    A nd           | Website:  www.openfoam.com                      |
|    \\/     M anipulation  |                                                 |
\*---------------------------------------------------------------------------*/
FoamFile
{
    version     2.0;
    format      ascii;
    arch        "LSB;label=32;scalar=64";
    class       volScalarField;
    location    "52/fluidRegion";
    object      dgdt;
}
// * * * * * * * * * * * * * * * * * * * * * * * * * * * * * * * * * * * * * //

dimensions      [0 0 -1 0 0 0 0];

internalField   nonuniform List<scalar> 
350
(
0.00534605
0.00532513
0.00530808
0.00529958
0.00529443
0.00528746
0.00527692
0.00526547
0.00525792
0.00525845
0.00526882
0.00528803
0.00531276
0.00533791
0.00535719
0.00536423
0.00535499
0.00533058
0.00529893
0.00527315
0.00526605
0.00528304
0.0052943
0.00526838
0.00268811
0.00534605
0.00532513
0.00530808
0.00529958
0.00529443
0.00528746
0.00527692
0.00526547
0.00525792
0.00525845
0.00526882
0.00528804
0.00531276
0.00533791
0.00535719
0.00536423
0.00535499
0.00533058
0.00529893
0.00527315
0.00526605
0.00528304
0.0052943
0.00526838
0.00268811
40.6787
50.9566
64.8429
77.6431
89.3022
99.7775
109.036
117.047
123.776
129.173
133.155
135.6
136.344
135.212
132.067
126.878
119.764
110.971
100.798
89.4807
77.1167
63.6354
48.87
32.8113
20.3932
40.7342
50.8968
64.9125
77.8341
89.6071
100.188
109.544
117.647
124.463
129.946
134.017
136.555
137.396
136.352
133.274
128.116
120.984
112.126
101.855
90.4176
77.924
64.3052
49.3882
33.1575
20.6035
40.6565
50.9412
64.8075
77.589
89.2307
99.69
108.933
116.931
123.648
129.031
133
135.431
136.162
135.018
131.864
126.673
119.564
110.782
100.626
89.3285
76.9858
63.5272
48.7864
32.7554
20.3592
40.7317
50.9298
64.9147
77.8078
89.5537
100.11
109.442
117.523
124.319
129.781
133.831
136.347
137.164
136.099
133.004
127.837
120.708
111.864
101.614
90.2039
77.7396
64.152
49.2695
33.0781
20.5553
40.7317
50.9298
64.9147
77.8078
89.5538
100.11
109.442
117.523
124.319
129.781
133.831
136.347
137.164
136.099
133.004
127.837
120.708
111.864
101.614
90.2039
77.7396
64.152
49.2695
33.0781
20.5553
40.6565
50.9412
64.8075
77.589
89.2306
99.6899
108.933
116.931
123.647
129.031
133
135.431
136.162
135.017
131.864
126.673
119.564
110.782
100.626
89.3285
76.9858
63.5271
48.7864
32.7554
20.3592
40.7342
50.8968
64.9125
77.8341
89.6071
100.188
109.544
117.647
124.463
129.946
134.017
136.555
137.396
136.352
133.274
128.116
120.984
112.126
101.855
90.4176
77.924
64.3052
49.3882
33.1575
20.6035
40.6787
50.9566
64.8429
77.6431
89.3022
99.7775
109.036
117.047
123.776
129.173
133.155
135.6
136.344
135.212
132.067
126.878
119.764
110.971
100.798
89.4807
77.1167
63.6354
48.87
32.8113
20.3932
40.7317
50.9298
64.9147
77.8078
89.5537
100.11
109.442
117.523
124.319
129.781
133.831
136.347
137.164
136.099
133.004
127.837
120.708
111.864
101.614
90.2039
77.7396
64.152
49.2695
33.0782
20.5553
40.6565
50.9412
64.8075
77.589
89.2306
99.6899
108.933
116.931
123.647
129.031
133
135.431
136.162
135.018
131.864
126.673
119.564
110.782
100.626
89.3285
76.9858
63.5272
48.7864
32.7554
20.3592
40.6565
50.9412
64.8075
77.589
89.2306
99.6899
108.933
116.931
123.647
129.031
133
135.431
136.162
135.017
131.864
126.673
119.564
110.782
100.626
89.3285
76.9858
63.5271
48.7864
32.7554
20.3592
40.7317
50.9298
64.9147
77.8078
89.5538
100.11
109.442
117.523
124.319
129.781
133.831
136.347
137.164
136.099
133.004
127.837
120.708
111.864
101.614
90.2039
77.7396
64.152
49.2695
33.0782
20.5553
)
;

boundaryField
{
    outletCentralUnloaded
    {
        type            calculated;
        value           nonuniform List<scalar> 2(0.00534605 0.00534605);
    }
    inletCentralUnloaded
    {
        type            calculated;
        value           nonuniform List<scalar> 2(0.00268811 0.00268811);
    }
    outletFuelElement
    {
        type            calculated;
        value           nonuniform List<scalar> 
12
(
40.6787
40.7342
40.6565
40.7317
40.7317
40.6565
40.7342
40.6787
40.7317
40.6565
40.6565
40.7317
)
;
    }
    inletFuelElement
    {
        type            calculated;
        value           nonuniform List<scalar> 
12
(
20.3932
20.6035
20.3592
20.5553
20.5553
20.3592
20.6035
20.3932
20.5553
20.3592
20.3592
20.5553
)
;
    }
    defaultFaces
    {
        type            calculated;
        value           nonuniform List<scalar> 
450
(
40.6787
40.6787
40.6787
50.9566
50.9566
50.9566
64.8429
64.8429
64.8429
77.6431
77.6431
77.6431
89.3022
89.3022
89.3022
99.7775
99.7775
99.7775
109.036
109.036
109.036
117.047
117.047
117.047
123.776
123.776
123.776
129.173
129.173
129.173
133.155
133.155
133.155
135.6
135.6
135.6
136.344
136.344
136.344
135.212
135.212
135.212
132.067
132.067
132.067
126.878
126.878
126.878
119.764
119.764
119.764
110.971
110.971
110.971
100.798
100.798
100.798
89.4807
89.4807
89.4807
77.1167
77.1167
77.1167
63.6354
63.6354
63.6354
48.87
48.87
48.87
32.8113
32.8113
32.8113
20.3932
20.3932
20.3932
40.6565
40.6565
50.9412
50.9412
64.8075
64.8075
77.589
77.589
89.2307
89.2307
99.69
99.69
108.933
108.933
116.931
116.931
123.648
123.648
129.031
129.031
133
133
135.431
135.431
136.162
136.162
135.018
135.018
131.864
131.864
126.673
126.673
119.564
119.564
110.782
110.782
100.626
100.626
89.3285
89.3285
76.9858
76.9858
63.5272
63.5272
48.7864
48.7864
32.7554
32.7554
20.3592
20.3592
40.7317
50.9298
64.9147
77.8078
89.5537
100.11
109.442
117.523
124.319
129.781
133.831
136.347
137.164
136.099
133.004
127.837
120.708
111.864
101.614
90.2039
77.7396
64.152
49.2695
33.0781
20.5553
40.7317
50.9298
64.9147
77.8078
89.5538
100.11
109.442
117.523
124.319
129.781
133.831
136.347
137.164
136.099
133.004
127.837
120.708
111.864
101.614
90.2039
77.7396
64.152
49.2695
33.0781
20.5553
40.6565
40.6565
50.9412
50.9412
64.8075
64.8075
77.589
77.589
89.2306
89.2306
99.6899
99.6899
108.933
108.933
116.931
116.931
123.647
123.647
129.031
129.031
133
133
135.431
135.431
136.162
136.162
135.017
135.017
131.864
131.864
126.673
126.673
119.564
119.564
110.782
110.782
100.626
100.626
89.3285
89.3285
76.9858
76.9858
63.5271
63.5271
48.7864
48.7864
32.7554
32.7554
20.3592
20.3592
40.6787
40.6787
40.6787
50.9566
50.9566
50.9566
64.8429
64.8429
64.8429
77.6431
77.6431
77.6431
89.3022
89.3022
89.3022
99.7775
99.7775
99.7775
109.036
109.036
109.036
117.047
117.047
117.047
123.776
123.776
123.776
129.173
129.173
129.173
133.155
133.155
133.155
135.6
135.6
135.6
136.344
136.344
136.344
135.212
135.212
135.212
132.067
132.067
132.067
126.878
126.878
126.878
119.764
119.764
119.764
110.971
110.971
110.971
100.798
100.798
100.798
89.4807
89.4807
89.4807
77.1167
77.1167
77.1167
63.6354
63.6354
63.6354
48.87
48.87
48.87
32.8113
32.8113
32.8113
20.3932
20.3932
20.3932
40.7317
50.9298
64.9147
77.8078
89.5537
100.11
109.442
117.523
124.319
129.781
133.831
136.347
137.164
136.099
133.004
127.837
120.708
111.864
101.614
90.2039
77.7396
64.152
49.2695
33.0782
20.5553
40.6565
40.6565
50.9412
50.9412
64.8075
64.8075
77.589
77.589
89.2306
89.2306
99.6899
99.6899
108.933
108.933
116.931
116.931
123.647
123.647
129.031
129.031
133
133
135.431
135.431
136.162
136.162
135.018
135.018
131.864
131.864
126.673
126.673
119.564
119.564
110.782
110.782
100.626
100.626
89.3285
89.3285
76.9858
76.9858
63.5272
63.5272
48.7864
48.7864
32.7554
32.7554
20.3592
20.3592
40.6565
40.6565
50.9412
50.9412
64.8075
64.8075
77.589
77.589
89.2306
89.2306
99.6899
99.6899
108.933
108.933
116.931
116.931
123.647
123.647
129.031
129.031
133
133
135.431
135.431
136.162
136.162
135.017
135.017
131.864
131.864
126.673
126.673
119.564
119.564
110.782
110.782
100.626
100.626
89.3285
89.3285
76.9858
76.9858
63.5271
63.5271
48.7864
48.7864
32.7554
32.7554
20.3592
20.3592
40.7317
50.9298
64.9147
77.8078
89.5538
100.11
109.442
117.523
124.319
129.781
133.831
136.347
137.164
136.099
133.004
127.837
120.708
111.864
101.614
90.2039
77.7396
64.152
49.2695
33.0782
20.5553
)
;
    }
    baffle_master
    {
        type            calculated;
        value           nonuniform List<scalar> 
150
(
0.00534605
0.00534605
0.00534605
0.00532513
0.00532513
0.00532513
0.00530808
0.00530808
0.00530808
0.00529958
0.00529958
0.00529958
0.00529443
0.00529443
0.00529443
0.00528746
0.00528746
0.00528746
0.00527692
0.00527692
0.00527692
0.00526547
0.00526547
0.00526547
0.00525792
0.00525792
0.00525792
0.00525845
0.00525845
0.00525845
0.00526882
0.00526882
0.00526882
0.00528803
0.00528803
0.00528803
0.00531276
0.00531276
0.00531276
0.00533791
0.00533791
0.00533791
0.00535719
0.00535719
0.00535719
0.00536423
0.00536423
0.00536423
0.00535499
0.00535499
0.00535499
0.00533058
0.00533058
0.00533058
0.00529893
0.00529893
0.00529893
0.00527315
0.00527315
0.00527315
0.00526605
0.00526605
0.00526605
0.00528304
0.00528304
0.00528304
0.0052943
0.0052943
0.0052943
0.00526838
0.00526838
0.00526838
0.00268811
0.00268811
0.00268811
0.00534605
0.00534605
0.00534605
0.00532513
0.00532513
0.00532513
0.00530808
0.00530808
0.00530808
0.00529958
0.00529958
0.00529958
0.00529443
0.00529443
0.00529443
0.00528746
0.00528746
0.00528746
0.00527692
0.00527692
0.00527692
0.00526547
0.00526547
0.00526547
0.00525792
0.00525792
0.00525792
0.00525845
0.00525845
0.00525845
0.00526882
0.00526882
0.00526882
0.00528804
0.00528804
0.00528804
0.00531276
0.00531276
0.00531276
0.00533791
0.00533791
0.00533791
0.00535719
0.00535719
0.00535719
0.00536423
0.00536423
0.00536423
0.00535499
0.00535499
0.00535499
0.00533058
0.00533058
0.00533058
0.00529893
0.00529893
0.00529893
0.00527315
0.00527315
0.00527315
0.00526605
0.00526605
0.00526605
0.00528304
0.00528304
0.00528304
0.0052943
0.0052943
0.0052943
0.00526838
0.00526838
0.00526838
0.00268811
0.00268811
0.00268811
)
;
    }
    baffle_slave
    {
        type            calculated;
        value           nonuniform List<scalar> 
150
(
40.7342
40.7317
40.7317
50.8968
50.9298
50.9298
64.9125
64.9147
64.9147
77.8341
77.8078
77.8078
89.6071
89.5537
89.5538
100.188
100.11
100.11
109.544
109.442
109.442
117.647
117.523
117.523
124.463
124.319
124.319
129.946
129.781
129.781
134.017
133.831
133.831
136.555
136.347
136.347
137.396
137.164
137.164
136.352
136.099
136.099
133.274
133.004
133.004
128.116
127.837
127.837
120.984
120.708
120.708
112.126
111.864
111.864
101.855
101.614
101.614
90.4176
90.2039
90.2039
77.924
77.7396
77.7396
64.3052
64.152
64.152
49.3882
49.2695
49.2695
33.1575
33.0781
33.0782
20.6035
20.5553
20.5553
40.7317
40.7342
40.7317
50.9298
50.8968
50.9298
64.9147
64.9125
64.9147
77.8078
77.8341
77.8078
89.5538
89.6071
89.5537
100.11
100.188
100.11
109.442
109.544
109.442
117.523
117.647
117.523
124.319
124.463
124.319
129.781
129.946
129.781
133.831
134.017
133.831
136.347
136.555
136.347
137.164
137.396
137.164
136.099
136.352
136.099
133.004
133.274
133.004
127.837
128.116
127.837
120.708
120.984
120.708
111.864
112.126
111.864
101.614
101.855
101.614
90.2039
90.4176
90.2039
77.7396
77.924
77.7396
64.152
64.3052
64.152
49.2695
49.3882
49.2695
33.0781
33.1575
33.0782
20.5553
20.6035
20.5553
)
;
    }
}


// ************************************************************************* //
