/*--------------------------------*- C++ -*----------------------------------*\
| =========                 |                                                 |
| \\      /  F ield         | OpenFOAM: The Open Source CFD Toolbox           |
|  \\    /   O peration     | Version:  2212                                  |
|   \\  /    A nd           | Website:  www.openfoam.com                      |
|    \\/     M anipulation  |                                                 |
\*---------------------------------------------------------------------------*/
FoamFile
{
    version     2.0;
    format      ascii;
    arch        "LSB;label=32;scalar=64";
    class       surfaceScalarField;
    location    "74/fluidRegion";
    object      alphaPhi;
}
// * * * * * * * * * * * * * * * * * * * * * * * * * * * * * * * * * * * * * //

dimensions      [0 3 -1 0 0 0 0];

oriented        oriented;

internalField   nonuniform List<scalar> 
661
(
-0.000538935
4.4908e-13
-0.000538896
4.27783e-13
-0.000538858
1.58526e-13
-0.000538821
-1.33419e-13
-0.000538782
-3.1473e-13
-0.000538742
-3.23266e-13
-0.000538699
-1.79283e-13
-0.000538657
3.5854e-14
-0.000538615
2.18975e-13
-0.000538574
2.91896e-13
-0.000538535
2.27188e-13
-0.000538497
5.62981e-14
-0.000538458
-1.52126e-13
-0.000538419
-3.21992e-13
-0.000538378
-4.01618e-13
-0.000538334
-3.79051e-13
-0.000538288
-2.82901e-13
-0.00053824
-1.61625e-13
-0.000538191
-6.42512e-14
-0.000538142
-1.67567e-14
-0.000538094
-1.87539e-14
-0.000538046
-5.03037e-14
-0.000537998
-7.34596e-14
-0.00053795
4.00196e-14
4.07981e-13
-0.000538935
-0.000538896
-0.000538858
-0.000538821
-0.000538782
-0.000538742
-0.000538699
-0.000538657
-0.000538615
-0.000538574
-0.000538535
-0.000538497
-0.000538458
-0.000538419
-0.000538378
-0.000538334
-0.000538288
-0.00053824
-0.000538191
-0.000538142
-0.000538094
-0.000538046
-0.000537998
-0.00053795
-0.0202312
1.41416e-06
-0.0198029
6.715e-07
-0.0192583
7.27528e-07
-0.0186063
6.547e-07
-0.0178564
5.92665e-07
-0.0170187
5.35202e-07
-0.0161033
4.81991e-07
-0.0151207
4.30417e-07
-0.0140817
3.74735e-07
-0.0129973
3.05503e-07
-0.0118796
2.10852e-07
-0.0107412
7.9145e-08
-0.0095965
-9.31357e-08
-0.00846116
-2.9202e-07
-0.00735207
-4.95007e-07
-0.0062864
-6.67906e-07
-0.00528034
-7.83989e-07
-0.00434806
-8.3612e-07
-0.00350113
-8.38137e-07
-0.00274929
-8.14395e-07
-0.00210125
-7.8711e-07
-0.00156637
-7.61503e-07
-0.00115537
-7.26622e-07
-0.000879351
-6.31222e-07
-6.01449e-07
-0.0203612
-4.05389e-08
-3.61036e-08
-0.019932
-1.7594e-07
-1.75961e-07
-0.0193852
-1.67131e-07
-1.66661e-07
-0.0187302
-1.44833e-07
-1.44265e-07
-0.0179765
-1.25612e-07
-1.24868e-07
-0.0171342
-1.07872e-07
-1.06998e-07
-0.0162136
-9.16274e-08
-9.06328e-08
-0.0152251
-7.6234e-08
-7.50336e-08
-0.0141795
-6.01408e-08
-5.8748e-08
-0.0130881
-4.06902e-08
-3.91024e-08
-0.0119627
-1.41792e-08
-1.23573e-08
-0.0108162
2.28519e-08
2.49243e-08
-0.00966298
7.08439e-08
7.32313e-08
-0.00851886
1.30995e-07
1.33617e-07
-0.00740092
1.93171e-07
1.95993e-07
-0.00632659
2.47506e-07
2.50529e-07
-0.00531234
2.84966e-07
2.88175e-07
-0.00437254
3.02526e-07
3.05915e-07
-0.00351896
3.04027e-07
3.07576e-07
-0.00276141
2.96984e-07
3.00665e-07
-0.00210869
2.88084e-07
2.91729e-07
-0.00157023
2.77664e-07
2.80903e-07
-0.00115682
2.58765e-07
2.61356e-07
-0.000879546
2.04804e-07
2.06656e-07
1.56054e-07
1.57493e-07
-0.0202099
6.92749e-07
-0.019782
6.5335e-07
-0.0192378
6.28839e-07
-0.0185863
5.59669e-07
-0.0178371
4.97752e-07
-0.0170002
4.40781e-07
-0.0160857
3.87961e-07
-0.0151041
3.36291e-07
-0.0140661
2.7931e-07
-0.012983
2.06787e-07
-0.0118664
1.05943e-07
-0.0107294
-3.3821e-08
-0.00958604
-2.15212e-07
-0.00845209
-4.24778e-07
-0.00734439
-6.35693e-07
-0.00628006
-8.11911e-07
-0.00527527
-9.26185e-07
-0.00434415
-9.72644e-07
-0.00349824
-9.673e-07
-0.00274726
-9.36113e-07
-0.00209991
-9.00634e-07
-0.00156556
-8.64544e-07
-0.00115493
-8.04925e-07
-0.000879132
-6.67473e-07
-5.43647e-07
-0.0203323
3.13307e-09
-0.0199032
-3.52556e-10
-0.0193568
-1.41112e-10
-0.0187024
-1.89647e-10
-0.0179495
-1.12203e-10
-0.0171082
-5.54193e-11
-0.0161887
-6.69329e-11
-0.0152015
-3.90385e-12
-0.0141574
4.11569e-11
-0.0130675
6.303e-11
-0.0119438
1.74582e-10
-0.0107992
3.26834e-10
-0.00964785
5.12138e-10
-0.00850571
6.73723e-10
-0.00738978
7.92629e-10
-0.00631741
8.62049e-10
-0.00530503
9.31757e-10
-0.00436695
1.02817e-09
-0.00351489
1.0275e-09
-0.00275865
9.85776e-10
-0.002107
9.27776e-10
-0.00156937
7.04574e-10
-0.00115651
3.8269e-10
-0.000879527
2.17661e-10
2.95497e-11
-0.0203323
-6.86043e-07
-0.0199032
-6.54164e-07
-0.0193568
-6.28966e-07
-0.0187024
-5.59876e-07
-0.0179496
-4.97835e-07
-0.0171082
-4.40802e-07
-0.0161887
-3.88e-07
-0.0152015
-3.36257e-07
-0.0141574
-2.79247e-07
-0.0130675
-2.06719e-07
-0.0119438
-1.05752e-07
-0.0107992
3.4186e-08
-0.00964786
2.15783e-07
-0.00850572
4.25506e-07
-0.00738979
6.36508e-07
-0.00631742
8.12759e-07
-0.00530504
9.27111e-07
-0.00436696
9.73725e-07
-0.00351489
9.68451e-07
-0.00275865
9.37338e-07
-0.002107
9.01961e-07
-0.00156937
8.6575e-07
-0.00115651
8.05786e-07
-0.000879528
6.68148e-07
5.44006e-07
-0.0202099
3.61775e-08
-0.019782
1.76073e-07
-0.0192378
1.66757e-07
-0.0185863
1.44381e-07
-0.0178372
1.2513e-07
-0.0170002
1.07339e-07
-0.0160857
9.10135e-08
-0.0151041
7.55494e-08
-0.0140661
5.93365e-08
-0.012983
3.97276e-08
-0.0118664
1.30791e-08
-0.0107294
-2.40775e-08
-0.00958605
-7.22272e-08
-0.0084521
-1.32538e-07
-0.0073444
-1.94889e-07
-0.00628007
-2.49377e-07
-0.00527528
-2.86922e-07
-0.00434415
-3.04452e-07
-0.00349824
-3.05923e-07
-0.00274726
-2.98763e-07
-0.00209991
-2.89687e-07
-0.00156556
-2.79067e-07
-0.00115493
-2.60032e-07
-0.000879131
-2.05724e-07
-1.55476e-07
-0.0203612
-1.41419e-06
-4.03135e-08
-0.019932
-6.71591e-07
-1.75574e-07
-0.0193852
-7.2769e-07
-1.6664e-07
-0.0187302
-6.54895e-07
-1.44213e-07
-0.0179765
-5.92805e-07
-1.24914e-07
-0.0171342
-5.35324e-07
-1.07117e-07
-0.0162136
-4.82118e-07
-9.07833e-08
-0.0152251
-4.30513e-07
-7.52864e-08
-0.0141795
-3.74848e-07
-5.9084e-08
-0.0130881
-3.0564e-07
-3.95159e-08
-0.0119627
-2.10948e-07
-1.2945e-08
-0.0108162
-7.91715e-08
2.41329e-08
-0.00966298
9.31843e-08
7.2154e-08
-0.00851886
2.92118e-07
1.32268e-07
-0.00740092
4.95134e-07
1.94376e-07
-0.00632659
6.68094e-07
2.48619e-07
-0.00531234
7.84325e-07
2.85882e-07
-0.00437254
8.36739e-07
3.03113e-07
-0.00351896
8.39099e-07
3.0422e-07
-0.00276141
8.15826e-07
2.96745e-07
-0.00210869
7.89256e-07
2.87109e-07
-0.00157023
7.64428e-07
2.75763e-07
-0.00115682
7.30251e-07
2.56002e-07
-0.000879546
6.35468e-07
2.01288e-07
6.06726e-07
1.53419e-07
-0.0202312
-0.0198029
-0.0192583
-0.0186063
-0.0178564
-0.0170187
-0.0161033
-0.0151207
-0.0140817
-0.0129973
-0.0118796
-0.0107412
-0.0095965
-0.00846116
-0.00735207
-0.0062864
-0.00528034
-0.00434806
-0.00350113
-0.00274929
-0.00210125
-0.00156637
-0.00115537
-0.000879351
-0.0203323
-6.9306e-07
3.43176e-09
-0.0199032
-6.53806e-07
5.25833e-11
-0.0193568
-6.29455e-07
4.07927e-10
-0.0187024
-5.60418e-07
5.01019e-10
-0.0179495
-4.98506e-07
5.34958e-10
-0.0171082
-4.41574e-07
5.95016e-10
-0.0161887
-3.88866e-07
7.08039e-10
-0.0152015
-3.37276e-07
8.01684e-10
-0.0141574
-2.80406e-07
9.45899e-10
-0.0130675
-2.08023e-07
1.14313e-09
-0.0119438
-1.0724e-07
1.32159e-09
-0.0107992
3.24848e-08
1.45169e-09
-0.00964785
2.13848e-07
1.65618e-09
-0.00850571
4.23403e-07
1.86715e-09
-0.00738978
6.34268e-07
2.10915e-09
-0.00631741
8.10411e-07
2.38215e-09
-0.00530503
9.24633e-07
2.63007e-09
-0.00436695
9.71076e-07
2.83906e-09
-0.00351489
9.65497e-07
3.14561e-09
-0.00275865
9.33974e-07
3.50672e-09
-0.002107
8.97815e-07
3.9204e-09
-0.00156937
8.60622e-07
4.41735e-09
-0.00115651
7.99597e-07
5.00785e-09
-0.000879527
6.61072e-07
5.22802e-09
5.38002e-07
4.1308e-09
-0.0202099
-0.019782
-0.0192378
-0.0185863
-0.0178371
-0.0170002
-0.0160857
-0.0151041
-0.0140661
-0.012983
-0.0118664
-0.0107294
-0.00958604
-0.00845209
-0.00734439
-0.00628006
-0.00527527
-0.00434415
-0.00349824
-0.00274726
-0.00209991
-0.00156556
-0.00115493
-0.000879133
-0.0202099
6.85863e-07
-0.019782
6.53921e-07
-0.0192378
6.28612e-07
-0.0185863
5.59456e-07
-0.0178372
4.97521e-07
-0.0170002
4.40525e-07
-0.0160857
3.87685e-07
-0.0151041
3.35987e-07
-0.0140661
2.78957e-07
-0.012983
2.06366e-07
-0.0118664
1.05425e-07
-0.0107294
-3.4431e-08
-0.00958605
-2.15969e-07
-0.0084521
-4.25668e-07
-0.0073444
-6.36702e-07
-0.00628007
-8.12978e-07
-0.00527528
-9.27255e-07
-0.00434415
-9.736e-07
-0.00349824
-9.68058e-07
-0.00274726
-9.36408e-07
-0.00209991
-9.00543e-07
-0.00156556
-8.6395e-07
-0.00115493
-8.03787e-07
-0.000879131
-6.66008e-07
-5.39607e-07
-0.0203323
-0.0199032
-0.0193568
-0.0187024
-0.0179496
-0.0171082
-0.0161887
-0.0152015
-0.0141574
-0.0130675
-0.0119438
-0.0107992
-0.00964786
-0.00850572
-0.00738979
-0.00631742
-0.00530504
-0.00436695
-0.00351489
-0.00275865
-0.002107
-0.00156937
-0.00115651
-0.000879529
)
;

boundaryField
{
    outletCentralUnloaded
    {
        type            calculated;
        value           nonuniform List<scalar> 2(0.000538978 0.000538978);
    }
    inletCentralUnloaded
    {
        type            calculated;
        value           uniform -0.000540134;
    }
    outletFuelElement
    {
        type            calculated;
        value           nonuniform List<scalar> 
12
(
0.0205721
0.0207053
0.0205513
0.0206755
0.0206756
0.0205514
0.0207053
0.0205721
0.0206755
0.0205513
0.0205514
0.0206756
)
;
    }
    inletFuelElement
    {
        type            calculated;
        value           nonuniform List<scalar> 
12
(
-0.000722059
-0.00072206
-0.000722059
-0.000722059
-0.00072206
-0.000722059
-0.00072206
-0.000722059
-0.000722059
-0.000722059
-0.000722059
-0.00072206
)
;
    }
    defaultFaces
    {
        type            calculated;
        value           nonuniform List<scalar> 
450
(
3.96937e-23
-2.70013e-23
0
1.75425e-23
-5.54754e-24
0
2.85644e-23
-1.14301e-23
0
-3.47061e-23
-3.1442e-23
0
-1.95476e-23
-3.07649e-23
0
-3.96676e-23
-9.60313e-24
0
-3.35897e-23
-1.29293e-23
0
-3.1625e-23
-1.87145e-23
0
-1.95632e-23
-1.01028e-23
0
-1.87343e-23
-6.57565e-24
0
-1.09321e-23
-9.73004e-24
0
-4.92719e-24
-1.08966e-24
0
4.96379e-24
3.61959e-25
0
2.23785e-23
8.88096e-24
0
2.6818e-23
1.6783e-23
0
4.1439e-23
3.07356e-24
0
3.39399e-23
9.36814e-24
0
7.60495e-23
2.10773e-23
0
3.05528e-23
-1.7081e-23
0
-2.70879e-23
-7.49524e-24
0
-2.3915e-23
3.76514e-24
0
2.44829e-23
-3.12584e-23
0
-3.29161e-23
2.66285e-23
0
-2.22621e-23
-1.11281e-23
0
-1.429e-23
-1.95615e-23
0
2.00567e-23
0
2.40681e-23
0
8.0227e-24
0
2.40681e-23
0
-1.60454e-23
0
8.0227e-24
0
8.0227e-24
0
1.2034e-23
0
-4.01135e-24
0
6.01702e-24
0
2.50709e-24
0
0
0
-4.01135e-24
0
-1.2034e-23
0
-3.20908e-23
0
-1.60454e-23
0
4.01135e-23
0
-3.20908e-23
0
0
0
-3.20908e-23
0
-4.01135e-23
0
3.20908e-23
0
1.60454e-23
0
-2.40681e-23
0
-2.40681e-23
0
0
-8.0227e-24
0
-8.0227e-24
8.0227e-24
-8.0227e-24
-8.0227e-24
-4.01135e-24
8.0227e-24
-8.0227e-24
-2.00567e-24
1.00284e-24
0
0
1.60454e-23
4.81362e-23
-3.20908e-23
1.60454e-23
-1.60454e-23
1.60454e-23
-3.20908e-23
-3.20908e-23
-4.81362e-23
8.0227e-24
-8.0227e-24
0
0
0
0
0
0
0
0
0
0
0
0
0
0
0
0
0
0
0
0
0
0
0
0
0
-2.20624e-23
1.60454e-23
0
2.40681e-23
1.60454e-23
4.01135e-23
-1.60454e-23
-1.2034e-23
1.2034e-23
-4.01135e-24
-8.0227e-24
-8.0227e-24
-4.01135e-24
-1.2034e-23
-8.0227e-24
-4.01135e-24
1.80511e-23
-8.0227e-24
-6.01702e-24
-4.01135e-24
-2.50709e-24
-4.01135e-24
2.00567e-24
2.25638e-24
4.01135e-24
1.00284e-23
1.60454e-23
8.0227e-24
3.20908e-23
1.60454e-23
3.20908e-23
1.60454e-23
-2.40681e-23
5.61589e-23
1.60454e-23
1.60454e-23
-3.20908e-23
6.41816e-23
-3.20908e-23
-2.40681e-23
-1.60454e-23
-3.20908e-23
-3.20908e-23
3.20908e-23
-8.0227e-24
-1.60454e-23
0
-2.40681e-23
-2.40681e-23
-8.0227e-24
3.85423e-23
0
0
4.28649e-25
0
0
3.17214e-23
0
-4.81362e-23
-5.36736e-23
0
8.0227e-24
2.49283e-23
0
-8.0227e-24
-4.75284e-23
0
8.0227e-24
-4.50574e-23
0
8.0227e-24
-3.76777e-23
0
8.0227e-24
-2.3949e-23
0
-2.40681e-23
-2.65232e-23
0
8.0227e-24
-1.86069e-23
0
0
-6.10746e-24
0
0
8.85122e-24
-0
-2.00567e-24
2.50312e-23
-0
-4.01135e-24
4.3279e-23
-0
-1.60454e-23
5.41103e-23
-0
0
2.95915e-23
-0
0
7.46071e-23
-0
0
2.85041e-23
-0
-3.20908e-23
-2.47051e-23
-0
3.20908e-23
-1.06199e-23
-0
0
3.26599e-23
-0
3.20908e-23
-3.00025e-23
-0
0
-7.96701e-24
-0
1.60454e-23
-1.86216e-23
-0
8.0227e-24
-1.60454e-23
-8.0227e-24
0
-8.0227e-24
1.60454e-23
-8.0227e-24
0
0
0
-8.0227e-24
-2.00567e-24
5.01419e-25
4.01135e-24
1.60454e-23
0
0
-3.20908e-23
0
-4.81362e-23
0
0
-1.60454e-23
-1.60454e-23
0
0
3.00851e-23
0
2.40681e-23
0
-8.0227e-24
0
2.00567e-23
0
-8.0227e-24
0
1.2034e-23
0
1.60454e-23
0
1.60454e-23
0
2.00567e-24
0
8.0227e-24
0
2.50709e-24
0
-1.00284e-24
0
-6.01702e-24
-0
-8.0227e-24
-0
-8.0227e-24
-0
-1.60454e-23
-0
3.20908e-23
-0
-3.20908e-23
-0
4.81362e-23
-0
-4.81362e-23
-0
-2.40681e-23
-0
4.01135e-23
-0
-8.0227e-24
-0
-3.20908e-23
-0
-2.40681e-23
-0
-2.00567e-23
1.60454e-23
-1.60454e-23
1.60454e-23
-2.40681e-23
3.20908e-23
-1.2034e-23
-4.01135e-23
0
1.60454e-23
-1.2034e-23
-2.80794e-23
-8.0227e-24
-2.80794e-23
-8.0227e-24
-1.60454e-23
2.00567e-24
-1.2034e-23
-8.0227e-24
-1.40397e-23
-2.00567e-24
-4.01135e-24
-1.00284e-24
5.01419e-24
4.01135e-24
1.80511e-23
8.0227e-24
3.20908e-23
1.60454e-23
5.21475e-23
1.60454e-23
6.41816e-23
0
4.81362e-23
3.20908e-23
7.22043e-23
-1.60454e-23
4.81362e-23
0
-1.60454e-23
0
-3.20908e-23
0
4.01135e-23
1.60454e-23
-4.01135e-23
-8.0227e-24
-1.60454e-23
-8.0227e-24
-1.60454e-23
-0
-0
-0
-0
-0
-0
-0
-0
-0
-0
-0
0
0
0
0
0
0
0
0
0
0
0
0
0
0
)
;
    }
    baffle_master
    {
        type            calculated;
        value           nonuniform List<scalar> 
150
(
3.74684e-30
0
0
-7.20483e-30
0
5.72334e-30
-1.06445e-30
0
2.86167e-30
2.48908e-30
0
-2.86167e-30
-1.70618e-29
0
-1.717e-29
-2.87916e-30
0
5.72334e-30
1.7904e-30
0
-2.86167e-30
-2.46534e-31
0
0
-4.98989e-31
0
5.72334e-30
9.8204e-31
0
0
-1.78835e-30
0
2.86167e-30
-5.23248e-31
0
7.15418e-31
-2.07381e-30
0
2.86167e-30
-4.86916e-31
0
0
6.9686e-30
0
0
5.11056e-30
0
0
2.696e-29
0
1.14467e-29
1.26261e-30
0
2.86167e-30
4.65674e-30
0
1.43084e-30
3.68217e-32
0
3.57709e-31
1.05549e-31
0
0
-2.69946e-30
0
-1.43084e-30
6.6422e-31
0
0
9.12148e-32
0
0
2.43921e-30
0
-1.14467e-29
0
1.75059e-29
-0
-5.72334e-30
1.69672e-29
-0
-2.86167e-30
3.42111e-30
-0
0
-8.55017e-30
0
5.72334e-30
9.17574e-30
0
1.14467e-29
-1.00979e-29
0
0
-9.07439e-30
0
-7.15418e-31
7.0466e-31
-0
8.58502e-30
6.49942e-30
-0
-5.72334e-30
9.58557e-30
-0
2.86167e-30
9.79087e-30
-0
-7.15418e-31
2.23804e-30
-0
2.86167e-30
-6.70876e-30
0
5.72334e-30
-1.8558e-29
0
5.72334e-30
-1.59175e-29
0
1.14467e-29
-7.59565e-30
0
-1.14467e-29
-9.69665e-30
0
0
-1.66011e-30
0
-4.29251e-30
-6.15342e-31
0
0
4.16593e-31
0
0
2.02293e-31
0
-2.86167e-30
2.99733e-30
0
-2.86167e-30
-2.72978e-30
0
0
-1.22534e-30
-0
0
-1.50648e-29
-0
)
;
    }
    baffle_slave
    {
        type            calculated;
        value           nonuniform List<scalar> 
150
(
-7.52128e-24
-0
1.60454e-23
-4.55586e-24
-0
8.0227e-24
-4.35607e-24
-0
0
9.84034e-24
-0
8.0227e-24
-2.65439e-23
-0
-1.60454e-23
-5.57828e-24
-0
0
1.09685e-24
-0
-8.0227e-24
8.0227e-24
-0
4.01135e-24
2.82048e-25
-0
0
-3.44725e-24
-0
0
4.38741e-25
-0
0
1.19087e-24
0
0
1.25355e-25
0
0
-1.88032e-25
0
0
1.3789e-24
0
8.0227e-24
1.3789e-24
0
0
-4.96405e-23
0
-6.41816e-23
-1.75497e-24
0
0
-2.56977e-23
0
-4.81362e-23
-1.3789e-24
0
0
-3.38458e-24
0
0
2.60738e-23
0
3.20908e-23
-2.13103e-24
0
0
-7.89734e-24
0
-8.0227e-24
-6.58112e-24
0
-8.0227e-24
-1.13692e-23
6.58112e-23
0
9.16796e-24
2.13103e-23
0
-1.05551e-23
1.88649e-23
0
-4.43634e-24
2.18431e-23
0
-4.63314e-25
-3.21456e-23
0
-1.44759e-23
1.85682e-23
0
-1.07625e-23
2.08637e-23
0
1.04353e-24
8.82967e-24
0
6.08558e-24
1.02203e-23
0
-2.76484e-24
1.30937e-23
0
-7.44204e-25
5.24041e-24
0
8.78504e-25
3.78806e-24
0
3.73016e-24
-8.2264e-25
0
-1.08366e-24
-5.02986e-24
0
1.42606e-23
-1.08275e-23
0
1.66241e-23
-1.67348e-23
0
-3.04729e-23
-1.93986e-23
0
-3.21169e-24
-2.18117e-23
0
-3.54973e-23
2.44442e-24
0
1.95112e-23
7.77199e-24
0
-2.79479e-23
1.24101e-23
0
-3.27194e-23
2.73273e-23
0
-3.15277e-23
-2.11849e-23
0
-4.09456e-24
9.15089e-24
0
-1.05931e-23
1.13446e-23
0
)
;
    }
}


// ************************************************************************* //
