/*--------------------------------*- C++ -*----------------------------------*\
| =========                 |                                                 |
| \\      /  F ield         | OpenFOAM: The Open Source CFD Toolbox           |
|  \\    /   O peration     | Version:  2212                                  |
|   \\  /    A nd           | Website:  www.openfoam.com                      |
|    \\/     M anipulation  |                                                 |
\*---------------------------------------------------------------------------*/
FoamFile
{
    version     2.0;
    format      ascii;
    arch        "LSB;label=32;scalar=64";
    class       volScalarField;
    location    "74/fluidRegion";
    object      alphat;
}
// * * * * * * * * * * * * * * * * * * * * * * * * * * * * * * * * * * * * * //

dimensions      [1 -1 -1 0 0 0 0];

internalField   nonuniform List<scalar> 
350
(
0.0025856
0.00258559
0.00258561
0.00258564
0.00258567
0.00258567
0.00258566
0.00258565
0.00258564
0.00258565
0.00258569
0.00258575
0.00258583
0.00258594
0.00258608
0.00258628
0.00258659
0.00258704
0.00258773
0.00258877
0.00259036
0.0025928
0.00259654
0.00260226
0.00261102
0.0025856
0.00258559
0.00258561
0.00258564
0.00258567
0.00258567
0.00258566
0.00258565
0.00258564
0.00258565
0.00258569
0.00258575
0.00258583
0.00258594
0.00258608
0.00258628
0.00258659
0.00258704
0.00258773
0.00258877
0.00259036
0.0025928
0.00259654
0.00260226
0.00261102
0.000895867
0.000884264
0.000872854
0.000861284
0.000849448
0.000837238
0.000824552
0.00081129
0.000797367
0.000782719
0.000767314
0.000751159
0.000734296
0.000716796
0.00069874
0.000680222
0.000661418
0.000642785
0.000625501
0.000612402
0.000609882
0.000631328
0.000699561
0.000832308
0.00100222
0.000888008
0.000876419
0.000865045
0.000853518
0.000841732
0.000829581
0.000816961
0.00080377
0.000789923
0.000775356
0.000760037
0.000743978
0.000727232
0.00070988
0.000692015
0.000673742
0.000655235
0.000636937
0.000620004
0.000607247
0.000605041
0.000626815
0.000695611
0.00082961
0.00100148
0.000897121
0.000885505
0.000874085
0.000862503
0.000850653
0.00083843
0.000825729
0.000812451
0.000798511
0.000783846
0.000768422
0.000752245
0.000735358
0.000717828
0.000699735
0.000681171
0.000662314
0.000643619
0.000626271
0.000613107
0.000610524
0.000631908
0.000700057
0.000832646
0.00100234
0.000889812
0.000878224
0.000866845
0.000855311
0.000843516
0.000831354
0.00081872
0.000805514
0.000791651
0.000777065
0.000761726
0.000745645
0.000728871
0.000711484
0.000693575
0.000675245
0.000656669
0.000638294
0.00062128
0.000608443
0.000606165
0.000627864
0.000696531
0.000830241
0.00100165
0.000889812
0.000878224
0.000866845
0.000855311
0.000843516
0.000831354
0.00081872
0.000805514
0.000791651
0.000777065
0.000761726
0.000745645
0.000728871
0.000711484
0.000693575
0.000675245
0.00065667
0.000638294
0.00062128
0.000608443
0.000606165
0.000627864
0.000696531
0.000830241
0.00100165
0.000897121
0.000885504
0.000874085
0.000862503
0.000850653
0.00083843
0.000825728
0.000812451
0.000798511
0.000783846
0.000768422
0.000752245
0.000735358
0.000717828
0.000699735
0.000681171
0.000662314
0.000643619
0.000626271
0.000613107
0.000610524
0.000631908
0.000700058
0.000832647
0.00100234
0.000888008
0.000876419
0.000865045
0.000853518
0.000841732
0.000829581
0.000816961
0.00080377
0.000789923
0.000775356
0.000760037
0.000743978
0.000727232
0.000709879
0.000692015
0.000673742
0.000655235
0.000636937
0.000620005
0.000607247
0.000605042
0.000626815
0.000695611
0.000829609
0.00100148
0.000895867
0.000884264
0.000872855
0.000861285
0.000849448
0.000837238
0.000824552
0.00081129
0.000797367
0.000782719
0.000767314
0.000751159
0.000734296
0.000716796
0.00069874
0.000680222
0.000661419
0.000642785
0.000625502
0.000612403
0.000609884
0.000631331
0.000699566
0.000832315
0.00100223
0.000889813
0.000878224
0.000866845
0.000855311
0.000843516
0.000831354
0.00081872
0.000805514
0.000791651
0.000777065
0.000761726
0.000745645
0.000728871
0.000711484
0.000693575
0.000675245
0.000656669
0.000638294
0.00062128
0.000608443
0.000606165
0.000627864
0.000696532
0.000830243
0.00100166
0.000897121
0.000885505
0.000874085
0.000862504
0.000850654
0.00083843
0.000825729
0.000812451
0.000798512
0.000783846
0.000768422
0.000752245
0.000735358
0.000717828
0.000699734
0.00068117
0.000662313
0.000643618
0.000626269
0.000613104
0.00061052
0.000631902
0.000700048
0.000832635
0.00100233
0.000897121
0.000885505
0.000874085
0.000862503
0.000850653
0.00083843
0.000825729
0.000812451
0.000798512
0.000783846
0.000768422
0.000752245
0.000735358
0.000717829
0.000699735
0.000681171
0.000662314
0.00064362
0.000626271
0.000613107
0.000610525
0.000631909
0.000700057
0.000832645
0.00100234
0.000889813
0.000878225
0.000866846
0.000855311
0.000843516
0.000831354
0.00081872
0.000805515
0.000791651
0.000777065
0.000761727
0.000745645
0.000728871
0.000711484
0.000693575
0.000675245
0.00065667
0.000638295
0.000621281
0.000608445
0.000606169
0.000627869
0.000696539
0.000830251
0.00100167
)
;

boundaryField
{
    outletCentralUnloaded
    {
        type            zeroGradient;
    }
    inletCentralUnloaded
    {
        type            zeroGradient;
    }
    outletFuelElement
    {
        type            zeroGradient;
    }
    inletFuelElement
    {
        type            zeroGradient;
    }
    defaultFaces
    {
        type            zeroGradient;
    }
    baffle_master
    {
        type            calculated;
        value           nonuniform List<scalar> 
150
(
0.0025856
0.0025856
0.0025856
0.00258559
0.00258559
0.00258559
0.00258561
0.00258561
0.00258561
0.00258564
0.00258564
0.00258564
0.00258567
0.00258567
0.00258567
0.00258567
0.00258567
0.00258567
0.00258566
0.00258566
0.00258566
0.00258565
0.00258565
0.00258565
0.00258564
0.00258564
0.00258564
0.00258565
0.00258565
0.00258565
0.00258569
0.00258569
0.00258569
0.00258575
0.00258575
0.00258575
0.00258583
0.00258583
0.00258583
0.00258594
0.00258594
0.00258594
0.00258608
0.00258608
0.00258608
0.00258628
0.00258628
0.00258628
0.00258659
0.00258659
0.00258659
0.00258704
0.00258704
0.00258704
0.00258773
0.00258773
0.00258773
0.00258877
0.00258877
0.00258877
0.00259036
0.00259036
0.00259036
0.0025928
0.0025928
0.0025928
0.00259654
0.00259654
0.00259654
0.00260226
0.00260226
0.00260226
0.00261102
0.00261102
0.00261102
0.0025856
0.0025856
0.0025856
0.00258559
0.00258559
0.00258559
0.00258561
0.00258561
0.00258561
0.00258564
0.00258564
0.00258564
0.00258567
0.00258567
0.00258567
0.00258567
0.00258567
0.00258567
0.00258566
0.00258566
0.00258566
0.00258565
0.00258565
0.00258565
0.00258564
0.00258564
0.00258564
0.00258565
0.00258565
0.00258565
0.00258569
0.00258569
0.00258569
0.00258575
0.00258575
0.00258575
0.00258583
0.00258583
0.00258583
0.00258594
0.00258594
0.00258594
0.00258608
0.00258608
0.00258608
0.00258628
0.00258628
0.00258628
0.00258659
0.00258659
0.00258659
0.00258704
0.00258704
0.00258704
0.00258773
0.00258773
0.00258773
0.00258877
0.00258877
0.00258877
0.00259036
0.00259036
0.00259036
0.0025928
0.0025928
0.0025928
0.00259654
0.00259654
0.00259654
0.00260226
0.00260226
0.00260226
0.00261102
0.00261102
0.00261102
)
;
    }
    baffle_slave
    {
        type            calculated;
        value           nonuniform List<scalar> 
150
(
0.000888008
0.000889812
0.000889813
0.000876419
0.000878224
0.000878225
0.000865045
0.000866845
0.000866846
0.000853518
0.000855311
0.000855311
0.000841732
0.000843516
0.000843516
0.000829581
0.000831354
0.000831354
0.000816961
0.00081872
0.00081872
0.00080377
0.000805514
0.000805515
0.000789923
0.000791651
0.000791651
0.000775356
0.000777065
0.000777065
0.000760037
0.000761726
0.000761727
0.000743978
0.000745645
0.000745645
0.000727232
0.000728871
0.000728871
0.00070988
0.000711484
0.000711484
0.000692015
0.000693575
0.000693575
0.000673742
0.000675245
0.000675245
0.000655235
0.000656669
0.00065667
0.000636937
0.000638294
0.000638295
0.000620004
0.00062128
0.000621281
0.000607247
0.000608443
0.000608445
0.000605041
0.000606165
0.000606169
0.000626815
0.000627864
0.000627869
0.000695611
0.000696531
0.000696539
0.00082961
0.000830241
0.000830251
0.00100148
0.00100165
0.00100167
0.000889812
0.000888008
0.000889813
0.000878224
0.000876419
0.000878224
0.000866845
0.000865045
0.000866845
0.000855311
0.000853518
0.000855311
0.000843516
0.000841732
0.000843516
0.000831354
0.000829581
0.000831354
0.00081872
0.000816961
0.00081872
0.000805514
0.00080377
0.000805514
0.000791651
0.000789923
0.000791651
0.000777065
0.000775356
0.000777065
0.000761726
0.000760037
0.000761726
0.000745645
0.000743978
0.000745645
0.000728871
0.000727232
0.000728871
0.000711484
0.000709879
0.000711484
0.000693575
0.000692015
0.000693575
0.000675245
0.000673742
0.000675245
0.00065667
0.000655235
0.000656669
0.000638294
0.000636937
0.000638294
0.00062128
0.000620005
0.00062128
0.000608443
0.000607247
0.000608443
0.000606165
0.000605042
0.000606165
0.000627864
0.000626815
0.000627864
0.000696531
0.000695611
0.000696532
0.000830241
0.000829609
0.000830243
0.00100165
0.00100148
0.00100166
)
;
    }
}


// ************************************************************************* //
