/*--------------------------------*- C++ -*----------------------------------*\
| =========                 |                                                 |
| \\      /  F ield         | OpenFOAM: The Open Source CFD Toolbox           |
|  \\    /   O peration     | Version:  2212                                  |
|   \\  /    A nd           | Website:  www.openfoam.com                      |
|    \\/     M anipulation  |                                                 |
\*---------------------------------------------------------------------------*/
FoamFile
{
    version     2.0;
    format      ascii;
    arch        "LSB;label=32;scalar=64";
    class       volScalarField;
    location    "74/fluidRegion";
    object      deltaT;
}
// * * * * * * * * * * * * * * * * * * * * * * * * * * * * * * * * * * * * * //

dimensions      [0 0 0 1 0 0 0];

internalField   nonuniform List<scalar> 
350
(
0
0
0
0
0
0
0
0
0
0
0
0
0
0
0
0
0
0
0
0
0
0
0
0
0
0
0
0
0
0
0
0
0
0
0
0
0
0
0
0
0
0
0
0
0
0
0
0
0
0
16.5192
49.4569
82.1314
114.492
146.48
178.038
209.113
239.655
269.613
298.921
327.478
355.118
381.575
406.45
429.206
449.18
465.594
477.475
483.415
481.036
466.035
430.785
363.154
249.687
91.107
16.654
49.8608
82.7983
115.418
147.659
179.464
210.782
241.564
271.763
301.316
330.132
358.051
384.811
410.011
433.1
453.394
470.091
482.203
488.318
486.057
471.088
435.689
367.497
252.747
92.1873
16.4976
49.393
82.0256
114.346
146.293
177.811
208.847
239.351
269.27
298.538
327.053
354.649
381.058
405.882
428.586
448.513
464.885
476.734
482.651
480.261
465.264
430.05
362.516
249.244
90.9435
16.6226
49.7666
82.643
115.202
147.384
179.132
210.394
241.121
271.264
300.761
329.518
357.373
384.064
409.189
432.201
452.421
469.052
481.111
487.186
484.897
469.92
434.554
366.49
252.036
91.9373
16.6226
49.7666
82.643
115.202
147.384
179.132
210.394
241.121
271.264
300.761
329.518
357.373
384.064
409.189
432.201
452.421
469.052
481.111
487.186
484.897
469.92
434.554
366.49
252.036
91.9373
16.4976
49.393
82.0256
114.346
146.293
177.811
208.847
239.351
269.27
298.538
327.053
354.649
381.057
405.881
428.586
448.513
464.885
476.734
482.651
480.261
465.264
430.051
362.517
249.244
90.9436
16.654
49.8608
82.7983
115.418
147.659
179.464
210.782
241.564
271.763
301.316
330.132
358.051
384.811
410.011
433.1
453.394
470.091
482.203
488.318
486.057
471.088
435.689
367.497
252.747
92.1873
16.5192
49.4569
82.1314
114.492
146.48
178.038
209.113
239.655
269.613
298.921
327.478
355.118
381.575
406.45
429.206
449.18
465.594
477.475
483.415
481.036
466.035
430.785
363.154
249.687
91.107
16.6226
49.7666
82.643
115.202
147.384
179.132
210.394
241.121
271.264
300.761
329.518
357.373
384.064
409.189
432.201
452.421
469.052
481.111
487.186
484.897
469.92
434.554
366.49
252.036
91.9373
16.4976
49.393
82.0256
114.346
146.293
177.811
208.847
239.351
269.27
298.538
327.053
354.649
381.057
405.881
428.586
448.513
464.885
476.734
482.651
480.261
465.264
430.05
362.516
249.244
90.9435
16.4976
49.393
82.0256
114.346
146.293
177.811
208.847
239.351
269.27
298.538
327.053
354.649
381.057
405.881
428.586
448.513
464.885
476.734
482.651
480.261
465.264
430.051
362.517
249.244
90.9436
16.6226
49.7666
82.643
115.202
147.384
179.132
210.394
241.121
271.264
300.761
329.518
357.373
384.064
409.189
432.201
452.421
469.052
481.111
487.186
484.897
469.92
434.554
366.49
252.036
91.9373
)
;

boundaryField
{
    outletCentralUnloaded
    {
        type            calculated;
        value           uniform 0;
    }
    inletCentralUnloaded
    {
        type            calculated;
        value           uniform 0;
    }
    outletFuelElement
    {
        type            calculated;
        value           uniform 0;
    }
    inletFuelElement
    {
        type            calculated;
        value           uniform 616.7;
    }
    defaultFaces
    {
        type            calculated;
        value           nonuniform List<scalar> 
450
(
0
0
0
0
0
0
0
0
0
0
0
0
0
0
0
0
0
0
0
0
0
0
0
0
0
0
0
0
0
0
0
0
0
0
0
0
0
0
0
0
0
0
0
0
0
0
0
0
92.6346
92.6346
92.6346
192.575
192.575
192.575
285.024
285.024
285.024
368.543
368.543
368.543
441.873
441.873
441.873
503.832
503.832
503.832
553.194
553.194
553.194
588.791
588.791
588.791
609.915
609.915
609.915
0
0
0
0
0
0
0
0
0
0
0
0
0
0
0
0
0
0
0
0
0
0
0
0
0
0
0
0
0
0
0
0
94.0427
94.0427
193.684
193.684
285.862
285.862
369.145
369.145
442.278
442.278
504.079
504.079
553.325
553.325
588.844
588.844
609.928
609.928
0
0
0
0
0
0
0
0
0
0
0
0
0
0
0
0
85.4459
186.878
280.685
365.398
439.741
502.519
552.501
588.511
609.856
0
0
0
0
0
0
0
0
0
0
0
0
0
0
0
0
85.4458
186.878
280.685
365.398
439.741
502.519
552.501
588.511
609.856
0
0
0
0
0
0
0
0
0
0
0
0
0
0
0
0
0
0
0
0
0
0
0
0
0
0
0
0
0
0
0
0
94.0418
94.0418
193.683
193.683
285.861
285.861
369.145
369.145
442.278
442.278
504.079
504.079
553.324
553.324
588.844
588.844
609.928
609.928
0
0
0
0
0
0
0
0
0
0
0
0
0
0
0
0
0
0
0
0
0
0
0
0
0
0
0
0
0
0
0
0
0
0
0
0
0
0
0
0
0
0
0
0
0
0
0
0
92.6346
92.6346
92.6346
192.575
192.575
192.575
285.024
285.024
285.024
368.543
368.543
368.543
441.873
441.873
441.873
503.832
503.832
503.832
553.194
553.194
553.194
588.791
588.791
588.791
609.915
609.915
609.915
0
0
0
0
0
0
0
0
0
0
0
0
0
0
0
0
85.4458
186.878
280.685
365.398
439.741
502.519
552.501
588.511
609.856
0
0
0
0
0
0
0
0
0
0
0
0
0
0
0
0
0
0
0
0
0
0
0
0
0
0
0
0
0
0
0
0
94.0425
94.0425
193.684
193.684
285.862
285.862
369.145
369.145
442.278
442.278
504.079
504.079
553.324
553.324
588.844
588.844
609.928
609.928
0
0
0
0
0
0
0
0
0
0
0
0
0
0
0
0
0
0
0
0
0
0
0
0
0
0
0
0
0
0
0
0
94.0419
94.0419
193.683
193.683
285.862
285.862
369.145
369.145
442.278
442.278
504.079
504.079
553.324
553.324
588.844
588.844
609.928
609.928
0
0
0
0
0
0
0
0
0
0
0
0
0
0
0
0
85.4459
186.878
280.685
365.398
439.741
502.519
552.501
588.511
609.856
)
;
    }
    baffle_master
    {
        type            calculated;
        value           uniform 0;
    }
    baffle_slave
    {
        type            calculated;
        value           nonuniform List<scalar> 
150
(
0
0
0
0
0
0
0
0
0
0
0
0
0
0
0
0
0
0
0
0
0
0
0
0
0
0
0
0
0
0
0
0
0
0
0
0
0
0
0
0
0
0
0
0
0
0
0
0
83.2851
85.4459
85.4459
185.164
186.878
186.878
279.378
280.685
280.685
364.45
365.398
365.398
439.097
439.741
439.741
502.122
502.519
502.519
552.291
552.501
552.501
588.427
588.511
588.511
609.838
609.856
609.856
0
0
0
0
0
0
0
0
0
0
0
0
0
0
0
0
0
0
0
0
0
0
0
0
0
0
0
0
0
0
0
0
0
0
0
0
0
0
0
0
0
0
0
0
0
0
0
0
85.4458
83.2851
85.4458
186.878
185.163
186.878
280.685
279.378
280.685
365.398
364.45
365.398
439.741
439.097
439.741
502.519
502.122
502.519
552.501
552.291
552.501
588.511
588.427
588.511
609.856
609.838
609.856
)
;
    }
}


// ************************************************************************* //
