/*--------------------------------*- C++ -*----------------------------------*\
| =========                 |                                                 |
| \\      /  F ield         | OpenFOAM: The Open Source CFD Toolbox           |
|  \\    /   O peration     | Version:  2212                                  |
|   \\  /    A nd           | Website:  www.openfoam.com                      |
|    \\/     M anipulation  |                                                 |
\*---------------------------------------------------------------------------*/
FoamFile
{
    version     2.0;
    format      ascii;
    arch        "LSB;label=32;scalar=64";
    class       volScalarField;
    location    "68/neutroRegion";
    object      TCool;
}
// * * * * * * * * * * * * * * * * * * * * * * * * * * * * * * * * * * * * * //

dimensions      [0 0 0 1 0 0 0];

internalField   nonuniform List<scalar> 
350
(
83.289
83.2895
83.29
83.2905
83.291
83.2914
83.2919
83.2924
83.2929
83.2933
83.2937
83.2941
83.2946
83.295
83.2955
83.296
83.2965
83.297
83.2974
83.2978
83.2981
83.2985
83.299
83.2996
83.3001
83.289
83.2895
83.29
83.2905
83.291
83.2914
83.2919
83.2924
83.2929
83.2933
83.2937
83.2941
83.2946
83.295
83.2955
83.296
83.2965
83.297
83.2974
83.2978
83.2981
83.2985
83.299
83.2996
83.3001
1823.6
1817.42
1798.83
1768.06
1725.44
1671.48
1606.78
1532.11
1448.34
1356.48
1257.67
1153.25
1044.73
933.868
822.618
713.079
607.358
507.419
414.972
331.457
258.122
196.163
146.805
111.212
90.0856
1851.85
1845.89
1827.3
1796.3
1753.25
1698.64
1633.1
1557.39
1472.39
1379.13
1278.77
1172.63
1062.26
949.416
836.106
724.478
616.708
514.831
420.617
335.55
260.898
197.873
147.709
111.576
90.163
1819.01
1812.81
1794.25
1763.53
1721
1667.16
1602.61
1528.13
1444.56
1352.93
1254.39
1150.24
1042.03
931.484
820.562
711.352
605.95
506.311
414.134
330.855
257.717
195.916
146.675
111.159
90.0732
1845.5
1839.47
1820.87
1789.91
1746.94
1692.47
1627.11
1551.63
1466.9
1373.95
1273.93
1168.18
1058.23
945.837
832.997
721.847
614.547
513.116
419.31
334.601
260.254
197.476
147.499
111.491
90.1452
1845.5
1839.47
1820.87
1789.91
1746.94
1692.47
1627.11
1551.63
1466.9
1373.95
1273.93
1168.18
1058.23
945.837
832.997
721.847
614.547
513.116
419.31
334.601
260.254
197.476
147.499
111.491
90.1452
1819.01
1812.82
1794.25
1763.53
1721
1667.16
1602.62
1528.13
1444.56
1352.93
1254.39
1150.25
1042.03
931.485
820.563
711.353
605.951
506.311
414.134
330.855
257.717
195.916
146.675
111.159
90.0732
1851.85
1845.89
1827.3
1796.3
1753.25
1698.64
1633.1
1557.39
1472.39
1379.13
1278.77
1172.63
1062.26
949.416
836.106
724.478
616.708
514.831
420.617
335.55
260.898
197.873
147.709
111.576
90.163
1823.6
1817.42
1798.83
1768.06
1725.44
1671.48
1606.78
1532.11
1448.34
1356.48
1257.67
1153.25
1044.73
933.868
822.618
713.079
607.358
507.419
414.972
331.457
258.122
196.163
146.805
111.212
90.0856
1845.5
1839.47
1820.87
1789.91
1746.94
1692.47
1627.11
1551.63
1466.9
1373.95
1273.93
1168.18
1058.23
945.837
832.997
721.847
614.547
513.116
419.31
334.602
260.254
197.476
147.499
111.491
90.1452
1819.01
1812.81
1794.25
1763.53
1721
1667.16
1602.61
1528.13
1444.56
1352.93
1254.39
1150.24
1042.03
931.484
820.562
711.352
605.951
506.311
414.134
330.855
257.717
195.916
146.675
111.159
90.0732
1819.01
1812.82
1794.25
1763.53
1721
1667.16
1602.62
1528.13
1444.56
1352.93
1254.39
1150.24
1042.03
931.485
820.563
711.353
605.951
506.311
414.134
330.855
257.717
195.916
146.675
111.159
90.0732
1845.5
1839.47
1820.87
1789.91
1746.94
1692.47
1627.11
1551.63
1466.9
1373.95
1273.93
1168.18
1058.23
945.837
832.997
721.846
614.547
513.116
419.31
334.601
260.254
197.476
147.499
111.491
90.1452
)
;

boundaryField
{
    outletCentralUnloaded
    {
        type            zeroGradient;
    }
    inletCentralUnloaded
    {
        type            zeroGradient;
    }
    outletFuelElement
    {
        type            zeroGradient;
    }
    inletFuelElement
    {
        type            zeroGradient;
    }
    defaultFaces
    {
        type            zeroGradient;
    }
}


// ************************************************************************* //
