/*--------------------------------*- C++ -*----------------------------------*\
| =========                 |                                                 |
| \\      /  F ield         | OpenFOAM: The Open Source CFD Toolbox           |
|  \\    /   O peration     | Version:  2212                                  |
|   \\  /    A nd           | Website:  www.openfoam.com                      |
|    \\/     M anipulation  |                                                 |
\*---------------------------------------------------------------------------*/
FoamFile
{
    version     2.0;
    format      ascii;
    arch        "LSB;label=32;scalar=64";
    class       volScalarField;
    location    "68/neutroRegion";
    object      TFuel;
}
// * * * * * * * * * * * * * * * * * * * * * * * * * * * * * * * * * * * * * //

dimensions      [0 0 0 1 0 0 0];

internalField   nonuniform List<scalar> 
350
(
0
0
0
0
0
0
0
0
0
0
0
0
0
0
0
0
0
0
0
0
0
0
0
0
0
0
0
0
0
0
0
0
0
0
0
0
0
0
0
0
0
0
0
0
0
0
0
0
0
0
2222.88
3009.93
3766.26
4480.36
5141.27
5738.84
6263.85
6708.19
7065
7328.74
7495.3
7562.13
7528.2
7394.11
7162.04
6835.7
6420.13
5921.48
5346.51
4702.05
3993.72
3225
2395.56
1504.33
564.404
2255.65
3051.89
3816.99
4539.28
5207.7
5811.97
6342.78
6791.92
7152.45
7418.77
7586.75
7653.78
7618.86
7482.57
7247.13
6916.3
6495.23
5990.17
5408.01
4755.72
4039.01
3261.37
2422.4
1520.85
569.951
2217.57
3003.17
3758.13
4470.94
5130.68
5727.19
6251.3
6694.9
7051.13
7314.46
7480.81
7547.61
7513.85
7380.12
7148.59
6822.95
6408.26
5910.63
5336.79
4693.58
3986.58
3219.27
2391.35
1501.75
563.529
2248.26
3042.36
3805.43
4525.83
5192.5
5795.21
6324.67
6772.7
7132.36
7398.07
7565.72
7632.7
7597.99
7462.2
7227.53
6897.73
6477.93
5974.34
5393.84
4743.36
4028.57
3252.99
2416.21
1517.04
568.673
2248.26
3042.36
3805.43
4525.83
5192.5
5795.21
6324.67
6772.7
7132.36
7398.07
7565.72
7632.7
7597.99
7462.2
7227.53
6897.73
6477.93
5974.34
5393.84
4743.36
4028.57
3252.99
2416.21
1517.04
568.673
2217.57
3003.17
3758.14
4470.95
5130.68
5727.19
6251.3
6694.9
7051.13
7314.46
7480.81
7547.61
7513.85
7380.12
7148.59
6822.95
6408.26
5910.63
5336.79
4693.58
3986.58
3219.28
2391.35
1501.75
563.529
2255.65
3051.89
3816.99
4539.28
5207.7
5811.97
6342.78
6791.92
7152.45
7418.77
7586.75
7653.78
7618.86
7482.57
7247.13
6916.3
6495.23
5990.17
5408.01
4755.72
4039.01
3261.37
2422.4
1520.85
569.951
2222.88
3009.93
3766.26
4480.36
5141.27
5738.84
6263.85
6708.19
7065
7328.74
7495.3
7562.13
7528.2
7394.11
7162.04
6835.7
6420.13
5921.48
5346.51
4702.05
3993.72
3225
2395.56
1504.33
564.404
2248.26
3042.36
3805.43
4525.83
5192.5
5795.21
6324.67
6772.7
7132.36
7398.07
7565.72
7632.7
7597.99
7462.2
7227.53
6897.73
6477.93
5974.34
5393.84
4743.36
4028.57
3252.99
2416.21
1517.04
568.673
2217.57
3003.17
3758.13
4470.94
5130.68
5727.19
6251.3
6694.9
7051.13
7314.46
7480.81
7547.61
7513.85
7380.12
7148.59
6822.95
6408.26
5910.63
5336.79
4693.58
3986.58
3219.27
2391.35
1501.75
563.529
2217.57
3003.17
3758.14
4470.95
5130.68
5727.19
6251.3
6694.9
7051.13
7314.46
7480.81
7547.61
7513.85
7380.12
7148.59
6822.95
6408.26
5910.63
5336.79
4693.58
3986.58
3219.27
2391.35
1501.75
563.529
2248.26
3042.36
3805.43
4525.83
5192.5
5795.21
6324.67
6772.7
7132.36
7398.07
7565.72
7632.7
7597.99
7462.2
7227.53
6897.73
6477.93
5974.34
5393.84
4743.36
4028.57
3252.99
2416.21
1517.04
568.673
)
;

boundaryField
{
    outletCentralUnloaded
    {
        type            zeroGradient;
    }
    inletCentralUnloaded
    {
        type            zeroGradient;
    }
    outletFuelElement
    {
        type            zeroGradient;
    }
    inletFuelElement
    {
        type            zeroGradient;
    }
    defaultFaces
    {
        type            zeroGradient;
    }
}


// ************************************************************************* //
