/*--------------------------------*- C++ -*----------------------------------*\
|       ______          _   __           ______                               |
|      / ____/  ___    / | / /          / ____/  ____   ____ _   ____ ___     |
|     / / __   / _ \  /  |/ /  ______  / /_     / __ \ / __ `/  / __ `__ \    |
|    / /_/ /  /  __/ / /|  /  /_____/ / __/    / /_/ // /_/ /  / / / / / /    |
|    \____/   \___/ /_/ |_/          /_/       \____/ \__,_/  /_/ /_/ /_/     |
|    Copyright (C) 2015 - 2022 EPFL                                           |
\*---------------------------------------------------------------------------*/
FoamFile
{
    version     2.0;
    format      ascii;
    class       labelList;
    object      neighbour;
}
// * * * * * * * * * * * * * * * * * * * * * * * * * * * * * * * * * * * * * //

3442
(
1
18
602
2
19
603
3
20
604
4
21
605
5
22
606
6
23
607
7
24
608
8
25
609
9
26
610
10
27
611
11
28
612
12
29
613
13
30
614
14
31
615
15
32
616
16
33
617
17
34
618
35
252
619
19
36
20
37
21
38
22
39
23
40
24
41
25
42
26
43
27
44
28
45
29
46
30
47
31
48
32
49
33
50
34
51
35
52
53
259
37
54
38
55
39
56
40
57
41
58
42
59
43
60
44
61
45
62
46
63
47
64
48
65
49
66
50
67
51
68
52
69
53
70
71
266
55
72
56
73
57
74
58
75
59
76
60
77
61
78
62
79
63
80
64
81
65
82
66
83
67
84
68
85
69
86
70
87
71
88
89
273
73
90
74
91
75
92
76
93
77
94
78
95
79
96
80
97
81
98
82
99
83
100
84
101
85
102
86
103
87
104
88
105
89
106
107
280
91
108
92
109
93
110
94
111
95
112
96
113
97
114
98
115
99
116
100
117
101
118
102
119
103
120
104
121
105
122
106
123
107
124
125
287
109
126
110
127
111
128
112
129
113
130
114
131
115
132
116
133
117
134
118
135
119
136
120
137
121
138
122
139
123
140
124
141
125
142
143
294
127
144
128
145
129
146
130
147
131
148
132
149
133
150
134
151
135
152
136
153
137
154
138
155
139
156
140
157
141
158
142
159
143
160
161
301
145
162
146
163
147
164
148
165
149
166
150
167
151
168
152
169
153
170
154
171
155
172
156
173
157
174
158
175
159
176
160
177
161
178
179
308
163
180
164
181
165
182
166
183
167
184
168
185
169
186
170
187
171
188
172
189
173
190
174
191
175
192
176
193
177
194
178
195
179
196
197
315
181
198
182
199
183
200
184
201
185
202
186
203
187
204
188
205
189
206
190
207
191
208
192
209
193
210
194
211
195
212
196
213
197
214
215
322
199
216
200
217
201
218
202
219
203
220
204
221
205
222
206
223
207
224
208
225
209
226
210
227
211
228
212
229
213
230
214
231
215
232
233
329
217
234
218
235
219
236
220
237
221
238
222
239
223
240
224
241
225
242
226
243
227
244
228
245
229
246
230
247
231
248
232
249
233
250
251
336
235
236
237
238
239
240
241
242
243
244
245
246
247
248
249
250
251
343
253
259
620
254
260
621
255
261
622
256
262
623
257
263
624
258
264
625
265
350
626
260
266
261
267
262
268
263
269
264
270
265
271
272
368
267
273
268
274
269
275
270
276
271
277
272
278
279
386
274
280
275
281
276
282
277
283
278
284
279
285
286
404
281
287
282
288
283
289
284
290
285
291
286
292
293
422
288
294
289
295
290
296
291
297
292
298
293
299
300
440
295
301
296
302
297
303
298
304
299
305
300
306
307
458
302
308
303
309
304
310
305
311
306
312
307
313
314
476
309
315
310
316
311
317
312
318
313
319
314
320
321
494
316
322
317
323
318
324
319
325
320
326
321
327
328
512
323
329
324
330
325
331
326
332
327
333
328
334
335
530
330
336
331
337
332
338
333
339
334
340
335
341
342
548
337
343
338
344
339
345
340
346
341
347
342
348
349
566
344
345
346
347
348
349
584
351
368
627
352
369
628
353
370
629
354
371
630
355
372
631
356
373
632
357
374
633
358
375
634
359
376
635
360
377
636
361
378
637
362
379
638
363
380
639
364
381
640
365
382
641
366
383
642
367
384
643
385
644
369
386
370
387
371
388
372
389
373
390
374
391
375
392
376
393
377
394
378
395
379
396
380
397
381
398
382
399
383
400
384
401
385
402
403
387
404
388
405
389
406
390
407
391
408
392
409
393
410
394
411
395
412
396
413
397
414
398
415
399
416
400
417
401
418
402
419
403
420
421
405
422
406
423
407
424
408
425
409
426
410
427
411
428
412
429
413
430
414
431
415
432
416
433
417
434
418
435
419
436
420
437
421
438
439
423
440
424
441
425
442
426
443
427
444
428
445
429
446
430
447
431
448
432
449
433
450
434
451
435
452
436
453
437
454
438
455
439
456
457
441
458
442
459
443
460
444
461
445
462
446
463
447
464
448
465
449
466
450
467
451
468
452
469
453
470
454
471
455
472
456
473
457
474
475
459
476
460
477
461
478
462
479
463
480
464
481
465
482
466
483
467
484
468
485
469
486
470
487
471
488
472
489
473
490
474
491
475
492
493
477
494
478
495
479
496
480
497
481
498
482
499
483
500
484
501
485
502
486
503
487
504
488
505
489
506
490
507
491
508
492
509
493
510
511
495
512
496
513
497
514
498
515
499
516
500
517
501
518
502
519
503
520
504
521
505
522
506
523
507
524
508
525
509
526
510
527
511
528
529
513
530
514
531
515
532
516
533
517
534
518
535
519
536
520
537
521
538
522
539
523
540
524
541
525
542
526
543
527
544
528
545
529
546
547
531
548
532
549
533
550
534
551
535
552
536
553
537
554
538
555
539
556
540
557
541
558
542
559
543
560
544
561
545
562
546
563
547
564
565
549
566
550
567
551
568
552
569
553
570
554
571
555
572
556
573
557
574
558
575
559
576
560
577
561
578
562
579
563
580
564
581
565
582
583
567
584
568
585
569
586
570
587
571
588
572
589
573
590
574
591
575
592
576
593
577
594
578
595
579
596
580
597
581
598
582
599
583
600
601
585
586
587
588
589
590
591
592
593
594
595
596
597
598
599
600
601
603
807
604
808
605
809
606
810
607
811
608
812
609
813
610
814
611
815
612
816
613
817
614
818
615
819
616
820
617
821
618
822
619
823
620
824
621
888
622
889
623
890
624
891
625
892
626
893
627
894
628
1057
629
1058
630
1059
631
1060
632
1061
633
1062
634
1063
635
1064
636
1065
637
1066
638
1067
639
1068
640
1069
641
1070
642
1071
643
1072
644
1073
1074
646
663
1111
647
664
1112
648
665
1113
649
666
1114
650
667
1115
651
668
1116
652
669
1117
653
670
1118
654
671
1119
655
672
1120
656
673
1121
657
674
1122
658
675
1123
659
676
1124
660
677
1125
661
678
1126
662
679
1127
680
825
1128
664
681
665
682
666
683
667
684
668
685
669
686
670
687
671
688
672
689
673
690
674
691
675
692
676
693
677
694
678
695
679
696
680
697
698
832
682
699
683
700
684
701
685
702
686
703
687
704
688
705
689
706
690
707
691
708
692
709
693
710
694
711
695
712
696
713
697
714
698
715
716
839
700
717
701
718
702
719
703
720
704
721
705
722
706
723
707
724
708
725
709
726
710
727
711
728
712
729
713
730
714
731
715
732
716
733
734
846
718
735
719
736
720
737
721
738
722
739
723
740
724
741
725
742
726
743
727
744
728
745
729
746
730
747
731
748
732
749
733
750
734
751
752
853
736
753
737
754
738
755
739
756
740
757
741
758
742
759
743
760
744
761
745
762
746
763
747
764
748
765
749
766
750
767
751
768
752
769
770
860
754
771
755
772
756
773
757
774
758
775
759
776
760
777
761
778
762
779
763
780
764
781
765
782
766
783
767
784
768
785
769
786
770
787
788
867
772
789
773
790
774
791
775
792
776
793
777
794
778
795
779
796
780
797
781
798
782
799
783
800
784
801
785
802
786
803
787
804
788
805
806
874
790
807
791
808
792
809
793
810
794
811
795
812
796
813
797
814
798
815
799
816
800
817
801
818
802
819
803
820
804
821
805
822
806
823
824
881
808
809
810
811
812
813
814
815
816
817
818
819
820
821
822
823
824
888
826
832
1143
827
833
1144
828
834
1145
829
835
1146
830
836
1147
831
837
1148
838
895
1149
833
839
834
840
835
841
836
842
837
843
838
844
845
913
840
846
841
847
842
848
843
849
844
850
845
851
852
931
847
853
848
854
849
855
850
856
851
857
852
858
859
949
854
860
855
861
856
862
857
863
858
864
859
865
866
967
861
867
862
868
863
869
864
870
865
871
866
872
873
985
868
874
869
875
870
876
871
877
872
878
873
879
880
1003
875
881
876
882
877
883
878
884
879
885
880
886
887
1021
882
888
883
889
884
890
885
891
886
892
887
893
894
1039
889
890
891
892
893
894
1057
896
913
1186
897
914
1187
898
915
1188
899
916
1189
900
917
1190
901
918
1191
902
919
1192
903
920
1193
904
921
1194
905
922
1195
906
923
1196
907
924
1197
908
925
1198
909
926
1199
910
927
1200
911
928
1201
912
929
1202
930
1203
914
931
915
932
916
933
917
934
918
935
919
936
920
937
921
938
922
939
923
940
924
941
925
942
926
943
927
944
928
945
929
946
930
947
948
932
949
933
950
934
951
935
952
936
953
937
954
938
955
939
956
940
957
941
958
942
959
943
960
944
961
945
962
946
963
947
964
948
965
966
950
967
951
968
952
969
953
970
954
971
955
972
956
973
957
974
958
975
959
976
960
977
961
978
962
979
963
980
964
981
965
982
966
983
984
968
985
969
986
970
987
971
988
972
989
973
990
974
991
975
992
976
993
977
994
978
995
979
996
980
997
981
998
982
999
983
1000
984
1001
1002
986
1003
987
1004
988
1005
989
1006
990
1007
991
1008
992
1009
993
1010
994
1011
995
1012
996
1013
997
1014
998
1015
999
1016
1000
1017
1001
1018
1002
1019
1020
1004
1021
1005
1022
1006
1023
1007
1024
1008
1025
1009
1026
1010
1027
1011
1028
1012
1029
1013
1030
1014
1031
1015
1032
1016
1033
1017
1034
1018
1035
1019
1036
1020
1037
1038
1022
1039
1023
1040
1024
1041
1025
1042
1026
1043
1027
1044
1028
1045
1029
1046
1030
1047
1031
1048
1032
1049
1033
1050
1034
1051
1035
1052
1036
1053
1037
1054
1038
1055
1056
1040
1057
1041
1058
1042
1059
1043
1060
1044
1061
1045
1062
1046
1063
1047
1064
1048
1065
1049
1066
1050
1067
1051
1068
1052
1069
1053
1070
1054
1071
1055
1072
1056
1073
1074
1058
1059
1060
1061
1062
1063
1064
1065
1066
1067
1068
1069
1070
1071
1072
1073
1074
1076
1093
1420
1077
1094
1421
1078
1095
1422
1079
1096
1423
1080
1097
1424
1081
1098
1425
1082
1099
1426
1083
1100
1427
1084
1101
1428
1085
1102
1429
1086
1103
1430
1087
1104
1431
1088
1105
1432
1089
1106
1433
1090
1107
1434
1091
1108
1435
1092
1109
1436
1110
1129
1437
1094
1111
1095
1112
1096
1113
1097
1114
1098
1115
1099
1116
1100
1117
1101
1118
1102
1119
1103
1120
1104
1121
1105
1122
1106
1123
1107
1124
1108
1125
1109
1126
1110
1127
1128
1136
1112
1113
1114
1115
1116
1117
1118
1119
1120
1121
1122
1123
1124
1125
1126
1127
1128
1143
1130
1136
1522
1131
1137
1523
1132
1138
1524
1133
1139
1525
1134
1140
1526
1135
1141
1527
1142
1150
1528
1137
1143
1138
1144
1139
1145
1140
1146
1141
1147
1142
1148
1149
1168
1144
1145
1146
1147
1148
1149
1186
1151
1168
1745
1152
1169
1746
1153
1170
1747
1154
1171
1748
1155
1172
1749
1156
1173
1750
1157
1174
1751
1158
1175
1752
1159
1176
1753
1160
1177
1754
1161
1178
1755
1162
1179
1756
1163
1180
1757
1164
1181
1758
1165
1182
1759
1166
1183
1760
1167
1184
1761
1185
1762
1169
1186
1170
1187
1171
1188
1172
1189
1173
1190
1174
1191
1175
1192
1176
1193
1177
1194
1178
1195
1179
1196
1180
1197
1181
1198
1182
1199
1183
1200
1184
1201
1185
1202
1203
1187
1188
1189
1190
1191
1192
1193
1194
1195
1196
1197
1198
1199
1200
1201
1202
1203
1205
1222
1206
1223
1207
1224
1208
1225
1209
1226
1210
1227
1211
1228
1212
1229
1213
1230
1214
1231
1215
1232
1216
1233
1217
1234
1218
1235
1219
1236
1220
1237
1221
1238
1239
1438
1223
1240
1224
1241
1225
1242
1226
1243
1227
1244
1228
1245
1229
1246
1230
1247
1231
1248
1232
1249
1233
1250
1234
1251
1235
1252
1236
1253
1237
1254
1238
1255
1239
1256
1257
1445
1241
1258
1242
1259
1243
1260
1244
1261
1245
1262
1246
1263
1247
1264
1248
1265
1249
1266
1250
1267
1251
1268
1252
1269
1253
1270
1254
1271
1255
1272
1256
1273
1257
1274
1275
1452
1259
1276
1260
1277
1261
1278
1262
1279
1263
1280
1264
1281
1265
1282
1266
1283
1267
1284
1268
1285
1269
1286
1270
1287
1271
1288
1272
1289
1273
1290
1274
1291
1275
1292
1293
1459
1277
1294
1278
1295
1279
1296
1280
1297
1281
1298
1282
1299
1283
1300
1284
1301
1285
1302
1286
1303
1287
1304
1288
1305
1289
1306
1290
1307
1291
1308
1292
1309
1293
1310
1311
1466
1295
1312
1296
1313
1297
1314
1298
1315
1299
1316
1300
1317
1301
1318
1302
1319
1303
1320
1304
1321
1305
1322
1306
1323
1307
1324
1308
1325
1309
1326
1310
1327
1311
1328
1329
1473
1313
1330
1314
1331
1315
1332
1316
1333
1317
1334
1318
1335
1319
1336
1320
1337
1321
1338
1322
1339
1323
1340
1324
1341
1325
1342
1326
1343
1327
1344
1328
1345
1329
1346
1347
1480
1331
1348
1332
1349
1333
1350
1334
1351
1335
1352
1336
1353
1337
1354
1338
1355
1339
1356
1340
1357
1341
1358
1342
1359
1343
1360
1344
1361
1345
1362
1346
1363
1347
1364
1365
1487
1349
1366
1350
1367
1351
1368
1352
1369
1353
1370
1354
1371
1355
1372
1356
1373
1357
1374
1358
1375
1359
1376
1360
1377
1361
1378
1362
1379
1363
1380
1364
1381
1365
1382
1383
1494
1367
1384
1368
1385
1369
1386
1370
1387
1371
1388
1372
1389
1373
1390
1374
1391
1375
1392
1376
1393
1377
1394
1378
1395
1379
1396
1380
1397
1381
1398
1382
1399
1383
1400
1401
1501
1385
1402
1386
1403
1387
1404
1388
1405
1389
1406
1390
1407
1391
1408
1392
1409
1393
1410
1394
1411
1395
1412
1396
1413
1397
1414
1398
1415
1399
1416
1400
1417
1401
1418
1419
1508
1403
1420
1404
1421
1405
1422
1406
1423
1407
1424
1408
1425
1409
1426
1410
1427
1411
1428
1412
1429
1413
1430
1414
1431
1415
1432
1416
1433
1417
1434
1418
1435
1419
1436
1437
1515
1421
1422
1423
1424
1425
1426
1427
1428
1429
1430
1431
1432
1433
1434
1435
1436
1437
1522
1439
1445
1440
1446
1441
1447
1442
1448
1443
1449
1444
1450
1451
1529
1446
1452
1447
1453
1448
1454
1449
1455
1450
1456
1451
1457
1458
1547
1453
1459
1454
1460
1455
1461
1456
1462
1457
1463
1458
1464
1465
1565
1460
1466
1461
1467
1462
1468
1463
1469
1464
1470
1465
1471
1472
1583
1467
1473
1468
1474
1469
1475
1470
1476
1471
1477
1472
1478
1479
1601
1474
1480
1475
1481
1476
1482
1477
1483
1478
1484
1479
1485
1486
1619
1481
1487
1482
1488
1483
1489
1484
1490
1485
1491
1486
1492
1493
1637
1488
1494
1489
1495
1490
1496
1491
1497
1492
1498
1493
1499
1500
1655
1495
1501
1496
1502
1497
1503
1498
1504
1499
1505
1500
1506
1507
1673
1502
1508
1503
1509
1504
1510
1505
1511
1506
1512
1507
1513
1514
1691
1509
1515
1510
1516
1511
1517
1512
1518
1513
1519
1514
1520
1521
1709
1516
1522
1517
1523
1518
1524
1519
1525
1520
1526
1521
1527
1528
1727
1523
1524
1525
1526
1527
1528
1745
1530
1547
1531
1548
1532
1549
1533
1550
1534
1551
1535
1552
1536
1553
1537
1554
1538
1555
1539
1556
1540
1557
1541
1558
1542
1559
1543
1560
1544
1561
1545
1562
1546
1563
1564
1548
1565
1549
1566
1550
1567
1551
1568
1552
1569
1553
1570
1554
1571
1555
1572
1556
1573
1557
1574
1558
1575
1559
1576
1560
1577
1561
1578
1562
1579
1563
1580
1564
1581
1582
1566
1583
1567
1584
1568
1585
1569
1586
1570
1587
1571
1588
1572
1589
1573
1590
1574
1591
1575
1592
1576
1593
1577
1594
1578
1595
1579
1596
1580
1597
1581
1598
1582
1599
1600
1584
1601
1585
1602
1586
1603
1587
1604
1588
1605
1589
1606
1590
1607
1591
1608
1592
1609
1593
1610
1594
1611
1595
1612
1596
1613
1597
1614
1598
1615
1599
1616
1600
1617
1618
1602
1619
1603
1620
1604
1621
1605
1622
1606
1623
1607
1624
1608
1625
1609
1626
1610
1627
1611
1628
1612
1629
1613
1630
1614
1631
1615
1632
1616
1633
1617
1634
1618
1635
1636
1620
1637
1621
1638
1622
1639
1623
1640
1624
1641
1625
1642
1626
1643
1627
1644
1628
1645
1629
1646
1630
1647
1631
1648
1632
1649
1633
1650
1634
1651
1635
1652
1636
1653
1654
1638
1655
1639
1656
1640
1657
1641
1658
1642
1659
1643
1660
1644
1661
1645
1662
1646
1663
1647
1664
1648
1665
1649
1666
1650
1667
1651
1668
1652
1669
1653
1670
1654
1671
1672
1656
1673
1657
1674
1658
1675
1659
1676
1660
1677
1661
1678
1662
1679
1663
1680
1664
1681
1665
1682
1666
1683
1667
1684
1668
1685
1669
1686
1670
1687
1671
1688
1672
1689
1690
1674
1691
1675
1692
1676
1693
1677
1694
1678
1695
1679
1696
1680
1697
1681
1698
1682
1699
1683
1700
1684
1701
1685
1702
1686
1703
1687
1704
1688
1705
1689
1706
1690
1707
1708
1692
1709
1693
1710
1694
1711
1695
1712
1696
1713
1697
1714
1698
1715
1699
1716
1700
1717
1701
1718
1702
1719
1703
1720
1704
1721
1705
1722
1706
1723
1707
1724
1708
1725
1726
1710
1727
1711
1728
1712
1729
1713
1730
1714
1731
1715
1732
1716
1733
1717
1734
1718
1735
1719
1736
1720
1737
1721
1738
1722
1739
1723
1740
1724
1741
1725
1742
1726
1743
1744
1728
1745
1729
1746
1730
1747
1731
1748
1732
1749
1733
1750
1734
1751
1735
1752
1736
1753
1737
1754
1738
1755
1739
1756
1740
1757
1741
1758
1742
1759
1743
1760
1744
1761
1762
1746
1747
1748
1749
1750
1751
1752
1753
1754
1755
1756
1757
1758
1759
1760
1761
1762
)

// ************************************************************************* //
