/*--------------------------------*- C++ -*----------------------------------*\
| =========                 |                                                 |
| \\      /  F ield         | OpenFOAM: The Open Source CFD Toolbox           |
|  \\    /   O peration     | Version:  2212                                  |
|   \\  /    A nd           | Website:  www.openfoam.com                      |
|    \\/     M anipulation  |                                                 |
\*---------------------------------------------------------------------------*/
FoamFile
{
    version     2.0;
    format      ascii;
    arch        "LSB;label=32;scalar=64";
    class       volScalarField;
    location    "66/neutroRegion";
    object      prec3;
}
// * * * * * * * * * * * * * * * * * * * * * * * * * * * * * * * * * * * * * //

dimensions      [0 -3 0 0 0 0 0];

internalField   nonuniform List<scalar> 
350
(
0
0
0
0
0
0
0
0
0
0
0
0
0
0
0
0
0
0
0
0
0
0
0
0
0
0
0
0
0
0
0
0
0
0
0
0
0
0
0
0
0
0
0
0
0
0
0
0
0
0
7.39706e+16
2.20745e+17
3.64038e+17
5.0159e+17
6.31232e+17
7.50918e+17
8.58762e+17
9.53063e+17
1.03233e+18
1.09532e+18
1.14104e+18
1.16876e+18
1.17805e+18
1.16876e+18
1.14104e+18
1.09532e+18
1.03233e+18
9.53063e+17
8.58762e+17
7.50918e+17
6.31232e+17
5.0159e+17
3.64038e+17
2.20745e+17
7.39706e+16
7.48163e+16
2.23269e+17
3.68201e+17
5.07325e+17
6.38449e+17
7.59504e+17
8.6858e+17
9.63959e+17
1.04414e+18
1.10784e+18
1.15408e+18
1.18212e+18
1.19152e+18
1.18212e+18
1.15408e+18
1.10784e+18
1.04414e+18
9.63959e+17
8.6858e+17
7.59504e+17
6.38449e+17
5.07325e+17
3.682e+17
2.23269e+17
7.48163e+16
7.3836e+16
2.20343e+17
3.63376e+17
5.00677e+17
6.30083e+17
7.49551e+17
8.57199e+17
9.51327e+17
1.03045e+18
1.09333e+18
1.13896e+18
1.16663e+18
1.1759e+18
1.16663e+18
1.13896e+18
1.09333e+18
1.03045e+18
9.51327e+17
8.57199e+17
7.49551e+17
6.30083e+17
5.00677e+17
3.63376e+17
2.20343e+17
7.38359e+16
7.46217e+16
2.22688e+17
3.67242e+17
5.06005e+17
6.36788e+17
7.57527e+17
8.6632e+17
9.61451e+17
1.04142e+18
1.10496e+18
1.15108e+18
1.17905e+18
1.18842e+18
1.17905e+18
1.15108e+18
1.10496e+18
1.04142e+18
9.61451e+17
8.6632e+17
7.57527e+17
6.36787e+17
5.06005e+17
3.67242e+17
2.22688e+17
7.46216e+16
7.46217e+16
2.22688e+17
3.67242e+17
5.06005e+17
6.36787e+17
7.57527e+17
8.6632e+17
9.61451e+17
1.04142e+18
1.10496e+18
1.15108e+18
1.17905e+18
1.18842e+18
1.17905e+18
1.15108e+18
1.10496e+18
1.04142e+18
9.61451e+17
8.6632e+17
7.57527e+17
6.36787e+17
5.06005e+17
3.67242e+17
2.22688e+17
7.46217e+16
7.3836e+16
2.20343e+17
3.63376e+17
5.00677e+17
6.30083e+17
7.49551e+17
8.57199e+17
9.51327e+17
1.03045e+18
1.09333e+18
1.13896e+18
1.16663e+18
1.1759e+18
1.16663e+18
1.13896e+18
1.09333e+18
1.03045e+18
9.51327e+17
8.57199e+17
7.49551e+17
6.30083e+17
5.00677e+17
3.63376e+17
2.20343e+17
7.3836e+16
7.48163e+16
2.23269e+17
3.68201e+17
5.07325e+17
6.38449e+17
7.59504e+17
8.6858e+17
9.63959e+17
1.04414e+18
1.10785e+18
1.15408e+18
1.18212e+18
1.19152e+18
1.18212e+18
1.15408e+18
1.10785e+18
1.04414e+18
9.63959e+17
8.6858e+17
7.59504e+17
6.38449e+17
5.07325e+17
3.68201e+17
2.23269e+17
7.48163e+16
7.39706e+16
2.20745e+17
3.64039e+17
5.0159e+17
6.31232e+17
7.50918e+17
8.58762e+17
9.53062e+17
1.03233e+18
1.09532e+18
1.14104e+18
1.16876e+18
1.17805e+18
1.16876e+18
1.14104e+18
1.09532e+18
1.03233e+18
9.53062e+17
8.58762e+17
7.50918e+17
6.31232e+17
5.0159e+17
3.64039e+17
2.20745e+17
7.39706e+16
7.46216e+16
2.22688e+17
3.67242e+17
5.06005e+17
6.36787e+17
7.57527e+17
8.6632e+17
9.61451e+17
1.04142e+18
1.10496e+18
1.15108e+18
1.17905e+18
1.18842e+18
1.17905e+18
1.15108e+18
1.10496e+18
1.04142e+18
9.61451e+17
8.6632e+17
7.57527e+17
6.36787e+17
5.06005e+17
3.67242e+17
2.22688e+17
7.46216e+16
7.3836e+16
2.20343e+17
3.63376e+17
5.00677e+17
6.30083e+17
7.49551e+17
8.57199e+17
9.51327e+17
1.03045e+18
1.09333e+18
1.13896e+18
1.16663e+18
1.1759e+18
1.16663e+18
1.13896e+18
1.09333e+18
1.03045e+18
9.51327e+17
8.57199e+17
7.49551e+17
6.30083e+17
5.00677e+17
3.63376e+17
2.20343e+17
7.3836e+16
7.3836e+16
2.20343e+17
3.63376e+17
5.00677e+17
6.30083e+17
7.49551e+17
8.57199e+17
9.51327e+17
1.03045e+18
1.09333e+18
1.13896e+18
1.16663e+18
1.1759e+18
1.16663e+18
1.13896e+18
1.09333e+18
1.03045e+18
9.51327e+17
8.57199e+17
7.49551e+17
6.30083e+17
5.00677e+17
3.63376e+17
2.20343e+17
7.38359e+16
7.46216e+16
2.22688e+17
3.67242e+17
5.06005e+17
6.36787e+17
7.57527e+17
8.6632e+17
9.61451e+17
1.04142e+18
1.10496e+18
1.15108e+18
1.17905e+18
1.18842e+18
1.17905e+18
1.15108e+18
1.10496e+18
1.04142e+18
9.61451e+17
8.6632e+17
7.57527e+17
6.36787e+17
5.06005e+17
3.67242e+17
2.22688e+17
7.46216e+16
)
;

boundaryField
{
    outletCentralUnloaded
    {
        type            zeroGradient;
    }
    inletCentralUnloaded
    {
        type            zeroGradient;
    }
    outletFuelElement
    {
        type            zeroGradient;
    }
    inletFuelElement
    {
        type            zeroGradient;
    }
    defaultFaces
    {
        type            zeroGradient;
    }
}


// ************************************************************************* //
