/*--------------------------------*- C++ -*----------------------------------*\
| =========                 |                                                 |
| \\      /  F ield         | OpenFOAM: The Open Source CFD Toolbox           |
|  \\    /   O peration     | Version:  2212                                  |
|   \\  /    A nd           | Website:  www.openfoam.com                      |
|    \\/     M anipulation  |                                                 |
\*---------------------------------------------------------------------------*/
FoamFile
{
    version     2.0;
    format      ascii;
    arch        "LSB;label=32;scalar=64";
    class       volScalarField;
    location    "66/neutroRegion";
    object      TClad;
}
// * * * * * * * * * * * * * * * * * * * * * * * * * * * * * * * * * * * * * //

dimensions      [0 0 0 1 0 0 0];

internalField   nonuniform List<scalar> 
350
(
0
0
0
0
0
0
0
0
0
0
0
0
0
0
0
0
0
0
0
0
0
0
0
0
0
0
0
0
0
0
0
0
0
0
0
0
0
0
0
0
0
0
0
0
0
0
0
0
0
0
1845.77
1883.86
1909
1921.2
1920.58
1907.41
1882.11
1845.26
1797.57
1739.87
1673.15
1598.51
1517.17
1430.47
1339.83
1246.74
1152.58
1058.41
964.626
870.414
772.842
665.627
538.032
377.931
186.91
1874.22
1912.92
1938.46
1950.81
1950.12
1936.66
1910.86
1873.29
1824.68
1765.89
1697.91
1621.86
1538.97
1450.61
1358.22
1263.32
1167.34
1071.39
975.933
880.191
781.229
672.684
543.6
381.55
188.133
1841.15
1879.16
1904.26
1916.45
1915.86
1902.75
1877.56
1840.84
1793.3
1735.79
1669.28
1594.87
1513.78
1427.35
1337
1244.2
1150.32
1056.42
962.903
868.93
771.577
664.574
537.213
377.404
186.724
1867.82
1906.37
1931.8
1944.1
1943.41
1930
1904.3
1866.89
1818.48
1759.93
1692.23
1616.49
1533.95
1445.97
1353.98
1259.5
1163.93
1068.39
973.319
877.929
779.289
671.05
542.31
380.71
187.851
1867.82
1906.37
1931.8
1944.1
1943.41
1930
1904.3
1866.89
1818.48
1759.93
1692.23
1616.49
1533.95
1445.97
1353.98
1259.5
1163.93
1068.39
973.319
877.929
779.288
671.05
542.31
380.71
187.851
1841.15
1879.16
1904.26
1916.45
1915.86
1902.76
1877.56
1840.84
1793.3
1735.79
1669.28
1594.87
1513.78
1427.35
1337
1244.2
1150.32
1056.42
962.903
868.931
771.578
664.575
537.214
377.404
186.724
1874.22
1912.92
1938.46
1950.81
1950.12
1936.66
1910.86
1873.29
1824.68
1765.89
1697.91
1621.86
1538.97
1450.61
1358.22
1263.32
1167.34
1071.39
975.933
880.191
781.229
672.684
543.601
381.55
188.133
1845.77
1883.86
1909
1921.2
1920.58
1907.41
1882.11
1845.26
1797.57
1739.87
1673.15
1598.51
1517.17
1430.46
1339.83
1246.74
1152.58
1058.41
964.626
870.414
772.842
665.627
538.033
377.931
186.91
1867.82
1906.37
1931.8
1944.1
1943.41
1930
1904.3
1866.89
1818.48
1759.93
1692.23
1616.49
1533.95
1445.97
1353.98
1259.5
1163.93
1068.39
973.319
877.929
779.288
671.05
542.31
380.71
187.851
1841.15
1879.16
1904.26
1916.45
1915.86
1902.75
1877.56
1840.84
1793.3
1735.79
1669.28
1594.87
1513.78
1427.35
1337
1244.2
1150.32
1056.42
962.903
868.93
771.577
664.575
537.214
377.404
186.724
1841.15
1879.16
1904.26
1916.45
1915.86
1902.76
1877.56
1840.84
1793.3
1735.79
1669.28
1594.87
1513.78
1427.35
1337
1244.2
1150.32
1056.42
962.903
868.931
771.578
664.575
537.214
377.404
186.724
1867.82
1906.37
1931.8
1944.1
1943.41
1930
1904.3
1866.89
1818.48
1759.93
1692.23
1616.49
1533.95
1445.97
1353.98
1259.5
1163.93
1068.39
973.319
877.929
779.288
671.05
542.31
380.71
187.85
)
;

boundaryField
{
    outletCentralUnloaded
    {
        type            zeroGradient;
    }
    inletCentralUnloaded
    {
        type            zeroGradient;
    }
    outletFuelElement
    {
        type            zeroGradient;
    }
    inletFuelElement
    {
        type            zeroGradient;
    }
    defaultFaces
    {
        type            zeroGradient;
    }
}


// ************************************************************************* //
