/*--------------------------------*- C++ -*----------------------------------*\
| =========                 |                                                 |
| \\      /  F ield         | OpenFOAM: The Open Source CFD Toolbox           |
|  \\    /   O peration     | Version:  2212                                  |
|   \\  /    A nd           | Website:  www.openfoam.com                      |
|    \\/     M anipulation  |                                                 |
\*---------------------------------------------------------------------------*/
FoamFile
{
    version     2.0;
    format      ascii;
    arch        "LSB;label=32;scalar=64";
    class       volScalarField;
    location    "66/neutroRegion";
    object      TCool;
}
// * * * * * * * * * * * * * * * * * * * * * * * * * * * * * * * * * * * * * //

dimensions      [0 0 0 1 0 0 0];

internalField   nonuniform List<scalar> 
350
(
83.2889
83.2894
83.2899
83.2904
83.2909
83.2914
83.2919
83.2924
83.2928
83.2933
83.2937
83.2942
83.2946
83.2951
83.2956
83.2961
83.2966
83.2971
83.2975
83.2978
83.2981
83.2985
83.2989
83.2995
83.3
83.2889
83.2894
83.2899
83.2904
83.2909
83.2914
83.2919
83.2924
83.2928
83.2933
83.2937
83.2942
83.2946
83.2951
83.2956
83.2961
83.2966
83.2971
83.2975
83.2978
83.2981
83.2985
83.2989
83.2995
83.3
1823.57
1817.39
1798.81
1768.03
1725.42
1671.46
1606.77
1532.1
1448.33
1356.46
1257.66
1153.24
1044.72
933.86
822.612
713.074
607.354
507.415
414.969
331.455
258.121
196.162
146.804
111.212
90.0857
1851.82
1845.86
1827.27
1796.28
1753.23
1698.62
1633.08
1557.37
1472.38
1379.12
1278.75
1172.62
1062.25
949.408
836.099
724.472
616.703
514.827
420.614
335.548
260.897
197.872
147.708
111.576
90.1631
1818.98
1812.79
1794.22
1763.5
1720.98
1667.14
1602.6
1528.11
1444.55
1352.92
1254.37
1150.23
1042.02
931.476
820.555
711.346
605.946
506.307
414.131
330.852
257.715
195.915
146.674
111.159
90.0733
1845.47
1839.45
1820.84
1789.88
1746.92
1692.45
1627.09
1551.61
1466.89
1373.94
1273.92
1168.17
1058.22
945.829
832.99
721.841
614.542
513.112
419.307
334.599
260.253
197.475
147.498
111.491
90.1453
1845.47
1839.45
1820.84
1789.88
1746.92
1692.45
1627.09
1551.61
1466.89
1373.94
1273.92
1168.17
1058.22
945.829
832.99
721.841
614.542
513.112
419.307
334.599
260.253
197.475
147.498
111.491
90.1453
1818.98
1812.79
1794.22
1763.5
1720.98
1667.14
1602.6
1528.11
1444.55
1352.92
1254.38
1150.23
1042.02
931.477
820.556
711.347
605.947
506.308
414.131
330.853
257.716
195.915
146.675
111.159
90.0733
1851.82
1845.86
1827.27
1796.28
1753.23
1698.62
1633.08
1557.37
1472.38
1379.12
1278.75
1172.62
1062.25
949.408
836.099
724.472
616.703
514.827
420.614
335.548
260.897
197.872
147.708
111.576
90.1631
1823.57
1817.39
1798.81
1768.03
1725.42
1671.46
1606.77
1532.1
1448.33
1356.46
1257.66
1153.24
1044.72
933.86
822.612
713.074
607.354
507.415
414.969
331.455
258.12
196.162
146.804
111.212
90.0857
1845.47
1839.45
1820.84
1789.88
1746.92
1692.45
1627.09
1551.61
1466.89
1373.94
1273.92
1168.17
1058.22
945.829
832.99
721.841
614.542
513.112
419.307
334.599
260.253
197.475
147.498
111.491
90.1453
1818.98
1812.79
1794.22
1763.5
1720.98
1667.14
1602.6
1528.11
1444.55
1352.92
1254.37
1150.23
1042.02
931.476
820.555
711.346
605.946
506.307
414.131
330.853
257.715
195.915
146.674
111.159
90.0733
1818.98
1812.79
1794.22
1763.5
1720.98
1667.14
1602.6
1528.11
1444.55
1352.92
1254.37
1150.23
1042.02
931.477
820.556
711.347
605.947
506.308
414.131
330.853
257.716
195.915
146.675
111.159
90.0733
1845.47
1839.45
1820.84
1789.88
1746.92
1692.45
1627.09
1551.61
1466.89
1373.94
1273.92
1168.17
1058.22
945.829
832.99
721.841
614.542
513.112
419.307
334.599
260.253
197.475
147.498
111.491
90.1453
)
;

boundaryField
{
    outletCentralUnloaded
    {
        type            zeroGradient;
    }
    inletCentralUnloaded
    {
        type            zeroGradient;
    }
    outletFuelElement
    {
        type            zeroGradient;
    }
    inletFuelElement
    {
        type            zeroGradient;
    }
    defaultFaces
    {
        type            zeroGradient;
    }
}


// ************************************************************************* //
