/*--------------------------------*- C++ -*----------------------------------*\
| =========                 |                                                 |
| \\      /  F ield         | OpenFOAM: The Open Source CFD Toolbox           |
|  \\    /   O peration     | Version:  2212                                  |
|   \\  /    A nd           | Website:  www.openfoam.com                      |
|    \\/     M anipulation  |                                                 |
\*---------------------------------------------------------------------------*/
FoamFile
{
    version     2.0;
    format      ascii;
    arch        "LSB;label=32;scalar=64";
    class       volScalarField;
    location    "43/fluidRegion";
    object      alphat;
}
// * * * * * * * * * * * * * * * * * * * * * * * * * * * * * * * * * * * * * //

dimensions      [1 -1 -1 0 0 0 0];

internalField   nonuniform List<scalar> 
350
(
0.00258569
0.00258569
0.00258568
0.00258566
0.00258564
0.00258562
0.0025856
0.00258559
0.00258559
0.00258561
0.00258563
0.00258568
0.00258574
0.00258584
0.00258597
0.00258618
0.00258649
0.00258696
0.00258767
0.00258874
0.00259036
0.00259282
0.00259657
0.0026023
0.00261107
0.00258569
0.00258569
0.00258568
0.00258566
0.00258564
0.00258562
0.0025856
0.00258559
0.00258559
0.00258561
0.00258563
0.00258568
0.00258574
0.00258584
0.00258597
0.00258618
0.00258649
0.00258696
0.00258767
0.00258874
0.00259036
0.00259282
0.00259657
0.0026023
0.00261107
0.000895699
0.000884055
0.000872621
0.00086103
0.000849175
0.000836951
0.000824253
0.000810982
0.000797053
0.000782402
0.000766998
0.000750846
0.000733991
0.000716501
0.000698457
0.000679954
0.00066117
0.000642562
0.000625313
0.000612265
0.000609814
0.000631328
0.000699549
0.000832077
0.00100168
0.00088786
0.00087623
0.00086483
0.000853281
0.000841476
0.00082931
0.000816676
0.000803476
0.000789623
0.000775052
0.000759734
0.000743679
0.00072694
0.000709597
0.000691745
0.000673487
0.000654998
0.000636725
0.000619827
0.000607121
0.000604984
0.000626825
0.000695611
0.000829389
0.00100094
0.00089695
0.000885294
0.000873849
0.000862246
0.000850379
0.000838141
0.000825427
0.000812141
0.000798195
0.000783527
0.000768104
0.000751931
0.000735052
0.000717532
0.000699451
0.000680902
0.000662064
0.000643395
0.000626082
0.000612969
0.000610455
0.000631906
0.000700043
0.000832414
0.0010018
0.00088966
0.000878031
0.000866626
0.00085507
0.000843256
0.000831079
0.000818432
0.000805217
0.000791347
0.000776758
0.00076142
0.000745342
0.000728576
0.000711199
0.000693302
0.000674987
0.00065643
0.000638079
0.000621101
0.000608315
0.000606105
0.000627872
0.000696528
0.000830019
0.00100112
0.00088966
0.000878031
0.000866626
0.00085507
0.000843256
0.000831079
0.000818432
0.000805217
0.000791347
0.000776758
0.00076142
0.000745342
0.000728576
0.000711199
0.000693302
0.000674987
0.00065643
0.000638079
0.000621101
0.000608315
0.000606105
0.000627872
0.000696528
0.000830018
0.00100112
0.00089695
0.000885294
0.000873849
0.000862246
0.000850378
0.00083814
0.000825427
0.000812141
0.000798195
0.000783527
0.000768104
0.000751931
0.000735051
0.000717532
0.000699451
0.000680902
0.000662063
0.000643395
0.000626082
0.000612969
0.000610455
0.000631907
0.000700044
0.000832415
0.0010018
0.00088786
0.00087623
0.00086483
0.000853281
0.000841476
0.00082931
0.000816676
0.000803476
0.000789623
0.000775052
0.000759734
0.000743679
0.000726939
0.000709597
0.000691745
0.000673487
0.000654998
0.000636724
0.000619827
0.00060712
0.000604983
0.000626825
0.000695611
0.000829389
0.00100094
0.000895699
0.000884055
0.000872621
0.00086103
0.000849175
0.000836951
0.000824253
0.000810982
0.000797053
0.000782402
0.000766998
0.000750847
0.000733991
0.000716502
0.000698458
0.000679955
0.00066117
0.000642562
0.000625314
0.000612267
0.000609816
0.000631331
0.000699553
0.000832082
0.00100168
0.00088966
0.000878031
0.000866626
0.00085507
0.000843256
0.000831078
0.000818432
0.000805217
0.000791347
0.000776758
0.00076142
0.000745342
0.000728576
0.000711199
0.000693302
0.000674987
0.00065643
0.000638079
0.000621101
0.000608315
0.000606106
0.000627873
0.00069653
0.000830021
0.00100112
0.00089695
0.000885294
0.000873849
0.000862246
0.000850379
0.000838141
0.000825428
0.000812141
0.000798196
0.000783527
0.000768104
0.000751932
0.000735052
0.000717532
0.000699451
0.000680902
0.000662063
0.000643394
0.000626081
0.000612967
0.000610451
0.0006319
0.000700035
0.000832406
0.00100179
0.00089695
0.000885293
0.000873849
0.000862246
0.000850378
0.00083814
0.000825427
0.000812141
0.000798195
0.000783527
0.000768104
0.000751931
0.000735051
0.000717532
0.000699451
0.000680902
0.000662064
0.000643395
0.000626083
0.00061297
0.000610456
0.000631907
0.000700044
0.000832414
0.0010018
0.00088966
0.000878031
0.000866626
0.00085507
0.000843256
0.000831079
0.000818432
0.000805217
0.000791347
0.000776758
0.00076142
0.000745343
0.000728576
0.000711199
0.000693303
0.000674987
0.00065643
0.00063808
0.000621101
0.000608316
0.000606107
0.000627875
0.000696534
0.000830025
0.00100112
)
;

boundaryField
{
    outletCentralUnloaded
    {
        type            zeroGradient;
    }
    inletCentralUnloaded
    {
        type            zeroGradient;
    }
    outletFuelElement
    {
        type            zeroGradient;
    }
    inletFuelElement
    {
        type            zeroGradient;
    }
    defaultFaces
    {
        type            zeroGradient;
    }
    baffle_master
    {
        type            calculated;
        value           nonuniform List<scalar> 
150
(
0.00258569
0.00258569
0.00258569
0.00258569
0.00258569
0.00258569
0.00258568
0.00258568
0.00258568
0.00258566
0.00258566
0.00258566
0.00258564
0.00258564
0.00258564
0.00258562
0.00258562
0.00258562
0.0025856
0.0025856
0.0025856
0.00258559
0.00258559
0.00258559
0.00258559
0.00258559
0.00258559
0.00258561
0.00258561
0.00258561
0.00258563
0.00258563
0.00258563
0.00258568
0.00258568
0.00258568
0.00258574
0.00258574
0.00258574
0.00258584
0.00258584
0.00258584
0.00258597
0.00258597
0.00258597
0.00258618
0.00258618
0.00258618
0.00258649
0.00258649
0.00258649
0.00258696
0.00258696
0.00258696
0.00258767
0.00258767
0.00258767
0.00258874
0.00258874
0.00258874
0.00259036
0.00259036
0.00259036
0.00259282
0.00259282
0.00259282
0.00259657
0.00259657
0.00259657
0.0026023
0.0026023
0.0026023
0.00261107
0.00261107
0.00261107
0.00258569
0.00258569
0.00258569
0.00258569
0.00258569
0.00258569
0.00258568
0.00258568
0.00258568
0.00258566
0.00258566
0.00258566
0.00258564
0.00258564
0.00258564
0.00258562
0.00258562
0.00258562
0.0025856
0.0025856
0.0025856
0.00258559
0.00258559
0.00258559
0.00258559
0.00258559
0.00258559
0.00258561
0.00258561
0.00258561
0.00258563
0.00258563
0.00258563
0.00258568
0.00258568
0.00258568
0.00258574
0.00258574
0.00258574
0.00258584
0.00258584
0.00258584
0.00258597
0.00258597
0.00258597
0.00258618
0.00258618
0.00258618
0.00258649
0.00258649
0.00258649
0.00258696
0.00258696
0.00258696
0.00258767
0.00258767
0.00258767
0.00258874
0.00258874
0.00258874
0.00259036
0.00259036
0.00259036
0.00259282
0.00259282
0.00259282
0.00259657
0.00259657
0.00259657
0.0026023
0.0026023
0.0026023
0.00261107
0.00261107
0.00261107
)
;
    }
    baffle_slave
    {
        type            calculated;
        value           nonuniform List<scalar> 
150
(
0.00088786
0.00088966
0.00088966
0.00087623
0.000878031
0.000878031
0.00086483
0.000866626
0.000866626
0.000853281
0.00085507
0.00085507
0.000841476
0.000843256
0.000843256
0.00082931
0.000831079
0.000831079
0.000816676
0.000818432
0.000818432
0.000803476
0.000805217
0.000805217
0.000789623
0.000791347
0.000791347
0.000775052
0.000776758
0.000776758
0.000759734
0.00076142
0.00076142
0.000743679
0.000745342
0.000745343
0.00072694
0.000728576
0.000728576
0.000709597
0.000711199
0.000711199
0.000691745
0.000693302
0.000693303
0.000673487
0.000674987
0.000674987
0.000654998
0.00065643
0.00065643
0.000636725
0.000638079
0.00063808
0.000619827
0.000621101
0.000621101
0.000607121
0.000608315
0.000608316
0.000604984
0.000606105
0.000606107
0.000626825
0.000627872
0.000627875
0.000695611
0.000696528
0.000696534
0.000829389
0.000830019
0.000830025
0.00100094
0.00100112
0.00100112
0.00088966
0.00088786
0.00088966
0.000878031
0.00087623
0.000878031
0.000866626
0.00086483
0.000866626
0.00085507
0.000853281
0.00085507
0.000843256
0.000841476
0.000843256
0.000831079
0.00082931
0.000831078
0.000818432
0.000816676
0.000818432
0.000805217
0.000803476
0.000805217
0.000791347
0.000789623
0.000791347
0.000776758
0.000775052
0.000776758
0.00076142
0.000759734
0.00076142
0.000745342
0.000743679
0.000745342
0.000728576
0.000726939
0.000728576
0.000711199
0.000709597
0.000711199
0.000693302
0.000691745
0.000693302
0.000674987
0.000673487
0.000674987
0.00065643
0.000654998
0.00065643
0.000638079
0.000636724
0.000638079
0.000621101
0.000619827
0.000621101
0.000608315
0.00060712
0.000608315
0.000606105
0.000604983
0.000606106
0.000627872
0.000626825
0.000627873
0.000696528
0.000695611
0.00069653
0.000830018
0.000829389
0.000830021
0.00100112
0.00100094
0.00100112
)
;
    }
}


// ************************************************************************* //
