/*--------------------------------*- C++ -*----------------------------------*\
| =========                 |                                                 |
| \\      /  F ield         | OpenFOAM: The Open Source CFD Toolbox           |
|  \\    /   O peration     | Version:  2212                                  |
|   \\  /    A nd           | Website:  www.openfoam.com                      |
|    \\/     M anipulation  |                                                 |
\*---------------------------------------------------------------------------*/
FoamFile
{
    version     2.0;
    format      ascii;
    arch        "LSB;label=32;scalar=64";
    class       surfaceScalarField;
    location    "43/fluidRegion";
    object      alphaRhoPhi;
}
// * * * * * * * * * * * * * * * * * * * * * * * * * * * * * * * * * * * * * //

dimensions      [1 0 -1 0 0 0 0];

oriented        oriented;

internalField   nonuniform List<scalar> 
661
(
-0.0058495
-2.97928e-11
-0.00584953
-2.04849e-11
-0.00584956
-4.22496e-12
-0.00584957
7.31413e-12
-0.00584957
9.36192e-12
-0.00584958
9.45298e-12
-0.0058496
1.12898e-11
-0.00584963
1.2565e-11
-0.00584965
1.24468e-11
-0.00584965
1.51555e-11
-0.00584964
2.55106e-11
-0.0058496
4.15861e-11
-0.00584957
5.23706e-11
-0.00584954
4.39421e-11
-0.00584951
9.70779e-12
-0.0058495
-4.25784e-11
-0.0058495
-9.2421e-11
-0.00584951
-1.16078e-10
-0.00584952
-9.86659e-11
-0.00584953
-4.21675e-11
-0.00584955
3.49907e-11
-0.00584956
1.05072e-10
-0.00584957
1.35164e-10
-0.00584957
6.61847e-11
-6.26605e-11
-0.0058495
-0.00584953
-0.00584956
-0.00584957
-0.00584957
-0.00584958
-0.0058496
-0.00584963
-0.00584965
-0.00584965
-0.00584964
-0.0058496
-0.00584957
-0.00584954
-0.00584951
-0.0058495
-0.0058495
-0.00584951
-0.00584952
-0.00584953
-0.00584955
-0.00584956
-0.00584957
-0.00584957
-0.00939145
6.44225e-07
-0.00939168
3.14645e-07
-0.00939195
3.50003e-07
-0.0093922
3.24767e-07
-0.00939243
3.05156e-07
-0.00939265
2.87937e-07
-0.00939285
2.72814e-07
-0.00939305
2.58135e-07
-0.00939322
2.39928e-07
-0.00939338
2.10493e-07
-0.0093935
1.5765e-07
-0.00939355
6.4452e-08
-0.00939347
-8.60889e-08
-0.00939322
-3.0153e-07
-0.00939271
-5.8211e-07
-0.0093919
-9.09231e-07
-0.00939077
-1.25711e-06
-0.00938929
-1.60954e-06
-0.00938745
-1.97835e-06
-0.00938518
-2.41366e-06
-0.00938233
-3.00699e-06
-0.00937863
-3.85335e-06
-0.0093738
-4.98024e-06
-0.00936808
-5.86769e-06
-7.1635e-06
-0.00930743
-1.98165e-08
-1.69269e-08
-0.00930698
-8.38342e-08
-8.26984e-08
-0.00930649
-8.15572e-08
-7.9966e-08
-0.00930605
-7.30878e-08
-7.12377e-08
-0.00930564
-6.60186e-08
-6.38536e-08
-0.00930527
-5.94893e-08
-5.70302e-08
-0.00930491
-5.34254e-08
-5.06534e-08
-0.00930459
-4.73928e-08
-4.42351e-08
-0.00930429
-4.02832e-08
-3.66779e-08
-0.00930405
-2.99098e-08
-2.57835e-08
-0.00930388
-1.25138e-08
-7.74033e-09
-0.00930386
1.6952e-08
2.23212e-08
-0.00930408
6.28732e-08
6.93572e-08
-0.00930464
1.32798e-07
1.40435e-07
-0.00930565
2.24635e-07
2.33734e-07
-0.0093072
3.34262e-07
3.45256e-07
-0.00930934
4.54026e-07
4.67521e-07
-0.00931208
5.79094e-07
5.95915e-07
-0.00931545
7.13833e-07
7.3513e-07
-0.00931959
8.75693e-07
9.02815e-07
-0.00932477
1.09524e-06
1.12868e-06
-0.0093314
1.39877e-06
1.43792e-06
-0.0093399
1.76618e-06
1.80881e-06
-0.00934954
1.89623e-06
1.93641e-06
1.8557e-06
1.88368e-06
-0.00940522
3.17956e-07
-0.00940555
3.07621e-07
-0.00940588
3.03353e-07
-0.00940617
2.78278e-07
-0.00940644
2.56771e-07
-0.00940669
2.37495e-07
-0.00940692
2.19828e-07
-0.00940712
2.01813e-07
-0.0094073
1.78825e-07
-0.00940745
1.4229e-07
-0.00940752
7.87034e-08
-0.00940748
-2.92113e-08
-0.00940725
-1.98883e-07
-0.00940674
-4.39919e-07
-0.00940586
-7.49879e-07
-0.00940453
-1.10862e-06
-0.00940272
-1.48943e-06
-0.00940041
-1.87748e-06
-0.00939755
-2.28901e-06
-0.00939405
-2.78064e-06
-0.00938966
-3.4468e-06
-0.00938403
-4.38004e-06
-0.00937686
-5.52006e-06
-0.00936886
-6.20324e-06
-6.47423e-06
-0.00932627
9.2593e-10
-0.009326
-7.583e-10
-0.00932573
-6.90049e-10
-0.00932548
-7.38885e-10
-0.00932525
-7.13203e-10
-0.00932504
-6.788e-10
-0.00932485
-6.58365e-10
-0.00932467
-5.68383e-10
-0.00932452
-4.51087e-10
-0.00932439
-3.00166e-10
-0.00932433
-3.62671e-11
-0.00932435
3.54795e-10
-0.00932454
8.24171e-10
-0.00932494
1.40355e-09
-0.00932564
2.05837e-09
-0.00932669
2.78187e-09
-0.00932811
3.64721e-09
-0.00932991
4.73254e-09
-0.00933212
5.8291e-09
-0.00933482
7.00235e-09
-0.00933819
8.20621e-09
-0.00934249
8.68728e-09
-0.00934795
7.90218e-09
-0.0093541
6.69541e-09
3.1175e-09
-0.00932628
-3.15837e-07
-0.00932601
-3.09121e-07
-0.00932574
-3.04598e-07
-0.00932549
-2.7963e-07
-0.00932526
-2.58115e-07
-0.00932505
-2.3884e-07
-0.00932486
-2.21189e-07
-0.00932469
-2.03105e-07
-0.00932453
-1.80028e-07
-0.00932441
-1.43367e-07
-0.00932434
-7.94809e-08
-0.00932437
2.8769e-08
-0.00932455
1.98958e-07
-0.00932496
4.40578e-07
-0.00932566
7.51173e-07
-0.0093267
1.11062e-06
-0.00932812
1.49238e-06
-0.00932992
1.88177e-06
-0.00933213
2.2949e-06
-0.00933483
2.78864e-06
-0.0093382
3.45763e-06
-0.0093425
4.39356e-06
-0.00934796
5.53522e-06
-0.00935411
6.21945e-06
6.48632e-06
-0.00940523
1.74938e-08
-0.00940555
8.34275e-08
-0.00940588
8.08696e-08
-0.00940618
7.23039e-08
-0.00940645
6.51417e-08
-0.00940669
5.84569e-08
-0.00940692
5.22048e-08
-0.00940712
4.59373e-08
-0.0094073
3.85235e-08
-0.00940745
2.77377e-08
-0.00940752
9.89817e-09
-0.00940748
-2.00141e-08
-0.00940725
-6.66471e-08
-0.00940674
-1.37364e-07
-0.00940586
-2.30174e-07
-0.00940453
-3.40972e-07
-0.00940272
-4.62061e-07
-0.0094004
-5.88551e-07
-0.00939755
-7.24991e-07
-0.00939404
-8.8863e-07
-0.00938964
-1.11009e-06
-0.00938401
-1.41522e-06
-0.00937684
-1.78395e-06
-0.00936884
-1.91127e-06
-1.85082e-06
-0.00930743
-6.44318e-07
-1.86895e-08
-0.00930698
-3.14811e-07
-8.23149e-08
-0.00930649
-3.50143e-07
-7.97879e-08
-0.00930605
-3.2489e-07
-7.10719e-08
-0.00930565
-3.0522e-07
-6.37802e-08
-0.00930527
-2.88e-07
-5.70509e-08
-0.00930491
-2.72873e-07
-5.07779e-08
-0.00930459
-2.58195e-07
-4.45353e-08
-0.00930429
-2.39994e-07
-3.71998e-08
-0.00930405
-2.1059e-07
-2.65949e-08
-0.00930388
-1.57712e-07
-9.01485e-09
-0.00930386
-6.44715e-08
2.06582e-08
-0.00930408
8.6202e-08
6.68303e-08
-0.00930464
3.01739e-07
1.36913e-07
-0.00930565
5.82501e-07
2.28901e-07
-0.0093072
9.0996e-07
3.38625e-07
-0.00930934
1.25857e-06
4.5823e-07
-0.00931208
1.61247e-06
5.82599e-07
-0.00931545
1.9839e-06
7.15845e-07
-0.00931959
2.42387e-06
8.74878e-07
-0.00932477
3.02599e-06
1.08734e-06
-0.0093314
3.8862e-06
1.3792e-06
-0.0093399
5.03315e-06
1.73017e-06
-0.00934953
5.94347e-06
1.84129e-06
7.25921e-06
1.80401e-06
-0.00939145
-0.00939168
-0.00939195
-0.0093922
-0.00939243
-0.00939265
-0.00939285
-0.00939305
-0.00939322
-0.00939338
-0.0093935
-0.00939355
-0.00939347
-0.00939322
-0.00939271
-0.0093919
-0.00939077
-0.00938929
-0.00938745
-0.00938518
-0.00938233
-0.00937863
-0.0093738
-0.00936808
-0.00932627
-3.19535e-07
2.18973e-09
-0.009326
-3.09624e-07
8.28965e-10
-0.00932573
-3.05588e-07
1.11498e-09
-0.00932548
-2.80735e-07
1.27264e-09
-0.00932525
-2.59397e-07
1.42599e-09
-0.00932504
-2.40322e-07
1.61223e-09
-0.00932485
-2.22886e-07
1.85806e-09
-0.00932467
-2.0509e-07
2.12844e-09
-0.00932452
-1.82345e-07
2.48463e-09
-0.00932439
-1.46088e-07
2.95519e-09
-0.00932433
-8.26747e-08
3.52558e-09
-0.00932435
2.50322e-08
3.86642e-09
-0.00932454
1.94398e-07
4.81456e-09
-0.00932494
4.35125e-07
5.82295e-09
-0.00932564
7.4458e-07
7.19805e-09
-0.00932669
1.10252e-06
9.09261e-09
-0.00932811
1.48211e-06
1.16985e-08
-0.00932991
1.86826e-06
1.5337e-08
-0.00933212
2.27615e-06
2.08504e-08
-0.00933482
2.76182e-06
2.89737e-08
-0.00933819
3.41649e-06
4.10775e-08
-0.00934249
4.33103e-06
5.74944e-08
-0.00934795
5.44263e-06
7.83706e-08
-0.0093541
6.09506e-06
9.47389e-08
6.36978e-06
8.03062e-08
-0.00940522
-0.00940555
-0.00940588
-0.00940617
-0.00940644
-0.00940669
-0.00940692
-0.00940712
-0.0094073
-0.00940745
-0.00940752
-0.00940748
-0.00940725
-0.00940674
-0.00940586
-0.00940453
-0.00940272
-0.00940041
-0.00939755
-0.00939405
-0.00938966
-0.00938402
-0.00937686
-0.00936886
-0.00940523
3.15107e-07
-0.00940555
3.08288e-07
-0.00940588
3.03738e-07
-0.00940618
2.78729e-07
-0.00940645
2.57253e-07
-0.00940669
2.37926e-07
-0.00940692
2.20204e-07
-0.00940712
2.02059e-07
-0.0094073
1.78896e-07
-0.00940745
1.4207e-07
-0.00940752
7.81081e-08
-0.00940748
-2.99672e-08
-0.00940725
-2.00289e-07
-0.00940674
-4.42001e-07
-0.00940586
-7.5271e-07
-0.00940453
-1.11228e-06
-0.00940272
-1.49395e-06
-0.0094004
-1.88272e-06
-0.00939755
-2.29457e-06
-0.00939404
-2.78516e-06
-0.00938965
-3.44969e-06
-0.00938401
-4.37802e-06
-0.00937684
-5.50879e-06
-0.00936884
-6.17845e-06
-6.41266e-06
-0.00932628
-0.00932601
-0.00932574
-0.00932549
-0.00932526
-0.00932505
-0.00932486
-0.00932469
-0.00932453
-0.00932441
-0.00932434
-0.00932437
-0.00932455
-0.00932496
-0.00932566
-0.0093267
-0.00932812
-0.00932992
-0.00933213
-0.00933483
-0.0093382
-0.0093425
-0.00934796
-0.00935412
)
;

boundaryField
{
    outletCentralUnloaded
    {
        type            calculated;
        value           nonuniform List<scalar> 2(0.00584948 0.00584948);
    }
    inletCentralUnloaded
    {
        type            calculated;
        value           nonuniform List<scalar> 2(-0.00587369 -0.00587369);
    }
    outletFuelElement
    {
        type            calculated;
        value           nonuniform List<scalar> 
12
(
0.00939088
0.00930808
0.00940495
0.00932655
0.00932656
0.00940495
0.00930808
0.00939088
0.00932655
0.00940495
0.00940495
0.00932656
)
;
    }
    inletFuelElement
    {
        type            calculated;
        value           nonuniform List<scalar> 
12
(
-0.00953393
-0.00953393
-0.00953392
-0.00953392
-0.00953393
-0.00953393
-0.00953393
-0.00953393
-0.00953392
-0.00953392
-0.00953393
-0.00953393
)
;
    }
    defaultFaces
    {
        type            calculated;
        value           nonuniform List<scalar> 
450
(
1.65177e-23
-2.85901e-23
0
1.16112e-23
-4.2495e-24
0
1.13171e-23
1.07107e-23
0
-2.06699e-23
-9.58382e-24
0
-6.89159e-24
-1.78841e-23
0
-1.89015e-23
-8.66038e-24
0
-2.20328e-23
-4.75027e-24
0
-2.12705e-23
-3.33209e-24
0
-1.57023e-23
8.8392e-25
0
-1.07891e-23
-4.84762e-24
0
-9.27298e-24
-6.03592e-24
0
-4.58461e-24
-8.78409e-25
0
6.40367e-24
9.23836e-25
0
1.95086e-23
6.74695e-24
0
4.57763e-23
2.10214e-23
0
4.52525e-23
2.96454e-23
0
2.67157e-23
5.27291e-24
0
1.31724e-22
7.03783e-23
0
1.00109e-22
-1.12614e-22
0
-9.34383e-23
-1.11332e-22
0
-4.63623e-23
-4.52091e-23
0
2.31412e-22
-9.46827e-23
0
-1.66386e-22
7.08449e-24
0
-2.29104e-22
-2.78925e-22
0
-1.9204e-22
-3.3098e-22
0
1.39196e-23
0
1.13375e-23
0
-3.87274e-24
0
1.59783e-23
0
-6.22131e-24
0
6.50348e-24
0
9.1287e-24
0
4.84087e-24
0
-3.88115e-24
0
6.97407e-24
0
3.79462e-24
0
-2.50303e-24
0
-5.56591e-24
0
-1.2532e-23
0
-2.86071e-23
0
-3.31491e-23
0
7.81164e-23
0
-6.25059e-23
0
7.65917e-23
0
-1.44105e-22
0
-1.8552e-22
0
1.63625e-22
0
5.53515e-23
0
-2.24923e-22
0
-2.88069e-22
0
-7.31775e-24
-3.72467e-24
0
-7.87198e-24
4.08625e-24
-4.27114e-24
0
2.38397e-24
2.54825e-24
-2.7472e-24
-1.4947e-24
8.21611e-25
3.65419e-24
8.22875e-24
9.39439e-24
-2.17805e-23
-5.13548e-23
3.08415e-23
-3.78259e-23
0
6.12339e-23
-8.11517e-23
-2.20098e-22
0
1.91859e-22
0
0
0
0
0
0
0
0
0
0
0
0
0
0
0
0
0
0
0
0
0
0
0
0
0
-8.35173e-24
7.42376e-24
3.77916e-24
7.55831e-24
1.5491e-23
1.93637e-23
-7.98914e-24
-5.99185e-24
8.29507e-24
-4.14753e-24
-8.6713e-24
-6.50348e-24
-2.28217e-24
-9.12869e-24
-4.84086e-24
-4.84086e-24
1.03497e-23
-7.76229e-24
-4.18444e-24
-2.78963e-24
-1.51785e-24
-7.58923e-25
1.66868e-24
1.25151e-24
3.71061e-24
5.56591e-24
1.67093e-23
1.2532e-23
2.8607e-23
1.90713e-23
3.3149e-23
2.20993e-23
-3.90582e-23
7.81163e-23
6.25058e-23
1.56264e-23
-1.53183e-22
1.14887e-22
-1.44105e-22
-9.60698e-23
0
-1.2368e-22
-1.63624e-22
2.04531e-22
-1.10703e-22
-1.66054e-22
7.49742e-23
-1.12461e-22
-2.88069e-22
-1.44035e-22
7.76116e-24
0
1.48103e-23
3.73818e-24
0
7.53926e-24
2.00104e-23
0
-3.09033e-23
-3.0807e-23
0
7.96877e-24
1.04714e-23
0
-4.13691e-24
-2.41367e-23
0
0
-3.06734e-23
0
4.55256e-24
-2.35029e-23
0
9.65666e-24
-1.18562e-23
0
-1.03229e-23
-1.69191e-23
0
2.78238e-24
-1.40004e-23
0
0
-5.47207e-24
0
1.66436e-24
4.90332e-24
-0
-3.70107e-24
2.57404e-23
-0
0
4.72505e-23
-0
-9.51202e-24
7.96682e-23
-0
-1.10231e-23
4.51213e-23
-0
-2.59789e-23
1.55557e-22
-0
0
1.04077e-22
-0
-3.82189e-23
-6.1029e-23
-0
9.58957e-23
-4.82447e-23
-0
0
2.03261e-22
-0
0
-2.00268e-22
-0
1.10599e-22
-6.33753e-23
-0
7.49339e-23
-2.88395e-22
-0
9.6007e-23
0
-3.72467e-24
0
-3.93599e-24
8.17251e-24
-8.54229e-24
-4.49599e-24
0
2.54825e-24
0
0
4.10805e-25
0
8.22875e-24
9.39439e-24
2.17805e-23
-5.13548e-23
0
-1.13478e-22
0
0
-8.11517e-23
-2.20098e-22
7.47222e-23
0
1.48475e-23
0
1.51166e-23
0
3.87274e-24
0
7.98914e-24
0
-4.14754e-24
0
8.67131e-24
0
9.1287e-24
0
9.68173e-24
0
-1.29372e-24
0
2.78963e-24
0
3.0357e-24
0
-8.34342e-25
0
-3.71061e-24
-0
-1.67093e-23
-0
-2.86071e-23
-0
-4.41988e-23
-0
9.11358e-23
-0
-6.25059e-23
-0
1.14887e-22
-0
-9.60699e-23
-0
-1.546e-22
-0
1.63625e-22
-0
5.53515e-23
-0
-2.24923e-22
-0
-2.88069e-22
-0
-5.56782e-24
3.71188e-24
-7.55831e-24
1.13375e-23
-3.87274e-24
1.16182e-23
-3.99457e-24
-1.99728e-23
0
4.14753e-24
-8.6713e-24
-1.51748e-23
-6.84652e-24
-1.59752e-23
-4.84086e-24
-1.21022e-23
0
-7.76229e-24
-4.18444e-24
-9.76369e-24
-2.27677e-24
-3.03569e-24
-8.34341e-25
3.85883e-24
3.71061e-24
1.66977e-23
4.17732e-24
3.34185e-23
1.90713e-23
5.7214e-23
3.3149e-23
8.83974e-23
2.60388e-23
7.81163e-23
3.12529e-23
1.25012e-22
-7.65916e-23
1.14887e-22
-4.80349e-23
-4.80349e-23
0
-1.546e-22
-4.09061e-23
2.04531e-22
2.21406e-22
-1.66054e-22
7.49742e-23
-1.12461e-22
0
-1.92046e-22
-0
-0
-0
-0
-0
-0
-0
-0
-0
-0
-0
0
0
0
0
0
0
0
0
0
0
0
0
0
0
)
;
    }
    baffle_master
    {
        type            calculated;
        value           nonuniform List<scalar> 
150
(
3.87317e-28
0
4.96921e-28
1.67012e-28
0
2.48481e-28
2.81979e-29
0
0
3.39524e-29
0
0
5.25206e-28
0
2.48542e-28
3.67959e-29
0
-2.48562e-28
2.2629e-29
0
0
2.11833e-29
0
-2.48604e-28
-2.24411e-28
0
0
-1.2002e-28
0
2.48646e-28
2.39336e-28
0
9.94665e-28
-1.52001e-28
0
0
-4.60718e-28
0
9.9483e-28
4.06588e-28
0
9.94913e-28
5.64777e-29
0
-1.24375e-28
4.71957e-28
0
0
8.76603e-27
0
3.98065e-27
9.08373e-28
0
1.99049e-27
6.03333e-27
0
1.99066e-27
9.07148e-30
0
9.9541e-28
-3.83183e-28
0
0
6.51738e-27
0
1.99114e-27
-3.96607e-28
0
0
-1.49631e-28
0
9.95734e-28
-1.69036e-28
0
0
0
-1.12906e-27
0
2.48481e-28
-5.65744e-28
0
6.21252e-29
-2.12002e-28
0
-1.24261e-28
2.41632e-28
-0
0
-2.89267e-28
-0
-1.24281e-28
3.94852e-28
-0
0
3.02884e-28
-0
-2.48604e-28
5.71735e-28
-0
2.48625e-28
5.75919e-28
-0
0
6.93782e-28
-0
-4.97332e-28
1.04656e-27
-0
-4.97374e-28
1.30747e-27
-0
-9.9483e-28
2.89185e-27
-0
-9.94913e-28
2.25456e-27
-0
-2.48749e-28
2.99936e-28
-0
9.9508e-28
-1.98036e-27
0
-1.99033e-27
-3.29959e-27
0
1.99049e-27
-3.82164e-27
0
-1.99066e-27
1.64005e-27
0
0
9.72601e-28
0
-4.97745e-28
-5.54473e-28
-0
1.99114e-27
-5.94844e-27
-0
1.99131e-27
5.04347e-27
-0
0
-4.94433e-28
-0
0
5.39793e-28
0
)
;
    }
    baffle_slave
    {
        type            calculated;
        value           nonuniform List<scalar> 
150
(
1.02555e-24
-0
7.31775e-24
-6.37964e-25
-0
0
1.01018e-24
-0
0
-3.49308e-24
-0
3.93599e-24
-1.31692e-23
-0
-8.17251e-24
1.06393e-24
-0
0
2.79974e-24
-0
-4.49599e-24
5.19574e-24
-0
2.38397e-24
-1.11072e-24
-0
0
2.90799e-24
-0
0
-1.86135e-25
-0
1.4947e-24
1.02314e-24
0
0
-2.27526e-25
0
0
0
0
0
1.16996e-24
0
9.39439e-24
-4.06914e-24
0
2.17805e-23
-7.51652e-23
0
-1.0271e-22
1.34486e-23
0
0
-7.24722e-23
0
-7.56518e-23
1.48014e-24
0
0
-1.04985e-23
0
0
1.35398e-22
0
8.11517e-23
-3.09048e-23
0
0
-1.98312e-23
0
-1.49445e-22
8.6915e-23
0
-1.91859e-22
-9.17084e-24
2.23341e-23
0
-3.63083e-24
7.94555e-24
0
9.49193e-25
1.13497e-23
0
-2.46616e-24
6.67974e-24
0
-4.45024e-24
-1.80679e-23
0
-4.7082e-25
6.38355e-24
0
-1.0456e-24
1.0709e-23
0
-3.08719e-24
8.31318e-24
0
6.656e-24
8.40975e-24
0
1.40597e-24
6.84234e-24
0
-2.63846e-24
4.09497e-24
0
5.31716e-25
2.78806e-24
0
2.14556e-24
-7.2524e-25
0
2.8612e-24
-6.05239e-24
0
6.64088e-24
-1.25406e-23
0
2.41819e-23
-1.18683e-23
0
-6.01941e-23
-3.47839e-23
0
2.13562e-23
-2.88183e-23
0
-5.02226e-24
-1.59085e-23
0
6.33216e-23
4.81047e-23
0
-4.45716e-23
6.77629e-23
0
-1.02388e-22
1.5944e-22
0
-6.23287e-23
-1.0645e-22
0
1.12468e-23
1.2132e-22
0
-3.16623e-23
1.03399e-22
0
)
;
    }
}


// ************************************************************************* //
