/*--------------------------------*- C++ -*----------------------------------*\
| =========                 |                                                 |
| \\      /  F ield         | OpenFOAM: The Open Source CFD Toolbox           |
|  \\    /   O peration     | Version:  2212                                  |
|   \\  /    A nd           | Website:  www.openfoam.com                      |
|    \\/     M anipulation  |                                                 |
\*---------------------------------------------------------------------------*/
FoamFile
{
    version     2.0;
    format      ascii;
    arch        "LSB;label=32;scalar=64";
    class       volScalarField;
    location    "43/fluidRegion";
    object      dgdt;
}
// * * * * * * * * * * * * * * * * * * * * * * * * * * * * * * * * * * * * * //

dimensions      [0 0 -1 0 0 0 0];

internalField   nonuniform List<scalar> 
350
(
0.00525776
0.00520261
0.00522735
0.00527084
0.00532005
0.00535917
0.00537828
0.00537717
0.00536328
0.00534663
0.00533534
0.00533363
0.00534169
0.00535582
0.00536898
0.00537227
0.00535836
0.00532551
0.00528009
0.00523567
0.00520826
0.00520948
0.00521639
0.00520033
0.00268878
0.00525776
0.00520261
0.00522735
0.00527084
0.00532005
0.00535916
0.00537828
0.00537717
0.00536328
0.00534663
0.00533534
0.00533363
0.00534169
0.00535582
0.00536898
0.00537227
0.00535836
0.00532551
0.00528009
0.00523567
0.00520826
0.00520948
0.00521639
0.00520033
0.00268878
40.3274
50.4878
64.3942
77.215
88.8948
99.3907
108.669
116.7
123.448
128.862
132.861
135.32
136.078
134.96
131.83
126.658
119.563
110.791
100.64
89.3433
76.9987
63.5365
48.7934
32.7667
20.3962
40.3793
50.4227
64.4587
77.4011
89.195
99.797
109.174
117.296
124.132
129.632
133.72
136.273
137.127
136.098
133.034
127.892
120.78
111.943
101.694
90.278
77.8043
64.2047
49.3103
33.1119
20.6059
40.3058
50.4733
64.3597
77.1617
88.8241
99.3039
108.567
116.585
123.32
128.721
132.706
135.152
135.896
134.766
131.627
126.453
119.363
110.603
100.468
89.1914
76.8681
63.4284
48.7101
32.7109
20.3622
40.3776
50.4568
64.462
77.3758
89.1427
99.7194
109.073
117.173
123.988
129.468
133.534
136.065
136.896
135.845
132.765
127.614
120.504
111.682
101.454
90.0648
77.6203
64.0519
49.192
33.0328
20.5579
40.3776
50.4568
64.462
77.3759
89.1427
99.7194
109.073
117.173
123.988
129.468
133.534
136.065
136.896
135.845
132.765
127.614
120.504
111.682
101.454
90.0648
77.6203
64.0519
49.192
33.0328
20.5578
40.3058
50.4733
64.3597
77.1617
88.8241
99.3039
108.567
116.585
123.32
128.721
132.706
135.152
135.896
134.766
131.627
126.453
119.363
110.603
100.468
89.1914
76.8681
63.4284
48.7101
32.7109
20.3622
40.3793
50.4227
64.4587
77.4012
89.195
99.797
109.174
117.296
124.132
129.632
133.72
136.273
137.127
136.098
133.034
127.892
120.78
111.943
101.694
90.278
77.8043
64.2047
49.3103
33.1119
20.6059
40.3274
50.4878
64.3942
77.215
88.8948
99.3907
108.669
116.7
123.448
128.862
132.861
135.32
136.078
134.96
131.83
126.658
119.563
110.791
100.64
89.3433
76.9987
63.5365
48.7935
32.7667
20.3962
40.3776
50.4568
64.462
77.3759
89.1427
99.7194
109.073
117.173
123.988
129.468
133.534
136.065
136.896
135.845
132.765
127.614
120.504
111.682
101.454
90.0648
77.6203
64.0519
49.192
33.0328
20.5579
40.3058
50.4733
64.3597
77.1617
88.8241
99.3039
108.567
116.585
123.32
128.721
132.706
135.152
135.896
134.766
131.627
126.453
119.363
110.603
100.468
89.1914
76.8681
63.4284
48.7101
32.7109
20.3623
40.3058
50.4733
64.3597
77.1617
88.8241
99.3039
108.567
116.585
123.32
128.721
132.706
135.152
135.896
134.766
131.627
126.453
119.363
110.603
100.468
89.1914
76.8681
63.4284
48.7101
32.7109
20.3622
40.3776
50.4568
64.462
77.3759
89.1427
99.7194
109.073
117.173
123.988
129.468
133.534
136.065
136.896
135.845
132.765
127.614
120.504
111.682
101.454
90.0648
77.6203
64.0519
49.192
33.0328
20.5578
)
;

boundaryField
{
    outletCentralUnloaded
    {
        type            calculated;
        value           nonuniform List<scalar> 2(0.00525776 0.00525776);
    }
    inletCentralUnloaded
    {
        type            calculated;
        value           nonuniform List<scalar> 2(0.00268878 0.00268878);
    }
    outletFuelElement
    {
        type            calculated;
        value           nonuniform List<scalar> 
12
(
40.3274
40.3793
40.3058
40.3776
40.3776
40.3058
40.3793
40.3274
40.3776
40.3058
40.3058
40.3776
)
;
    }
    inletFuelElement
    {
        type            calculated;
        value           nonuniform List<scalar> 
12
(
20.3962
20.6059
20.3622
20.5579
20.5578
20.3622
20.6059
20.3962
20.5579
20.3623
20.3622
20.5578
)
;
    }
    defaultFaces
    {
        type            calculated;
        value           nonuniform List<scalar> 
450
(
40.3274
40.3274
40.3274
50.4878
50.4878
50.4878
64.3942
64.3942
64.3942
77.215
77.215
77.215
88.8948
88.8948
88.8948
99.3907
99.3907
99.3907
108.669
108.669
108.669
116.7
116.7
116.7
123.448
123.448
123.448
128.862
128.862
128.862
132.861
132.861
132.861
135.32
135.32
135.32
136.078
136.078
136.078
134.96
134.96
134.96
131.83
131.83
131.83
126.658
126.658
126.658
119.563
119.563
119.563
110.791
110.791
110.791
100.64
100.64
100.64
89.3433
89.3433
89.3433
76.9987
76.9987
76.9987
63.5365
63.5365
63.5365
48.7934
48.7934
48.7934
32.7667
32.7667
32.7667
20.3962
20.3962
20.3962
40.3058
40.3058
50.4733
50.4733
64.3597
64.3597
77.1617
77.1617
88.8241
88.8241
99.3039
99.3039
108.567
108.567
116.585
116.585
123.32
123.32
128.721
128.721
132.706
132.706
135.152
135.152
135.896
135.896
134.766
134.766
131.627
131.627
126.453
126.453
119.363
119.363
110.603
110.603
100.468
100.468
89.1914
89.1914
76.8681
76.8681
63.4284
63.4284
48.7101
48.7101
32.7109
32.7109
20.3622
20.3622
40.3776
50.4568
64.462
77.3758
89.1427
99.7194
109.073
117.173
123.988
129.468
133.534
136.065
136.896
135.845
132.765
127.614
120.504
111.682
101.454
90.0648
77.6203
64.0519
49.192
33.0328
20.5579
40.3776
50.4568
64.462
77.3759
89.1427
99.7194
109.073
117.173
123.988
129.468
133.534
136.065
136.896
135.845
132.765
127.614
120.504
111.682
101.454
90.0648
77.6203
64.0519
49.192
33.0328
20.5578
40.3058
40.3058
50.4733
50.4733
64.3597
64.3597
77.1617
77.1617
88.8241
88.8241
99.3039
99.3039
108.567
108.567
116.585
116.585
123.32
123.32
128.721
128.721
132.706
132.706
135.152
135.152
135.896
135.896
134.766
134.766
131.627
131.627
126.453
126.453
119.363
119.363
110.603
110.603
100.468
100.468
89.1914
89.1914
76.8681
76.8681
63.4284
63.4284
48.7101
48.7101
32.7109
32.7109
20.3622
20.3622
40.3274
40.3274
40.3274
50.4878
50.4878
50.4878
64.3942
64.3942
64.3942
77.215
77.215
77.215
88.8948
88.8948
88.8948
99.3907
99.3907
99.3907
108.669
108.669
108.669
116.7
116.7
116.7
123.448
123.448
123.448
128.862
128.862
128.862
132.861
132.861
132.861
135.32
135.32
135.32
136.078
136.078
136.078
134.96
134.96
134.96
131.83
131.83
131.83
126.658
126.658
126.658
119.563
119.563
119.563
110.791
110.791
110.791
100.64
100.64
100.64
89.3433
89.3433
89.3433
76.9987
76.9987
76.9987
63.5365
63.5365
63.5365
48.7935
48.7935
48.7935
32.7667
32.7667
32.7667
20.3962
20.3962
20.3962
40.3776
50.4568
64.462
77.3759
89.1427
99.7194
109.073
117.173
123.988
129.468
133.534
136.065
136.896
135.845
132.765
127.614
120.504
111.682
101.454
90.0648
77.6203
64.0519
49.192
33.0328
20.5579
40.3058
40.3058
50.4733
50.4733
64.3597
64.3597
77.1617
77.1617
88.8241
88.8241
99.3039
99.3039
108.567
108.567
116.585
116.585
123.32
123.32
128.721
128.721
132.706
132.706
135.152
135.152
135.896
135.896
134.766
134.766
131.627
131.627
126.453
126.453
119.363
119.363
110.603
110.603
100.468
100.468
89.1914
89.1914
76.8681
76.8681
63.4284
63.4284
48.7101
48.7101
32.7109
32.7109
20.3623
20.3623
40.3058
40.3058
50.4733
50.4733
64.3597
64.3597
77.1617
77.1617
88.8241
88.8241
99.3039
99.3039
108.567
108.567
116.585
116.585
123.32
123.32
128.721
128.721
132.706
132.706
135.152
135.152
135.896
135.896
134.766
134.766
131.627
131.627
126.453
126.453
119.363
119.363
110.603
110.603
100.468
100.468
89.1914
89.1914
76.8681
76.8681
63.4284
63.4284
48.7101
48.7101
32.7109
32.7109
20.3622
20.3622
40.3776
50.4568
64.462
77.3759
89.1427
99.7194
109.073
117.173
123.988
129.468
133.534
136.065
136.896
135.845
132.765
127.614
120.504
111.682
101.454
90.0648
77.6203
64.0519
49.192
33.0328
20.5578
)
;
    }
    baffle_master
    {
        type            calculated;
        value           nonuniform List<scalar> 
150
(
0.00525776
0.00525776
0.00525776
0.00520261
0.00520261
0.00520261
0.00522735
0.00522735
0.00522735
0.00527084
0.00527084
0.00527084
0.00532005
0.00532005
0.00532005
0.00535917
0.00535917
0.00535917
0.00537828
0.00537828
0.00537828
0.00537717
0.00537717
0.00537717
0.00536328
0.00536328
0.00536328
0.00534663
0.00534663
0.00534663
0.00533534
0.00533534
0.00533534
0.00533363
0.00533363
0.00533363
0.00534169
0.00534169
0.00534169
0.00535582
0.00535582
0.00535582
0.00536898
0.00536898
0.00536898
0.00537227
0.00537227
0.00537227
0.00535836
0.00535836
0.00535836
0.00532551
0.00532551
0.00532551
0.00528009
0.00528009
0.00528009
0.00523567
0.00523567
0.00523567
0.00520826
0.00520826
0.00520826
0.00520948
0.00520948
0.00520948
0.00521639
0.00521639
0.00521639
0.00520033
0.00520033
0.00520033
0.00268878
0.00268878
0.00268878
0.00525776
0.00525776
0.00525776
0.00520261
0.00520261
0.00520261
0.00522735
0.00522735
0.00522735
0.00527084
0.00527084
0.00527084
0.00532005
0.00532005
0.00532005
0.00535916
0.00535916
0.00535916
0.00537828
0.00537828
0.00537828
0.00537717
0.00537717
0.00537717
0.00536328
0.00536328
0.00536328
0.00534663
0.00534663
0.00534663
0.00533534
0.00533534
0.00533534
0.00533363
0.00533363
0.00533363
0.00534169
0.00534169
0.00534169
0.00535582
0.00535582
0.00535582
0.00536898
0.00536898
0.00536898
0.00537227
0.00537227
0.00537227
0.00535836
0.00535836
0.00535836
0.00532551
0.00532551
0.00532551
0.00528009
0.00528009
0.00528009
0.00523567
0.00523567
0.00523567
0.00520826
0.00520826
0.00520826
0.00520948
0.00520948
0.00520948
0.00521639
0.00521639
0.00521639
0.00520033
0.00520033
0.00520033
0.00268878
0.00268878
0.00268878
)
;
    }
    baffle_slave
    {
        type            calculated;
        value           nonuniform List<scalar> 
150
(
40.3793
40.3776
40.3776
50.4227
50.4568
50.4568
64.4587
64.462
64.462
77.4011
77.3758
77.3759
89.195
89.1427
89.1427
99.797
99.7194
99.7194
109.174
109.073
109.073
117.296
117.173
117.173
124.132
123.988
123.988
129.632
129.468
129.468
133.72
133.534
133.534
136.273
136.065
136.065
137.127
136.896
136.896
136.098
135.845
135.845
133.034
132.765
132.765
127.892
127.614
127.614
120.78
120.504
120.504
111.943
111.682
111.682
101.694
101.454
101.454
90.278
90.0648
90.0648
77.8043
77.6203
77.6203
64.2047
64.0519
64.0519
49.3103
49.192
49.192
33.1119
33.0328
33.0328
20.6059
20.5579
20.5578
40.3776
40.3793
40.3776
50.4568
50.4227
50.4568
64.462
64.4587
64.462
77.3759
77.4012
77.3759
89.1427
89.195
89.1427
99.7194
99.797
99.7194
109.073
109.174
109.073
117.173
117.296
117.173
123.988
124.132
123.988
129.468
129.632
129.468
133.534
133.72
133.534
136.065
136.273
136.065
136.896
137.127
136.896
135.845
136.098
135.845
132.765
133.034
132.765
127.614
127.892
127.614
120.504
120.78
120.504
111.682
111.943
111.682
101.454
101.694
101.454
90.0648
90.278
90.0648
77.6203
77.8043
77.6203
64.0519
64.2047
64.0519
49.192
49.3103
49.192
33.0328
33.1119
33.0328
20.5578
20.6059
20.5579
)
;
    }
}


// ************************************************************************* //
