/*--------------------------------*- C++ -*----------------------------------*\
| =========                 |                                                 |
| \\      /  F ield         | OpenFOAM: The Open Source CFD Toolbox           |
|  \\    /   O peration     | Version:  2212                                  |
|   \\  /    A nd           | Website:  www.openfoam.com                      |
|    \\/     M anipulation  |                                                 |
\*---------------------------------------------------------------------------*/
FoamFile
{
    version     2.0;
    format      ascii;
    arch        "LSB;label=32;scalar=64";
    class       volScalarField;
    location    "43/fluidRegion";
    object      hdeltaT;
}
// * * * * * * * * * * * * * * * * * * * * * * * * * * * * * * * * * * * * * //

dimensions      [1 0 -3 0 0 0 0];

internalField   nonuniform List<scalar> 
350
(
0
0
0
0
0
0
0
0
0
0
0
0
0
0
0
0
0
0
0
0
0
0
0
0
0
0
0
0
0
0
0
0
0
0
0
0
0
0
0
0
0
0
0
0
0
0
0
0
0
0
429506
1.32252e+06
2.19442e+06
3.03148e+06
3.82049e+06
4.54903e+06
5.2056e+06
5.77987e+06
6.26278e+06
6.64673e+06
6.92566e+06
7.0952e+06
7.15267e+06
7.09717e+06
6.92959e+06
6.65256e+06
6.27046e+06
5.7893e+06
5.21664e+06
4.56159e+06
3.83443e+06
3.04678e+06
2.21122e+06
1.34141e+06
451252
434184
1.33743e+06
2.21933e+06
3.06598e+06
3.86404e+06
4.60093e+06
5.26503e+06
5.84589e+06
6.33434e+06
6.7227e+06
7.00484e+06
7.17633e+06
7.23447e+06
7.17835e+06
7.00886e+06
6.72867e+06
6.3422e+06
5.85554e+06
5.27634e+06
4.61379e+06
3.87831e+06
3.08164e+06
2.23651e+06
1.35673e+06
456388
428760
1.32014e+06
2.19046e+06
3.02598e+06
3.81355e+06
4.54076e+06
5.19613e+06
5.76935e+06
6.25138e+06
6.63463e+06
6.91305e+06
7.08228e+06
7.13964e+06
7.08424e+06
6.91696e+06
6.64044e+06
6.25903e+06
5.77875e+06
5.20713e+06
4.55327e+06
3.82744e+06
3.04123e+06
2.20719e+06
1.33896e+06
450433
433105
1.334e+06
2.21359e+06
3.05804e+06
3.85401e+06
4.58898e+06
5.25135e+06
5.83069e+06
6.31787e+06
6.70521e+06
6.98662e+06
7.15766e+06
7.21564e+06
7.15966e+06
6.99061e+06
6.71115e+06
6.32569e+06
5.84029e+06
5.26259e+06
4.60177e+06
3.86821e+06
3.07362e+06
2.23069e+06
1.35321e+06
455206
433105
1.334e+06
2.2136e+06
3.05804e+06
3.85401e+06
4.58898e+06
5.25135e+06
5.83069e+06
6.31787e+06
6.70521e+06
6.98662e+06
7.15766e+06
7.21564e+06
7.15966e+06
6.99061e+06
6.71115e+06
6.32569e+06
5.84029e+06
5.26259e+06
4.60177e+06
3.86821e+06
3.07362e+06
2.23069e+06
1.35321e+06
455206
428760
1.32014e+06
2.19046e+06
3.02598e+06
3.81355e+06
4.54076e+06
5.19613e+06
5.76935e+06
6.25138e+06
6.63463e+06
6.91305e+06
7.08228e+06
7.13964e+06
7.08424e+06
6.91696e+06
6.64044e+06
6.25903e+06
5.77875e+06
5.20713e+06
4.55327e+06
3.82744e+06
3.04123e+06
2.20719e+06
1.33896e+06
450434
434184
1.33743e+06
2.21933e+06
3.06598e+06
3.86404e+06
4.60093e+06
5.26503e+06
5.84589e+06
6.33434e+06
6.7227e+06
7.00484e+06
7.17633e+06
7.23447e+06
7.17835e+06
7.00886e+06
6.72867e+06
6.3422e+06
5.85554e+06
5.27634e+06
4.61379e+06
3.87831e+06
3.08164e+06
2.23651e+06
1.35673e+06
456388
429506
1.32252e+06
2.19442e+06
3.03148e+06
3.82049e+06
4.54903e+06
5.2056e+06
5.77987e+06
6.26278e+06
6.64673e+06
6.92566e+06
7.0952e+06
7.15267e+06
7.09717e+06
6.92959e+06
6.65256e+06
6.27046e+06
5.7893e+06
5.21664e+06
4.56159e+06
3.83443e+06
3.04678e+06
2.21122e+06
1.34141e+06
451252
433105
1.334e+06
2.2136e+06
3.05804e+06
3.85401e+06
4.58898e+06
5.25135e+06
5.83069e+06
6.31787e+06
6.70521e+06
6.98662e+06
7.15766e+06
7.21564e+06
7.15966e+06
6.99061e+06
6.71115e+06
6.32569e+06
5.84029e+06
5.26259e+06
4.60177e+06
3.86821e+06
3.07362e+06
2.23069e+06
1.35321e+06
455206
428760
1.32014e+06
2.19046e+06
3.02598e+06
3.81355e+06
4.54076e+06
5.19613e+06
5.76935e+06
6.25138e+06
6.63463e+06
6.91305e+06
7.08228e+06
7.13964e+06
7.08424e+06
6.91696e+06
6.64044e+06
6.25903e+06
5.77874e+06
5.20713e+06
4.55327e+06
3.82744e+06
3.04123e+06
2.20719e+06
1.33896e+06
450433
428760
1.32014e+06
2.19046e+06
3.02598e+06
3.81355e+06
4.54076e+06
5.19613e+06
5.76935e+06
6.25138e+06
6.63463e+06
6.91305e+06
7.08228e+06
7.13964e+06
7.08424e+06
6.91696e+06
6.64044e+06
6.25903e+06
5.77875e+06
5.20713e+06
4.55327e+06
3.82744e+06
3.04123e+06
2.20719e+06
1.33896e+06
450434
433105
1.334e+06
2.2136e+06
3.05804e+06
3.85401e+06
4.58898e+06
5.25135e+06
5.83069e+06
6.31787e+06
6.70521e+06
6.98662e+06
7.15766e+06
7.21564e+06
7.15966e+06
6.99061e+06
6.71115e+06
6.32569e+06
5.84029e+06
5.26259e+06
4.60177e+06
3.86821e+06
3.07362e+06
2.23069e+06
1.35321e+06
455206
)
;

boundaryField
{
    outletCentralUnloaded
    {
        type            calculated;
        value           uniform 0;
    }
    inletCentralUnloaded
    {
        type            calculated;
        value           uniform 0;
    }
    outletFuelElement
    {
        type            calculated;
        value           uniform 0;
    }
    inletFuelElement
    {
        type            calculated;
        value           nonuniform List<scalar> 
12
(
3.04744e+06
3.04624e+06
3.04735e+06
3.04655e+06
3.04655e+06
3.04735e+06
3.04624e+06
3.04744e+06
3.04655e+06
3.04735e+06
3.04735e+06
3.04656e+06
)
;
    }
    defaultFaces
    {
        type            calculated;
        value           nonuniform List<scalar> 
450
(
0
0
0
0
0
0
0
0
0
0
0
0
0
0
0
0
0
0
0
0
0
0
0
0
0
0
0
0
0
0
0
0
0
0
0
0
0
0
0
0
0
0
0
0
0
0
0
0
1.26175e+06
1.26175e+06
1.26175e+06
2.34675e+06
2.34675e+06
2.34675e+06
3.0856e+06
3.0856e+06
3.0856e+06
3.50318e+06
3.50318e+06
3.50318e+06
3.64299e+06
3.64299e+06
3.64299e+06
3.57025e+06
3.57025e+06
3.57025e+06
3.37484e+06
3.37484e+06
3.37484e+06
3.16805e+06
3.16805e+06
3.16805e+06
3.01384e+06
3.01384e+06
3.01384e+06
0
0
0
0
0
0
0
0
0
0
0
0
0
0
0
0
0
0
0
0
0
0
0
0
0
0
0
0
0
0
0
0
1.2803e+06
1.2803e+06
2.35952e+06
2.35952e+06
3.09388e+06
3.09388e+06
3.50814e+06
3.50814e+06
3.6457e+06
3.6457e+06
3.57158e+06
3.57158e+06
3.3754e+06
3.3754e+06
3.16818e+06
3.16818e+06
3.01381e+06
3.01381e+06
0
0
0
0
0
0
0
0
0
0
0
0
0
0
0
0
1.16675e+06
2.28053e+06
3.04195e+06
3.47615e+06
3.6272e+06
3.56122e+06
3.36939e+06
3.16471e+06
3.01267e+06
0
0
0
0
0
0
0
0
0
0
0
0
0
0
0
0
1.16675e+06
2.28053e+06
3.04195e+06
3.47615e+06
3.6272e+06
3.56122e+06
3.36939e+06
3.16471e+06
3.01267e+06
0
0
0
0
0
0
0
0
0
0
0
0
0
0
0
0
0
0
0
0
0
0
0
0
0
0
0
0
0
0
0
0
1.28028e+06
1.28028e+06
2.35951e+06
2.35951e+06
3.09387e+06
3.09387e+06
3.50813e+06
3.50813e+06
3.64569e+06
3.64569e+06
3.57157e+06
3.57157e+06
3.3754e+06
3.3754e+06
3.16817e+06
3.16817e+06
3.01381e+06
3.01381e+06
0
0
0
0
0
0
0
0
0
0
0
0
0
0
0
0
0
0
0
0
0
0
0
0
0
0
0
0
0
0
0
0
0
0
0
0
0
0
0
0
0
0
0
0
0
0
0
0
1.26175e+06
1.26175e+06
1.26175e+06
2.34675e+06
2.34675e+06
2.34675e+06
3.0856e+06
3.0856e+06
3.0856e+06
3.50318e+06
3.50318e+06
3.50318e+06
3.64299e+06
3.64299e+06
3.64299e+06
3.57025e+06
3.57025e+06
3.57025e+06
3.37484e+06
3.37484e+06
3.37484e+06
3.16805e+06
3.16805e+06
3.16805e+06
3.01384e+06
3.01384e+06
3.01384e+06
0
0
0
0
0
0
0
0
0
0
0
0
0
0
0
0
1.16675e+06
2.28053e+06
3.04195e+06
3.47615e+06
3.6272e+06
3.56122e+06
3.36939e+06
3.16471e+06
3.01267e+06
0
0
0
0
0
0
0
0
0
0
0
0
0
0
0
0
0
0
0
0
0
0
0
0
0
0
0
0
0
0
0
0
1.2803e+06
1.2803e+06
2.35952e+06
2.35952e+06
3.09388e+06
3.09388e+06
3.50814e+06
3.50814e+06
3.64569e+06
3.64569e+06
3.57158e+06
3.57158e+06
3.3754e+06
3.3754e+06
3.16818e+06
3.16818e+06
3.01381e+06
3.01381e+06
0
0
0
0
0
0
0
0
0
0
0
0
0
0
0
0
0
0
0
0
0
0
0
0
0
0
0
0
0
0
0
0
1.28028e+06
1.28028e+06
2.35952e+06
2.35952e+06
3.09387e+06
3.09387e+06
3.50813e+06
3.50813e+06
3.64569e+06
3.64569e+06
3.57157e+06
3.57157e+06
3.3754e+06
3.3754e+06
3.16817e+06
3.16817e+06
3.01381e+06
3.01381e+06
0
0
0
0
0
0
0
0
0
0
0
0
0
0
0
0
1.16675e+06
2.28053e+06
3.04195e+06
3.47615e+06
3.6272e+06
3.56122e+06
3.36939e+06
3.16471e+06
3.01267e+06
)
;
    }
    baffle_master
    {
        type            calculated;
        value           uniform 0;
    }
    baffle_slave
    {
        type            calculated;
        value           nonuniform List<scalar> 
150
(
0
0
0
0
0
0
0
0
0
0
0
0
0
0
0
0
0
0
0
0
0
0
0
0
0
0
0
0
0
0
0
0
0
0
0
0
0
0
0
0
0
0
0
0
0
0
0
0
1.13813e+06
1.16675e+06
1.16675e+06
2.26054e+06
2.28053e+06
2.28053e+06
3.02873e+06
3.04195e+06
3.04195e+06
3.46793e+06
3.47615e+06
3.47615e+06
3.62237e+06
3.6272e+06
3.6272e+06
3.55843e+06
3.56122e+06
3.56122e+06
3.36767e+06
3.36939e+06
3.36939e+06
3.16361e+06
3.16471e+06
3.16471e+06
3.01226e+06
3.01267e+06
3.01267e+06
0
0
0
0
0
0
0
0
0
0
0
0
0
0
0
0
0
0
0
0
0
0
0
0
0
0
0
0
0
0
0
0
0
0
0
0
0
0
0
0
0
0
0
0
0
0
0
0
1.16675e+06
1.13813e+06
1.16675e+06
2.28053e+06
2.26054e+06
2.28053e+06
3.04195e+06
3.02873e+06
3.04195e+06
3.47615e+06
3.46793e+06
3.47615e+06
3.6272e+06
3.62237e+06
3.6272e+06
3.56122e+06
3.55843e+06
3.56122e+06
3.36939e+06
3.36767e+06
3.36939e+06
3.16471e+06
3.16361e+06
3.16471e+06
3.01267e+06
3.01226e+06
3.01267e+06
)
;
    }
}


// ************************************************************************* //
