/*--------------------------------*- C++ -*----------------------------------*\
|       ______          _   __           ______                               |
|      / ____/  ___    / | / /          / ____/  ____   ____ _   ____ ___     |
|     / / __   / _ \  /  |/ /  ______  / /_     / __ \ / __ `/  / __ `__ \    |
|    / /_/ /  /  __/ / /|  /  /_____/ / __/    / /_/ // /_/ /  / / / / / /    |
|    \____/   \___/ /_/ |_/          /_/       \____/ \__,_/  /_/ /_/ /_/     |
|    Copyright (C) 2015 - 2022 EPFL                                           |
\*---------------------------------------------------------------------------*/
FoamFile
{
    version     2.0;
    format      ascii;
    class       vectorField;
    object      points;
}
// * * * * * * * * * * * * * * * * * * * * * * * * * * * * * * * * * * * * * //

2662
(
(0 0 0)
(0.01666666667 0 0)
(0.03333333333 0 0)
(0.05 0 0)
(0.06666666667 0 0)
(0.08333333333 0 0)
(0.1 0 0)
(0.1166666667 0 0)
(0.1333333333 0 0)
(0.15 0 0)
(0.1666666667 0 0)
(0.1833333333 0 0)
(0.2 0 0)
(0.2166666667 0 0)
(0.2333333333 0 0)
(0.25 0 0)
(0.2666666667 0 0)
(0.2833333333 0 0)
(0.3 0 0)
(0.3166666667 0 0)
(0.3333333333 0 0)
(0.35 0 0)
(0.3666666667 0 0)
(0.3833333333 0 0)
(0.4 0 0)
(0.4166666667 0 0)
(0.4333333333 0 0)
(0.45 0 0)
(0.4666666667 0 0)
(0.4833333333 0 0)
(0.5 0 0)
(0 0.01 0)
(0.01666666667 0.01 0)
(0.03333333333 0.01 0)
(0.05 0.01 0)
(0.06666666667 0.01 0)
(0.08333333333 0.01 0)
(0.1 0.01 0)
(0.1166666667 0.01 0)
(0.1333333333 0.01 0)
(0.15 0.01 0)
(0.1666666667 0.01 0)
(0.1833333333 0.01 0)
(0.2 0.01 0)
(0.2166666667 0.01 0)
(0.2333333333 0.01 0)
(0.25 0.01 0)
(0.2666666667 0.01 0)
(0.2833333333 0.01 0)
(0.3 0.01 0)
(0.3166666667 0.01 0)
(0.3333333333 0.01 0)
(0.35 0.01 0)
(0.3666666667 0.01 0)
(0.3833333333 0.01 0)
(0.4 0.01 0)
(0.4166666667 0.01 0)
(0.4333333333 0.01 0)
(0.45 0.01 0)
(0.4666666667 0.01 0)
(0.4833333333 0.01 0)
(0.5 0.01 0)
(0 0.02 0)
(0.01666666667 0.02 0)
(0.03333333333 0.02 0)
(0.05 0.02 0)
(0.06666666667 0.02 0)
(0.08333333333 0.02 0)
(0.1 0.02 0)
(0.1166666667 0.02 0)
(0.1333333333 0.02 0)
(0.15 0.02 0)
(0.1666666667 0.02 0)
(0.1833333333 0.02 0)
(0.2 0.02 0)
(0.2166666667 0.02 0)
(0.2333333333 0.02 0)
(0.25 0.02 0)
(0.2666666667 0.02 0)
(0.2833333333 0.02 0)
(0.3 0.02 0)
(0.3166666667 0.02 0)
(0.3333333333 0.02 0)
(0.35 0.02 0)
(0.3666666667 0.02 0)
(0.3833333333 0.02 0)
(0.4 0.02 0)
(0.4166666667 0.02 0)
(0.4333333333 0.02 0)
(0.45 0.02 0)
(0.4666666667 0.02 0)
(0.4833333333 0.02 0)
(0.5 0.02 0)
(0 0.03 0)
(0.01666666667 0.03 0)
(0.03333333333 0.03 0)
(0.05 0.03 0)
(0.06666666667 0.03 0)
(0.08333333333 0.03 0)
(0.1 0.03 0)
(0.1166666667 0.03 0)
(0.1333333333 0.03 0)
(0.15 0.03 0)
(0.1666666667 0.03 0)
(0.1833333333 0.03 0)
(0.2 0.03 0)
(0.2166666667 0.03 0)
(0.2333333333 0.03 0)
(0.25 0.03 0)
(0.2666666667 0.03 0)
(0.2833333333 0.03 0)
(0.3 0.03 0)
(0.3166666667 0.03 0)
(0.3333333333 0.03 0)
(0.35 0.03 0)
(0.3666666667 0.03 0)
(0.3833333333 0.03 0)
(0.4 0.03 0)
(0.4166666667 0.03 0)
(0.4333333333 0.03 0)
(0.45 0.03 0)
(0.4666666667 0.03 0)
(0.4833333333 0.03 0)
(0.5 0.03 0)
(0 0.04 0)
(0.01666666667 0.04 0)
(0.03333333333 0.04 0)
(0.05 0.04 0)
(0.06666666667 0.04 0)
(0.08333333333 0.04 0)
(0.1 0.04 0)
(0.1166666667 0.04 0)
(0.1333333333 0.04 0)
(0.15 0.04 0)
(0.1666666667 0.04 0)
(0.1833333333 0.04 0)
(0.2 0.04 0)
(0.2166666667 0.04 0)
(0.2333333333 0.04 0)
(0.25 0.04 0)
(0.2666666667 0.04 0)
(0.2833333333 0.04 0)
(0.3 0.04 0)
(0.3166666667 0.04 0)
(0.3333333333 0.04 0)
(0.35 0.04 0)
(0.3666666667 0.04 0)
(0.3833333333 0.04 0)
(0.4 0.04 0)
(0.4166666667 0.04 0)
(0.4333333333 0.04 0)
(0.45 0.04 0)
(0.4666666667 0.04 0)
(0.4833333333 0.04 0)
(0.5 0.04 0)
(0 0.05 0)
(0.01666666667 0.05 0)
(0.03333333333 0.05 0)
(0.05 0.05 0)
(0.06666666667 0.05 0)
(0.08333333333 0.05 0)
(0.1 0.05 0)
(0.1166666667 0.05 0)
(0.1333333333 0.05 0)
(0.15 0.05 0)
(0.1666666667 0.05 0)
(0.1833333333 0.05 0)
(0.2 0.05 0)
(0.2166666667 0.05 0)
(0.2333333333 0.05 0)
(0.25 0.05 0)
(0.2666666667 0.05 0)
(0.2833333333 0.05 0)
(0.3 0.05 0)
(0.3166666667 0.05 0)
(0.3333333333 0.05 0)
(0.35 0.05 0)
(0.3666666667 0.05 0)
(0.3833333333 0.05 0)
(0.4 0.05 0)
(0.4166666667 0.05 0)
(0.4333333333 0.05 0)
(0.45 0.05 0)
(0.4666666667 0.05 0)
(0.4833333333 0.05 0)
(0.5 0.05 0)
(0 0.06 0)
(0.01666666667 0.06 0)
(0.03333333333 0.06 0)
(0.05 0.06 0)
(0.06666666667 0.06 0)
(0.08333333333 0.06 0)
(0.1 0.06 0)
(0.1166666667 0.06 0)
(0.1333333333 0.06 0)
(0.15 0.06 0)
(0.1666666667 0.06 0)
(0.1833333333 0.06 0)
(0.2 0.06 0)
(0.2166666667 0.06 0)
(0.2333333333 0.06 0)
(0.25 0.06 0)
(0.2666666667 0.06 0)
(0.2833333333 0.06 0)
(0.3 0.06 0)
(0.3166666667 0.06 0)
(0.3333333333 0.06 0)
(0.35 0.06 0)
(0.3666666667 0.06 0)
(0.3833333333 0.06 0)
(0.4 0.06 0)
(0.4166666667 0.06 0)
(0.4333333333 0.06 0)
(0.45 0.06 0)
(0.4666666667 0.06 0)
(0.4833333333 0.06 0)
(0.5 0.06 0)
(0 0.07 0)
(0.01666666667 0.07 0)
(0.03333333333 0.07 0)
(0.05 0.07 0)
(0.06666666667 0.07 0)
(0.08333333333 0.07 0)
(0.1 0.07 0)
(0.1166666667 0.07 0)
(0.1333333333 0.07 0)
(0.15 0.07 0)
(0.1666666667 0.07 0)
(0.1833333333 0.07 0)
(0.2 0.07 0)
(0.2166666667 0.07 0)
(0.2333333333 0.07 0)
(0.25 0.07 0)
(0.2666666667 0.07 0)
(0.2833333333 0.07 0)
(0.3 0.07 0)
(0.3166666667 0.07 0)
(0.3333333333 0.07 0)
(0.35 0.07 0)
(0.3666666667 0.07 0)
(0.3833333333 0.07 0)
(0.4 0.07 0)
(0.4166666667 0.07 0)
(0.4333333333 0.07 0)
(0.45 0.07 0)
(0.4666666667 0.07 0)
(0.4833333333 0.07 0)
(0.5 0.07 0)
(0 0.08 0)
(0.01666666667 0.08 0)
(0.03333333333 0.08 0)
(0.05 0.08 0)
(0.06666666667 0.08 0)
(0.08333333333 0.08 0)
(0.1 0.08 0)
(0.1166666667 0.08 0)
(0.1333333333 0.08 0)
(0.15 0.08 0)
(0.1666666667 0.08 0)
(0.1833333333 0.08 0)
(0.2 0.08 0)
(0.2166666667 0.08 0)
(0.2333333333 0.08 0)
(0.25 0.08 0)
(0.2666666667 0.08 0)
(0.2833333333 0.08 0)
(0.3 0.08 0)
(0.3166666667 0.08 0)
(0.3333333333 0.08 0)
(0.35 0.08 0)
(0.3666666667 0.08 0)
(0.3833333333 0.08 0)
(0.4 0.08 0)
(0.4166666667 0.08 0)
(0.4333333333 0.08 0)
(0.45 0.08 0)
(0.4666666667 0.08 0)
(0.4833333333 0.08 0)
(0.5 0.08 0)
(0 0.09 0)
(0.01666666667 0.09 0)
(0.03333333333 0.09 0)
(0.05 0.09 0)
(0.06666666667 0.09 0)
(0.08333333333 0.09 0)
(0.1 0.09 0)
(0.1166666667 0.09 0)
(0.1333333333 0.09 0)
(0.15 0.09 0)
(0.1666666667 0.09 0)
(0.1833333333 0.09 0)
(0.2 0.09 0)
(0.2166666667 0.09 0)
(0.2333333333 0.09 0)
(0.25 0.09 0)
(0.2666666667 0.09 0)
(0.2833333333 0.09 0)
(0.3 0.09 0)
(0.3166666667 0.09 0)
(0.3333333333 0.09 0)
(0.35 0.09 0)
(0.3666666667 0.09 0)
(0.3833333333 0.09 0)
(0.4 0.09 0)
(0.4166666667 0.09 0)
(0.4333333333 0.09 0)
(0.45 0.09 0)
(0.4666666667 0.09 0)
(0.4833333333 0.09 0)
(0.5 0.09 0)
(0 0.1 0)
(0.01666666667 0.1 0)
(0.03333333333 0.1 0)
(0.05 0.1 0)
(0.06666666667 0.1 0)
(0.08333333333 0.1 0)
(0.1 0.1 0)
(0.1166666667 0.1 0)
(0.1333333333 0.1 0)
(0.15 0.1 0)
(0.1666666667 0.1 0)
(0.1833333333 0.1 0)
(0.2 0.1 0)
(0.2166666667 0.1 0)
(0.2333333333 0.1 0)
(0.25 0.1 0)
(0.2666666667 0.1 0)
(0.2833333333 0.1 0)
(0.3 0.1 0)
(0.3166666667 0.1 0)
(0.3333333333 0.1 0)
(0.35 0.1 0)
(0.3666666667 0.1 0)
(0.3833333333 0.1 0)
(0.4 0.1 0)
(0.4166666667 0.1 0)
(0.4333333333 0.1 0)
(0.45 0.1 0)
(0.4666666667 0.1 0)
(0.4833333333 0.1 0)
(0.5 0.1 0)
(0 0 0.01)
(0.01666666667 0 0.01)
(0.03333333333 0 0.01)
(0.05 0 0.01)
(0.06666666667 0 0.01)
(0.08333333333 0 0.01)
(0.1 0 0.01)
(0.1166666667 0 0.01)
(0.1333333333 0 0.01)
(0.15 0 0.01)
(0.1666666667 0 0.01)
(0.1833333333 0 0.01)
(0.2 0 0.01)
(0.2166666667 0 0.01)
(0.2333333333 0 0.01)
(0.25 0 0.01)
(0.2666666667 0 0.01)
(0.2833333333 0 0.01)
(0.3 0 0.01)
(0.3166666667 0 0.01)
(0.3333333333 0 0.01)
(0.35 0 0.01)
(0.3666666667 0 0.01)
(0.3833333333 0 0.01)
(0.4 0 0.01)
(0.4166666667 0 0.01)
(0.4333333333 0 0.01)
(0.45 0 0.01)
(0.4666666667 0 0.01)
(0.4833333333 0 0.01)
(0.5 0 0.01)
(0 0.01 0.01)
(0.01666666667 0.01 0.01)
(0.03333333333 0.01 0.01)
(0.05 0.01 0.01)
(0.06666666667 0.01 0.01)
(0.08333333333 0.01 0.01)
(0.1 0.01 0.01)
(0.1166666667 0.01 0.01)
(0.1333333333 0.01 0.01)
(0.15 0.01 0.01)
(0.1666666667 0.01 0.01)
(0.1833333333 0.01 0.01)
(0.2 0.01 0.01)
(0.2166666667 0.01 0.01)
(0.2333333333 0.01 0.01)
(0.25 0.01 0.01)
(0.2666666667 0.01 0.01)
(0.2833333333 0.01 0.01)
(0.3 0.01 0.01)
(0.3166666667 0.01 0.01)
(0.3333333333 0.01 0.01)
(0.35 0.01 0.01)
(0.3666666667 0.01 0.01)
(0.3833333333 0.01 0.01)
(0.4 0.01 0.01)
(0.4166666667 0.01 0.01)
(0.4333333333 0.01 0.01)
(0.45 0.01 0.01)
(0.4666666667 0.01 0.01)
(0.4833333333 0.01 0.01)
(0.5 0.01 0.01)
(0 0.02 0.01)
(0.01666666667 0.02 0.01)
(0.03333333333 0.02 0.01)
(0.05 0.02 0.01)
(0.06666666667 0.02 0.01)
(0.08333333333 0.02 0.01)
(0.1 0.02 0.01)
(0.1166666667 0.02 0.01)
(0.1333333333 0.02 0.01)
(0.15 0.02 0.01)
(0.1666666667 0.02 0.01)
(0.1833333333 0.02 0.01)
(0.2 0.02 0.01)
(0.2166666667 0.02 0.01)
(0.2333333333 0.02 0.01)
(0.25 0.02 0.01)
(0.2666666667 0.02 0.01)
(0.2833333333 0.02 0.01)
(0.3 0.02 0.01)
(0.3166666667 0.02 0.01)
(0.3333333333 0.02 0.01)
(0.35 0.02 0.01)
(0.3666666667 0.02 0.01)
(0.3833333333 0.02 0.01)
(0.4 0.02 0.01)
(0.4166666667 0.02 0.01)
(0.4333333333 0.02 0.01)
(0.45 0.02 0.01)
(0.4666666667 0.02 0.01)
(0.4833333333 0.02 0.01)
(0.5 0.02 0.01)
(0 0.03 0.01)
(0.01666666667 0.03 0.01)
(0.03333333333 0.03 0.01)
(0.05 0.03 0.01)
(0.06666666667 0.03 0.01)
(0.08333333333 0.03 0.01)
(0.1 0.03 0.01)
(0.1166666667 0.03 0.01)
(0.1333333333 0.03 0.01)
(0.15 0.03 0.01)
(0.1666666667 0.03 0.01)
(0.1833333333 0.03 0.01)
(0.2 0.03 0.01)
(0.2166666667 0.03 0.01)
(0.2333333333 0.03 0.01)
(0.25 0.03 0.01)
(0.2666666667 0.03 0.01)
(0.2833333333 0.03 0.01)
(0.3 0.03 0.01)
(0.3166666667 0.03 0.01)
(0.3333333333 0.03 0.01)
(0.35 0.03 0.01)
(0.3666666667 0.03 0.01)
(0.3833333333 0.03 0.01)
(0.4 0.03 0.01)
(0.4166666667 0.03 0.01)
(0.4333333333 0.03 0.01)
(0.45 0.03 0.01)
(0.4666666667 0.03 0.01)
(0.4833333333 0.03 0.01)
(0.5 0.03 0.01)
(0 0.04 0.01)
(0.01666666667 0.04 0.01)
(0.03333333333 0.04 0.01)
(0.05 0.04 0.01)
(0.06666666667 0.04 0.01)
(0.08333333333 0.04 0.01)
(0.1 0.04 0.01)
(0.1166666667 0.04 0.01)
(0.1333333333 0.04 0.01)
(0.15 0.04 0.01)
(0.1666666667 0.04 0.01)
(0.1833333333 0.04 0.01)
(0.2 0.04 0.01)
(0.2166666667 0.04 0.01)
(0.2333333333 0.04 0.01)
(0.25 0.04 0.01)
(0.2666666667 0.04 0.01)
(0.2833333333 0.04 0.01)
(0.3 0.04 0.01)
(0.3166666667 0.04 0.01)
(0.3333333333 0.04 0.01)
(0.35 0.04 0.01)
(0.3666666667 0.04 0.01)
(0.3833333333 0.04 0.01)
(0.4 0.04 0.01)
(0.4166666667 0.04 0.01)
(0.4333333333 0.04 0.01)
(0.45 0.04 0.01)
(0.4666666667 0.04 0.01)
(0.4833333333 0.04 0.01)
(0.5 0.04 0.01)
(0 0.05 0.01)
(0.01666666667 0.05 0.01)
(0.03333333333 0.05 0.01)
(0.05 0.05 0.01)
(0.06666666667 0.05 0.01)
(0.08333333333 0.05 0.01)
(0.1 0.05 0.01)
(0.1166666667 0.05 0.01)
(0.1333333333 0.05 0.01)
(0.15 0.05 0.01)
(0.1666666667 0.05 0.01)
(0.1833333333 0.05 0.01)
(0.2 0.05 0.01)
(0.2166666667 0.05 0.01)
(0.2333333333 0.05 0.01)
(0.25 0.05 0.01)
(0.2666666667 0.05 0.01)
(0.2833333333 0.05 0.01)
(0.3 0.05 0.01)
(0.3166666667 0.05 0.01)
(0.3333333333 0.05 0.01)
(0.35 0.05 0.01)
(0.3666666667 0.05 0.01)
(0.3833333333 0.05 0.01)
(0.4 0.05 0.01)
(0.4166666667 0.05 0.01)
(0.4333333333 0.05 0.01)
(0.45 0.05 0.01)
(0.4666666667 0.05 0.01)
(0.4833333333 0.05 0.01)
(0.5 0.05 0.01)
(0 0.06 0.01)
(0.01666666667 0.06 0.01)
(0.03333333333 0.06 0.01)
(0.05 0.06 0.01)
(0.06666666667 0.06 0.01)
(0.08333333333 0.06 0.01)
(0.1 0.06 0.01)
(0.1166666667 0.06 0.01)
(0.1333333333 0.06 0.01)
(0.15 0.06 0.01)
(0.1666666667 0.06 0.01)
(0.1833333333 0.06 0.01)
(0.2 0.06 0.01)
(0.2166666667 0.06 0.01)
(0.2333333333 0.06 0.01)
(0.25 0.06 0.01)
(0.2666666667 0.06 0.01)
(0.2833333333 0.06 0.01)
(0.3 0.06 0.01)
(0.3166666667 0.06 0.01)
(0.3333333333 0.06 0.01)
(0.35 0.06 0.01)
(0.3666666667 0.06 0.01)
(0.3833333333 0.06 0.01)
(0.4 0.06 0.01)
(0.4166666667 0.06 0.01)
(0.4333333333 0.06 0.01)
(0.45 0.06 0.01)
(0.4666666667 0.06 0.01)
(0.4833333333 0.06 0.01)
(0.5 0.06 0.01)
(0 0.07 0.01)
(0.01666666667 0.07 0.01)
(0.03333333333 0.07 0.01)
(0.05 0.07 0.01)
(0.06666666667 0.07 0.01)
(0.08333333333 0.07 0.01)
(0.1 0.07 0.01)
(0.1166666667 0.07 0.01)
(0.1333333333 0.07 0.01)
(0.15 0.07 0.01)
(0.1666666667 0.07 0.01)
(0.1833333333 0.07 0.01)
(0.2 0.07 0.01)
(0.2166666667 0.07 0.01)
(0.2333333333 0.07 0.01)
(0.25 0.07 0.01)
(0.2666666667 0.07 0.01)
(0.2833333333 0.07 0.01)
(0.3 0.07 0.01)
(0.3166666667 0.07 0.01)
(0.3333333333 0.07 0.01)
(0.35 0.07 0.01)
(0.3666666667 0.07 0.01)
(0.3833333333 0.07 0.01)
(0.4 0.07 0.01)
(0.4166666667 0.07 0.01)
(0.4333333333 0.07 0.01)
(0.45 0.07 0.01)
(0.4666666667 0.07 0.01)
(0.4833333333 0.07 0.01)
(0.5 0.07 0.01)
(0 0.08 0.01)
(0.01666666667 0.08 0.01)
(0.03333333333 0.08 0.01)
(0.05 0.08 0.01)
(0.06666666667 0.08 0.01)
(0.08333333333 0.08 0.01)
(0.1 0.08 0.01)
(0.1166666667 0.08 0.01)
(0.1333333333 0.08 0.01)
(0.15 0.08 0.01)
(0.1666666667 0.08 0.01)
(0.1833333333 0.08 0.01)
(0.2 0.08 0.01)
(0.2166666667 0.08 0.01)
(0.2333333333 0.08 0.01)
(0.25 0.08 0.01)
(0.2666666667 0.08 0.01)
(0.2833333333 0.08 0.01)
(0.3 0.08 0.01)
(0.3166666667 0.08 0.01)
(0.3333333333 0.08 0.01)
(0.35 0.08 0.01)
(0.3666666667 0.08 0.01)
(0.3833333333 0.08 0.01)
(0.4 0.08 0.01)
(0.4166666667 0.08 0.01)
(0.4333333333 0.08 0.01)
(0.45 0.08 0.01)
(0.4666666667 0.08 0.01)
(0.4833333333 0.08 0.01)
(0.5 0.08 0.01)
(0 0.09 0.01)
(0.01666666667 0.09 0.01)
(0.03333333333 0.09 0.01)
(0.05 0.09 0.01)
(0.06666666667 0.09 0.01)
(0.08333333333 0.09 0.01)
(0.1 0.09 0.01)
(0.1166666667 0.09 0.01)
(0.1333333333 0.09 0.01)
(0.15 0.09 0.01)
(0.1666666667 0.09 0.01)
(0.1833333333 0.09 0.01)
(0.2 0.09 0.01)
(0.2166666667 0.09 0.01)
(0.2333333333 0.09 0.01)
(0.25 0.09 0.01)
(0.2666666667 0.09 0.01)
(0.2833333333 0.09 0.01)
(0.3 0.09 0.01)
(0.3166666667 0.09 0.01)
(0.3333333333 0.09 0.01)
(0.35 0.09 0.01)
(0.3666666667 0.09 0.01)
(0.3833333333 0.09 0.01)
(0.4 0.09 0.01)
(0.4166666667 0.09 0.01)
(0.4333333333 0.09 0.01)
(0.45 0.09 0.01)
(0.4666666667 0.09 0.01)
(0.4833333333 0.09 0.01)
(0.5 0.09 0.01)
(0 0.1 0.01)
(0.01666666667 0.1 0.01)
(0.03333333333 0.1 0.01)
(0.05 0.1 0.01)
(0.06666666667 0.1 0.01)
(0.08333333333 0.1 0.01)
(0.1 0.1 0.01)
(0.1166666667 0.1 0.01)
(0.1333333333 0.1 0.01)
(0.15 0.1 0.01)
(0.1666666667 0.1 0.01)
(0.1833333333 0.1 0.01)
(0.2 0.1 0.01)
(0.2166666667 0.1 0.01)
(0.2333333333 0.1 0.01)
(0.25 0.1 0.01)
(0.2666666667 0.1 0.01)
(0.2833333333 0.1 0.01)
(0.3 0.1 0.01)
(0.3166666667 0.1 0.01)
(0.3333333333 0.1 0.01)
(0.35 0.1 0.01)
(0.3666666667 0.1 0.01)
(0.3833333333 0.1 0.01)
(0.4 0.1 0.01)
(0.4166666667 0.1 0.01)
(0.4333333333 0.1 0.01)
(0.45 0.1 0.01)
(0.4666666667 0.1 0.01)
(0.4833333333 0.1 0.01)
(0.5 0.1 0.01)
(1.5 0.03 0)
(1.516666667 0.03 0)
(1.533333333 0.03 0)
(1.55 0.03 0)
(1.566666667 0.03 0)
(1.583333333 0.03 0)
(1.6 0.03 0)
(1.616666667 0.03 0)
(1.633333333 0.03 0)
(1.65 0.03 0)
(1.666666667 0.03 0)
(1.683333333 0.03 0)
(1.7 0.03 0)
(1.716666667 0.03 0)
(1.733333333 0.03 0)
(1.75 0.03 0)
(1.766666667 0.03 0)
(1.783333333 0.03 0)
(1.8 0.03 0)
(1.816666667 0.03 0)
(1.833333333 0.03 0)
(1.85 0.03 0)
(1.866666667 0.03 0)
(1.883333333 0.03 0)
(1.9 0.03 0)
(1.916666667 0.03 0)
(1.933333333 0.03 0)
(1.95 0.03 0)
(1.966666667 0.03 0)
(1.983333333 0.03 0)
(2 0.03 0)
(1.5 0.034 0)
(1.516666667 0.034 0)
(1.533333333 0.034 0)
(1.55 0.034 0)
(1.566666667 0.034 0)
(1.583333333 0.034 0)
(1.6 0.034 0)
(1.616666667 0.034 0)
(1.633333333 0.034 0)
(1.65 0.034 0)
(1.666666667 0.034 0)
(1.683333333 0.034 0)
(1.7 0.034 0)
(1.716666667 0.034 0)
(1.733333333 0.034 0)
(1.75 0.034 0)
(1.766666667 0.034 0)
(1.783333333 0.034 0)
(1.8 0.034 0)
(1.816666667 0.034 0)
(1.833333333 0.034 0)
(1.85 0.034 0)
(1.866666667 0.034 0)
(1.883333333 0.034 0)
(1.9 0.034 0)
(1.916666667 0.034 0)
(1.933333333 0.034 0)
(1.95 0.034 0)
(1.966666667 0.034 0)
(1.983333333 0.034 0)
(2 0.034 0)
(1.5 0.038 0)
(1.516666667 0.038 0)
(1.533333333 0.038 0)
(1.55 0.038 0)
(1.566666667 0.038 0)
(1.583333333 0.038 0)
(1.6 0.038 0)
(1.616666667 0.038 0)
(1.633333333 0.038 0)
(1.65 0.038 0)
(1.666666667 0.038 0)
(1.683333333 0.038 0)
(1.7 0.038 0)
(1.716666667 0.038 0)
(1.733333333 0.038 0)
(1.75 0.038 0)
(1.766666667 0.038 0)
(1.783333333 0.038 0)
(1.8 0.038 0)
(1.816666667 0.038 0)
(1.833333333 0.038 0)
(1.85 0.038 0)
(1.866666667 0.038 0)
(1.883333333 0.038 0)
(1.9 0.038 0)
(1.916666667 0.038 0)
(1.933333333 0.038 0)
(1.95 0.038 0)
(1.966666667 0.038 0)
(1.983333333 0.038 0)
(2 0.038 0)
(1.5 0.042 0)
(1.516666667 0.042 0)
(1.533333333 0.042 0)
(1.55 0.042 0)
(1.566666667 0.042 0)
(1.583333333 0.042 0)
(1.6 0.042 0)
(1.616666667 0.042 0)
(1.633333333 0.042 0)
(1.65 0.042 0)
(1.666666667 0.042 0)
(1.683333333 0.042 0)
(1.7 0.042 0)
(1.716666667 0.042 0)
(1.733333333 0.042 0)
(1.75 0.042 0)
(1.766666667 0.042 0)
(1.783333333 0.042 0)
(1.8 0.042 0)
(1.816666667 0.042 0)
(1.833333333 0.042 0)
(1.85 0.042 0)
(1.866666667 0.042 0)
(1.883333333 0.042 0)
(1.9 0.042 0)
(1.916666667 0.042 0)
(1.933333333 0.042 0)
(1.95 0.042 0)
(1.966666667 0.042 0)
(1.983333333 0.042 0)
(2 0.042 0)
(1.5 0.046 0)
(1.516666667 0.046 0)
(1.533333333 0.046 0)
(1.55 0.046 0)
(1.566666667 0.046 0)
(1.583333333 0.046 0)
(1.6 0.046 0)
(1.616666667 0.046 0)
(1.633333333 0.046 0)
(1.65 0.046 0)
(1.666666667 0.046 0)
(1.683333333 0.046 0)
(1.7 0.046 0)
(1.716666667 0.046 0)
(1.733333333 0.046 0)
(1.75 0.046 0)
(1.766666667 0.046 0)
(1.783333333 0.046 0)
(1.8 0.046 0)
(1.816666667 0.046 0)
(1.833333333 0.046 0)
(1.85 0.046 0)
(1.866666667 0.046 0)
(1.883333333 0.046 0)
(1.9 0.046 0)
(1.916666667 0.046 0)
(1.933333333 0.046 0)
(1.95 0.046 0)
(1.966666667 0.046 0)
(1.983333333 0.046 0)
(2 0.046 0)
(1.5 0.05 0)
(1.516666667 0.05 0)
(1.533333333 0.05 0)
(1.55 0.05 0)
(1.566666667 0.05 0)
(1.583333333 0.05 0)
(1.6 0.05 0)
(1.616666667 0.05 0)
(1.633333333 0.05 0)
(1.65 0.05 0)
(1.666666667 0.05 0)
(1.683333333 0.05 0)
(1.7 0.05 0)
(1.716666667 0.05 0)
(1.733333333 0.05 0)
(1.75 0.05 0)
(1.766666667 0.05 0)
(1.783333333 0.05 0)
(1.8 0.05 0)
(1.816666667 0.05 0)
(1.833333333 0.05 0)
(1.85 0.05 0)
(1.866666667 0.05 0)
(1.883333333 0.05 0)
(1.9 0.05 0)
(1.916666667 0.05 0)
(1.933333333 0.05 0)
(1.95 0.05 0)
(1.966666667 0.05 0)
(1.983333333 0.05 0)
(2 0.05 0)
(1.5 0.054 0)
(1.516666667 0.054 0)
(1.533333333 0.054 0)
(1.55 0.054 0)
(1.566666667 0.054 0)
(1.583333333 0.054 0)
(1.6 0.054 0)
(1.616666667 0.054 0)
(1.633333333 0.054 0)
(1.65 0.054 0)
(1.666666667 0.054 0)
(1.683333333 0.054 0)
(1.7 0.054 0)
(1.716666667 0.054 0)
(1.733333333 0.054 0)
(1.75 0.054 0)
(1.766666667 0.054 0)
(1.783333333 0.054 0)
(1.8 0.054 0)
(1.816666667 0.054 0)
(1.833333333 0.054 0)
(1.85 0.054 0)
(1.866666667 0.054 0)
(1.883333333 0.054 0)
(1.9 0.054 0)
(1.916666667 0.054 0)
(1.933333333 0.054 0)
(1.95 0.054 0)
(1.966666667 0.054 0)
(1.983333333 0.054 0)
(2 0.054 0)
(1.5 0.058 0)
(1.516666667 0.058 0)
(1.533333333 0.058 0)
(1.55 0.058 0)
(1.566666667 0.058 0)
(1.583333333 0.058 0)
(1.6 0.058 0)
(1.616666667 0.058 0)
(1.633333333 0.058 0)
(1.65 0.058 0)
(1.666666667 0.058 0)
(1.683333333 0.058 0)
(1.7 0.058 0)
(1.716666667 0.058 0)
(1.733333333 0.058 0)
(1.75 0.058 0)
(1.766666667 0.058 0)
(1.783333333 0.058 0)
(1.8 0.058 0)
(1.816666667 0.058 0)
(1.833333333 0.058 0)
(1.85 0.058 0)
(1.866666667 0.058 0)
(1.883333333 0.058 0)
(1.9 0.058 0)
(1.916666667 0.058 0)
(1.933333333 0.058 0)
(1.95 0.058 0)
(1.966666667 0.058 0)
(1.983333333 0.058 0)
(2 0.058 0)
(1.5 0.062 0)
(1.516666667 0.062 0)
(1.533333333 0.062 0)
(1.55 0.062 0)
(1.566666667 0.062 0)
(1.583333333 0.062 0)
(1.6 0.062 0)
(1.616666667 0.062 0)
(1.633333333 0.062 0)
(1.65 0.062 0)
(1.666666667 0.062 0)
(1.683333333 0.062 0)
(1.7 0.062 0)
(1.716666667 0.062 0)
(1.733333333 0.062 0)
(1.75 0.062 0)
(1.766666667 0.062 0)
(1.783333333 0.062 0)
(1.8 0.062 0)
(1.816666667 0.062 0)
(1.833333333 0.062 0)
(1.85 0.062 0)
(1.866666667 0.062 0)
(1.883333333 0.062 0)
(1.9 0.062 0)
(1.916666667 0.062 0)
(1.933333333 0.062 0)
(1.95 0.062 0)
(1.966666667 0.062 0)
(1.983333333 0.062 0)
(2 0.062 0)
(1.5 0.066 0)
(1.516666667 0.066 0)
(1.533333333 0.066 0)
(1.55 0.066 0)
(1.566666667 0.066 0)
(1.583333333 0.066 0)
(1.6 0.066 0)
(1.616666667 0.066 0)
(1.633333333 0.066 0)
(1.65 0.066 0)
(1.666666667 0.066 0)
(1.683333333 0.066 0)
(1.7 0.066 0)
(1.716666667 0.066 0)
(1.733333333 0.066 0)
(1.75 0.066 0)
(1.766666667 0.066 0)
(1.783333333 0.066 0)
(1.8 0.066 0)
(1.816666667 0.066 0)
(1.833333333 0.066 0)
(1.85 0.066 0)
(1.866666667 0.066 0)
(1.883333333 0.066 0)
(1.9 0.066 0)
(1.916666667 0.066 0)
(1.933333333 0.066 0)
(1.95 0.066 0)
(1.966666667 0.066 0)
(1.983333333 0.066 0)
(2 0.066 0)
(1.5 0.07 0)
(1.516666667 0.07 0)
(1.533333333 0.07 0)
(1.55 0.07 0)
(1.566666667 0.07 0)
(1.583333333 0.07 0)
(1.6 0.07 0)
(1.616666667 0.07 0)
(1.633333333 0.07 0)
(1.65 0.07 0)
(1.666666667 0.07 0)
(1.683333333 0.07 0)
(1.7 0.07 0)
(1.716666667 0.07 0)
(1.733333333 0.07 0)
(1.75 0.07 0)
(1.766666667 0.07 0)
(1.783333333 0.07 0)
(1.8 0.07 0)
(1.816666667 0.07 0)
(1.833333333 0.07 0)
(1.85 0.07 0)
(1.866666667 0.07 0)
(1.883333333 0.07 0)
(1.9 0.07 0)
(1.916666667 0.07 0)
(1.933333333 0.07 0)
(1.95 0.07 0)
(1.966666667 0.07 0)
(1.983333333 0.07 0)
(2 0.07 0)
(1.5 0.03 0.01)
(1.516666667 0.03 0.01)
(1.533333333 0.03 0.01)
(1.55 0.03 0.01)
(1.566666667 0.03 0.01)
(1.583333333 0.03 0.01)
(1.6 0.03 0.01)
(1.616666667 0.03 0.01)
(1.633333333 0.03 0.01)
(1.65 0.03 0.01)
(1.666666667 0.03 0.01)
(1.683333333 0.03 0.01)
(1.7 0.03 0.01)
(1.716666667 0.03 0.01)
(1.733333333 0.03 0.01)
(1.75 0.03 0.01)
(1.766666667 0.03 0.01)
(1.783333333 0.03 0.01)
(1.8 0.03 0.01)
(1.816666667 0.03 0.01)
(1.833333333 0.03 0.01)
(1.85 0.03 0.01)
(1.866666667 0.03 0.01)
(1.883333333 0.03 0.01)
(1.9 0.03 0.01)
(1.916666667 0.03 0.01)
(1.933333333 0.03 0.01)
(1.95 0.03 0.01)
(1.966666667 0.03 0.01)
(1.983333333 0.03 0.01)
(2 0.03 0.01)
(1.5 0.034 0.01)
(1.516666667 0.034 0.01)
(1.533333333 0.034 0.01)
(1.55 0.034 0.01)
(1.566666667 0.034 0.01)
(1.583333333 0.034 0.01)
(1.6 0.034 0.01)
(1.616666667 0.034 0.01)
(1.633333333 0.034 0.01)
(1.65 0.034 0.01)
(1.666666667 0.034 0.01)
(1.683333333 0.034 0.01)
(1.7 0.034 0.01)
(1.716666667 0.034 0.01)
(1.733333333 0.034 0.01)
(1.75 0.034 0.01)
(1.766666667 0.034 0.01)
(1.783333333 0.034 0.01)
(1.8 0.034 0.01)
(1.816666667 0.034 0.01)
(1.833333333 0.034 0.01)
(1.85 0.034 0.01)
(1.866666667 0.034 0.01)
(1.883333333 0.034 0.01)
(1.9 0.034 0.01)
(1.916666667 0.034 0.01)
(1.933333333 0.034 0.01)
(1.95 0.034 0.01)
(1.966666667 0.034 0.01)
(1.983333333 0.034 0.01)
(2 0.034 0.01)
(1.5 0.038 0.01)
(1.516666667 0.038 0.01)
(1.533333333 0.038 0.01)
(1.55 0.038 0.01)
(1.566666667 0.038 0.01)
(1.583333333 0.038 0.01)
(1.6 0.038 0.01)
(1.616666667 0.038 0.01)
(1.633333333 0.038 0.01)
(1.65 0.038 0.01)
(1.666666667 0.038 0.01)
(1.683333333 0.038 0.01)
(1.7 0.038 0.01)
(1.716666667 0.038 0.01)
(1.733333333 0.038 0.01)
(1.75 0.038 0.01)
(1.766666667 0.038 0.01)
(1.783333333 0.038 0.01)
(1.8 0.038 0.01)
(1.816666667 0.038 0.01)
(1.833333333 0.038 0.01)
(1.85 0.038 0.01)
(1.866666667 0.038 0.01)
(1.883333333 0.038 0.01)
(1.9 0.038 0.01)
(1.916666667 0.038 0.01)
(1.933333333 0.038 0.01)
(1.95 0.038 0.01)
(1.966666667 0.038 0.01)
(1.983333333 0.038 0.01)
(2 0.038 0.01)
(1.5 0.042 0.01)
(1.516666667 0.042 0.01)
(1.533333333 0.042 0.01)
(1.55 0.042 0.01)
(1.566666667 0.042 0.01)
(1.583333333 0.042 0.01)
(1.6 0.042 0.01)
(1.616666667 0.042 0.01)
(1.633333333 0.042 0.01)
(1.65 0.042 0.01)
(1.666666667 0.042 0.01)
(1.683333333 0.042 0.01)
(1.7 0.042 0.01)
(1.716666667 0.042 0.01)
(1.733333333 0.042 0.01)
(1.75 0.042 0.01)
(1.766666667 0.042 0.01)
(1.783333333 0.042 0.01)
(1.8 0.042 0.01)
(1.816666667 0.042 0.01)
(1.833333333 0.042 0.01)
(1.85 0.042 0.01)
(1.866666667 0.042 0.01)
(1.883333333 0.042 0.01)
(1.9 0.042 0.01)
(1.916666667 0.042 0.01)
(1.933333333 0.042 0.01)
(1.95 0.042 0.01)
(1.966666667 0.042 0.01)
(1.983333333 0.042 0.01)
(2 0.042 0.01)
(1.5 0.046 0.01)
(1.516666667 0.046 0.01)
(1.533333333 0.046 0.01)
(1.55 0.046 0.01)
(1.566666667 0.046 0.01)
(1.583333333 0.046 0.01)
(1.6 0.046 0.01)
(1.616666667 0.046 0.01)
(1.633333333 0.046 0.01)
(1.65 0.046 0.01)
(1.666666667 0.046 0.01)
(1.683333333 0.046 0.01)
(1.7 0.046 0.01)
(1.716666667 0.046 0.01)
(1.733333333 0.046 0.01)
(1.75 0.046 0.01)
(1.766666667 0.046 0.01)
(1.783333333 0.046 0.01)
(1.8 0.046 0.01)
(1.816666667 0.046 0.01)
(1.833333333 0.046 0.01)
(1.85 0.046 0.01)
(1.866666667 0.046 0.01)
(1.883333333 0.046 0.01)
(1.9 0.046 0.01)
(1.916666667 0.046 0.01)
(1.933333333 0.046 0.01)
(1.95 0.046 0.01)
(1.966666667 0.046 0.01)
(1.983333333 0.046 0.01)
(2 0.046 0.01)
(1.5 0.05 0.01)
(1.516666667 0.05 0.01)
(1.533333333 0.05 0.01)
(1.55 0.05 0.01)
(1.566666667 0.05 0.01)
(1.583333333 0.05 0.01)
(1.6 0.05 0.01)
(1.616666667 0.05 0.01)
(1.633333333 0.05 0.01)
(1.65 0.05 0.01)
(1.666666667 0.05 0.01)
(1.683333333 0.05 0.01)
(1.7 0.05 0.01)
(1.716666667 0.05 0.01)
(1.733333333 0.05 0.01)
(1.75 0.05 0.01)
(1.766666667 0.05 0.01)
(1.783333333 0.05 0.01)
(1.8 0.05 0.01)
(1.816666667 0.05 0.01)
(1.833333333 0.05 0.01)
(1.85 0.05 0.01)
(1.866666667 0.05 0.01)
(1.883333333 0.05 0.01)
(1.9 0.05 0.01)
(1.916666667 0.05 0.01)
(1.933333333 0.05 0.01)
(1.95 0.05 0.01)
(1.966666667 0.05 0.01)
(1.983333333 0.05 0.01)
(2 0.05 0.01)
(1.5 0.054 0.01)
(1.516666667 0.054 0.01)
(1.533333333 0.054 0.01)
(1.55 0.054 0.01)
(1.566666667 0.054 0.01)
(1.583333333 0.054 0.01)
(1.6 0.054 0.01)
(1.616666667 0.054 0.01)
(1.633333333 0.054 0.01)
(1.65 0.054 0.01)
(1.666666667 0.054 0.01)
(1.683333333 0.054 0.01)
(1.7 0.054 0.01)
(1.716666667 0.054 0.01)
(1.733333333 0.054 0.01)
(1.75 0.054 0.01)
(1.766666667 0.054 0.01)
(1.783333333 0.054 0.01)
(1.8 0.054 0.01)
(1.816666667 0.054 0.01)
(1.833333333 0.054 0.01)
(1.85 0.054 0.01)
(1.866666667 0.054 0.01)
(1.883333333 0.054 0.01)
(1.9 0.054 0.01)
(1.916666667 0.054 0.01)
(1.933333333 0.054 0.01)
(1.95 0.054 0.01)
(1.966666667 0.054 0.01)
(1.983333333 0.054 0.01)
(2 0.054 0.01)
(1.5 0.058 0.01)
(1.516666667 0.058 0.01)
(1.533333333 0.058 0.01)
(1.55 0.058 0.01)
(1.566666667 0.058 0.01)
(1.583333333 0.058 0.01)
(1.6 0.058 0.01)
(1.616666667 0.058 0.01)
(1.633333333 0.058 0.01)
(1.65 0.058 0.01)
(1.666666667 0.058 0.01)
(1.683333333 0.058 0.01)
(1.7 0.058 0.01)
(1.716666667 0.058 0.01)
(1.733333333 0.058 0.01)
(1.75 0.058 0.01)
(1.766666667 0.058 0.01)
(1.783333333 0.058 0.01)
(1.8 0.058 0.01)
(1.816666667 0.058 0.01)
(1.833333333 0.058 0.01)
(1.85 0.058 0.01)
(1.866666667 0.058 0.01)
(1.883333333 0.058 0.01)
(1.9 0.058 0.01)
(1.916666667 0.058 0.01)
(1.933333333 0.058 0.01)
(1.95 0.058 0.01)
(1.966666667 0.058 0.01)
(1.983333333 0.058 0.01)
(2 0.058 0.01)
(1.5 0.062 0.01)
(1.516666667 0.062 0.01)
(1.533333333 0.062 0.01)
(1.55 0.062 0.01)
(1.566666667 0.062 0.01)
(1.583333333 0.062 0.01)
(1.6 0.062 0.01)
(1.616666667 0.062 0.01)
(1.633333333 0.062 0.01)
(1.65 0.062 0.01)
(1.666666667 0.062 0.01)
(1.683333333 0.062 0.01)
(1.7 0.062 0.01)
(1.716666667 0.062 0.01)
(1.733333333 0.062 0.01)
(1.75 0.062 0.01)
(1.766666667 0.062 0.01)
(1.783333333 0.062 0.01)
(1.8 0.062 0.01)
(1.816666667 0.062 0.01)
(1.833333333 0.062 0.01)
(1.85 0.062 0.01)
(1.866666667 0.062 0.01)
(1.883333333 0.062 0.01)
(1.9 0.062 0.01)
(1.916666667 0.062 0.01)
(1.933333333 0.062 0.01)
(1.95 0.062 0.01)
(1.966666667 0.062 0.01)
(1.983333333 0.062 0.01)
(2 0.062 0.01)
(1.5 0.066 0.01)
(1.516666667 0.066 0.01)
(1.533333333 0.066 0.01)
(1.55 0.066 0.01)
(1.566666667 0.066 0.01)
(1.583333333 0.066 0.01)
(1.6 0.066 0.01)
(1.616666667 0.066 0.01)
(1.633333333 0.066 0.01)
(1.65 0.066 0.01)
(1.666666667 0.066 0.01)
(1.683333333 0.066 0.01)
(1.7 0.066 0.01)
(1.716666667 0.066 0.01)
(1.733333333 0.066 0.01)
(1.75 0.066 0.01)
(1.766666667 0.066 0.01)
(1.783333333 0.066 0.01)
(1.8 0.066 0.01)
(1.816666667 0.066 0.01)
(1.833333333 0.066 0.01)
(1.85 0.066 0.01)
(1.866666667 0.066 0.01)
(1.883333333 0.066 0.01)
(1.9 0.066 0.01)
(1.916666667 0.066 0.01)
(1.933333333 0.066 0.01)
(1.95 0.066 0.01)
(1.966666667 0.066 0.01)
(1.983333333 0.066 0.01)
(2 0.066 0.01)
(1.5 0.07 0.01)
(1.516666667 0.07 0.01)
(1.533333333 0.07 0.01)
(1.55 0.07 0.01)
(1.566666667 0.07 0.01)
(1.583333333 0.07 0.01)
(1.6 0.07 0.01)
(1.616666667 0.07 0.01)
(1.633333333 0.07 0.01)
(1.65 0.07 0.01)
(1.666666667 0.07 0.01)
(1.683333333 0.07 0.01)
(1.7 0.07 0.01)
(1.716666667 0.07 0.01)
(1.733333333 0.07 0.01)
(1.75 0.07 0.01)
(1.766666667 0.07 0.01)
(1.783333333 0.07 0.01)
(1.8 0.07 0.01)
(1.816666667 0.07 0.01)
(1.833333333 0.07 0.01)
(1.85 0.07 0.01)
(1.866666667 0.07 0.01)
(1.883333333 0.07 0.01)
(1.9 0.07 0.01)
(1.916666667 0.07 0.01)
(1.933333333 0.07 0.01)
(1.95 0.07 0.01)
(1.966666667 0.07 0.01)
(1.983333333 0.07 0.01)
(2 0.07 0.01)
(0.5166666667 0.0005 0)
(0.5333333333 0.001 0)
(0.55 0.0015 0)
(0.5666666667 0.002 0)
(0.5833333333 0.0025 0)
(0.6 0.003 0)
(0.6166666667 0.0035 0)
(0.6333333333 0.004 0)
(0.65 0.0045 0)
(0.6666666667 0.005 0)
(0.6833333333 0.0055 0)
(0.7 0.006 0)
(0.7166666667 0.0065 0)
(0.7333333333 0.007 0)
(0.75 0.0075 0)
(0.7666666667 0.008 0)
(0.7833333333 0.0085 0)
(0.8 0.009 0)
(0.8166666667 0.0095 0)
(0.8333333333 0.01 0)
(0.85 0.0105 0)
(0.8666666667 0.011 0)
(0.8833333333 0.0115 0)
(0.9 0.012 0)
(0.9166666667 0.0125 0)
(0.9333333333 0.013 0)
(0.95 0.0135 0)
(0.9666666667 0.014 0)
(0.9833333333 0.0145 0)
(1 0.015 0)
(1.016666667 0.0155 0)
(1.033333333 0.016 0)
(1.05 0.0165 0)
(1.066666667 0.017 0)
(1.083333333 0.0175 0)
(1.1 0.018 0)
(1.116666667 0.0185 0)
(1.133333333 0.019 0)
(1.15 0.0195 0)
(1.166666667 0.02 0)
(1.183333333 0.0205 0)
(1.2 0.021 0)
(1.216666667 0.0215 0)
(1.233333333 0.022 0)
(1.25 0.0225 0)
(1.266666667 0.023 0)
(1.283333333 0.0235 0)
(1.3 0.024 0)
(1.316666667 0.0245 0)
(1.333333333 0.025 0)
(1.35 0.0255 0)
(1.366666667 0.026 0)
(1.383333333 0.0265 0)
(1.4 0.027 0)
(1.416666667 0.0275 0)
(1.433333333 0.028 0)
(1.45 0.0285 0)
(1.466666667 0.029 0)
(1.483333333 0.0295 0)
(0.5166666667 0.0104 0)
(0.5333333333 0.0108 0)
(0.55 0.0112 0)
(0.5666666667 0.0116 0)
(0.5833333333 0.012 0)
(0.6 0.0124 0)
(0.6166666667 0.0128 0)
(0.6333333333 0.0132 0)
(0.65 0.0136 0)
(0.6666666667 0.014 0)
(0.6833333333 0.0144 0)
(0.7 0.0148 0)
(0.7166666667 0.0152 0)
(0.7333333333 0.0156 0)
(0.75 0.016 0)
(0.7666666667 0.0164 0)
(0.7833333333 0.0168 0)
(0.8 0.0172 0)
(0.8166666667 0.0176 0)
(0.8333333333 0.018 0)
(0.85 0.0184 0)
(0.8666666667 0.0188 0)
(0.8833333333 0.0192 0)
(0.9 0.0196 0)
(0.9166666667 0.02 0)
(0.9333333333 0.0204 0)
(0.95 0.0208 0)
(0.9666666667 0.0212 0)
(0.9833333333 0.0216 0)
(1 0.022 0)
(1.016666667 0.0224 0)
(1.033333333 0.0228 0)
(1.05 0.0232 0)
(1.066666667 0.0236 0)
(1.083333333 0.024 0)
(1.1 0.0244 0)
(1.116666667 0.0248 0)
(1.133333333 0.0252 0)
(1.15 0.0256 0)
(1.166666667 0.026 0)
(1.183333333 0.0264 0)
(1.2 0.0268 0)
(1.216666667 0.0272 0)
(1.233333333 0.0276 0)
(1.25 0.028 0)
(1.266666667 0.0284 0)
(1.283333333 0.0288 0)
(1.3 0.0292 0)
(1.316666667 0.0296 0)
(1.333333333 0.03 0)
(1.35 0.0304 0)
(1.366666667 0.0308 0)
(1.383333333 0.0312 0)
(1.4 0.0316 0)
(1.416666667 0.032 0)
(1.433333333 0.0324 0)
(1.45 0.0328 0)
(1.466666667 0.0332 0)
(1.483333333 0.0336 0)
(0.5166666667 0.0203 0)
(0.5333333333 0.0206 0)
(0.55 0.0209 0)
(0.5666666667 0.0212 0)
(0.5833333333 0.0215 0)
(0.6 0.0218 0)
(0.6166666667 0.0221 0)
(0.6333333333 0.0224 0)
(0.65 0.0227 0)
(0.6666666667 0.023 0)
(0.6833333333 0.0233 0)
(0.7 0.0236 0)
(0.7166666667 0.0239 0)
(0.7333333333 0.0242 0)
(0.75 0.0245 0)
(0.7666666667 0.0248 0)
(0.7833333333 0.0251 0)
(0.8 0.0254 0)
(0.8166666667 0.0257 0)
(0.8333333333 0.026 0)
(0.85 0.0263 0)
(0.8666666667 0.0266 0)
(0.8833333333 0.0269 0)
(0.9 0.0272 0)
(0.9166666667 0.0275 0)
(0.9333333333 0.0278 0)
(0.95 0.0281 0)
(0.9666666667 0.0284 0)
(0.9833333333 0.0287 0)
(1 0.029 0)
(1.016666667 0.0293 0)
(1.033333333 0.0296 0)
(1.05 0.0299 0)
(1.066666667 0.0302 0)
(1.083333333 0.0305 0)
(1.1 0.0308 0)
(1.116666667 0.0311 0)
(1.133333333 0.0314 0)
(1.15 0.0317 0)
(1.166666667 0.032 0)
(1.183333333 0.0323 0)
(1.2 0.0326 0)
(1.216666667 0.0329 0)
(1.233333333 0.0332 0)
(1.25 0.0335 0)
(1.266666667 0.0338 0)
(1.283333333 0.0341 0)
(1.3 0.0344 0)
(1.316666667 0.0347 0)
(1.333333333 0.035 0)
(1.35 0.0353 0)
(1.366666667 0.0356 0)
(1.383333333 0.0359 0)
(1.4 0.0362 0)
(1.416666667 0.0365 0)
(1.433333333 0.0368 0)
(1.45 0.0371 0)
(1.466666667 0.0374 0)
(1.483333333 0.0377 0)
(0.5166666667 0.0302 0)
(0.5333333333 0.0304 0)
(0.55 0.0306 0)
(0.5666666667 0.0308 0)
(0.5833333333 0.031 0)
(0.6 0.0312 0)
(0.6166666667 0.0314 0)
(0.6333333333 0.0316 0)
(0.65 0.0318 0)
(0.6666666667 0.032 0)
(0.6833333333 0.0322 0)
(0.7 0.0324 0)
(0.7166666667 0.0326 0)
(0.7333333333 0.0328 0)
(0.75 0.033 0)
(0.7666666667 0.0332 0)
(0.7833333333 0.0334 0)
(0.8 0.0336 0)
(0.8166666667 0.0338 0)
(0.8333333333 0.034 0)
(0.85 0.0342 0)
(0.8666666667 0.0344 0)
(0.8833333333 0.0346 0)
(0.9 0.0348 0)
(0.9166666667 0.035 0)
(0.9333333333 0.0352 0)
(0.95 0.0354 0)
(0.9666666667 0.0356 0)
(0.9833333333 0.0358 0)
(1 0.036 0)
(1.016666667 0.0362 0)
(1.033333333 0.0364 0)
(1.05 0.0366 0)
(1.066666667 0.0368 0)
(1.083333333 0.037 0)
(1.1 0.0372 0)
(1.116666667 0.0374 0)
(1.133333333 0.0376 0)
(1.15 0.0378 0)
(1.166666667 0.038 0)
(1.183333333 0.0382 0)
(1.2 0.0384 0)
(1.216666667 0.0386 0)
(1.233333333 0.0388 0)
(1.25 0.039 0)
(1.266666667 0.0392 0)
(1.283333333 0.0394 0)
(1.3 0.0396 0)
(1.316666667 0.0398 0)
(1.333333333 0.04 0)
(1.35 0.0402 0)
(1.366666667 0.0404 0)
(1.383333333 0.0406 0)
(1.4 0.0408 0)
(1.416666667 0.041 0)
(1.433333333 0.0412 0)
(1.45 0.0414 0)
(1.466666667 0.0416 0)
(1.483333333 0.0418 0)
(0.5166666667 0.0401 0)
(0.5333333333 0.0402 0)
(0.55 0.0403 0)
(0.5666666667 0.0404 0)
(0.5833333333 0.0405 0)
(0.6 0.0406 0)
(0.6166666667 0.0407 0)
(0.6333333333 0.0408 0)
(0.65 0.0409 0)
(0.6666666667 0.041 0)
(0.6833333333 0.0411 0)
(0.7 0.0412 0)
(0.7166666667 0.0413 0)
(0.7333333333 0.0414 0)
(0.75 0.0415 0)
(0.7666666667 0.0416 0)
(0.7833333333 0.0417 0)
(0.8 0.0418 0)
(0.8166666667 0.0419 0)
(0.8333333333 0.042 0)
(0.85 0.0421 0)
(0.8666666667 0.0422 0)
(0.8833333333 0.0423 0)
(0.9 0.0424 0)
(0.9166666667 0.0425 0)
(0.9333333333 0.0426 0)
(0.95 0.0427 0)
(0.9666666667 0.0428 0)
(0.9833333333 0.0429 0)
(1 0.043 0)
(1.016666667 0.0431 0)
(1.033333333 0.0432 0)
(1.05 0.0433 0)
(1.066666667 0.0434 0)
(1.083333333 0.0435 0)
(1.1 0.0436 0)
(1.116666667 0.0437 0)
(1.133333333 0.0438 0)
(1.15 0.0439 0)
(1.166666667 0.044 0)
(1.183333333 0.0441 0)
(1.2 0.0442 0)
(1.216666667 0.0443 0)
(1.233333333 0.0444 0)
(1.25 0.0445 0)
(1.266666667 0.0446 0)
(1.283333333 0.0447 0)
(1.3 0.0448 0)
(1.316666667 0.0449 0)
(1.333333333 0.045 0)
(1.35 0.0451 0)
(1.366666667 0.0452 0)
(1.383333333 0.0453 0)
(1.4 0.0454 0)
(1.416666667 0.0455 0)
(1.433333333 0.0456 0)
(1.45 0.0457 0)
(1.466666667 0.0458 0)
(1.483333333 0.0459 0)
(0.5166666667 0.05 0)
(0.5333333333 0.05 0)
(0.55 0.05 0)
(0.5666666667 0.05 0)
(0.5833333333 0.05 0)
(0.6 0.05 0)
(0.6166666667 0.05 0)
(0.6333333333 0.05 0)
(0.65 0.05 0)
(0.6666666667 0.05 0)
(0.6833333333 0.05 0)
(0.7 0.05 0)
(0.7166666667 0.05 0)
(0.7333333333 0.05 0)
(0.75 0.05 0)
(0.7666666667 0.05 0)
(0.7833333333 0.05 0)
(0.8 0.05 0)
(0.8166666667 0.05 0)
(0.8333333333 0.05 0)
(0.85 0.05 0)
(0.8666666667 0.05 0)
(0.8833333333 0.05 0)
(0.9 0.05 0)
(0.9166666667 0.05 0)
(0.9333333333 0.05 0)
(0.95 0.05 0)
(0.9666666667 0.05 0)
(0.9833333333 0.05 0)
(1 0.05 0)
(1.016666667 0.05 0)
(1.033333333 0.05 0)
(1.05 0.05 0)
(1.066666667 0.05 0)
(1.083333333 0.05 0)
(1.1 0.05 0)
(1.116666667 0.05 0)
(1.133333333 0.05 0)
(1.15 0.05 0)
(1.166666667 0.05 0)
(1.183333333 0.05 0)
(1.2 0.05 0)
(1.216666667 0.05 0)
(1.233333333 0.05 0)
(1.25 0.05 0)
(1.266666667 0.05 0)
(1.283333333 0.05 0)
(1.3 0.05 0)
(1.316666667 0.05 0)
(1.333333333 0.05 0)
(1.35 0.05 0)
(1.366666667 0.05 0)
(1.383333333 0.05 0)
(1.4 0.05 0)
(1.416666667 0.05 0)
(1.433333333 0.05 0)
(1.45 0.05 0)
(1.466666667 0.05 0)
(1.483333333 0.05 0)
(0.5166666667 0.0599 0)
(0.5333333333 0.0598 0)
(0.55 0.0597 0)
(0.5666666667 0.0596 0)
(0.5833333333 0.0595 0)
(0.6 0.0594 0)
(0.6166666667 0.0593 0)
(0.6333333333 0.0592 0)
(0.65 0.0591 0)
(0.6666666667 0.059 0)
(0.6833333333 0.0589 0)
(0.7 0.0588 0)
(0.7166666667 0.0587 0)
(0.7333333333 0.0586 0)
(0.75 0.0585 0)
(0.7666666667 0.0584 0)
(0.7833333333 0.0583 0)
(0.8 0.0582 0)
(0.8166666667 0.0581 0)
(0.8333333333 0.058 0)
(0.85 0.0579 0)
(0.8666666667 0.0578 0)
(0.8833333333 0.0577 0)
(0.9 0.0576 0)
(0.9166666667 0.0575 0)
(0.9333333333 0.0574 0)
(0.95 0.0573 0)
(0.9666666667 0.0572 0)
(0.9833333333 0.0571 0)
(1 0.057 0)
(1.016666667 0.0569 0)
(1.033333333 0.0568 0)
(1.05 0.0567 0)
(1.066666667 0.0566 0)
(1.083333333 0.0565 0)
(1.1 0.0564 0)
(1.116666667 0.0563 0)
(1.133333333 0.0562 0)
(1.15 0.0561 0)
(1.166666667 0.056 0)
(1.183333333 0.0559 0)
(1.2 0.0558 0)
(1.216666667 0.0557 0)
(1.233333333 0.0556 0)
(1.25 0.0555 0)
(1.266666667 0.0554 0)
(1.283333333 0.0553 0)
(1.3 0.0552 0)
(1.316666667 0.0551 0)
(1.333333333 0.055 0)
(1.35 0.0549 0)
(1.366666667 0.0548 0)
(1.383333333 0.0547 0)
(1.4 0.0546 0)
(1.416666667 0.0545 0)
(1.433333333 0.0544 0)
(1.45 0.0543 0)
(1.466666667 0.0542 0)
(1.483333333 0.0541 0)
(0.5166666667 0.0698 0)
(0.5333333333 0.0696 0)
(0.55 0.0694 0)
(0.5666666667 0.0692 0)
(0.5833333333 0.069 0)
(0.6 0.0688 0)
(0.6166666667 0.0686 0)
(0.6333333333 0.0684 0)
(0.65 0.0682 0)
(0.6666666667 0.068 0)
(0.6833333333 0.0678 0)
(0.7 0.0676 0)
(0.7166666667 0.0674 0)
(0.7333333333 0.0672 0)
(0.75 0.067 0)
(0.7666666667 0.0668 0)
(0.7833333333 0.0666 0)
(0.8 0.0664 0)
(0.8166666667 0.0662 0)
(0.8333333333 0.066 0)
(0.85 0.0658 0)
(0.8666666667 0.0656 0)
(0.8833333333 0.0654 0)
(0.9 0.0652 0)
(0.9166666667 0.065 0)
(0.9333333333 0.0648 0)
(0.95 0.0646 0)
(0.9666666667 0.0644 0)
(0.9833333333 0.0642 0)
(1 0.064 0)
(1.016666667 0.0638 0)
(1.033333333 0.0636 0)
(1.05 0.0634 0)
(1.066666667 0.0632 0)
(1.083333333 0.063 0)
(1.1 0.0628 0)
(1.116666667 0.0626 0)
(1.133333333 0.0624 0)
(1.15 0.0622 0)
(1.166666667 0.062 0)
(1.183333333 0.0618 0)
(1.2 0.0616 0)
(1.216666667 0.0614 0)
(1.233333333 0.0612 0)
(1.25 0.061 0)
(1.266666667 0.0608 0)
(1.283333333 0.0606 0)
(1.3 0.0604 0)
(1.316666667 0.0602 0)
(1.333333333 0.06 0)
(1.35 0.0598 0)
(1.366666667 0.0596 0)
(1.383333333 0.0594 0)
(1.4 0.0592 0)
(1.416666667 0.059 0)
(1.433333333 0.0588 0)
(1.45 0.0586 0)
(1.466666667 0.0584 0)
(1.483333333 0.0582 0)
(0.5166666667 0.0797 0)
(0.5333333333 0.0794 0)
(0.55 0.0791 0)
(0.5666666667 0.0788 0)
(0.5833333333 0.0785 0)
(0.6 0.0782 0)
(0.6166666667 0.0779 0)
(0.6333333333 0.0776 0)
(0.65 0.0773 0)
(0.6666666667 0.077 0)
(0.6833333333 0.0767 0)
(0.7 0.0764 0)
(0.7166666667 0.0761 0)
(0.7333333333 0.0758 0)
(0.75 0.0755 0)
(0.7666666667 0.0752 0)
(0.7833333333 0.0749 0)
(0.8 0.0746 0)
(0.8166666667 0.0743 0)
(0.8333333333 0.074 0)
(0.85 0.0737 0)
(0.8666666667 0.0734 0)
(0.8833333333 0.0731 0)
(0.9 0.0728 0)
(0.9166666667 0.0725 0)
(0.9333333333 0.0722 0)
(0.95 0.0719 0)
(0.9666666667 0.0716 0)
(0.9833333333 0.0713 0)
(1 0.071 0)
(1.016666667 0.0707 0)
(1.033333333 0.0704 0)
(1.05 0.0701 0)
(1.066666667 0.0698 0)
(1.083333333 0.0695 0)
(1.1 0.0692 0)
(1.116666667 0.0689 0)
(1.133333333 0.0686 0)
(1.15 0.0683 0)
(1.166666667 0.068 0)
(1.183333333 0.0677 0)
(1.2 0.0674 0)
(1.216666667 0.0671 0)
(1.233333333 0.0668 0)
(1.25 0.0665 0)
(1.266666667 0.0662 0)
(1.283333333 0.0659 0)
(1.3 0.0656 0)
(1.316666667 0.0653 0)
(1.333333333 0.065 0)
(1.35 0.0647 0)
(1.366666667 0.0644 0)
(1.383333333 0.0641 0)
(1.4 0.0638 0)
(1.416666667 0.0635 0)
(1.433333333 0.0632 0)
(1.45 0.0629 0)
(1.466666667 0.0626 0)
(1.483333333 0.0623 0)
(0.5166666667 0.0896 0)
(0.5333333333 0.0892 0)
(0.55 0.0888 0)
(0.5666666667 0.0884 0)
(0.5833333333 0.088 0)
(0.6 0.0876 0)
(0.6166666667 0.0872 0)
(0.6333333333 0.0868 0)
(0.65 0.0864 0)
(0.6666666667 0.086 0)
(0.6833333333 0.0856 0)
(0.7 0.0852 0)
(0.7166666667 0.0848 0)
(0.7333333333 0.0844 0)
(0.75 0.084 0)
(0.7666666667 0.0836 0)
(0.7833333333 0.0832 0)
(0.8 0.0828 0)
(0.8166666667 0.0824 0)
(0.8333333333 0.082 0)
(0.85 0.0816 0)
(0.8666666667 0.0812 0)
(0.8833333333 0.0808 0)
(0.9 0.0804 0)
(0.9166666667 0.08 0)
(0.9333333333 0.0796 0)
(0.95 0.0792 0)
(0.9666666667 0.0788 0)
(0.9833333333 0.0784 0)
(1 0.078 0)
(1.016666667 0.0776 0)
(1.033333333 0.0772 0)
(1.05 0.0768 0)
(1.066666667 0.0764 0)
(1.083333333 0.076 0)
(1.1 0.0756 0)
(1.116666667 0.0752 0)
(1.133333333 0.0748 0)
(1.15 0.0744 0)
(1.166666667 0.074 0)
(1.183333333 0.0736 0)
(1.2 0.0732 0)
(1.216666667 0.0728 0)
(1.233333333 0.0724 0)
(1.25 0.072 0)
(1.266666667 0.0716 0)
(1.283333333 0.0712 0)
(1.3 0.0708 0)
(1.316666667 0.0704 0)
(1.333333333 0.07 0)
(1.35 0.0696 0)
(1.366666667 0.0692 0)
(1.383333333 0.0688 0)
(1.4 0.0684 0)
(1.416666667 0.068 0)
(1.433333333 0.0676 0)
(1.45 0.0672 0)
(1.466666667 0.0668 0)
(1.483333333 0.0664 0)
(0.5166666667 0.0995 0)
(0.5333333333 0.099 0)
(0.55 0.0985 0)
(0.5666666667 0.098 0)
(0.5833333333 0.0975 0)
(0.6 0.097 0)
(0.6166666667 0.0965 0)
(0.6333333333 0.096 0)
(0.65 0.0955 0)
(0.6666666667 0.095 0)
(0.6833333333 0.0945 0)
(0.7 0.094 0)
(0.7166666667 0.0935 0)
(0.7333333333 0.093 0)
(0.75 0.0925 0)
(0.7666666667 0.092 0)
(0.7833333333 0.0915 0)
(0.8 0.091 0)
(0.8166666667 0.0905 0)
(0.8333333333 0.09 0)
(0.85 0.0895 0)
(0.8666666667 0.089 0)
(0.8833333333 0.0885 0)
(0.9 0.088 0)
(0.9166666667 0.0875 0)
(0.9333333333 0.087 0)
(0.95 0.0865 0)
(0.9666666667 0.086 0)
(0.9833333333 0.0855 0)
(1 0.085 0)
(1.016666667 0.0845 0)
(1.033333333 0.084 0)
(1.05 0.0835 0)
(1.066666667 0.083 0)
(1.083333333 0.0825 0)
(1.1 0.082 0)
(1.116666667 0.0815 0)
(1.133333333 0.081 0)
(1.15 0.0805 0)
(1.166666667 0.08 0)
(1.183333333 0.0795 0)
(1.2 0.079 0)
(1.216666667 0.0785 0)
(1.233333333 0.078 0)
(1.25 0.0775 0)
(1.266666667 0.077 0)
(1.283333333 0.0765 0)
(1.3 0.076 0)
(1.316666667 0.0755 0)
(1.333333333 0.075 0)
(1.35 0.0745 0)
(1.366666667 0.074 0)
(1.383333333 0.0735 0)
(1.4 0.073 0)
(1.416666667 0.0725 0)
(1.433333333 0.072 0)
(1.45 0.0715 0)
(1.466666667 0.071 0)
(1.483333333 0.0705 0)
(0.5166666667 0.0005 0.01)
(0.5333333333 0.001 0.01)
(0.55 0.0015 0.01)
(0.5666666667 0.002 0.01)
(0.5833333333 0.0025 0.01)
(0.6 0.003 0.01)
(0.6166666667 0.0035 0.01)
(0.6333333333 0.004 0.01)
(0.65 0.0045 0.01)
(0.6666666667 0.005 0.01)
(0.6833333333 0.0055 0.01)
(0.7 0.006 0.01)
(0.7166666667 0.0065 0.01)
(0.7333333333 0.007 0.01)
(0.75 0.0075 0.01)
(0.7666666667 0.008 0.01)
(0.7833333333 0.0085 0.01)
(0.8 0.009 0.01)
(0.8166666667 0.0095 0.01)
(0.8333333333 0.01 0.01)
(0.85 0.0105 0.01)
(0.8666666667 0.011 0.01)
(0.8833333333 0.0115 0.01)
(0.9 0.012 0.01)
(0.9166666667 0.0125 0.01)
(0.9333333333 0.013 0.01)
(0.95 0.0135 0.01)
(0.9666666667 0.014 0.01)
(0.9833333333 0.0145 0.01)
(1 0.015 0.01)
(1.016666667 0.0155 0.01)
(1.033333333 0.016 0.01)
(1.05 0.0165 0.01)
(1.066666667 0.017 0.01)
(1.083333333 0.0175 0.01)
(1.1 0.018 0.01)
(1.116666667 0.0185 0.01)
(1.133333333 0.019 0.01)
(1.15 0.0195 0.01)
(1.166666667 0.02 0.01)
(1.183333333 0.0205 0.01)
(1.2 0.021 0.01)
(1.216666667 0.0215 0.01)
(1.233333333 0.022 0.01)
(1.25 0.0225 0.01)
(1.266666667 0.023 0.01)
(1.283333333 0.0235 0.01)
(1.3 0.024 0.01)
(1.316666667 0.0245 0.01)
(1.333333333 0.025 0.01)
(1.35 0.0255 0.01)
(1.366666667 0.026 0.01)
(1.383333333 0.0265 0.01)
(1.4 0.027 0.01)
(1.416666667 0.0275 0.01)
(1.433333333 0.028 0.01)
(1.45 0.0285 0.01)
(1.466666667 0.029 0.01)
(1.483333333 0.0295 0.01)
(0.5166666667 0.0104 0.01)
(0.5333333333 0.0108 0.01)
(0.55 0.0112 0.01)
(0.5666666667 0.0116 0.01)
(0.5833333333 0.012 0.01)
(0.6 0.0124 0.01)
(0.6166666667 0.0128 0.01)
(0.6333333333 0.0132 0.01)
(0.65 0.0136 0.01)
(0.6666666667 0.014 0.01)
(0.6833333333 0.0144 0.01)
(0.7 0.0148 0.01)
(0.7166666667 0.0152 0.01)
(0.7333333333 0.0156 0.01)
(0.75 0.016 0.01)
(0.7666666667 0.0164 0.01)
(0.7833333333 0.0168 0.01)
(0.8 0.0172 0.01)
(0.8166666667 0.0176 0.01)
(0.8333333333 0.018 0.01)
(0.85 0.0184 0.01)
(0.8666666667 0.0188 0.01)
(0.8833333333 0.0192 0.01)
(0.9 0.0196 0.01)
(0.9166666667 0.02 0.01)
(0.9333333333 0.0204 0.01)
(0.95 0.0208 0.01)
(0.9666666667 0.0212 0.01)
(0.9833333333 0.0216 0.01)
(1 0.022 0.01)
(1.016666667 0.0224 0.01)
(1.033333333 0.0228 0.01)
(1.05 0.0232 0.01)
(1.066666667 0.0236 0.01)
(1.083333333 0.024 0.01)
(1.1 0.0244 0.01)
(1.116666667 0.0248 0.01)
(1.133333333 0.0252 0.01)
(1.15 0.0256 0.01)
(1.166666667 0.026 0.01)
(1.183333333 0.0264 0.01)
(1.2 0.0268 0.01)
(1.216666667 0.0272 0.01)
(1.233333333 0.0276 0.01)
(1.25 0.028 0.01)
(1.266666667 0.0284 0.01)
(1.283333333 0.0288 0.01)
(1.3 0.0292 0.01)
(1.316666667 0.0296 0.01)
(1.333333333 0.03 0.01)
(1.35 0.0304 0.01)
(1.366666667 0.0308 0.01)
(1.383333333 0.0312 0.01)
(1.4 0.0316 0.01)
(1.416666667 0.032 0.01)
(1.433333333 0.0324 0.01)
(1.45 0.0328 0.01)
(1.466666667 0.0332 0.01)
(1.483333333 0.0336 0.01)
(0.5166666667 0.0203 0.01)
(0.5333333333 0.0206 0.01)
(0.55 0.0209 0.01)
(0.5666666667 0.0212 0.01)
(0.5833333333 0.0215 0.01)
(0.6 0.0218 0.01)
(0.6166666667 0.0221 0.01)
(0.6333333333 0.0224 0.01)
(0.65 0.0227 0.01)
(0.6666666667 0.023 0.01)
(0.6833333333 0.0233 0.01)
(0.7 0.0236 0.01)
(0.7166666667 0.0239 0.01)
(0.7333333333 0.0242 0.01)
(0.75 0.0245 0.01)
(0.7666666667 0.0248 0.01)
(0.7833333333 0.0251 0.01)
(0.8 0.0254 0.01)
(0.8166666667 0.0257 0.01)
(0.8333333333 0.026 0.01)
(0.85 0.0263 0.01)
(0.8666666667 0.0266 0.01)
(0.8833333333 0.0269 0.01)
(0.9 0.0272 0.01)
(0.9166666667 0.0275 0.01)
(0.9333333333 0.0278 0.01)
(0.95 0.0281 0.01)
(0.9666666667 0.0284 0.01)
(0.9833333333 0.0287 0.01)
(1 0.029 0.01)
(1.016666667 0.0293 0.01)
(1.033333333 0.0296 0.01)
(1.05 0.0299 0.01)
(1.066666667 0.0302 0.01)
(1.083333333 0.0305 0.01)
(1.1 0.0308 0.01)
(1.116666667 0.0311 0.01)
(1.133333333 0.0314 0.01)
(1.15 0.0317 0.01)
(1.166666667 0.032 0.01)
(1.183333333 0.0323 0.01)
(1.2 0.0326 0.01)
(1.216666667 0.0329 0.01)
(1.233333333 0.0332 0.01)
(1.25 0.0335 0.01)
(1.266666667 0.0338 0.01)
(1.283333333 0.0341 0.01)
(1.3 0.0344 0.01)
(1.316666667 0.0347 0.01)
(1.333333333 0.035 0.01)
(1.35 0.0353 0.01)
(1.366666667 0.0356 0.01)
(1.383333333 0.0359 0.01)
(1.4 0.0362 0.01)
(1.416666667 0.0365 0.01)
(1.433333333 0.0368 0.01)
(1.45 0.0371 0.01)
(1.466666667 0.0374 0.01)
(1.483333333 0.0377 0.01)
(0.5166666667 0.0302 0.01)
(0.5333333333 0.0304 0.01)
(0.55 0.0306 0.01)
(0.5666666667 0.0308 0.01)
(0.5833333333 0.031 0.01)
(0.6 0.0312 0.01)
(0.6166666667 0.0314 0.01)
(0.6333333333 0.0316 0.01)
(0.65 0.0318 0.01)
(0.6666666667 0.032 0.01)
(0.6833333333 0.0322 0.01)
(0.7 0.0324 0.01)
(0.7166666667 0.0326 0.01)
(0.7333333333 0.0328 0.01)
(0.75 0.033 0.01)
(0.7666666667 0.0332 0.01)
(0.7833333333 0.0334 0.01)
(0.8 0.0336 0.01)
(0.8166666667 0.0338 0.01)
(0.8333333333 0.034 0.01)
(0.85 0.0342 0.01)
(0.8666666667 0.0344 0.01)
(0.8833333333 0.0346 0.01)
(0.9 0.0348 0.01)
(0.9166666667 0.035 0.01)
(0.9333333333 0.0352 0.01)
(0.95 0.0354 0.01)
(0.9666666667 0.0356 0.01)
(0.9833333333 0.0358 0.01)
(1 0.036 0.01)
(1.016666667 0.0362 0.01)
(1.033333333 0.0364 0.01)
(1.05 0.0366 0.01)
(1.066666667 0.0368 0.01)
(1.083333333 0.037 0.01)
(1.1 0.0372 0.01)
(1.116666667 0.0374 0.01)
(1.133333333 0.0376 0.01)
(1.15 0.0378 0.01)
(1.166666667 0.038 0.01)
(1.183333333 0.0382 0.01)
(1.2 0.0384 0.01)
(1.216666667 0.0386 0.01)
(1.233333333 0.0388 0.01)
(1.25 0.039 0.01)
(1.266666667 0.0392 0.01)
(1.283333333 0.0394 0.01)
(1.3 0.0396 0.01)
(1.316666667 0.0398 0.01)
(1.333333333 0.04 0.01)
(1.35 0.0402 0.01)
(1.366666667 0.0404 0.01)
(1.383333333 0.0406 0.01)
(1.4 0.0408 0.01)
(1.416666667 0.041 0.01)
(1.433333333 0.0412 0.01)
(1.45 0.0414 0.01)
(1.466666667 0.0416 0.01)
(1.483333333 0.0418 0.01)
(0.5166666667 0.0401 0.01)
(0.5333333333 0.0402 0.01)
(0.55 0.0403 0.01)
(0.5666666667 0.0404 0.01)
(0.5833333333 0.0405 0.01)
(0.6 0.0406 0.01)
(0.6166666667 0.0407 0.01)
(0.6333333333 0.0408 0.01)
(0.65 0.0409 0.01)
(0.6666666667 0.041 0.01)
(0.6833333333 0.0411 0.01)
(0.7 0.0412 0.01)
(0.7166666667 0.0413 0.01)
(0.7333333333 0.0414 0.01)
(0.75 0.0415 0.01)
(0.7666666667 0.0416 0.01)
(0.7833333333 0.0417 0.01)
(0.8 0.0418 0.01)
(0.8166666667 0.0419 0.01)
(0.8333333333 0.042 0.01)
(0.85 0.0421 0.01)
(0.8666666667 0.0422 0.01)
(0.8833333333 0.0423 0.01)
(0.9 0.0424 0.01)
(0.9166666667 0.0425 0.01)
(0.9333333333 0.0426 0.01)
(0.95 0.0427 0.01)
(0.9666666667 0.0428 0.01)
(0.9833333333 0.0429 0.01)
(1 0.043 0.01)
(1.016666667 0.0431 0.01)
(1.033333333 0.0432 0.01)
(1.05 0.0433 0.01)
(1.066666667 0.0434 0.01)
(1.083333333 0.0435 0.01)
(1.1 0.0436 0.01)
(1.116666667 0.0437 0.01)
(1.133333333 0.0438 0.01)
(1.15 0.0439 0.01)
(1.166666667 0.044 0.01)
(1.183333333 0.0441 0.01)
(1.2 0.0442 0.01)
(1.216666667 0.0443 0.01)
(1.233333333 0.0444 0.01)
(1.25 0.0445 0.01)
(1.266666667 0.0446 0.01)
(1.283333333 0.0447 0.01)
(1.3 0.0448 0.01)
(1.316666667 0.0449 0.01)
(1.333333333 0.045 0.01)
(1.35 0.0451 0.01)
(1.366666667 0.0452 0.01)
(1.383333333 0.0453 0.01)
(1.4 0.0454 0.01)
(1.416666667 0.0455 0.01)
(1.433333333 0.0456 0.01)
(1.45 0.0457 0.01)
(1.466666667 0.0458 0.01)
(1.483333333 0.0459 0.01)
(0.5166666667 0.05 0.01)
(0.5333333333 0.05 0.01)
(0.55 0.05 0.01)
(0.5666666667 0.05 0.01)
(0.5833333333 0.05 0.01)
(0.6 0.05 0.01)
(0.6166666667 0.05 0.01)
(0.6333333333 0.05 0.01)
(0.65 0.05 0.01)
(0.6666666667 0.05 0.01)
(0.6833333333 0.05 0.01)
(0.7 0.05 0.01)
(0.7166666667 0.05 0.01)
(0.7333333333 0.05 0.01)
(0.75 0.05 0.01)
(0.7666666667 0.05 0.01)
(0.7833333333 0.05 0.01)
(0.8 0.05 0.01)
(0.8166666667 0.05 0.01)
(0.8333333333 0.05 0.01)
(0.85 0.05 0.01)
(0.8666666667 0.05 0.01)
(0.8833333333 0.05 0.01)
(0.9 0.05 0.01)
(0.9166666667 0.05 0.01)
(0.9333333333 0.05 0.01)
(0.95 0.05 0.01)
(0.9666666667 0.05 0.01)
(0.9833333333 0.05 0.01)
(1 0.05 0.01)
(1.016666667 0.05 0.01)
(1.033333333 0.05 0.01)
(1.05 0.05 0.01)
(1.066666667 0.05 0.01)
(1.083333333 0.05 0.01)
(1.1 0.05 0.01)
(1.116666667 0.05 0.01)
(1.133333333 0.05 0.01)
(1.15 0.05 0.01)
(1.166666667 0.05 0.01)
(1.183333333 0.05 0.01)
(1.2 0.05 0.01)
(1.216666667 0.05 0.01)
(1.233333333 0.05 0.01)
(1.25 0.05 0.01)
(1.266666667 0.05 0.01)
(1.283333333 0.05 0.01)
(1.3 0.05 0.01)
(1.316666667 0.05 0.01)
(1.333333333 0.05 0.01)
(1.35 0.05 0.01)
(1.366666667 0.05 0.01)
(1.383333333 0.05 0.01)
(1.4 0.05 0.01)
(1.416666667 0.05 0.01)
(1.433333333 0.05 0.01)
(1.45 0.05 0.01)
(1.466666667 0.05 0.01)
(1.483333333 0.05 0.01)
(0.5166666667 0.0599 0.01)
(0.5333333333 0.0598 0.01)
(0.55 0.0597 0.01)
(0.5666666667 0.0596 0.01)
(0.5833333333 0.0595 0.01)
(0.6 0.0594 0.01)
(0.6166666667 0.0593 0.01)
(0.6333333333 0.0592 0.01)
(0.65 0.0591 0.01)
(0.6666666667 0.059 0.01)
(0.6833333333 0.0589 0.01)
(0.7 0.0588 0.01)
(0.7166666667 0.0587 0.01)
(0.7333333333 0.0586 0.01)
(0.75 0.0585 0.01)
(0.7666666667 0.0584 0.01)
(0.7833333333 0.0583 0.01)
(0.8 0.0582 0.01)
(0.8166666667 0.0581 0.01)
(0.8333333333 0.058 0.01)
(0.85 0.0579 0.01)
(0.8666666667 0.0578 0.01)
(0.8833333333 0.0577 0.01)
(0.9 0.0576 0.01)
(0.9166666667 0.0575 0.01)
(0.9333333333 0.0574 0.01)
(0.95 0.0573 0.01)
(0.9666666667 0.0572 0.01)
(0.9833333333 0.0571 0.01)
(1 0.057 0.01)
(1.016666667 0.0569 0.01)
(1.033333333 0.0568 0.01)
(1.05 0.0567 0.01)
(1.066666667 0.0566 0.01)
(1.083333333 0.0565 0.01)
(1.1 0.0564 0.01)
(1.116666667 0.0563 0.01)
(1.133333333 0.0562 0.01)
(1.15 0.0561 0.01)
(1.166666667 0.056 0.01)
(1.183333333 0.0559 0.01)
(1.2 0.0558 0.01)
(1.216666667 0.0557 0.01)
(1.233333333 0.0556 0.01)
(1.25 0.0555 0.01)
(1.266666667 0.0554 0.01)
(1.283333333 0.0553 0.01)
(1.3 0.0552 0.01)
(1.316666667 0.0551 0.01)
(1.333333333 0.055 0.01)
(1.35 0.0549 0.01)
(1.366666667 0.0548 0.01)
(1.383333333 0.0547 0.01)
(1.4 0.0546 0.01)
(1.416666667 0.0545 0.01)
(1.433333333 0.0544 0.01)
(1.45 0.0543 0.01)
(1.466666667 0.0542 0.01)
(1.483333333 0.0541 0.01)
(0.5166666667 0.0698 0.01)
(0.5333333333 0.0696 0.01)
(0.55 0.0694 0.01)
(0.5666666667 0.0692 0.01)
(0.5833333333 0.069 0.01)
(0.6 0.0688 0.01)
(0.6166666667 0.0686 0.01)
(0.6333333333 0.0684 0.01)
(0.65 0.0682 0.01)
(0.6666666667 0.068 0.01)
(0.6833333333 0.0678 0.01)
(0.7 0.0676 0.01)
(0.7166666667 0.0674 0.01)
(0.7333333333 0.0672 0.01)
(0.75 0.067 0.01)
(0.7666666667 0.0668 0.01)
(0.7833333333 0.0666 0.01)
(0.8 0.0664 0.01)
(0.8166666667 0.0662 0.01)
(0.8333333333 0.066 0.01)
(0.85 0.0658 0.01)
(0.8666666667 0.0656 0.01)
(0.8833333333 0.0654 0.01)
(0.9 0.0652 0.01)
(0.9166666667 0.065 0.01)
(0.9333333333 0.0648 0.01)
(0.95 0.0646 0.01)
(0.9666666667 0.0644 0.01)
(0.9833333333 0.0642 0.01)
(1 0.064 0.01)
(1.016666667 0.0638 0.01)
(1.033333333 0.0636 0.01)
(1.05 0.0634 0.01)
(1.066666667 0.0632 0.01)
(1.083333333 0.063 0.01)
(1.1 0.0628 0.01)
(1.116666667 0.0626 0.01)
(1.133333333 0.0624 0.01)
(1.15 0.0622 0.01)
(1.166666667 0.062 0.01)
(1.183333333 0.0618 0.01)
(1.2 0.0616 0.01)
(1.216666667 0.0614 0.01)
(1.233333333 0.0612 0.01)
(1.25 0.061 0.01)
(1.266666667 0.0608 0.01)
(1.283333333 0.0606 0.01)
(1.3 0.0604 0.01)
(1.316666667 0.0602 0.01)
(1.333333333 0.06 0.01)
(1.35 0.0598 0.01)
(1.366666667 0.0596 0.01)
(1.383333333 0.0594 0.01)
(1.4 0.0592 0.01)
(1.416666667 0.059 0.01)
(1.433333333 0.0588 0.01)
(1.45 0.0586 0.01)
(1.466666667 0.0584 0.01)
(1.483333333 0.0582 0.01)
(0.5166666667 0.0797 0.01)
(0.5333333333 0.0794 0.01)
(0.55 0.0791 0.01)
(0.5666666667 0.0788 0.01)
(0.5833333333 0.0785 0.01)
(0.6 0.0782 0.01)
(0.6166666667 0.0779 0.01)
(0.6333333333 0.0776 0.01)
(0.65 0.0773 0.01)
(0.6666666667 0.077 0.01)
(0.6833333333 0.0767 0.01)
(0.7 0.0764 0.01)
(0.7166666667 0.0761 0.01)
(0.7333333333 0.0758 0.01)
(0.75 0.0755 0.01)
(0.7666666667 0.0752 0.01)
(0.7833333333 0.0749 0.01)
(0.8 0.0746 0.01)
(0.8166666667 0.0743 0.01)
(0.8333333333 0.074 0.01)
(0.85 0.0737 0.01)
(0.8666666667 0.0734 0.01)
(0.8833333333 0.0731 0.01)
(0.9 0.0728 0.01)
(0.9166666667 0.0725 0.01)
(0.9333333333 0.0722 0.01)
(0.95 0.0719 0.01)
(0.9666666667 0.0716 0.01)
(0.9833333333 0.0713 0.01)
(1 0.071 0.01)
(1.016666667 0.0707 0.01)
(1.033333333 0.0704 0.01)
(1.05 0.0701 0.01)
(1.066666667 0.0698 0.01)
(1.083333333 0.0695 0.01)
(1.1 0.0692 0.01)
(1.116666667 0.0689 0.01)
(1.133333333 0.0686 0.01)
(1.15 0.0683 0.01)
(1.166666667 0.068 0.01)
(1.183333333 0.0677 0.01)
(1.2 0.0674 0.01)
(1.216666667 0.0671 0.01)
(1.233333333 0.0668 0.01)
(1.25 0.0665 0.01)
(1.266666667 0.0662 0.01)
(1.283333333 0.0659 0.01)
(1.3 0.0656 0.01)
(1.316666667 0.0653 0.01)
(1.333333333 0.065 0.01)
(1.35 0.0647 0.01)
(1.366666667 0.0644 0.01)
(1.383333333 0.0641 0.01)
(1.4 0.0638 0.01)
(1.416666667 0.0635 0.01)
(1.433333333 0.0632 0.01)
(1.45 0.0629 0.01)
(1.466666667 0.0626 0.01)
(1.483333333 0.0623 0.01)
(0.5166666667 0.0896 0.01)
(0.5333333333 0.0892 0.01)
(0.55 0.0888 0.01)
(0.5666666667 0.0884 0.01)
(0.5833333333 0.088 0.01)
(0.6 0.0876 0.01)
(0.6166666667 0.0872 0.01)
(0.6333333333 0.0868 0.01)
(0.65 0.0864 0.01)
(0.6666666667 0.086 0.01)
(0.6833333333 0.0856 0.01)
(0.7 0.0852 0.01)
(0.7166666667 0.0848 0.01)
(0.7333333333 0.0844 0.01)
(0.75 0.084 0.01)
(0.7666666667 0.0836 0.01)
(0.7833333333 0.0832 0.01)
(0.8 0.0828 0.01)
(0.8166666667 0.0824 0.01)
(0.8333333333 0.082 0.01)
(0.85 0.0816 0.01)
(0.8666666667 0.0812 0.01)
(0.8833333333 0.0808 0.01)
(0.9 0.0804 0.01)
(0.9166666667 0.08 0.01)
(0.9333333333 0.0796 0.01)
(0.95 0.0792 0.01)
(0.9666666667 0.0788 0.01)
(0.9833333333 0.0784 0.01)
(1 0.078 0.01)
(1.016666667 0.0776 0.01)
(1.033333333 0.0772 0.01)
(1.05 0.0768 0.01)
(1.066666667 0.0764 0.01)
(1.083333333 0.076 0.01)
(1.1 0.0756 0.01)
(1.116666667 0.0752 0.01)
(1.133333333 0.0748 0.01)
(1.15 0.0744 0.01)
(1.166666667 0.074 0.01)
(1.183333333 0.0736 0.01)
(1.2 0.0732 0.01)
(1.216666667 0.0728 0.01)
(1.233333333 0.0724 0.01)
(1.25 0.072 0.01)
(1.266666667 0.0716 0.01)
(1.283333333 0.0712 0.01)
(1.3 0.0708 0.01)
(1.316666667 0.0704 0.01)
(1.333333333 0.07 0.01)
(1.35 0.0696 0.01)
(1.366666667 0.0692 0.01)
(1.383333333 0.0688 0.01)
(1.4 0.0684 0.01)
(1.416666667 0.068 0.01)
(1.433333333 0.0676 0.01)
(1.45 0.0672 0.01)
(1.466666667 0.0668 0.01)
(1.483333333 0.0664 0.01)
(0.5166666667 0.0995 0.01)
(0.5333333333 0.099 0.01)
(0.55 0.0985 0.01)
(0.5666666667 0.098 0.01)
(0.5833333333 0.0975 0.01)
(0.6 0.097 0.01)
(0.6166666667 0.0965 0.01)
(0.6333333333 0.096 0.01)
(0.65 0.0955 0.01)
(0.6666666667 0.095 0.01)
(0.6833333333 0.0945 0.01)
(0.7 0.094 0.01)
(0.7166666667 0.0935 0.01)
(0.7333333333 0.093 0.01)
(0.75 0.0925 0.01)
(0.7666666667 0.092 0.01)
(0.7833333333 0.0915 0.01)
(0.8 0.091 0.01)
(0.8166666667 0.0905 0.01)
(0.8333333333 0.09 0.01)
(0.85 0.0895 0.01)
(0.8666666667 0.089 0.01)
(0.8833333333 0.0885 0.01)
(0.9 0.088 0.01)
(0.9166666667 0.0875 0.01)
(0.9333333333 0.087 0.01)
(0.95 0.0865 0.01)
(0.9666666667 0.086 0.01)
(0.9833333333 0.0855 0.01)
(1 0.085 0.01)
(1.016666667 0.0845 0.01)
(1.033333333 0.084 0.01)
(1.05 0.0835 0.01)
(1.066666667 0.083 0.01)
(1.083333333 0.0825 0.01)
(1.1 0.082 0.01)
(1.116666667 0.0815 0.01)
(1.133333333 0.081 0.01)
(1.15 0.0805 0.01)
(1.166666667 0.08 0.01)
(1.183333333 0.0795 0.01)
(1.2 0.079 0.01)
(1.216666667 0.0785 0.01)
(1.233333333 0.078 0.01)
(1.25 0.0775 0.01)
(1.266666667 0.077 0.01)
(1.283333333 0.0765 0.01)
(1.3 0.076 0.01)
(1.316666667 0.0755 0.01)
(1.333333333 0.075 0.01)
(1.35 0.0745 0.01)
(1.366666667 0.074 0.01)
(1.383333333 0.0735 0.01)
(1.4 0.073 0.01)
(1.416666667 0.0725 0.01)
(1.433333333 0.072 0.01)
(1.45 0.0715 0.01)
(1.466666667 0.071 0.01)
(1.483333333 0.0705 0.01)
)

// ************************************************************************* //
