/*--------------------------------*- C++ -*----------------------------------*\
| =========                 |                                                 |
| \\      /  F ield         | OpenFOAM: The Open Source CFD Toolbox           |
|  \\    /   O peration     | Version:  2212                                  |
|   \\  /    A nd           | Website:  www.openfoam.com                      |
|    \\/     M anipulation  |                                                 |
\*---------------------------------------------------------------------------*/
FoamFile
{
    version     2.0;
    format      ascii;
    arch        "LSB;label=32;scalar=64";
    class       surfaceScalarField;
    location    "50/fluidRegion";
    object      alphaRhoPhi;
}
// * * * * * * * * * * * * * * * * * * * * * * * * * * * * * * * * * * * * * //

dimensions      [1 0 -1 0 0 0 0];

oriented        oriented;

internalField   nonuniform List<scalar> 
661
(
-0.0058498
-1.22843e-10
-0.00584979
-9.83627e-11
-0.00584975
-1.1206e-11
-0.00584967
7.1367e-11
-0.00584955
1.1605e-10
-0.00584945
1.23273e-10
-0.00584943
1.12369e-10
-0.0058495
1.00753e-10
-0.00584961
8.99659e-11
-0.0058497
6.67273e-11
-0.0058497
1.7249e-11
-0.00584962
-5.76452e-11
-0.0058495
-1.37415e-10
-0.00584942
-1.91377e-10
-0.00584944
-1.96134e-10
-0.00584955
-1.48721e-10
-0.00584969
-6.74735e-11
-0.0058498
1.94525e-11
-0.00584981
8.84853e-11
-0.00584973
1.29705e-10
-0.00584961
1.45641e-10
-0.00584951
1.437e-10
-0.00584949
1.19816e-10
-0.00584954
2.32642e-11
-1.35742e-10
-0.0058498
-0.00584979
-0.00584975
-0.00584967
-0.00584955
-0.00584945
-0.00584943
-0.0058495
-0.00584961
-0.0058497
-0.0058497
-0.00584962
-0.0058495
-0.00584942
-0.00584944
-0.00584955
-0.00584969
-0.0058498
-0.00584981
-0.00584973
-0.00584961
-0.00584951
-0.00584949
-0.00584954
-0.00939534
6.45468e-07
-0.00939557
3.13165e-07
-0.00939584
3.47944e-07
-0.00939608
3.2295e-07
-0.00939631
3.03528e-07
-0.00939653
2.86496e-07
-0.00939673
2.71573e-07
-0.00939692
2.57133e-07
-0.0093971
2.39226e-07
-0.00939726
2.1017e-07
-0.00939738
1.57766e-07
-0.00939743
6.5042e-08
-0.00939735
-8.51782e-08
-0.00939709
-3.00455e-07
-0.00939659
-5.81144e-07
-0.00939578
-9.08547e-07
-0.00939464
-1.25664e-06
-0.00939317
-1.60889e-06
-0.00939133
-1.97691e-06
-0.00938906
-2.41083e-06
-0.0093862
-3.00308e-06
-0.0093825
-3.85001e-06
-0.00937766
-4.98158e-06
-0.00937192
-5.87927e-06
-7.17623e-06
-0.00931116
-1.86823e-08
-1.68964e-08
-0.00931071
-8.22233e-08
-8.24895e-08
-0.00931023
-8.00059e-08
-7.99586e-08
-0.0093098
-7.154e-08
-7.13491e-08
-0.00930939
-6.44619e-08
-6.40692e-08
-0.00930901
-5.79249e-08
-5.73409e-08
-0.00930866
-5.18634e-08
-5.10623e-08
-0.00930834
-4.58516e-08
-4.47471e-08
-0.00930805
-3.87933e-08
-3.73117e-08
-0.0093078
-2.85175e-08
-2.65469e-08
-0.00930764
-1.12803e-08
-8.65184e-09
-0.00930761
1.79736e-08
2.1383e-08
-0.00930783
6.37001e-08
6.83101e-08
-0.00930839
1.33396e-07
1.39546e-07
-0.0093094
2.24992e-07
2.3326e-07
-0.00931095
3.34323e-07
3.45611e-07
-0.00931309
4.53644e-07
4.69257e-07
-0.00931583
5.78014e-07
5.99893e-07
-0.00931921
7.11613e-07
7.42813e-07
-0.00932335
8.71907e-07
9.16568e-07
-0.00932852
1.0886e-06
1.15217e-06
-0.00933516
1.38773e-06
1.47616e-06
-0.00934367
1.74255e-06
1.87297e-06
-0.00935332
1.85383e-06
2.02551e-06
1.7919e-06
1.98698e-06
-0.00940913
3.17868e-07
-0.00940946
3.0611e-07
-0.00940978
3.01927e-07
-0.00941008
2.77135e-07
-0.00941035
2.55868e-07
-0.00941059
2.36807e-07
-0.00941081
2.1935e-07
-0.00941102
2.01564e-07
-0.0094112
1.78847e-07
-0.00941134
1.42639e-07
-0.00941141
7.94011e-08
-0.00941137
-2.812e-08
-0.00941115
-1.97575e-07
-0.00941064
-4.38579e-07
-0.00940976
-7.48732e-07
-0.00940843
-1.10773e-06
-0.00940662
-1.48849e-06
-0.0094043
-1.87566e-06
-0.00940145
-2.28483e-06
-0.00939794
-2.7719e-06
-0.00939355
-3.43018e-06
-0.00938791
-4.35157e-06
-0.00938073
-5.47331e-06
-0.0093727
-6.14056e-06
-6.40033e-06
-0.00933004
1.40714e-09
-0.00932977
-1.67164e-10
-0.0093295
-6.76188e-11
-0.00932925
-9.73826e-11
-0.00932903
-6.54277e-11
-0.00932882
-4.07143e-11
-0.00932863
-5.01512e-11
-0.00932845
-1.39943e-11
-0.0093283
2.20878e-11
-0.00932818
5.87096e-11
-0.00932811
1.83355e-10
-0.00932813
3.89871e-10
-0.00932832
7.04811e-10
-0.00932872
1.15622e-09
-0.00932942
1.79082e-09
-0.00933047
2.71562e-09
-0.00933189
4.17454e-09
-0.00933369
6.4983e-09
-0.0093359
9.83803e-09
-0.0093386
1.46977e-08
-0.00934197
2.16219e-08
-0.00934628
2.99829e-08
-0.00935174
4.05203e-08
-0.0093579
4.73767e-08
4.78508e-08
-0.00933005
-3.14869e-07
-0.00932978
-3.0654e-07
-0.00932951
-3.02039e-07
-0.00932927
-2.77303e-07
-0.00932904
-2.55995e-07
-0.00932883
-2.36921e-07
-0.00932864
-2.19492e-07
-0.00932847
-2.01677e-07
-0.00932831
-1.78941e-07
-0.00932819
-1.42703e-07
-0.00932812
-7.93006e-08
-0.00932815
2.84687e-08
-0.00932833
1.98354e-07
-0.00932873
4.39971e-07
-0.00932943
7.51004e-07
-0.00933048
1.11135e-06
-0.0093319
1.4944e-06
-0.0093337
1.88542e-06
-0.00933591
2.30062e-06
-0.00933861
2.79736e-06
-0.00934198
3.4711e-06
-0.00934629
4.41479e-06
-0.00935175
5.56991e-06
-0.00935791
6.2654e-06
6.54334e-06
-0.00940914
1.66743e-08
-0.00940946
8.22674e-08
-0.00940979
7.98342e-08
-0.00941008
7.13372e-08
-0.00941035
6.42415e-08
-0.00941059
5.76418e-08
-0.00941082
5.14924e-08
-0.00941102
4.53604e-08
-0.0094112
3.81194e-08
-0.00941134
2.75556e-08
-0.00941141
9.97036e-09
-0.00941137
-1.97039e-08
-0.00941114
-6.60994e-08
-0.00941063
-1.36697e-07
-0.00940975
-2.29558e-07
-0.00940843
-3.40605e-07
-0.00940661
-4.62158e-07
-0.0094043
-5.89264e-07
-0.00940144
-7.2639e-07
-0.00939793
-8.90666e-07
-0.00939353
-1.11242e-06
-0.00938789
-1.41674e-06
-0.00938071
-1.77959e-06
-0.00937268
-1.89619e-06
-1.80816e-06
-0.00931116
-6.45551e-07
-1.87686e-08
-0.00931071
-3.13267e-07
-8.22717e-08
-0.00931023
-3.48024e-07
-7.99361e-08
-0.0093098
-3.23017e-07
-7.13226e-08
-0.00930939
-3.03542e-07
-6.41069e-08
-0.00930901
-2.86504e-07
-5.74326e-08
-0.00930866
-2.71574e-07
-5.12e-08
-0.00930834
-2.57127e-07
-4.49855e-08
-0.00930805
-2.39224e-07
-3.76709e-08
-0.0093078
-2.10188e-07
-2.70778e-08
-0.00930764
-1.57738e-07
-9.50524e-09
-0.00930761
-6.49267e-08
2.01356e-08
-0.00930783
8.54654e-08
6.63251e-08
-0.00930839
3.01012e-07
1.36504e-07
-0.0093094
5.82209e-07
2.28602e-07
-0.00931095
9.10677e-07
3.38333e-07
-0.00931309
1.26102e-06
4.57485e-07
-0.00931583
1.618e-06
5.8022e-07
-0.00931921
1.99551e-06
7.09062e-07
-0.00932335
2.44871e-06
8.57855e-07
-0.00932852
3.0808e-06
1.04574e-06
-0.00933516
4.00248e-06
1.28843e-06
-0.00934367
5.27312e-06
1.54556e-06
-0.00935332
6.34928e-06
1.53474e-06
7.81766e-06
1.40107e-06
-0.00939534
-0.00939557
-0.00939584
-0.00939608
-0.00939631
-0.00939653
-0.00939673
-0.00939692
-0.0093971
-0.00939726
-0.00939738
-0.00939743
-0.00939735
-0.00939709
-0.00939659
-0.00939578
-0.00939464
-0.00939317
-0.00939133
-0.00938906
-0.0093862
-0.0093825
-0.00937765
-0.00937192
-0.00933004
-3.17951e-07
1.53006e-09
-0.00932977
-3.0624e-07
-1.86804e-11
-0.0093295
-3.02152e-07
1.5981e-10
-0.00932925
-2.77474e-07
2.16744e-10
-0.00932903
-2.56284e-07
2.59329e-10
-0.00932882
-2.37352e-07
3.25845e-10
-0.00932863
-2.20088e-07
4.4164e-10
-0.00932845
-2.02521e-07
5.74385e-10
-0.0093283
-1.80097e-07
7.77278e-10
-0.00932818
-1.44288e-07
1.09395e-09
-0.00932811
-8.14652e-08
1.50845e-09
-0.00932813
2.55162e-08
1.92169e-09
-0.00932832
1.94289e-07
2.74457e-09
-0.00932872
4.34374e-07
3.88124e-09
-0.00932942
7.43189e-07
5.6198e-09
-0.00933047
1.10019e-06
8.34935e-09
-0.00933189
1.47785e-06
1.26605e-08
-0.00933369
1.85979e-06
1.96964e-08
-0.0093359
2.25856e-06
3.22047e-08
-0.0093386
2.72549e-06
5.45099e-08
-0.00934197
3.33889e-06
9.71213e-08
-0.00934628
4.17171e-06
1.7096e-07
-0.00935174
5.12474e-06
3.05742e-07
-0.0093579
5.55432e-06
4.65298e-07
5.66005e-06
5.76315e-07
-0.00940913
-0.00940946
-0.00940978
-0.00941008
-0.00941034
-0.00941059
-0.00941081
-0.00941102
-0.0094112
-0.00941134
-0.00941141
-0.00941137
-0.00941114
-0.00941064
-0.00940975
-0.00940843
-0.00940662
-0.0094043
-0.00940145
-0.00939794
-0.00939355
-0.00938791
-0.00938074
-0.00937272
-0.00940914
3.14587e-07
-0.00940946
3.06218e-07
-0.00940979
3.01728e-07
-0.00941008
2.76999e-07
-0.00941035
2.55777e-07
-0.00941059
2.36711e-07
-0.00941082
2.19261e-07
-0.00941102
2.01435e-07
-0.0094112
1.78652e-07
-0.00941134
1.42276e-07
-0.00941142
7.87852e-08
-0.00941137
-2.897e-08
-0.00941114
-1.99018e-07
-0.00941063
-4.40846e-07
-0.00940975
-7.52186e-07
-0.00940843
-1.11285e-06
-0.00940661
-1.49593e-06
-0.0094043
-1.88597e-06
-0.00940144
-2.29822e-06
-0.00939793
-2.78625e-06
-0.00939353
-3.44256e-06
-0.00938789
-4.34675e-06
-0.00938071
-5.41835e-06
-0.00937268
-5.98555e-06
-6.06501e-06
-0.00933005
-0.00932978
-0.00932951
-0.00932927
-0.00932904
-0.00932883
-0.00932864
-0.00932847
-0.00932831
-0.00932819
-0.00932812
-0.00932815
-0.00932833
-0.00932873
-0.00932943
-0.00933048
-0.0093319
-0.0093337
-0.00933591
-0.00933861
-0.00934198
-0.00934629
-0.00935175
-0.00935792
)
;

boundaryField
{
    outletCentralUnloaded
    {
        type            calculated;
        value           nonuniform List<scalar> 2(0.00584981 0.00584981);
    }
    inletCentralUnloaded
    {
        type            calculated;
        value           nonuniform List<scalar> 2(-0.00587369 -0.00587369);
    }
    outletFuelElement
    {
        type            calculated;
        value           nonuniform List<scalar> 
12
(
0.00939476
0.00931182
0.00940886
0.00933032
0.00933033
0.00940887
0.00931182
0.00939477
0.00933032
0.00940886
0.00940887
0.00933033
)
;
    }
    inletFuelElement
    {
        type            calculated;
        value           nonuniform List<scalar> 
12
(
-0.00953745
-0.00953746
-0.00953745
-0.00953745
-0.00953746
-0.00953745
-0.00953746
-0.00953745
-0.00953745
-0.00953745
-0.00953745
-0.00953746
)
;
    }
    defaultFaces
    {
        type            calculated;
        value           nonuniform List<scalar> 
450
(
1.17348e-23
-2.17429e-23
0
1.24017e-23
2.51882e-24
0
9.7821e-24
7.87547e-24
0
-1.93333e-23
-1.77701e-23
0
-1.20077e-23
-1.86505e-23
0
-1.81715e-23
-1.34904e-23
0
-2.15589e-23
-8.61592e-24
0
-1.70745e-23
-1.00187e-23
0
-1.45982e-23
-2.9099e-24
0
-1.24738e-23
-7.10032e-24
0
-9.23935e-24
-5.49209e-24
0
-4.65167e-24
-9.67906e-25
0
6.44377e-24
2.95841e-24
0
2.20219e-23
1.04891e-23
0
3.05668e-23
2.59067e-23
0
7.09258e-23
1.02141e-23
0
8.31804e-23
-3.18712e-23
0
1.17097e-22
2.73055e-23
0
1.1426e-22
-1.59305e-22
0
-8.17477e-23
-1.09473e-22
0
-5.93419e-23
-8.22143e-23
0
1.93589e-22
-1.06175e-22
0
-1.50041e-22
-5.68936e-23
0
-2.51858e-22
-1.112e-22
0
-1.49294e-22
-1.38273e-22
0
7.40974e-24
0
1.50901e-23
0
0
0
7.97694e-24
0
-4.1416e-24
0
6.49472e-24
0
6.83782e-24
0
7.25256e-24
0
-2.58447e-24
0
4.17988e-24
0
3.03253e-24
0
-1.66702e-24
0
-3.70706e-24
0
-1.25205e-23
0
-1.90547e-23
0
-3.31217e-23
0
6.50465e-23
0
-6.24609e-23
0
0
0
-4.80074e-23
0
-1.23622e-22
0
2.04467e-22
0
-5.53474e-23
0
-2.24979e-22
0
-2.88217e-22
0
-7.30378e-24
0
3.8101e-24
-7.85982e-24
4.08033e-24
-4.26532e-24
0
-2.38106e-24
5.09059e-24
-2.74416e-24
0
0
3.65063e-24
0
2.81581e-23
4.35244e-23
-2.56571e-23
0
-3.78006e-23
4.74705e-23
6.12044e-23
-8.11253e-23
-2.20079e-22
0
-9.59782e-23
0
0
0
0
0
0
0
0
0
0
0
0
0
0
0
0
0
0
0
0
0
0
0
0
0
-6.48352e-24
3.70487e-24
0
1.13176e-23
7.73282e-24
1.9332e-23
-7.97693e-24
-7.97693e-24
1.0354e-23
-6.21239e-24
-6.49472e-24
-6.49472e-24
-4.55854e-24
-6.83781e-24
-7.25255e-24
-4.83503e-24
1.16301e-23
-2.58447e-24
-5.57317e-24
-2.78658e-24
-2.65346e-24
-7.58132e-25
1.66702e-24
9.37697e-25
7.41411e-24
9.26764e-24
1.6694e-23
1.6694e-23
1.90547e-23
3.33457e-23
2.20811e-23
4.41622e-23
-2.60186e-23
5.20371e-23
6.24609e-23
3.12304e-23
-1.53083e-22
9.56769e-23
-1.44022e-22
-9.60147e-23
-6.1811e-23
-1.23622e-22
-2.04467e-22
2.04467e-22
-1.10695e-22
-1.10695e-22
-7.49929e-23
-1.49986e-22
-2.88217e-22
-1.92145e-22
2.23581e-23
0
0
4.48952e-24
0
3.76301e-24
1.4125e-23
0
-2.31396e-23
-2.52266e-23
0
3.97829e-24
8.56501e-24
0
-8.26195e-24
-2.7485e-23
0
4.31866e-24
-2.48021e-23
0
9.09353e-24
-2.41005e-23
0
9.64501e-24
-1.63369e-23
0
-1.0311e-23
-1.98642e-23
0
5.55868e-24
-1.17146e-23
0
3.02465e-24
-6.22357e-24
0
8.3135e-25
8.71791e-24
-0
0
2.96638e-23
-0
-4.16291e-24
4.97121e-23
-0
-9.5037e-24
8.89338e-23
-0
0
6.6313e-23
-0
0
1.46334e-22
-0
-6.23253e-23
1.02098e-22
-0
-3.81939e-23
-9.56698e-23
-0
0
-3.08169e-23
-0
6.17134e-23
1.72157e-22
-0
1.63363e-22
-1.16719e-22
-0
0
-1.38957e-22
-0
2.9981e-22
-3.10463e-22
-0
1.92112e-22
-7.30378e-24
-7.43613e-24
0
-7.85982e-24
8.16066e-24
-4.26532e-24
-4.49021e-24
-4.76213e-24
0
-2.74416e-24
0
4.10389e-25
3.65063e-24
0
0
0
-5.13141e-23
0
-7.56012e-23
0
1.22409e-22
-2.43376e-22
-1.10039e-22
0
9.59782e-23
7.40974e-24
0
1.13176e-23
0
3.86641e-24
0
7.97694e-24
0
-4.1416e-24
0
6.49472e-24
0
9.11709e-24
0
9.67008e-24
0
0
0
5.57317e-24
0
3.4116e-24
0
-8.33509e-25
0
-7.41412e-24
-0
-1.6694e-23
-0
-1.90547e-23
-0
-2.20811e-23
-0
7.80558e-23
-0
-9.36914e-23
-0
1.14812e-22
-0
-1.20019e-22
-0
-1.54528e-22
-0
2.04467e-22
-0
1.10695e-22
-0
-2.24979e-22
-0
-2.88217e-22
-0
-8.33595e-24
7.40974e-24
-7.54506e-24
1.13176e-23
-7.73282e-24
7.73282e-24
-7.97693e-24
-1.99423e-23
-2.0708e-24
8.28319e-24
-6.49472e-24
-1.73192e-23
-9.11709e-24
-1.59549e-23
-4.83503e-24
-1.45051e-23
0
-1.03379e-23
-2.78658e-24
-9.75304e-24
-1.89533e-24
-4.54879e-24
0
4.48011e-24
3.70706e-24
1.85353e-23
1.25205e-23
3.75615e-23
9.52736e-24
6.66915e-23
3.31216e-23
8.83243e-23
0
6.50464e-23
0
1.40537e-22
-3.82708e-23
9.56769e-23
-4.80074e-23
-9.60147e-23
-6.1811e-23
-6.1811e-23
8.17869e-23
2.04467e-22
1.66042e-22
-2.76737e-22
-7.49929e-23
-1.87482e-22
9.60723e-23
-2.88217e-22
-0
-0
-0
-0
-0
-0
-0
-0
-0
-0
-0
0
0
0
0
0
0
0
0
0
0
0
0
0
0
)
;
    }
    baffle_master
    {
        type            calculated;
        value           nonuniform List<scalar> 
150
(
-8.90556e-29
0
0
1.36372e-27
0
0
-4.21554e-29
0
0
3.64271e-28
0
0
5.06128e-27
0
1.98834e-27
1.0931e-27
0
0
1.57664e-28
0
0
-2.41731e-28
0
0
1.86575e-28
0
-1.989e-27
6.46428e-29
0
-9.94584e-28
1.43493e-29
0
0
1.13666e-27
0
9.94749e-28
-2.24124e-28
0
0
3.45641e-27
0
3.97965e-27
2.12934e-29
0
0
-8.69539e-28
0
0
6.44216e-27
0
2.98548e-27
9.52811e-29
0
0
-5.79917e-27
0
-3.9813e-27
-1.65822e-27
0
0
2.62528e-28
0
-1.99098e-27
7.59007e-27
0
1.99114e-27
-9.93714e-28
0
1.9913e-27
2.14316e-28
0
4.97866e-28
-4.42141e-28
0
0
0
-4.61224e-27
0
1.98785e-27
-3.36341e-27
0
0
-3.12665e-28
0
-1.98818e-27
3.22919e-27
-0
0
-1.57481e-27
-0
-1.98851e-27
3.43098e-27
-0
0
1.95396e-27
-0
0
2.86497e-27
-0
3.978e-27
4.18595e-27
-0
-9.94584e-28
1.8024e-27
-0
0
6.84598e-28
-0
0
-2.8546e-27
0
3.97932e-27
-5.9025e-27
0
3.97965e-27
-7.66906e-27
0
-3.97998e-27
-9.22481e-27
0
1.99016e-27
-5.75644e-27
0
-1.99032e-27
-1.45288e-27
0
-4.97622e-28
7.52868e-28
-0
1.99065e-27
9.18751e-29
-0
-1.99082e-27
-2.10108e-27
-0
0
-6.03163e-27
-0
3.98228e-27
-8.40166e-27
-0
3.9826e-27
4.32165e-27
-0
4.97866e-28
-5.15616e-28
-0
1.99163e-27
1.31489e-27
0
)
;
    }
    baffle_slave
    {
        type            calculated;
        value           nonuniform List<scalar> 
150
(
1.30791e-24
-0
-7.30378e-24
-2.17101e-24
-0
3.71807e-24
-2.13196e-25
-0
0
2.32511e-24
-0
0
-1.38647e-23
-0
-4.08033e-24
2.65618e-25
-0
0
-1.71263e-24
-0
0
-3.1507e-24
-0
0
1.26792e-24
-0
-2.5453e-24
8.54344e-26
-0
0
1.85938e-24
-0
0
4.08841e-25
0
-4.10389e-25
0
0
3.65064e-24
7.67839e-25
0
0
-1.75338e-24
0
-9.38604e-24
1.01642e-24
0
0
-7.19093e-23
0
-5.13141e-23
-1.9198e-24
0
0
-8.83212e-23
0
-7.56012e-23
-1.18341e-23
0
-9.49411e-23
-1.33552e-23
0
0
1.44208e-22
0
1.62251e-22
-6.86711e-24
0
-1.10039e-22
7.46764e-23
0
0
-1.19944e-23
0
-1.91957e-22
-6.00844e-25
2.24051e-23
0
-6.35419e-24
7.26949e-24
0
3.63732e-24
1.05523e-23
0
-1.10893e-24
9.88363e-24
0
-3.69265e-24
-1.52424e-23
0
-3.77288e-24
1.07409e-23
0
1.05432e-24
5.46119e-24
0
-3.53653e-24
9.56329e-24
0
4.26177e-24
7.19149e-24
0
-4.9808e-24
7.04834e-24
0
-2.28507e-24
6.41485e-24
0
9.8496e-26
3.88399e-24
0
3.61248e-24
-7.03223e-25
0
1.19386e-23
-7.48643e-24
0
1.2722e-23
-1.32234e-23
0
1.70779e-23
-2.19378e-23
0
-4.43827e-23
-2.97625e-23
0
1.07073e-23
-3.79161e-23
0
-5.0282e-23
5.88808e-25
0
6.59948e-23
3.10646e-23
0
4.19576e-23
5.91445e-23
0
-1.94257e-22
1.46738e-22
0
-2.35567e-22
-1.51076e-22
0
-4.54468e-23
5.60073e-23
0
-3.08817e-23
2.51882e-22
0
)
;
    }
}


// ************************************************************************* //
