/*--------------------------------*- C++ -*----------------------------------*\
| =========                 |                                                 |
| \\      /  F ield         | OpenFOAM: The Open Source CFD Toolbox           |
|  \\    /   O peration     | Version:  2212                                  |
|   \\  /    A nd           | Website:  www.openfoam.com                      |
|    \\/     M anipulation  |                                                 |
\*---------------------------------------------------------------------------*/
FoamFile
{
    version     2.0;
    format      ascii;
    arch        "LSB;label=32;scalar=64";
    class       volScalarField;
    location    "50/fluidRegion";
    object      alphaRhoMagU;
}
// * * * * * * * * * * * * * * * * * * * * * * * * * * * * * * * * * * * * * //

dimensions      [1 -2 -1 0 0 0 0];

internalField   nonuniform List<scalar> 
350
(
36.8326
36.8325
36.8323
36.8318
36.831
36.8303
36.8299
36.8301
36.8307
36.8315
36.8318
36.8316
36.831
36.8303
36.8301
36.8305
36.8313
36.8322
36.8325
36.8322
36.8315
36.8307
36.8303
36.8305
36.9074
36.8326
36.8325
36.8323
36.8318
36.831
36.8303
36.8299
36.8301
36.8307
36.8315
36.8318
36.8316
36.831
36.8303
36.8301
36.8305
36.8313
36.8322
36.8325
36.8322
36.8315
36.8307
36.8303
36.8305
36.9074
59.1142
59.0611
59.0624
59.0627
59.0616
59.0591
59.0549
59.049
59.041
59.0307
59.018
59.0028
58.9853
58.9653
58.9427
58.9162
58.884
58.8439
58.7953
58.7443
58.7117
58.7611
59.046
59.8409
60.3622
58.5909
58.5296
58.5265
58.5223
58.5171
58.5108
58.5031
58.4938
58.4827
58.4697
58.4547
58.4382
58.421
58.4041
58.3884
58.3738
58.3589
58.3421
58.3224
58.3065
58.3169
58.4205
58.7774
59.6686
60.306
59.2017
59.1482
59.15
59.1506
59.1497
59.1474
59.1434
59.1376
59.1296
59.1193
59.1064
59.0909
59.0726
59.0515
59.0269
58.9977
58.9618
58.917
58.8627
58.8048
58.7639
58.8028
59.0745
59.8539
60.3642
58.7079
58.649
58.6471
58.6441
58.6401
58.6348
58.6281
58.6198
58.6096
58.5974
58.5832
58.5672
58.5501
58.5327
58.5156
58.4985
58.4799
58.4579
58.4318
58.4081
58.4088
58.5002
58.8408
59.7101
60.3199
58.7079
58.649
58.6471
58.6441
58.6401
58.6348
58.6281
58.6198
58.6096
58.5974
58.5832
58.5672
58.5501
58.5327
58.5156
58.4985
58.4799
58.4579
58.4318
58.4081
58.4088
58.5002
58.8408
59.7101
60.3199
59.2017
59.1482
59.15
59.1505
59.1497
59.1474
59.1434
59.1375
59.1296
59.1193
59.1064
59.0908
59.0726
59.0514
59.0268
58.9976
58.9617
58.917
58.8626
58.8047
58.7638
58.8026
59.0744
59.8537
60.3641
58.5909
58.5296
58.5265
58.5223
58.5171
58.5108
58.5031
58.4938
58.4827
58.4697
58.4547
58.4382
58.421
58.4041
58.3884
58.3738
58.3589
58.3421
58.3224
58.3065
58.3169
58.4205
58.7774
59.6686
60.306
59.1142
59.0611
59.0624
59.0627
59.0616
59.0591
59.0549
59.049
59.041
59.0307
59.018
59.0028
58.9853
58.9653
58.9427
58.9162
58.884
58.8439
58.7953
58.7443
58.7117
58.761
59.046
59.8409
60.3622
58.7079
58.649
58.6471
58.6441
58.6401
58.6348
58.6281
58.6198
58.6096
58.5974
58.5832
58.5672
58.5501
58.5327
58.5156
58.4985
58.4799
58.4579
58.4318
58.4081
58.4088
58.5002
58.8408
59.7101
60.3199
59.2017
59.1482
59.15
59.1506
59.1497
59.1474
59.1434
59.1376
59.1296
59.1193
59.1064
59.0909
59.0726
59.0515
59.0269
58.9977
58.9617
58.917
58.8627
58.8048
58.7639
58.8028
59.0745
59.8539
60.3642
59.2017
59.1482
59.15
59.1505
59.1497
59.1474
59.1434
59.1375
59.1296
59.1193
59.1064
59.0909
59.0726
59.0514
59.0268
58.9976
58.9617
58.917
58.8626
58.8047
58.7638
58.8026
59.0744
59.8537
60.3641
58.7079
58.649
58.6471
58.6441
58.6401
58.6348
58.6281
58.6198
58.6096
58.5974
58.5832
58.5672
58.5501
58.5327
58.5156
58.4985
58.4799
58.4579
58.4318
58.4081
58.4088
58.5001
58.8408
59.7101
60.32
)
;

boundaryField
{
    outletCentralUnloaded
    {
        type            calculated;
        value           nonuniform List<scalar> 2(36.8311 36.8311);
    }
    inletCentralUnloaded
    {
        type            calculated;
        value           nonuniform List<scalar> 2(36.9828 36.9828);
    }
    outletFuelElement
    {
        type            calculated;
        value           nonuniform List<scalar> 
12
(
58.6638
58.1444
58.7506
58.2605
58.2605
58.7506
58.1444
58.6638
58.2605
58.7506
58.7506
58.2605
)
;
    }
    inletFuelElement
    {
        type            calculated;
        value           nonuniform List<scalar> 
12
(
60.0511
60.0511
60.0511
60.0511
60.0511
60.0511
60.0511
60.0511
60.0511
60.0511
60.0511
60.0511
)
;
    }
    defaultFaces
    {
        type            calculated;
        value           nonuniform List<scalar> 
450
(
59.1142
59.1142
59.1142
59.0611
59.0611
59.0611
59.0624
59.0624
59.0624
59.0627
59.0627
59.0627
59.0616
59.0616
59.0616
59.0591
59.0591
59.0591
59.0549
59.0549
59.0549
59.049
59.049
59.049
59.041
59.041
59.041
59.0307
59.0307
59.0307
59.018
59.018
59.018
59.0028
59.0028
59.0028
58.9853
58.9853
58.9853
58.9653
58.9653
58.9653
58.9427
58.9427
58.9427
58.9162
58.9162
58.9162
58.884
58.884
58.884
58.8439
58.8439
58.8439
58.7953
58.7953
58.7953
58.7443
58.7443
58.7443
58.7117
58.7117
58.7117
58.7611
58.7611
58.7611
59.046
59.046
59.046
59.8409
59.8409
59.8409
60.3622
60.3622
60.3622
59.2017
59.2017
59.1482
59.1482
59.15
59.15
59.1506
59.1506
59.1497
59.1497
59.1474
59.1474
59.1434
59.1434
59.1376
59.1376
59.1296
59.1296
59.1193
59.1193
59.1064
59.1064
59.0909
59.0909
59.0726
59.0726
59.0515
59.0515
59.0269
59.0269
58.9977
58.9977
58.9618
58.9618
58.917
58.917
58.8627
58.8627
58.8048
58.8048
58.7639
58.7639
58.8028
58.8028
59.0745
59.0745
59.8539
59.8539
60.3642
60.3642
58.7079
58.649
58.6471
58.6441
58.6401
58.6348
58.6281
58.6198
58.6096
58.5974
58.5832
58.5672
58.5501
58.5327
58.5156
58.4985
58.4799
58.4579
58.4318
58.4081
58.4088
58.5002
58.8408
59.7101
60.3199
58.7079
58.649
58.6471
58.6441
58.6401
58.6348
58.6281
58.6198
58.6096
58.5974
58.5832
58.5672
58.5501
58.5327
58.5156
58.4985
58.4799
58.4579
58.4318
58.4081
58.4088
58.5002
58.8408
59.7101
60.3199
59.2017
59.2017
59.1482
59.1482
59.15
59.15
59.1505
59.1505
59.1497
59.1497
59.1474
59.1474
59.1434
59.1434
59.1375
59.1375
59.1296
59.1296
59.1193
59.1193
59.1064
59.1064
59.0908
59.0908
59.0726
59.0726
59.0514
59.0514
59.0268
59.0268
58.9976
58.9976
58.9617
58.9617
58.917
58.917
58.8626
58.8626
58.8047
58.8047
58.7638
58.7638
58.8026
58.8026
59.0744
59.0744
59.8537
59.8537
60.3641
60.3641
59.1142
59.1142
59.1142
59.0611
59.0611
59.0611
59.0624
59.0624
59.0624
59.0627
59.0627
59.0627
59.0616
59.0616
59.0616
59.0591
59.0591
59.0591
59.0549
59.0549
59.0549
59.049
59.049
59.049
59.041
59.041
59.041
59.0307
59.0307
59.0307
59.018
59.018
59.018
59.0028
59.0028
59.0028
58.9853
58.9853
58.9853
58.9653
58.9653
58.9653
58.9427
58.9427
58.9427
58.9162
58.9162
58.9162
58.884
58.884
58.884
58.8439
58.8439
58.8439
58.7953
58.7953
58.7953
58.7443
58.7443
58.7443
58.7117
58.7117
58.7117
58.761
58.761
58.761
59.046
59.046
59.046
59.8409
59.8409
59.8409
60.3622
60.3622
60.3622
58.7079
58.649
58.6471
58.6441
58.6401
58.6348
58.6281
58.6198
58.6096
58.5974
58.5832
58.5672
58.5501
58.5327
58.5156
58.4985
58.4799
58.4579
58.4318
58.4081
58.4088
58.5002
58.8408
59.7101
60.3199
59.2017
59.2017
59.1482
59.1482
59.15
59.15
59.1506
59.1506
59.1497
59.1497
59.1474
59.1474
59.1434
59.1434
59.1376
59.1376
59.1296
59.1296
59.1193
59.1193
59.1064
59.1064
59.0909
59.0909
59.0726
59.0726
59.0515
59.0515
59.0269
59.0269
58.9977
58.9977
58.9617
58.9617
58.917
58.917
58.8627
58.8627
58.8048
58.8048
58.7639
58.7639
58.8028
58.8028
59.0745
59.0745
59.8539
59.8539
60.3642
60.3642
59.2017
59.2017
59.1482
59.1482
59.15
59.15
59.1505
59.1505
59.1497
59.1497
59.1474
59.1474
59.1434
59.1434
59.1375
59.1375
59.1296
59.1296
59.1193
59.1193
59.1064
59.1064
59.0909
59.0909
59.0726
59.0726
59.0514
59.0514
59.0268
59.0268
58.9976
58.9976
58.9617
58.9617
58.917
58.917
58.8626
58.8626
58.8047
58.8047
58.7638
58.7638
58.8026
58.8026
59.0744
59.0744
59.8537
59.8537
60.3641
60.3641
58.7079
58.649
58.6471
58.6441
58.6401
58.6348
58.6281
58.6198
58.6096
58.5974
58.5832
58.5672
58.5501
58.5327
58.5156
58.4985
58.4799
58.4579
58.4318
58.4081
58.4088
58.5001
58.8408
59.7101
60.32
)
;
    }
    baffle_master
    {
        type            calculated;
        value           nonuniform List<scalar> 
150
(
36.8326
36.8326
36.8326
36.8325
36.8325
36.8325
36.8323
36.8323
36.8323
36.8318
36.8318
36.8318
36.831
36.831
36.831
36.8303
36.8303
36.8303
36.8299
36.8299
36.8299
36.8301
36.8301
36.8301
36.8307
36.8307
36.8307
36.8315
36.8315
36.8315
36.8318
36.8318
36.8318
36.8316
36.8316
36.8316
36.831
36.831
36.831
36.8303
36.8303
36.8303
36.8301
36.8301
36.8301
36.8305
36.8305
36.8305
36.8313
36.8313
36.8313
36.8322
36.8322
36.8322
36.8325
36.8325
36.8325
36.8322
36.8322
36.8322
36.8315
36.8315
36.8315
36.8307
36.8307
36.8307
36.8303
36.8303
36.8303
36.8305
36.8305
36.8305
36.9074
36.9074
36.9074
36.8326
36.8326
36.8326
36.8325
36.8325
36.8325
36.8323
36.8323
36.8323
36.8318
36.8318
36.8318
36.831
36.831
36.831
36.8303
36.8303
36.8303
36.8299
36.8299
36.8299
36.8301
36.8301
36.8301
36.8307
36.8307
36.8307
36.8315
36.8315
36.8315
36.8318
36.8318
36.8318
36.8316
36.8316
36.8316
36.831
36.831
36.831
36.8303
36.8303
36.8303
36.8301
36.8301
36.8301
36.8305
36.8305
36.8305
36.8313
36.8313
36.8313
36.8322
36.8322
36.8322
36.8325
36.8325
36.8325
36.8322
36.8322
36.8322
36.8315
36.8315
36.8315
36.8307
36.8307
36.8307
36.8303
36.8303
36.8303
36.8305
36.8305
36.8305
36.9074
36.9074
36.9074
)
;
    }
    baffle_slave
    {
        type            calculated;
        value           nonuniform List<scalar> 
150
(
58.5909
58.7079
58.7079
58.5296
58.649
58.649
58.5265
58.6471
58.6471
58.5223
58.6441
58.6441
58.5171
58.6401
58.6401
58.5108
58.6348
58.6348
58.5031
58.6281
58.6281
58.4938
58.6198
58.6198
58.4827
58.6096
58.6096
58.4697
58.5974
58.5974
58.4547
58.5832
58.5832
58.4382
58.5672
58.5672
58.421
58.5501
58.5501
58.4041
58.5327
58.5327
58.3884
58.5156
58.5156
58.3738
58.4985
58.4985
58.3589
58.4799
58.4799
58.3421
58.4579
58.4579
58.3224
58.4318
58.4318
58.3065
58.4081
58.4081
58.3169
58.4088
58.4088
58.4205
58.5002
58.5001
58.7774
58.8408
58.8408
59.6686
59.7101
59.7101
60.306
60.3199
60.32
58.7079
58.5909
58.7079
58.649
58.5296
58.649
58.6471
58.5265
58.6471
58.6441
58.5223
58.6441
58.6401
58.5171
58.6401
58.6348
58.5108
58.6348
58.6281
58.5031
58.6281
58.6198
58.4938
58.6198
58.6096
58.4827
58.6096
58.5974
58.4697
58.5974
58.5832
58.4547
58.5832
58.5672
58.4382
58.5672
58.5501
58.421
58.5501
58.5327
58.4041
58.5327
58.5156
58.3884
58.5156
58.4985
58.3738
58.4985
58.4799
58.3589
58.4799
58.4579
58.3421
58.4579
58.4318
58.3224
58.4318
58.4081
58.3065
58.4081
58.4088
58.3169
58.4088
58.5002
58.4205
58.5002
58.8408
58.7774
58.8408
59.7101
59.6686
59.7101
60.3199
60.306
60.3199
)
;
    }
}


// ************************************************************************* //
