/*--------------------------------*- C++ -*----------------------------------*\
| =========                 |                                                 |
| \\      /  F ield         | OpenFOAM: The Open Source CFD Toolbox           |
|  \\    /   O peration     | Version:  2212                                  |
|   \\  /    A nd           | Website:  www.openfoam.com                      |
|    \\/     M anipulation  |                                                 |
\*---------------------------------------------------------------------------*/
FoamFile
{
    version     2.0;
    format      ascii;
    arch        "LSB;label=32;scalar=64";
    class       volScalarField;
    location    "50/fluidRegion";
    object      deltaT;
}
// * * * * * * * * * * * * * * * * * * * * * * * * * * * * * * * * * * * * * //

dimensions      [0 0 0 1 0 0 0];

internalField   nonuniform List<scalar> 
350
(
0
0
0
0
0
0
0
0
0
0
0
0
0
0
0
0
0
0
0
0
0
0
0
0
0
0
0
0
0
0
0
0
0
0
0
0
0
0
0
0
0
0
0
0
0
0
0
0
0
0
16.266
49.2212
81.9107
114.285
146.284
177.851
208.935
239.485
269.449
298.762
327.324
354.967
381.426
406.302
429.058
449.032
465.444
477.324
483.259
480.872
465.857
430.592
362.964
249.574
91.1769
16.3954
49.62
82.5728
115.205
147.458
179.273
210.6
241.39
271.595
301.154
329.975
357.897
384.66
409.86
432.949
453.243
469.938
482.049
488.16
485.89
470.908
435.492
367.303
252.63
92.2559
16.2452
49.1581
81.8056
114.138
146.097
177.625
208.669
239.181
269.106
298.38
326.899
354.498
380.909
405.734
428.439
448.365
464.736
476.583
482.496
480.097
465.087
429.857
362.327
249.131
91.0136
16.3652
49.527
82.4186
114.991
147.185
178.943
210.213
240.948
271.097
300.6
329.361
357.22
383.913
409.039
432.051
452.271
468.901
480.958
487.028
484.731
469.74
434.358
366.297
251.92
92.0062
16.3652
49.527
82.4186
114.991
147.185
178.943
210.213
240.948
271.097
300.6
329.361
357.22
383.913
409.039
432.051
452.271
468.901
480.957
487.028
484.731
469.74
434.358
366.297
251.92
92.0062
16.2452
49.1581
81.8056
114.138
146.097
177.625
208.669
239.181
269.106
298.38
326.899
354.498
380.909
405.734
428.439
448.365
464.736
476.583
482.496
480.097
465.087
429.858
362.328
249.132
91.0137
16.3954
49.62
82.5728
115.205
147.458
179.273
210.6
241.39
271.595
301.154
329.975
357.897
384.66
409.86
432.949
453.243
469.938
482.049
488.16
485.89
470.908
435.492
367.303
252.63
92.2559
16.266
49.2212
81.9107
114.285
146.284
177.851
208.935
239.485
269.449
298.762
327.324
354.967
381.426
406.302
429.058
449.032
465.444
477.324
483.259
480.872
465.857
430.592
362.964
249.574
91.1769
16.3652
49.527
82.4186
114.991
147.185
178.943
210.213
240.948
271.097
300.6
329.361
357.22
383.913
409.039
432.051
452.271
468.901
480.957
487.028
484.731
469.74
434.358
366.297
251.92
92.0062
16.2452
49.1581
81.8056
114.139
146.097
177.625
208.669
239.181
269.106
298.38
326.899
354.498
380.909
405.734
428.439
448.365
464.736
476.583
482.496
480.097
465.087
429.857
362.327
249.131
91.0136
16.2452
49.1581
81.8056
114.138
146.097
177.625
208.669
239.181
269.106
298.38
326.899
354.498
380.909
405.734
428.439
448.365
464.736
476.583
482.496
480.097
465.087
429.858
362.328
249.132
91.0137
16.3652
49.527
82.4186
114.991
147.185
178.943
210.213
240.948
271.097
300.6
329.361
357.22
383.913
409.039
432.051
452.271
468.901
480.957
487.028
484.731
469.74
434.358
366.297
251.92
92.0062
)
;

boundaryField
{
    outletCentralUnloaded
    {
        type            calculated;
        value           uniform 0;
    }
    inletCentralUnloaded
    {
        type            calculated;
        value           uniform 0;
    }
    outletFuelElement
    {
        type            calculated;
        value           uniform 0;
    }
    inletFuelElement
    {
        type            calculated;
        value           uniform 616.7;
    }
    defaultFaces
    {
        type            calculated;
        value           nonuniform List<scalar> 
450
(
0
0
0
0
0
0
0
0
0
0
0
0
0
0
0
0
0
0
0
0
0
0
0
0
0
0
0
0
0
0
0
0
0
0
0
0
0
0
0
0
0
0
0
0
0
0
0
0
92.9007
92.9007
92.9007
192.787
192.787
192.787
285.188
285.188
285.188
368.664
368.664
368.664
441.957
441.957
441.957
503.883
503.883
503.883
553.219
553.219
553.219
588.795
588.795
588.795
609.91
609.91
609.91
0
0
0
0
0
0
0
0
0
0
0
0
0
0
0
0
0
0
0
0
0
0
0
0
0
0
0
0
0
0
0
0
94.3076
94.3076
193.895
193.895
286.025
286.025
369.266
369.266
442.362
442.362
504.13
504.13
553.349
553.349
588.848
588.848
609.923
609.923
0
0
0
0
0
0
0
0
0
0
0
0
0
0
0
0
85.7191
187.096
280.853
365.522
439.827
502.572
552.526
588.516
609.851
0
0
0
0
0
0
0
0
0
0
0
0
0
0
0
0
85.7191
187.096
280.853
365.522
439.827
502.572
552.526
588.516
609.851
0
0
0
0
0
0
0
0
0
0
0
0
0
0
0
0
0
0
0
0
0
0
0
0
0
0
0
0
0
0
0
0
94.3067
94.3067
193.894
193.894
286.024
286.024
369.265
369.265
442.361
442.361
504.13
504.13
553.348
553.348
588.848
588.848
609.923
609.923
0
0
0
0
0
0
0
0
0
0
0
0
0
0
0
0
0
0
0
0
0
0
0
0
0
0
0
0
0
0
0
0
0
0
0
0
0
0
0
0
0
0
0
0
0
0
0
0
92.9008
92.9008
92.9008
192.787
192.787
192.787
285.188
285.188
285.188
368.664
368.664
368.664
441.957
441.957
441.957
503.883
503.883
503.883
553.219
553.219
553.219
588.795
588.795
588.795
609.91
609.91
609.91
0
0
0
0
0
0
0
0
0
0
0
0
0
0
0
0
85.719
187.096
280.853
365.522
439.827
502.572
552.526
588.516
609.851
0
0
0
0
0
0
0
0
0
0
0
0
0
0
0
0
0
0
0
0
0
0
0
0
0
0
0
0
0
0
0
0
94.3075
94.3075
193.895
193.895
286.025
286.025
369.266
369.266
442.362
442.362
504.13
504.13
553.349
553.349
588.848
588.848
609.923
609.923
0
0
0
0
0
0
0
0
0
0
0
0
0
0
0
0
0
0
0
0
0
0
0
0
0
0
0
0
0
0
0
0
94.3068
94.3068
193.894
193.894
286.024
286.024
369.265
369.265
442.361
442.361
504.13
504.13
553.348
553.348
588.848
588.848
609.923
609.923
0
0
0
0
0
0
0
0
0
0
0
0
0
0
0
0
85.7191
187.096
280.853
365.523
439.827
502.572
552.526
588.516
609.851
)
;
    }
    baffle_master
    {
        type            calculated;
        value           uniform 0;
    }
    baffle_slave
    {
        type            calculated;
        value           nonuniform List<scalar> 
150
(
0
0
0
0
0
0
0
0
0
0
0
0
0
0
0
0
0
0
0
0
0
0
0
0
0
0
0
0
0
0
0
0
0
0
0
0
0
0
0
0
0
0
0
0
0
0
0
0
83.5605
85.7191
85.7191
185.383
187.096
187.096
279.547
280.853
280.853
364.575
365.522
365.523
439.183
439.827
439.827
502.175
502.572
502.572
552.316
552.526
552.526
588.431
588.516
588.516
609.833
609.851
609.851
0
0
0
0
0
0
0
0
0
0
0
0
0
0
0
0
0
0
0
0
0
0
0
0
0
0
0
0
0
0
0
0
0
0
0
0
0
0
0
0
0
0
0
0
0
0
0
0
85.7191
83.5605
85.719
187.096
185.383
187.096
280.853
279.547
280.853
365.522
364.575
365.522
439.827
439.183
439.827
502.572
502.175
502.572
552.526
552.316
552.526
588.516
588.431
588.516
609.851
609.833
609.851
)
;
    }
}


// ************************************************************************* //
