/*--------------------------------*- C++ -*----------------------------------*\
| =========                 |                                                 |
| \\      /  F ield         | OpenFOAM: The Open Source CFD Toolbox           |
|  \\    /   O peration     | Version:  2212                                  |
|   \\  /    A nd           | Website:  www.openfoam.com                      |
|    \\/     M anipulation  |                                                 |
\*---------------------------------------------------------------------------*/
FoamFile
{
    version     2.0;
    format      ascii;
    arch        "LSB;label=32;scalar=64";
    class       volScalarField;
    location    "50/fluidRegion";
    object      hdeltaT;
}
// * * * * * * * * * * * * * * * * * * * * * * * * * * * * * * * * * * * * * //

dimensions      [1 0 -3 0 0 0 0];

internalField   nonuniform List<scalar> 
350
(
0
0
0
0
0
0
0
0
0
0
0
0
0
0
0
0
0
0
0
0
0
0
0
0
0
0
0
0
0
0
0
0
0
0
0
0
0
0
0
0
0
0
0
0
0
0
0
0
0
0
443077
1.33678e+06
2.2093e+06
3.04688e+06
3.83633e+06
4.56519e+06
5.22197e+06
5.79632e+06
6.27918e+06
6.66295e+06
6.94156e+06
7.11065e+06
7.16753e+06
7.11132e+06
6.94291e+06
6.66494e+06
6.28182e+06
5.79956e+06
5.22576e+06
4.56953e+06
3.84116e+06
3.05222e+06
2.21514e+06
1.34335e+06
450725
448059
1.352e+06
2.23452e+06
3.0817e+06
3.88019e+06
4.61741e+06
5.28171e+06
5.86265e+06
6.35104e+06
6.73921e+06
7.02103e+06
7.19205e+06
7.24959e+06
7.19274e+06
7.0224e+06
6.74126e+06
6.35375e+06
5.86597e+06
5.2856e+06
4.62186e+06
3.88515e+06
3.08717e+06
2.2405e+06
1.35873e+06
455877
442283
1.33435e+06
2.20528e+06
3.04134e+06
3.82934e+06
4.55687e+06
5.21245e+06
5.78575e+06
6.26774e+06
6.6508e+06
6.92891e+06
7.09769e+06
7.15447e+06
7.09836e+06
6.93025e+06
6.65279e+06
6.27036e+06
5.78899e+06
5.21623e+06
4.5612e+06
3.83416e+06
3.04665e+06
2.2111e+06
1.3409e+06
449904
446911
1.34849e+06
2.22871e+06
3.07368e+06
3.8701e+06
4.60538e+06
5.26796e+06
5.84738e+06
6.3345e+06
6.72165e+06
7.00273e+06
7.17331e+06
7.2307e+06
7.174e+06
7.0041e+06
6.72369e+06
6.33719e+06
5.85068e+06
5.27183e+06
4.60981e+06
3.87502e+06
3.07912e+06
2.23467e+06
1.35519e+06
454691
446911
1.34849e+06
2.22871e+06
3.07369e+06
3.8701e+06
4.60538e+06
5.26796e+06
5.84738e+06
6.3345e+06
6.72165e+06
7.00273e+06
7.17331e+06
7.2307e+06
7.174e+06
7.0041e+06
6.72369e+06
6.33719e+06
5.85068e+06
5.27183e+06
4.60981e+06
3.87502e+06
3.07912e+06
2.23467e+06
1.35519e+06
454691
442283
1.33435e+06
2.20528e+06
3.04134e+06
3.82934e+06
4.55687e+06
5.21245e+06
5.78575e+06
6.26774e+06
6.6508e+06
6.92891e+06
7.09769e+06
7.15447e+06
7.09836e+06
6.93025e+06
6.65279e+06
6.27036e+06
5.78899e+06
5.21623e+06
4.5612e+06
3.83416e+06
3.04665e+06
2.2111e+06
1.3409e+06
449904
448059
1.352e+06
2.23452e+06
3.0817e+06
3.88019e+06
4.61741e+06
5.28171e+06
5.86264e+06
6.35104e+06
6.73921e+06
7.02102e+06
7.19205e+06
7.24959e+06
7.19274e+06
7.0224e+06
6.74126e+06
6.35375e+06
5.86597e+06
5.2856e+06
4.62186e+06
3.88515e+06
3.08717e+06
2.2405e+06
1.35873e+06
455877
443077
1.33678e+06
2.2093e+06
3.04688e+06
3.83633e+06
4.56519e+06
5.22197e+06
5.79632e+06
6.27918e+06
6.66295e+06
6.94156e+06
7.11065e+06
7.16753e+06
7.11132e+06
6.94291e+06
6.66494e+06
6.28182e+06
5.79956e+06
5.22576e+06
4.56953e+06
3.84116e+06
3.05222e+06
2.21514e+06
1.34335e+06
450724
446911
1.34849e+06
2.22871e+06
3.07369e+06
3.87009e+06
4.60538e+06
5.26796e+06
5.84738e+06
6.3345e+06
6.72165e+06
7.00273e+06
7.17331e+06
7.2307e+06
7.174e+06
7.0041e+06
6.72369e+06
6.33719e+06
5.85068e+06
5.27183e+06
4.60982e+06
3.87502e+06
3.07912e+06
2.23467e+06
1.35519e+06
454691
442283
1.33435e+06
2.20528e+06
3.04134e+06
3.82934e+06
4.55687e+06
5.21245e+06
5.78575e+06
6.26774e+06
6.6508e+06
6.92891e+06
7.09769e+06
7.15446e+06
7.09836e+06
6.93025e+06
6.65279e+06
6.27036e+06
5.78899e+06
5.21623e+06
4.5612e+06
3.83416e+06
3.04665e+06
2.2111e+06
1.3409e+06
449904
442283
1.33435e+06
2.20528e+06
3.04134e+06
3.82934e+06
4.55687e+06
5.21245e+06
5.78575e+06
6.26774e+06
6.6508e+06
6.92891e+06
7.09769e+06
7.15447e+06
7.09836e+06
6.93025e+06
6.65279e+06
6.27036e+06
5.78899e+06
5.21623e+06
4.5612e+06
3.83416e+06
3.04665e+06
2.2111e+06
1.3409e+06
449904
446911
1.34849e+06
2.22871e+06
3.07369e+06
3.8701e+06
4.60538e+06
5.26796e+06
5.84738e+06
6.3345e+06
6.72165e+06
7.00273e+06
7.17331e+06
7.2307e+06
7.174e+06
7.0041e+06
6.72369e+06
6.33719e+06
5.85068e+06
5.27183e+06
4.60981e+06
3.87502e+06
3.07912e+06
2.23466e+06
1.35519e+06
454691
)
;

boundaryField
{
    outletCentralUnloaded
    {
        type            calculated;
        value           uniform 0;
    }
    inletCentralUnloaded
    {
        type            calculated;
        value           uniform 0;
    }
    outletFuelElement
    {
        type            calculated;
        value           uniform 0;
    }
    inletFuelElement
    {
        type            calculated;
        value           nonuniform List<scalar> 
12
(
3.0486e+06
3.04739e+06
3.04851e+06
3.04771e+06
3.04771e+06
3.04851e+06
3.04739e+06
3.0486e+06
3.04771e+06
3.04851e+06
3.04851e+06
3.04771e+06
)
;
    }
    defaultFaces
    {
        type            calculated;
        value           nonuniform List<scalar> 
450
(
0
0
0
0
0
0
0
0
0
0
0
0
0
0
0
0
0
0
0
0
0
0
0
0
0
0
0
0
0
0
0
0
0
0
0
0
0
0
0
0
0
0
0
0
0
0
0
0
1.25382e+06
1.25382e+06
1.25382e+06
2.3424e+06
2.3424e+06
2.3424e+06
3.0839e+06
3.0839e+06
3.0839e+06
3.50326e+06
3.50326e+06
3.50326e+06
3.6441e+06
3.6441e+06
3.6441e+06
3.57174e+06
3.57174e+06
3.57174e+06
3.37625e+06
3.37625e+06
3.37625e+06
3.16924e+06
3.16924e+06
3.16924e+06
3.01503e+06
3.01503e+06
3.01503e+06
0
0
0
0
0
0
0
0
0
0
0
0
0
0
0
0
0
0
0
0
0
0
0
0
0
0
0
0
0
0
0
0
1.27243e+06
1.27243e+06
2.35522e+06
2.35522e+06
3.0922e+06
3.0922e+06
3.50824e+06
3.50824e+06
3.64681e+06
3.64681e+06
3.57307e+06
3.57307e+06
3.37681e+06
3.37681e+06
3.16937e+06
3.16937e+06
3.01501e+06
3.01501e+06
0
0
0
0
0
0
0
0
0
0
0
0
0
0
0
0
1.15849e+06
2.27596e+06
3.04009e+06
3.47614e+06
3.62826e+06
3.56269e+06
3.37079e+06
3.16588e+06
3.01386e+06
0
0
0
0
0
0
0
0
0
0
0
0
0
0
0
0
1.15849e+06
2.27596e+06
3.04009e+06
3.47614e+06
3.62826e+06
3.56269e+06
3.37079e+06
3.16588e+06
3.01386e+06
0
0
0
0
0
0
0
0
0
0
0
0
0
0
0
0
0
0
0
0
0
0
0
0
0
0
0
0
0
0
0
0
1.27242e+06
1.27242e+06
2.35521e+06
2.35521e+06
3.09219e+06
3.09219e+06
3.50823e+06
3.50823e+06
3.64681e+06
3.64681e+06
3.57306e+06
3.57306e+06
3.37681e+06
3.37681e+06
3.16936e+06
3.16936e+06
3.015e+06
3.015e+06
0
0
0
0
0
0
0
0
0
0
0
0
0
0
0
0
0
0
0
0
0
0
0
0
0
0
0
0
0
0
0
0
0
0
0
0
0
0
0
0
0
0
0
0
0
0
0
0
1.25382e+06
1.25382e+06
1.25382e+06
2.3424e+06
2.3424e+06
2.3424e+06
3.0839e+06
3.0839e+06
3.0839e+06
3.50326e+06
3.50326e+06
3.50326e+06
3.64409e+06
3.64409e+06
3.64409e+06
3.57174e+06
3.57174e+06
3.57174e+06
3.37625e+06
3.37625e+06
3.37625e+06
3.16924e+06
3.16924e+06
3.16924e+06
3.01503e+06
3.01503e+06
3.01503e+06
0
0
0
0
0
0
0
0
0
0
0
0
0
0
0
0
1.15849e+06
2.27596e+06
3.04009e+06
3.47614e+06
3.62826e+06
3.56269e+06
3.37079e+06
3.16588e+06
3.01386e+06
0
0
0
0
0
0
0
0
0
0
0
0
0
0
0
0
0
0
0
0
0
0
0
0
0
0
0
0
0
0
0
0
1.27243e+06
1.27243e+06
2.35522e+06
2.35522e+06
3.0922e+06
3.0922e+06
3.50824e+06
3.50824e+06
3.64681e+06
3.64681e+06
3.57307e+06
3.57307e+06
3.37681e+06
3.37681e+06
3.16937e+06
3.16937e+06
3.01501e+06
3.01501e+06
0
0
0
0
0
0
0
0
0
0
0
0
0
0
0
0
0
0
0
0
0
0
0
0
0
0
0
0
0
0
0
0
1.27242e+06
1.27242e+06
2.35521e+06
2.35521e+06
3.09219e+06
3.09219e+06
3.50823e+06
3.50823e+06
3.64681e+06
3.64681e+06
3.57306e+06
3.57306e+06
3.37681e+06
3.37681e+06
3.16936e+06
3.16936e+06
3.015e+06
3.015e+06
0
0
0
0
0
0
0
0
0
0
0
0
0
0
0
0
1.15849e+06
2.27596e+06
3.04009e+06
3.47614e+06
3.62826e+06
3.56268e+06
3.37079e+06
3.16588e+06
3.01386e+06
)
;
    }
    baffle_master
    {
        type            calculated;
        value           uniform 0;
    }
    baffle_slave
    {
        type            calculated;
        value           nonuniform List<scalar> 
150
(
0
0
0
0
0
0
0
0
0
0
0
0
0
0
0
0
0
0
0
0
0
0
0
0
0
0
0
0
0
0
0
0
0
0
0
0
0
0
0
0
0
0
0
0
0
0
0
0
1.12977e+06
1.15849e+06
1.15849e+06
2.25589e+06
2.27596e+06
2.27596e+06
3.02683e+06
3.04009e+06
3.04009e+06
3.46789e+06
3.47614e+06
3.47614e+06
3.62341e+06
3.62826e+06
3.62826e+06
3.55988e+06
3.56269e+06
3.56268e+06
3.36906e+06
3.37079e+06
3.37079e+06
3.16478e+06
3.16588e+06
3.16588e+06
3.01345e+06
3.01386e+06
3.01386e+06
0
0
0
0
0
0
0
0
0
0
0
0
0
0
0
0
0
0
0
0
0
0
0
0
0
0
0
0
0
0
0
0
0
0
0
0
0
0
0
0
0
0
0
0
0
0
0
0
1.15849e+06
1.12977e+06
1.15849e+06
2.27596e+06
2.25589e+06
2.27596e+06
3.04009e+06
3.02683e+06
3.04009e+06
3.47614e+06
3.46789e+06
3.47614e+06
3.62826e+06
3.62341e+06
3.62826e+06
3.56269e+06
3.55988e+06
3.56269e+06
3.37079e+06
3.36906e+06
3.37079e+06
3.16588e+06
3.16478e+06
3.16588e+06
3.01386e+06
3.01345e+06
3.01386e+06
)
;
    }
}


// ************************************************************************* //
