/*--------------------------------*- C++ -*----------------------------------*\
| =========                 |                                                 |
| \\      /  F ield         | OpenFOAM: The Open Source CFD Toolbox           |
|  \\    /   O peration     | Version:  2212                                  |
|   \\  /    A nd           | Website:  www.openfoam.com                      |
|    \\/     M anipulation  |                                                 |
\*---------------------------------------------------------------------------*/
FoamFile
{
    version     2.0;
    format      ascii;
    arch        "LSB;label=32;scalar=64";
    class       volScalarField;
    location    "50/fluidRegion";
    object      k;
}
// * * * * * * * * * * * * * * * * * * * * * * * * * * * * * * * * * * * * * //

dimensions      [0 2 -2 0 0 0 0];

internalField   nonuniform List<scalar> 
350
(
0.421097
0.42103
0.420962
0.420892
0.42082
0.420748
0.420675
0.420603
0.420533
0.420466
0.420401
0.420339
0.42028
0.420226
0.42018
0.420147
0.420134
0.420153
0.420219
0.420357
0.420605
0.421018
0.421684
0.422738
0.424382
0.421097
0.42103
0.420962
0.420892
0.42082
0.420748
0.420675
0.420603
0.420533
0.420466
0.420401
0.420339
0.42028
0.420226
0.42018
0.420147
0.420134
0.420153
0.420219
0.420357
0.420605
0.421018
0.421684
0.422738
0.424382
406.19
383.662
358.032
329.806
299.769
268.698
237.341
206.399
176.508
148.233
122.049
98.3389
77.3745
59.3128
44.1855
31.9006
22.2532
14.9501
9.64286
5.96213
3.54824
2.072
1.24993
0.853306
0.713321
411.9
389.108
363.175
334.596
304.168
272.679
240.889
209.507
179.183
150.488
123.908
99.8311
78.5376
60.1891
44.821
32.3419
22.5448
15.1322
9.74896
6.01889
3.5754
2.08318
1.2537
0.854334
0.713709
405.245
382.759
357.183
329.018
299.048
268.048
236.764
205.895
176.076
147.87
121.751
98.1003
77.1892
59.1734
44.0845
31.8304
22.2067
14.921
9.62568
5.95273
3.54353
2.06986
1.24906
0.852967
0.713191
410.647
387.91
362.04
333.537
303.193
271.794
240.098
208.813
178.584
149.982
123.49
99.4948
78.2748
59.9907
44.6768
32.2416
22.4785
15.0907
9.72478
6.00596
3.56922
2.08065
1.25286
0.854119
0.713632
410.647
387.91
362.04
333.537
303.193
271.794
240.098
208.813
178.584
149.982
123.49
99.4948
78.2748
59.9907
44.6768
32.2416
22.4785
15.0907
9.72478
6.00596
3.56922
2.08065
1.25286
0.854119
0.713633
405.246
382.759
357.183
329.018
299.049
268.049
236.764
205.895
176.076
147.87
121.752
98.1005
77.1892
59.1734
44.0846
31.8305
22.2067
14.921
9.62568
5.95272
3.54352
2.06985
1.24905
0.852963
0.713188
411.9
389.108
363.175
334.596
304.168
272.679
240.889
209.507
179.183
150.488
123.908
99.8311
78.5376
60.1891
44.821
32.3419
22.5448
15.1322
9.74896
6.01889
3.5754
2.08318
1.2537
0.854334
0.713709
406.19
383.662
358.032
329.806
299.769
268.698
237.341
206.398
176.508
148.233
122.049
98.3389
77.3745
59.3128
44.1855
31.9006
22.2532
14.9501
9.64286
5.96212
3.54823
2.07199
1.24993
0.853301
0.713316
410.647
387.91
362.04
333.537
303.193
271.794
240.098
208.813
178.584
149.982
123.49
99.4948
78.2748
59.9907
44.6768
32.2416
22.4785
15.0907
9.72478
6.00596
3.56922
2.08065
1.25286
0.854117
0.71363
405.245
382.759
357.183
329.018
299.048
268.048
236.764
205.895
176.076
147.87
121.751
98.1004
77.1892
59.1734
44.0846
31.8305
22.2067
14.921
9.6257
5.95275
3.54354
2.06987
1.24907
0.852979
0.713202
405.246
382.759
357.183
329.018
299.049
268.049
236.764
205.895
176.076
147.87
121.752
98.1005
77.1892
59.1734
44.0846
31.8305
22.2067
14.921
9.62567
5.95272
3.54352
2.06985
1.24905
0.852965
0.713191
410.647
387.91
362.04
333.537
303.193
271.794
240.098
208.813
178.584
149.982
123.49
99.4948
78.2748
59.9907
44.6768
32.2416
22.4785
15.0907
9.72477
6.00594
3.56921
2.08064
1.25285
0.85411
0.713624
)
;

boundaryField
{
    outletCentralUnloaded
    {
        type            zeroGradient;
    }
    inletCentralUnloaded
    {
        type            zeroGradient;
    }
    outletFuelElement
    {
        type            zeroGradient;
    }
    inletFuelElement
    {
        type            zeroGradient;
    }
    defaultFaces
    {
        type            zeroGradient;
    }
    baffle_master
    {
        type            zeroGradient;
    }
    baffle_slave
    {
        type            zeroGradient;
    }
}


// ************************************************************************* //
