/*--------------------------------*- C++ -*----------------------------------*\
| =========                 |                                                 |
| \\      /  F ield         | OpenFOAM: The Open Source CFD Toolbox           |
|  \\    /   O peration     | Version:  2212                                  |
|   \\  /    A nd           | Website:  www.openfoam.com                      |
|    \\/     M anipulation  |                                                 |
\*---------------------------------------------------------------------------*/
FoamFile
{
    version     2.0;
    format      ascii;
    arch        "LSB;label=32;scalar=64";
    class       volTensorField;
    location    "50/fluidRegion";
    object      Kd;
}
// * * * * * * * * * * * * * * * * * * * * * * * * * * * * * * * * * * * * * //

dimensions      [1 -3 -1 0 0 0 0];

internalField   nonuniform List<tensor> 
350
(
(84.7437 0 0 0 84.7437 0 0 0 84.7437)
(84.7436 0 0 0 84.7436 0 0 0 84.7436)
(84.7433 0 0 0 84.7433 0 0 0 84.7433)
(84.7426 0 0 0 84.7426 0 0 0 84.7426)
(84.7415 0 0 0 84.7415 0 0 0 84.7415)
(84.7404 0 0 0 84.7404 0 0 0 84.7404)
(84.7397 0 0 0 84.7397 0 0 0 84.7397)
(84.74 0 0 0 84.74 0 0 0 84.74)
(84.741 0 0 0 84.741 0 0 0 84.741)
(84.742 0 0 0 84.742 0 0 0 84.742)
(84.7425 0 0 0 84.7425 0 0 0 84.7425)
(84.7421 0 0 0 84.7421 0 0 0 84.7421)
(84.741 0 0 0 84.741 0 0 0 84.741)
(84.74 0 0 0 84.74 0 0 0 84.74)
(84.7396 0 0 0 84.7396 0 0 0 84.7396)
(84.7403 0 0 0 84.7403 0 0 0 84.7403)
(84.7417 0 0 0 84.7417 0 0 0 84.7417)
(84.743 0 0 0 84.743 0 0 0 84.743)
(84.7437 0 0 0 84.7437 0 0 0 84.7437)
(84.7433 0 0 0 84.7433 0 0 0 84.7433)
(84.7422 0 0 0 84.7422 0 0 0 84.7422)
(84.741 0 0 0 84.741 0 0 0 84.741)
(84.7404 0 0 0 84.7404 0 0 0 84.7404)
(84.7405 0 0 0 84.7405 0 0 0 84.7405)
(84.8732 0 0 0 84.8732 0 0 0 84.8732)
(84.7437 0 0 0 84.7437 0 0 0 84.7437)
(84.7436 0 0 0 84.7436 0 0 0 84.7436)
(84.7433 0 0 0 84.7433 0 0 0 84.7433)
(84.7426 0 0 0 84.7426 0 0 0 84.7426)
(84.7415 0 0 0 84.7415 0 0 0 84.7415)
(84.7404 0 0 0 84.7404 0 0 0 84.7404)
(84.7397 0 0 0 84.7397 0 0 0 84.7397)
(84.74 0 0 0 84.74 0 0 0 84.74)
(84.741 0 0 0 84.741 0 0 0 84.741)
(84.742 0 0 0 84.742 0 0 0 84.742)
(84.7425 0 0 0 84.7425 0 0 0 84.7425)
(84.7421 0 0 0 84.7421 0 0 0 84.7421)
(84.741 0 0 0 84.741 0 0 0 84.741)
(84.74 0 0 0 84.74 0 0 0 84.74)
(84.7396 0 0 0 84.7396 0 0 0 84.7396)
(84.7403 0 0 0 84.7403 0 0 0 84.7403)
(84.7417 0 0 0 84.7417 0 0 0 84.7417)
(84.743 0 0 0 84.743 0 0 0 84.743)
(84.7437 0 0 0 84.7437 0 0 0 84.7437)
(84.7433 0 0 0 84.7433 0 0 0 84.7433)
(84.7422 0 0 0 84.7422 0 0 0 84.7422)
(84.741 0 0 0 84.741 0 0 0 84.741)
(84.7404 0 0 0 84.7404 0 0 0 84.7404)
(84.7405 0 0 0 84.7405 0 0 0 84.7405)
(84.8732 0 0 0 84.8732 0 0 0 84.8732)
(682.571 0 0 0 682.571 0 0 0 682.571)
(682.111 0 0 0 682.111 0 0 0 682.111)
(682.123 0 0 0 682.123 0 0 0 682.123)
(682.125 0 0 0 682.125 0 0 0 682.125)
(682.116 0 0 0 682.116 0 0 0 682.116)
(682.094 0 0 0 682.094 0 0 0 682.094)
(682.058 0 0 0 682.058 0 0 0 682.058)
(682.006 0 0 0 682.006 0 0 0 682.006)
(681.937 0 0 0 681.937 0 0 0 681.937)
(681.848 0 0 0 681.848 0 0 0 681.848)
(681.738 0 0 0 681.738 0 0 0 681.738)
(681.606 0 0 0 681.606 0 0 0 681.606)
(681.454 0 0 0 681.454 0 0 0 681.454)
(681.281 0 0 0 681.281 0 0 0 681.281)
(681.085 0 0 0 681.085 0 0 0 681.085)
(680.856 0 0 0 680.856 0 0 0 680.856)
(680.576 0 0 0 680.576 0 0 0 680.576)
(680.229 0 0 0 680.229 0 0 0 680.229)
(679.808 0 0 0 679.808 0 0 0 679.808)
(679.365 0 0 0 679.365 0 0 0 679.365)
(679.083 0 0 0 679.083 0 0 0 679.083)
(679.511 0 0 0 679.511 0 0 0 679.511)
(681.98 0 0 0 681.98 0 0 0 681.98)
(688.855 0 0 0 688.855 0 0 0 688.855)
(693.351 0 0 0 693.351 0 0 0 693.351)
(678.034 0 0 0 678.034 0 0 0 678.034)
(677.503 0 0 0 677.503 0 0 0 677.503)
(677.476 0 0 0 677.476 0 0 0 677.476)
(677.439 0 0 0 677.439 0 0 0 677.439)
(677.394 0 0 0 677.394 0 0 0 677.394)
(677.339 0 0 0 677.339 0 0 0 677.339)
(677.272 0 0 0 677.272 0 0 0 677.272)
(677.191 0 0 0 677.191 0 0 0 677.191)
(677.095 0 0 0 677.095 0 0 0 677.095)
(676.982 0 0 0 676.982 0 0 0 676.982)
(676.852 0 0 0 676.852 0 0 0 676.852)
(676.709 0 0 0 676.709 0 0 0 676.709)
(676.559 0 0 0 676.559 0 0 0 676.559)
(676.413 0 0 0 676.413 0 0 0 676.413)
(676.276 0 0 0 676.276 0 0 0 676.276)
(676.149 0 0 0 676.149 0 0 0 676.149)
(676.02 0 0 0 676.02 0 0 0 676.02)
(675.874 0 0 0 675.874 0 0 0 675.874)
(675.703 0 0 0 675.703 0 0 0 675.703)
(675.565 0 0 0 675.565 0 0 0 675.565)
(675.655 0 0 0 675.655 0 0 0 675.655)
(676.555 0 0 0 676.555 0 0 0 676.555)
(679.652 0 0 0 679.652 0 0 0 679.652)
(687.367 0 0 0 687.367 0 0 0 687.367)
(692.866 0 0 0 692.866 0 0 0 692.866)
(683.329 0 0 0 683.329 0 0 0 683.329)
(682.866 0 0 0 682.866 0 0 0 682.866)
(682.881 0 0 0 682.881 0 0 0 682.881)
(682.886 0 0 0 682.886 0 0 0 682.886)
(682.879 0 0 0 682.879 0 0 0 682.879)
(682.859 0 0 0 682.859 0 0 0 682.859)
(682.824 0 0 0 682.824 0 0 0 682.824)
(682.773 0 0 0 682.773 0 0 0 682.773)
(682.705 0 0 0 682.705 0 0 0 682.705)
(682.615 0 0 0 682.615 0 0 0 682.615)
(682.504 0 0 0 682.504 0 0 0 682.504)
(682.369 0 0 0 682.369 0 0 0 682.369)
(682.211 0 0 0 682.211 0 0 0 682.211)
(682.028 0 0 0 682.028 0 0 0 682.028)
(681.815 0 0 0 681.815 0 0 0 681.815)
(681.562 0 0 0 681.562 0 0 0 681.562)
(681.251 0 0 0 681.251 0 0 0 681.251)
(680.863 0 0 0 680.863 0 0 0 680.863)
(680.392 0 0 0 680.392 0 0 0 680.392)
(679.89 0 0 0 679.89 0 0 0 679.89)
(679.535 0 0 0 679.535 0 0 0 679.535)
(679.873 0 0 0 679.873 0 0 0 679.873)
(682.228 0 0 0 682.228 0 0 0 682.228)
(688.967 0 0 0 688.967 0 0 0 688.967)
(693.368 0 0 0 693.368 0 0 0 693.368)
(679.049 0 0 0 679.049 0 0 0 679.049)
(678.538 0 0 0 678.538 0 0 0 678.538)
(678.522 0 0 0 678.522 0 0 0 678.522)
(678.496 0 0 0 678.496 0 0 0 678.496)
(678.461 0 0 0 678.461 0 0 0 678.461)
(678.415 0 0 0 678.415 0 0 0 678.415)
(678.358 0 0 0 678.358 0 0 0 678.358)
(678.285 0 0 0 678.285 0 0 0 678.285)
(678.197 0 0 0 678.197 0 0 0 678.197)
(678.091 0 0 0 678.091 0 0 0 678.091)
(677.967 0 0 0 677.967 0 0 0 677.967)
(677.828 0 0 0 677.828 0 0 0 677.828)
(677.68 0 0 0 677.68 0 0 0 677.68)
(677.529 0 0 0 677.529 0 0 0 677.529)
(677.381 0 0 0 677.381 0 0 0 677.381)
(677.232 0 0 0 677.232 0 0 0 677.232)
(677.071 0 0 0 677.071 0 0 0 677.071)
(676.88 0 0 0 676.88 0 0 0 676.88)
(676.653 0 0 0 676.653 0 0 0 676.653)
(676.447 0 0 0 676.447 0 0 0 676.447)
(676.453 0 0 0 676.453 0 0 0 676.453)
(677.247 0 0 0 677.247 0 0 0 677.247)
(680.202 0 0 0 680.202 0 0 0 680.202)
(687.725 0 0 0 687.725 0 0 0 687.725)
(692.986 0 0 0 692.986 0 0 0 692.986)
(679.049 0 0 0 679.049 0 0 0 679.049)
(678.538 0 0 0 678.538 0 0 0 678.538)
(678.522 0 0 0 678.522 0 0 0 678.522)
(678.496 0 0 0 678.496 0 0 0 678.496)
(678.461 0 0 0 678.461 0 0 0 678.461)
(678.415 0 0 0 678.415 0 0 0 678.415)
(678.358 0 0 0 678.358 0 0 0 678.358)
(678.285 0 0 0 678.285 0 0 0 678.285)
(678.197 0 0 0 678.197 0 0 0 678.197)
(678.091 0 0 0 678.091 0 0 0 678.091)
(677.967 0 0 0 677.967 0 0 0 677.967)
(677.828 0 0 0 677.828 0 0 0 677.828)
(677.68 0 0 0 677.68 0 0 0 677.68)
(677.529 0 0 0 677.529 0 0 0 677.529)
(677.381 0 0 0 677.381 0 0 0 677.381)
(677.232 0 0 0 677.232 0 0 0 677.232)
(677.071 0 0 0 677.071 0 0 0 677.071)
(676.88 0 0 0 676.88 0 0 0 676.88)
(676.653 0 0 0 676.653 0 0 0 676.653)
(676.447 0 0 0 676.447 0 0 0 676.447)
(676.453 0 0 0 676.453 0 0 0 676.453)
(677.247 0 0 0 677.247 0 0 0 677.247)
(680.202 0 0 0 680.202 0 0 0 680.202)
(687.725 0 0 0 687.725 0 0 0 687.725)
(692.986 0 0 0 692.986 0 0 0 692.986)
(683.329 0 0 0 683.329 0 0 0 683.329)
(682.865 0 0 0 682.865 0 0 0 682.865)
(682.881 0 0 0 682.881 0 0 0 682.881)
(682.886 0 0 0 682.886 0 0 0 682.886)
(682.879 0 0 0 682.879 0 0 0 682.879)
(682.859 0 0 0 682.859 0 0 0 682.859)
(682.824 0 0 0 682.824 0 0 0 682.824)
(682.773 0 0 0 682.773 0 0 0 682.773)
(682.704 0 0 0 682.704 0 0 0 682.704)
(682.615 0 0 0 682.615 0 0 0 682.615)
(682.504 0 0 0 682.504 0 0 0 682.504)
(682.369 0 0 0 682.369 0 0 0 682.369)
(682.211 0 0 0 682.211 0 0 0 682.211)
(682.027 0 0 0 682.027 0 0 0 682.027)
(681.814 0 0 0 681.814 0 0 0 681.814)
(681.561 0 0 0 681.561 0 0 0 681.561)
(681.25 0 0 0 681.25 0 0 0 681.25)
(680.862 0 0 0 680.862 0 0 0 680.862)
(680.391 0 0 0 680.391 0 0 0 680.391)
(679.889 0 0 0 679.889 0 0 0 679.889)
(679.534 0 0 0 679.534 0 0 0 679.534)
(679.871 0 0 0 679.871 0 0 0 679.871)
(682.226 0 0 0 682.226 0 0 0 682.226)
(688.965 0 0 0 688.965 0 0 0 688.965)
(693.367 0 0 0 693.367 0 0 0 693.367)
(678.034 0 0 0 678.034 0 0 0 678.034)
(677.503 0 0 0 677.503 0 0 0 677.503)
(677.476 0 0 0 677.476 0 0 0 677.476)
(677.439 0 0 0 677.439 0 0 0 677.439)
(677.394 0 0 0 677.394 0 0 0 677.394)
(677.339 0 0 0 677.339 0 0 0 677.339)
(677.272 0 0 0 677.272 0 0 0 677.272)
(677.191 0 0 0 677.191 0 0 0 677.191)
(677.095 0 0 0 677.095 0 0 0 677.095)
(676.982 0 0 0 676.982 0 0 0 676.982)
(676.852 0 0 0 676.852 0 0 0 676.852)
(676.709 0 0 0 676.709 0 0 0 676.709)
(676.559 0 0 0 676.559 0 0 0 676.559)
(676.413 0 0 0 676.413 0 0 0 676.413)
(676.276 0 0 0 676.276 0 0 0 676.276)
(676.149 0 0 0 676.149 0 0 0 676.149)
(676.02 0 0 0 676.02 0 0 0 676.02)
(675.874 0 0 0 675.874 0 0 0 675.874)
(675.703 0 0 0 675.703 0 0 0 675.703)
(675.565 0 0 0 675.565 0 0 0 675.565)
(675.655 0 0 0 675.655 0 0 0 675.655)
(676.554 0 0 0 676.554 0 0 0 676.554)
(679.652 0 0 0 679.652 0 0 0 679.652)
(687.367 0 0 0 687.367 0 0 0 687.367)
(692.866 0 0 0 692.866 0 0 0 692.866)
(682.571 0 0 0 682.571 0 0 0 682.571)
(682.111 0 0 0 682.111 0 0 0 682.111)
(682.123 0 0 0 682.123 0 0 0 682.123)
(682.125 0 0 0 682.125 0 0 0 682.125)
(682.116 0 0 0 682.116 0 0 0 682.116)
(682.094 0 0 0 682.094 0 0 0 682.094)
(682.058 0 0 0 682.058 0 0 0 682.058)
(682.006 0 0 0 682.006 0 0 0 682.006)
(681.937 0 0 0 681.937 0 0 0 681.937)
(681.848 0 0 0 681.848 0 0 0 681.848)
(681.738 0 0 0 681.738 0 0 0 681.738)
(681.606 0 0 0 681.606 0 0 0 681.606)
(681.454 0 0 0 681.454 0 0 0 681.454)
(681.281 0 0 0 681.281 0 0 0 681.281)
(681.085 0 0 0 681.085 0 0 0 681.085)
(680.856 0 0 0 680.856 0 0 0 680.856)
(680.576 0 0 0 680.576 0 0 0 680.576)
(680.229 0 0 0 680.229 0 0 0 680.229)
(679.808 0 0 0 679.808 0 0 0 679.808)
(679.365 0 0 0 679.365 0 0 0 679.365)
(679.083 0 0 0 679.083 0 0 0 679.083)
(679.511 0 0 0 679.511 0 0 0 679.511)
(681.98 0 0 0 681.98 0 0 0 681.98)
(688.855 0 0 0 688.855 0 0 0 688.855)
(693.351 0 0 0 693.351 0 0 0 693.351)
(679.049 0 0 0 679.049 0 0 0 679.049)
(678.538 0 0 0 678.538 0 0 0 678.538)
(678.522 0 0 0 678.522 0 0 0 678.522)
(678.496 0 0 0 678.496 0 0 0 678.496)
(678.461 0 0 0 678.461 0 0 0 678.461)
(678.415 0 0 0 678.415 0 0 0 678.415)
(678.358 0 0 0 678.358 0 0 0 678.358)
(678.285 0 0 0 678.285 0 0 0 678.285)
(678.197 0 0 0 678.197 0 0 0 678.197)
(678.091 0 0 0 678.091 0 0 0 678.091)
(677.967 0 0 0 677.967 0 0 0 677.967)
(677.828 0 0 0 677.828 0 0 0 677.828)
(677.68 0 0 0 677.68 0 0 0 677.68)
(677.529 0 0 0 677.529 0 0 0 677.529)
(677.381 0 0 0 677.381 0 0 0 677.381)
(677.232 0 0 0 677.232 0 0 0 677.232)
(677.071 0 0 0 677.071 0 0 0 677.071)
(676.88 0 0 0 676.88 0 0 0 676.88)
(676.653 0 0 0 676.653 0 0 0 676.653)
(676.447 0 0 0 676.447 0 0 0 676.447)
(676.453 0 0 0 676.453 0 0 0 676.453)
(677.247 0 0 0 677.247 0 0 0 677.247)
(680.202 0 0 0 680.202 0 0 0 680.202)
(687.725 0 0 0 687.725 0 0 0 687.725)
(692.986 0 0 0 692.986 0 0 0 692.986)
(683.329 0 0 0 683.329 0 0 0 683.329)
(682.865 0 0 0 682.865 0 0 0 682.865)
(682.881 0 0 0 682.881 0 0 0 682.881)
(682.886 0 0 0 682.886 0 0 0 682.886)
(682.879 0 0 0 682.879 0 0 0 682.879)
(682.859 0 0 0 682.859 0 0 0 682.859)
(682.824 0 0 0 682.824 0 0 0 682.824)
(682.773 0 0 0 682.773 0 0 0 682.773)
(682.704 0 0 0 682.704 0 0 0 682.704)
(682.615 0 0 0 682.615 0 0 0 682.615)
(682.504 0 0 0 682.504 0 0 0 682.504)
(682.369 0 0 0 682.369 0 0 0 682.369)
(682.211 0 0 0 682.211 0 0 0 682.211)
(682.028 0 0 0 682.028 0 0 0 682.028)
(681.815 0 0 0 681.815 0 0 0 681.815)
(681.562 0 0 0 681.562 0 0 0 681.562)
(681.25 0 0 0 681.25 0 0 0 681.25)
(680.863 0 0 0 680.863 0 0 0 680.863)
(680.392 0 0 0 680.392 0 0 0 680.392)
(679.89 0 0 0 679.89 0 0 0 679.89)
(679.535 0 0 0 679.535 0 0 0 679.535)
(679.873 0 0 0 679.873 0 0 0 679.873)
(682.228 0 0 0 682.228 0 0 0 682.228)
(688.967 0 0 0 688.967 0 0 0 688.967)
(693.368 0 0 0 693.368 0 0 0 693.368)
(683.329 0 0 0 683.329 0 0 0 683.329)
(682.865 0 0 0 682.865 0 0 0 682.865)
(682.881 0 0 0 682.881 0 0 0 682.881)
(682.886 0 0 0 682.886 0 0 0 682.886)
(682.879 0 0 0 682.879 0 0 0 682.879)
(682.859 0 0 0 682.859 0 0 0 682.859)
(682.824 0 0 0 682.824 0 0 0 682.824)
(682.773 0 0 0 682.773 0 0 0 682.773)
(682.704 0 0 0 682.704 0 0 0 682.704)
(682.615 0 0 0 682.615 0 0 0 682.615)
(682.504 0 0 0 682.504 0 0 0 682.504)
(682.369 0 0 0 682.369 0 0 0 682.369)
(682.211 0 0 0 682.211 0 0 0 682.211)
(682.027 0 0 0 682.027 0 0 0 682.027)
(681.815 0 0 0 681.815 0 0 0 681.815)
(681.561 0 0 0 681.561 0 0 0 681.561)
(681.25 0 0 0 681.25 0 0 0 681.25)
(680.862 0 0 0 680.862 0 0 0 680.862)
(680.391 0 0 0 680.391 0 0 0 680.391)
(679.889 0 0 0 679.889 0 0 0 679.889)
(679.534 0 0 0 679.534 0 0 0 679.534)
(679.871 0 0 0 679.871 0 0 0 679.871)
(682.226 0 0 0 682.226 0 0 0 682.226)
(688.965 0 0 0 688.965 0 0 0 688.965)
(693.367 0 0 0 693.367 0 0 0 693.367)
(679.049 0 0 0 679.049 0 0 0 679.049)
(678.538 0 0 0 678.538 0 0 0 678.538)
(678.522 0 0 0 678.522 0 0 0 678.522)
(678.496 0 0 0 678.496 0 0 0 678.496)
(678.461 0 0 0 678.461 0 0 0 678.461)
(678.415 0 0 0 678.415 0 0 0 678.415)
(678.358 0 0 0 678.358 0 0 0 678.358)
(678.285 0 0 0 678.285 0 0 0 678.285)
(678.197 0 0 0 678.197 0 0 0 678.197)
(678.091 0 0 0 678.091 0 0 0 678.091)
(677.967 0 0 0 677.967 0 0 0 677.967)
(677.828 0 0 0 677.828 0 0 0 677.828)
(677.68 0 0 0 677.68 0 0 0 677.68)
(677.529 0 0 0 677.529 0 0 0 677.529)
(677.381 0 0 0 677.381 0 0 0 677.381)
(677.232 0 0 0 677.232 0 0 0 677.232)
(677.071 0 0 0 677.071 0 0 0 677.071)
(676.88 0 0 0 676.88 0 0 0 676.88)
(676.653 0 0 0 676.653 0 0 0 676.653)
(676.447 0 0 0 676.447 0 0 0 676.447)
(676.453 0 0 0 676.453 0 0 0 676.453)
(677.247 0 0 0 677.247 0 0 0 677.247)
(680.202 0 0 0 680.202 0 0 0 680.202)
(687.725 0 0 0 687.725 0 0 0 687.725)
(692.987 0 0 0 692.987 0 0 0 692.987)
)
;

boundaryField
{
    outletCentralUnloaded
    {
        type            zeroGradient;
    }
    inletCentralUnloaded
    {
        type            zeroGradient;
    }
    outletFuelElement
    {
        type            zeroGradient;
    }
    inletFuelElement
    {
        type            zeroGradient;
    }
    defaultFaces
    {
        type            zeroGradient;
    }
    baffle_master
    {
        type            zeroGradient;
    }
    baffle_slave
    {
        type            zeroGradient;
    }
}


// ************************************************************************* //
