/*--------------------------------*- C++ -*----------------------------------*\
| =========                 |                                                 |
| \\      /  F ield         | OpenFOAM: The Open Source CFD Toolbox           |
|  \\    /   O peration     | Version:  2212                                  |
|   \\  /    A nd           | Website:  www.openfoam.com                      |
|    \\/     M anipulation  |                                                 |
\*---------------------------------------------------------------------------*/
FoamFile
{
    version     2.0;
    format      ascii;
    arch        "LSB;label=32;scalar=64";
    class       volScalarField;
    location    "50/fluidRegion";
    object      nut;
}
// * * * * * * * * * * * * * * * * * * * * * * * * * * * * * * * * * * * * * //

dimensions      [0 2 -1 0 0 0 0];

internalField   nonuniform List<scalar> 
350
(
0.000537623
0.00053758
0.000537536
0.000537488
0.000537436
0.000537382
0.00053733
0.000537284
0.000537242
0.000537204
0.000537164
0.000537121
0.000537078
0.000537036
0.000537002
0.000536979
0.000536968
0.000536972
0.000536996
0.000537049
0.000537149
0.000537327
0.000537626
0.000538112
0.000539498
0.000537622
0.00053758
0.000537536
0.000537488
0.000537436
0.000537382
0.00053733
0.000537284
0.000537242
0.000537204
0.000537164
0.000537121
0.000537078
0.000537036
0.000537002
0.000536979
0.000536968
0.000536972
0.000536996
0.000537049
0.000537149
0.000537327
0.000537626
0.000538112
0.000539498
0.0104129
0.0101941
0.00992313
0.00959627
0.00921844
0.00879481
0.00833072
0.00783167
0.0073033
0.00675148
0.00618237
0.00560255
0.00501914
0.00443991
0.00387313
0.00332727
0.00281052
0.00233023
0.00189264
0.00150299
0.00116585
0.000885705
0.000666801
0.000511742
0.000416368
0.0104802
0.0102602
0.00998834
0.00966002
0.00928031
0.0088544
0.00838767
0.00788564
0.00735398
0.00679858
0.00622562
0.0056417
0.005054
0.00447034
0.00389908
0.00334882
0.00282787
0.0023437
0.00190264
0.00150998
0.00117036
0.000888262
0.000667988
0.000512123
0.000416435
0.010402
0.0101832
0.00991247
0.00958589
0.0092084
0.00878517
0.00832154
0.00782299
0.00729518
0.00674396
0.00617549
0.00559633
0.00501362
0.0044351
0.00386903
0.00332386
0.00280776
0.00232807
0.00189103
0.00150183
0.00116507
0.000885215
0.00066652
0.000511594
0.000416319
0.0104653
0.0102456
0.00997387
0.00964584
0.00926651
0.00884109
0.00837492
0.00787353
0.00734259
0.00678797
0.00621586
0.00563284
0.0050461
0.00446343
0.00389318
0.00334392
0.00282391
0.00234063
0.00190036
0.00150839
0.00116934
0.000887686
0.000667727
0.000512047
0.000416425
0.0104653
0.0102456
0.00997387
0.00964584
0.00926651
0.00884109
0.00837492
0.00787353
0.00734259
0.00678797
0.00621586
0.00563284
0.0050461
0.00446343
0.00389318
0.00334392
0.00282391
0.00234063
0.00190036
0.00150839
0.00116934
0.000887686
0.000667727
0.000512047
0.000416425
0.010402
0.0101832
0.00991248
0.0095859
0.0092084
0.00878517
0.00832154
0.007823
0.00729519
0.00674397
0.00617549
0.00559633
0.00501362
0.0044351
0.00386903
0.00332386
0.00280776
0.00232807
0.00189103
0.00150183
0.00116507
0.000885214
0.000666518
0.000511592
0.000416318
0.0104802
0.0102602
0.00998834
0.00966002
0.00928031
0.0088544
0.00838767
0.00788564
0.00735398
0.00679858
0.00622562
0.0056417
0.005054
0.00447034
0.00389908
0.00334882
0.00282787
0.0023437
0.00190264
0.00150998
0.00117036
0.000888262
0.000667988
0.000512123
0.000416435
0.0104129
0.0101941
0.00992313
0.00959627
0.00921844
0.00879481
0.00833072
0.00783167
0.0073033
0.00675148
0.00618237
0.00560255
0.00501914
0.00443991
0.00387313
0.00332727
0.00281051
0.00233023
0.00189264
0.00150299
0.00116585
0.000885703
0.000666799
0.00051174
0.000416366
0.0104653
0.0102456
0.00997387
0.00964584
0.00926651
0.00884109
0.00837492
0.00787353
0.00734259
0.00678797
0.00621586
0.00563284
0.0050461
0.00446343
0.00389318
0.00334392
0.00282391
0.00234063
0.00190036
0.00150839
0.00116934
0.000887686
0.000667726
0.000512046
0.000416425
0.010402
0.0101832
0.00991248
0.00958589
0.0092084
0.00878517
0.00832154
0.00782299
0.00729518
0.00674396
0.00617549
0.00559633
0.00501362
0.0044351
0.00386903
0.00332386
0.00280776
0.00232807
0.00189103
0.00150183
0.00116508
0.000885218
0.000666523
0.000511597
0.000416323
0.010402
0.0101832
0.00991248
0.00958589
0.0092084
0.00878517
0.00832154
0.007823
0.00729519
0.00674397
0.00617549
0.00559633
0.00501362
0.0044351
0.00386903
0.00332386
0.00280776
0.00232807
0.00189102
0.00150183
0.00116507
0.000885214
0.000666518
0.000511593
0.000416319
0.0104653
0.0102456
0.00997387
0.00964584
0.00926651
0.00884109
0.00837492
0.00787353
0.00734259
0.00678797
0.00621586
0.00563284
0.0050461
0.00446343
0.00389318
0.00334392
0.00282391
0.00234062
0.00190036
0.00150839
0.00116933
0.000887683
0.000667724
0.000512044
0.000416423
)
;

boundaryField
{
    outletCentralUnloaded
    {
        type            zeroGradient;
    }
    inletCentralUnloaded
    {
        type            zeroGradient;
    }
    outletFuelElement
    {
        type            zeroGradient;
    }
    inletFuelElement
    {
        type            zeroGradient;
    }
    defaultFaces
    {
        type            zeroGradient;
    }
    baffle_master
    {
        type            calculated;
        value           nonuniform List<scalar> 
150
(
0.000537623
0.000537623
0.000537623
0.00053758
0.00053758
0.00053758
0.000537536
0.000537536
0.000537536
0.000537488
0.000537488
0.000537488
0.000537436
0.000537436
0.000537436
0.000537382
0.000537382
0.000537382
0.00053733
0.00053733
0.00053733
0.000537284
0.000537284
0.000537284
0.000537242
0.000537242
0.000537242
0.000537204
0.000537204
0.000537204
0.000537164
0.000537164
0.000537164
0.000537121
0.000537121
0.000537121
0.000537078
0.000537078
0.000537078
0.000537036
0.000537036
0.000537036
0.000537002
0.000537002
0.000537002
0.000536979
0.000536979
0.000536979
0.000536968
0.000536968
0.000536968
0.000536972
0.000536972
0.000536972
0.000536996
0.000536996
0.000536996
0.000537049
0.000537049
0.000537049
0.000537149
0.000537149
0.000537149
0.000537327
0.000537327
0.000537327
0.000537626
0.000537626
0.000537626
0.000538112
0.000538112
0.000538112
0.000539498
0.000539498
0.000539498
0.000537622
0.000537622
0.000537622
0.00053758
0.00053758
0.00053758
0.000537536
0.000537536
0.000537536
0.000537488
0.000537488
0.000537488
0.000537436
0.000537436
0.000537436
0.000537382
0.000537382
0.000537382
0.00053733
0.00053733
0.00053733
0.000537284
0.000537284
0.000537284
0.000537242
0.000537242
0.000537242
0.000537204
0.000537204
0.000537204
0.000537164
0.000537164
0.000537164
0.000537121
0.000537121
0.000537121
0.000537078
0.000537078
0.000537078
0.000537036
0.000537036
0.000537036
0.000537002
0.000537002
0.000537002
0.000536979
0.000536979
0.000536979
0.000536968
0.000536968
0.000536968
0.000536972
0.000536972
0.000536972
0.000536996
0.000536996
0.000536996
0.000537049
0.000537049
0.000537049
0.000537149
0.000537149
0.000537149
0.000537327
0.000537327
0.000537327
0.000537626
0.000537626
0.000537626
0.000538112
0.000538112
0.000538112
0.000539498
0.000539498
0.000539498
)
;
    }
    baffle_slave
    {
        type            calculated;
        value           nonuniform List<scalar> 
150
(
0.0104802
0.0104653
0.0104653
0.0102602
0.0102456
0.0102456
0.00998834
0.00997387
0.00997387
0.00966002
0.00964584
0.00964584
0.00928031
0.00926651
0.00926651
0.0088544
0.00884109
0.00884109
0.00838767
0.00837492
0.00837492
0.00788564
0.00787353
0.00787353
0.00735398
0.00734259
0.00734259
0.00679858
0.00678797
0.00678797
0.00622562
0.00621586
0.00621586
0.0056417
0.00563284
0.00563284
0.005054
0.0050461
0.0050461
0.00447034
0.00446343
0.00446343
0.00389908
0.00389318
0.00389318
0.00334882
0.00334392
0.00334392
0.00282787
0.00282391
0.00282391
0.0023437
0.00234063
0.00234062
0.00190264
0.00190036
0.00190036
0.00150998
0.00150839
0.00150839
0.00117036
0.00116934
0.00116933
0.000888262
0.000887686
0.000887683
0.000667988
0.000667727
0.000667724
0.000512123
0.000512047
0.000512044
0.000416435
0.000416425
0.000416423
0.0104653
0.0104802
0.0104653
0.0102456
0.0102602
0.0102456
0.00997387
0.00998834
0.00997387
0.00964584
0.00966002
0.00964584
0.00926651
0.00928031
0.00926651
0.00884109
0.0088544
0.00884109
0.00837492
0.00838767
0.00837492
0.00787353
0.00788564
0.00787353
0.00734259
0.00735398
0.00734259
0.00678797
0.00679858
0.00678797
0.00621586
0.00622562
0.00621586
0.00563284
0.0056417
0.00563284
0.0050461
0.005054
0.0050461
0.00446343
0.00447034
0.00446343
0.00389318
0.00389908
0.00389318
0.00334392
0.00334882
0.00334392
0.00282391
0.00282787
0.00282391
0.00234063
0.0023437
0.00234063
0.00190036
0.00190264
0.00190036
0.00150839
0.00150998
0.00150839
0.00116934
0.00117036
0.00116934
0.000887686
0.000888262
0.000887686
0.000667727
0.000667988
0.000667726
0.000512047
0.000512123
0.000512046
0.000416425
0.000416435
0.000416425
)
;
    }
}


// ************************************************************************* //
