/*--------------------------------*- C++ -*----------------------------------*\
| =========                 |                                                 |
| \\      /  F ield         | OpenFOAM: The Open Source CFD Toolbox           |
|  \\    /   O peration     | Version:  2212                                  |
|   \\  /    A nd           | Website:  www.openfoam.com                      |
|    \\/     M anipulation  |                                                 |
\*---------------------------------------------------------------------------*/
FoamFile
{
    version     2.0;
    format      ascii;
    arch        "LSB;label=32;scalar=64";
    class       volScalarField;
    location    "50/fluidRegion";
    object      p;
}
// * * * * * * * * * * * * * * * * * * * * * * * * * * * * * * * * * * * * * //

dimensions      [1 -1 -2 0 0 0 0];

internalField   nonuniform List<scalar> 
350
(
3.44743e+06
3.44772e+06
3.44802e+06
3.44832e+06
3.44861e+06
3.44891e+06
3.4492e+06
3.4495e+06
3.44979e+06
3.45009e+06
3.45038e+06
3.45068e+06
3.45098e+06
3.45127e+06
3.45157e+06
3.45186e+06
3.45216e+06
3.45245e+06
3.45275e+06
3.45304e+06
3.45334e+06
3.45363e+06
3.45393e+06
3.45422e+06
3.45451e+06
3.44743e+06
3.44772e+06
3.44802e+06
3.44832e+06
3.44861e+06
3.44891e+06
3.4492e+06
3.4495e+06
3.44979e+06
3.45009e+06
3.45038e+06
3.45068e+06
3.45098e+06
3.45127e+06
3.45157e+06
3.45186e+06
3.45216e+06
3.45245e+06
3.45275e+06
3.45304e+06
3.45334e+06
3.45363e+06
3.45393e+06
3.45422e+06
3.45451e+06
3.47382e+06
3.52561e+06
3.57679e+06
3.62705e+06
3.67609e+06
3.72363e+06
3.76941e+06
3.81319e+06
3.85475e+06
3.89393e+06
3.93054e+06
3.96446e+06
3.99558e+06
4.02381e+06
4.04912e+06
4.07149e+06
4.09097e+06
4.10765e+06
4.12168e+06
4.13323e+06
4.14249e+06
4.14968e+06
4.15506e+06
4.15891e+06
4.16159e+06
3.47382e+06
3.52561e+06
3.57679e+06
3.62705e+06
3.67609e+06
3.72363e+06
3.76941e+06
3.81319e+06
3.85475e+06
3.89393e+06
3.93054e+06
3.96446e+06
3.99558e+06
4.02381e+06
4.04912e+06
4.07149e+06
4.09097e+06
4.10765e+06
4.12168e+06
4.13323e+06
4.14249e+06
4.14968e+06
4.15506e+06
4.15891e+06
4.16159e+06
3.47382e+06
3.52561e+06
3.57679e+06
3.62705e+06
3.67609e+06
3.72363e+06
3.76941e+06
3.81319e+06
3.85475e+06
3.89393e+06
3.93054e+06
3.96446e+06
3.99558e+06
4.02381e+06
4.04911e+06
4.07149e+06
4.09097e+06
4.10765e+06
4.12168e+06
4.13323e+06
4.14249e+06
4.14968e+06
4.15506e+06
4.15891e+06
4.16159e+06
3.47382e+06
3.52561e+06
3.57679e+06
3.62705e+06
3.67609e+06
3.72363e+06
3.76941e+06
3.81319e+06
3.85475e+06
3.89393e+06
3.93054e+06
3.96446e+06
3.99558e+06
4.02381e+06
4.04912e+06
4.07149e+06
4.09097e+06
4.10765e+06
4.12168e+06
4.13323e+06
4.14249e+06
4.14968e+06
4.15506e+06
4.15891e+06
4.16159e+06
3.47382e+06
3.52561e+06
3.57679e+06
3.62705e+06
3.67609e+06
3.72363e+06
3.76941e+06
3.81319e+06
3.85475e+06
3.89393e+06
3.93054e+06
3.96446e+06
3.99558e+06
4.02381e+06
4.04912e+06
4.07149e+06
4.09097e+06
4.10765e+06
4.12168e+06
4.13323e+06
4.14249e+06
4.14968e+06
4.15506e+06
4.15891e+06
4.16159e+06
3.47382e+06
3.52561e+06
3.57679e+06
3.62705e+06
3.67609e+06
3.72363e+06
3.76941e+06
3.81319e+06
3.85475e+06
3.89393e+06
3.93054e+06
3.96446e+06
3.99558e+06
4.02381e+06
4.04911e+06
4.07149e+06
4.09097e+06
4.10765e+06
4.12168e+06
4.13323e+06
4.14249e+06
4.14968e+06
4.15506e+06
4.15891e+06
4.16159e+06
3.47382e+06
3.52561e+06
3.57679e+06
3.62705e+06
3.67609e+06
3.72363e+06
3.76941e+06
3.81319e+06
3.85475e+06
3.89393e+06
3.93054e+06
3.96446e+06
3.99558e+06
4.02381e+06
4.04912e+06
4.07149e+06
4.09097e+06
4.10765e+06
4.12168e+06
4.13323e+06
4.14249e+06
4.14968e+06
4.15506e+06
4.15891e+06
4.16159e+06
3.47382e+06
3.52561e+06
3.57679e+06
3.62705e+06
3.67609e+06
3.72363e+06
3.76941e+06
3.81319e+06
3.85475e+06
3.89393e+06
3.93054e+06
3.96446e+06
3.99558e+06
4.02381e+06
4.04912e+06
4.07149e+06
4.09097e+06
4.10765e+06
4.12168e+06
4.13323e+06
4.14249e+06
4.14968e+06
4.15506e+06
4.15891e+06
4.16159e+06
3.47382e+06
3.52561e+06
3.57679e+06
3.62705e+06
3.67609e+06
3.72363e+06
3.76941e+06
3.81319e+06
3.85475e+06
3.89393e+06
3.93054e+06
3.96446e+06
3.99558e+06
4.02381e+06
4.04912e+06
4.07149e+06
4.09097e+06
4.10765e+06
4.12168e+06
4.13323e+06
4.14249e+06
4.14968e+06
4.15506e+06
4.15891e+06
4.16159e+06
3.47382e+06
3.52561e+06
3.57679e+06
3.62705e+06
3.67609e+06
3.72363e+06
3.76941e+06
3.81319e+06
3.85475e+06
3.89393e+06
3.93054e+06
3.96446e+06
3.99558e+06
4.02381e+06
4.04911e+06
4.07149e+06
4.09097e+06
4.10765e+06
4.12168e+06
4.13323e+06
4.14249e+06
4.14968e+06
4.15506e+06
4.15891e+06
4.16159e+06
3.47382e+06
3.52561e+06
3.57679e+06
3.62705e+06
3.67609e+06
3.72363e+06
3.76941e+06
3.81319e+06
3.85475e+06
3.89393e+06
3.93054e+06
3.96446e+06
3.99558e+06
4.02381e+06
4.04911e+06
4.07149e+06
4.09097e+06
4.10765e+06
4.12168e+06
4.13323e+06
4.14249e+06
4.14968e+06
4.15506e+06
4.15891e+06
4.16159e+06
3.47382e+06
3.52561e+06
3.57679e+06
3.62705e+06
3.67609e+06
3.72363e+06
3.76941e+06
3.81319e+06
3.85475e+06
3.89393e+06
3.93054e+06
3.96446e+06
3.99558e+06
4.02381e+06
4.04912e+06
4.07149e+06
4.09097e+06
4.10765e+06
4.12168e+06
4.13323e+06
4.14249e+06
4.14968e+06
4.15506e+06
4.15891e+06
4.16159e+06
)
;

boundaryField
{
    outletCentralUnloaded
    {
        type            fixedValue;
        value           uniform 3.44728e+06;
    }
    inletCentralUnloaded
    {
        type            zeroGradient;
    }
    outletFuelElement
    {
        type            fixedValue;
        value           uniform 3.44728e+06;
    }
    inletFuelElement
    {
        type            zeroGradient;
    }
    defaultFaces
    {
        type            zeroGradient;
    }
    baffle_master
    {
        type            zeroGradient;
    }
    baffle_slave
    {
        type            zeroGradient;
    }
}


// ************************************************************************* //
