/*--------------------------------*- C++ -*----------------------------------*\
| =========                 |                                                 |
| \\      /  F ield         | OpenFOAM: The Open Source CFD Toolbox           |
|  \\    /   O peration     | Version:  2212                                  |
|   \\  /    A nd           | Website:  www.openfoam.com                      |
|    \\/     M anipulation  |                                                 |
\*---------------------------------------------------------------------------*/
FoamFile
{
    version     2.0;
    format      ascii;
    arch        "LSB;label=32;scalar=64";
    class       volScalarField;
    location    "50/fluidRegion";
    object      Re;
}
// * * * * * * * * * * * * * * * * * * * * * * * * * * * * * * * * * * * * * //

dimensions      [0 0 0 0 0 0 0];

internalField   nonuniform List<scalar> 
350
(
174037
174037
174036
174034
174031
174028
174026
174027
174029
174032
174034
174033
174030
174027
174026
174028
174031
174035
174037
174036
174033
174030
174028
174028
174392
174037
174037
174036
174034
174031
174028
174026
174027
174029
174032
174034
174033
174030
174027
174026
174028
174031
174035
174037
174036
174033
174030
174028
174028
174392
55423.1
55373.3
55374.5
55374.8
55373.8
55371.4
55367.5
55361.9
55354.4
55344.8
55332.9
55318.7
55302.2
55283.5
55262.3
55237.4
55207.2
55169.7
55124.1
55076.3
55045.7
55092
55359.1
56104.4
56593.2
54932.4
54875
54872.1
54868.2
54863.3
54857.3
54850.1
54841.4
54831
54818.8
54804.8
54789.3
54773.2
54757.3
54742.6
54728.9
54715
54699.2
54680.7
54665.9
54675.5
54772.7
55107.3
55942.9
56540.5
55505.1
55455
55456.6
55457.2
55456.4
55454.2
55450.5
55445
55437.5
55427.9
55415.8
55401.2
55384.1
55364.3
55341.2
55313.8
55280.2
55238.2
55187.3
55133
55094.7
55131.1
55385.9
56116.6
56595
55042.1
54986.9
54985.1
54982.3
54978.6
54973.6
54967.4
54959.6
54950
54938.6
54925.2
54910.2
54894.2
54877.9
54861.9
54845.8
54828.4
54807.8
54783.3
54761.1
54761.7
54847.4
55166.7
55981.8
56553.5
55042.1
54986.9
54985.1
54982.3
54978.6
54973.6
54967.4
54959.6
54950
54938.6
54925.2
54910.2
54894.2
54877.9
54861.9
54845.8
54828.4
54807.8
54783.3
54761.1
54761.7
54847.4
55166.7
55981.8
56553.5
55505.1
55454.9
55456.6
55457.2
55456.4
55454.2
55450.5
55445
55437.5
55427.8
55415.8
55401.2
55384.1
55364.2
55341.2
55313.8
55280.1
55238.2
55187.2
55132.9
55094.5
55131
55385.7
56116.4
56594.9
54932.4
54875
54872.1
54868.2
54863.3
54857.3
54850.1
54841.4
54831
54818.8
54804.8
54789.3
54773.2
54757.3
54742.6
54728.9
54715
54699.2
54680.7
54665.9
54675.5
54772.7
55107.3
55942.9
56540.5
55423.1
55373.3
55374.6
55374.8
55373.8
55371.4
55367.5
55361.9
55354.4
55344.8
55332.9
55318.7
55302.2
55283.5
55262.3
55237.4
55207.2
55169.7
55124.1
55076.3
55045.7
55092
55359.1
56104.4
56593.2
55042.1
54986.9
54985.1
54982.3
54978.6
54973.6
54967.4
54959.6
54950
54938.6
54925.2
54910.2
54894.2
54877.9
54861.9
54845.8
54828.4
54807.8
54783.3
54761.1
54761.7
54847.4
55166.8
55981.8
56553.5
55505.1
55455
55456.6
55457.2
55456.4
55454.2
55450.5
55445
55437.5
55427.9
55415.8
55401.2
55384.1
55364.3
55341.2
55313.8
55280.2
55238.2
55187.3
55133
55094.7
55131.1
55385.9
56116.6
56595
55505.1
55454.9
55456.6
55457.2
55456.4
55454.2
55450.5
55445
55437.5
55427.8
55415.8
55401.2
55384.1
55364.2
55341.2
55313.8
55280.1
55238.2
55187.2
55133
55094.5
55131
55385.7
56116.4
56594.9
55042.1
54986.9
54985.1
54982.3
54978.6
54973.6
54967.4
54959.6
54950
54938.6
54925.2
54910.2
54894.2
54877.9
54861.9
54845.8
54828.4
54807.8
54783.3
54761.1
54761.7
54847.4
55166.7
55981.8
56553.6
)
;

boundaryField
{
    outletCentralUnloaded
    {
        type            zeroGradient;
    }
    inletCentralUnloaded
    {
        type            zeroGradient;
    }
    outletFuelElement
    {
        type            zeroGradient;
    }
    inletFuelElement
    {
        type            zeroGradient;
    }
    defaultFaces
    {
        type            zeroGradient;
    }
    baffle_master
    {
        type            zeroGradient;
    }
    baffle_slave
    {
        type            zeroGradient;
    }
}


// ************************************************************************* //
