/*--------------------------------*- C++ -*----------------------------------*\
| =========                 |                                                 |
| \\      /  F ield         | OpenFOAM: The Open Source CFD Toolbox           |
|  \\    /   O peration     | Version:  2212                                  |
|   \\  /    A nd           | Website:  www.openfoam.com                      |
|    \\/     M anipulation  |                                                 |
\*---------------------------------------------------------------------------*/
FoamFile
{
    version     2.0;
    format      ascii;
    arch        "LSB;label=32;scalar=64";
    class       volScalarField;
    location    "79/neutroRegion";
    object      TFuel;
}
// * * * * * * * * * * * * * * * * * * * * * * * * * * * * * * * * * * * * * //

dimensions      [0 0 0 1 0 0 0];

internalField   nonuniform List<scalar> 
350
(
0
0
0
0
0
0
0
0
0
0
0
0
0
0
0
0
0
0
0
0
0
0
0
0
0
0
0
0
0
0
0
0
0
0
0
0
0
0
0
0
0
0
0
0
0
0
0
0
0
0
2223.27
3010.3
3766.63
4480.71
5141.61
5739.16
6264.16
6708.5
7065.29
7329.01
7495.56
7562.37
7528.43
7394.32
7162.24
6835.87
6420.29
5921.62
5346.63
4702.16
3993.82
3225.08
2395.62
1504.36
564.387
2256.05
3052.27
3817.36
4539.65
5208.05
5812.31
6343.1
6792.23
7152.75
7419.05
7587.02
7654.03
7619.09
7482.78
7247.32
6916.48
6495.39
5990.31
5408.13
4755.83
4039.1
3261.45
2422.47
1520.88
569.934
2217.96
3003.55
3758.5
4471.3
5131.02
5727.52
6251.61
6695.2
7051.41
7314.73
7481.07
7547.86
7514.08
7380.33
7148.78
6823.13
6408.42
5910.77
5336.91
4693.69
3986.68
3219.36
2391.41
1501.78
563.512
2248.65
3042.75
3805.81
4526.19
5192.85
5795.55
6324.99
6773.01
7132.65
7398.35
7565.98
7632.95
7598.22
7462.42
7227.73
6897.91
6478.09
5974.49
5393.97
4743.47
4028.67
3253.07
2416.28
1517.07
568.656
2248.65
3042.75
3805.81
4526.19
5192.85
5795.55
6324.99
6773.01
7132.65
7398.35
7565.98
7632.94
7598.22
7462.42
7227.73
6897.91
6478.09
5974.49
5393.97
4743.47
4028.67
3253.07
2416.28
1517.07
568.656
2217.96
3003.55
3758.5
4471.3
5131.02
5727.52
6251.61
6695.2
7051.42
7314.74
7481.07
7547.86
7514.08
7380.33
7148.78
6823.13
6408.42
5910.77
5336.92
4693.69
3986.68
3219.36
2391.41
1501.78
563.513
2256.05
3052.27
3817.36
4539.65
5208.05
5812.31
6343.1
6792.23
7152.75
7419.05
7587.02
7654.03
7619.09
7482.78
7247.32
6916.48
6495.39
5990.31
5408.13
4755.83
4039.1
3261.45
2422.47
1520.88
569.935
2223.27
3010.3
3766.63
4480.71
5141.61
5739.16
6264.16
6708.5
7065.29
7329.01
7495.56
7562.37
7528.43
7394.32
7162.24
6835.87
6420.29
5921.62
5346.63
4702.16
3993.82
3225.08
2395.62
1504.36
564.387
2248.65
3042.75
3805.81
4526.19
5192.85
5795.55
6324.99
6773.01
7132.65
7398.35
7565.98
7632.94
7598.22
7462.42
7227.73
6897.91
6478.09
5974.49
5393.97
4743.47
4028.67
3253.07
2416.28
1517.07
568.656
2217.96
3003.55
3758.5
4471.3
5131.02
5727.52
6251.61
6695.2
7051.41
7314.73
7481.07
7547.86
7514.08
7380.33
7148.78
6823.13
6408.42
5910.77
5336.92
4693.69
3986.68
3219.36
2391.41
1501.78
563.513
2217.96
3003.55
3758.5
4471.3
5131.02
5727.52
6251.61
6695.2
7051.42
7314.73
7481.07
7547.86
7514.08
7380.33
7148.78
6823.13
6408.42
5910.77
5336.92
4693.69
3986.68
3219.36
2391.41
1501.78
563.513
2248.65
3042.75
3805.81
4526.19
5192.85
5795.55
6324.99
6773.01
7132.65
7398.35
7565.98
7632.94
7598.22
7462.42
7227.73
6897.91
6478.09
5974.49
5393.97
4743.47
4028.67
3253.07
2416.28
1517.07
568.656
)
;

boundaryField
{
    outletCentralUnloaded
    {
        type            zeroGradient;
    }
    inletCentralUnloaded
    {
        type            zeroGradient;
    }
    outletFuelElement
    {
        type            zeroGradient;
    }
    inletFuelElement
    {
        type            zeroGradient;
    }
    defaultFaces
    {
        type            zeroGradient;
    }
}


// ************************************************************************* //
