/*--------------------------------*- C++ -*----------------------------------*\
| =========                 |                                                 |
| \\      /  F ield         | OpenFOAM: The Open Source CFD Toolbox           |
|  \\    /   O peration     | Version:  2212                                  |
|   \\  /    A nd           | Website:  www.openfoam.com                      |
|    \\/     M anipulation  |                                                 |
\*---------------------------------------------------------------------------*/
FoamFile
{
    version     2.0;
    format      ascii;
    arch        "LSB;label=32;scalar=64";
    class       volScalarField;
    location    "31/neutroRegion";
    object      TFuel;
}
// * * * * * * * * * * * * * * * * * * * * * * * * * * * * * * * * * * * * * //

dimensions      [0 0 0 1 0 0 0];

internalField   nonuniform List<scalar> 
350
(
0
0
0
0
0
0
0
0
0
0
0
0
0
0
0
0
0
0
0
0
0
0
0
0
0
0
0
0
0
0
0
0
0
0
0
0
0
0
0
0
0
0
0
0
0
0
0
0
0
0
2079.71
2856.6
3603.67
4309.56
4963.49
5555.44
6076.33
6518.15
6874.11
7138.72
7307.92
7379.13
7351.31
7225
7002.28
6686.7
6283.13
5797.48
5236.29
4606.23
3912.93
3160.34
2349.51
1481.6
570.067
2109.29
2895.29
3651.04
4365.08
5026.48
5625.12
6151.81
6598.46
6958.2
7225.47
7396.18
7467.71
7439.04
7310.69
7084.78
6764.93
6356.08
5864.26
5296.12
4658.46
3957
3195.69
2375.54
1497.59
575.434
2074.91
2850.37
3596.07
4300.68
4953.43
5544.33
6064.32
6505.39
6860.76
7124.95
7293.92
7365.08
7337.41
7211.43
6989.22
6674.32
6271.59
5786.92
5226.82
4597.97
3905.98
3154.77
2345.42
1479.1
569.221
2102.62
2886.51
3640.25
4352.39
5012.06
5609.15
6134.49
6580.02
6938.88
7205.53
7375.88
7447.33
7418.85
7290.96
7065.79
6746.91
6339.28
5848.88
5282.33
4646.43
3946.84
3187.55
2369.54
1493.9
574.198
2102.62
2886.51
3640.25
4352.39
5012.06
5609.15
6134.49
6580.02
6938.88
7205.53
7375.88
7447.33
7418.85
7290.96
7065.79
6746.91
6339.28
5848.88
5282.33
4646.43
3946.84
3187.55
2369.54
1493.9
574.198
2074.91
2850.37
3596.07
4300.68
4953.43
5544.33
6064.32
6505.39
6860.76
7124.95
7293.92
7365.08
7337.41
7211.43
6989.22
6674.32
6271.59
5786.92
5226.83
4597.98
3905.98
3154.77
2345.42
1479.1
569.221
2109.29
2895.29
3651.05
4365.08
5026.48
5625.12
6151.81
6598.46
6958.2
7225.47
7396.18
7467.71
7439.04
7310.69
7084.78
6764.93
6356.08
5864.26
5296.12
4658.46
3957
3195.7
2375.54
1497.58
575.434
2079.71
2856.6
3603.67
4309.56
4963.49
5555.44
6076.33
6518.15
6874.11
7138.72
7307.92
7379.12
7351.31
7225
7002.28
6686.7
6283.13
5797.48
5236.29
4606.23
3912.93
3160.34
2349.51
1481.6
570.068
2102.62
2886.51
3640.25
4352.39
5012.06
5609.15
6134.49
6580.02
6938.88
7205.53
7375.88
7447.33
7418.85
7290.96
7065.79
6746.91
6339.28
5848.88
5282.34
4646.43
3946.84
3187.55
2369.54
1493.9
574.198
2074.91
2850.37
3596.07
4300.68
4953.43
5544.33
6064.32
6505.39
6860.75
7124.95
7293.92
7365.08
7337.41
7211.43
6989.22
6674.32
6271.59
5786.92
5226.82
4597.97
3905.98
3154.77
2345.42
1479.1
569.221
2074.91
2850.37
3596.07
4300.68
4953.43
5544.33
6064.32
6505.39
6860.76
7124.95
7293.92
7365.08
7337.41
7211.44
6989.22
6674.32
6271.59
5786.92
5226.83
4597.98
3905.98
3154.77
2345.42
1479.1
569.221
2102.62
2886.51
3640.25
4352.39
5012.06
5609.15
6134.49
6580.02
6938.88
7205.53
7375.88
7447.33
7418.85
7290.96
7065.79
6746.91
6339.28
5848.88
5282.33
4646.43
3946.84
3187.55
2369.54
1493.9
574.198
)
;

boundaryField
{
    outletCentralUnloaded
    {
        type            zeroGradient;
    }
    inletCentralUnloaded
    {
        type            zeroGradient;
    }
    outletFuelElement
    {
        type            zeroGradient;
    }
    inletFuelElement
    {
        type            zeroGradient;
    }
    defaultFaces
    {
        type            zeroGradient;
    }
}


// ************************************************************************* //
