/*--------------------------------*- C++ -*----------------------------------*\
| =========                 |                                                 |
| \\      /  F ield         | OpenFOAM: The Open Source CFD Toolbox           |
|  \\    /   O peration     | Version:  2212                                  |
|   \\  /    A nd           | Website:  www.openfoam.com                      |
|    \\/     M anipulation  |                                                 |
\*---------------------------------------------------------------------------*/
FoamFile
{
    version     2.0;
    format      ascii;
    arch        "LSB;label=32;scalar=64";
    class       volScalarField;
    location    "88/fluidRegion";
    object      alphaRhoMagU;
}
// * * * * * * * * * * * * * * * * * * * * * * * * * * * * * * * * * * * * * //

dimensions      [1 -2 -1 0 0 0 0];

internalField   nonuniform List<scalar> 
350
(
36.8299
36.8302
36.8307
36.8314
36.832
36.8326
36.833
36.8333
36.8333
36.8333
36.833
36.8327
36.8322
36.8317
36.8312
36.8306
36.8299
36.8292
36.8286
36.828
36.8278
36.8279
36.8284
36.8294
36.9071
36.8299
36.8302
36.8307
36.8314
36.832
36.8326
36.833
36.8333
36.8333
36.8333
36.833
36.8327
36.8322
36.8317
36.8312
36.8306
36.8299
36.8292
36.8286
36.828
36.8278
36.8279
36.8284
36.8294
36.9071
59.1241
59.0718
59.0731
59.0733
59.0722
59.0697
59.0655
59.0595
59.0515
59.0412
59.0285
59.0133
58.9958
58.9758
58.9531
58.9266
58.8944
58.8543
58.8057
58.7546
58.7218
58.7709
59.0558
59.8517
60.3758
58.6003
58.5398
58.5367
58.5325
58.5273
58.521
58.5133
58.504
58.4929
58.4798
58.4649
58.4484
58.4311
58.4142
58.3985
58.3838
58.369
58.3521
58.3324
58.3165
58.3266
58.43
58.7869
59.6792
60.3195
59.2117
59.1589
59.1607
59.1612
59.1604
59.1581
59.1541
59.1482
59.1402
59.1299
59.117
59.1014
59.0832
59.062
59.0374
59.0082
58.9722
58.9275
58.8731
58.8151
58.774
58.8127
59.0844
59.8647
60.3778
58.7174
58.6593
58.6574
58.6544
58.6504
58.6451
58.6384
58.6301
58.6199
58.6077
58.5934
58.5774
58.5603
58.5429
58.5258
58.5087
58.4901
58.4681
58.4419
58.4181
58.4186
58.5098
58.8504
59.7208
60.3335
58.7174
58.6593
58.6574
58.6544
58.6504
58.6451
58.6384
58.6301
58.6199
58.6077
58.5934
58.5774
58.5603
58.5429
58.5258
58.5087
58.4901
58.4681
58.4419
58.4181
58.4186
58.5098
58.8504
59.7208
60.3335
59.2117
59.1589
59.1607
59.1612
59.1604
59.158
59.154
59.1482
59.1402
59.1299
59.117
59.1014
59.0831
59.0619
59.0374
59.0081
58.9722
58.9274
58.873
58.815
58.7739
58.8126
59.0842
59.8645
60.3777
58.6003
58.5398
58.5367
58.5325
58.5273
58.521
58.5133
58.504
58.4929
58.4798
58.4649
58.4484
58.4311
58.4142
58.3985
58.3838
58.369
58.3521
58.3324
58.3165
58.3266
58.43
58.7869
59.6792
60.3195
59.1241
59.0718
59.0731
59.0733
59.0722
59.0697
59.0655
59.0595
59.0515
59.0412
59.0285
59.0133
58.9958
58.9758
58.9531
58.9266
58.8944
58.8543
58.8057
58.7546
58.7218
58.7709
59.0558
59.8518
60.3758
58.7174
58.6593
58.6574
58.6544
58.6504
58.6451
58.6384
58.6301
58.6199
58.6077
58.5934
58.5774
58.5603
58.5429
58.5258
58.5087
58.4901
58.4681
58.4419
58.4181
58.4186
58.5098
58.8504
59.7208
60.3335
59.2117
59.1589
59.1607
59.1612
59.1604
59.1581
59.1541
59.1482
59.1402
59.1299
59.117
59.1014
59.0832
59.062
59.0374
59.0082
58.9722
58.9275
58.8731
58.8151
58.774
58.8127
59.0843
59.8647
60.3778
59.2117
59.1589
59.1607
59.1612
59.1604
59.158
59.154
59.1482
59.1402
59.1299
59.117
59.1014
59.0831
59.0619
59.0374
59.0081
58.9722
58.9274
58.873
58.8151
58.7739
58.8126
59.0842
59.8645
60.3777
58.7174
58.6593
58.6574
58.6544
58.6504
58.6451
58.6384
58.6301
58.6199
58.6077
58.5934
58.5774
58.5603
58.5429
58.5258
58.5087
58.4901
58.4681
58.4419
58.4181
58.4186
58.5098
58.8504
59.7208
60.3335
)
;

boundaryField
{
    outletCentralUnloaded
    {
        type            calculated;
        value           nonuniform List<scalar> 2(36.8284 36.8284);
    }
    inletCentralUnloaded
    {
        type            calculated;
        value           nonuniform List<scalar> 2(36.9828 36.9828);
    }
    outletFuelElement
    {
        type            calculated;
        value           nonuniform List<scalar> 
12
(
58.673
58.1532
58.7599
58.2694
58.2694
58.7599
58.1532
58.673
58.2694
58.7599
58.7599
58.2694
)
;
    }
    inletFuelElement
    {
        type            calculated;
        value           nonuniform List<scalar> 
12
(
60.0604
60.0604
60.0604
60.0604
60.0604
60.0604
60.0604
60.0604
60.0604
60.0604
60.0604
60.0604
)
;
    }
    defaultFaces
    {
        type            calculated;
        value           nonuniform List<scalar> 
450
(
59.1241
59.1241
59.1241
59.0718
59.0718
59.0718
59.0731
59.0731
59.0731
59.0733
59.0733
59.0733
59.0722
59.0722
59.0722
59.0697
59.0697
59.0697
59.0655
59.0655
59.0655
59.0595
59.0595
59.0595
59.0515
59.0515
59.0515
59.0412
59.0412
59.0412
59.0285
59.0285
59.0285
59.0133
59.0133
59.0133
58.9958
58.9958
58.9958
58.9758
58.9758
58.9758
58.9531
58.9531
58.9531
58.9266
58.9266
58.9266
58.8944
58.8944
58.8944
58.8543
58.8543
58.8543
58.8057
58.8057
58.8057
58.7546
58.7546
58.7546
58.7218
58.7218
58.7218
58.7709
58.7709
58.7709
59.0558
59.0558
59.0558
59.8517
59.8517
59.8517
60.3758
60.3758
60.3758
59.2117
59.2117
59.1589
59.1589
59.1607
59.1607
59.1612
59.1612
59.1604
59.1604
59.1581
59.1581
59.1541
59.1541
59.1482
59.1482
59.1402
59.1402
59.1299
59.1299
59.117
59.117
59.1014
59.1014
59.0832
59.0832
59.062
59.062
59.0374
59.0374
59.0082
59.0082
58.9722
58.9722
58.9275
58.9275
58.8731
58.8731
58.8151
58.8151
58.774
58.774
58.8127
58.8127
59.0844
59.0844
59.8647
59.8647
60.3778
60.3778
58.7174
58.6593
58.6574
58.6544
58.6504
58.6451
58.6384
58.6301
58.6199
58.6077
58.5934
58.5774
58.5603
58.5429
58.5258
58.5087
58.4901
58.4681
58.4419
58.4181
58.4186
58.5098
58.8504
59.7208
60.3335
58.7174
58.6593
58.6574
58.6544
58.6504
58.6451
58.6384
58.6301
58.6199
58.6077
58.5934
58.5774
58.5603
58.5429
58.5258
58.5087
58.4901
58.4681
58.4419
58.4181
58.4186
58.5098
58.8504
59.7208
60.3335
59.2117
59.2117
59.1589
59.1589
59.1607
59.1607
59.1612
59.1612
59.1604
59.1604
59.158
59.158
59.154
59.154
59.1482
59.1482
59.1402
59.1402
59.1299
59.1299
59.117
59.117
59.1014
59.1014
59.0831
59.0831
59.0619
59.0619
59.0374
59.0374
59.0081
59.0081
58.9722
58.9722
58.9274
58.9274
58.873
58.873
58.815
58.815
58.7739
58.7739
58.8126
58.8126
59.0842
59.0842
59.8645
59.8645
60.3777
60.3777
59.1241
59.1241
59.1241
59.0718
59.0718
59.0718
59.0731
59.0731
59.0731
59.0733
59.0733
59.0733
59.0722
59.0722
59.0722
59.0697
59.0697
59.0697
59.0655
59.0655
59.0655
59.0595
59.0595
59.0595
59.0515
59.0515
59.0515
59.0412
59.0412
59.0412
59.0285
59.0285
59.0285
59.0133
59.0133
59.0133
58.9958
58.9958
58.9958
58.9758
58.9758
58.9758
58.9531
58.9531
58.9531
58.9266
58.9266
58.9266
58.8944
58.8944
58.8944
58.8543
58.8543
58.8543
58.8057
58.8057
58.8057
58.7546
58.7546
58.7546
58.7218
58.7218
58.7218
58.7709
58.7709
58.7709
59.0558
59.0558
59.0558
59.8518
59.8518
59.8518
60.3758
60.3758
60.3758
58.7174
58.6593
58.6574
58.6544
58.6504
58.6451
58.6384
58.6301
58.6199
58.6077
58.5934
58.5774
58.5603
58.5429
58.5258
58.5087
58.4901
58.4681
58.4419
58.4181
58.4186
58.5098
58.8504
59.7208
60.3335
59.2117
59.2117
59.1589
59.1589
59.1607
59.1607
59.1612
59.1612
59.1604
59.1604
59.1581
59.1581
59.1541
59.1541
59.1482
59.1482
59.1402
59.1402
59.1299
59.1299
59.117
59.117
59.1014
59.1014
59.0832
59.0832
59.062
59.062
59.0374
59.0374
59.0082
59.0082
58.9722
58.9722
58.9275
58.9275
58.8731
58.8731
58.8151
58.8151
58.774
58.774
58.8127
58.8127
59.0843
59.0843
59.8647
59.8647
60.3778
60.3778
59.2117
59.2117
59.1589
59.1589
59.1607
59.1607
59.1612
59.1612
59.1604
59.1604
59.158
59.158
59.154
59.154
59.1482
59.1482
59.1402
59.1402
59.1299
59.1299
59.117
59.117
59.1014
59.1014
59.0831
59.0831
59.0619
59.0619
59.0374
59.0374
59.0081
59.0081
58.9722
58.9722
58.9274
58.9274
58.873
58.873
58.8151
58.8151
58.7739
58.7739
58.8126
58.8126
59.0842
59.0842
59.8645
59.8645
60.3777
60.3777
58.7174
58.6593
58.6574
58.6544
58.6504
58.6451
58.6384
58.6301
58.6199
58.6077
58.5934
58.5774
58.5603
58.5429
58.5258
58.5087
58.4901
58.4681
58.4419
58.4181
58.4186
58.5098
58.8504
59.7208
60.3335
)
;
    }
    baffle_master
    {
        type            calculated;
        value           nonuniform List<scalar> 
150
(
36.8299
36.8299
36.8299
36.8302
36.8302
36.8302
36.8307
36.8307
36.8307
36.8314
36.8314
36.8314
36.832
36.832
36.832
36.8326
36.8326
36.8326
36.833
36.833
36.833
36.8333
36.8333
36.8333
36.8333
36.8333
36.8333
36.8333
36.8333
36.8333
36.833
36.833
36.833
36.8327
36.8327
36.8327
36.8322
36.8322
36.8322
36.8317
36.8317
36.8317
36.8312
36.8312
36.8312
36.8306
36.8306
36.8306
36.8299
36.8299
36.8299
36.8292
36.8292
36.8292
36.8286
36.8286
36.8286
36.828
36.828
36.828
36.8278
36.8278
36.8278
36.8279
36.8279
36.8279
36.8284
36.8284
36.8284
36.8294
36.8294
36.8294
36.9071
36.9071
36.9071
36.8299
36.8299
36.8299
36.8302
36.8302
36.8302
36.8307
36.8307
36.8307
36.8314
36.8314
36.8314
36.832
36.832
36.832
36.8326
36.8326
36.8326
36.833
36.833
36.833
36.8333
36.8333
36.8333
36.8333
36.8333
36.8333
36.8333
36.8333
36.8333
36.833
36.833
36.833
36.8327
36.8327
36.8327
36.8322
36.8322
36.8322
36.8317
36.8317
36.8317
36.8312
36.8312
36.8312
36.8306
36.8306
36.8306
36.8299
36.8299
36.8299
36.8292
36.8292
36.8292
36.8286
36.8286
36.8286
36.828
36.828
36.828
36.8278
36.8278
36.8278
36.8279
36.8279
36.8279
36.8284
36.8284
36.8284
36.8294
36.8294
36.8294
36.9071
36.9071
36.9071
)
;
    }
    baffle_slave
    {
        type            calculated;
        value           nonuniform List<scalar> 
150
(
58.6003
58.7174
58.7174
58.5398
58.6593
58.6593
58.5367
58.6574
58.6574
58.5325
58.6544
58.6544
58.5273
58.6504
58.6504
58.521
58.6451
58.6451
58.5133
58.6384
58.6384
58.504
58.6301
58.6301
58.4929
58.6199
58.6199
58.4798
58.6077
58.6077
58.4649
58.5934
58.5934
58.4484
58.5774
58.5774
58.4311
58.5603
58.5603
58.4142
58.5429
58.5429
58.3985
58.5258
58.5258
58.3838
58.5087
58.5087
58.369
58.4901
58.4901
58.3521
58.4681
58.4681
58.3324
58.4419
58.4419
58.3165
58.4181
58.4181
58.3266
58.4186
58.4186
58.43
58.5098
58.5098
58.7869
58.8504
58.8504
59.6792
59.7208
59.7208
60.3195
60.3335
60.3335
58.7174
58.6003
58.7174
58.6593
58.5398
58.6593
58.6574
58.5367
58.6574
58.6544
58.5325
58.6544
58.6504
58.5273
58.6504
58.6451
58.521
58.6451
58.6384
58.5133
58.6384
58.6301
58.504
58.6301
58.6199
58.4929
58.6199
58.6077
58.4798
58.6077
58.5934
58.4649
58.5934
58.5774
58.4484
58.5774
58.5603
58.4311
58.5603
58.5429
58.4142
58.5429
58.5258
58.3985
58.5258
58.5087
58.3838
58.5087
58.4901
58.369
58.4901
58.4681
58.3521
58.4681
58.4419
58.3324
58.4419
58.4181
58.3165
58.4181
58.4186
58.3266
58.4186
58.5098
58.43
58.5098
58.8504
58.7869
58.8504
59.7208
59.6792
59.7208
60.3335
60.3195
60.3335
)
;
    }
}


// ************************************************************************* //
