/*--------------------------------*- C++ -*----------------------------------*\
| =========                 |                                                 |
| \\      /  F ield         | OpenFOAM: The Open Source CFD Toolbox           |
|  \\    /   O peration     | Version:  2212                                  |
|   \\  /    A nd           | Website:  www.openfoam.com                      |
|    \\/     M anipulation  |                                                 |
\*---------------------------------------------------------------------------*/
FoamFile
{
    version     2.0;
    format      ascii;
    arch        "LSB;label=32;scalar=64";
    class       volScalarField;
    location    "88/fluidRegion";
    object      htc;
}
// * * * * * * * * * * * * * * * * * * * * * * * * * * * * * * * * * * * * * //

dimensions      [1 0 -3 -1 0 0 0];

internalField   nonuniform List<scalar> 
350
(
3101.27
3101.31
3101.36
3101.42
3101.48
3101.53
3101.58
3101.62
3101.64
3101.65
3101.65
3101.65
3101.63
3101.62
3101.6
3101.57
3101.55
3101.52
3101.5
3101.48
3101.48
3101.51
3101.56
3101.64
3106.88
3101.27
3101.31
3101.36
3101.42
3101.48
3101.53
3101.58
3101.62
3101.64
3101.65
3101.65
3101.65
3101.63
3101.62
3101.6
3101.57
3101.55
3101.52
3101.5
3101.48
3101.48
3101.51
3101.56
3101.64
3106.88
27258.5
27176.9
26989.4
26677
26240.9
25683.3
25007.2
24216.4
23316
22313.2
21217.6
20041.5
18800.2
17510.4
16188.8
14849.1
13501.8
12154.8
10817.6
9505.92
8248.01
7090.4
6104.27
5383.47
4944.21
27347.4
27265.5
27078.7
26766.2
26329.7
25771.1
25093.4
24300.2
23396.6
22389.4
21288.1
20105
18855.6
17557.2
16227
14879.6
13525.8
12173.5
10831.6
9515.49
8253
7090.91
6101.22
5379.22
4942.24
27244.4
27162.4
26974.9
26662.5
26226.5
25669.2
24993.4
24203
23303.2
22301.1
21206.4
20031.4
18791.3
17503
16182.6
14844.1
13497.7
12151.5
10814.9
9503.9
8246.61
7089.57
6103.85
5383.21
4944.06
27327.7
27245.9
27058.8
26746.3
26309.9
25751.5
25074.1
24281.4
23378.5
22372.2
21272.1
20090.6
18843
17546.6
16218.3
14872.7
13520.4
12169.4
10828.5
9513.39
8251.95
7090.89
6102.03
5380.32
4942.76
27327.7
27245.9
27058.8
26746.3
26309.9
25751.5
25074.1
24281.4
23378.5
22372.2
21272.1
20090.6
18843
17546.6
16218.3
14872.7
13520.4
12169.4
10828.5
9513.39
8251.95
7090.89
6102.03
5380.32
4942.76
27244.4
27162.4
26974.9
26662.5
26226.6
25669.2
24993.4
24203
23303.2
22301.1
21206.4
20031.4
18791.3
17503
16182.6
14844.1
13497.7
12151.5
10814.9
9503.89
8246.6
7089.56
6103.84
5383.2
4944.06
27347.4
27265.5
27078.7
26766.2
26329.7
25771.1
25093.4
24300.2
23396.6
22389.4
21288.1
20105
18855.6
17557.2
16227
14879.6
13525.8
12173.5
10831.6
9515.49
8253
7090.91
6101.22
5379.22
4942.24
27258.5
27176.9
26989.4
26677
26240.9
25683.3
25007.2
24216.4
23316
22313.2
21217.6
20041.5
18800.2
17510.4
16188.8
14849.1
13501.8
12154.8
10817.6
9505.92
8248.01
7090.4
6104.27
5383.47
4944.21
27327.7
27245.9
27058.8
26746.3
26309.9
25751.5
25074.1
24281.4
23378.5
22372.2
21272.1
20090.6
18843
17546.6
16218.3
14872.7
13520.4
12169.4
10828.5
9513.39
8251.95
7090.89
6102.03
5380.32
4942.76
27244.4
27162.4
26974.9
26662.5
26226.5
25669.2
24993.4
24203
23303.2
22301.1
21206.4
20031.4
18791.3
17503
16182.6
14844.1
13497.7
12151.5
10814.9
9503.9
8246.61
7089.56
6103.85
5383.21
4944.06
27244.4
27162.4
26974.9
26662.5
26226.6
25669.2
24993.4
24203
23303.2
22301.1
21206.4
20031.4
18791.3
17503
16182.6
14844.1
13497.7
12151.5
10814.9
9503.9
8246.6
7089.56
6103.84
5383.2
4944.06
27327.7
27245.9
27058.8
26746.3
26309.9
25751.5
25074.1
24281.4
23378.5
22372.2
21272.1
20090.6
18843
17546.6
16218.3
14872.7
13520.4
12169.4
10828.5
9513.39
8251.95
7090.89
6102.03
5380.33
4942.76
)
;

boundaryField
{
    outletCentralUnloaded
    {
        type            zeroGradient;
    }
    inletCentralUnloaded
    {
        type            zeroGradient;
    }
    outletFuelElement
    {
        type            zeroGradient;
    }
    inletFuelElement
    {
        type            zeroGradient;
    }
    defaultFaces
    {
        type            zeroGradient;
    }
    baffle_master
    {
        type            zeroGradient;
    }
    baffle_slave
    {
        type            zeroGradient;
    }
}


// ************************************************************************* //
