/*--------------------------------*- C++ -*----------------------------------*\
| =========                 |                                                 |
| \\      /  F ield         | OpenFOAM: The Open Source CFD Toolbox           |
|  \\    /   O peration     | Version:  2212                                  |
|   \\  /    A nd           | Website:  www.openfoam.com                      |
|    \\/     M anipulation  |                                                 |
\*---------------------------------------------------------------------------*/
FoamFile
{
    version     2.0;
    format      ascii;
    arch        "LSB;label=32;scalar=64";
    class       volVectorField;
    location    "88/fluidRegion";
    object      U;
}
// * * * * * * * * * * * * * * * * * * * * * * * * * * * * * * * * * * * * * //

dimensions      [0 1 -1 0 0 0 0];

internalField   nonuniform List<vector> 
350
(
(8.15731e-10 4.70961e-10 -14.9676)
(1.22405e-09 7.06706e-10 -14.9665)
(1.33147e-09 7.68722e-10 -14.9655)
(1.18556e-09 6.84481e-10 -14.9646)
(7.00769e-10 4.04588e-10 -14.9636)
(-4.10799e-11 -2.37174e-11 -14.9626)
(-8.38975e-10 -4.84381e-10 -14.9615)
(-1.46612e-09 -8.46462e-10 -14.9604)
(-1.76765e-09 -1.02055e-09 -14.9592)
(-1.72074e-09 -9.93469e-10 -14.9579)
(-1.43362e-09 -8.27701e-10 -14.9565)
(-1.0454e-09 -6.03561e-10 -14.9551)
(-6.41113e-10 -3.70146e-10 -14.9537)
(-2.6732e-10 -1.54337e-10 -14.9523)
(1.06737e-10 6.16244e-11 -14.9508)
(4.8904e-10 2.82346e-10 -14.9493)
(8.47619e-10 4.89372e-10 -14.9478)
(1.09459e-09 6.31962e-10 -14.9463)
(1.11852e-09 6.45776e-10 -14.9448)
(8.89435e-10 5.13514e-10 -14.9434)
(4.54824e-10 2.62592e-10 -14.942)
(-2.82198e-11 -1.62927e-11 -14.9408)
(-3.54504e-10 -2.04672e-10 -14.9398)
(-3.64706e-10 -2.10563e-10 -14.939)
(-3.45412e-10 -1.99423e-10 -14.9693)
(8.15731e-10 4.70961e-10 -14.9676)
(1.22405e-09 7.06706e-10 -14.9665)
(1.33147e-09 7.68722e-10 -14.9655)
(1.18556e-09 6.84481e-10 -14.9646)
(7.00769e-10 4.04588e-10 -14.9636)
(-4.10799e-11 -2.37174e-11 -14.9626)
(-8.38975e-10 -4.84381e-10 -14.9615)
(-1.46612e-09 -8.46462e-10 -14.9604)
(-1.76765e-09 -1.02055e-09 -14.9592)
(-1.72074e-09 -9.93469e-10 -14.9579)
(-1.43362e-09 -8.27701e-10 -14.9565)
(-1.0454e-09 -6.03561e-10 -14.9551)
(-6.41113e-10 -3.70146e-10 -14.9537)
(-2.6732e-10 -1.54337e-10 -14.9523)
(1.06737e-10 6.16244e-11 -14.9508)
(4.8904e-10 2.82346e-10 -14.9493)
(8.47619e-10 4.89372e-10 -14.9478)
(1.09459e-09 6.31962e-10 -14.9463)
(1.11852e-09 6.45776e-10 -14.9448)
(8.89435e-10 5.13514e-10 -14.9434)
(4.54824e-10 2.62592e-10 -14.942)
(-2.82199e-11 -1.62927e-11 -14.9408)
(-3.54504e-10 -2.04672e-10 -14.9398)
(-3.64706e-10 -2.10563e-10 -14.939)
(-3.45412e-10 -1.99423e-10 -14.9693)
(-0.00197678 -0.00114129 -423.826)
(-0.000939111 -0.000542196 -415.837)
(-0.00101744 -0.000587421 -405.731)
(-0.000915681 -0.000528669 -393.301)
(-0.000828989 -0.000478616 -378.74)
(-0.000748672 -0.000432246 -362.249)
(-0.000674277 -0.000389294 -344.039)
(-0.000602142 -0.000347647 -324.325)
(-0.000524233 -0.000302666 -303.326)
(-0.00042734 -0.000246725 -281.27)
(-0.000294872 -0.000170244 -258.396)
(-0.000110516 -6.38067e-05 -234.962)
(0.000130581 7.53908e-05 -211.248)
(0.000409 0.000236136 -187.565)
(0.000693253 0.000400249 -164.252)
(0.000935562 0.000540146 -141.663)
(0.00109852 0.00063423 -120.144)
(0.0011721 0.00067671 -100.01)
(0.00117543 0.000678632 -81.5295)
(0.0011426 0.000659681 -64.9231)
(0.00110425 0.000637538 -50.3825)
(0.00106773 0.000616454 -38.0955)
(0.0010179 0.000587685 -28.2707)
(0.000883439 0.000510053 -21.1346)
(0.000841364 0.000485761 -16.6338)
(-0.00192789 -0.00110468 -426.56)
(-0.000707788 -0.000378091 -418.527)
(-0.000799206 -0.000430052 -408.389)
(-0.000729606 -0.000387819 -395.905)
(-0.000670732 -0.000351978 -381.273)
(-0.000616272 -0.000318328 -364.696)
(-0.000565738 -0.000286665 -346.384)
(-0.000516313 -0.000255622 -326.553)
(-0.000462192 -0.00022152 -305.425)
(-0.000393839 -0.000178949 -283.228)
(-0.00029981 -0.000121385 -260.202)
(-0.000168454 -4.24558e-05 -236.604)
(3.8536e-06 6.12495e-05 -212.717)
(0.000196597 0.000177102 -188.855)
(0.000392338 0.000295064 -165.359)
(0.000557199 0.000395396 -142.588)
(0.000666366 0.000463863 -120.893)
(0.00071425 0.00049671 -100.597)
(0.000714523 0.000501805 -81.969)
(0.000691366 0.000491211 -65.2341)
(0.000665744 0.00047726 -50.5856)
(0.00064615 0.00046071 -38.2128)
(0.000625999 0.000440323 -28.3258)
(0.000573728 0.000391319 -21.1517)
(0.000610136 0.000382545 -16.6358)
(-0.000889479 -0.000650866 -423.389)
(-0.000522228 -0.000945131 -415.398)
(-0.000509724 -0.0009032 -405.3)
(-0.000465962 -0.000792645 -392.88)
(-0.000425088 -0.000695328 -378.332)
(-0.000387603 -0.00060549 -361.857)
(-0.00035235 -0.000522509 -343.664)
(-0.000316621 -0.000442365 -323.969)
(-0.000274943 -0.000356111 -302.992)
(-0.000219168 -0.000249089 -280.959)
(-0.000140034 -0.000102018 -258.111)
(-3.08921e-05 0.000101731 -234.703)
(0.000111053 0.000366207 -211.016)
(0.00026446 0.000682565 -187.362)
(0.000415262 0.00100481 -164.078)
(0.000536105 0.00127981 -141.517)
(0.000609859 0.0014637 -120.025)
(0.000635392 0.00154419 -99.9169)
(0.000625896 0.00154365 -81.4588)
(0.000600497 0.00150109 -64.872)
(0.000573258 0.00145051 -50.3475)
(0.000549566 0.00139472 -38.0733)
(0.000512534 0.00129921 -28.2577)
(0.000449337 0.00105383 -21.1277)
(0.000393981 0.000830273 -16.6315)
(-0.00098261 -0.000567308 -425.95)
(-0.000924297 -0.000533642 -417.928)
(-0.000890701 -0.000514245 -407.795)
(-0.000794078 -0.00045846 -395.322)
(-0.000707588 -0.000408525 -380.705)
(-0.000627774 -0.000362444 -364.146)
(-0.000553414 -0.000319513 -345.856)
(-0.000480456 -0.00027739 -326.051)
(-0.000399693 -0.000230762 -304.951)
(-0.000296794 -0.000171354 -282.785)
(-0.000154036 -8.89327e-05 -259.793)
(4.32013e-05 2.49422e-05 -236.231)
(0.000299282 0.00017279 -212.383)
(0.00059493 0.000343482 -188.561)
(0.000892683 0.000515389 -165.107)
(0.00114198 0.000659323 -142.377)
(0.00130447 0.000753134 -120.722)
(0.00137164 0.000791913 -100.463)
(0.00136582 0.000788557 -81.8687)
(0.00132327 0.000763987 -65.1632)
(0.001274 0.000735544 -50.5395)
(0.00122343 0.000706347 -38.1864)
(0.00113956 0.000657922 -28.3136)
(0.000945549 0.000545912 -21.1483)
(0.00077022 0.000444686 -16.6356)
(0.000948479 0.000547603 -425.951)
(0.000908017 0.000524243 -417.928)
(0.000872439 0.000503702 -407.795)
(0.000776054 0.000448054 -395.322)
(0.000689477 0.000398069 -380.705)
(0.000610081 0.00035223 -364.146)
(0.000536885 0.00030997 -345.856)
(0.000465297 0.000268639 -326.051)
(0.000386632 0.000223222 -304.951)
(0.000286603 0.00016547 -282.785)
(0.000146988 8.48635e-05 -259.793)
(-4.6851e-05 -2.70494e-05 -236.231)
(-0.000298735 -0.000172475 -212.383)
(-0.000589766 -0.000340501 -188.561)
(-0.000882402 -0.000509454 -165.107)
(-0.00112644 -0.000650348 -142.377)
(-0.00128415 -0.000741403 -120.722)
(-0.00134757 -0.000778021 -100.463)
(-0.0013388 -0.000772956 -81.8687)
(-0.00129475 -0.000747521 -65.1632)
(-0.00124547 -0.000719071 -50.5395)
(-0.00119605 -0.000690539 -38.1864)
(-0.00111369 -0.000642989 -28.3136)
(-0.000924687 -0.000533867 -21.1483)
(-0.000754265 -0.000435474 -16.6356)
(0.000988456 0.000442187 -423.39)
(0.0010738 -3.41508e-05 -415.399)
(0.00102987 -2.42262e-05 -405.301)
(0.000912541 -7.74453e-06 -392.881)
(0.000808072 4.19422e-06 -378.332)
(0.000712065 1.53157e-05 -361.857)
(0.000623462 2.49495e-05 -343.664)
(0.000537291 3.24615e-05 -323.969)
(0.000443225 3.79165e-05 -302.992)
(0.000324482 4.15947e-05 -280.959)
(0.000159594 4.48626e-05 -258.111)
(-6.9376e-05 5.04514e-05 -234.703)
(-0.000366676 5.73874e-05 -211.016)
(-0.00071452 8.07849e-05 -187.362)
(-0.001066 0.000109702 -164.078)
(-0.00136161 0.000141412 -141.517)
(-0.00155505 0.000168777 -120.025)
(-0.00163541 0.000186942 -99.917)
(-0.00162861 0.000196339 -81.4589)
(-0.00157843 0.00020012 -64.872)
(-0.0015212 0.000202884 -50.3475)
(-0.00146225 0.000201773 -38.0732)
(-0.0013628 0.000194097 -28.2577)
(-0.00112264 0.000132439 -21.1277)
(-0.000904836 7.25926e-05 -16.6315)
(0.00190574 0.00113671 -426.56)
(0.000680945 0.000416098 -418.527)
(0.000770839 0.000470468 -408.389)
(0.00070018 0.000429907 -395.905)
(0.000640261 0.000395178 -381.273)
(0.00058482 0.000362781 -364.696)
(0.000533502 0.000332293 -346.384)
(0.00048351 0.000301931 -326.553)
(0.000429072 0.000268511 -305.425)
(0.00036068 0.000226489 -283.228)
(0.000266772 0.000169167 -260.202)
(0.000135579 9.04536e-05 -236.604)
(-3.57605e-05 -1.34635e-05 -212.717)
(-0.000227247 -0.000129111 -188.855)
(-0.000420867 -0.000246732 -165.359)
(-0.00058243 -0.000346788 -142.588)
(-0.000686905 -0.000414936 -120.893)
(-0.000728024 -0.000447767 -100.597)
(-0.000718465 -0.000452935 -81.969)
(-0.000681324 -0.000444252 -65.2341)
(-0.000638202 -0.000433042 -50.5856)
(-0.000599195 -0.000423101 -38.2128)
(-0.000561087 -0.000407804 -28.3258)
(-0.000503318 -0.000369797 -21.1517)
(-0.000541939 -0.000382446 -16.6358)
(0.00197597 0.00114082 -423.826)
(0.000937919 0.000541507 -415.836)
(0.00101624 0.000586728 -405.731)
(0.000914471 0.000527969 -393.301)
(0.000827651 0.000477844 -378.74)
(0.000747269 0.000431436 -362.249)
(0.000672858 0.000388474 -344.039)
(0.000600685 0.000346805 -324.325)
(0.000522834 0.000301858 -303.326)
(0.000426063 0.000245988 -281.27)
(0.000293689 0.000169561 -258.396)
(0.00010952 6.32314e-05 -234.962)
(-0.00013119 -7.57426e-05 -211.248)
(-0.000409049 -0.000236164 -187.565)
(-0.000692327 -0.000399715 -164.252)
(-0.000933198 -0.000538782 -141.663)
(-0.00109412 -0.000631692 -120.144)
(-0.00116483 -0.000672513 -100.01)
(-0.00116391 -0.000671984 -81.5295)
(-0.00112531 -0.000649699 -64.9231)
(-0.00107942 -0.000623203 -50.3825)
(-0.00103515 -0.000597644 -38.0955)
(-0.00097703 -0.000564088 -28.2707)
(-0.000842034 -0.000486148 -21.1346)
(-0.000805803 -0.00046523 -16.6338)
(0.000960936 0.000554795 -425.951)
(0.000898852 0.000518951 -417.928)
(0.000864059 0.000498863 -407.795)
(0.000766518 0.000442548 -395.322)
(0.000678778 0.000391892 -380.705)
(0.00059791 0.000345203 -364.146)
(0.000522877 0.000301882 -345.856)
(0.000449189 0.000259338 -326.051)
(0.000368021 0.000212476 -304.951)
(0.000265108 0.00015306 -282.785)
(0.000122283 7.05997e-05 -259.793)
(-7.47799e-05 -4.31741e-05 -236.231)
(-0.000331238 -0.00019124 -212.383)
(-0.000627199 -0.000362112 -188.561)
(-0.000925551 -0.000534365 -165.107)
(-0.0011762 -0.000679076 -142.377)
(-0.00134182 -0.000774697 -120.722)
(-0.00141463 -0.000816733 -100.463)
(-0.00141753 -0.000818409 -81.8687)
(-0.00138699 -0.000800774 -65.1632)
(-0.00135321 -0.000781273 -50.5395)
(-0.00131636 -0.00076 -38.1864)
(-0.00124125 -0.000716634 -28.3136)
(-0.00104183 -0.000601502 -21.1483)
(-0.000843746 -0.000487136 -16.6356)
(0.000859143 0.000660959 -423.389)
(0.00048607 0.000957694 -415.398)
(0.000471663 0.000916558 -405.3)
(0.000426515 0.000806507 -392.88)
(0.000384134 0.000709648 -378.332)
(0.000345301 0.00062029 -361.857)
(0.000309055 0.000537714 -343.664)
(0.000272516 0.000457857 -323.969)
(0.000230414 0.000371795 -302.992)
(0.000174662 0.000264836 -280.959)
(9.58026e-05 0.000117737 -258.111)
(-1.33384e-05 -8.60293e-05 -234.703)
(-0.000154489 -0.000351099 -211.016)
(-0.000306792 -0.000668348 -187.362)
(-0.000456009 -0.000992176 -164.078)
(-0.000574719 -0.00126987 -141.517)
(-0.000646201 -0.00145802 -120.025)
(-0.00066928 -0.00154499 -99.9169)
(-0.000657013 -0.00155407 -81.4588)
(-0.000628175 -0.00152499 -64.872)
(-0.000598071 -0.00149102 -50.3475)
(-0.000570606 -0.0014526 -38.0733)
(-0.000530134 -0.00137084 -28.2577)
(-0.000463438 -0.00112736 -21.1277)
(-0.000398676 -0.000894733 -16.6315)
(-0.000997341 -0.000430099 -423.39)
(-0.00108372 4.84887e-05 -415.398)
(-0.00104024 3.96982e-05 -405.301)
(-0.000923297 2.39759e-05 -392.881)
(-0.000819301 1.21495e-05 -378.332)
(-0.000723706 1.3539e-06 -361.857)
(-0.000635417 -7.81468e-06 -343.664)
(-0.000549568 -1.5258e-05 -323.969)
(-0.000455743 -2.04233e-05 -302.992)
(-0.000337112 -2.36454e-05 -280.959)
(-0.000172324 -2.66111e-05 -258.111)
(5.69743e-05 -3.18718e-05 -234.703)
(0.000353861 -3.87654e-05 -211.016)
(0.000701412 -6.13225e-05 -187.362)
(0.00105269 -8.87376e-05 -164.078)
(0.00134814 -0.000118248 -141.517)
(0.00154139 -0.000142538 -120.025)
(0.00162186 -0.000156634 -99.917)
(0.00161599 -0.000160029 -81.4588)
(0.00156822 -0.000156937 -64.872)
(0.00151554 -0.000151648 -50.3475)
(0.00146361 -0.000144756 -38.0732)
(0.00137246 -0.000132005 -28.2577)
(0.00113868 -7.69095e-05 -21.1277)
(0.000924002 -3.9053e-05 -16.6315)
(-0.00096152 -0.000555132 -425.95)
(-0.000922945 -0.000532861 -417.928)
(-0.000887937 -0.00051265 -407.795)
(-0.000792033 -0.00045728 -395.322)
(-0.000706399 -0.000407839 -380.705)
(-0.000627758 -0.000362436 -364.146)
(-0.000555003 -0.00032043 -345.856)
(-0.00048406 -0.000279472 -326.051)
(-0.000405782 -0.000234278 -304.951)
(-0.000305804 -0.000176556 -282.785)
(-0.000166426 -9.6086e-05 -259.793)
(2.79605e-05 1.6143e-05 -236.231)
(0.00027898 0.000161069 -212.383)
(0.000569496 0.000328798 -188.561)
(0.000861698 0.0004975 -165.107)
(0.00110508 0.000638019 -142.377)
(0.00126144 0.000728291 -120.722)
(0.00132275 0.00076369 -100.463)
(0.0013117 0.000757311 -81.8687)
(0.00126554 0.000730658 -65.1632)
(0.00121511 0.000701541 -50.5395)
(0.00116772 0.000674183 -38.1864)
(0.00109128 0.000630046 -28.3136)
(0.000910449 0.000525646 -21.1483)
(0.000748358 0.000432064 -16.6356)
)
;

boundaryField
{
    outletCentralUnloaded
    {
        type            zeroGradient;
    }
    inletCentralUnloaded
    {
        type            fixedValue;
        value           uniform (0 0 -15);
    }
    outletFuelElement
    {
        type            zeroGradient;
    }
    inletFuelElement
    {
        type            fixedValue;
        value           uniform (0 0 -15);
    }
    defaultFaces
    {
        type            slip;
    }
    baffle_master
    {
        type            slip;
    }
    baffle_slave
    {
        type            slip;
    }
}


// ************************************************************************* //
