/*--------------------------------*- C++ -*----------------------------------*\
| =========                 |                                                 |
| \\      /  F ield         | OpenFOAM: The Open Source CFD Toolbox           |
|  \\    /   O peration     | Version:  2212                                  |
|   \\  /    A nd           | Website:  www.openfoam.com                      |
|    \\/     M anipulation  |                                                 |
\*---------------------------------------------------------------------------*/
FoamFile
{
    version     2.0;
    format      ascii;
    arch        "LSB;label=32;scalar=64";
    class       volScalarField;
    location    "56/fluidRegion";
    object      alphaRhoMagU;
}
// * * * * * * * * * * * * * * * * * * * * * * * * * * * * * * * * * * * * * //

dimensions      [1 -2 -1 0 0 0 0];

internalField   nonuniform List<scalar> 
350
(
36.8359
36.8354
36.8346
36.8336
36.8327
36.8321
36.8317
36.8315
36.8314
36.8312
36.8307
36.8299
36.8289
36.8279
36.8272
36.8267
36.8267
36.8271
36.8278
36.8287
36.8296
36.8303
36.8308
36.8311
36.9078
36.8359
36.8354
36.8346
36.8336
36.8327
36.8321
36.8317
36.8315
36.8314
36.8312
36.8307
36.8299
36.8289
36.8279
36.8272
36.8267
36.8267
36.8271
36.8278
36.8287
36.8296
36.8303
36.8308
36.8311
36.9078
59.1206
59.068
59.0693
59.0695
59.0684
59.0659
59.0618
59.0558
59.0478
59.0375
59.0248
59.0096
58.992
58.9721
58.9494
58.9229
58.8907
58.8507
58.802
58.751
58.7183
58.7675
59.0524
59.848
60.371
58.597
58.5362
58.5331
58.5289
58.5237
58.5174
58.5097
58.5004
58.4893
58.4762
58.4613
58.4448
58.4276
58.4107
58.3949
58.3803
58.3655
58.3486
58.3289
58.313
58.3232
58.4267
58.7836
59.6755
60.3147
59.2082
59.1551
59.1569
59.1575
59.1566
59.1543
59.1503
59.1444
59.1365
59.1261
59.1133
59.0977
59.0794
59.0583
59.0337
59.0045
58.9685
58.9238
58.8694
58.8115
58.7705
58.8092
59.0809
59.8609
60.373
58.714
58.6556
58.6537
58.6508
58.6467
58.6415
58.6348
58.6265
58.6163
58.604
58.5898
58.5738
58.5567
58.5393
58.5222
58.5051
58.4865
58.4645
58.4383
58.4146
58.4151
58.5064
58.847
59.7171
60.3287
58.714
58.6556
58.6537
58.6508
58.6467
58.6415
58.6348
58.6265
58.6163
58.604
58.5898
58.5738
58.5567
58.5393
58.5222
58.5051
58.4865
58.4645
58.4383
58.4146
58.4151
58.5064
58.847
59.7171
60.3287
59.2082
59.1551
59.1569
59.1574
59.1566
59.1543
59.1503
59.1444
59.1364
59.1261
59.1132
59.0977
59.0794
59.0582
59.0336
59.0044
58.9685
58.9237
58.8693
58.8114
58.7703
58.8091
59.0808
59.8608
60.3729
58.597
58.5362
58.5331
58.5289
58.5237
58.5174
58.5097
58.5004
58.4893
58.4762
58.4613
58.4448
58.4276
58.4107
58.3949
58.3803
58.3655
58.3486
58.3289
58.313
58.3232
58.4267
58.7836
59.6755
60.3147
59.1206
59.068
59.0693
59.0695
59.0685
59.0659
59.0618
59.0558
59.0478
59.0375
59.0248
59.0096
58.992
58.9721
58.9494
58.9229
58.8907
58.8507
58.802
58.751
58.7183
58.7675
59.0524
59.848
60.371
58.714
58.6556
58.6537
58.6508
58.6467
58.6415
58.6348
58.6265
58.6163
58.604
58.5898
58.5738
58.5567
58.5393
58.5222
58.5051
58.4865
58.4645
58.4383
58.4145
58.4151
58.5064
58.847
59.7171
60.3287
59.2082
59.1551
59.1569
59.1575
59.1566
59.1543
59.1503
59.1444
59.1365
59.1261
59.1133
59.0977
59.0794
59.0583
59.0337
59.0045
58.9685
58.9238
58.8694
58.8115
58.7704
58.8092
59.0809
59.861
60.373
59.2082
59.1551
59.1569
59.1574
59.1566
59.1543
59.1503
59.1444
59.1364
59.1261
59.1132
59.0977
59.0794
59.0582
59.0336
59.0044
58.9685
58.9237
58.8693
58.8114
58.7704
58.8091
59.0808
59.8608
60.3729
58.714
58.6556
58.6537
58.6508
58.6467
58.6415
58.6348
58.6265
58.6163
58.604
58.5898
58.5738
58.5567
58.5393
58.5222
58.5051
58.4865
58.4645
58.4383
58.4146
58.4151
58.5064
58.847
59.7171
60.3287
)
;

boundaryField
{
    outletCentralUnloaded
    {
        type            calculated;
        value           nonuniform List<scalar> 2(36.8344 36.8344);
    }
    inletCentralUnloaded
    {
        type            calculated;
        value           nonuniform List<scalar> 2(36.9829 36.9829);
    }
    outletFuelElement
    {
        type            calculated;
        value           nonuniform List<scalar> 
12
(
58.6697
58.1501
58.7567
58.2663
58.2663
58.7567
58.1501
58.6697
58.2663
58.7567
58.7567
58.2663
)
;
    }
    inletFuelElement
    {
        type            calculated;
        value           nonuniform List<scalar> 
12
(
60.0572
60.0572
60.0572
60.0572
60.0572
60.0572
60.0572
60.0572
60.0572
60.0572
60.0572
60.0572
)
;
    }
    defaultFaces
    {
        type            calculated;
        value           nonuniform List<scalar> 
450
(
59.1206
59.1206
59.1206
59.068
59.068
59.068
59.0693
59.0693
59.0693
59.0695
59.0695
59.0695
59.0684
59.0684
59.0684
59.0659
59.0659
59.0659
59.0618
59.0618
59.0618
59.0558
59.0558
59.0558
59.0478
59.0478
59.0478
59.0375
59.0375
59.0375
59.0248
59.0248
59.0248
59.0096
59.0096
59.0096
58.992
58.992
58.992
58.9721
58.9721
58.9721
58.9494
58.9494
58.9494
58.9229
58.9229
58.9229
58.8907
58.8907
58.8907
58.8507
58.8507
58.8507
58.802
58.802
58.802
58.751
58.751
58.751
58.7183
58.7183
58.7183
58.7675
58.7675
58.7675
59.0524
59.0524
59.0524
59.848
59.848
59.848
60.371
60.371
60.371
59.2082
59.2082
59.1551
59.1551
59.1569
59.1569
59.1575
59.1575
59.1566
59.1566
59.1543
59.1543
59.1503
59.1503
59.1444
59.1444
59.1365
59.1365
59.1261
59.1261
59.1133
59.1133
59.0977
59.0977
59.0794
59.0794
59.0583
59.0583
59.0337
59.0337
59.0045
59.0045
58.9685
58.9685
58.9238
58.9238
58.8694
58.8694
58.8115
58.8115
58.7705
58.7705
58.8092
58.8092
59.0809
59.0809
59.8609
59.8609
60.373
60.373
58.714
58.6556
58.6537
58.6508
58.6467
58.6415
58.6348
58.6265
58.6163
58.604
58.5898
58.5738
58.5567
58.5393
58.5222
58.5051
58.4865
58.4645
58.4383
58.4146
58.4151
58.5064
58.847
59.7171
60.3287
58.714
58.6556
58.6537
58.6508
58.6467
58.6415
58.6348
58.6265
58.6163
58.604
58.5898
58.5738
58.5567
58.5393
58.5222
58.5051
58.4865
58.4645
58.4383
58.4146
58.4151
58.5064
58.847
59.7171
60.3287
59.2082
59.2082
59.1551
59.1551
59.1569
59.1569
59.1574
59.1574
59.1566
59.1566
59.1543
59.1543
59.1503
59.1503
59.1444
59.1444
59.1364
59.1364
59.1261
59.1261
59.1132
59.1132
59.0977
59.0977
59.0794
59.0794
59.0582
59.0582
59.0336
59.0336
59.0044
59.0044
58.9685
58.9685
58.9237
58.9237
58.8693
58.8693
58.8114
58.8114
58.7703
58.7703
58.8091
58.8091
59.0808
59.0808
59.8608
59.8608
60.3729
60.3729
59.1206
59.1206
59.1206
59.068
59.068
59.068
59.0693
59.0693
59.0693
59.0695
59.0695
59.0695
59.0685
59.0685
59.0685
59.0659
59.0659
59.0659
59.0618
59.0618
59.0618
59.0558
59.0558
59.0558
59.0478
59.0478
59.0478
59.0375
59.0375
59.0375
59.0248
59.0248
59.0248
59.0096
59.0096
59.0096
58.992
58.992
58.992
58.9721
58.9721
58.9721
58.9494
58.9494
58.9494
58.9229
58.9229
58.9229
58.8907
58.8907
58.8907
58.8507
58.8507
58.8507
58.802
58.802
58.802
58.751
58.751
58.751
58.7183
58.7183
58.7183
58.7675
58.7675
58.7675
59.0524
59.0524
59.0524
59.848
59.848
59.848
60.371
60.371
60.371
58.714
58.6556
58.6537
58.6508
58.6467
58.6415
58.6348
58.6265
58.6163
58.604
58.5898
58.5738
58.5567
58.5393
58.5222
58.5051
58.4865
58.4645
58.4383
58.4145
58.4151
58.5064
58.847
59.7171
60.3287
59.2082
59.2082
59.1551
59.1551
59.1569
59.1569
59.1575
59.1575
59.1566
59.1566
59.1543
59.1543
59.1503
59.1503
59.1444
59.1444
59.1365
59.1365
59.1261
59.1261
59.1133
59.1133
59.0977
59.0977
59.0794
59.0794
59.0583
59.0583
59.0337
59.0337
59.0045
59.0045
58.9685
58.9685
58.9238
58.9238
58.8694
58.8694
58.8115
58.8115
58.7704
58.7704
58.8092
58.8092
59.0809
59.0809
59.861
59.861
60.373
60.373
59.2082
59.2082
59.1551
59.1551
59.1569
59.1569
59.1574
59.1574
59.1566
59.1566
59.1543
59.1543
59.1503
59.1503
59.1444
59.1444
59.1364
59.1364
59.1261
59.1261
59.1132
59.1132
59.0977
59.0977
59.0794
59.0794
59.0582
59.0582
59.0336
59.0336
59.0044
59.0044
58.9685
58.9685
58.9237
58.9237
58.8693
58.8693
58.8114
58.8114
58.7704
58.7704
58.8091
58.8091
59.0808
59.0808
59.8608
59.8608
60.3729
60.3729
58.714
58.6556
58.6537
58.6508
58.6467
58.6415
58.6348
58.6265
58.6163
58.604
58.5898
58.5738
58.5567
58.5393
58.5222
58.5051
58.4865
58.4645
58.4383
58.4146
58.4151
58.5064
58.847
59.7171
60.3287
)
;
    }
    baffle_master
    {
        type            calculated;
        value           nonuniform List<scalar> 
150
(
36.8359
36.8359
36.8359
36.8354
36.8354
36.8354
36.8346
36.8346
36.8346
36.8336
36.8336
36.8336
36.8327
36.8327
36.8327
36.8321
36.8321
36.8321
36.8317
36.8317
36.8317
36.8315
36.8315
36.8315
36.8314
36.8314
36.8314
36.8312
36.8312
36.8312
36.8307
36.8307
36.8307
36.8299
36.8299
36.8299
36.8289
36.8289
36.8289
36.8279
36.8279
36.8279
36.8272
36.8272
36.8272
36.8267
36.8267
36.8267
36.8267
36.8267
36.8267
36.8271
36.8271
36.8271
36.8278
36.8278
36.8278
36.8287
36.8287
36.8287
36.8296
36.8296
36.8296
36.8303
36.8303
36.8303
36.8308
36.8308
36.8308
36.8311
36.8311
36.8311
36.9078
36.9078
36.9078
36.8359
36.8359
36.8359
36.8354
36.8354
36.8354
36.8346
36.8346
36.8346
36.8336
36.8336
36.8336
36.8327
36.8327
36.8327
36.8321
36.8321
36.8321
36.8317
36.8317
36.8317
36.8315
36.8315
36.8315
36.8314
36.8314
36.8314
36.8312
36.8312
36.8312
36.8307
36.8307
36.8307
36.8299
36.8299
36.8299
36.8289
36.8289
36.8289
36.8279
36.8279
36.8279
36.8272
36.8272
36.8272
36.8267
36.8267
36.8267
36.8267
36.8267
36.8267
36.8271
36.8271
36.8271
36.8278
36.8278
36.8278
36.8287
36.8287
36.8287
36.8296
36.8296
36.8296
36.8303
36.8303
36.8303
36.8308
36.8308
36.8308
36.8311
36.8311
36.8311
36.9078
36.9078
36.9078
)
;
    }
    baffle_slave
    {
        type            calculated;
        value           nonuniform List<scalar> 
150
(
58.597
58.714
58.714
58.5362
58.6556
58.6556
58.5331
58.6537
58.6537
58.5289
58.6508
58.6508
58.5237
58.6467
58.6467
58.5174
58.6415
58.6415
58.5097
58.6348
58.6348
58.5004
58.6265
58.6265
58.4893
58.6163
58.6163
58.4762
58.604
58.604
58.4613
58.5898
58.5898
58.4448
58.5738
58.5738
58.4276
58.5567
58.5567
58.4107
58.5393
58.5393
58.3949
58.5222
58.5222
58.3803
58.5051
58.5051
58.3655
58.4865
58.4865
58.3486
58.4645
58.4645
58.3289
58.4383
58.4383
58.313
58.4146
58.4146
58.3232
58.4151
58.4151
58.4267
58.5064
58.5064
58.7836
58.847
58.847
59.6755
59.7171
59.7171
60.3147
60.3287
60.3287
58.714
58.597
58.714
58.6556
58.5362
58.6556
58.6537
58.5331
58.6537
58.6508
58.5289
58.6508
58.6467
58.5237
58.6467
58.6415
58.5174
58.6415
58.6348
58.5097
58.6348
58.6265
58.5004
58.6265
58.6163
58.4893
58.6163
58.604
58.4762
58.604
58.5898
58.4613
58.5898
58.5738
58.4448
58.5738
58.5567
58.4276
58.5567
58.5393
58.4107
58.5393
58.5222
58.3949
58.5222
58.5051
58.3803
58.5051
58.4865
58.3655
58.4865
58.4645
58.3486
58.4645
58.4383
58.3289
58.4383
58.4146
58.313
58.4145
58.4151
58.3232
58.4151
58.5064
58.4267
58.5064
58.847
58.7836
58.847
59.7171
59.6755
59.7171
60.3287
60.3147
60.3287
)
;
    }
}


// ************************************************************************* //
