/*--------------------------------*- C++ -*----------------------------------*\
| =========                 |                                                 |
| \\      /  F ield         | OpenFOAM: The Open Source CFD Toolbox           |
|  \\    /   O peration     | Version:  2212                                  |
|   \\  /    A nd           | Website:  www.openfoam.com                      |
|    \\/     M anipulation  |                                                 |
\*---------------------------------------------------------------------------*/
FoamFile
{
    version     2.0;
    format      ascii;
    arch        "LSB;label=32;scalar=64";
    class       volScalarField;
    location    "56/fluidRegion";
    object      hdeltaT;
}
// * * * * * * * * * * * * * * * * * * * * * * * * * * * * * * * * * * * * * //

dimensions      [1 0 -3 0 0 0 0];

internalField   nonuniform List<scalar> 
350
(
0
0
0
0
0
0
0
0
0
0
0
0
0
0
0
0
0
0
0
0
0
0
0
0
0
0
0
0
0
0
0
0
0
0
0
0
0
0
0
0
0
0
0
0
0
0
0
0
0
0
447441
1.34125e+06
2.21385e+06
3.05151e+06
3.841e+06
4.56988e+06
5.22665e+06
5.80097e+06
6.28376e+06
6.66743e+06
6.94593e+06
7.11485e+06
7.17155e+06
7.11512e+06
6.94646e+06
6.66823e+06
6.28482e+06
5.80227e+06
5.22816e+06
4.57163e+06
3.84295e+06
3.05368e+06
2.21622e+06
1.34389e+06
450557
452525
1.35657e+06
2.23918e+06
3.08643e+06
3.88496e+06
4.6222e+06
5.28649e+06
5.86739e+06
6.35572e+06
6.74378e+06
7.02547e+06
7.19633e+06
7.25368e+06
7.19661e+06
7.02602e+06
6.7446e+06
6.3568e+06
5.86872e+06
5.28804e+06
4.62399e+06
3.88696e+06
3.08866e+06
2.2416e+06
1.35928e+06
455714
446631
1.3388e+06
2.20982e+06
3.04595e+06
3.834e+06
4.56155e+06
5.21712e+06
5.79039e+06
6.27231e+06
6.65527e+06
6.93326e+06
7.10188e+06
7.15847e+06
7.10214e+06
6.93379e+06
6.65607e+06
6.27336e+06
5.79168e+06
5.21863e+06
4.56329e+06
3.83594e+06
3.04811e+06
2.21218e+06
1.34144e+06
449736
451354
1.35304e+06
2.23335e+06
3.07839e+06
3.87484e+06
4.61015e+06
5.27272e+06
5.8521e+06
6.33915e+06
6.72621e+06
7.00716e+06
7.17757e+06
7.23477e+06
7.17785e+06
7.0077e+06
6.72702e+06
6.34023e+06
5.85342e+06
5.27426e+06
4.61194e+06
3.87683e+06
3.08061e+06
2.23576e+06
1.35574e+06
454527
451354
1.35304e+06
2.23335e+06
3.07839e+06
3.87484e+06
4.61015e+06
5.27272e+06
5.8521e+06
6.33915e+06
6.72621e+06
7.00716e+06
7.17757e+06
7.23477e+06
7.17785e+06
7.0077e+06
6.72702e+06
6.34023e+06
5.85342e+06
5.27426e+06
4.61194e+06
3.87683e+06
3.08061e+06
2.23576e+06
1.35574e+06
454527
446631
1.3388e+06
2.20982e+06
3.04595e+06
3.834e+06
4.56155e+06
5.21712e+06
5.79039e+06
6.27231e+06
6.65528e+06
6.93326e+06
7.10188e+06
7.15847e+06
7.10214e+06
6.93379e+06
6.65607e+06
6.27336e+06
5.79168e+06
5.21863e+06
4.56329e+06
3.83594e+06
3.04811e+06
2.21218e+06
1.34144e+06
449736
452525
1.35657e+06
2.23918e+06
3.08643e+06
3.88496e+06
4.6222e+06
5.28649e+06
5.86739e+06
6.35572e+06
6.74378e+06
7.02547e+06
7.19633e+06
7.25368e+06
7.19661e+06
7.02602e+06
6.7446e+06
6.3568e+06
5.86872e+06
5.28804e+06
4.62399e+06
3.88696e+06
3.08866e+06
2.2416e+06
1.35928e+06
455714
447441
1.34124e+06
2.21385e+06
3.05151e+06
3.841e+06
4.56988e+06
5.22665e+06
5.80097e+06
6.28376e+06
6.66743e+06
6.94592e+06
7.11485e+06
7.17155e+06
7.11512e+06
6.94646e+06
6.66823e+06
6.28482e+06
5.80227e+06
5.22816e+06
4.57163e+06
3.84295e+06
3.05368e+06
2.21622e+06
1.34389e+06
450557
451354
1.35304e+06
2.23335e+06
3.07839e+06
3.87484e+06
4.61015e+06
5.27272e+06
5.8521e+06
6.33915e+06
6.72621e+06
7.00716e+06
7.17757e+06
7.23477e+06
7.17785e+06
7.0077e+06
6.72702e+06
6.34023e+06
5.85342e+06
5.27426e+06
4.61194e+06
3.87683e+06
3.08061e+06
2.23576e+06
1.35574e+06
454527
446631
1.3388e+06
2.20982e+06
3.04595e+06
3.834e+06
4.56155e+06
5.21712e+06
5.79039e+06
6.27231e+06
6.65527e+06
6.93326e+06
7.10188e+06
7.15847e+06
7.10214e+06
6.93379e+06
6.65607e+06
6.27336e+06
5.79168e+06
5.21863e+06
4.56329e+06
3.83594e+06
3.04811e+06
2.21218e+06
1.34144e+06
449736
446631
1.3388e+06
2.20982e+06
3.04595e+06
3.834e+06
4.56155e+06
5.21712e+06
5.79039e+06
6.27231e+06
6.65527e+06
6.93326e+06
7.10188e+06
7.15847e+06
7.10214e+06
6.93379e+06
6.65607e+06
6.27336e+06
5.79168e+06
5.21863e+06
4.56329e+06
3.83594e+06
3.04811e+06
2.21218e+06
1.34144e+06
449736
451354
1.35304e+06
2.23335e+06
3.07839e+06
3.87484e+06
4.61015e+06
5.27272e+06
5.8521e+06
6.33915e+06
6.72621e+06
7.00716e+06
7.17757e+06
7.23477e+06
7.17785e+06
7.0077e+06
6.72702e+06
6.34023e+06
5.85342e+06
5.27426e+06
4.61194e+06
3.87683e+06
3.0806e+06
2.23576e+06
1.35574e+06
454527
)
;

boundaryField
{
    outletCentralUnloaded
    {
        type            calculated;
        value           uniform 0;
    }
    inletCentralUnloaded
    {
        type            calculated;
        value           uniform 0;
    }
    outletFuelElement
    {
        type            calculated;
        value           uniform 0;
    }
    inletFuelElement
    {
        type            calculated;
        value           nonuniform List<scalar> 
12
(
3.04892e+06
3.04771e+06
3.04883e+06
3.04803e+06
3.04803e+06
3.04883e+06
3.04771e+06
3.04892e+06
3.04803e+06
3.04883e+06
3.04883e+06
3.04803e+06
)
;
    }
    defaultFaces
    {
        type            calculated;
        value           nonuniform List<scalar> 
450
(
0
0
0
0
0
0
0
0
0
0
0
0
0
0
0
0
0
0
0
0
0
0
0
0
0
0
0
0
0
0
0
0
0
0
0
0
0
0
0
0
0
0
0
0
0
0
0
0
1.25175e+06
1.25175e+06
1.25175e+06
2.34127e+06
2.34127e+06
2.34127e+06
3.08346e+06
3.08346e+06
3.08346e+06
3.5033e+06
3.5033e+06
3.5033e+06
3.6444e+06
3.6444e+06
3.6444e+06
3.57215e+06
3.57215e+06
3.57215e+06
3.37664e+06
3.37664e+06
3.37664e+06
3.16956e+06
3.16956e+06
3.16956e+06
3.01537e+06
3.01537e+06
3.01537e+06
0
0
0
0
0
0
0
0
0
0
0
0
0
0
0
0
0
0
0
0
0
0
0
0
0
0
0
0
0
0
0
0
1.27038e+06
1.27038e+06
2.3541e+06
2.3541e+06
3.09177e+06
3.09177e+06
3.50828e+06
3.50828e+06
3.64712e+06
3.64712e+06
3.57348e+06
3.57348e+06
3.3772e+06
3.3772e+06
3.1697e+06
3.1697e+06
3.01534e+06
3.01534e+06
0
0
0
0
0
0
0
0
0
0
0
0
0
0
0
0
1.15633e+06
2.27477e+06
3.03962e+06
3.47615e+06
3.62855e+06
3.56309e+06
3.37117e+06
3.16621e+06
3.01419e+06
0
0
0
0
0
0
0
0
0
0
0
0
0
0
0
0
1.15633e+06
2.27477e+06
3.03962e+06
3.47615e+06
3.62855e+06
3.56309e+06
3.37117e+06
3.16621e+06
3.01419e+06
0
0
0
0
0
0
0
0
0
0
0
0
0
0
0
0
0
0
0
0
0
0
0
0
0
0
0
0
0
0
0
0
1.27036e+06
1.27036e+06
2.35409e+06
2.35409e+06
3.09176e+06
3.09176e+06
3.50827e+06
3.50827e+06
3.64712e+06
3.64712e+06
3.57347e+06
3.57347e+06
3.37719e+06
3.37719e+06
3.16969e+06
3.16969e+06
3.01534e+06
3.01534e+06
0
0
0
0
0
0
0
0
0
0
0
0
0
0
0
0
0
0
0
0
0
0
0
0
0
0
0
0
0
0
0
0
0
0
0
0
0
0
0
0
0
0
0
0
0
0
0
0
1.25175e+06
1.25175e+06
1.25175e+06
2.34127e+06
2.34127e+06
2.34127e+06
3.08346e+06
3.08346e+06
3.08346e+06
3.5033e+06
3.5033e+06
3.5033e+06
3.6444e+06
3.6444e+06
3.6444e+06
3.57215e+06
3.57215e+06
3.57215e+06
3.37664e+06
3.37664e+06
3.37664e+06
3.16956e+06
3.16956e+06
3.16956e+06
3.01537e+06
3.01537e+06
3.01537e+06
0
0
0
0
0
0
0
0
0
0
0
0
0
0
0
0
1.15633e+06
2.27477e+06
3.03962e+06
3.47615e+06
3.62855e+06
3.56309e+06
3.37117e+06
3.16621e+06
3.01419e+06
0
0
0
0
0
0
0
0
0
0
0
0
0
0
0
0
0
0
0
0
0
0
0
0
0
0
0
0
0
0
0
0
1.27037e+06
1.27037e+06
2.3541e+06
2.3541e+06
3.09177e+06
3.09177e+06
3.50828e+06
3.50828e+06
3.64712e+06
3.64712e+06
3.57348e+06
3.57348e+06
3.3772e+06
3.3772e+06
3.1697e+06
3.1697e+06
3.01534e+06
3.01534e+06
0
0
0
0
0
0
0
0
0
0
0
0
0
0
0
0
0
0
0
0
0
0
0
0
0
0
0
0
0
0
0
0
1.27036e+06
1.27036e+06
2.35409e+06
2.35409e+06
3.09176e+06
3.09176e+06
3.50827e+06
3.50827e+06
3.64712e+06
3.64712e+06
3.57347e+06
3.57347e+06
3.37719e+06
3.37719e+06
3.16969e+06
3.16969e+06
3.01534e+06
3.01534e+06
0
0
0
0
0
0
0
0
0
0
0
0
0
0
0
0
1.15633e+06
2.27477e+06
3.03962e+06
3.47615e+06
3.62855e+06
3.56309e+06
3.37117e+06
3.16621e+06
3.01419e+06
)
;
    }
    baffle_master
    {
        type            calculated;
        value           uniform 0;
    }
    baffle_slave
    {
        type            calculated;
        value           nonuniform List<scalar> 
150
(
0
0
0
0
0
0
0
0
0
0
0
0
0
0
0
0
0
0
0
0
0
0
0
0
0
0
0
0
0
0
0
0
0
0
0
0
0
0
0
0
0
0
0
0
0
0
0
0
1.12758e+06
1.15633e+06
1.15633e+06
2.25468e+06
2.27477e+06
2.27477e+06
3.02634e+06
3.03962e+06
3.03962e+06
3.4679e+06
3.47615e+06
3.47615e+06
3.6237e+06
3.62855e+06
3.62855e+06
3.56028e+06
3.56309e+06
3.56309e+06
3.36944e+06
3.37117e+06
3.37117e+06
3.16511e+06
3.16621e+06
3.16621e+06
3.01379e+06
3.01419e+06
3.01419e+06
0
0
0
0
0
0
0
0
0
0
0
0
0
0
0
0
0
0
0
0
0
0
0
0
0
0
0
0
0
0
0
0
0
0
0
0
0
0
0
0
0
0
0
0
0
0
0
0
1.15633e+06
1.12758e+06
1.15633e+06
2.27477e+06
2.25468e+06
2.27477e+06
3.03962e+06
3.02634e+06
3.03962e+06
3.47615e+06
3.4679e+06
3.47615e+06
3.62855e+06
3.6237e+06
3.62855e+06
3.56309e+06
3.56028e+06
3.56309e+06
3.37117e+06
3.36944e+06
3.37117e+06
3.16621e+06
3.16511e+06
3.16621e+06
3.01419e+06
3.01379e+06
3.01419e+06
)
;
    }
}


// ************************************************************************* //
