/*--------------------------------*- C++ -*----------------------------------*\
| =========                 |                                                 |
| \\      /  F ield         | OpenFOAM: The Open Source CFD Toolbox           |
|  \\    /   O peration     | Version:  2212                                  |
|   \\  /    A nd           | Website:  www.openfoam.com                      |
|    \\/     M anipulation  |                                                 |
\*---------------------------------------------------------------------------*/
FoamFile
{
    version     2.0;
    format      ascii;
    arch        "LSB;label=32;scalar=64";
    class       volScalarField;
    location    "56/fluidRegion";
    object      k;
}
// * * * * * * * * * * * * * * * * * * * * * * * * * * * * * * * * * * * * * //

dimensions      [0 2 -2 0 0 0 0];

internalField   nonuniform List<scalar> 
350
(
0.421092
0.421021
0.420951
0.420882
0.420813
0.420744
0.420675
0.420606
0.420538
0.420472
0.420407
0.420346
0.42029
0.420239
0.420196
0.420165
0.420154
0.420172
0.420235
0.420369
0.420611
0.42102
0.421683
0.422734
0.424378
0.421092
0.421021
0.420951
0.420882
0.420813
0.420744
0.420675
0.420606
0.420538
0.420472
0.420407
0.420346
0.42029
0.420239
0.420196
0.420165
0.420154
0.420172
0.420235
0.420369
0.420611
0.42102
0.421683
0.422734
0.424378
406.656
384.079
358.399
330.127
300.046
268.935
237.541
206.565
176.645
148.343
122.138
98.4075
77.4268
59.3514
44.2133
31.9198
22.2659
14.9582
9.64767
5.96478
3.54955
2.07254
1.25009
0.853306
0.713281
412.376
389.533
363.55
334.923
304.45
272.92
241.092
209.677
179.323
150.601
123.998
99.9013
78.591
60.2286
44.8493
32.3615
22.5579
15.1404
9.75387
6.0216
3.57673
2.08373
1.25386
0.854334
0.713668
405.71
383.174
357.549
329.337
299.324
268.284
236.963
206.061
176.213
147.98
121.839
98.1688
77.2412
59.2119
44.1122
31.8496
22.2194
14.929
9.63048
5.95538
3.54483
2.0704
1.24921
0.852966
0.713149
411.12
388.333
362.413
333.862
303.474
272.035
240.301
208.982
178.724
150.095
123.58
99.5646
78.328
60.03
44.705
32.2611
22.4914
15.0989
9.72966
6.00865
3.57055
2.0812
1.25302
0.854119
0.713592
411.12
388.333
362.413
333.862
303.474
272.035
240.301
208.982
178.724
150.095
123.58
99.5646
78.328
60.03
44.705
32.2611
22.4914
15.0989
9.72966
6.00865
3.57055
2.0812
1.25302
0.854119
0.713592
405.71
383.174
357.549
329.338
299.324
268.284
236.963
206.061
176.213
147.98
121.839
98.1689
77.2413
59.212
44.1122
31.8496
22.2194
14.929
9.63047
5.95537
3.54482
2.07039
1.2492
0.852962
0.713147
412.376
389.533
363.55
334.923
304.45
272.92
241.092
209.677
179.323
150.601
123.998
99.9013
78.591
60.2286
44.8494
32.3615
22.5579
15.1404
9.75387
6.0216
3.57673
2.08373
1.25386
0.854335
0.713668
406.656
384.079
358.399
330.127
300.046
268.935
237.541
206.565
176.645
148.343
122.138
98.4075
77.4268
59.3514
44.2133
31.9198
22.2659
14.9582
9.64766
5.96478
3.54954
2.07253
1.25008
0.853302
0.713277
411.12
388.333
362.413
333.862
303.474
272.035
240.301
208.982
178.724
150.095
123.58
99.5646
78.328
60.03
44.705
32.2611
22.4914
15.0989
9.72966
6.00865
3.57055
2.0812
1.25302
0.854117
0.713591
405.71
383.174
357.549
329.337
299.324
268.284
236.963
206.061
176.213
147.98
121.839
98.1688
77.2412
59.2119
44.1122
31.8496
22.2194
14.929
9.63049
5.95539
3.54485
2.07041
1.24922
0.852976
0.713157
405.71
383.174
357.549
329.338
299.324
268.284
236.963
206.061
176.213
147.98
121.839
98.1689
77.2413
59.2119
44.1122
31.8496
22.2194
14.929
9.63046
5.95536
3.54482
2.07039
1.2492
0.852964
0.713149
411.12
388.333
362.413
333.862
303.474
272.035
240.301
208.982
178.724
150.095
123.58
99.5646
78.3279
60.03
44.705
32.2611
22.4914
15.0989
9.72965
6.00864
3.57054
2.08119
1.25301
0.854113
0.713587
)
;

boundaryField
{
    outletCentralUnloaded
    {
        type            zeroGradient;
    }
    inletCentralUnloaded
    {
        type            zeroGradient;
    }
    outletFuelElement
    {
        type            zeroGradient;
    }
    inletFuelElement
    {
        type            zeroGradient;
    }
    defaultFaces
    {
        type            zeroGradient;
    }
    baffle_master
    {
        type            zeroGradient;
    }
    baffle_slave
    {
        type            zeroGradient;
    }
}


// ************************************************************************* //
