/*--------------------------------*- C++ -*----------------------------------*\
| =========                 |                                                 |
| \\      /  F ield         | OpenFOAM: The Open Source CFD Toolbox           |
|  \\    /   O peration     | Version:  2212                                  |
|   \\  /    A nd           | Website:  www.openfoam.com                      |
|    \\/     M anipulation  |                                                 |
\*---------------------------------------------------------------------------*/
FoamFile
{
    version     2.0;
    format      ascii;
    arch        "LSB;label=32;scalar=64";
    class       volTensorField;
    location    "56/fluidRegion";
    object      Kd;
}
// * * * * * * * * * * * * * * * * * * * * * * * * * * * * * * * * * * * * * //

dimensions      [1 -3 -1 0 0 0 0];

internalField   nonuniform List<tensor> 
350
(
(84.7502 0 0 0 84.7502 0 0 0 84.7502)
(84.7494 0 0 0 84.7494 0 0 0 84.7494)
(84.7481 0 0 0 84.7481 0 0 0 84.7481)
(84.7465 0 0 0 84.7465 0 0 0 84.7465)
(84.7449 0 0 0 84.7449 0 0 0 84.7449)
(84.7437 0 0 0 84.7437 0 0 0 84.7437)
(84.7428 0 0 0 84.7428 0 0 0 84.7428)
(84.7422 0 0 0 84.7422 0 0 0 84.7422)
(84.7417 0 0 0 84.7417 0 0 0 84.7417)
(84.7411 0 0 0 84.7411 0 0 0 84.7411)
(84.7401 0 0 0 84.7401 0 0 0 84.7401)
(84.7389 0 0 0 84.7389 0 0 0 84.7389)
(84.7375 0 0 0 84.7375 0 0 0 84.7375)
(84.7361 0 0 0 84.7361 0 0 0 84.7361)
(84.7349 0 0 0 84.7349 0 0 0 84.7349)
(84.7342 0 0 0 84.7342 0 0 0 84.7342)
(84.734 0 0 0 84.734 0 0 0 84.734)
(84.7343 0 0 0 84.7343 0 0 0 84.7343)
(84.7351 0 0 0 84.7351 0 0 0 84.7351)
(84.7361 0 0 0 84.7361 0 0 0 84.7361)
(84.7372 0 0 0 84.7372 0 0 0 84.7372)
(84.7384 0 0 0 84.7384 0 0 0 84.7384)
(84.7394 0 0 0 84.7394 0 0 0 84.7394)
(84.7404 0 0 0 84.7404 0 0 0 84.7404)
(84.8733 0 0 0 84.8733 0 0 0 84.8733)
(84.7502 0 0 0 84.7502 0 0 0 84.7502)
(84.7494 0 0 0 84.7494 0 0 0 84.7494)
(84.7481 0 0 0 84.7481 0 0 0 84.7481)
(84.7465 0 0 0 84.7465 0 0 0 84.7465)
(84.7449 0 0 0 84.7449 0 0 0 84.7449)
(84.7437 0 0 0 84.7437 0 0 0 84.7437)
(84.7428 0 0 0 84.7428 0 0 0 84.7428)
(84.7422 0 0 0 84.7422 0 0 0 84.7422)
(84.7417 0 0 0 84.7417 0 0 0 84.7417)
(84.7411 0 0 0 84.7411 0 0 0 84.7411)
(84.7401 0 0 0 84.7401 0 0 0 84.7401)
(84.7389 0 0 0 84.7389 0 0 0 84.7389)
(84.7375 0 0 0 84.7375 0 0 0 84.7375)
(84.7361 0 0 0 84.7361 0 0 0 84.7361)
(84.7349 0 0 0 84.7349 0 0 0 84.7349)
(84.7342 0 0 0 84.7342 0 0 0 84.7342)
(84.734 0 0 0 84.734 0 0 0 84.734)
(84.7343 0 0 0 84.7343 0 0 0 84.7343)
(84.7351 0 0 0 84.7351 0 0 0 84.7351)
(84.7361 0 0 0 84.7361 0 0 0 84.7361)
(84.7372 0 0 0 84.7372 0 0 0 84.7372)
(84.7384 0 0 0 84.7384 0 0 0 84.7384)
(84.7394 0 0 0 84.7394 0 0 0 84.7394)
(84.7404 0 0 0 84.7404 0 0 0 84.7404)
(84.8733 0 0 0 84.8733 0 0 0 84.8733)
(682.626 0 0 0 682.626 0 0 0 682.626)
(682.171 0 0 0 682.171 0 0 0 682.171)
(682.182 0 0 0 682.182 0 0 0 682.182)
(682.184 0 0 0 682.184 0 0 0 682.184)
(682.175 0 0 0 682.175 0 0 0 682.175)
(682.153 0 0 0 682.153 0 0 0 682.153)
(682.117 0 0 0 682.117 0 0 0 682.117)
(682.065 0 0 0 682.065 0 0 0 682.065)
(681.996 0 0 0 681.996 0 0 0 681.996)
(681.907 0 0 0 681.907 0 0 0 681.907)
(681.797 0 0 0 681.797 0 0 0 681.797)
(681.665 0 0 0 681.665 0 0 0 681.665)
(681.513 0 0 0 681.513 0 0 0 681.513)
(681.34 0 0 0 681.34 0 0 0 681.34)
(681.144 0 0 0 681.144 0 0 0 681.144)
(680.914 0 0 0 680.914 0 0 0 680.914)
(680.635 0 0 0 680.635 0 0 0 680.635)
(680.288 0 0 0 680.288 0 0 0 680.288)
(679.866 0 0 0 679.866 0 0 0 679.866)
(679.423 0 0 0 679.423 0 0 0 679.423)
(679.139 0 0 0 679.139 0 0 0 679.139)
(679.566 0 0 0 679.566 0 0 0 679.566)
(682.036 0 0 0 682.036 0 0 0 682.036)
(688.916 0 0 0 688.916 0 0 0 688.916)
(693.426 0 0 0 693.426 0 0 0 693.426)
(678.087 0 0 0 678.087 0 0 0 678.087)
(677.56 0 0 0 677.56 0 0 0 677.56)
(677.533 0 0 0 677.533 0 0 0 677.533)
(677.496 0 0 0 677.496 0 0 0 677.496)
(677.451 0 0 0 677.451 0 0 0 677.451)
(677.396 0 0 0 677.396 0 0 0 677.396)
(677.329 0 0 0 677.329 0 0 0 677.329)
(677.249 0 0 0 677.249 0 0 0 677.249)
(677.152 0 0 0 677.152 0 0 0 677.152)
(677.039 0 0 0 677.039 0 0 0 677.039)
(676.909 0 0 0 676.909 0 0 0 676.909)
(676.766 0 0 0 676.766 0 0 0 676.766)
(676.616 0 0 0 676.616 0 0 0 676.616)
(676.469 0 0 0 676.469 0 0 0 676.469)
(676.333 0 0 0 676.333 0 0 0 676.333)
(676.205 0 0 0 676.205 0 0 0 676.205)
(676.077 0 0 0 676.077 0 0 0 676.077)
(675.93 0 0 0 675.93 0 0 0 675.93)
(675.759 0 0 0 675.759 0 0 0 675.759)
(675.621 0 0 0 675.621 0 0 0 675.621)
(675.71 0 0 0 675.71 0 0 0 675.71)
(676.608 0 0 0 676.608 0 0 0 676.608)
(679.706 0 0 0 679.706 0 0 0 679.706)
(687.426 0 0 0 687.426 0 0 0 687.426)
(692.942 0 0 0 692.942 0 0 0 692.942)
(683.385 0 0 0 683.385 0 0 0 683.385)
(682.925 0 0 0 682.925 0 0 0 682.925)
(682.941 0 0 0 682.941 0 0 0 682.941)
(682.946 0 0 0 682.946 0 0 0 682.946)
(682.938 0 0 0 682.938 0 0 0 682.938)
(682.918 0 0 0 682.918 0 0 0 682.918)
(682.884 0 0 0 682.884 0 0 0 682.884)
(682.833 0 0 0 682.833 0 0 0 682.833)
(682.764 0 0 0 682.764 0 0 0 682.764)
(682.674 0 0 0 682.674 0 0 0 682.674)
(682.563 0 0 0 682.563 0 0 0 682.563)
(682.428 0 0 0 682.428 0 0 0 682.428)
(682.27 0 0 0 682.27 0 0 0 682.27)
(682.087 0 0 0 682.087 0 0 0 682.087)
(681.874 0 0 0 681.874 0 0 0 681.874)
(681.621 0 0 0 681.621 0 0 0 681.621)
(681.309 0 0 0 681.309 0 0 0 681.309)
(680.922 0 0 0 680.922 0 0 0 680.922)
(680.45 0 0 0 680.45 0 0 0 680.45)
(679.948 0 0 0 679.948 0 0 0 679.948)
(679.592 0 0 0 679.592 0 0 0 679.592)
(679.928 0 0 0 679.928 0 0 0 679.928)
(682.283 0 0 0 682.283 0 0 0 682.283)
(689.028 0 0 0 689.028 0 0 0 689.028)
(693.443 0 0 0 693.443 0 0 0 693.443)
(679.103 0 0 0 679.103 0 0 0 679.103)
(678.596 0 0 0 678.596 0 0 0 678.596)
(678.58 0 0 0 678.58 0 0 0 678.58)
(678.554 0 0 0 678.554 0 0 0 678.554)
(678.519 0 0 0 678.519 0 0 0 678.519)
(678.473 0 0 0 678.473 0 0 0 678.473)
(678.415 0 0 0 678.415 0 0 0 678.415)
(678.343 0 0 0 678.343 0 0 0 678.343)
(678.255 0 0 0 678.255 0 0 0 678.255)
(678.148 0 0 0 678.148 0 0 0 678.148)
(678.025 0 0 0 678.025 0 0 0 678.025)
(677.886 0 0 0 677.886 0 0 0 677.886)
(677.737 0 0 0 677.737 0 0 0 677.737)
(677.587 0 0 0 677.587 0 0 0 677.587)
(677.438 0 0 0 677.438 0 0 0 677.438)
(677.289 0 0 0 677.289 0 0 0 677.289)
(677.128 0 0 0 677.128 0 0 0 677.128)
(676.937 0 0 0 676.937 0 0 0 676.937)
(676.71 0 0 0 676.71 0 0 0 676.71)
(676.503 0 0 0 676.503 0 0 0 676.503)
(676.508 0 0 0 676.508 0 0 0 676.508)
(677.301 0 0 0 677.301 0 0 0 677.301)
(680.256 0 0 0 680.256 0 0 0 680.256)
(687.785 0 0 0 687.785 0 0 0 687.785)
(693.062 0 0 0 693.062 0 0 0 693.062)
(679.103 0 0 0 679.103 0 0 0 679.103)
(678.596 0 0 0 678.596 0 0 0 678.596)
(678.58 0 0 0 678.58 0 0 0 678.58)
(678.554 0 0 0 678.554 0 0 0 678.554)
(678.519 0 0 0 678.519 0 0 0 678.519)
(678.473 0 0 0 678.473 0 0 0 678.473)
(678.415 0 0 0 678.415 0 0 0 678.415)
(678.343 0 0 0 678.343 0 0 0 678.343)
(678.255 0 0 0 678.255 0 0 0 678.255)
(678.148 0 0 0 678.148 0 0 0 678.148)
(678.025 0 0 0 678.025 0 0 0 678.025)
(677.886 0 0 0 677.886 0 0 0 677.886)
(677.737 0 0 0 677.737 0 0 0 677.737)
(677.587 0 0 0 677.587 0 0 0 677.587)
(677.438 0 0 0 677.438 0 0 0 677.438)
(677.289 0 0 0 677.289 0 0 0 677.289)
(677.128 0 0 0 677.128 0 0 0 677.128)
(676.937 0 0 0 676.937 0 0 0 676.937)
(676.71 0 0 0 676.71 0 0 0 676.71)
(676.503 0 0 0 676.503 0 0 0 676.503)
(676.508 0 0 0 676.508 0 0 0 676.508)
(677.301 0 0 0 677.301 0 0 0 677.301)
(680.256 0 0 0 680.256 0 0 0 680.256)
(687.785 0 0 0 687.785 0 0 0 687.785)
(693.062 0 0 0 693.062 0 0 0 693.062)
(683.385 0 0 0 683.385 0 0 0 683.385)
(682.925 0 0 0 682.925 0 0 0 682.925)
(682.941 0 0 0 682.941 0 0 0 682.941)
(682.946 0 0 0 682.946 0 0 0 682.946)
(682.938 0 0 0 682.938 0 0 0 682.938)
(682.918 0 0 0 682.918 0 0 0 682.918)
(682.883 0 0 0 682.883 0 0 0 682.883)
(682.833 0 0 0 682.833 0 0 0 682.833)
(682.764 0 0 0 682.764 0 0 0 682.764)
(682.674 0 0 0 682.674 0 0 0 682.674)
(682.563 0 0 0 682.563 0 0 0 682.563)
(682.428 0 0 0 682.428 0 0 0 682.428)
(682.27 0 0 0 682.27 0 0 0 682.27)
(682.086 0 0 0 682.086 0 0 0 682.086)
(681.873 0 0 0 681.873 0 0 0 681.873)
(681.62 0 0 0 681.62 0 0 0 681.62)
(681.309 0 0 0 681.309 0 0 0 681.309)
(680.921 0 0 0 680.921 0 0 0 680.921)
(680.449 0 0 0 680.449 0 0 0 680.449)
(679.947 0 0 0 679.947 0 0 0 679.947)
(679.591 0 0 0 679.591 0 0 0 679.591)
(679.927 0 0 0 679.927 0 0 0 679.927)
(682.282 0 0 0 682.282 0 0 0 682.282)
(689.026 0 0 0 689.026 0 0 0 689.026)
(693.443 0 0 0 693.443 0 0 0 693.443)
(678.087 0 0 0 678.087 0 0 0 678.087)
(677.56 0 0 0 677.56 0 0 0 677.56)
(677.533 0 0 0 677.533 0 0 0 677.533)
(677.496 0 0 0 677.496 0 0 0 677.496)
(677.451 0 0 0 677.451 0 0 0 677.451)
(677.396 0 0 0 677.396 0 0 0 677.396)
(677.329 0 0 0 677.329 0 0 0 677.329)
(677.249 0 0 0 677.249 0 0 0 677.249)
(677.152 0 0 0 677.152 0 0 0 677.152)
(677.039 0 0 0 677.039 0 0 0 677.039)
(676.909 0 0 0 676.909 0 0 0 676.909)
(676.766 0 0 0 676.766 0 0 0 676.766)
(676.616 0 0 0 676.616 0 0 0 676.616)
(676.469 0 0 0 676.469 0 0 0 676.469)
(676.333 0 0 0 676.333 0 0 0 676.333)
(676.205 0 0 0 676.205 0 0 0 676.205)
(676.077 0 0 0 676.077 0 0 0 676.077)
(675.93 0 0 0 675.93 0 0 0 675.93)
(675.759 0 0 0 675.759 0 0 0 675.759)
(675.621 0 0 0 675.621 0 0 0 675.621)
(675.709 0 0 0 675.709 0 0 0 675.709)
(676.608 0 0 0 676.608 0 0 0 676.608)
(679.706 0 0 0 679.706 0 0 0 679.706)
(687.426 0 0 0 687.426 0 0 0 687.426)
(692.942 0 0 0 692.942 0 0 0 692.942)
(682.626 0 0 0 682.626 0 0 0 682.626)
(682.171 0 0 0 682.171 0 0 0 682.171)
(682.182 0 0 0 682.182 0 0 0 682.182)
(682.184 0 0 0 682.184 0 0 0 682.184)
(682.175 0 0 0 682.175 0 0 0 682.175)
(682.153 0 0 0 682.153 0 0 0 682.153)
(682.117 0 0 0 682.117 0 0 0 682.117)
(682.065 0 0 0 682.065 0 0 0 682.065)
(681.996 0 0 0 681.996 0 0 0 681.996)
(681.907 0 0 0 681.907 0 0 0 681.907)
(681.797 0 0 0 681.797 0 0 0 681.797)
(681.665 0 0 0 681.665 0 0 0 681.665)
(681.513 0 0 0 681.513 0 0 0 681.513)
(681.34 0 0 0 681.34 0 0 0 681.34)
(681.144 0 0 0 681.144 0 0 0 681.144)
(680.914 0 0 0 680.914 0 0 0 680.914)
(680.635 0 0 0 680.635 0 0 0 680.635)
(680.288 0 0 0 680.288 0 0 0 680.288)
(679.866 0 0 0 679.866 0 0 0 679.866)
(679.423 0 0 0 679.423 0 0 0 679.423)
(679.139 0 0 0 679.139 0 0 0 679.139)
(679.566 0 0 0 679.566 0 0 0 679.566)
(682.035 0 0 0 682.035 0 0 0 682.035)
(688.916 0 0 0 688.916 0 0 0 688.916)
(693.426 0 0 0 693.426 0 0 0 693.426)
(679.103 0 0 0 679.103 0 0 0 679.103)
(678.596 0 0 0 678.596 0 0 0 678.596)
(678.58 0 0 0 678.58 0 0 0 678.58)
(678.554 0 0 0 678.554 0 0 0 678.554)
(678.519 0 0 0 678.519 0 0 0 678.519)
(678.473 0 0 0 678.473 0 0 0 678.473)
(678.415 0 0 0 678.415 0 0 0 678.415)
(678.343 0 0 0 678.343 0 0 0 678.343)
(678.255 0 0 0 678.255 0 0 0 678.255)
(678.148 0 0 0 678.148 0 0 0 678.148)
(678.025 0 0 0 678.025 0 0 0 678.025)
(677.886 0 0 0 677.886 0 0 0 677.886)
(677.737 0 0 0 677.737 0 0 0 677.737)
(677.587 0 0 0 677.587 0 0 0 677.587)
(677.438 0 0 0 677.438 0 0 0 677.438)
(677.289 0 0 0 677.289 0 0 0 677.289)
(677.128 0 0 0 677.128 0 0 0 677.128)
(676.937 0 0 0 676.937 0 0 0 676.937)
(676.71 0 0 0 676.71 0 0 0 676.71)
(676.503 0 0 0 676.503 0 0 0 676.503)
(676.508 0 0 0 676.508 0 0 0 676.508)
(677.301 0 0 0 677.301 0 0 0 677.301)
(680.256 0 0 0 680.256 0 0 0 680.256)
(687.786 0 0 0 687.786 0 0 0 687.786)
(693.062 0 0 0 693.062 0 0 0 693.062)
(683.385 0 0 0 683.385 0 0 0 683.385)
(682.925 0 0 0 682.925 0 0 0 682.925)
(682.941 0 0 0 682.941 0 0 0 682.941)
(682.946 0 0 0 682.946 0 0 0 682.946)
(682.938 0 0 0 682.938 0 0 0 682.938)
(682.918 0 0 0 682.918 0 0 0 682.918)
(682.884 0 0 0 682.884 0 0 0 682.884)
(682.833 0 0 0 682.833 0 0 0 682.833)
(682.764 0 0 0 682.764 0 0 0 682.764)
(682.674 0 0 0 682.674 0 0 0 682.674)
(682.563 0 0 0 682.563 0 0 0 682.563)
(682.428 0 0 0 682.428 0 0 0 682.428)
(682.27 0 0 0 682.27 0 0 0 682.27)
(682.087 0 0 0 682.087 0 0 0 682.087)
(681.874 0 0 0 681.874 0 0 0 681.874)
(681.621 0 0 0 681.621 0 0 0 681.621)
(681.309 0 0 0 681.309 0 0 0 681.309)
(680.922 0 0 0 680.922 0 0 0 680.922)
(680.45 0 0 0 680.45 0 0 0 680.45)
(679.948 0 0 0 679.948 0 0 0 679.948)
(679.592 0 0 0 679.592 0 0 0 679.592)
(679.928 0 0 0 679.928 0 0 0 679.928)
(682.283 0 0 0 682.283 0 0 0 682.283)
(689.029 0 0 0 689.029 0 0 0 689.029)
(693.444 0 0 0 693.444 0 0 0 693.444)
(683.385 0 0 0 683.385 0 0 0 683.385)
(682.925 0 0 0 682.925 0 0 0 682.925)
(682.941 0 0 0 682.941 0 0 0 682.941)
(682.946 0 0 0 682.946 0 0 0 682.946)
(682.938 0 0 0 682.938 0 0 0 682.938)
(682.918 0 0 0 682.918 0 0 0 682.918)
(682.883 0 0 0 682.883 0 0 0 682.883)
(682.833 0 0 0 682.833 0 0 0 682.833)
(682.764 0 0 0 682.764 0 0 0 682.764)
(682.674 0 0 0 682.674 0 0 0 682.674)
(682.563 0 0 0 682.563 0 0 0 682.563)
(682.428 0 0 0 682.428 0 0 0 682.428)
(682.27 0 0 0 682.27 0 0 0 682.27)
(682.086 0 0 0 682.086 0 0 0 682.086)
(681.873 0 0 0 681.873 0 0 0 681.873)
(681.62 0 0 0 681.62 0 0 0 681.62)
(681.309 0 0 0 681.309 0 0 0 681.309)
(680.921 0 0 0 680.921 0 0 0 680.921)
(680.449 0 0 0 680.449 0 0 0 680.449)
(679.947 0 0 0 679.947 0 0 0 679.947)
(679.591 0 0 0 679.591 0 0 0 679.591)
(679.927 0 0 0 679.927 0 0 0 679.927)
(682.282 0 0 0 682.282 0 0 0 682.282)
(689.026 0 0 0 689.026 0 0 0 689.026)
(693.443 0 0 0 693.443 0 0 0 693.443)
(679.103 0 0 0 679.103 0 0 0 679.103)
(678.596 0 0 0 678.596 0 0 0 678.596)
(678.58 0 0 0 678.58 0 0 0 678.58)
(678.554 0 0 0 678.554 0 0 0 678.554)
(678.519 0 0 0 678.519 0 0 0 678.519)
(678.473 0 0 0 678.473 0 0 0 678.473)
(678.415 0 0 0 678.415 0 0 0 678.415)
(678.343 0 0 0 678.343 0 0 0 678.343)
(678.255 0 0 0 678.255 0 0 0 678.255)
(678.148 0 0 0 678.148 0 0 0 678.148)
(678.025 0 0 0 678.025 0 0 0 678.025)
(677.886 0 0 0 677.886 0 0 0 677.886)
(677.738 0 0 0 677.738 0 0 0 677.738)
(677.587 0 0 0 677.587 0 0 0 677.587)
(677.438 0 0 0 677.438 0 0 0 677.438)
(677.289 0 0 0 677.289 0 0 0 677.289)
(677.128 0 0 0 677.128 0 0 0 677.128)
(676.937 0 0 0 676.937 0 0 0 676.937)
(676.71 0 0 0 676.71 0 0 0 676.71)
(676.503 0 0 0 676.503 0 0 0 676.503)
(676.508 0 0 0 676.508 0 0 0 676.508)
(677.301 0 0 0 677.301 0 0 0 677.301)
(680.256 0 0 0 680.256 0 0 0 680.256)
(687.785 0 0 0 687.785 0 0 0 687.785)
(693.062 0 0 0 693.062 0 0 0 693.062)
)
;

boundaryField
{
    outletCentralUnloaded
    {
        type            zeroGradient;
    }
    inletCentralUnloaded
    {
        type            zeroGradient;
    }
    outletFuelElement
    {
        type            zeroGradient;
    }
    inletFuelElement
    {
        type            zeroGradient;
    }
    defaultFaces
    {
        type            zeroGradient;
    }
    baffle_master
    {
        type            zeroGradient;
    }
    baffle_slave
    {
        type            zeroGradient;
    }
}


// ************************************************************************* //
