/*--------------------------------*- C++ -*----------------------------------*\
| =========                 |                                                 |
| \\      /  F ield         | OpenFOAM: The Open Source CFD Toolbox           |
|  \\    /   O peration     | Version:  2212                                  |
|   \\  /    A nd           | Website:  www.openfoam.com                      |
|    \\/     M anipulation  |                                                 |
\*---------------------------------------------------------------------------*/
FoamFile
{
    version     2.0;
    format      ascii;
    arch        "LSB;label=32;scalar=64";
    class       volScalarField;
    location    "56/fluidRegion";
    object      Re;
}
// * * * * * * * * * * * * * * * * * * * * * * * * * * * * * * * * * * * * * //

dimensions      [0 0 0 0 0 0 0];

internalField   nonuniform List<scalar> 
350
(
174055
174053
174049
174044
174040
174037
174034
174033
174031
174030
174027
174024
174020
174016
174013
174011
174010
174011
174013
174016
174019
174022
174025
174028
174392
174055
174053
174049
174044
174040
174037
174034
174033
174031
174030
174027
174024
174020
174016
174013
174011
174010
174011
174013
174016
174019
174022
174025
174028
174392
55429.1
55379.8
55381
55381.2
55380.2
55377.8
55373.9
55368.3
55360.8
55351.2
55339.3
55325
55308.6
55289.9
55268.6
55243.8
55213.6
55176
55130.4
55082.5
55051.9
55098
55365.1
56111.1
56601.4
54938.1
54881.2
54878.3
54874.3
54869.5
54863.5
54856.3
54847.6
54837.2
54825
54810.9
54795.5
54779.3
54763.5
54748.7
54735
54721.1
54705.3
54686.8
54671.9
54681.5
54778.5
55113.1
55949.4
56548.7
55511.2
55461.4
55463.1
55463.6
55462.9
55460.7
55456.9
55451.4
55443.9
55434.3
55422.2
55407.6
55390.5
55370.6
55347.6
55320.2
55286.5
55244.6
55193.6
55139.3
55100.8
55137.2
55391.9
56123.2
56603.3
55047.9
54993.2
54991.4
54988.6
54984.8
54979.9
54973.6
54965.8
54956.2
54944.8
54931.4
54916.4
54900.4
54884.1
54868.1
54852
54834.6
54813.9
54789.4
54767.1
54767.7
54853.3
55172.6
55988.3
56561.7
55047.9
54993.2
54991.4
54988.6
54984.8
54979.9
54973.6
54965.8
54956.3
54944.8
54931.4
54916.4
54900.4
54884.1
54868.1
54852
54834.6
54813.9
54789.4
54767.1
54767.7
54853.2
55172.6
55988.3
56561.8
55511.2
55461.4
55463.1
55463.6
55462.8
55460.6
55456.9
55451.4
55443.9
55434.2
55422.2
55407.6
55390.4
55370.6
55347.6
55320.1
55286.4
55244.5
55193.5
55139.2
55100.7
55137
55391.7
56123.1
56603.2
54938.1
54881.2
54878.3
54874.3
54869.5
54863.5
54856.3
54847.6
54837.2
54825
54810.9
54795.5
54779.3
54763.5
54748.7
54735
54721.1
54705.3
54686.8
54671.9
54681.5
54778.5
55113.1
55949.4
56548.7
55429.1
55379.8
55381
55381.2
55380.2
55377.8
55373.9
55368.3
55360.8
55351.2
55339.3
55325
55308.6
55289.9
55268.6
55243.8
55213.6
55176
55130.4
55082.5
55051.9
55098
55365.1
56111
56601.4
55047.9
54993.2
54991.4
54988.6
54984.8
54979.9
54973.6
54965.8
54956.2
54944.8
54931.4
54916.4
54900.4
54884.1
54868.1
54852
54834.6
54813.9
54789.4
54767.1
54767.7
54853.3
55172.6
55988.3
56561.8
55511.2
55461.4
55463.1
55463.6
55462.9
55460.7
55456.9
55451.4
55443.9
55434.3
55422.2
55407.6
55390.5
55370.6
55347.6
55320.2
55286.5
55244.6
55193.6
55139.3
55100.8
55137.2
55391.9
56123.3
56603.3
55511.2
55461.4
55463.1
55463.6
55462.8
55460.6
55456.9
55451.4
55443.9
55434.2
55422.2
55407.6
55390.4
55370.6
55347.6
55320.1
55286.4
55244.5
55193.5
55139.2
55100.7
55137
55391.7
56123.1
56603.2
55047.9
54993.2
54991.4
54988.6
54984.8
54979.9
54973.6
54965.8
54956.3
54944.8
54931.4
54916.4
54900.4
54884.1
54868.1
54852
54834.6
54813.9
54789.4
54767.1
54767.7
54853.2
55172.6
55988.3
56561.8
)
;

boundaryField
{
    outletCentralUnloaded
    {
        type            zeroGradient;
    }
    inletCentralUnloaded
    {
        type            zeroGradient;
    }
    outletFuelElement
    {
        type            zeroGradient;
    }
    inletFuelElement
    {
        type            zeroGradient;
    }
    defaultFaces
    {
        type            zeroGradient;
    }
    baffle_master
    {
        type            zeroGradient;
    }
    baffle_slave
    {
        type            zeroGradient;
    }
}


// ************************************************************************* //
