/*--------------------------------*- C++ -*----------------------------------*\
| =========                 |                                                 |
| \\      /  F ield         | OpenFOAM: The Open Source CFD Toolbox           |
|  \\    /   O peration     | Version:  2212                                  |
|   \\  /    A nd           | Website:  www.openfoam.com                      |
|    \\/     M anipulation  |                                                 |
\*---------------------------------------------------------------------------*/
FoamFile
{
    version     2.0;
    format      ascii;
    arch        "LSB;label=32;scalar=64";
    class       volTensorField;
    location    "87/fluidRegion";
    object      Kd;
}
// * * * * * * * * * * * * * * * * * * * * * * * * * * * * * * * * * * * * * //

dimensions      [1 -3 -1 0 0 0 0];

internalField   nonuniform List<tensor> 
350
(
(84.7402 0 0 0 84.7402 0 0 0 84.7402)
(84.7402 0 0 0 84.7402 0 0 0 84.7402)
(84.7405 0 0 0 84.7405 0 0 0 84.7405)
(84.7411 0 0 0 84.7411 0 0 0 84.7411)
(84.7421 0 0 0 84.7421 0 0 0 84.7421)
(84.7431 0 0 0 84.7431 0 0 0 84.7431)
(84.7439 0 0 0 84.7439 0 0 0 84.7439)
(84.7444 0 0 0 84.7444 0 0 0 84.7444)
(84.7444 0 0 0 84.7444 0 0 0 84.7444)
(84.744 0 0 0 84.744 0 0 0 84.744)
(84.7433 0 0 0 84.7433 0 0 0 84.7433)
(84.7426 0 0 0 84.7426 0 0 0 84.7426)
(84.7419 0 0 0 84.7419 0 0 0 84.7419)
(84.7413 0 0 0 84.7413 0 0 0 84.7413)
(84.7408 0 0 0 84.7408 0 0 0 84.7408)
(84.7405 0 0 0 84.7405 0 0 0 84.7405)
(84.7402 0 0 0 84.7402 0 0 0 84.7402)
(84.74 0 0 0 84.74 0 0 0 84.74)
(84.7399 0 0 0 84.7399 0 0 0 84.7399)
(84.74 0 0 0 84.74 0 0 0 84.74)
(84.7404 0 0 0 84.7404 0 0 0 84.7404)
(84.7409 0 0 0 84.7409 0 0 0 84.7409)
(84.7414 0 0 0 84.7414 0 0 0 84.7414)
(84.7418 0 0 0 84.7418 0 0 0 84.7418)
(84.8737 0 0 0 84.8737 0 0 0 84.8737)
(84.7402 0 0 0 84.7402 0 0 0 84.7402)
(84.7402 0 0 0 84.7402 0 0 0 84.7402)
(84.7405 0 0 0 84.7405 0 0 0 84.7405)
(84.7411 0 0 0 84.7411 0 0 0 84.7411)
(84.7421 0 0 0 84.7421 0 0 0 84.7421)
(84.7431 0 0 0 84.7431 0 0 0 84.7431)
(84.7439 0 0 0 84.7439 0 0 0 84.7439)
(84.7444 0 0 0 84.7444 0 0 0 84.7444)
(84.7444 0 0 0 84.7444 0 0 0 84.7444)
(84.744 0 0 0 84.744 0 0 0 84.744)
(84.7433 0 0 0 84.7433 0 0 0 84.7433)
(84.7426 0 0 0 84.7426 0 0 0 84.7426)
(84.7419 0 0 0 84.7419 0 0 0 84.7419)
(84.7413 0 0 0 84.7413 0 0 0 84.7413)
(84.7408 0 0 0 84.7408 0 0 0 84.7408)
(84.7405 0 0 0 84.7405 0 0 0 84.7405)
(84.7402 0 0 0 84.7402 0 0 0 84.7402)
(84.74 0 0 0 84.74 0 0 0 84.74)
(84.7399 0 0 0 84.7399 0 0 0 84.7399)
(84.74 0 0 0 84.74 0 0 0 84.74)
(84.7404 0 0 0 84.7404 0 0 0 84.7404)
(84.7409 0 0 0 84.7409 0 0 0 84.7409)
(84.7414 0 0 0 84.7414 0 0 0 84.7414)
(84.7418 0 0 0 84.7418 0 0 0 84.7418)
(84.8737 0 0 0 84.8737 0 0 0 84.8737)
(682.656 0 0 0 682.656 0 0 0 682.656)
(682.204 0 0 0 682.204 0 0 0 682.204)
(682.215 0 0 0 682.215 0 0 0 682.215)
(682.217 0 0 0 682.217 0 0 0 682.217)
(682.207 0 0 0 682.207 0 0 0 682.207)
(682.185 0 0 0 682.185 0 0 0 682.185)
(682.149 0 0 0 682.149 0 0 0 682.149)
(682.098 0 0 0 682.098 0 0 0 682.098)
(682.028 0 0 0 682.028 0 0 0 682.028)
(681.939 0 0 0 681.939 0 0 0 681.939)
(681.829 0 0 0 681.829 0 0 0 681.829)
(681.698 0 0 0 681.698 0 0 0 681.698)
(681.545 0 0 0 681.545 0 0 0 681.545)
(681.372 0 0 0 681.372 0 0 0 681.372)
(681.176 0 0 0 681.176 0 0 0 681.176)
(680.946 0 0 0 680.946 0 0 0 680.946)
(680.667 0 0 0 680.667 0 0 0 680.667)
(680.319 0 0 0 680.319 0 0 0 680.319)
(679.897 0 0 0 679.897 0 0 0 679.897)
(679.454 0 0 0 679.454 0 0 0 679.454)
(679.17 0 0 0 679.17 0 0 0 679.17)
(679.596 0 0 0 679.596 0 0 0 679.596)
(682.065 0 0 0 682.065 0 0 0 682.065)
(688.948 0 0 0 688.948 0 0 0 688.948)
(693.468 0 0 0 693.468 0 0 0 693.468)
(678.116 0 0 0 678.116 0 0 0 678.116)
(677.591 0 0 0 677.591 0 0 0 677.591)
(677.564 0 0 0 677.564 0 0 0 677.564)
(677.527 0 0 0 677.527 0 0 0 677.527)
(677.482 0 0 0 677.482 0 0 0 677.482)
(677.427 0 0 0 677.427 0 0 0 677.427)
(677.36 0 0 0 677.36 0 0 0 677.36)
(677.28 0 0 0 677.28 0 0 0 677.28)
(677.184 0 0 0 677.184 0 0 0 677.184)
(677.07 0 0 0 677.07 0 0 0 677.07)
(676.94 0 0 0 676.94 0 0 0 676.94)
(676.797 0 0 0 676.797 0 0 0 676.797)
(676.647 0 0 0 676.647 0 0 0 676.647)
(676.5 0 0 0 676.5 0 0 0 676.5)
(676.364 0 0 0 676.364 0 0 0 676.364)
(676.236 0 0 0 676.236 0 0 0 676.236)
(676.108 0 0 0 676.108 0 0 0 676.108)
(675.961 0 0 0 675.961 0 0 0 675.961)
(675.79 0 0 0 675.79 0 0 0 675.79)
(675.651 0 0 0 675.651 0 0 0 675.651)
(675.739 0 0 0 675.739 0 0 0 675.739)
(676.637 0 0 0 676.637 0 0 0 676.637)
(679.735 0 0 0 679.735 0 0 0 679.735)
(687.458 0 0 0 687.458 0 0 0 687.458)
(692.983 0 0 0 692.983 0 0 0 692.983)
(683.415 0 0 0 683.415 0 0 0 683.415)
(682.958 0 0 0 682.958 0 0 0 682.958)
(682.974 0 0 0 682.974 0 0 0 682.974)
(682.979 0 0 0 682.979 0 0 0 682.979)
(682.971 0 0 0 682.971 0 0 0 682.971)
(682.951 0 0 0 682.951 0 0 0 682.951)
(682.916 0 0 0 682.916 0 0 0 682.916)
(682.865 0 0 0 682.865 0 0 0 682.865)
(682.796 0 0 0 682.796 0 0 0 682.796)
(682.707 0 0 0 682.707 0 0 0 682.707)
(682.595 0 0 0 682.595 0 0 0 682.595)
(682.461 0 0 0 682.461 0 0 0 682.461)
(682.302 0 0 0 682.302 0 0 0 682.302)
(682.119 0 0 0 682.119 0 0 0 682.119)
(681.906 0 0 0 681.906 0 0 0 681.906)
(681.653 0 0 0 681.653 0 0 0 681.653)
(681.341 0 0 0 681.341 0 0 0 681.341)
(680.954 0 0 0 680.954 0 0 0 680.954)
(680.482 0 0 0 680.482 0 0 0 680.482)
(679.98 0 0 0 679.98 0 0 0 679.98)
(679.623 0 0 0 679.623 0 0 0 679.623)
(679.958 0 0 0 679.958 0 0 0 679.958)
(682.313 0 0 0 682.313 0 0 0 682.313)
(689.06 0 0 0 689.06 0 0 0 689.06)
(693.485 0 0 0 693.485 0 0 0 693.485)
(679.132 0 0 0 679.132 0 0 0 679.132)
(678.628 0 0 0 678.628 0 0 0 678.628)
(678.611 0 0 0 678.611 0 0 0 678.611)
(678.585 0 0 0 678.585 0 0 0 678.585)
(678.55 0 0 0 678.55 0 0 0 678.55)
(678.505 0 0 0 678.505 0 0 0 678.505)
(678.447 0 0 0 678.447 0 0 0 678.447)
(678.375 0 0 0 678.375 0 0 0 678.375)
(678.286 0 0 0 678.286 0 0 0 678.286)
(678.18 0 0 0 678.18 0 0 0 678.18)
(678.056 0 0 0 678.056 0 0 0 678.056)
(677.917 0 0 0 677.917 0 0 0 677.917)
(677.769 0 0 0 677.769 0 0 0 677.769)
(677.618 0 0 0 677.618 0 0 0 677.618)
(677.469 0 0 0 677.469 0 0 0 677.469)
(677.32 0 0 0 677.32 0 0 0 677.32)
(677.159 0 0 0 677.159 0 0 0 677.159)
(676.968 0 0 0 676.968 0 0 0 676.968)
(676.741 0 0 0 676.741 0 0 0 676.741)
(676.534 0 0 0 676.534 0 0 0 676.534)
(676.538 0 0 0 676.538 0 0 0 676.538)
(677.33 0 0 0 677.33 0 0 0 677.33)
(680.285 0 0 0 680.285 0 0 0 680.285)
(687.817 0 0 0 687.817 0 0 0 687.817)
(693.103 0 0 0 693.103 0 0 0 693.103)
(679.132 0 0 0 679.132 0 0 0 679.132)
(678.628 0 0 0 678.628 0 0 0 678.628)
(678.611 0 0 0 678.611 0 0 0 678.611)
(678.585 0 0 0 678.585 0 0 0 678.585)
(678.55 0 0 0 678.55 0 0 0 678.55)
(678.505 0 0 0 678.505 0 0 0 678.505)
(678.447 0 0 0 678.447 0 0 0 678.447)
(678.375 0 0 0 678.375 0 0 0 678.375)
(678.286 0 0 0 678.286 0 0 0 678.286)
(678.18 0 0 0 678.18 0 0 0 678.18)
(678.056 0 0 0 678.056 0 0 0 678.056)
(677.917 0 0 0 677.917 0 0 0 677.917)
(677.769 0 0 0 677.769 0 0 0 677.769)
(677.618 0 0 0 677.618 0 0 0 677.618)
(677.469 0 0 0 677.469 0 0 0 677.469)
(677.32 0 0 0 677.32 0 0 0 677.32)
(677.159 0 0 0 677.159 0 0 0 677.159)
(676.968 0 0 0 676.968 0 0 0 676.968)
(676.741 0 0 0 676.741 0 0 0 676.741)
(676.534 0 0 0 676.534 0 0 0 676.534)
(676.538 0 0 0 676.538 0 0 0 676.538)
(677.33 0 0 0 677.33 0 0 0 677.33)
(680.285 0 0 0 680.285 0 0 0 680.285)
(687.817 0 0 0 687.817 0 0 0 687.817)
(693.103 0 0 0 693.103 0 0 0 693.103)
(683.415 0 0 0 683.415 0 0 0 683.415)
(682.958 0 0 0 682.958 0 0 0 682.958)
(682.974 0 0 0 682.974 0 0 0 682.974)
(682.978 0 0 0 682.978 0 0 0 682.978)
(682.971 0 0 0 682.971 0 0 0 682.971)
(682.951 0 0 0 682.951 0 0 0 682.951)
(682.916 0 0 0 682.916 0 0 0 682.916)
(682.865 0 0 0 682.865 0 0 0 682.865)
(682.796 0 0 0 682.796 0 0 0 682.796)
(682.707 0 0 0 682.707 0 0 0 682.707)
(682.595 0 0 0 682.595 0 0 0 682.595)
(682.46 0 0 0 682.46 0 0 0 682.46)
(682.302 0 0 0 682.302 0 0 0 682.302)
(682.119 0 0 0 682.119 0 0 0 682.119)
(681.906 0 0 0 681.906 0 0 0 681.906)
(681.652 0 0 0 681.652 0 0 0 681.652)
(681.341 0 0 0 681.341 0 0 0 681.341)
(680.953 0 0 0 680.953 0 0 0 680.953)
(680.481 0 0 0 680.481 0 0 0 680.481)
(679.979 0 0 0 679.979 0 0 0 679.979)
(679.622 0 0 0 679.622 0 0 0 679.622)
(679.957 0 0 0 679.957 0 0 0 679.957)
(682.311 0 0 0 682.311 0 0 0 682.311)
(689.059 0 0 0 689.059 0 0 0 689.059)
(693.484 0 0 0 693.484 0 0 0 693.484)
(678.116 0 0 0 678.116 0 0 0 678.116)
(677.591 0 0 0 677.591 0 0 0 677.591)
(677.564 0 0 0 677.564 0 0 0 677.564)
(677.527 0 0 0 677.527 0 0 0 677.527)
(677.482 0 0 0 677.482 0 0 0 677.482)
(677.427 0 0 0 677.427 0 0 0 677.427)
(677.36 0 0 0 677.36 0 0 0 677.36)
(677.28 0 0 0 677.28 0 0 0 677.28)
(677.184 0 0 0 677.184 0 0 0 677.184)
(677.07 0 0 0 677.07 0 0 0 677.07)
(676.94 0 0 0 676.94 0 0 0 676.94)
(676.797 0 0 0 676.797 0 0 0 676.797)
(676.647 0 0 0 676.647 0 0 0 676.647)
(676.5 0 0 0 676.5 0 0 0 676.5)
(676.364 0 0 0 676.364 0 0 0 676.364)
(676.236 0 0 0 676.236 0 0 0 676.236)
(676.108 0 0 0 676.108 0 0 0 676.108)
(675.961 0 0 0 675.961 0 0 0 675.961)
(675.79 0 0 0 675.79 0 0 0 675.79)
(675.651 0 0 0 675.651 0 0 0 675.651)
(675.739 0 0 0 675.739 0 0 0 675.739)
(676.637 0 0 0 676.637 0 0 0 676.637)
(679.735 0 0 0 679.735 0 0 0 679.735)
(687.458 0 0 0 687.458 0 0 0 687.458)
(692.983 0 0 0 692.983 0 0 0 692.983)
(682.656 0 0 0 682.656 0 0 0 682.656)
(682.204 0 0 0 682.204 0 0 0 682.204)
(682.215 0 0 0 682.215 0 0 0 682.215)
(682.217 0 0 0 682.217 0 0 0 682.217)
(682.208 0 0 0 682.208 0 0 0 682.208)
(682.185 0 0 0 682.185 0 0 0 682.185)
(682.149 0 0 0 682.149 0 0 0 682.149)
(682.098 0 0 0 682.098 0 0 0 682.098)
(682.028 0 0 0 682.028 0 0 0 682.028)
(681.939 0 0 0 681.939 0 0 0 681.939)
(681.829 0 0 0 681.829 0 0 0 681.829)
(681.698 0 0 0 681.698 0 0 0 681.698)
(681.545 0 0 0 681.545 0 0 0 681.545)
(681.372 0 0 0 681.372 0 0 0 681.372)
(681.176 0 0 0 681.176 0 0 0 681.176)
(680.946 0 0 0 680.946 0 0 0 680.946)
(680.667 0 0 0 680.667 0 0 0 680.667)
(680.32 0 0 0 680.32 0 0 0 680.32)
(679.897 0 0 0 679.897 0 0 0 679.897)
(679.455 0 0 0 679.455 0 0 0 679.455)
(679.17 0 0 0 679.17 0 0 0 679.17)
(679.596 0 0 0 679.596 0 0 0 679.596)
(682.065 0 0 0 682.065 0 0 0 682.065)
(688.949 0 0 0 688.949 0 0 0 688.949)
(693.468 0 0 0 693.468 0 0 0 693.468)
(679.132 0 0 0 679.132 0 0 0 679.132)
(678.628 0 0 0 678.628 0 0 0 678.628)
(678.611 0 0 0 678.611 0 0 0 678.611)
(678.585 0 0 0 678.585 0 0 0 678.585)
(678.55 0 0 0 678.55 0 0 0 678.55)
(678.505 0 0 0 678.505 0 0 0 678.505)
(678.447 0 0 0 678.447 0 0 0 678.447)
(678.375 0 0 0 678.375 0 0 0 678.375)
(678.286 0 0 0 678.286 0 0 0 678.286)
(678.18 0 0 0 678.18 0 0 0 678.18)
(678.056 0 0 0 678.056 0 0 0 678.056)
(677.917 0 0 0 677.917 0 0 0 677.917)
(677.769 0 0 0 677.769 0 0 0 677.769)
(677.618 0 0 0 677.618 0 0 0 677.618)
(677.469 0 0 0 677.469 0 0 0 677.469)
(677.32 0 0 0 677.32 0 0 0 677.32)
(677.159 0 0 0 677.159 0 0 0 677.159)
(676.968 0 0 0 676.968 0 0 0 676.968)
(676.741 0 0 0 676.741 0 0 0 676.741)
(676.534 0 0 0 676.534 0 0 0 676.534)
(676.538 0 0 0 676.538 0 0 0 676.538)
(677.33 0 0 0 677.33 0 0 0 677.33)
(680.285 0 0 0 680.285 0 0 0 680.285)
(687.817 0 0 0 687.817 0 0 0 687.817)
(693.103 0 0 0 693.103 0 0 0 693.103)
(683.415 0 0 0 683.415 0 0 0 683.415)
(682.958 0 0 0 682.958 0 0 0 682.958)
(682.974 0 0 0 682.974 0 0 0 682.974)
(682.978 0 0 0 682.978 0 0 0 682.978)
(682.971 0 0 0 682.971 0 0 0 682.971)
(682.951 0 0 0 682.951 0 0 0 682.951)
(682.916 0 0 0 682.916 0 0 0 682.916)
(682.865 0 0 0 682.865 0 0 0 682.865)
(682.796 0 0 0 682.796 0 0 0 682.796)
(682.707 0 0 0 682.707 0 0 0 682.707)
(682.595 0 0 0 682.595 0 0 0 682.595)
(682.461 0 0 0 682.461 0 0 0 682.461)
(682.302 0 0 0 682.302 0 0 0 682.302)
(682.119 0 0 0 682.119 0 0 0 682.119)
(681.906 0 0 0 681.906 0 0 0 681.906)
(681.653 0 0 0 681.653 0 0 0 681.653)
(681.341 0 0 0 681.341 0 0 0 681.341)
(680.953 0 0 0 680.953 0 0 0 680.953)
(680.482 0 0 0 680.482 0 0 0 680.482)
(679.98 0 0 0 679.98 0 0 0 679.98)
(679.623 0 0 0 679.623 0 0 0 679.623)
(679.958 0 0 0 679.958 0 0 0 679.958)
(682.313 0 0 0 682.313 0 0 0 682.313)
(689.06 0 0 0 689.06 0 0 0 689.06)
(693.485 0 0 0 693.485 0 0 0 693.485)
(683.415 0 0 0 683.415 0 0 0 683.415)
(682.958 0 0 0 682.958 0 0 0 682.958)
(682.974 0 0 0 682.974 0 0 0 682.974)
(682.978 0 0 0 682.978 0 0 0 682.978)
(682.971 0 0 0 682.971 0 0 0 682.971)
(682.951 0 0 0 682.951 0 0 0 682.951)
(682.916 0 0 0 682.916 0 0 0 682.916)
(682.865 0 0 0 682.865 0 0 0 682.865)
(682.796 0 0 0 682.796 0 0 0 682.796)
(682.707 0 0 0 682.707 0 0 0 682.707)
(682.595 0 0 0 682.595 0 0 0 682.595)
(682.46 0 0 0 682.46 0 0 0 682.46)
(682.302 0 0 0 682.302 0 0 0 682.302)
(682.119 0 0 0 682.119 0 0 0 682.119)
(681.906 0 0 0 681.906 0 0 0 681.906)
(681.652 0 0 0 681.652 0 0 0 681.652)
(681.341 0 0 0 681.341 0 0 0 681.341)
(680.953 0 0 0 680.953 0 0 0 680.953)
(680.481 0 0 0 680.481 0 0 0 680.481)
(679.979 0 0 0 679.979 0 0 0 679.979)
(679.622 0 0 0 679.622 0 0 0 679.622)
(679.957 0 0 0 679.957 0 0 0 679.957)
(682.311 0 0 0 682.311 0 0 0 682.311)
(689.059 0 0 0 689.059 0 0 0 689.059)
(693.484 0 0 0 693.484 0 0 0 693.484)
(679.132 0 0 0 679.132 0 0 0 679.132)
(678.628 0 0 0 678.628 0 0 0 678.628)
(678.611 0 0 0 678.611 0 0 0 678.611)
(678.585 0 0 0 678.585 0 0 0 678.585)
(678.55 0 0 0 678.55 0 0 0 678.55)
(678.505 0 0 0 678.505 0 0 0 678.505)
(678.447 0 0 0 678.447 0 0 0 678.447)
(678.375 0 0 0 678.375 0 0 0 678.375)
(678.286 0 0 0 678.286 0 0 0 678.286)
(678.18 0 0 0 678.18 0 0 0 678.18)
(678.056 0 0 0 678.056 0 0 0 678.056)
(677.917 0 0 0 677.917 0 0 0 677.917)
(677.769 0 0 0 677.769 0 0 0 677.769)
(677.618 0 0 0 677.618 0 0 0 677.618)
(677.469 0 0 0 677.469 0 0 0 677.469)
(677.321 0 0 0 677.321 0 0 0 677.321)
(677.159 0 0 0 677.159 0 0 0 677.159)
(676.968 0 0 0 676.968 0 0 0 676.968)
(676.741 0 0 0 676.741 0 0 0 676.741)
(676.534 0 0 0 676.534 0 0 0 676.534)
(676.539 0 0 0 676.539 0 0 0 676.539)
(677.33 0 0 0 677.33 0 0 0 677.33)
(680.285 0 0 0 680.285 0 0 0 680.285)
(687.818 0 0 0 687.818 0 0 0 687.818)
(693.103 0 0 0 693.103 0 0 0 693.103)
)
;

boundaryField
{
    outletCentralUnloaded
    {
        type            zeroGradient;
    }
    inletCentralUnloaded
    {
        type            zeroGradient;
    }
    outletFuelElement
    {
        type            zeroGradient;
    }
    inletFuelElement
    {
        type            zeroGradient;
    }
    defaultFaces
    {
        type            zeroGradient;
    }
    baffle_master
    {
        type            zeroGradient;
    }
    baffle_slave
    {
        type            zeroGradient;
    }
}


// ************************************************************************* //
