/*--------------------------------*- C++ -*----------------------------------*\
| =========                 |                                                 |
| \\      /  F ield         | OpenFOAM: The Open Source CFD Toolbox           |
|  \\    /   O peration     | Version:  2212                                  |
|   \\  /    A nd           | Website:  www.openfoam.com                      |
|    \\/     M anipulation  |                                                 |
\*---------------------------------------------------------------------------*/
FoamFile
{
    version     2.0;
    format      ascii;
    arch        "LSB;label=32;scalar=64";
    class       surfaceScalarField;
    location    "10/fluidRegion";
    object      alphaPhi;
}
// * * * * * * * * * * * * * * * * * * * * * * * * * * * * * * * * * * * * * //

dimensions      [0 3 -1 0 0 0 0];

oriented        oriented;

internalField   nonuniform List<scalar> 
661
(
-0.000540134
-0
-0.000540134
-0
-0.000540134
-0
-0.000540134
-0
-0.000540134
-0
-0.000540134
-0
-0.000540134
-0
-0.000540134
-0
-0.000540134
-0
-0.000540134
-0
-0.000540134
-0
-0.000540134
-0
-0.000540134
-0
-0.000540134
-0
-0.000540134
-0
-0.000540134
-0
-0.000540134
-0
-0.000540134
-0
-0.000540134
-0
-0.000540134
-0
-0.000540134
-0
-0.000540134
-0
-0.000540134
-0
-0.000540134
-0
-0
-0.000540134
-0.000540134
-0.000540134
-0.000540134
-0.000540134
-0.000540134
-0.000540134
-0.000540134
-0.000540134
-0.000540134
-0.000540134
-0.000540134
-0.000540134
-0.000540134
-0.000540134
-0.000540134
-0.000540134
-0.000540134
-0.000540134
-0.000540134
-0.000540134
-0.000540134
-0.000540134
-0.000540134
-0.000722059
-3.08072e-20
-0.000722059
-3.08072e-20
-0.000722059
-3.08072e-20
-0.000722059
-3.08072e-20
-0.000722059
-3.08072e-20
-0.000722059
-3.08072e-20
-0.000722059
-3.08072e-20
-0.000722059
-3.08072e-20
-0.000722059
-3.08072e-20
-0.000722059
-3.08072e-20
-0.000722059
-3.08072e-20
-0.000722059
-3.08072e-20
-0.000722059
-3.08072e-20
-0.000722059
-3.08072e-20
-0.000722059
-3.08072e-20
-0.000722059
-3.08072e-20
-0.000722059
-3.08072e-20
-0.000722059
-3.08072e-20
-0.000722059
-3.08072e-20
-0.000722059
-3.08072e-20
-0.000722059
-3.08072e-20
-0.000722059
-3.08072e-20
-0.000722059
-3.08072e-20
-0.000722059
-3.08072e-20
-3.08072e-20
-0.00072206
-7.70179e-21
-1.36811e-35
-0.00072206
-7.70179e-21
-1.36811e-35
-0.00072206
-7.70179e-21
-1.36811e-35
-0.00072206
-7.70179e-21
-1.36811e-35
-0.00072206
-7.70179e-21
-1.36811e-35
-0.00072206
-7.70179e-21
-1.36811e-35
-0.00072206
-7.70179e-21
-1.36811e-35
-0.00072206
-7.70179e-21
-1.36811e-35
-0.00072206
-7.70179e-21
-1.36811e-35
-0.00072206
-7.70179e-21
-1.36811e-35
-0.00072206
-7.70179e-21
-1.36811e-35
-0.00072206
-7.70179e-21
-1.36811e-35
-0.00072206
-7.70179e-21
-1.36811e-35
-0.00072206
-7.70179e-21
-1.36811e-35
-0.00072206
-7.70179e-21
-1.36811e-35
-0.00072206
-7.70179e-21
-1.36811e-35
-0.00072206
-7.70179e-21
-1.36811e-35
-0.00072206
-7.70179e-21
-1.36811e-35
-0.00072206
-7.70179e-21
-1.36811e-35
-0.00072206
-7.70179e-21
-1.36811e-35
-0.00072206
-7.70179e-21
-1.36811e-35
-0.00072206
-7.70179e-21
-1.36811e-35
-0.00072206
-7.70179e-21
-1.36811e-35
-0.00072206
-7.70179e-21
-1.36811e-35
-7.70179e-21
-1.36811e-35
-0.000722059
3.08072e-20
-0.000722059
3.08072e-20
-0.000722059
3.08072e-20
-0.000722059
3.08072e-20
-0.000722059
3.08072e-20
-0.000722059
3.08072e-20
-0.000722059
3.08072e-20
-0.000722059
3.08072e-20
-0.000722059
3.08072e-20
-0.000722059
3.08072e-20
-0.000722059
3.08072e-20
-0.000722059
3.08072e-20
-0.000722059
3.08072e-20
-0.000722059
3.08072e-20
-0.000722059
3.08072e-20
-0.000722059
3.08072e-20
-0.000722059
3.08072e-20
-0.000722059
3.08072e-20
-0.000722059
3.08072e-20
-0.000722059
3.08072e-20
-0.000722059
3.08072e-20
-0.000722059
3.08072e-20
-0.000722059
3.08072e-20
-0.000722059
3.08072e-20
3.08072e-20
-0.000722059
7.70179e-21
-0.000722059
7.70179e-21
-0.000722059
7.70179e-21
-0.000722059
7.70179e-21
-0.000722059
7.70179e-21
-0.000722059
7.70179e-21
-0.000722059
7.70179e-21
-0.000722059
7.70179e-21
-0.000722059
7.70179e-21
-0.000722059
7.70179e-21
-0.000722059
7.70179e-21
-0.000722059
7.70179e-21
-0.000722059
7.70179e-21
-0.000722059
7.70179e-21
-0.000722059
7.70179e-21
-0.000722059
7.70179e-21
-0.000722059
7.70179e-21
-0.000722059
7.70179e-21
-0.000722059
7.70179e-21
-0.000722059
7.70179e-21
-0.000722059
7.70179e-21
-0.000722059
7.70179e-21
-0.000722059
7.70179e-21
-0.000722059
7.70179e-21
7.70179e-21
-0.00072206
-6.16143e-20
-0.00072206
-6.16143e-20
-0.00072206
-6.16143e-20
-0.00072206
-6.16143e-20
-0.00072206
-6.16143e-20
-0.00072206
-6.16143e-20
-0.00072206
-6.16143e-20
-0.00072206
-6.16143e-20
-0.00072206
-6.16143e-20
-0.00072206
-6.16143e-20
-0.00072206
-6.16143e-20
-0.00072206
-6.16143e-20
-0.00072206
-6.16143e-20
-0.00072206
-6.16143e-20
-0.00072206
-6.16143e-20
-0.00072206
-6.16143e-20
-0.00072206
-6.16143e-20
-0.00072206
-6.16143e-20
-0.00072206
-6.16143e-20
-0.00072206
-6.16143e-20
-0.00072206
-6.16143e-20
-0.00072206
-6.16143e-20
-0.00072206
-6.16143e-20
-0.00072206
-6.16143e-20
-6.16143e-20
-0.000722059
-2.73623e-35
-0.000722059
-2.73623e-35
-0.000722059
-2.73623e-35
-0.000722059
-2.73623e-35
-0.000722059
-2.73623e-35
-0.000722059
-2.73623e-35
-0.000722059
-2.73623e-35
-0.000722059
-2.73623e-35
-0.000722059
-2.73623e-35
-0.000722059
-2.73623e-35
-0.000722059
-2.73623e-35
-0.000722059
-2.73623e-35
-0.000722059
-2.73623e-35
-0.000722059
-2.73623e-35
-0.000722059
-2.73623e-35
-0.000722059
-2.73623e-35
-0.000722059
-2.73623e-35
-0.000722059
-2.73623e-35
-0.000722059
-2.73623e-35
-0.000722059
-2.73623e-35
-0.000722059
-2.73623e-35
-0.000722059
-2.73623e-35
-0.000722059
-2.73623e-35
-0.000722059
-2.73623e-35
-2.73623e-35
-0.00072206
-6.16143e-20
-7.70179e-21
-0.00072206
-6.16143e-20
-7.70179e-21
-0.00072206
-6.16143e-20
-7.70179e-21
-0.00072206
-6.16143e-20
-7.70179e-21
-0.00072206
-6.16143e-20
-7.70179e-21
-0.00072206
-6.16143e-20
-7.70179e-21
-0.00072206
-6.16143e-20
-7.70179e-21
-0.00072206
-6.16143e-20
-7.70179e-21
-0.00072206
-6.16143e-20
-7.70179e-21
-0.00072206
-6.16143e-20
-7.70179e-21
-0.00072206
-6.16143e-20
-7.70179e-21
-0.00072206
-6.16143e-20
-7.70179e-21
-0.00072206
-6.16143e-20
-7.70179e-21
-0.00072206
-6.16143e-20
-7.70179e-21
-0.00072206
-6.16143e-20
-7.70179e-21
-0.00072206
-6.16143e-20
-7.70179e-21
-0.00072206
-6.16143e-20
-7.70179e-21
-0.00072206
-6.16143e-20
-7.70179e-21
-0.00072206
-6.16143e-20
-7.70179e-21
-0.00072206
-6.16143e-20
-7.70179e-21
-0.00072206
-6.16143e-20
-7.70179e-21
-0.00072206
-6.16143e-20
-7.70179e-21
-0.00072206
-6.16143e-20
-7.70179e-21
-0.00072206
-6.16143e-20
-7.70179e-21
-6.16143e-20
-7.70179e-21
-0.000722059
-0.000722059
-0.000722059
-0.000722059
-0.000722059
-0.000722059
-0.000722059
-0.000722059
-0.000722059
-0.000722059
-0.000722059
-0.000722059
-0.000722059
-0.000722059
-0.000722059
-0.000722059
-0.000722059
-0.000722059
-0.000722059
-0.000722059
-0.000722059
-0.000722059
-0.000722059
-0.000722059
-0.000722059
3.08072e-20
7.70179e-21
-0.000722059
3.08072e-20
7.70179e-21
-0.000722059
3.08072e-20
7.70179e-21
-0.000722059
3.08072e-20
7.70179e-21
-0.000722059
3.08072e-20
7.70179e-21
-0.000722059
3.08072e-20
7.70179e-21
-0.000722059
3.08072e-20
7.70179e-21
-0.000722059
3.08072e-20
7.70179e-21
-0.000722059
3.08072e-20
7.70179e-21
-0.000722059
3.08072e-20
7.70179e-21
-0.000722059
3.08072e-20
7.70179e-21
-0.000722059
3.08072e-20
7.70179e-21
-0.000722059
3.08072e-20
7.70179e-21
-0.000722059
3.08072e-20
7.70179e-21
-0.000722059
3.08072e-20
7.70179e-21
-0.000722059
3.08072e-20
7.70179e-21
-0.000722059
3.08072e-20
7.70179e-21
-0.000722059
3.08072e-20
7.70179e-21
-0.000722059
3.08072e-20
7.70179e-21
-0.000722059
3.08072e-20
7.70179e-21
-0.000722059
3.08072e-20
7.70179e-21
-0.000722059
3.08072e-20
7.70179e-21
-0.000722059
3.08072e-20
7.70179e-21
-0.000722059
3.08072e-20
7.70179e-21
3.08072e-20
7.70179e-21
-0.000722059
-0.000722059
-0.000722059
-0.000722059
-0.000722059
-0.000722059
-0.000722059
-0.000722059
-0.000722059
-0.000722059
-0.000722059
-0.000722059
-0.000722059
-0.000722059
-0.000722059
-0.000722059
-0.000722059
-0.000722059
-0.000722059
-0.000722059
-0.000722059
-0.000722059
-0.000722059
-0.000722059
-0.000722059
-3.08072e-20
-0.000722059
-3.08072e-20
-0.000722059
-3.08072e-20
-0.000722059
-3.08072e-20
-0.000722059
-3.08072e-20
-0.000722059
-3.08072e-20
-0.000722059
-3.08072e-20
-0.000722059
-3.08072e-20
-0.000722059
-3.08072e-20
-0.000722059
-3.08072e-20
-0.000722059
-3.08072e-20
-0.000722059
-3.08072e-20
-0.000722059
-3.08072e-20
-0.000722059
-3.08072e-20
-0.000722059
-3.08072e-20
-0.000722059
-3.08072e-20
-0.000722059
-3.08072e-20
-0.000722059
-3.08072e-20
-0.000722059
-3.08072e-20
-0.000722059
-3.08072e-20
-0.000722059
-3.08072e-20
-0.000722059
-3.08072e-20
-0.000722059
-3.08072e-20
-0.000722059
-3.08072e-20
-3.08072e-20
-0.00072206
-0.00072206
-0.00072206
-0.00072206
-0.00072206
-0.00072206
-0.00072206
-0.00072206
-0.00072206
-0.00072206
-0.00072206
-0.00072206
-0.00072206
-0.00072206
-0.00072206
-0.00072206
-0.00072206
-0.00072206
-0.00072206
-0.00072206
-0.00072206
-0.00072206
-0.00072206
-0.00072206
)
;

boundaryField
{
    outletCentralUnloaded
    {
        type            calculated;
        value           uniform 0.000540134;
    }
    inletCentralUnloaded
    {
        type            calculated;
        value           uniform -0.000540134;
    }
    outletFuelElement
    {
        type            calculated;
        value           nonuniform List<scalar> 
12
(
0.000722059
0.00072206
0.000722059
0.000722059
0.00072206
0.000722059
0.00072206
0.000722059
0.000722059
0.000722059
0.000722059
0.00072206
)
;
    }
    inletFuelElement
    {
        type            calculated;
        value           nonuniform List<scalar> 
12
(
-0.000722059
-0.00072206
-0.000722059
-0.000722059
-0.00072206
-0.000722059
-0.00072206
-0.000722059
-0.000722059
-0.000722059
-0.000722059
-0.00072206
)
;
    }
    defaultFaces
    {
        type            calculated;
        value           nonuniform List<scalar> 
450
(
0
0
0
9.12075e-37
0
0
9.12075e-37
-9.12075e-37
0
-1.82415e-36
0
0
0
2.73623e-36
0
-1.82415e-36
0
0
-1.82415e-36
0
0
-1.82415e-36
0
0
-1.82415e-36
9.12075e-37
0
-1.82415e-36
0
0
-1.82415e-36
0
0
-1.82415e-36
0
0
-1.82415e-36
0
0
-1.82415e-36
0
0
-1.82415e-36
0
0
-1.82415e-36
0
0
-9.12075e-37
-1.82415e-36
0
-1.82415e-36
0
0
-9.12075e-37
-1.82415e-36
0
1.82415e-36
-9.12075e-37
0
1.82415e-36
0
0
-9.12075e-37
9.12075e-37
0
9.12075e-37
9.12075e-37
0
1.82415e-36
0
0
1.82415e-36
-9.12075e-37
0
0
0
0
0
0
0
0
0
0
0
0
0
0
0
0
0
0
0
0
0
0
0
0
0
0
0
0
0
0
0
0
0
0
0
0
0
0
0
0
0
0
0
0
0
0
0
0
0
0
0
0
0
0
0
0
0
0
0
0
0
0
0
0
0
0
0
0
0
0
0
0
0
0
0
0
0
0
0
0
0
0
0
0
0
0
0
0
0
0
0
0
0
0
0
0
0
0
0
0
0
-0
0
-0
0
-0
0
-0
0
-0
0
-0
0
-0
0
-0
0
-0
0
-0
0
-0
0
-0
0
-0
0
-0
0
-0
0
-0
0
-0
0
-0
0
-0
0
-0
0
-0
0
-0
0
-0
0
-0
0
-0
0
0
0
0
0
0
0
9.12075e-37
0
0
-1.82415e-36
0
0
1.82415e-36
0
0
-1.82415e-36
0
0
-1.82415e-36
0
0
-1.82415e-36
0
0
-1.82415e-36
0
0
-1.82415e-36
0
0
-1.82415e-36
0
0
-1.82415e-36
0
0
-1.82415e-36
0
0
-1.82415e-36
0
0
-1.82415e-36
0
0
-1.82415e-36
0
0
-9.12075e-37
0
0
-1.82415e-36
0
0
-9.12075e-37
0
0
1.82415e-36
0
0
9.12075e-37
0
0
-9.12075e-37
0
0
9.12075e-37
0
0
9.12075e-37
0
0
1.82415e-36
0
0
0
0
0
0
0
0
0
0
0
0
0
0
0
0
0
0
0
0
0
0
0
0
0
0
0
-0
0
-0
0
-0
0
-0
0
-0
0
-0
0
-0
0
-0
0
-0
0
-0
0
-0
0
-0
0
-0
0
-0
0
-0
0
-0
0
-0
0
-0
0
-0
0
-0
0
-0
0
-0
0
-0
0
-0
0
-0
0
0
0
0
0
0
0
0
0
0
0
0
0
0
0
0
0
0
0
0
0
0
0
0
0
0
0
0
0
0
0
0
0
0
0
0
0
0
0
0
0
0
0
0
0
0
0
0
0
0
0
0
0
0
0
0
0
0
0
0
0
0
0
0
0
0
0
0
0
0
0
0
0
0
0
0
)
;
    }
    baffle_master
    {
        type            calculated;
        value           nonuniform List<scalar> 
150
(
0
0
0
0
0
0
0
0
0
0
0
0
0
0
0
0
0
0
0
0
0
0
0
0
0
0
0
0
0
0
0
0
0
0
0
0
0
0
0
0
0
0
0
0
0
0
0
0
0
0
0
0
0
0
0
0
0
0
0
0
0
0
0
0
0
0
0
0
0
0
0
0
0
0
0
0
-6.82276e-37
0
0
-6.82276e-37
0
0
-6.82276e-37
0
0
-6.82276e-37
0
0
6.82276e-37
0
0
-6.82276e-37
0
0
-6.82276e-37
0
0
-6.82276e-37
0
0
0
0
0
-6.82276e-37
0
0
-6.82276e-37
0
0
-6.82276e-37
0
0
-6.82276e-37
0
0
-6.82276e-37
0
0
-6.82276e-37
0
0
-6.82276e-37
0
0
-1.36455e-36
0
0
-6.82276e-37
0
0
-6.82276e-37
0
0
0
0
0
0
0
0
0
0
0
-6.82276e-37
0
0
0
0
0
0
0
)
;
    }
    baffle_slave
    {
        type            calculated;
        value           nonuniform List<scalar> 
150
(
-0
0
0
-0
0
0
-0
0
0
-0
0
0
-0
0
0
-0
0
0
-0
0
0
-0
0
0
-0
0
0
-0
0
0
-0
0
0
-0
0
0
-0
0
0
-0
0
0
-0
0
0
-0
0
0
-0
0
0
-0
0
0
-0
0
0
-0
0
0
-0
0
0
-0
0
0
-0
0
0
-0
0
0
-0
0
0
-1.82415e-36
0
0
-1.82415e-36
0
0
0
0
0
0
0
0
0
0
0
0
0
0
0
0
0
0
0
0
0
0
0
0
0
0
0
0
0
0
0
0
0
0
0
0
0
0
0
0
0
0
0
0
1.82415e-36
0
0
0
0
0
0
0
0
-1.82415e-36
0
0
-1.82415e-36
0
0
1.82415e-36
0
0
0
0
0
-1.82415e-36
0
0
-1.82415e-36
0
0
)
;
    }
}


// ************************************************************************* //
