/*--------------------------------*- C++ -*----------------------------------*\
| =========                 |                                                 |
| \\      /  F ield         | OpenFOAM: The Open Source CFD Toolbox           |
|  \\    /   O peration     | Version:  2212                                  |
|   \\  /    A nd           | Website:  www.openfoam.com                      |
|    \\/     M anipulation  |                                                 |
\*---------------------------------------------------------------------------*/
FoamFile
{
    version     2.0;
    format      ascii;
    arch        "LSB;label=32;scalar=64";
    class       volScalarField;
    location    "29/neutroRegion";
    object      TFuel;
}
// * * * * * * * * * * * * * * * * * * * * * * * * * * * * * * * * * * * * * //

dimensions      [0 0 0 1 0 0 0];

internalField   nonuniform List<scalar> 
350
(
0
0
0
0
0
0
0
0
0
0
0
0
0
0
0
0
0
0
0
0
0
0
0
0
0
0
0
0
0
0
0
0
0
0
0
0
0
0
0
0
0
0
0
0
0
0
0
0
0
0
2032.55
2803.77
3545.57
4246.67
4896.37
5484.73
6002.73
6442.41
6797.01
7061.08
7230.57
7302.92
7277.07
7153.54
6934.36
6623.03
6224.35
5744.13
5188.82
4565.06
3878.46
3133.12
2330.48
1472.31
572.032
2061.13
2841.39
3591.82
4301.01
4958.15
5553.17
6076.96
6521.45
6879.83
7146.58
7317.6
7390.31
7363.65
7238.13
7015.83
6700.31
6296.42
5810.12
5247.97
4616.7
3922.02
3168.06
2356.19
1488.09
577.329
2027.91
2797.71
3538.14
4237.97
4886.51
5473.82
5990.91
6429.84
6783.85
7047.5
7216.76
7289.06
7263.35
7140.14
6921.46
6610.8
6212.94
5733.68
5179.47
4556.89
3871.58
3127.61
2326.44
1469.84
571.196
2054.68
2832.85
3581.28
4288.59
4944.01
5537.49
6059.93
6503.3
6860.8
7126.92
7297.59
7370.2
7343.72
7218.66
6997.07
6682.51
6279.82
5794.92
5234.34
4604.8
3911.98
3160.01
2350.27
1484.45
576.108
2054.68
2832.85
3581.28
4288.6
4944.01
5537.49
6059.93
6503.3
6860.8
7126.92
7297.59
7370.2
7343.72
7218.66
6997.07
6682.51
6279.82
5794.92
5234.34
4604.8
3911.98
3160.01
2350.27
1484.45
576.108
2027.91
2797.71
3538.15
4237.97
4886.51
5473.82
5990.91
6429.84
6783.85
7047.51
7216.76
7289.06
7263.35
7140.14
6921.46
6610.8
6212.94
5733.68
5179.47
4556.89
3871.58
3127.61
2326.45
1469.84
571.196
2061.13
2841.39
3591.82
4301.01
4958.15
5553.17
6076.96
6521.45
6879.83
7146.58
7317.6
7390.31
7363.65
7238.13
7015.83
6700.31
6296.42
5810.12
5247.97
4616.7
3922.02
3168.06
2356.19
1488.09
577.329
2032.55
2803.77
3545.57
4246.67
4896.37
5484.73
6002.73
6442.41
6797.01
7061.08
7230.57
7302.92
7277.07
7153.54
6934.36
6623.03
6224.35
5744.13
5188.82
4565.06
3878.46
3133.12
2330.48
1472.31
572.032
2054.68
2832.85
3581.28
4288.6
4944.01
5537.49
6059.93
6503.3
6860.8
7126.92
7297.59
7370.2
7343.72
7218.66
6997.07
6682.51
6279.82
5794.92
5234.34
4604.8
3911.98
3160.01
2350.27
1484.45
576.108
2027.91
2797.71
3538.14
4237.97
4886.5
5473.82
5990.91
6429.84
6783.85
7047.5
7216.76
7289.06
7263.35
7140.14
6921.46
6610.8
6212.94
5733.68
5179.47
4556.89
3871.58
3127.61
2326.44
1469.84
571.196
2027.91
2797.71
3538.15
4237.97
4886.51
5473.82
5990.91
6429.84
6783.85
7047.51
7216.76
7289.06
7263.35
7140.14
6921.46
6610.8
6212.94
5733.68
5179.47
4556.89
3871.58
3127.61
2326.44
1469.84
571.196
2054.68
2832.85
3581.28
4288.6
4944.01
5537.49
6059.93
6503.3
6860.8
7126.92
7297.59
7370.2
7343.72
7218.66
6997.07
6682.51
6279.82
5794.92
5234.34
4604.8
3911.98
3160.01
2350.27
1484.45
576.108
)
;

boundaryField
{
    outletCentralUnloaded
    {
        type            zeroGradient;
    }
    inletCentralUnloaded
    {
        type            zeroGradient;
    }
    outletFuelElement
    {
        type            zeroGradient;
    }
    inletFuelElement
    {
        type            zeroGradient;
    }
    defaultFaces
    {
        type            zeroGradient;
    }
}


// ************************************************************************* //
