/*--------------------------------*- C++ -*----------------------------------*\
| =========                 |                                                 |
| \\      /  F ield         | OpenFOAM: The Open Source CFD Toolbox           |
|  \\    /   O peration     | Version:  2212                                  |
|   \\  /    A nd           | Website:  www.openfoam.com                      |
|    \\/     M anipulation  |                                                 |
\*---------------------------------------------------------------------------*/
FoamFile
{
    version     2.0;
    format      ascii;
    arch        "LSB;label=32;scalar=64";
    class       volScalarField;
    location    "42/neutroRegion";
    object      TClad;
}
// * * * * * * * * * * * * * * * * * * * * * * * * * * * * * * * * * * * * * //

dimensions      [0 0 0 1 0 0 0];

internalField   nonuniform List<scalar> 
350
(
0
0
0
0
0
0
0
0
0
0
0
0
0
0
0
0
0
0
0
0
0
0
0
0
0
0
0
0
0
0
0
0
0
0
0
0
0
0
0
0
0
0
0
0
0
0
0
0
0
0
1838.79
1877.23
1902.72
1915.25
1914.96
1902.12
1877.15
1840.63
1793.25
1735.86
1669.45
1595.11
1514.07
1427.66
1337.31
1244.5
1150.59
1056.65
963.079
869.04
771.604
664.508
537.097
377.431
187.183
1867.06
1906.12
1932
1944.71
1944.36
1931.23
1905.76
1868.53
1820.24
1761.78
1694.11
1618.37
1535.79
1447.73
1355.64
1261.02
1165.29
1069.59
974.35
878.787
779.966
671.541
542.643
381.033
188.4
1834.2
1872.55
1898
1910.53
1910.27
1897.49
1872.62
1836.22
1789
1731.8
1665.6
1591.49
1510.7
1424.55
1334.48
1241.95
1148.33
1054.67
961.361
867.56
770.343
663.458
536.281
376.906
186.997
1860.7
1899.6
1925.38
1938.03
1937.68
1924.61
1899.24
1862.16
1814.07
1755.84
1688.46
1613.03
1530.79
1443.11
1351.41
1257.2
1161.9
1066.6
971.744
876.533
778.031
669.913
541.358
380.197
188.118
1860.7
1899.6
1925.38
1938.03
1937.68
1924.61
1899.24
1862.16
1814.07
1755.84
1688.46
1613.03
1530.79
1443.11
1351.41
1257.2
1161.9
1066.6
971.744
876.533
778.031
669.913
541.358
380.197
188.118
1834.2
1872.56
1898
1910.53
1910.27
1897.49
1872.62
1836.22
1789
1731.8
1665.6
1591.49
1510.7
1424.55
1334.49
1241.96
1148.33
1054.68
961.362
867.561
770.344
663.459
536.282
376.906
186.997
1867.06
1906.12
1932
1944.71
1944.36
1931.23
1905.76
1868.53
1820.24
1761.78
1694.11
1618.37
1535.79
1447.73
1355.64
1261.02
1165.29
1069.59
974.35
878.787
779.966
671.541
542.643
381.033
188.4
1838.79
1877.23
1902.72
1915.25
1914.96
1902.12
1877.15
1840.63
1793.25
1735.86
1669.45
1595.11
1514.07
1427.66
1337.31
1244.5
1150.59
1056.65
963.079
869.04
771.604
664.508
537.097
377.431
187.183
1860.7
1899.6
1925.38
1938.03
1937.68
1924.61
1899.24
1862.16
1814.07
1755.84
1688.46
1613.03
1530.79
1443.11
1351.41
1257.2
1161.9
1066.6
971.744
876.533
778.031
669.913
541.358
380.197
188.118
1834.2
1872.55
1898
1910.53
1910.27
1897.49
1872.62
1836.22
1789
1731.8
1665.6
1591.49
1510.7
1424.55
1334.48
1241.95
1148.33
1054.67
961.361
867.56
770.343
663.459
536.281
376.906
186.997
1834.2
1872.56
1898
1910.53
1910.27
1897.49
1872.62
1836.22
1789
1731.8
1665.6
1591.49
1510.7
1424.55
1334.49
1241.95
1148.33
1054.68
961.362
867.561
770.344
663.459
536.282
376.906
186.997
1860.7
1899.6
1925.38
1938.03
1937.68
1924.61
1899.24
1862.16
1814.07
1755.84
1688.46
1613.03
1530.79
1443.11
1351.41
1257.2
1161.9
1066.6
971.744
876.533
778.031
669.913
541.358
380.197
188.118
)
;

boundaryField
{
    outletCentralUnloaded
    {
        type            zeroGradient;
    }
    inletCentralUnloaded
    {
        type            zeroGradient;
    }
    outletFuelElement
    {
        type            zeroGradient;
    }
    inletFuelElement
    {
        type            zeroGradient;
    }
    defaultFaces
    {
        type            zeroGradient;
    }
}


// ************************************************************************* //
