/*--------------------------------*- C++ -*----------------------------------*\
| =========                 |                                                 |
| \\      /  F ield         | OpenFOAM: The Open Source CFD Toolbox           |
|  \\    /   O peration     | Version:  2212                                  |
|   \\  /    A nd           | Website:  www.openfoam.com                      |
|    \\/     M anipulation  |                                                 |
\*---------------------------------------------------------------------------*/
FoamFile
{
    version     2.0;
    format      ascii;
    arch        "LSB;label=32;scalar=64";
    class       volScalarField;
    location    "57/fluidRegion";
    object      deltaT;
}
// * * * * * * * * * * * * * * * * * * * * * * * * * * * * * * * * * * * * * //

dimensions      [0 0 0 1 0 0 0];

internalField   nonuniform List<scalar> 
350
(
0
0
0
0
0
0
0
0
0
0
0
0
0
0
0
0
0
0
0
0
0
0
0
0
0
0
0
0
0
0
0
0
0
0
0
0
0
0
0
0
0
0
0
0
0
0
0
0
0
0
16.4396
49.3835
82.0634
114.429
146.421
177.982
209.06
239.605
269.566
298.876
327.434
355.076
381.534
406.409
429.165
449.14
465.554
477.435
483.374
480.992
465.987
430.731
363.1
249.654
91.1293
16.5726
49.7858
82.7288
115.353
147.598
179.407
210.728
241.513
271.714
301.27
330.087
358.008
384.769
409.97
433.059
453.353
470.05
482.162
488.276
486.012
471.039
435.634
367.441
252.713
92.2092
16.4182
49.3199
81.9578
114.282
146.234
177.756
208.795
239.301
269.223
298.493
327.01
354.607
381.016
405.841
428.546
448.473
464.845
476.694
482.61
480.217
465.216
429.996
362.462
249.211
90.9659
16.5416
49.692
82.5738
115.138
147.324
179.076
210.341
241.071
271.216
300.715
329.473
357.33
384.022
409.148
432.16
452.381
469.012
481.07
487.144
484.853
469.871
434.499
366.435
252.002
91.9593
16.5416
49.692
82.5738
115.138
147.324
179.076
210.341
241.071
271.216
300.715
329.473
357.33
384.022
409.148
432.16
452.381
469.012
481.07
487.144
484.852
469.871
434.499
366.435
252.002
91.9593
16.4182
49.3199
81.9578
114.282
146.234
177.756
208.795
239.301
269.223
298.493
327.01
354.607
381.016
405.841
428.546
448.473
464.845
476.694
482.61
480.217
465.216
429.997
362.463
249.211
90.966
16.5726
49.7858
82.7288
115.353
147.598
179.407
210.728
241.513
271.714
301.27
330.087
358.008
384.769
409.97
433.059
453.353
470.05
482.162
488.276
486.012
471.039
435.634
367.441
252.712
92.2093
16.4396
49.3835
82.0634
114.429
146.421
177.982
209.06
239.605
269.566
298.876
327.434
355.076
381.534
406.409
429.165
449.14
465.554
477.435
483.374
480.992
465.987
430.732
363.1
249.654
91.1293
16.5416
49.692
82.5738
115.138
147.324
179.076
210.341
241.071
271.216
300.715
329.473
357.33
384.022
409.148
432.16
452.381
469.012
481.07
487.144
484.853
469.871
434.499
366.435
252.002
91.9593
16.4182
49.3199
81.9578
114.282
146.234
177.756
208.795
239.301
269.223
298.493
327.01
354.607
381.016
405.841
428.546
448.473
464.845
476.694
482.61
480.217
465.216
429.997
362.462
249.211
90.9659
16.4182
49.3199
81.9578
114.282
146.234
177.756
208.795
239.301
269.223
298.493
327.01
354.607
381.016
405.841
428.546
448.473
464.845
476.694
482.61
480.217
465.216
429.997
362.463
249.211
90.966
16.5416
49.692
82.5738
115.138
147.324
179.076
210.341
241.071
271.216
300.715
329.473
357.33
384.022
409.148
432.16
452.381
469.012
481.07
487.144
484.853
469.871
434.499
366.435
252.002
91.9593
)
;

boundaryField
{
    outletCentralUnloaded
    {
        type            calculated;
        value           uniform 0;
    }
    inletCentralUnloaded
    {
        type            calculated;
        value           uniform 0;
    }
    outletFuelElement
    {
        type            calculated;
        value           uniform 0;
    }
    inletFuelElement
    {
        type            calculated;
        value           uniform 616.7;
    }
    defaultFaces
    {
        type            calculated;
        value           nonuniform List<scalar> 
450
(
0
0
0
0
0
0
0
0
0
0
0
0
0
0
0
0
0
0
0
0
0
0
0
0
0
0
0
0
0
0
0
0
0
0
0
0
0
0
0
0
0
0
0
0
0
0
0
0
92.7084
92.7084
92.7084
192.634
192.634
192.634
285.069
285.069
285.069
368.577
368.577
368.577
441.897
441.897
441.897
503.847
503.847
503.847
553.201
553.201
553.201
588.792
588.792
588.792
609.914
609.914
609.914
0
0
0
0
0
0
0
0
0
0
0
0
0
0
0
0
0
0
0
0
0
0
0
0
0
0
0
0
0
0
0
0
94.1161
94.1161
193.743
193.743
285.907
285.907
369.179
369.179
442.302
442.302
504.094
504.094
553.331
553.331
588.845
588.845
609.926
609.926
0
0
0
0
0
0
0
0
0
0
0
0
0
0
0
0
85.5217
186.939
280.732
365.433
439.765
502.534
552.508
588.512
609.854
0
0
0
0
0
0
0
0
0
0
0
0
0
0
0
0
85.5217
186.939
280.732
365.433
439.765
502.534
552.508
588.512
609.854
0
0
0
0
0
0
0
0
0
0
0
0
0
0
0
0
0
0
0
0
0
0
0
0
0
0
0
0
0
0
0
0
94.1152
94.1152
193.742
193.742
285.907
285.907
369.178
369.178
442.301
442.301
504.093
504.093
553.331
553.331
588.845
588.845
609.926
609.926
0
0
0
0
0
0
0
0
0
0
0
0
0
0
0
0
0
0
0
0
0
0
0
0
0
0
0
0
0
0
0
0
0
0
0
0
0
0
0
0
0
0
0
0
0
0
0
0
92.7084
92.7084
92.7084
192.634
192.634
192.634
285.069
285.069
285.069
368.577
368.577
368.577
441.897
441.897
441.897
503.847
503.847
503.847
553.201
553.201
553.201
588.792
588.792
588.792
609.914
609.914
609.914
0
0
0
0
0
0
0
0
0
0
0
0
0
0
0
0
85.5217
186.939
280.732
365.433
439.765
502.534
552.508
588.512
609.854
0
0
0
0
0
0
0
0
0
0
0
0
0
0
0
0
0
0
0
0
0
0
0
0
0
0
0
0
0
0
0
0
94.116
94.116
193.742
193.742
285.907
285.907
369.179
369.179
442.302
442.302
504.094
504.094
553.331
553.331
588.845
588.845
609.926
609.926
0
0
0
0
0
0
0
0
0
0
0
0
0
0
0
0
0
0
0
0
0
0
0
0
0
0
0
0
0
0
0
0
94.1153
94.1153
193.742
193.742
285.907
285.907
369.178
369.178
442.302
442.302
504.094
504.094
553.331
553.331
588.845
588.845
609.926
609.926
0
0
0
0
0
0
0
0
0
0
0
0
0
0
0
0
85.5217
186.939
280.732
365.433
439.765
502.534
552.508
588.512
609.854
)
;
    }
    baffle_master
    {
        type            calculated;
        value           uniform 0;
    }
    baffle_slave
    {
        type            calculated;
        value           nonuniform List<scalar> 
150
(
0
0
0
0
0
0
0
0
0
0
0
0
0
0
0
0
0
0
0
0
0
0
0
0
0
0
0
0
0
0
0
0
0
0
0
0
0
0
0
0
0
0
0
0
0
0
0
0
83.3616
85.5217
85.5217
185.224
186.939
186.939
279.425
280.732
280.732
364.485
365.433
365.433
439.121
439.765
439.765
502.137
502.534
502.534
552.298
552.508
552.508
588.428
588.512
588.512
609.836
609.854
609.854
0
0
0
0
0
0
0
0
0
0
0
0
0
0
0
0
0
0
0
0
0
0
0
0
0
0
0
0
0
0
0
0
0
0
0
0
0
0
0
0
0
0
0
0
0
0
0
0
85.5217
83.3616
85.5217
186.939
185.224
186.939
280.732
279.425
280.732
365.433
364.485
365.433
439.765
439.121
439.765
502.534
502.137
502.534
552.508
552.298
552.508
588.512
588.428
588.512
609.854
609.836
609.854
)
;
    }
}


// ************************************************************************* //
