/*--------------------------------*- C++ -*----------------------------------*\
| =========                 |                                                 |
| \\      /  F ield         | OpenFOAM: The Open Source CFD Toolbox           |
|  \\    /   O peration     | Version:  2212                                  |
|   \\  /    A nd           | Website:  www.openfoam.com                      |
|    \\/     M anipulation  |                                                 |
\*---------------------------------------------------------------------------*/
FoamFile
{
    version     2.0;
    format      ascii;
    arch        "LSB;label=32;scalar=64";
    class       volScalarField;
    location    "57/fluidRegion";
    object      dgdt;
}
// * * * * * * * * * * * * * * * * * * * * * * * * * * * * * * * * * * * * * //

dimensions      [0 0 -1 0 0 0 0];

internalField   nonuniform List<scalar> 
350
(
0.00530041
0.00526898
0.00526802
0.00527878
0.00529733
0.00531538
0.00532696
0.00533164
0.0053325
0.00533192
0.00532918
0.00532151
0.00530732
0.00528872
0.00527183
0.00526449
0.00527286
0.00529836
0.00533583
0.00537321
0.00539357
0.00538169
0.00531484
0.00521003
0.00255891
0.00530041
0.00526898
0.00526802
0.00527878
0.00529733
0.00531538
0.00532696
0.00533164
0.0053325
0.00533192
0.00532918
0.00532151
0.00530732
0.00528872
0.00527183
0.00526449
0.00527286
0.00529836
0.00533583
0.00537321
0.00539357
0.00538169
0.00531484
0.00521003
0.00255891
40.7379
51.037
64.9188
77.7146
89.3694
99.8406
109.095
117.102
123.828
129.222
133.201
135.643
136.384
135.25
132.102
126.911
119.794
110.997
100.822
89.5009
77.1341
63.6503
48.8818
32.8183
20.3925
40.7941
50.9782
64.9893
77.9065
89.6751
100.252
109.604
117.703
124.516
129.995
134.063
136.599
137.437
136.391
133.31
128.149
121.014
112.153
101.878
90.4381
77.9418
64.3203
49.4002
33.1646
20.6029
40.7156
51.0214
64.8832
77.6603
89.2977
99.7529
108.992
116.986
123.699
129.08
133.046
135.474
136.202
135.056
131.899
126.706
119.593
110.808
100.65
89.3487
77.0033
63.542
48.7982
32.7624
20.3584
40.7914
51.011
64.9914
77.88
89.6216
100.173
109.502
117.579
124.371
129.83
133.877
136.39
137.204
136.137
133.04
127.87
120.738
111.891
101.638
90.2244
77.7573
64.167
49.2815
33.0853
20.5547
40.7914
51.011
64.9914
77.88
89.6216
100.173
109.502
117.579
124.371
129.83
133.877
136.39
137.204
136.137
133.04
127.87
120.738
111.891
101.638
90.2244
77.7573
64.167
49.2815
33.0853
20.5547
40.7156
51.0214
64.8832
77.6603
89.2977
99.7529
108.992
116.986
123.699
129.08
133.046
135.474
136.202
135.055
131.899
126.706
119.593
110.808
100.65
89.3487
77.0032
63.542
48.7982
32.7624
20.3584
40.7941
50.9782
64.9893
77.9065
89.6751
100.252
109.604
117.703
124.516
129.995
134.063
136.599
137.437
136.391
133.31
128.149
121.014
112.153
101.878
90.4381
77.9418
64.3203
49.4002
33.1646
20.6029
40.7379
51.037
64.9188
77.7146
89.3694
99.8406
109.095
117.102
123.828
129.222
133.201
135.643
136.384
135.25
132.102
126.911
119.794
110.997
100.822
89.5009
77.1341
63.6502
48.8817
32.8183
20.3925
40.7914
51.011
64.9914
77.88
89.6216
100.173
109.502
117.579
124.371
129.83
133.877
136.39
137.204
136.137
133.04
127.87
120.738
111.891
101.638
90.2244
77.7573
64.1671
49.2815
33.0853
20.5547
40.7156
51.0214
64.8832
77.6603
89.2977
99.7529
108.992
116.986
123.699
129.08
133.046
135.474
136.202
135.055
131.899
126.706
119.593
110.808
100.65
89.3487
77.0033
63.5421
48.7983
32.7625
20.3585
40.7156
51.0214
64.8832
77.6603
89.2977
99.7529
108.992
116.986
123.699
129.08
133.046
135.474
136.202
135.055
131.899
126.706
119.593
110.808
100.65
89.3486
77.0032
63.542
48.7982
32.7624
20.3584
40.7914
51.011
64.9914
77.88
89.6216
100.173
109.502
117.579
124.371
129.83
133.877
136.39
137.204
136.137
133.04
127.87
120.738
111.891
101.638
90.2244
77.7573
64.167
49.2814
33.0852
20.5547
)
;

boundaryField
{
    outletCentralUnloaded
    {
        type            calculated;
        value           nonuniform List<scalar> 2(0.00530041 0.00530041);
    }
    inletCentralUnloaded
    {
        type            calculated;
        value           nonuniform List<scalar> 2(0.00255891 0.00255891);
    }
    outletFuelElement
    {
        type            calculated;
        value           nonuniform List<scalar> 
12
(
40.7379
40.7941
40.7156
40.7914
40.7914
40.7156
40.7941
40.7379
40.7914
40.7156
40.7156
40.7914
)
;
    }
    inletFuelElement
    {
        type            calculated;
        value           nonuniform List<scalar> 
12
(
20.3925
20.6029
20.3584
20.5547
20.5547
20.3584
20.6029
20.3925
20.5547
20.3585
20.3584
20.5547
)
;
    }
    defaultFaces
    {
        type            calculated;
        value           nonuniform List<scalar> 
450
(
40.7379
40.7379
40.7379
51.037
51.037
51.037
64.9188
64.9188
64.9188
77.7146
77.7146
77.7146
89.3694
89.3694
89.3694
99.8406
99.8406
99.8406
109.095
109.095
109.095
117.102
117.102
117.102
123.828
123.828
123.828
129.222
129.222
129.222
133.201
133.201
133.201
135.643
135.643
135.643
136.384
136.384
136.384
135.25
135.25
135.25
132.102
132.102
132.102
126.911
126.911
126.911
119.794
119.794
119.794
110.997
110.997
110.997
100.822
100.822
100.822
89.5009
89.5009
89.5009
77.1341
77.1341
77.1341
63.6503
63.6503
63.6503
48.8818
48.8818
48.8818
32.8183
32.8183
32.8183
20.3925
20.3925
20.3925
40.7156
40.7156
51.0214
51.0214
64.8832
64.8832
77.6603
77.6603
89.2977
89.2977
99.7529
99.7529
108.992
108.992
116.986
116.986
123.699
123.699
129.08
129.08
133.046
133.046
135.474
135.474
136.202
136.202
135.056
135.056
131.899
131.899
126.706
126.706
119.593
119.593
110.808
110.808
100.65
100.65
89.3487
89.3487
77.0033
77.0033
63.542
63.542
48.7982
48.7982
32.7624
32.7624
20.3584
20.3584
40.7914
51.011
64.9914
77.88
89.6216
100.173
109.502
117.579
124.371
129.83
133.877
136.39
137.204
136.137
133.04
127.87
120.738
111.891
101.638
90.2244
77.7573
64.167
49.2815
33.0853
20.5547
40.7914
51.011
64.9914
77.88
89.6216
100.173
109.502
117.579
124.371
129.83
133.877
136.39
137.204
136.137
133.04
127.87
120.738
111.891
101.638
90.2244
77.7573
64.167
49.2815
33.0853
20.5547
40.7156
40.7156
51.0214
51.0214
64.8832
64.8832
77.6603
77.6603
89.2977
89.2977
99.7529
99.7529
108.992
108.992
116.986
116.986
123.699
123.699
129.08
129.08
133.046
133.046
135.474
135.474
136.202
136.202
135.055
135.055
131.899
131.899
126.706
126.706
119.593
119.593
110.808
110.808
100.65
100.65
89.3487
89.3487
77.0032
77.0032
63.542
63.542
48.7982
48.7982
32.7624
32.7624
20.3584
20.3584
40.7379
40.7379
40.7379
51.037
51.037
51.037
64.9188
64.9188
64.9188
77.7146
77.7146
77.7146
89.3694
89.3694
89.3694
99.8406
99.8406
99.8406
109.095
109.095
109.095
117.102
117.102
117.102
123.828
123.828
123.828
129.222
129.222
129.222
133.201
133.201
133.201
135.643
135.643
135.643
136.384
136.384
136.384
135.25
135.25
135.25
132.102
132.102
132.102
126.911
126.911
126.911
119.794
119.794
119.794
110.997
110.997
110.997
100.822
100.822
100.822
89.5009
89.5009
89.5009
77.1341
77.1341
77.1341
63.6502
63.6502
63.6502
48.8817
48.8817
48.8817
32.8183
32.8183
32.8183
20.3925
20.3925
20.3925
40.7914
51.011
64.9914
77.88
89.6216
100.173
109.502
117.579
124.371
129.83
133.877
136.39
137.204
136.137
133.04
127.87
120.738
111.891
101.638
90.2244
77.7573
64.1671
49.2815
33.0853
20.5547
40.7156
40.7156
51.0214
51.0214
64.8832
64.8832
77.6603
77.6603
89.2977
89.2977
99.7529
99.7529
108.992
108.992
116.986
116.986
123.699
123.699
129.08
129.08
133.046
133.046
135.474
135.474
136.202
136.202
135.055
135.055
131.899
131.899
126.706
126.706
119.593
119.593
110.808
110.808
100.65
100.65
89.3487
89.3487
77.0033
77.0033
63.5421
63.5421
48.7983
48.7983
32.7625
32.7625
20.3585
20.3585
40.7156
40.7156
51.0214
51.0214
64.8832
64.8832
77.6603
77.6603
89.2977
89.2977
99.7529
99.7529
108.992
108.992
116.986
116.986
123.699
123.699
129.08
129.08
133.046
133.046
135.474
135.474
136.202
136.202
135.055
135.055
131.899
131.899
126.706
126.706
119.593
119.593
110.808
110.808
100.65
100.65
89.3486
89.3486
77.0032
77.0032
63.542
63.542
48.7982
48.7982
32.7624
32.7624
20.3584
20.3584
40.7914
51.011
64.9914
77.88
89.6216
100.173
109.502
117.579
124.371
129.83
133.877
136.39
137.204
136.137
133.04
127.87
120.738
111.891
101.638
90.2244
77.7573
64.167
49.2814
33.0852
20.5547
)
;
    }
    baffle_master
    {
        type            calculated;
        value           nonuniform List<scalar> 
150
(
0.00530041
0.00530041
0.00530041
0.00526898
0.00526898
0.00526898
0.00526802
0.00526802
0.00526802
0.00527878
0.00527878
0.00527878
0.00529733
0.00529733
0.00529733
0.00531538
0.00531538
0.00531538
0.00532696
0.00532696
0.00532696
0.00533164
0.00533164
0.00533164
0.0053325
0.0053325
0.0053325
0.00533192
0.00533192
0.00533192
0.00532918
0.00532918
0.00532918
0.00532151
0.00532151
0.00532151
0.00530732
0.00530732
0.00530732
0.00528872
0.00528872
0.00528872
0.00527183
0.00527183
0.00527183
0.00526449
0.00526449
0.00526449
0.00527286
0.00527286
0.00527286
0.00529836
0.00529836
0.00529836
0.00533583
0.00533583
0.00533583
0.00537321
0.00537321
0.00537321
0.00539357
0.00539357
0.00539357
0.00538169
0.00538169
0.00538169
0.00531484
0.00531484
0.00531484
0.00521003
0.00521003
0.00521003
0.00255891
0.00255891
0.00255891
0.00530041
0.00530041
0.00530041
0.00526898
0.00526898
0.00526898
0.00526802
0.00526802
0.00526802
0.00527878
0.00527878
0.00527878
0.00529733
0.00529733
0.00529733
0.00531538
0.00531538
0.00531538
0.00532696
0.00532696
0.00532696
0.00533164
0.00533164
0.00533164
0.0053325
0.0053325
0.0053325
0.00533192
0.00533192
0.00533192
0.00532918
0.00532918
0.00532918
0.00532151
0.00532151
0.00532151
0.00530732
0.00530732
0.00530732
0.00528872
0.00528872
0.00528872
0.00527183
0.00527183
0.00527183
0.00526449
0.00526449
0.00526449
0.00527286
0.00527286
0.00527286
0.00529836
0.00529836
0.00529836
0.00533583
0.00533583
0.00533583
0.00537321
0.00537321
0.00537321
0.00539357
0.00539357
0.00539357
0.00538169
0.00538169
0.00538169
0.00531484
0.00531484
0.00531484
0.00521003
0.00521003
0.00521003
0.00255891
0.00255891
0.00255891
)
;
    }
    baffle_slave
    {
        type            calculated;
        value           nonuniform List<scalar> 
150
(
40.7941
40.7914
40.7914
50.9782
51.011
51.011
64.9893
64.9914
64.9914
77.9065
77.88
77.88
89.6751
89.6216
89.6216
100.252
100.173
100.173
109.604
109.502
109.502
117.703
117.579
117.579
124.516
124.371
124.371
129.995
129.83
129.83
134.063
133.877
133.877
136.599
136.39
136.39
137.437
137.204
137.204
136.391
136.137
136.137
133.31
133.04
133.04
128.149
127.87
127.87
121.014
120.738
120.738
112.153
111.891
111.891
101.878
101.638
101.638
90.4381
90.2244
90.2244
77.9418
77.7573
77.7573
64.3203
64.167
64.167
49.4002
49.2815
49.2814
33.1646
33.0853
33.0852
20.6029
20.5547
20.5547
40.7914
40.7941
40.7914
51.011
50.9782
51.011
64.9914
64.9893
64.9914
77.88
77.9065
77.88
89.6216
89.6751
89.6216
100.173
100.252
100.173
109.502
109.604
109.502
117.579
117.703
117.579
124.371
124.516
124.371
129.83
129.995
129.83
133.877
134.063
133.877
136.39
136.599
136.39
137.204
137.437
137.204
136.137
136.391
136.137
133.04
133.31
133.04
127.87
128.149
127.87
120.738
121.014
120.738
111.891
112.153
111.891
101.638
101.878
101.638
90.2244
90.4381
90.2244
77.7573
77.9418
77.7573
64.167
64.3203
64.1671
49.2815
49.4002
49.2815
33.0853
33.1646
33.0853
20.5547
20.6029
20.5547
)
;
    }
}


// ************************************************************************* //
