/*--------------------------------*- C++ -*----------------------------------*\
| =========                 |                                                 |
| \\      /  F ield         | OpenFOAM: The Open Source CFD Toolbox           |
|  \\    /   O peration     | Version:  2212                                  |
|   \\  /    A nd           | Website:  www.openfoam.com                      |
|    \\/     M anipulation  |                                                 |
\*---------------------------------------------------------------------------*/
FoamFile
{
    version     2.0;
    format      ascii;
    arch        "LSB;label=32;scalar=64";
    class       volScalarField;
    location    "57/fluidRegion";
    object      epsilon;
}
// * * * * * * * * * * * * * * * * * * * * * * * * * * * * * * * * * * * * * //

dimensions      [0 2 -3 0 0 0 0];

internalField   nonuniform List<scalar> 
350
(
66.9835
66.9674
66.9514
66.9355
66.9194
66.9032
66.8868
66.8703
66.8538
66.8375
66.8215
66.806
66.7912
66.7775
66.7656
66.7561
66.7503
66.7501
66.7585
66.78
66.8217
66.8942
67.0138
67.2053
67.5065
66.9835
66.9674
66.9514
66.9355
66.9194
66.9032
66.8868
66.8703
66.8538
66.8375
66.8215
66.806
66.7912
66.7775
66.7656
66.7561
66.7503
66.7501
66.7585
66.78
66.8217
66.8942
67.0138
67.2053
67.5065
7.64997e+06
7.04005e+06
6.3649e+06
5.64571e+06
4.91033e+06
4.1843e+06
3.48978e+06
2.84482e+06
2.26291e+06
1.75291e+06
1.31915e+06
961759
677211
458954
298237
185053
109130
60839.7
31876.7
15614.8
7150.68
3117.06
1385.69
735.658
547.128
7.81559e+06
7.19392e+06
6.50567e+06
5.77193e+06
5.02124e+06
4.27972e+06
3.57008e+06
2.91079e+06
2.31573e+06
1.79401e+06
1.35012e+06
984286
692946
469454
304893
189037
111364
62003
32431.9
15853.2
7240.28
3145.42
1392.87
737.102
547.551
7.62288e+06
7.01481e+06
6.34192e+06
5.62518e+06
4.89235e+06
4.16889e+06
3.47687e+06
2.83425e+06
2.25448e+06
1.74637e+06
1.31424e+06
958199
674731
457302
297191
184427
108778
60655.7
31788
15576
7135.46
3111.8
1384.06
735.169
546.953
7.7789e+06
7.15977e+06
6.47434e+06
5.74378e+06
4.99644e+06
4.25834e+06
3.55205e+06
2.89594e+06
2.30382e+06
1.78472e+06
1.34311e+06
979174
689368
467062
303374
188127
110853
61736.8
32304.9
15798.7
7219.84
3139
1391.28
736.802
547.471
7.7789e+06
7.15977e+06
6.47434e+06
5.74378e+06
4.99644e+06
4.25834e+06
3.55205e+06
2.89594e+06
2.30382e+06
1.78472e+06
1.34311e+06
979174
689368
467062
303374
188127
110853
61736.8
32304.9
15798.7
7219.84
3139
1391.28
736.802
547.471
7.62289e+06
7.01482e+06
6.34193e+06
5.62519e+06
4.89236e+06
4.1689e+06
3.47688e+06
2.83425e+06
2.25448e+06
1.74638e+06
1.31424e+06
958200
674732
457303
297191
184427
108778
60655.7
31788
15576
7135.44
3111.78
1384.05
735.164
546.95
7.81559e+06
7.19392e+06
6.50567e+06
5.77193e+06
5.02124e+06
4.27972e+06
3.57008e+06
2.91079e+06
2.31573e+06
1.79401e+06
1.35012e+06
984286
692946
469454
304893
189037
111364
62003
32431.9
15853.2
7240.28
3145.42
1392.88
737.102
547.552
7.64997e+06
7.04005e+06
6.3649e+06
5.64571e+06
4.91033e+06
4.1843e+06
3.48978e+06
2.84482e+06
2.26291e+06
1.75291e+06
1.31915e+06
961759
677211
458954
298237
185053
109130
60839.7
31876.7
15614.8
7150.66
3117.05
1385.68
735.652
547.123
7.7789e+06
7.15977e+06
6.47434e+06
5.74378e+06
4.99644e+06
4.25834e+06
3.55205e+06
2.89594e+06
2.30382e+06
1.78472e+06
1.34311e+06
979174
689368
467062
303374
188127
110853
61736.8
32304.9
15798.7
7219.84
3138.99
1391.28
736.8
547.469
7.62288e+06
7.01481e+06
6.34192e+06
5.62518e+06
4.89235e+06
4.16889e+06
3.47687e+06
2.83425e+06
2.25448e+06
1.74637e+06
1.31424e+06
958199
674731
457302
297191
184427
108778
60655.8
31788.1
15576
7135.49
3111.82
1384.08
735.181
546.963
7.62289e+06
7.01482e+06
6.34193e+06
5.62519e+06
4.89236e+06
4.1689e+06
3.47688e+06
2.83425e+06
2.25448e+06
1.74638e+06
1.31424e+06
958200
674732
457303
297191
184427
108778
60655.7
31788
15576
7135.44
3111.78
1384.06
735.166
546.953
7.7789e+06
7.15977e+06
6.47434e+06
5.74378e+06
4.99644e+06
4.25834e+06
3.55204e+06
2.89594e+06
2.30382e+06
1.78472e+06
1.34311e+06
979173
689368
467062
303374
188126
110853
61736.8
32304.8
15798.7
7219.82
3138.98
1391.27
736.794
547.464
)
;

boundaryField
{
    outletCentralUnloaded
    {
        type            zeroGradient;
    }
    inletCentralUnloaded
    {
        type            zeroGradient;
    }
    outletFuelElement
    {
        type            zeroGradient;
    }
    inletFuelElement
    {
        type            zeroGradient;
    }
    defaultFaces
    {
        type            zeroGradient;
    }
    baffle_master
    {
        type            zeroGradient;
    }
    baffle_slave
    {
        type            zeroGradient;
    }
}


// ************************************************************************* //
