/*--------------------------------*- C++ -*----------------------------------*\
| =========                 |                                                 |
| \\      /  F ield         | OpenFOAM: The Open Source CFD Toolbox           |
|  \\    /   O peration     | Version:  2212                                  |
|   \\  /    A nd           | Website:  www.openfoam.com                      |
|    \\/     M anipulation  |                                                 |
\*---------------------------------------------------------------------------*/
FoamFile
{
    version     2.0;
    format      ascii;
    arch        "LSB;label=32;scalar=64";
    class       volScalarField;
    location    "57/fluidRegion";
    object      T;
}
// * * * * * * * * * * * * * * * * * * * * * * * * * * * * * * * * * * * * * //

dimensions      [0 0 0 1 0 0 0];

internalField   nonuniform List<scalar> 
350
(
83.2889
83.2894
83.2899
83.2905
83.2909
83.2914
83.2919
83.2923
83.2928
83.2932
83.2936
83.2941
83.2945
83.295
83.2955
83.296
83.2965
83.297
83.2975
83.2979
83.2983
83.2987
83.2991
83.2995
83.3
83.2889
83.2894
83.2899
83.2905
83.2909
83.2914
83.2919
83.2923
83.2928
83.2932
83.2936
83.2941
83.2945
83.295
83.2955
83.296
83.2965
83.297
83.2975
83.2979
83.2983
83.2987
83.2991
83.2995
83.3
1823.2
1817.05
1798.49
1767.74
1725.15
1671.2
1606.53
1531.89
1448.13
1356.29
1257.5
1153.1
1044.6
933.754
822.521
712.998
607.292
507.366
414.931
331.423
258.103
196.153
146.799
111.208
90.0862
1851.44
1845.51
1826.94
1795.97
1752.95
1698.36
1632.84
1557.15
1472.18
1378.94
1278.59
1172.47
1062.12
949.298
836.005
724.393
616.638
514.776
420.575
335.515
260.879
197.863
147.702
111.572
90.1636
1818.61
1812.45
1793.9
1763.21
1720.7
1666.88
1602.36
1527.9
1444.36
1352.74
1254.22
1150.09
1041.9
931.37
820.465
711.27
605.884
506.257
414.093
330.821
257.698
195.906
146.669
111.155
90.0738
1845.09
1839.09
1820.52
1789.58
1746.64
1692.19
1626.85
1551.39
1466.69
1373.76
1273.76
1168.03
1058.09
945.72
832.896
721.763
614.478
513.061
419.268
334.567
260.235
197.466
147.492
111.488
90.1458
1845.09
1839.09
1820.52
1789.58
1746.64
1692.19
1626.85
1551.39
1466.69
1373.76
1273.76
1168.03
1058.09
945.72
832.896
721.763
614.478
513.061
419.268
334.567
260.235
197.466
147.492
111.488
90.1458
1818.61
1812.45
1793.91
1763.21
1720.71
1666.88
1602.37
1527.9
1444.36
1352.75
1254.22
1150.1
1041.9
931.371
820.466
711.271
605.885
506.258
414.093
330.822
257.699
195.907
146.669
111.155
90.0738
1851.44
1845.51
1826.94
1795.97
1752.95
1698.36
1632.84
1557.15
1472.18
1378.94
1278.59
1172.47
1062.12
949.298
836.005
724.393
616.638
514.776
420.575
335.515
260.879
197.863
147.702
111.572
90.1636
1823.2
1817.05
1798.49
1767.74
1725.15
1671.2
1606.53
1531.88
1448.13
1356.29
1257.5
1153.1
1044.6
933.754
822.521
712.998
607.292
507.366
414.931
331.423
258.103
196.153
146.799
111.208
90.0862
1845.09
1839.09
1820.52
1789.58
1746.64
1692.19
1626.85
1551.39
1466.69
1373.76
1273.76
1168.03
1058.09
945.72
832.896
721.763
614.478
513.061
419.268
334.567
260.235
197.466
147.492
111.488
90.1458
1818.61
1812.45
1793.9
1763.21
1720.7
1666.88
1602.36
1527.9
1444.36
1352.74
1254.22
1150.09
1041.9
931.37
820.465
711.271
605.884
506.258
414.093
330.821
257.698
195.906
146.669
111.155
90.0739
1818.61
1812.45
1793.91
1763.21
1720.71
1666.88
1602.37
1527.9
1444.36
1352.75
1254.22
1150.1
1041.9
931.371
820.466
711.271
605.885
506.258
414.093
330.822
257.698
195.906
146.669
111.155
90.0738
1845.09
1839.09
1820.52
1789.58
1746.64
1692.19
1626.85
1551.39
1466.69
1373.76
1273.76
1168.03
1058.09
945.72
832.896
721.763
614.478
513.061
419.268
334.567
260.235
197.466
147.492
111.488
90.1458
)
;

boundaryField
{
    outletCentralUnloaded
    {
        type            zeroGradient;
    }
    inletCentralUnloaded
    {
        type            fixedValue;
        value           uniform 83.3;
    }
    outletFuelElement
    {
        type            zeroGradient;
    }
    inletFuelElement
    {
        type            fixedValue;
        value           uniform 83.3;
    }
    defaultFaces
    {
        type            zeroGradient;
    }
    baffle_master
    {
        type            zeroGradient;
    }
    baffle_slave
    {
        type            zeroGradient;
    }
}


// ************************************************************************* //
