/*--------------------------------*- C++ -*----------------------------------*\
| =========                 |                                                 |
| \\      /  F ield         | OpenFOAM: The Open Source CFD Toolbox           |
|  \\    /   O peration     | Version:  2212                                  |
|   \\  /    A nd           | Website:  www.openfoam.com                      |
|    \\/     M anipulation  |                                                 |
\*---------------------------------------------------------------------------*/
FoamFile
{
    version     2.0;
    format      ascii;
    arch        "LSB;label=32;scalar=64";
    class       volScalarField;
    location    "40/fluidRegion";
    object      alphat;
}
// * * * * * * * * * * * * * * * * * * * * * * * * * * * * * * * * * * * * * //

dimensions      [1 -1 -1 0 0 0 0];

internalField   nonuniform List<scalar> 
350
(
0.00258566
0.00258563
0.0025856
0.00258557
0.00258556
0.00258555
0.00258555
0.00258555
0.00258557
0.0025856
0.00258565
0.00258571
0.0025858
0.00258591
0.00258605
0.00258624
0.00258654
0.00258699
0.00258767
0.00258872
0.00259033
0.00259279
0.00259655
0.0026023
0.0026111
0.00258566
0.00258563
0.0025856
0.00258557
0.00258556
0.00258555
0.00258555
0.00258555
0.00258557
0.0025856
0.00258565
0.00258571
0.0025858
0.00258591
0.00258605
0.00258624
0.00258654
0.00258699
0.00258767
0.00258872
0.00259033
0.00259279
0.00259655
0.0026023
0.0026111
0.000895568
0.000883901
0.000872453
0.00086085
0.000848985
0.000836752
0.000824047
0.000810771
0.00079684
0.000782188
0.000766786
0.000750638
0.000733789
0.000716307
0.000698272
0.000679781
0.00066101
0.000642419
0.000625196
0.000612182
0.000609775
0.00063133
0.000699538
0.000831918
0.00100132
0.00088774
0.000876087
0.000864673
0.000853111
0.000841295
0.00082912
0.00081648
0.000803275
0.000789418
0.000774846
0.000759529
0.000743478
0.000726745
0.000709411
0.000691568
0.000673321
0.000654846
0.00063659
0.000619717
0.000607043
0.000604951
0.000626834
0.000695607
0.000829236
0.00100058
0.000896817
0.000885138
0.00087368
0.000862064
0.000850187
0.00083794
0.00082522
0.000811929
0.000797981
0.000783312
0.00076789
0.000751721
0.000734847
0.000717335
0.000699263
0.000680726
0.000661901
0.000643249
0.000625961
0.000612883
0.000610412
0.000631904
0.000700025
0.000832243
0.00100142
0.000889537
0.000877885
0.000866466
0.000854897
0.000843073
0.000830886
0.000818233
0.000805013
0.00079114
0.00077655
0.000761213
0.000745139
0.000728379
0.00071101
0.000693123
0.000674819
0.000656275
0.000637942
0.000620988
0.000608237
0.000606072
0.000627881
0.000696526
0.000829868
0.00100076
0.000889537
0.000877885
0.000866466
0.000854897
0.000843073
0.000830887
0.000818233
0.000805013
0.00079114
0.00077655
0.000761214
0.00074514
0.000728379
0.000711011
0.000693124
0.00067482
0.000656276
0.000637943
0.000620989
0.000608238
0.000606073
0.000627881
0.000696525
0.000829866
0.00100076
0.000896817
0.000885137
0.000873679
0.000862064
0.000850186
0.00083794
0.00082522
0.000811929
0.00079798
0.000783312
0.00076789
0.000751722
0.000734848
0.000717337
0.000699265
0.000680728
0.000661904
0.000643253
0.000625966
0.000612888
0.000610419
0.000631912
0.000700035
0.000832257
0.00100144
0.00088774
0.000876086
0.000864672
0.00085311
0.000841295
0.00082912
0.000816479
0.000803274
0.000789418
0.000774846
0.000759529
0.000743478
0.000726744
0.00070941
0.000691568
0.00067332
0.000654845
0.000636589
0.000619717
0.000607044
0.000604951
0.000626835
0.000695607
0.000829234
0.00100057
0.000895568
0.000883901
0.000872453
0.00086085
0.000848985
0.000836752
0.000824047
0.000810771
0.00079684
0.000782188
0.000766786
0.000750638
0.000733789
0.000716307
0.000698273
0.000679781
0.000661011
0.000642421
0.000625199
0.000612188
0.000609784
0.000631345
0.000699565
0.00083196
0.00100138
0.000889538
0.000877885
0.000866466
0.000854897
0.000843073
0.000830887
0.000818234
0.000805013
0.00079114
0.000776551
0.000761214
0.00074514
0.00072838
0.000711011
0.000693124
0.00067482
0.000656276
0.000637943
0.000620989
0.000608238
0.000606074
0.000627885
0.000696533
0.000829881
0.00100078
0.000896817
0.000885138
0.00087368
0.000862064
0.000850187
0.00083794
0.00082522
0.000811929
0.00079798
0.000783311
0.00076789
0.000751721
0.000734847
0.000717335
0.000699262
0.000680724
0.000661898
0.000643246
0.000625955
0.000612873
0.000610395
0.000631875
0.000699976
0.000832164
0.00100131
0.000896818
0.000885138
0.00087368
0.000862065
0.000850187
0.000837941
0.000825221
0.00081193
0.000797982
0.000783313
0.000767892
0.000751723
0.00073485
0.000717339
0.000699268
0.000680731
0.000661907
0.000643257
0.000625969
0.000612892
0.000610422
0.000631913
0.000700032
0.000832245
0.00100141
0.000889538
0.000877885
0.000866466
0.000854898
0.000843073
0.000830887
0.000818234
0.000805014
0.000791141
0.000776551
0.000761214
0.000745141
0.00072838
0.000711012
0.000693125
0.000674821
0.000656279
0.000637947
0.000620995
0.000608246
0.000606087
0.000627905
0.000696566
0.000829933
0.00100085
)
;

boundaryField
{
    outletCentralUnloaded
    {
        type            zeroGradient;
    }
    inletCentralUnloaded
    {
        type            zeroGradient;
    }
    outletFuelElement
    {
        type            zeroGradient;
    }
    inletFuelElement
    {
        type            zeroGradient;
    }
    defaultFaces
    {
        type            zeroGradient;
    }
    baffle_master
    {
        type            calculated;
        value           nonuniform List<scalar> 
150
(
0.00258566
0.00258566
0.00258566
0.00258563
0.00258563
0.00258563
0.0025856
0.0025856
0.0025856
0.00258557
0.00258557
0.00258557
0.00258556
0.00258556
0.00258556
0.00258555
0.00258555
0.00258555
0.00258555
0.00258555
0.00258555
0.00258555
0.00258555
0.00258555
0.00258557
0.00258557
0.00258557
0.0025856
0.0025856
0.0025856
0.00258565
0.00258565
0.00258565
0.00258571
0.00258571
0.00258571
0.0025858
0.0025858
0.0025858
0.00258591
0.00258591
0.00258591
0.00258605
0.00258605
0.00258605
0.00258624
0.00258624
0.00258624
0.00258654
0.00258654
0.00258654
0.00258699
0.00258699
0.00258699
0.00258767
0.00258767
0.00258767
0.00258872
0.00258872
0.00258872
0.00259033
0.00259033
0.00259033
0.00259279
0.00259279
0.00259279
0.00259655
0.00259655
0.00259655
0.0026023
0.0026023
0.0026023
0.0026111
0.0026111
0.0026111
0.00258566
0.00258566
0.00258566
0.00258563
0.00258563
0.00258563
0.0025856
0.0025856
0.0025856
0.00258557
0.00258557
0.00258557
0.00258556
0.00258556
0.00258556
0.00258555
0.00258555
0.00258555
0.00258555
0.00258555
0.00258555
0.00258555
0.00258555
0.00258555
0.00258557
0.00258557
0.00258557
0.0025856
0.0025856
0.0025856
0.00258565
0.00258565
0.00258565
0.00258571
0.00258571
0.00258571
0.0025858
0.0025858
0.0025858
0.00258591
0.00258591
0.00258591
0.00258605
0.00258605
0.00258605
0.00258624
0.00258624
0.00258624
0.00258654
0.00258654
0.00258654
0.00258699
0.00258699
0.00258699
0.00258767
0.00258767
0.00258767
0.00258872
0.00258872
0.00258872
0.00259033
0.00259033
0.00259033
0.00259279
0.00259279
0.00259279
0.00259655
0.00259655
0.00259655
0.0026023
0.0026023
0.0026023
0.0026111
0.0026111
0.0026111
)
;
    }
    baffle_slave
    {
        type            calculated;
        value           nonuniform List<scalar> 
150
(
0.00088774
0.000889537
0.000889538
0.000876087
0.000877885
0.000877885
0.000864673
0.000866466
0.000866466
0.000853111
0.000854897
0.000854898
0.000841295
0.000843073
0.000843073
0.00082912
0.000830886
0.000830887
0.00081648
0.000818233
0.000818234
0.000803275
0.000805013
0.000805014
0.000789418
0.00079114
0.000791141
0.000774846
0.00077655
0.000776551
0.000759529
0.000761213
0.000761214
0.000743478
0.000745139
0.000745141
0.000726745
0.000728379
0.00072838
0.000709411
0.00071101
0.000711012
0.000691568
0.000693123
0.000693125
0.000673321
0.000674819
0.000674821
0.000654846
0.000656275
0.000656279
0.00063659
0.000637942
0.000637947
0.000619717
0.000620988
0.000620995
0.000607043
0.000608237
0.000608246
0.000604951
0.000606072
0.000606087
0.000626834
0.000627881
0.000627905
0.000695607
0.000696526
0.000696566
0.000829236
0.000829868
0.000829933
0.00100058
0.00100076
0.00100085
0.000889537
0.00088774
0.000889538
0.000877885
0.000876086
0.000877885
0.000866466
0.000864672
0.000866466
0.000854897
0.00085311
0.000854897
0.000843073
0.000841295
0.000843073
0.000830887
0.00082912
0.000830887
0.000818233
0.000816479
0.000818234
0.000805013
0.000803274
0.000805013
0.00079114
0.000789418
0.00079114
0.00077655
0.000774846
0.000776551
0.000761214
0.000759529
0.000761214
0.00074514
0.000743478
0.00074514
0.000728379
0.000726744
0.00072838
0.000711011
0.00070941
0.000711011
0.000693124
0.000691568
0.000693124
0.00067482
0.00067332
0.00067482
0.000656276
0.000654845
0.000656276
0.000637943
0.000636589
0.000637943
0.000620989
0.000619717
0.000620989
0.000608238
0.000607044
0.000608238
0.000606073
0.000604951
0.000606074
0.000627881
0.000626835
0.000627885
0.000696525
0.000695607
0.000696533
0.000829866
0.000829234
0.000829881
0.00100076
0.00100057
0.00100078
)
;
    }
}


// ************************************************************************* //
