/*--------------------------------*- C++ -*----------------------------------*\
| =========                 |                                                 |
| \\      /  F ield         | OpenFOAM: The Open Source CFD Toolbox           |
|  \\    /   O peration     | Version:  2212                                  |
|   \\  /    A nd           | Website:  www.openfoam.com                      |
|    \\/     M anipulation  |                                                 |
\*---------------------------------------------------------------------------*/
FoamFile
{
    version     2.0;
    format      ascii;
    arch        "LSB;label=32;scalar=64";
    class       volScalarField;
    location    "40/fluidRegion";
    object      deltaT;
}
// * * * * * * * * * * * * * * * * * * * * * * * * * * * * * * * * * * * * * //

dimensions      [0 0 0 1 0 0 0];

internalField   nonuniform List<scalar> 
350
(
0
0
0
0
0
0
0
0
0
0
0
0
0
0
0
0
0
0
0
0
0
0
0
0
0
0
0
0
0
0
0
0
0
0
0
0
0
0
0
0
0
0
0
0
0
0
0
0
0
0
15.3749
48.3709
81.094
113.496
145.517
177.104
208.203
238.765
268.739
298.059
326.623
354.265
380.717
405.581
428.322
448.279
464.673
476.531
482.439
480.012
464.946
429.639
362.074
249.058
91.4445
15.4871
48.7532
81.7402
114.401
146.677
178.512
209.854
240.658
270.873
300.439
329.263
357.184
383.94
409.129
432.203
452.479
469.155
481.243
487.327
485.018
469.982
434.522
366.394
252.097
92.5179
15.3569
48.3104
80.9914
113.352
145.333
176.88
207.94
238.463
268.398
297.678
326.2
353.797
380.201
405.015
427.704
447.613
463.966
475.792
481.677
479.239
464.177
428.906
361.44
248.617
91.282
15.4608
48.6639
81.5896
114.19
146.407
178.184
209.471
240.218
270.378
299.888
328.652
356.509
383.196
408.31
431.307
451.509
468.12
480.155
486.198
483.861
468.818
433.392
365.393
251.392
92.2695
15.4608
48.6639
81.5896
114.19
146.407
178.184
209.471
240.218
270.378
299.888
328.652
356.509
383.196
408.31
431.307
451.509
468.12
480.155
486.198
483.861
468.818
433.392
365.393
251.392
92.2695
15.3569
48.3104
80.9914
113.352
145.333
176.88
207.94
238.463
268.398
297.678
326.2
353.797
380.201
405.015
427.704
447.613
463.966
475.792
481.677
479.239
464.178
428.907
361.44
248.618
91.2822
15.4871
48.7532
81.7403
114.401
146.677
178.512
209.855
240.658
270.873
300.439
329.263
357.184
383.94
409.129
432.203
452.479
469.155
481.243
487.327
485.018
469.982
434.522
366.394
252.097
92.518
15.3749
48.3709
81.094
113.496
145.517
177.104
208.203
238.765
268.739
298.059
326.623
354.265
380.717
405.581
428.322
448.279
464.673
476.531
482.439
480.012
464.946
429.639
362.074
249.058
91.4445
15.4608
48.6639
81.5896
114.19
146.407
178.184
209.471
240.218
270.378
299.888
328.652
356.509
383.196
408.31
431.307
451.509
468.12
480.155
486.198
483.861
468.818
433.392
365.393
251.392
92.2695
15.357
48.3105
80.9914
113.352
145.333
176.88
207.94
238.463
268.398
297.678
326.2
353.797
380.201
405.015
427.704
447.613
463.966
475.792
481.677
479.239
464.177
428.907
361.44
248.617
91.282
15.3569
48.3104
80.9914
113.352
145.333
176.88
207.94
238.463
268.398
297.678
326.2
353.797
380.201
405.015
427.704
447.613
463.966
475.792
481.677
479.239
464.178
428.907
361.44
248.618
91.2821
15.4608
48.6639
81.5896
114.19
146.407
178.184
209.471
240.218
270.378
299.888
328.652
356.509
383.196
408.31
431.307
451.509
468.12
480.155
486.198
483.861
468.818
433.392
365.393
251.391
92.2695
)
;

boundaryField
{
    outletCentralUnloaded
    {
        type            calculated;
        value           uniform 0;
    }
    inletCentralUnloaded
    {
        type            calculated;
        value           uniform 0;
    }
    outletFuelElement
    {
        type            calculated;
        value           uniform 0;
    }
    inletFuelElement
    {
        type            calculated;
        value           uniform 616.7;
    }
    defaultFaces
    {
        type            calculated;
        value           nonuniform List<scalar> 
450
(
0
0
0
0
0
0
0
0
0
0
0
0
0
0
0
0
0
0
0
0
0
0
0
0
0
0
0
0
0
0
0
0
0
0
0
0
0
0
0
0
0
0
0
0
0
0
0
0
94.2554
94.2554
94.2554
193.865
193.865
193.865
286.015
286.015
286.015
369.27
369.27
369.27
442.371
442.371
442.371
504.134
504.134
504.134
553.335
553.335
553.335
588.817
588.817
588.817
609.89
609.89
609.89
0
0
0
0
0
0
0
0
0
0
0
0
0
0
0
0
0
0
0
0
0
0
0
0
0
0
0
0
0
0
0
0
95.6564
95.6564
194.968
194.968
286.849
286.849
369.87
369.87
442.774
442.774
504.38
504.38
553.465
553.465
588.869
588.869
609.902
609.902
0
0
0
0
0
0
0
0
0
0
0
0
0
0
0
0
87.1064
188.199
281.701
366.144
440.251
502.829
552.646
588.539
609.831
0
0
0
0
0
0
0
0
0
0
0
0
0
0
0
0
87.1064
188.199
281.701
366.144
440.251
502.828
552.646
588.539
609.831
0
0
0
0
0
0
0
0
0
0
0
0
0
0
0
0
0
0
0
0
0
0
0
0
0
0
0
0
0
0
0
0
95.6554
95.6554
194.967
194.967
286.848
286.848
369.869
369.869
442.774
442.774
504.379
504.379
553.465
553.465
588.869
588.869
609.902
609.902
0
0
0
0
0
0
0
0
0
0
0
0
0
0
0
0
0
0
0
0
0
0
0
0
0
0
0
0
0
0
0
0
0
0
0
0
0
0
0
0
0
0
0
0
0
0
0
0
94.2554
94.2554
94.2554
193.865
193.865
193.865
286.015
286.015
286.015
369.27
369.27
369.27
442.371
442.371
442.371
504.134
504.134
504.134
553.335
553.335
553.335
588.817
588.817
588.817
609.89
609.89
609.89
0
0
0
0
0
0
0
0
0
0
0
0
0
0
0
0
87.1064
188.199
281.701
366.144
440.251
502.828
552.646
588.539
609.831
0
0
0
0
0
0
0
0
0
0
0
0
0
0
0
0
0
0
0
0
0
0
0
0
0
0
0
0
0
0
0
0
95.6565
95.6565
194.968
194.968
286.849
286.849
369.87
369.87
442.774
442.774
504.38
504.38
553.465
553.465
588.869
588.869
609.902
609.902
0
0
0
0
0
0
0
0
0
0
0
0
0
0
0
0
0
0
0
0
0
0
0
0
0
0
0
0
0
0
0
0
95.6555
95.6555
194.967
194.967
286.848
286.848
369.869
369.869
442.774
442.774
504.379
504.379
553.465
553.465
588.869
588.869
609.902
609.902
0
0
0
0
0
0
0
0
0
0
0
0
0
0
0
0
87.1064
188.199
281.701
366.144
440.251
502.829
552.646
588.539
609.831
)
;
    }
    baffle_master
    {
        type            calculated;
        value           uniform 0;
    }
    baffle_slave
    {
        type            calculated;
        value           nonuniform List<scalar> 
150
(
0
0
0
0
0
0
0
0
0
0
0
0
0
0
0
0
0
0
0
0
0
0
0
0
0
0
0
0
0
0
0
0
0
0
0
0
0
0
0
0
0
0
0
0
0
0
0
0
84.9577
87.1064
87.1064
186.494
188.199
188.199
280.401
281.701
281.701
365.2
366.144
366.144
439.611
440.251
440.251
502.434
502.829
502.829
552.438
552.646
552.646
588.455
588.539
588.539
609.813
609.831
609.831
0
0
0
0
0
0
0
0
0
0
0
0
0
0
0
0
0
0
0
0
0
0
0
0
0
0
0
0
0
0
0
0
0
0
0
0
0
0
0
0
0
0
0
0
0
0
0
0
87.1064
84.9577
87.1064
188.199
186.494
188.199
281.701
280.401
281.701
366.144
365.2
366.144
440.251
439.611
440.251
502.828
502.434
502.828
552.646
552.438
552.646
588.539
588.455
588.539
609.831
609.813
609.831
)
;
    }
}


// ************************************************************************* //
