/*--------------------------------*- C++ -*----------------------------------*\
| =========                 |                                                 |
| \\      /  F ield         | OpenFOAM: The Open Source CFD Toolbox           |
|  \\    /   O peration     | Version:  2212                                  |
|   \\  /    A nd           | Website:  www.openfoam.com                      |
|    \\/     M anipulation  |                                                 |
\*---------------------------------------------------------------------------*/
FoamFile
{
    version     2.0;
    format      ascii;
    arch        "LSB;label=32;scalar=64";
    class       volScalarField;
    location    "40/fluidRegion";
    object      htc;
}
// * * * * * * * * * * * * * * * * * * * * * * * * * * * * * * * * * * * * * //

dimensions      [1 0 -3 -1 0 0 0];

internalField   nonuniform List<scalar> 
350
(
3101.18
3101.25
3101.34
3101.45
3101.53
3101.59
3101.61
3101.59
3101.55
3101.49
3101.44
3101.41
3101.4
3101.42
3101.46
3101.51
3101.56
3101.6
3101.63
3101.65
3101.67
3101.69
3101.7
3101.71
3106.89
3101.18
3101.25
3101.34
3101.45
3101.53
3101.59
3101.61
3101.59
3101.55
3101.49
3101.44
3101.41
3101.4
3101.42
3101.46
3101.51
3101.56
3101.6
3101.63
3101.65
3101.67
3101.69
3101.7
3101.71
3106.89
27154
27075.5
26892.4
26584.2
26152.5
25599.3
24927.5
24141.1
23245.2
22247.1
21156.2
19985.1
18748.9
17464.3
16147.6
14812.8
13470
12127.4
10794.2
9486.59
8232.71
7079.08
6096.61
5378.41
4939.73
27242.3
27163.5
26981.1
26672.9
26240.7
25686.5
25013.1
24224.4
23325.3
22322.8
21226.3
20048.2
18803.9
17510.7
16185.5
14843
13493.9
12145.9
10808.2
9496.09
8237.65
7079.56
6093.58
5374.19
4937.78
27140
27061.1
26878
26569.9
26138.2
25585.2
24913.7
24127.7
23232.5
22235
21145.1
19975.1
18740.2
17456.9
16141.5
14807.8
13466
12124.1
10791.6
9484.58
8231.31
7078.25
6096.2
5378.15
4939.58
27222.7
27144
26961.4
26653.2
26221
25667
24994
24205.7
23307.3
22305.7
21210.5
20033.9
18791.5
17500.2
16177
14836.2
13488.5
12141.8
10805.1
9494
8236.61
7079.55
6094.39
5375.28
4938.29
27222.7
27144
26961.4
26653.2
26221
25667
24994
24205.7
23307.3
22305.7
21210.5
20033.9
18791.5
17500.2
16177
14836.2
13488.5
12141.8
10805.1
9494
8236.61
7079.55
6094.39
5375.28
4938.29
27140
27061.1
26878
26569.9
26138.2
25585.2
24913.7
24127.7
23232.5
22235.1
21145.1
19975.1
18740.2
17456.9
16141.5
14807.8
13466
12124.1
10791.6
9484.58
8231.31
7078.24
6096.19
5378.14
4939.58
27242.3
27163.5
26981.1
26672.9
26240.7
25686.5
25013.1
24224.4
23325.3
22322.8
21226.3
20048.2
18803.9
17510.7
16185.5
14843
13493.9
12145.9
10808.2
9496.09
8237.65
7079.56
6093.58
5374.19
4937.78
27154
27075.5
26892.4
26584.2
26152.5
25599.3
24927.5
24141.1
23245.2
22247.1
21156.2
19985.1
18748.9
17464.3
16147.6
14812.8
13470
12127.4
10794.2
9486.59
8232.71
7079.08
6096.61
5378.41
4939.73
27222.7
27144
26961.4
26653.2
26221
25667
24994
24205.7
23307.3
22305.7
21210.5
20033.9
18791.5
17500.2
16177
14836.2
13488.5
12141.8
10805.1
9494
8236.61
7079.55
6094.39
5375.28
4938.29
27140
27061.1
26878
26569.9
26138.2
25585.2
24913.7
24127.7
23232.5
22235
21145.1
19975.1
18740.2
17456.9
16141.5
14807.8
13466
12124.1
10791.6
9484.58
8231.31
7078.25
6096.2
5378.15
4939.58
27140
27061.1
26878
26569.9
26138.2
25585.2
24913.7
24127.7
23232.5
22235.1
21145.1
19975.1
18740.2
17456.9
16141.5
14807.8
13466
12124.1
10791.6
9484.58
8231.31
7078.24
6096.19
5378.14
4939.58
27222.7
27144
26961.4
26653.2
26221
25667
24994
24205.7
23307.3
22305.7
21210.5
20033.9
18791.5
17500.2
16177
14836.2
13488.5
12141.8
10805.1
9494
8236.61
7079.55
6094.39
5375.28
4938.29
)
;

boundaryField
{
    outletCentralUnloaded
    {
        type            zeroGradient;
    }
    inletCentralUnloaded
    {
        type            zeroGradient;
    }
    outletFuelElement
    {
        type            zeroGradient;
    }
    inletFuelElement
    {
        type            zeroGradient;
    }
    defaultFaces
    {
        type            zeroGradient;
    }
    baffle_master
    {
        type            zeroGradient;
    }
    baffle_slave
    {
        type            zeroGradient;
    }
}


// ************************************************************************* //
