/*--------------------------------*- C++ -*----------------------------------*\
| =========                 |                                                 |
| \\      /  F ield         | OpenFOAM: The Open Source CFD Toolbox           |
|  \\    /   O peration     | Version:  2212                                  |
|   \\  /    A nd           | Website:  www.openfoam.com                      |
|    \\/     M anipulation  |                                                 |
\*---------------------------------------------------------------------------*/
FoamFile
{
    version     2.0;
    format      ascii;
    arch        "LSB;label=32;scalar=64";
    class       volScalarField;
    location    "40/fluidRegion";
    object      k;
}
// * * * * * * * * * * * * * * * * * * * * * * * * * * * * * * * * * * * * * //

dimensions      [0 2 -2 0 0 0 0];

internalField   nonuniform List<scalar> 
350
(
0.421082
0.42101
0.420939
0.420868
0.420797
0.420727
0.420657
0.420588
0.42052
0.420454
0.420391
0.420331
0.420275
0.420224
0.42018
0.420149
0.420137
0.420156
0.420221
0.420357
0.420602
0.421015
0.421681
0.422737
0.424387
0.421082
0.42101
0.420939
0.420868
0.420797
0.420727
0.420657
0.420588
0.42052
0.420454
0.420391
0.420331
0.420275
0.420224
0.42018
0.420149
0.420137
0.420156
0.420221
0.420357
0.420602
0.421015
0.421681
0.422737
0.424387
402.916
380.716
355.416
327.507
297.77
266.979
235.88
205.173
175.494
147.408
121.391
97.8239
76.9816
59.0212
43.9761
31.7556
22.157
14.8894
9.60681
5.94236
3.53855
2.06802
1.24879
0.85328
0.713581
408.566
386.107
360.51
332.253
302.13
270.926
239.398
208.257
178.149
149.647
123.236
99.3053
78.1363
59.8913
44.6071
32.1938
22.4466
15.0702
9.71219
5.99874
3.56552
2.07912
1.25252
0.8543
0.713967
401.98
379.821
354.574
326.726
297.055
266.334
235.307
204.673
175.066
147.048
121.095
97.587
76.7974
58.8827
43.8757
31.6859
22.1108
14.8604
9.58971
5.933
3.53385
2.06588
1.2479
0.852935
0.713445
407.325
384.921
359.386
331.203
301.163
270.049
238.615
207.568
177.555
149.145
122.821
98.9714
77.8754
59.6943
44.4639
32.0942
22.3807
15.029
9.68817
5.9859
3.55939
2.07662
1.2517
0.85409
0.713894
407.325
384.921
359.386
331.203
301.163
270.049
238.615
207.568
177.555
149.145
122.821
98.9715
77.8754
59.6943
44.4639
32.0942
22.3807
15.029
9.68818
5.9859
3.55939
2.07662
1.2517
0.854089
0.713892
401.981
379.821
354.575
326.726
297.055
266.334
235.308
204.673
175.066
147.048
121.095
97.5872
76.7976
58.8829
43.8758
31.686
22.1108
14.8605
9.58975
5.93303
3.53387
2.06589
1.24791
0.85294
0.713449
408.566
386.107
360.51
332.253
302.13
270.926
239.398
208.257
178.149
149.647
123.236
99.3053
78.1363
59.8913
44.6071
32.1938
22.4466
15.0702
9.71219
5.99874
3.56552
2.07912
1.25252
0.8543
0.713965
402.916
380.716
355.416
327.507
297.77
266.979
235.88
205.173
175.494
147.408
121.391
97.8239
76.9816
59.0212
43.9761
31.7556
22.157
14.8894
9.60683
5.94239
3.53857
2.06804
1.24881
0.853299
0.7136
407.325
384.921
359.386
331.203
301.163
270.049
238.615
207.568
177.555
149.145
122.821
98.9715
77.8754
59.6943
44.4639
32.0942
22.3807
15.029
9.68818
5.9859
3.5594
2.07662
1.25171
0.854096
0.713899
401.98
379.821
354.574
326.726
297.055
266.334
235.307
204.673
175.066
147.048
121.095
97.587
76.7974
58.8827
43.8757
31.6858
22.1107
14.8604
9.58968
5.93296
3.53381
2.06584
1.24787
0.8529
0.713412
401.981
379.821
354.575
326.726
297.055
266.334
235.308
204.673
175.066
147.048
121.095
97.5873
76.7977
58.8829
43.8759
31.686
22.1109
14.8605
9.58977
5.93304
3.53387
2.06589
1.24791
0.852934
0.713442
407.325
384.921
359.386
331.203
301.163
270.049
238.615
207.568
177.555
149.145
122.821
98.9715
77.8755
59.6944
44.464
32.0942
22.3807
15.0291
9.68821
5.98593
3.55943
2.07665
1.25173
0.85412
0.713921
)
;

boundaryField
{
    outletCentralUnloaded
    {
        type            zeroGradient;
    }
    inletCentralUnloaded
    {
        type            zeroGradient;
    }
    outletFuelElement
    {
        type            zeroGradient;
    }
    inletFuelElement
    {
        type            zeroGradient;
    }
    defaultFaces
    {
        type            zeroGradient;
    }
    baffle_master
    {
        type            zeroGradient;
    }
    baffle_slave
    {
        type            zeroGradient;
    }
}


// ************************************************************************* //
