/*--------------------------------*- C++ -*----------------------------------*\
| =========                 |                                                 |
| \\      /  F ield         | OpenFOAM: The Open Source CFD Toolbox           |
|  \\    /   O peration     | Version:  2212                                  |
|   \\  /    A nd           | Website:  www.openfoam.com                      |
|    \\/     M anipulation  |                                                 |
\*---------------------------------------------------------------------------*/
FoamFile
{
    version     2.0;
    format      ascii;
    arch        "LSB;label=32;scalar=64";
    class       volScalarField;
    location    "40/fluidRegion";
    object      T;
}
// * * * * * * * * * * * * * * * * * * * * * * * * * * * * * * * * * * * * * //

dimensions      [0 0 0 1 0 0 0];

internalField   nonuniform List<scalar> 
350
(
83.2891
83.2895
83.2899
83.2904
83.2908
83.2913
83.2917
83.2922
83.2926
83.2931
83.2936
83.2941
83.2945
83.295
83.2955
83.2959
83.2964
83.2968
83.2973
83.2978
83.2982
83.2987
83.2991
83.2996
83.3
83.2891
83.2895
83.2899
83.2904
83.2908
83.2913
83.2917
83.2922
83.2926
83.2931
83.2936
83.2941
83.2945
83.295
83.2955
83.2959
83.2964
83.2968
83.2973
83.2978
83.2982
83.2987
83.2991
83.2996
83.3
1815.33
1809.59
1791.44
1761.09
1718.91
1665.38
1601.12
1526.88
1443.54
1352.09
1253.7
1149.69
1041.58
931.125
820.268
711.108
605.745
506.135
413.985
330.73
257.629
195.866
146.665
111.183
90.11
1843.37
1837.85
1819.7
1789.15
1746.54
1692.38
1627.28
1552.01
1467.45
1374.62
1274.68
1168.97
1059.01
946.588
833.682
722.444
615.042
513.506
419.599
334.8
260.389
197.566
147.562
111.545
90.1869
1810.78
1805.02
1786.88
1756.59
1714.5
1661.09
1596.98
1522.91
1439.78
1348.57
1250.43
1146.7
1038.9
928.752
818.222
709.389
604.344
505.032
413.151
330.13
257.226
195.62
146.535
111.131
90.0977
1837.06
1831.48
1813.32
1782.8
1740.28
1686.24
1621.33
1546.28
1461.99
1369.47
1269.88
1164.55
1055.01
943.029
830.59
719.827
612.894
511.801
418.299
333.856
259.749
197.171
147.354
111.461
90.1692
1837.06
1831.48
1813.32
1782.8
1740.28
1686.24
1621.33
1546.28
1461.99
1369.47
1269.88
1164.55
1055.01
943.029
830.59
719.827
612.894
511.801
418.299
333.856
259.749
197.172
147.354
111.461
90.1692
1810.78
1805.02
1786.88
1756.59
1714.5
1661.09
1596.98
1522.92
1439.78
1348.57
1250.44
1146.71
1038.9
928.753
818.223
709.39
604.345
505.033
413.152
330.131
257.226
195.621
146.535
111.131
90.0977
1843.37
1837.85
1819.7
1789.15
1746.54
1692.38
1627.28
1552.01
1467.45
1374.62
1274.68
1168.97
1059.01
946.588
833.682
722.444
615.042
513.506
419.599
334.8
260.389
197.566
147.562
111.545
90.1869
1815.33
1809.59
1791.44
1761.09
1718.91
1665.38
1601.12
1526.88
1443.54
1352.09
1253.7
1149.69
1041.58
931.125
820.268
711.108
605.745
506.135
413.985
330.73
257.629
195.866
146.665
111.183
90.11
1837.06
1831.48
1813.32
1782.8
1740.28
1686.24
1621.33
1546.28
1461.99
1369.47
1269.88
1164.55
1055.01
943.029
830.59
719.827
612.894
511.801
418.299
333.856
259.749
197.172
147.354
111.461
90.1692
1810.78
1805.02
1786.88
1756.59
1714.5
1661.09
1596.98
1522.91
1439.78
1348.57
1250.43
1146.7
1038.9
928.752
818.222
709.389
604.344
505.032
413.151
330.13
257.226
195.62
146.535
111.131
90.0977
1810.78
1805.02
1786.88
1756.59
1714.5
1661.09
1596.98
1522.92
1439.78
1348.57
1250.44
1146.71
1038.9
928.753
818.223
709.39
604.345
505.033
413.152
330.131
257.226
195.621
146.535
111.131
90.0977
1837.06
1831.48
1813.32
1782.8
1740.28
1686.24
1621.33
1546.28
1461.99
1369.47
1269.88
1164.55
1055.01
943.029
830.59
719.827
612.894
511.801
418.299
333.856
259.749
197.171
147.354
111.461
90.1692
)
;

boundaryField
{
    outletCentralUnloaded
    {
        type            zeroGradient;
    }
    inletCentralUnloaded
    {
        type            fixedValue;
        value           uniform 83.3;
    }
    outletFuelElement
    {
        type            zeroGradient;
    }
    inletFuelElement
    {
        type            fixedValue;
        value           uniform 83.3;
    }
    defaultFaces
    {
        type            zeroGradient;
    }
    baffle_master
    {
        type            zeroGradient;
    }
    baffle_slave
    {
        type            zeroGradient;
    }
}


// ************************************************************************* //
