/*--------------------------------*- C++ -*----------------------------------*\
| =========                 |                                                 |
| \\      /  F ield         | OpenFOAM: The Open Source CFD Toolbox           |
|  \\    /   O peration     | Version:  2212                                  |
|   \\  /    A nd           | Website:  www.openfoam.com                      |
|    \\/     M anipulation  |                                                 |
\*---------------------------------------------------------------------------*/
FoamFile
{
    version     2.0;
    format      ascii;
    arch        "LSB;label=32;scalar=64";
    class       volVectorField;
    location    "40/fluidRegion";
    object      U;
}
// * * * * * * * * * * * * * * * * * * * * * * * * * * * * * * * * * * * * * //

dimensions      [0 1 -1 0 0 0 0];

internalField   nonuniform List<vector> 
350
(
(-5.81163e-08 -3.35534e-08 -14.9675)
(-7.46431e-08 -4.30951e-08 -14.9664)
(-6.15467e-08 -3.55339e-08 -14.9655)
(-2.04939e-08 -1.18321e-08 -14.9646)
(3.1317e-08 1.80808e-08 -14.9637)
(6.7162e-08 3.87759e-08 -14.9626)
(6.55339e-08 3.78359e-08 -14.9614)
(1.91349e-08 1.10475e-08 -14.96)
(-5.58572e-08 -3.2249e-08 -14.9585)
(-1.24103e-07 -7.16508e-08 -14.9569)
(-1.49568e-07 -8.63527e-08 -14.9554)
(-1.1615e-07 -6.70591e-08 -14.9539)
(-3.56029e-08 -2.05553e-08 -14.9525)
(6.08015e-08 3.51037e-08 -14.9512)
(1.39036e-07 8.02722e-08 -14.95)
(1.77198e-07 1.02305e-07 -14.9489)
(1.72424e-07 9.95485e-08 -14.9478)
(1.39124e-07 8.03228e-08 -14.9467)
(1.00301e-07 5.79084e-08 -14.9456)
(7.44806e-08 4.30013e-08 -14.9444)
(6.75128e-08 3.89784e-08 -14.9432)
(7.03699e-08 4.0628e-08 -14.942)
(6.15946e-08 3.55616e-08 -14.9407)
(-3.66733e-08 -2.11733e-08 -14.9395)
(-2.47684e-07 -1.43e-07 -14.9694)
(-5.81163e-08 -3.35534e-08 -14.9675)
(-7.46431e-08 -4.30951e-08 -14.9664)
(-6.15467e-08 -3.55339e-08 -14.9655)
(-2.04939e-08 -1.18321e-08 -14.9646)
(3.1317e-08 1.80808e-08 -14.9637)
(6.7162e-08 3.87759e-08 -14.9626)
(6.55339e-08 3.78359e-08 -14.9614)
(1.91349e-08 1.10475e-08 -14.96)
(-5.58572e-08 -3.2249e-08 -14.9585)
(-1.24103e-07 -7.16508e-08 -14.9569)
(-1.49568e-07 -8.63527e-08 -14.9554)
(-1.1615e-07 -6.70591e-08 -14.9539)
(-3.56029e-08 -2.05553e-08 -14.9525)
(6.08015e-08 3.51037e-08 -14.9512)
(1.39036e-07 8.02722e-08 -14.95)
(1.77198e-07 1.02305e-07 -14.9489)
(1.72424e-07 9.95485e-08 -14.9478)
(1.39124e-07 8.03228e-08 -14.9467)
(1.00301e-07 5.79084e-08 -14.9456)
(7.44806e-08 4.30013e-08 -14.9444)
(6.75128e-08 3.89784e-08 -14.9432)
(7.03699e-08 4.0628e-08 -14.942)
(6.15946e-08 3.55616e-08 -14.9407)
(-3.66733e-08 -2.11733e-08 -14.9395)
(-2.47684e-07 -1.43e-07 -14.9694)
(-0.00195863 -0.00113082 -421.524)
(-0.000945954 -0.000546146 -413.684)
(-0.00102835 -0.00059372 -403.746)
(-0.000925431 -0.000534298 -391.477)
(-0.000837759 -0.00048368 -377.069)
(-0.000756319 -0.000436661 -360.724)
(-0.000680723 -0.000393016 -342.653)
(-0.000607154 -0.00035054 -323.07)
(-0.000527628 -0.000304626 -302.196)
(-0.000428915 -0.000247634 -280.258)
(-0.000294742 -0.000170169 -257.496)
(-0.000108943 -6.28982e-05 -234.168)
(0.000132468 7.64804e-05 -210.555)
(0.000410438 0.000236966 -186.969)
(0.000693251 0.000400248 -163.747)
(0.000933832 0.000539147 -141.243)
(0.0010955 0.000632485 -119.802)
(0.00116871 0.000674755 -99.7396)
(0.00117254 0.000676966 -81.322)
(0.00114062 0.00065854 -64.7708)
(0.00110288 0.000636748 -50.2779)
(0.00106625 0.000615598 -38.0313)
(0.00101517 0.00058611 -28.2391)
(0.00087977 0.000507935 -21.1256)
(0.000835947 0.000482634 -16.6334)
(-0.00190818 -0.00108895 -424.233)
(-0.000712378 -0.00037572 -416.352)
(-0.000807723 -0.000433324 -406.383)
(-0.000736192 -0.000393346 -394.062)
(-0.000675739 -0.000359328 -379.584)
(-0.000619954 -0.000326386 -363.154)
(-0.000568299 -0.000294974 -344.982)
(-0.000517762 -0.000263551 -325.285)
(-0.000462556 -0.000228835 -304.282)
(-0.000393191 -0.000185 -282.205)
(-0.000298449 -0.000126148 -259.291)
(-0.000167375 -4.40024e-05 -235.801)
(4.77862e-06 6.02967e-05 -212.016)
(0.000196358 0.000177746 -188.251)
(0.000390088 0.000297233 -164.847)
(0.000552668 0.000399349 -142.162)
(0.00065971 0.000470204 -120.547)
(0.000706108 0.000506034 -100.323)
(0.000705493 0.000514514 -81.7588)
(0.000682121 0.000506831 -65.0799)
(0.000656246 0.000495134 -50.4797)
(0.000636427 0.000479529 -38.1478)
(0.000615575 0.000458238 -28.2939)
(0.000563887 0.00040506 -21.1426)
(0.000600549 0.000390196 -16.6354)
(-0.000886331 -0.000656164 -421.09)
(-0.000529801 -0.000958919 -413.249)
(-0.000518168 -0.000915618 -403.319)
(-0.000472768 -0.00080395 -391.059)
(-0.000430415 -0.00070557 -376.663)
(-0.000391721 -0.000614599 -360.334)
(-0.000355424 -0.000530198 -342.28)
(-0.000318691 -0.00044843 -322.717)
(-0.000276022 -0.000360166 -301.864)
(-0.000219321 -0.000250882 -279.949)
(-0.00013967 -0.000101423 -257.212)
(-3.02642e-05 0.000104872 -233.911)
(0.000111712 0.000370172 -210.325)
(0.000264361 0.000686504 -186.767)
(0.000413934 0.00100779 -163.574)
(0.000533464 0.00128145 -141.098)
(0.000606163 0.00146456 -119.684)
(0.00063123 0.00154526 -99.6468)
(0.000621791 0.00154589 -81.2517)
(0.000596989 0.00150468 -64.7199)
(0.000570286 0.00145512 -50.2431)
(0.000546937 0.00139911 -38.0092)
(0.000509688 0.00130235 -28.2263)
(0.000446365 0.00105579 -21.1188)
(0.000390704 0.000830826 -16.6312)
(-0.000983631 -0.000567898 -423.629)
(-0.000937869 -0.000541477 -415.757)
(-0.000904207 -0.000522043 -405.794)
(-0.000805944 -0.000465311 -393.483)
(-0.000717907 -0.000414483 -379.02)
(-0.000636639 -0.000367563 -362.608)
(-0.000560731 -0.000323737 -344.458)
(-0.000486096 -0.000280647 -324.785)
(-0.000403399 -0.000232902 -303.811)
(-0.000298413 -0.000172288 -281.764)
(-0.000153686 -8.87306e-05 -258.885)
(4.54794e-05 2.62575e-05 -235.43)
(0.000302357 0.000174566 -211.684)
(0.000597839 0.000345161 -187.959)
(0.000894589 0.00051649 -164.596)
(0.00114265 0.000659706 -141.952)
(0.00130445 0.00075312 -120.377)
(0.00137193 0.000792081 -100.19)
(0.00136736 0.000789443 -81.6591)
(0.00132644 0.000765817 -65.0095)
(0.00127841 0.000738089 -50.4339)
(0.00122796 0.000708958 -38.1216)
(0.0011428 0.000659795 -28.2818)
(0.000947201 0.000546865 -21.1392)
(0.00077009 0.00044461 -16.6353)
(0.000950459 0.000548747 -423.629)
(0.000920885 0.000531672 -415.757)
(0.000884279 0.000510538 -405.794)
(0.000785781 0.00045367 -393.483)
(0.000697356 0.000402618 -379.02)
(0.000616353 0.000355851 -362.608)
(0.000541548 0.000312662 -344.458)
(0.000468319 0.000270384 -324.785)
(0.000387866 0.000223934 -303.811)
(0.000286074 0.000165165 -281.764)
(0.000144915 8.36664e-05 -258.885)
(-4.98464e-05 -2.87788e-05 -235.43)
(-0.000301473 -0.000174055 -211.684)
(-0.000591031 -0.000341231 -187.959)
(-0.000881123 -0.000508715 -164.596)
(-0.00112219 -0.000647895 -141.952)
(-0.00127732 -0.000737459 -120.377)
(-0.00133908 -0.000773114 -100.19)
(-0.0013296 -0.000767641 -81.6591)
(-0.00128541 -0.000742129 -65.0095)
(-0.00123618 -0.000713707 -50.4339)
(-0.00118646 -0.000685003 -38.1216)
(-0.00110395 -0.000637365 -28.2818)
(-0.000916053 -0.000528882 -21.1392)
(-0.000746906 -0.000431226 -16.6353)
(0.000991752 0.000437831 -421.091)
(0.0010891 -3.44454e-05 -413.249)
(0.00104428 -2.4692e-05 -403.319)
(0.000925208 -1.03003e-05 -391.059)
(0.000819185 -1.99934e-07 -376.664)
(0.0007216 9.98932e-06 -360.334)
(0.000631345 1.88426e-05 -342.28)
(0.000543305 2.61026e-05 -322.717)
(0.000447154 3.1329e-05 -301.864)
(0.000326175 3.52519e-05 -279.949)
(0.000159201 3.88632e-05 -257.213)
(-7.11073e-05 4.46192e-05 -233.911)
(-0.000368703 5.25384e-05 -210.325)
(-0.000715387 7.65044e-05 -186.767)
(-0.00106448 0.000105911 -163.574)
(-0.00135725 0.000138038 -141.098)
(-0.00154833 0.000165762 -119.684)
(-0.00162745 0.000184375 -99.6468)
(-0.00162052 0.000194237 -81.2517)
(-0.00157081 0.00019852 -64.7199)
(-0.00151405 0.000201689 -50.2431)
(-0.00145511 0.000201657 -38.0092)
(-0.00135516 0.000194354 -28.2262)
(-0.00111557 0.000133382 -21.1188)
(-0.000899057 7.57046e-05 -16.6312)
(0.00188357 0.00112782 -424.233)
(0.000681797 0.000421379 -416.352)
(0.000777282 0.000475276 -406.383)
(0.00070693 0.000430943 -394.062)
(0.000647197 0.000393015 -379.584)
(0.000591517 0.000358811 -363.154)
(0.000539601 0.000326709 -344.982)
(0.000488702 0.000295451 -325.284)
(0.000433069 0.00026102 -304.282)
(0.000363275 0.000218538 -282.205)
(0.000267678 0.000161086 -259.291)
(0.000136168 8.13389e-05 -235.801)
(-3.56218e-05 -2.17899e-05 -212.016)
(-0.00022664 -0.000136546 -188.251)
(-0.000418874 -0.000253017 -164.847)
(-0.000578536 -0.000351789 -142.162)
(-0.000680894 -0.000419015 -120.547)
(-0.000719799 -0.00045148 -100.323)
(-0.000707308 -0.00045726 -81.7588)
(-0.00066593 -0.00045003 -65.0799)
(-0.000615445 -0.000441786 -50.4797)
(-0.000568469 -0.000433497 -38.1479)
(-0.000522989 -0.000419945 -28.2939)
(-0.000463549 -0.000381266 -21.1426)
(-0.000504203 -0.000389542 -16.6354)
(0.00195854 0.00113076 -421.524)
(0.000945121 0.000545665 -413.684)
(0.00102662 0.000592719 -403.746)
(0.000923114 0.00053296 -391.477)
(0.000834784 0.000481963 -377.069)
(0.000753139 0.000434824 -360.724)
(0.00067728 0.000391028 -342.653)
(0.000603663 0.000348524 -323.07)
(0.000524056 0.000302564 -302.196)
(0.00042553 0.00024568 -280.258)
(0.000291415 0.000168248 -257.496)
(0.000106054 6.12305e-05 -234.168)
(-0.000134886 -7.78765e-05 -210.555)
(-0.000411855 -0.000237784 -186.969)
(-0.000693202 -0.00040022 -163.747)
(-0.000931601 -0.00053786 -141.243)
(-0.00109022 -0.000629441 -119.802)
(-0.00115918 -0.000669252 -99.7396)
(-0.0011569 -0.000667937 -81.322)
(-0.00111676 -0.000644764 -64.7708)
(-0.00106822 -0.000616739 -50.2779)
(-0.00102026 -0.000589044 -38.0313)
(-0.000958507 -0.000553394 -28.2392)
(-0.000822399 -0.000474812 -21.1256)
(-0.000785851 -0.000453711 -16.6334)
(0.000961557 0.000555153 -423.629)
(0.000910165 0.000525483 -415.757)
(0.000874562 0.000504927 -405.794)
(0.000775001 0.000447446 -393.483)
(0.000685453 0.000395745 -379.02)
(0.000602926 0.000348098 -362.608)
(0.000526056 0.000303717 -344.458)
(0.000450414 0.000260046 -324.785)
(0.000366946 0.000211856 -303.811)
(0.000261512 0.000150984 -281.764)
(0.000116364 6.71826e-05 -258.885)
(-8.44461e-05 -4.87549e-05 -235.43)
(-0.000341406 -0.00019711 -211.684)
(-0.000637976 -0.000368335 -187.959)
(-0.00093628 -0.00054056 -164.596)
(-0.00118692 -0.000685265 -141.952)
(-0.0013536 -0.000781497 -120.377)
(-0.00142892 -0.000824987 -100.19)
(-0.00143614 -0.000829156 -81.6591)
(-0.00141066 -0.000814443 -65.0095)
(-0.00138367 -0.000798862 -50.4339)
(-0.00135178 -0.000780451 -38.1216)
(-0.0012802 -0.000739122 -28.2818)
(-0.00107851 -0.000622677 -21.1392)
(-0.000871137 -0.00050295 -16.6353)
(0.000853602 0.000667925 -421.09)
(0.000489387 0.000973526 -413.249)
(0.000476855 0.000929429 -403.319)
(0.000431705 0.00081651 -391.059)
(0.000389142 0.000717183 -376.663)
(0.000349851 0.000625911 -360.334)
(0.000312808 0.000541435 -342.28)
(0.000275233 0.000459779 -322.717)
(0.000231791 0.000371647 -301.864)
(0.000174497 0.000262613 -279.949)
(9.36318e-05 0.000113652 -257.212)
(-1.66295e-05 -9.25517e-05 -233.911)
(-0.000158411 -0.000358091 -210.325)
(-0.000311231 -0.000674916 -186.767)
(-0.000460487 -0.00099753 -163.574)
(-0.000579208 -0.00127382 -141.098)
(-0.000651048 -0.00146147 -119.684)
(-0.000674888 -0.00154953 -99.6468)
(-0.000663457 -0.00156179 -81.2517)
(-0.000634883 -0.00153753 -64.7199)
(-0.000603859 -0.00151092 -50.2431)
(-0.000574547 -0.00147877 -38.0092)
(-0.000531803 -0.00140179 -28.2263)
(-0.000463292 -0.00115857 -21.1188)
(-0.000394212 -0.000920814 -16.6312)
(-0.00100066 -0.000420551 -421.091)
(-0.00109976 5.36616e-05 -413.249)
(-0.00105577 3.99215e-05 -403.319)
(-0.000937239 2.15771e-05 -391.059)
(-0.000831875 7.59777e-06 -376.664)
(-0.000734745 -4.22223e-06 -360.334)
(-0.000644989 -1.42575e-05 -342.28)
(-0.00055733 -2.19617e-05 -322.717)
(-0.000461568 -2.74596e-05 -301.864)
(-0.000340792 -3.04898e-05 -279.949)
(-0.000173949 -3.34827e-05 -257.213)
(5.53991e-05 -3.7729e-05 -233.911)
(0.000352885 -4.43996e-05 -210.325)
(0.000699216 -6.58052e-05 -186.767)
(0.00104781 -9.18305e-05 -163.574)
(0.00134011 -0.00011948 -141.098)
(0.00153061 -0.000141577 -119.684)
(0.00160945 -0.000153239 -99.6468)
(0.00160313 -0.000154135 -81.2517)
(0.00155584 -0.000148733 -64.72)
(0.00150412 -0.000141217 -50.2431)
(0.00145398 -0.000131798 -38.0092)
(0.00136499 -0.000117169 -28.2262)
(0.0011344 -6.36394e-05 -21.1188)
(0.000923555 -2.85706e-05 -16.6312)
(-0.000962126 -0.000555483 -423.629)
(-0.000936031 -0.000540417 -415.757)
(-0.00090199 -0.000520763 -405.794)
(-0.000805618 -0.000465123 -393.483)
(-0.000719508 -0.000415407 -379.02)
(-0.000639988 -0.000369496 -362.608)
(-0.000566338 -0.000326974 -344.458)
(-0.000494083 -0.000285258 -324.785)
(-0.000414384 -0.000239244 -303.811)
(-0.000312766 -0.000180575 -281.764)
(-0.000171516 -9.90246e-05 -258.885)
(2.16452e-05 1.24968e-05 -235.43)
(0.000273428 0.000157863 -211.684)
(0.000562643 0.000324841 -187.959)
(0.000852214 0.000492025 -164.596)
(0.00109251 0.000630758 -141.952)
(0.00124591 0.000719322 -120.377)
(0.00130507 0.000753482 -100.19)
(0.00129245 0.000746194 -81.6592)
(0.00124536 0.000719006 -65.0095)
(0.00119346 0.000689045 -50.4339)
(0.00114598 0.000661628 -38.1216)
(0.00106981 0.000617653 -28.2818)
(0.000892595 0.000515339 -21.1392)
(0.000736441 0.000425183 -16.6353)
)
;

boundaryField
{
    outletCentralUnloaded
    {
        type            zeroGradient;
    }
    inletCentralUnloaded
    {
        type            fixedValue;
        value           uniform (0 0 -15);
    }
    outletFuelElement
    {
        type            zeroGradient;
    }
    inletFuelElement
    {
        type            fixedValue;
        value           uniform (0 0 -15);
    }
    defaultFaces
    {
        type            slip;
    }
    baffle_master
    {
        type            slip;
    }
    baffle_slave
    {
        type            slip;
    }
}


// ************************************************************************* //
