/*--------------------------------*- C++ -*----------------------------------*\
| =========                 |                                                 |
| \\      /  F ield         | OpenFOAM: The Open Source CFD Toolbox           |
|  \\    /   O peration     | Version:  2212                                  |
|   \\  /    A nd           | Website:  www.openfoam.com                      |
|    \\/     M anipulation  |                                                 |
\*---------------------------------------------------------------------------*/
FoamFile
{
    version     2.0;
    format      ascii;
    arch        "LSB;label=32;scalar=64";
    class       volScalarField;
    location    "19/neutroRegion";
    object      TCool;
}
// * * * * * * * * * * * * * * * * * * * * * * * * * * * * * * * * * * * * * //

dimensions      [0 0 0 1 0 0 0];

internalField   nonuniform List<scalar> 
350
(
83.2883
83.2888
83.2893
83.2898
83.2903
83.2908
83.2913
83.2918
83.2923
83.2928
83.2933
83.2938
83.2943
83.2948
83.2953
83.2958
83.2963
83.2967
83.2972
83.2977
83.2982
83.2987
83.2992
83.2996
83.3
83.2883
83.2888
83.2893
83.2898
83.2903
83.2908
83.2913
83.2918
83.2923
83.2928
83.2933
83.2938
83.2943
83.2948
83.2953
83.2958
83.2963
83.2967
83.2972
83.2977
83.2982
83.2987
83.2992
83.2996
83.3
1534.56
1535.44
1525.13
1503.81
1471.75
1429.38
1377.24
1315.99
1246.42
1169.46
1086.21
997.909
905.978
812.006
717.704
624.836
535.118
450.14
371.313
299.885
236.987
183.707
141.086
109.978
90.7667
1556.48
1557.7
1547.54
1526.17
1493.89
1451.1
1398.36
1336.33
1265.81
1187.74
1103.22
1013.51
920.045
824.445
728.461
633.904
542.546
456.026
375.796
303.133
239.186
185.058
141.799
110.267
90.8288
1530.98
1531.82
1521.5
1500.19
1468.19
1425.91
1373.87
1312.75
1243.35
1166.58
1083.54
995.472
903.791
810.082
716.049
623.448
533.988
449.25
370.64
299.401
236.662
183.508
140.981
109.935
90.7567
1551.56
1552.69
1542.48
1521.11
1488.87
1446.17
1393.55
1331.69
1261.38
1183.56
1099.33
1009.93
916.814
821.584
725.984
631.814
540.832
454.666
374.76
302.382
238.677
184.745
141.634
110.2
90.8145
1551.56
1552.69
1542.48
1521.11
1488.87
1446.17
1393.55
1331.69
1261.38
1183.56
1099.33
1009.93
916.814
821.584
725.984
631.814
540.832
454.666
374.76
302.382
238.677
184.745
141.634
110.2
90.8145
1530.98
1531.82
1521.5
1500.19
1468.19
1425.91
1373.87
1312.76
1243.35
1166.59
1083.54
995.473
903.792
810.082
716.05
623.449
533.989
449.25
370.64
299.401
236.662
183.509
140.981
109.935
90.7567
1556.48
1557.7
1547.54
1526.17
1493.89
1451.1
1398.36
1336.33
1265.81
1187.74
1103.22
1013.51
920.045
824.445
728.461
633.904
542.546
456.026
375.796
303.133
239.186
185.058
141.799
110.267
90.8288
1534.56
1535.44
1525.13
1503.81
1471.75
1429.38
1377.24
1315.99
1246.42
1169.46
1086.21
997.909
905.978
812.006
717.704
624.836
535.118
450.14
371.313
299.885
236.987
183.707
141.086
109.978
90.7667
1551.56
1552.69
1542.48
1521.11
1488.87
1446.17
1393.55
1331.69
1261.38
1183.56
1099.33
1009.93
916.814
821.584
725.984
631.814
540.832
454.666
374.76
302.382
238.677
184.745
141.634
110.2
90.8145
1530.98
1531.82
1521.5
1500.19
1468.19
1425.9
1373.87
1312.75
1243.35
1166.58
1083.54
995.472
903.791
810.081
716.049
623.448
533.988
449.25
370.64
299.401
236.662
183.508
140.981
109.935
90.7567
1530.98
1531.82
1521.5
1500.19
1468.19
1425.91
1373.87
1312.76
1243.35
1166.59
1083.54
995.473
903.792
810.082
716.05
623.449
533.989
449.25
370.64
299.401
236.662
183.509
140.981
109.935
90.7567
1551.56
1552.69
1542.48
1521.11
1488.87
1446.17
1393.55
1331.69
1261.38
1183.56
1099.33
1009.93
916.814
821.584
725.984
631.814
540.832
454.666
374.76
302.382
238.677
184.745
141.634
110.2
90.8145
)
;

boundaryField
{
    outletCentralUnloaded
    {
        type            zeroGradient;
    }
    inletCentralUnloaded
    {
        type            zeroGradient;
    }
    outletFuelElement
    {
        type            zeroGradient;
    }
    inletFuelElement
    {
        type            zeroGradient;
    }
    defaultFaces
    {
        type            zeroGradient;
    }
}


// ************************************************************************* //
