/*--------------------------------*- C++ -*----------------------------------*\
| =========                 |                                                 |
| \\      /  F ield         | OpenFOAM: The Open Source CFD Toolbox           |
|  \\    /   O peration     | Version:  2212                                  |
|   \\  /    A nd           | Website:  www.openfoam.com                      |
|    \\/     M anipulation  |                                                 |
\*---------------------------------------------------------------------------*/
FoamFile
{
    version     2.0;
    format      ascii;
    arch        "LSB;label=32;scalar=64";
    class       volVectorField;
    location    "90/fluidRegion";
    object      U;
}
// * * * * * * * * * * * * * * * * * * * * * * * * * * * * * * * * * * * * * //

dimensions      [0 1 -1 0 0 0 0];

internalField   nonuniform List<vector> 
350
(
(4.1104e-10 2.37313e-10 -14.968)
(1.81847e-11 1.04989e-11 -14.9668)
(-5.26206e-10 -3.03804e-10 -14.9656)
(-5.43041e-10 -3.13524e-10 -14.9644)
(1.92971e-10 1.11412e-10 -14.9632)
(1.21325e-09 7.00471e-10 -14.9621)
(1.6145e-09 9.32129e-10 -14.9609)
(7.76657e-10 4.48402e-10 -14.9597)
(-1.00527e-09 -5.8039e-10 -14.9585)
(-2.63475e-09 -1.52117e-09 -14.9573)
(-2.96134e-09 -1.70972e-09 -14.956)
(-1.70217e-09 -9.82746e-10 -14.9548)
(3.55837e-10 2.05442e-10 -14.9535)
(1.91764e-09 1.10715e-09 -14.9523)
(2.13182e-09 1.23081e-09 -14.951)
(1.08775e-09 6.28014e-10 -14.9497)
(-3.50984e-10 -2.0264e-10 -14.9485)
(-1.19624e-09 -6.90648e-10 -14.9472)
(-9.79536e-10 -5.65534e-10 -14.9459)
(4.46586e-11 2.57836e-11 -14.9446)
(1.19169e-09 6.88019e-10 -14.9434)
(1.88087e-09 1.08592e-09 -14.9421)
(1.70104e-09 9.8209e-10 -14.9409)
(2.38852e-10 1.37901e-10 -14.9397)
(-1.50256e-09 -8.67502e-10 -14.9696)
(4.1104e-10 2.37313e-10 -14.968)
(1.81846e-11 1.04989e-11 -14.9668)
(-5.26206e-10 -3.03804e-10 -14.9656)
(-5.43041e-10 -3.13524e-10 -14.9644)
(1.92971e-10 1.11412e-10 -14.9632)
(1.21325e-09 7.00471e-10 -14.9621)
(1.6145e-09 9.32129e-10 -14.9609)
(7.76657e-10 4.48402e-10 -14.9597)
(-1.00527e-09 -5.8039e-10 -14.9585)
(-2.63475e-09 -1.52117e-09 -14.9573)
(-2.96134e-09 -1.70972e-09 -14.956)
(-1.70217e-09 -9.82746e-10 -14.9548)
(3.55837e-10 2.05442e-10 -14.9535)
(1.91764e-09 1.10715e-09 -14.9523)
(2.13182e-09 1.23081e-09 -14.951)
(1.08775e-09 6.28014e-10 -14.9497)
(-3.50984e-10 -2.0264e-10 -14.9485)
(-1.19624e-09 -6.90648e-10 -14.9472)
(-9.79536e-10 -5.65534e-10 -14.9459)
(4.46586e-11 2.57836e-11 -14.9446)
(1.19169e-09 6.88019e-10 -14.9434)
(1.88087e-09 1.08592e-09 -14.9421)
(1.70104e-09 9.8209e-10 -14.9409)
(2.38852e-10 1.37901e-10 -14.9397)
(-1.50256e-09 -8.67502e-10 -14.9696)
(-0.00197594 -0.00114081 -423.83)
(-0.000937634 -0.000541343 -415.84)
(-0.00101585 -0.000586502 -405.734)
(-0.000914079 -0.000527743 -393.304)
(-0.000827398 -0.000477698 -378.742)
(-0.000747124 -0.000431352 -362.252)
(-0.000672811 -0.000388447 -344.042)
(-0.000600808 -0.000346876 -324.327)
(-0.000523095 -0.000302009 -303.327)
(-0.000426493 -0.000246236 -281.271)
(-0.000294435 -0.000169992 -258.398)
(-0.000110662 -6.38906e-05 -234.963)
(0.000129692 7.48778e-05 -211.249)
(0.00040711 0.000235045 -187.566)
(0.000690109 0.000398435 -164.253)
(0.000930909 0.00053746 -141.663)
(0.0010922 0.00063058 -120.144)
(0.00116409 0.000672087 -100.011)
(0.00116605 0.000673221 -81.5298)
(0.00113251 0.000653853 -64.9233)
(0.00109453 0.000631927 -50.3826)
(0.00105954 0.000611722 -38.0956)
(0.00101175 0.000584135 -28.2707)
(0.000880329 0.000508258 -21.1346)
(0.000839622 0.000484755 -16.6338)
(-0.00190167 -0.00114338 -426.564)
(-0.000674688 -0.000425645 -418.531)
(-0.000763399 -0.000481628 -408.392)
(-0.000691729 -0.00044276 -395.908)
(-0.000630805 -0.000410368 -381.276)
(-0.000574201 -0.000380473 -364.698)
(-0.00052144 -0.000352893 -346.386)
(-0.000469671 -0.00032638 -326.555)
(-0.000413062 -0.000297374 -305.427)
(-0.000342128 -0.00026048 -283.23)
(-0.000245429 -0.000209324 -260.203)
(-0.000111728 -0.000136938 -236.605)
(6.36955e-05 -4.19138e-05 -212.718)
(0.000259168 6.45891e-05 -188.856)
(0.000457574 0.00017203 -165.359)
(0.000624817 0.000260807 -142.588)
(0.000736232 0.00031659 -120.894)
(0.000785876 0.00033657 -100.597)
(0.000787942 0.00032897 -81.9692)
(0.000765498 0.000309316 -65.2343)
(0.000740602 0.000291007 -50.5858)
(0.000717992 0.000283048 -38.2129)
(0.000692931 0.000280421 -28.3258)
(0.00062781 0.000269843 -21.1517)
(0.000641241 0.000319261 -16.6358)
(-0.00085608 -0.000664067 -423.393)
(-0.000481267 -0.000962237 -415.402)
(-0.000466152 -0.000922065 -405.304)
(-0.000420627 -0.000812999 -392.883)
(-0.00037822 -0.000717264 -378.334)
(-0.000339364 -0.000629199 -361.859)
(-0.000302955 -0.000548189 -343.666)
(-0.000266313 -0.000470266 -323.971)
(-0.000223998 -0.000386526 -302.993)
(-0.0001679 -0.000282273 -280.961)
(-8.88445e-05 -0.000138248 -258.112)
(1.98627e-05 6.26273e-05 -234.704)
(0.000161122 0.000323297 -211.017)
(0.000313214 0.000636129 -187.363)
(0.000462322 0.000954874 -164.079)
(0.000580972 0.00122675 -141.518)
(0.000652182 0.00140793 -120.026)
(0.000674661 0.00148664 -99.9173)
(0.000661996 0.00148492 -81.4591)
(0.000632726 0.00144257 -64.8722)
(0.000601833 0.00139211 -50.3477)
(0.000572909 0.00133864 -38.0734)
(0.000531216 0.00124546 -28.2578)
(0.000462286 0.00100901 -21.1277)
(0.000398787 0.00079871 -16.6315)
(-0.000961515 -0.000555129 -425.954)
(-0.000899351 -0.000519239 -417.931)
(-0.000864994 -0.000499403 -407.798)
(-0.000768278 -0.000443564 -395.325)
(-0.000682093 -0.000393805 -380.707)
(-0.000603017 -0.000348151 -364.148)
(-0.000529906 -0.00030594 -345.858)
(-0.000458796 -0.000264885 -326.053)
(-0.000380573 -0.000219723 -304.953)
(-0.000280951 -0.000162206 -282.787)
(-0.000142272 -8.21408e-05 -259.794)
(5.03988e-05 2.90977e-05 -236.232)
(0.000300778 0.000173654 -212.384)
(0.00059028 0.000340797 -188.562)
(0.000881469 0.000508915 -165.107)
(0.00112411 0.000649006 -142.377)
(0.0012802 0.000739121 -120.723)
(0.0013417 0.000774627 -100.463)
(0.00133127 0.000768607 -81.8689)
(0.00128558 0.000742225 -65.1634)
(0.00123445 0.000712708 -50.5396)
(0.00118383 0.00068348 -38.1865)
(0.00110125 0.000635804 -28.3137)
(0.000913653 0.000527496 -21.1483)
(0.000745976 0.000430688 -16.6356)
(0.000960331 0.000554446 -425.954)
(0.000921481 0.000532016 -417.931)
(0.000886027 0.000511547 -407.798)
(0.000789381 0.000455748 -395.325)
(0.000702261 0.00040545 -380.708)
(0.000621994 0.000359108 -364.148)
(0.00054755 0.000316127 -345.858)
(0.00047427 0.000273819 -326.053)
(0.00039341 0.000227135 -304.953)
(0.000290611 0.000167784 -282.787)
(0.000147663 8.52533e-05 -259.794)
(-5.00915e-05 -2.89203e-05 -236.232)
(-0.000306353 -0.000176873 -212.384)
(-0.000602131 -0.00034764 -188.562)
(-0.000899851 -0.000519528 -165.107)
(-0.00114906 -0.000663408 -142.377)
(-0.0013118 -0.000757369 -120.723)
(-0.0013798 -0.000796625 -100.463)
(-0.00137481 -0.000793744 -81.8689)
(-0.00133316 -0.000769698 -65.1634)
(-0.00128442 -0.000741557 -50.5396)
(-0.00123254 -0.000711606 -38.1865)
(-0.00114568 -0.000661459 -28.3137)
(-0.00094807 -0.000547367 -21.1483)
(-0.000768133 -0.000443481 -16.6356)
(0.000996695 0.000430063 -423.394)
(0.00108297 -4.86869e-05 -415.402)
(0.00103912 -3.92307e-05 -405.304)
(0.000921623 -2.27109e-05 -392.884)
(0.00081678 -1.04176e-05 -378.334)
(0.000720181 1.35002e-06 -361.859)
(0.000630734 1.19822e-05 -343.667)
(0.00054343 2.08779e-05 -323.971)
(0.000447906 2.81415e-05 -302.994)
(0.000327355 3.40486e-05 -280.961)
(0.000160324 3.99374e-05 -258.112)
(-7.11423e-05 4.84907e-05 -234.704)
(-0.000371217 5.90962e-05 -211.017)
(-0.000722091 8.64051e-05 -187.363)
(-0.00107677 0.000119267 -164.079)
(-0.00137564 0.000154725 -141.518)
(-0.00157222 0.000185132 -120.026)
(-0.00165539 0.000205082 -99.9173)
(-0.00165073 0.000214014 -81.4591)
(-0.00160154 0.000214707 -64.8722)
(-0.00154342 0.000210586 -50.3477)
(-0.00148134 0.000200958 -38.0733)
(-0.0013765 0.000181277 -28.2577)
(-0.00112985 0.000113436 -21.1277)
(-0.000905636 5.08759e-05 -16.6315)
(0.00192802 0.00110455 -426.564)
(0.000708696 0.000377243 -418.531)
(0.000799995 0.000430092 -408.392)
(0.000729887 0.000389203 -395.908)
(0.000670163 0.000354798 -381.276)
(0.000614574 0.000323338 -364.698)
(0.000562718 0.00029452 -346.386)
(0.000511731 0.000266645 -326.555)
(0.000455792 0.000236625 -305.427)
(0.000385378 0.000198908 -283.23)
(0.000288825 0.000146856 -260.203)
(0.000154834 7.37987e-05 -236.605)
(-2.11505e-05 -2.2469e-05 -212.718)
(-0.000217932 -0.000129757 -188.856)
(-0.000418502 -0.000238204 -165.359)
(-0.000589293 -0.000328284 -142.588)
(-0.000706589 -0.000385694 -120.894)
(-0.000765713 -0.000407139 -100.597)
(-0.000782118 -0.000400418 -81.9692)
(-0.000780641 -0.000379564 -65.2343)
(-0.000785523 -0.0003567 -50.5858)
(-0.000797717 -0.000337565 -38.2129)
(-0.000805688 -0.000322446 -28.3258)
(-0.000754466 -0.000294599 -21.1517)
(-0.000760412 -0.000326973 -16.6358)
(0.00197667 0.00114123 -423.83)
(0.000939085 0.00054218 -415.84)
(0.00101756 0.000587489 -405.734)
(0.00091589 0.000528789 -393.304)
(0.000829184 0.000478729 -378.742)
(0.000748921 0.000432389 -362.252)
(0.000674644 0.000389506 -344.041)
(0.000602614 0.000347919 -324.327)
(0.000524918 0.000303061 -303.327)
(0.000428296 0.000247276 -281.271)
(0.00029605 0.000170924 -258.398)
(0.000111945 6.46315e-05 -234.963)
(-0.000128976 -7.44644e-05 -211.249)
(-0.000407169 -0.000235079 -187.566)
(-0.000691391 -0.000399174 -164.253)
(-0.000934111 -0.000539309 -141.663)
(-0.00109844 -0.000634184 -120.144)
(-0.00117494 -0.000678351 -100.011)
(-0.00118364 -0.000683376 -81.5298)
(-0.00115951 -0.000669444 -64.9233)
(-0.00113452 -0.000655017 -50.3826)
(-0.00111365 -0.000642964 -38.0955)
(-0.00107965 -0.000623336 -28.2707)
(-0.000951462 -0.000549327 -21.1346)
(-0.000904046 -0.000521951 -16.6338)
(0.000986986 0.000569835 -425.954)
(0.000930459 0.000537199 -417.931)
(0.000898276 0.000518619 -407.798)
(0.000803041 0.000463635 -395.325)
(0.000717732 0.000414381 -380.707)
(0.000639531 0.000369233 -364.148)
(0.000567424 0.000327601 -345.858)
(0.00049699 0.000286937 -326.053)
(0.00041948 0.000242186 -304.953)
(0.000320592 0.000185094 -282.787)
(0.000182287 0.000105243 -259.794)
(-1.04118e-05 -6.01117e-06 -236.232)
(-0.000260305 -0.000150286 -212.384)
(-0.000549089 -0.000317015 -188.562)
(-0.000838656 -0.000484197 -165.107)
(-0.00107835 -0.000622583 -142.377)
(-0.00122944 -0.000709818 -120.723)
(-0.00128318 -0.000740842 -100.463)
(-0.00125982 -0.000727355 -81.8689)
(-0.00119598 -0.000690499 -65.1634)
(-0.00111942 -0.000646293 -50.5396)
(-0.00104209 -0.000601652 -38.1865)
(-0.000936985 -0.000540967 -28.3137)
(-0.000749985 -0.000433002 -21.1483)
(-0.000617406 -0.000356458 -16.6356)
(0.000892163 0.000651878 -423.393)
(0.000526503 0.000945995 -415.402)
(0.000514648 0.000904515 -405.304)
(0.000471194 0.000794656 -392.883)
(0.000430277 0.000698284 -378.334)
(0.00039275 0.000609714 -361.859)
(0.000357608 0.000528272 -343.666)
(0.000321961 0.000449952 -323.971)
(0.000280524 0.000365891 -302.993)
(0.00022522 0.00026139 -280.961)
(0.000146459 0.000117287 -258.112)
(3.76478e-05 -8.34233e-05 -234.704)
(-0.000103907 -0.000343667 -211.017)
(-0.00025672 -0.000655455 -187.363)
(-0.000406714 -0.000972338 -164.079)
(-0.000526573 -0.00124102 -141.518)
(-0.000599538 -0.00141674 -120.026)
(-0.000624717 -0.00148656 -99.9173)
(-0.000615057 -0.00147103 -81.4591)
(-0.000589924 -0.00140881 -64.8722)
(-0.000563814 -0.00133038 -50.3477)
(-0.000540768 -0.00124542 -38.0734)
(-0.000504143 -0.00112435 -28.2578)
(-0.000440494 -0.00087908 -21.1278)
(-0.000390335 -0.000687053 -16.6315)
(-0.000986398 -0.000445144 -423.394)
(-0.00107103 2.99029e-05 -415.402)
(-0.00102645 1.94338e-05 -405.304)
(-0.000908423 2.2814e-06 -392.884)
(-0.000803209 -1.10057e-05 -378.334)
(-0.000706228 -2.3431e-05 -361.859)
(-0.000616367 -3.44207e-05 -343.666)
(-0.00052872 -4.39616e-05 -323.971)
(-0.000432823 -5.15819e-05 -302.994)
(-0.000311916 -5.77013e-05 -280.961)
(-0.000144595 -6.41542e-05 -258.112)
(8.69901e-05 -7.33682e-05 -234.704)
(0.000387552 -8.52095e-05 -211.017)
(0.000738919 -0.000113722 -187.363)
(0.00109425 -0.000148341 -164.079)
(0.00139385 -0.000186517 -141.518)
(0.00159107 -0.000221265 -120.026)
(0.00167428 -0.000247636 -99.9173)
(0.00166868 -0.000265249 -81.4591)
(0.00161613 -0.000276835 -64.8721)
(0.00155162 -0.000285399 -50.3477)
(0.00147888 -0.000285531 -38.0733)
(0.0013608 -0.000272749 -28.2577)
(0.00110319 -0.00019781 -21.1277)
(0.000870407 -0.0001169 -16.6315)
(-0.000945423 -0.000545839 -425.954)
(-0.000903822 -0.00052182 -417.931)
(-0.000867097 -0.000500617 -407.798)
(-0.000769519 -0.000444281 -395.325)
(-0.000682015 -0.000393761 -380.707)
(-0.00060125 -0.000347131 -364.148)
(-0.000526083 -0.000303734 -345.858)
(-0.000452387 -0.000261185 -326.053)
(-0.000370949 -0.000214167 -304.953)
(-0.00026752 -0.000154452 -282.787)
(-0.00012423 -7.17242e-05 -259.794)
(7.33998e-05 4.23774e-05 -236.232)
(0.000330186 0.000190632 -212.384)
(0.000626624 0.000361781 -188.562)
(0.000925503 0.000534338 -165.107)
(0.00117643 0.000679209 -142.377)
(0.00134138 0.000774444 -120.723)
(0.00141182 0.000815112 -100.463)
(0.0014102 0.000814179 -81.8689)
(0.00137149 0.000791826 -65.1634)
(0.00132533 0.000765179 -50.5396)
(0.00127291 0.000734913 -38.1864)
(0.00118153 0.000682154 -28.3137)
(0.000973624 0.000562121 -21.1483)
(0.000775666 0.00044783 -16.6356)
)
;

boundaryField
{
    outletCentralUnloaded
    {
        type            zeroGradient;
    }
    inletCentralUnloaded
    {
        type            fixedValue;
        value           uniform (0 0 -15);
    }
    outletFuelElement
    {
        type            zeroGradient;
    }
    inletFuelElement
    {
        type            fixedValue;
        value           uniform (0 0 -15);
    }
    defaultFaces
    {
        type            slip;
    }
    baffle_master
    {
        type            slip;
    }
    baffle_slave
    {
        type            slip;
    }
}


// ************************************************************************* //
