/*--------------------------------*- C++ -*----------------------------------*\
| =========                 |                                                 |
| \\      /  F ield         | OpenFOAM: The Open Source CFD Toolbox           |
|  \\    /   O peration     | Version:  2212                                  |
|   \\  /    A nd           | Website:  www.openfoam.com                      |
|    \\/     M anipulation  |                                                 |
\*---------------------------------------------------------------------------*/
FoamFile
{
    version     2.0;
    format      ascii;
    arch        "LSB;label=32;scalar=64";
    class       volScalarField;
    location    "24/fluidRegion";
    object      alphat;
}
// * * * * * * * * * * * * * * * * * * * * * * * * * * * * * * * * * * * * * //

dimensions      [1 -1 -1 0 0 0 0];

internalField   nonuniform List<scalar> 
350
(
0.00258486
0.00258486
0.00258486
0.00258487
0.00258487
0.00258487
0.00258488
0.00258488
0.00258489
0.00258491
0.00258494
0.00258497
0.00258503
0.00258512
0.00258526
0.00258547
0.00258579
0.00258628
0.00258702
0.00258816
0.00258991
0.00259257
0.00259664
0.00260286
0.00261237
0.00258486
0.00258486
0.00258486
0.00258487
0.00258487
0.00258487
0.00258488
0.00258488
0.00258489
0.00258491
0.00258494
0.00258497
0.00258503
0.00258512
0.00258526
0.00258547
0.00258579
0.00258628
0.00258702
0.00258816
0.00258991
0.00259257
0.00259664
0.00260286
0.00261237
0.000888747
0.000876602
0.000864866
0.000853018
0.000840953
0.000828565
0.000815755
0.00080243
0.000788514
0.000773953
0.000758723
0.000742833
0.000726321
0.000709248
0.000691682
0.00067372
0.000655567
0.000637739
0.000621507
0.000609792
0.000608953
0.000631819
0.000699248
0.000826235
0.000988658
0.000881244
0.000869103
0.000857391
0.000845575
0.000833549
0.000821209
0.000808454
0.00079519
0.000781342
0.000766854
0.000751706
0.000735912
0.00071952
0.000702599
0.000685229
0.000667513
0.000649651
0.000632148
0.000616254
0.000604871
0.00060435
0.000627566
0.000695593
0.000823799
0.000988017
0.000889948
0.000877793
0.000866048
0.000854191
0.000842115
0.000829714
0.000816891
0.000803552
0.00078962
0.000775043
0.000759795
0.000743884
0.000727348
0.000710244
0.00069264
0.000674633
0.000656427
0.000638541
0.000622246
0.000610469
0.000609569
0.000632371
0.000699715
0.000826551
0.000988776
0.000882968
0.00087083
0.000859114
0.000847294
0.000835261
0.000822912
0.000810146
0.000796869
0.000783005
0.000768501
0.000753334
0.000737517
0.000721097
0.00070414
0.000686725
0.000668952
0.000651022
0.000633444
0.000617472
0.000606012
0.000605417
0.000628553
0.000696442
0.000824367
0.000988167
0.000882968
0.00087083
0.000859114
0.000847294
0.000835261
0.000822912
0.000810146
0.000796869
0.000783005
0.000768501
0.000753334
0.000737517
0.000721097
0.00070414
0.000686725
0.000668952
0.000651022
0.000633444
0.000617472
0.000606012
0.000605417
0.000628553
0.000696442
0.000824367
0.000988167
0.000889948
0.000877793
0.000866048
0.000854191
0.000842114
0.000829714
0.00081689
0.000803551
0.00078962
0.000775043
0.000759794
0.000743883
0.000727347
0.000710243
0.00069264
0.000674632
0.000656426
0.00063854
0.000622246
0.000610468
0.000609568
0.00063237
0.000699715
0.000826552
0.000988778
0.000881244
0.000869103
0.000857391
0.000845575
0.000833549
0.000821209
0.000808454
0.00079519
0.000781342
0.000766854
0.000751706
0.000735912
0.00071952
0.000702599
0.000685229
0.000667513
0.000649651
0.000632148
0.000616254
0.000604871
0.00060435
0.000627566
0.000695593
0.000823799
0.000988017
0.000888747
0.000876602
0.000864866
0.000853019
0.000840953
0.000828565
0.000815755
0.00080243
0.000788514
0.000773953
0.000758723
0.000742833
0.000726322
0.000709248
0.000691682
0.00067372
0.000655567
0.000637739
0.000621507
0.000609792
0.000608953
0.000631818
0.000699247
0.000826233
0.000988655
0.000882968
0.00087083
0.000859114
0.000847294
0.000835261
0.000822912
0.000810146
0.000796869
0.000783005
0.000768501
0.000753334
0.000737517
0.000721097
0.00070414
0.000686725
0.000668952
0.000651022
0.000633444
0.000617472
0.000606012
0.000605417
0.000628553
0.000696442
0.000824367
0.000988166
0.000889948
0.000877793
0.000866048
0.000854191
0.000842115
0.000829715
0.000816891
0.000803552
0.000789621
0.000775043
0.000759795
0.000743884
0.000727348
0.000710244
0.00069264
0.000674633
0.000656427
0.00063854
0.000622246
0.000610468
0.000609568
0.00063237
0.000699713
0.000826549
0.000988773
0.000889948
0.000877793
0.000866048
0.000854191
0.000842114
0.000829714
0.000816891
0.000803551
0.00078962
0.000775043
0.000759794
0.000743883
0.000727347
0.000710243
0.00069264
0.000674632
0.000656426
0.00063854
0.000622245
0.000610468
0.000609567
0.00063237
0.000699714
0.00082655
0.000988776
0.000882968
0.00087083
0.000859115
0.000847294
0.000835262
0.000822913
0.000810146
0.000796869
0.000783006
0.000768501
0.000753334
0.000737517
0.000721097
0.00070414
0.000686725
0.000668952
0.000651022
0.000633444
0.000617471
0.000606011
0.000605416
0.000628552
0.00069644
0.000824364
0.000988163
)
;

boundaryField
{
    outletCentralUnloaded
    {
        type            zeroGradient;
    }
    inletCentralUnloaded
    {
        type            zeroGradient;
    }
    outletFuelElement
    {
        type            zeroGradient;
    }
    inletFuelElement
    {
        type            zeroGradient;
    }
    defaultFaces
    {
        type            zeroGradient;
    }
    baffle_master
    {
        type            calculated;
        value           nonuniform List<scalar> 
150
(
0.00258486
0.00258486
0.00258486
0.00258486
0.00258486
0.00258486
0.00258486
0.00258486
0.00258486
0.00258487
0.00258487
0.00258487
0.00258487
0.00258487
0.00258487
0.00258487
0.00258487
0.00258487
0.00258488
0.00258488
0.00258488
0.00258488
0.00258488
0.00258488
0.00258489
0.00258489
0.00258489
0.00258491
0.00258491
0.00258491
0.00258494
0.00258494
0.00258494
0.00258497
0.00258497
0.00258497
0.00258503
0.00258503
0.00258503
0.00258512
0.00258512
0.00258512
0.00258526
0.00258526
0.00258526
0.00258547
0.00258547
0.00258547
0.00258579
0.00258579
0.00258579
0.00258628
0.00258628
0.00258628
0.00258702
0.00258702
0.00258702
0.00258816
0.00258816
0.00258816
0.00258991
0.00258991
0.00258991
0.00259257
0.00259257
0.00259257
0.00259664
0.00259664
0.00259664
0.00260286
0.00260286
0.00260286
0.00261237
0.00261237
0.00261237
0.00258486
0.00258486
0.00258486
0.00258486
0.00258486
0.00258486
0.00258486
0.00258486
0.00258486
0.00258487
0.00258487
0.00258487
0.00258487
0.00258487
0.00258487
0.00258487
0.00258487
0.00258487
0.00258488
0.00258488
0.00258488
0.00258488
0.00258488
0.00258488
0.00258489
0.00258489
0.00258489
0.00258491
0.00258491
0.00258491
0.00258494
0.00258494
0.00258494
0.00258497
0.00258497
0.00258497
0.00258503
0.00258503
0.00258503
0.00258512
0.00258512
0.00258512
0.00258526
0.00258526
0.00258526
0.00258547
0.00258547
0.00258547
0.00258579
0.00258579
0.00258579
0.00258628
0.00258628
0.00258628
0.00258702
0.00258702
0.00258702
0.00258816
0.00258816
0.00258816
0.00258991
0.00258991
0.00258991
0.00259257
0.00259257
0.00259257
0.00259664
0.00259664
0.00259664
0.00260286
0.00260286
0.00260286
0.00261237
0.00261237
0.00261237
)
;
    }
    baffle_slave
    {
        type            calculated;
        value           nonuniform List<scalar> 
150
(
0.000881244
0.000882968
0.000882968
0.000869103
0.00087083
0.00087083
0.000857391
0.000859114
0.000859115
0.000845575
0.000847294
0.000847294
0.000833549
0.000835261
0.000835262
0.000821209
0.000822912
0.000822913
0.000808454
0.000810146
0.000810146
0.00079519
0.000796869
0.000796869
0.000781342
0.000783005
0.000783006
0.000766854
0.000768501
0.000768501
0.000751706
0.000753334
0.000753334
0.000735912
0.000737517
0.000737517
0.00071952
0.000721097
0.000721097
0.000702599
0.00070414
0.00070414
0.000685229
0.000686725
0.000686725
0.000667513
0.000668952
0.000668952
0.000649651
0.000651022
0.000651022
0.000632148
0.000633444
0.000633444
0.000616254
0.000617472
0.000617471
0.000604871
0.000606012
0.000606011
0.00060435
0.000605417
0.000605416
0.000627566
0.000628553
0.000628552
0.000695593
0.000696442
0.00069644
0.000823799
0.000824367
0.000824364
0.000988017
0.000988167
0.000988163
0.000882968
0.000881244
0.000882968
0.00087083
0.000869103
0.00087083
0.000859114
0.000857391
0.000859114
0.000847294
0.000845575
0.000847294
0.000835261
0.000833549
0.000835261
0.000822912
0.000821209
0.000822912
0.000810146
0.000808454
0.000810146
0.000796869
0.00079519
0.000796869
0.000783005
0.000781342
0.000783005
0.000768501
0.000766854
0.000768501
0.000753334
0.000751706
0.000753334
0.000737517
0.000735912
0.000737517
0.000721097
0.00071952
0.000721097
0.00070414
0.000702599
0.00070414
0.000686725
0.000685229
0.000686725
0.000668952
0.000667513
0.000668952
0.000651022
0.000649651
0.000651022
0.000633444
0.000632148
0.000633444
0.000617472
0.000616254
0.000617472
0.000606012
0.000604871
0.000606012
0.000605417
0.00060435
0.000605417
0.000628553
0.000627566
0.000628553
0.000696442
0.000695593
0.000696442
0.000824367
0.000823799
0.000824367
0.000988167
0.000988017
0.000988166
)
;
    }
}


// ************************************************************************* //
