/*--------------------------------*- C++ -*----------------------------------*\
| =========                 |                                                 |
| \\      /  F ield         | OpenFOAM: The Open Source CFD Toolbox           |
|  \\    /   O peration     | Version:  2212                                  |
|   \\  /    A nd           | Website:  www.openfoam.com                      |
|    \\/     M anipulation  |                                                 |
\*---------------------------------------------------------------------------*/
FoamFile
{
    version     2.0;
    format      ascii;
    arch        "LSB;label=32;scalar=64";
    class       volScalarField;
    location    "24/fluidRegion";
    object      epsilon;
}
// * * * * * * * * * * * * * * * * * * * * * * * * * * * * * * * * * * * * * //

dimensions      [0 2 -3 0 0 0 0];

internalField   nonuniform List<scalar> 
350
(
66.9219
66.9053
66.8888
66.8723
66.8559
66.8394
66.8231
66.8068
66.7907
66.7748
66.7592
66.7441
66.7297
66.7165
66.705
66.696
66.6911
66.6923
66.7028
66.7276
66.7742
66.8541
66.9849
67.1935
67.5208
66.9219
66.9053
66.8888
66.8723
66.8559
66.8394
66.8231
66.8068
66.7907
66.7748
66.7592
66.7441
66.7297
66.7165
66.705
66.696
66.6911
66.6923
66.7028
66.7276
66.7742
66.8541
66.9849
67.1935
67.5208
6.05575e+06
5.61795e+06
5.11945e+06
4.57377e+06
4.00415e+06
3.43249e+06
2.87832e+06
2.358e+06
1.88421e+06
1.46576e+06
1.10754e+06
810747
573291
390323
254973
159177
94549.8
53170.4
28158.3
13984.5
6523.62
2916.65
1338.8
731.874
551.187
6.18233e+06
5.73671e+06
5.2291e+06
4.6729e+06
4.0919e+06
3.50848e+06
2.94263e+06
2.4111e+06
1.9269e+06
1.49909e+06
1.13273e+06
829115
586148
398922
260439
162459
96398.6
54137.9
28622.8
14185.4
6599.82
2941.08
1345.11
733.184
551.591
6.03495e+06
5.59842e+06
5.1015e+06
4.5576e+06
3.98989e+06
3.42019e+06
2.86795e+06
2.34946e+06
1.87737e+06
1.46044e+06
1.10353e+06
807833
571256
388964
254110
158658
94257.1
53016.4
28083.5
13951.4
6510.51
2912.04
1337.34
731.43
551.032
6.15431e+06
5.71037e+06
5.20471e+06
4.6508e+06
4.07229e+06
3.49146e+06
2.92819e+06
2.39915e+06
1.91728e+06
1.49156e+06
1.12703e+06
824947
583225
396964
259192
161709
95976
53916.7
28516.6
14139.5
6582.46
2935.56
1343.71
732.912
551.513
6.15431e+06
5.71037e+06
5.20471e+06
4.6508e+06
4.07229e+06
3.49146e+06
2.92819e+06
2.39915e+06
1.91728e+06
1.49156e+06
1.12703e+06
824947
583225
396964
259192
161710
95976
53916.7
28516.6
14139.5
6582.46
2935.56
1343.71
732.912
551.513
6.03496e+06
5.59843e+06
5.1015e+06
4.5576e+06
3.98989e+06
3.42019e+06
2.86795e+06
2.34947e+06
1.87738e+06
1.46044e+06
1.10353e+06
807834
571257
388965
254110
158658
94257.2
53016.4
28083.5
13951.5
6510.51
2912.03
1337.34
731.429
551.032
6.18233e+06
5.73671e+06
5.22909e+06
4.6729e+06
4.0919e+06
3.50848e+06
2.94263e+06
2.4111e+06
1.9269e+06
1.49909e+06
1.13273e+06
829115
586148
398922
260439
162459
96398.6
54137.9
28622.8
14185.4
6599.82
2941.08
1345.11
733.184
551.59
6.05575e+06
5.61795e+06
5.11945e+06
4.57377e+06
4.00415e+06
3.43249e+06
2.87832e+06
2.358e+06
1.88421e+06
1.46576e+06
1.10754e+06
810747
573291
390323
254973
159177
94549.8
53170.4
28158.3
13984.5
6523.62
2916.65
1338.8
731.873
551.186
6.15431e+06
5.71037e+06
5.20471e+06
4.6508e+06
4.07228e+06
3.49146e+06
2.92819e+06
2.39915e+06
1.91728e+06
1.49156e+06
1.12703e+06
824947
583225
396964
259192
161710
95976
53916.7
28516.6
14139.5
6582.46
2935.56
1343.71
732.912
551.513
6.03495e+06
5.59842e+06
5.1015e+06
4.5576e+06
3.98989e+06
3.42019e+06
2.86795e+06
2.34946e+06
1.87737e+06
1.46044e+06
1.10353e+06
807833
571256
388964
254110
158658
94257.1
53016.3
28083.5
13951.4
6510.51
2912.04
1337.34
731.428
551.03
6.03496e+06
5.59843e+06
5.1015e+06
4.55761e+06
3.98989e+06
3.42019e+06
2.86795e+06
2.34947e+06
1.87738e+06
1.46044e+06
1.10353e+06
807834
571257
388965
254110
158658
94257.2
53016.4
28083.5
13951.4
6510.51
2912.03
1337.33
731.428
551.031
6.15431e+06
5.71037e+06
5.20471e+06
4.6508e+06
4.07229e+06
3.49146e+06
2.9282e+06
2.39915e+06
1.91728e+06
1.49156e+06
1.12703e+06
824948
583225
396964
259192
161709
95976
53916.7
28516.6
14139.5
6582.45
2935.55
1343.71
732.91
551.511
)
;

boundaryField
{
    outletCentralUnloaded
    {
        type            zeroGradient;
    }
    inletCentralUnloaded
    {
        type            zeroGradient;
    }
    outletFuelElement
    {
        type            zeroGradient;
    }
    inletFuelElement
    {
        type            zeroGradient;
    }
    defaultFaces
    {
        type            zeroGradient;
    }
    baffle_master
    {
        type            zeroGradient;
    }
    baffle_slave
    {
        type            zeroGradient;
    }
}


// ************************************************************************* //
