/*--------------------------------*- C++ -*----------------------------------*\
| =========                 |                                                 |
| \\      /  F ield         | OpenFOAM: The Open Source CFD Toolbox           |
|  \\    /   O peration     | Version:  2212                                  |
|   \\  /    A nd           | Website:  www.openfoam.com                      |
|    \\/     M anipulation  |                                                 |
\*---------------------------------------------------------------------------*/
FoamFile
{
    version     2.0;
    format      ascii;
    arch        "LSB;label=32;scalar=64";
    class       volScalarField;
    location    "24/fluidRegion";
    object      hdeltaT;
}
// * * * * * * * * * * * * * * * * * * * * * * * * * * * * * * * * * * * * * //

dimensions      [1 0 -3 0 0 0 0];

internalField   nonuniform List<scalar> 
350
(
0
0
0
0
0
0
0
0
0
0
0
0
0
0
0
0
0
0
0
0
0
0
0
0
0
0
0
0
0
0
0
0
0
0
0
0
0
0
0
0
0
0
0
0
0
0
0
0
0
0
155993
997187
1.82035e+06
2.61245e+06
3.361e+06
4.05418e+06
4.68105e+06
5.23174e+06
5.6976e+06
6.07129e+06
6.34696e+06
6.52029e+06
6.58858e+06
6.55077e+06
6.40745e+06
6.16084e+06
5.81478e+06
5.3747e+06
4.84759e+06
4.24212e+06
3.56852e+06
2.83912e+06
2.06834e+06
1.27219e+06
463813
155009
1.00584e+06
1.83844e+06
2.63965e+06
3.39681e+06
4.09799e+06
4.73211e+06
5.2892e+06
5.76048e+06
6.13856e+06
6.41749e+06
6.59293e+06
6.66213e+06
6.62403e+06
6.47922e+06
6.22996e+06
5.88011e+06
5.43516e+06
4.90216e+06
4.28987e+06
3.60863e+06
2.87089e+06
2.09129e+06
1.28604e+06
468452
156160
995816
1.81747e+06
2.60812e+06
3.35529e+06
4.04719e+06
4.6729e+06
5.22258e+06
5.68757e+06
6.06056e+06
6.3357e+06
6.5087e+06
6.57684e+06
6.53908e+06
6.39599e+06
6.14981e+06
5.80436e+06
5.36506e+06
4.83888e+06
4.2345e+06
3.56212e+06
2.83404e+06
2.06467e+06
1.26998e+06
463072
155205
1.00382e+06
1.83425e+06
2.63337e+06
3.38855e+06
4.08789e+06
4.72034e+06
5.27596e+06
5.746e+06
6.12307e+06
6.40125e+06
6.57621e+06
6.6452e+06
6.60717e+06
6.4627e+06
6.21405e+06
5.86507e+06
5.42124e+06
4.8896e+06
4.27888e+06
3.5994e+06
2.86358e+06
2.08601e+06
1.28286e+06
467384
155205
1.00382e+06
1.83425e+06
2.63337e+06
3.38855e+06
4.08789e+06
4.72034e+06
5.27596e+06
5.746e+06
6.12307e+06
6.40125e+06
6.57621e+06
6.6452e+06
6.60717e+06
6.4627e+06
6.21405e+06
5.86507e+06
5.42124e+06
4.8896e+06
4.27888e+06
3.5994e+06
2.86358e+06
2.08601e+06
1.28286e+06
467385
156160
995816
1.81747e+06
2.60812e+06
3.35529e+06
4.04719e+06
4.6729e+06
5.22258e+06
5.68757e+06
6.06056e+06
6.3357e+06
6.5087e+06
6.57684e+06
6.53908e+06
6.39599e+06
6.14981e+06
5.80436e+06
5.36506e+06
4.83888e+06
4.23449e+06
3.56212e+06
2.83404e+06
2.06467e+06
1.26998e+06
463072
155009
1.00584e+06
1.83844e+06
2.63965e+06
3.39681e+06
4.09799e+06
4.73211e+06
5.2892e+06
5.76048e+06
6.13856e+06
6.41749e+06
6.59293e+06
6.66213e+06
6.62403e+06
6.47922e+06
6.22996e+06
5.88011e+06
5.43516e+06
4.90216e+06
4.28987e+06
3.60863e+06
2.87089e+06
2.09129e+06
1.28604e+06
468452
155993
997187
1.82035e+06
2.61245e+06
3.361e+06
4.05418e+06
4.68105e+06
5.23174e+06
5.6976e+06
6.07129e+06
6.34695e+06
6.52029e+06
6.58858e+06
6.55077e+06
6.40745e+06
6.16084e+06
5.81478e+06
5.3747e+06
4.84759e+06
4.24212e+06
3.56852e+06
2.83912e+06
2.06834e+06
1.27219e+06
463813
155205
1.00382e+06
1.83425e+06
2.63337e+06
3.38855e+06
4.08789e+06
4.72034e+06
5.27596e+06
5.746e+06
6.12307e+06
6.40125e+06
6.57621e+06
6.6452e+06
6.60717e+06
6.4627e+06
6.21405e+06
5.86507e+06
5.42124e+06
4.8896e+06
4.27888e+06
3.5994e+06
2.86358e+06
2.08601e+06
1.28286e+06
467385
156160
995817
1.81747e+06
2.60812e+06
3.35529e+06
4.04719e+06
4.6729e+06
5.22258e+06
5.68757e+06
6.06056e+06
6.3357e+06
6.5087e+06
6.57684e+06
6.53908e+06
6.39599e+06
6.14981e+06
5.80436e+06
5.36506e+06
4.83888e+06
4.2345e+06
3.56212e+06
2.83404e+06
2.06467e+06
1.26998e+06
463072
156160
995816
1.81747e+06
2.60812e+06
3.35529e+06
4.04719e+06
4.6729e+06
5.22258e+06
5.68757e+06
6.06056e+06
6.3357e+06
6.5087e+06
6.57684e+06
6.53908e+06
6.39599e+06
6.14981e+06
5.80436e+06
5.36506e+06
4.83888e+06
4.2345e+06
3.56212e+06
2.83404e+06
2.06467e+06
1.26998e+06
463072
155205
1.00382e+06
1.83425e+06
2.63337e+06
3.38855e+06
4.08789e+06
4.72034e+06
5.27596e+06
5.746e+06
6.12307e+06
6.40125e+06
6.57621e+06
6.6452e+06
6.60717e+06
6.4627e+06
6.21405e+06
5.86507e+06
5.42124e+06
4.8896e+06
4.27888e+06
3.5994e+06
2.86358e+06
2.08601e+06
1.28286e+06
467384
)
;

boundaryField
{
    outletCentralUnloaded
    {
        type            calculated;
        value           uniform 0;
    }
    inletCentralUnloaded
    {
        type            calculated;
        value           uniform 0;
    }
    outletFuelElement
    {
        type            calculated;
        value           uniform 0;
    }
    inletFuelElement
    {
        type            calculated;
        value           nonuniform List<scalar> 
12
(
3.00591e+06
3.00484e+06
3.00583e+06
3.00512e+06
3.00512e+06
3.00582e+06
3.00484e+06
3.00591e+06
3.00512e+06
3.00583e+06
3.00582e+06
3.00512e+06
)
;
    }
    defaultFaces
    {
        type            calculated;
        value           nonuniform List<scalar> 
450
(
0
0
0
0
0
0
0
0
0
0
0
0
0
0
0
0
0
0
0
0
0
0
0
0
0
0
0
0
0
0
0
0
0
0
0
0
0
0
0
0
0
0
0
0
0
317458
317458
317458
1.57607e+06
1.57607e+06
1.57607e+06
2.51941e+06
2.51941e+06
2.51941e+06
3.15362e+06
3.15362e+06
3.15362e+06
3.50099e+06
3.50099e+06
3.50099e+06
3.60132e+06
3.60132e+06
3.60132e+06
3.51452e+06
3.51452e+06
3.51452e+06
3.32238e+06
3.32238e+06
3.32238e+06
3.12395e+06
3.12395e+06
3.12395e+06
2.97133e+06
2.97133e+06
2.97133e+06
0
0
0
0
0
0
0
0
0
0
0
0
0
0
0
0
0
0
0
0
0
0
0
0
0
0
0
0
0
0
339923
339923
1.59237e+06
1.59237e+06
2.53065e+06
2.53065e+06
3.16091e+06
3.16091e+06
3.50538e+06
3.50538e+06
3.60373e+06
3.60373e+06
3.51571e+06
3.51571e+06
3.32289e+06
3.32289e+06
3.12406e+06
3.12406e+06
2.9713e+06
2.9713e+06
0
0
0
0
0
0
0
0
0
0
0
0
0
0
0
203714
1.49287e+06
2.46134e+06
3.11526e+06
3.47714e+06
3.58728e+06
3.50638e+06
3.31742e+06
3.12092e+06
2.97028e+06
0
0
0
0
0
0
0
0
0
0
0
0
0
0
0
203714
1.49287e+06
2.46134e+06
3.11526e+06
3.47714e+06
3.58728e+06
3.50638e+06
3.31742e+06
3.12092e+06
2.97028e+06
0
0
0
0
0
0
0
0
0
0
0
0
0
0
0
0
0
0
0
0
0
0
0
0
0
0
0
0
0
0
339910
339910
1.59236e+06
1.59236e+06
2.53064e+06
2.53064e+06
3.16091e+06
3.16091e+06
3.50537e+06
3.50537e+06
3.60372e+06
3.60372e+06
3.5157e+06
3.5157e+06
3.32289e+06
3.32289e+06
3.12406e+06
3.12406e+06
2.9713e+06
2.9713e+06
0
0
0
0
0
0
0
0
0
0
0
0
0
0
0
0
0
0
0
0
0
0
0
0
0
0
0
0
0
0
0
0
0
0
0
0
0
0
0
0
0
0
0
0
0
317457
317457
317457
1.57607e+06
1.57607e+06
1.57607e+06
2.51941e+06
2.51941e+06
2.51941e+06
3.15362e+06
3.15362e+06
3.15362e+06
3.50099e+06
3.50099e+06
3.50099e+06
3.60132e+06
3.60132e+06
3.60132e+06
3.51452e+06
3.51452e+06
3.51452e+06
3.32238e+06
3.32238e+06
3.32238e+06
3.12395e+06
3.12395e+06
3.12395e+06
2.97133e+06
2.97133e+06
2.97133e+06
0
0
0
0
0
0
0
0
0
0
0
0
0
0
0
203714
1.49287e+06
2.46134e+06
3.11526e+06
3.47714e+06
3.58728e+06
3.50638e+06
3.31742e+06
3.12092e+06
2.97028e+06
0
0
0
0
0
0
0
0
0
0
0
0
0
0
0
0
0
0
0
0
0
0
0
0
0
0
0
0
0
0
339923
339923
1.59237e+06
1.59237e+06
2.53065e+06
2.53065e+06
3.16091e+06
3.16091e+06
3.50538e+06
3.50538e+06
3.60373e+06
3.60373e+06
3.51571e+06
3.51571e+06
3.32289e+06
3.32289e+06
3.12406e+06
3.12406e+06
2.9713e+06
2.9713e+06
0
0
0
0
0
0
0
0
0
0
0
0
0
0
0
0
0
0
0
0
0
0
0
0
0
0
0
0
0
0
339910
339910
1.59236e+06
1.59236e+06
2.53064e+06
2.53064e+06
3.16091e+06
3.16091e+06
3.50537e+06
3.50537e+06
3.60372e+06
3.60372e+06
3.5157e+06
3.5157e+06
3.32289e+06
3.32289e+06
3.12406e+06
3.12406e+06
2.9713e+06
2.9713e+06
0
0
0
0
0
0
0
0
0
0
0
0
0
0
0
203714
1.49287e+06
2.46134e+06
3.11526e+06
3.47714e+06
3.58728e+06
3.50638e+06
3.31742e+06
3.12092e+06
2.97028e+06
)
;
    }
    baffle_master
    {
        type            calculated;
        value           uniform 0;
    }
    baffle_slave
    {
        type            calculated;
        value           nonuniform List<scalar> 
150
(
0
0
0
0
0
0
0
0
0
0
0
0
0
0
0
0
0
0
0
0
0
0
0
0
0
0
0
0
0
0
0
0
0
0
0
0
0
0
0
0
0
0
0
0
0
169534
203714
203714
1.46782e+06
1.49287e+06
1.49287e+06
2.44382e+06
2.46134e+06
2.46134e+06
3.10365e+06
3.11526e+06
3.11526e+06
3.46989e+06
3.47714e+06
3.47714e+06
3.58298e+06
3.58728e+06
3.58728e+06
3.50386e+06
3.50638e+06
3.50638e+06
3.31585e+06
3.31742e+06
3.31742e+06
3.11993e+06
3.12092e+06
3.12092e+06
2.96992e+06
2.97028e+06
2.97028e+06
0
0
0
0
0
0
0
0
0
0
0
0
0
0
0
0
0
0
0
0
0
0
0
0
0
0
0
0
0
0
0
0
0
0
0
0
0
0
0
0
0
0
0
0
0
203714
169534
203714
1.49287e+06
1.46782e+06
1.49287e+06
2.46134e+06
2.44382e+06
2.46134e+06
3.11526e+06
3.10365e+06
3.11526e+06
3.47714e+06
3.46989e+06
3.47714e+06
3.58728e+06
3.58298e+06
3.58728e+06
3.50638e+06
3.50386e+06
3.50638e+06
3.31742e+06
3.31585e+06
3.31742e+06
3.12092e+06
3.11993e+06
3.12092e+06
2.97028e+06
2.96992e+06
2.97028e+06
)
;
    }
}


// ************************************************************************* //
