/*--------------------------------*- C++ -*----------------------------------*\
| =========                 |                                                 |
| \\      /  F ield         | OpenFOAM: The Open Source CFD Toolbox           |
|  \\    /   O peration     | Version:  2212                                  |
|   \\  /    A nd           | Website:  www.openfoam.com                      |
|    \\/     M anipulation  |                                                 |
\*---------------------------------------------------------------------------*/
FoamFile
{
    version     2.0;
    format      ascii;
    arch        "LSB;label=32;scalar=64";
    class       volVectorField;
    location    "24/fluidRegion";
    object      U;
}
// * * * * * * * * * * * * * * * * * * * * * * * * * * * * * * * * * * * * * //

dimensions      [0 1 -1 0 0 0 0];

internalField   nonuniform List<vector> 
350
(
(4.0536e-13 2.34034e-13 -14.9629)
(8.02272e-13 4.63191e-13 -14.9616)
(1.16061e-13 6.70078e-14 -14.9604)
(3.31407e-13 1.91337e-13 -14.9592)
(3.81436e-13 2.20222e-13 -14.9579)
(5.85688e-13 3.38146e-13 -14.9567)
(6.10409e-13 3.52419e-13 -14.9555)
(1.24653e-12 7.19684e-13 -14.9542)
(2.19816e-12 1.26911e-12 -14.953)
(3.71247e-12 2.14339e-12 -14.9518)
(6.0874e-12 3.51455e-12 -14.9505)
(1.15607e-11 6.67453e-12 -14.9493)
(2.39565e-11 1.38313e-11 -14.9481)
(4.79295e-11 2.7672e-11 -14.9468)
(9.51263e-11 5.4921e-11 -14.9456)
(1.89204e-10 1.09237e-10 -14.9444)
(3.75326e-10 2.16694e-10 -14.9431)
(7.37459e-10 4.25771e-10 -14.9419)
(1.43173e-09 8.2661e-10 -14.9407)
(2.72251e-09 1.57184e-09 -14.9395)
(4.99189e-09 2.88206e-09 -14.9382)
(8.54357e-09 4.93262e-09 -14.937)
(1.14774e-08 6.62647e-09 -14.9358)
(2.52662e-09 1.45874e-09 -14.9346)
(-1.83686e-08 -1.06051e-08 -14.967)
(4.05349e-13 2.34028e-13 -14.9629)
(8.02261e-13 4.63184e-13 -14.9616)
(1.16051e-13 6.70016e-14 -14.9604)
(3.31396e-13 1.91331e-13 -14.9592)
(3.81426e-13 2.20215e-13 -14.9579)
(5.85677e-13 3.3814e-13 -14.9567)
(6.10398e-13 3.52412e-13 -14.9555)
(1.24652e-12 7.19678e-13 -14.9542)
(2.19815e-12 1.2691e-12 -14.953)
(3.71245e-12 2.14338e-12 -14.9518)
(6.08739e-12 3.51455e-12 -14.9505)
(1.15606e-11 6.67452e-12 -14.9493)
(2.39565e-11 1.38313e-11 -14.9481)
(4.79294e-11 2.7672e-11 -14.9468)
(9.51263e-11 5.4921e-11 -14.9456)
(1.89204e-10 1.09237e-10 -14.9444)
(3.75326e-10 2.16694e-10 -14.9431)
(7.37459e-10 4.25771e-10 -14.9419)
(1.43173e-09 8.2661e-10 -14.9407)
(2.72251e-09 1.57184e-09 -14.9395)
(4.99189e-09 2.88206e-09 -14.9382)
(8.54357e-09 4.93262e-09 -14.937)
(1.14774e-08 6.62647e-09 -14.9358)
(2.52662e-09 1.45874e-09 -14.9346)
(-1.83686e-08 -1.06051e-08 -14.967)
(-0.00170001 -0.000981499 -389.6)
(-0.000953256 -0.000550362 -383.366)
(-0.00106047 -0.000612262 -375.232)
(-0.000951959 -0.000549613 -364.777)
(-0.000859099 -0.000496001 -352.181)
(-0.000770503 -0.00044485 -337.635)
(-0.00068526 -0.000395634 -321.339)
(-0.000598025 -0.000345269 -303.502)
(-0.000500918 -0.000289205 -284.339)
(-0.000381467 -0.00022024 -264.076)
(-0.000227706 -0.000131466 -242.951)
(-2.69301e-05 -1.55481e-05 -221.223)
(0.000212004 0.0001224 -199.171)
(0.000474424 0.000273909 -177.103)
(0.000726922 0.000419688 -155.347)
(0.000932128 0.000538164 -134.24)
(0.00106426 0.000614449 -114.105)
(0.00112109 0.000647263 -95.2395)
(0.00112149 0.00064749 -77.8942)
(0.00109352 0.000631345 -62.2832)
(0.00105927 0.000611572 -48.596)
(0.00102071 0.000589306 -37.0176)
(0.000961378 0.000555051 -27.7442)
(0.000826577 0.000477224 -20.9734)
(0.000762261 0.000440091 -16.6189)
(-0.00161716 -0.000939034 -392.022)
(-0.000685151 -0.000384422 -385.762)
(-0.000809633 -0.000466405 -377.611)
(-0.000732371 -0.000428247 -367.118)
(-0.000666477 -0.000396188 -354.466)
(-0.000604321 -0.000361737 -339.849)
(-0.000544568 -0.000328079 -323.466)
(-0.000483045 -0.000291778 -305.529)
(-0.0004141 -0.000251516 -286.252)
(-0.000328572 -0.000200744 -265.862)
(-0.000219309 -0.000136614 -244.599)
(-7.38551e-05 -5.09332e-05 -222.721)
(9.43358e-05 4.74526e-05 -200.511)
(0.000277162 0.000155097 -178.278)
(0.000451234 0.000257428 -156.355)
(0.000590977 0.000340409 -135.081)
(0.000679543 0.000393411 -114.787)
(0.00071632 0.000416749 -95.7726)
(0.000714855 0.000417306 -78.2932)
(0.000694599 0.000407015 -62.5652)
(0.000671533 0.000393412 -48.7798)
(0.000648536 0.000379928 -37.1235)
(0.000619122 0.000361451 -27.7938)
(0.000558658 0.00032597 -20.9888)
(0.000558488 0.00032643 -16.6207)
(-0.000787736 -0.00067444 -389.211)
(-0.00053008 -0.00103583 -382.975)
(-0.000528071 -0.000981403 -374.846)
(-0.000476573 -0.000863176 -364.399)
(-0.000427815 -0.000758382 -351.812)
(-0.000382429 -0.000659985 -337.279)
(-0.000338192 -0.000565205 -320.998)
(-0.000291549 -0.00046952 -303.178)
(-0.000237063 -0.000362492 -284.034)
(-0.00016736 -0.000231777 -263.792)
(-7.70606e-05 -6.04517e-05 -242.69)
(4.18055e-05 0.000156095 -220.986)
(0.000177185 0.000424006 -198.959)
(0.000320278 0.000719677 -176.918)
(0.000451653 0.00100561 -155.188)
(0.000551371 0.00123802 -134.107)
(0.000608485 0.00138712 -113.997)
(0.000625022 0.00144932 -95.1543)
(0.000613511 0.00144674 -77.8296)
(0.000589181 0.00141099 -62.2364)
(0.000562632 0.00136572 -48.564)
(0.000535281 0.00130812 -36.9973)
(0.000492502 0.00120382 -27.7323)
(0.000424725 0.000964782 -20.9671)
(0.000359229 0.00075377 -16.6168)
(-0.00092711 -0.000535266 -391.482)
(-0.000981091 -0.000566431 -385.229)
(-0.000946733 -0.000546595 -377.08)
(-0.000840385 -0.000485195 -366.594)
(-0.000744295 -0.000429718 -353.954)
(-0.000654282 -0.000377749 -339.351)
(-0.000567176 -0.000327458 -322.988)
(-0.00047806 -0.000276007 -305.072)
(-0.000376849 -0.000217573 -285.82)
(-0.000251155 -0.000145004 -265.458)
(-8.71826e-05 -5.03348e-05 -244.225)
(0.000123092 7.10673e-05 -222.381)
(0.000375788 0.000216961 -200.207)
(0.000650625 0.000375638 -178.011)
(0.000911983 0.000526532 -156.125)
(0.00111994 0.000646593 -134.889)
(0.00124893 0.000721066 -114.632)
(0.00129798 0.000749386 -95.651)
(0.00128899 0.000744194 -78.2022)
(0.00125123 0.000722398 -62.501)
(0.00120612 0.000696353 -48.7381)
(0.00115307 0.000665721 -37.0997)
(0.00106123 0.000612698 -27.7829)
(0.000870002 0.000502294 -20.9857)
(0.00069784 0.000402897 -16.6206)
(0.000912784 0.000526995 -391.482)
(0.000982947 0.000567503 -385.229)
(0.000945817 0.000546066 -377.08)
(0.000839911 0.000484922 -366.594)
(0.000743574 0.000429301 -353.954)
(0.000653514 0.000377306 -339.351)
(0.00056653 0.000327085 -322.988)
(0.000477204 0.000275513 -305.072)
(0.000375915 0.000217034 -285.82)
(0.000250277 0.000144497 -265.458)
(8.60754e-05 4.96956e-05 -244.225)
(-0.000124564 -7.19167e-05 -222.381)
(-0.000377464 -0.000217928 -200.207)
(-0.000652479 -0.000376708 -178.011)
(-0.000913707 -0.000527528 -156.125)
(-0.00112137 -0.000647421 -134.889)
(-0.0012502 -0.000721804 -114.632)
(-0.00129942 -0.000750219 -95.651)
(-0.00129041 -0.000745015 -78.2022)
(-0.00125264 -0.00072321 -62.501)
(-0.00120767 -0.000697246 -48.7381)
(-0.00115405 -0.000666291 -37.0997)
(-0.00106148 -0.000612847 -27.7829)
(-0.000869392 -0.000501943 -20.9857)
(-0.000695307 -0.000401435 -16.6206)
(0.000966667 0.000354504 -389.211)
(0.00116226 -5.54065e-05 -382.975)
(0.00111299 -3.23368e-05 -374.847)
(0.000985716 -1.99053e-05 -364.399)
(0.000871288 -1.25374e-05 -351.813)
(0.000763319 -2.36184e-06 -337.279)
(0.000659431 5.81961e-06 -320.998)
(0.000552854 1.42443e-05 -303.178)
(0.000432993 2.01892e-05 -284.034)
(0.000284558 2.65165e-05 -263.792)
(9.09571e-05 3.37902e-05 -242.69)
(-0.00015651 4.01289e-05 -220.986)
(-0.00045634 5.69311e-05 -198.96)
(-0.000784322 8.18394e-05 -176.918)
(-0.00109767 0.000111453 -155.188)
(-0.001349 0.000142524 -134.107)
(-0.00150672 0.000168023 -113.997)
(-0.00156913 0.000185516 -95.1543)
(-0.0015612 0.000194457 -77.8296)
(-0.00151824 0.000198279 -62.2364)
(-0.00146573 0.000198291 -48.564)
(-0.00140189 0.000193187 -36.9973)
(-0.00128948 0.000177165 -27.7323)
(-0.00104784 0.00011558 -20.9671)
(-0.000830914 6.57688e-05 -16.6168)
(0.00161343 0.000953265 -392.022)
(0.000679533 0.00040335 -385.762)
(0.000807105 0.000469984 -377.611)
(0.00073422 0.00041941 -367.118)
(0.000671724 0.000375406 -354.466)
(0.000611152 0.00033912 -339.849)
(0.00055175 0.000303115 -323.466)
(0.000490162 0.000269265 -305.529)
(0.000420711 0.000229286 -286.252)
(0.000334743 0.00018214 -265.862)
(0.000224472 0.000119511 -244.599)
(7.80782e-05 3.78756e-05 -222.721)
(-9.10886e-05 -5.84085e-05 -200.511)
(-0.000275043 -0.000161647 -178.278)
(-0.000450272 -0.000260871 -156.355)
(-0.000591065 -0.00033924 -135.081)
(-0.000680816 -0.000389126 -114.787)
(-0.00071882 -0.000408424 -95.7726)
(-0.00071837 -0.000406632 -78.2932)
(-0.000698867 -0.0003936 -62.5652)
(-0.000675865 -0.000380744 -48.7798)
(-0.000652435 -0.000367984 -37.1235)
(-0.000621955 -0.000353331 -27.7938)
(-0.000560726 -0.00032013 -20.9888)
(-0.000559878 -0.000322301 -16.6207)
(0.00170245 0.000982912 -389.6)
(0.000955972 0.00055193 -383.366)
(0.00106008 0.000612037 -375.232)
(0.000950055 0.000548514 -364.777)
(0.000855403 0.000493867 -352.181)
(0.000767105 0.000442888 -337.635)
(0.000681347 0.000393375 -321.339)
(0.000594851 0.000343437 -303.502)
(0.000497582 0.000287279 -284.339)
(0.000378997 0.000218814 -264.076)
(0.000225181 0.000130008 -242.951)
(2.51908e-05 1.45439e-05 -221.223)
(-0.000213605 -0.000123325 -199.171)
(-0.00047525 -0.000274386 -177.103)
(-0.000727414 -0.000419972 -155.347)
(-0.00093179 -0.000537969 -134.24)
(-0.00106361 -0.000614073 -114.105)
(-0.00111984 -0.000646541 -95.2396)
(-0.00112006 -0.000646668 -77.8942)
(-0.00109168 -0.00063028 -62.2832)
(-0.00105769 -0.000610657 -48.596)
(-0.00101916 -0.000588412 -37.0176)
(-0.000960468 -0.000554526 -27.7442)
(-0.000825931 -0.000476851 -20.9734)
(-0.000761757 -0.0004398 -16.6189)
(0.00092762 0.00053556 -391.482)
(0.000980791 0.000566258 -385.229)
(0.000946424 0.000546416 -377.08)
(0.000839944 0.000484941 -366.594)
(0.000743526 0.000429273 -353.954)
(0.000653571 0.000377338 -339.351)
(0.000566523 0.000327081 -322.988)
(0.00047754 0.000275707 -305.072)
(0.000376306 0.00021726 -285.82)
(0.000251042 0.000144939 -265.458)
(8.69677e-05 5.02107e-05 -244.225)
(-0.000123199 -7.1129e-05 -222.381)
(-0.000375967 -0.000217064 -200.207)
(-0.000650753 -0.000375711 -178.011)
(-0.00091192 -0.000526495 -156.125)
(-0.00111951 -0.000646348 -134.889)
(-0.00124837 -0.000720742 -114.632)
(-0.00129755 -0.000749137 -95.651)
(-0.00128855 -0.000743942 -78.2022)
(-0.00125084 -0.000722169 -62.501)
(-0.00120588 -0.000696216 -48.7381)
(-0.00115267 -0.000665492 -37.0997)
(-0.00106074 -0.000612417 -27.7829)
(-0.000869531 -0.000502023 -20.9857)
(-0.000697352 -0.000402615 -16.6206)
(0.00078456 0.000678317 -389.211)
(0.000525331 0.00104076 -382.975)
(0.000526187 0.000982715 -374.846)
(0.000478295 0.00086066 -364.399)
(0.000432163 0.00075267 -351.812)
(0.000388013 0.000653354 -337.279)
(0.000344066 0.000558111 -320.998)
(0.000297354 0.000462893 -303.178)
(0.000242437 0.000356159 -284.034)
(0.000172482 0.000226232 -263.792)
(8.13329e-05 5.55937e-05 -242.69)
(-3.83293e-05 -0.000159822 -220.986)
(-0.000174547 -0.000426992 -198.959)
(-0.000318582 -0.000721451 -176.918)
(-0.000450829 -0.00100638 -155.188)
(-0.000551272 -0.00123763 -134.107)
(-0.000609286 -0.00138575 -113.997)
(-0.000626881 -0.0014468 -95.1543)
(-0.00061617 -0.00144344 -77.8296)
(-0.000592473 -0.00140701 -62.2364)
(-0.000566008 -0.00136185 -48.564)
(-0.000538239 -0.00130462 -36.9973)
(-0.000494518 -0.0012014 -27.7323)
(-0.000426155 -0.000962986 -20.9671)
(-0.0003601 -0.000752455 -16.6168)
(-0.000966229 -0.000343579 -389.211)
(-0.00116218 6.99555e-05 -382.975)
(-0.00111347 3.46987e-05 -374.847)
(-0.000985952 1.33749e-05 -364.399)
(-0.000871795 -3.34504e-06 -351.813)
(-0.000763308 -1.43378e-05 -337.279)
(-0.000659698 -2.45991e-05 -320.998)
(-0.000552713 -3.0806e-05 -303.178)
(-0.000433155 -3.68938e-05 -284.034)
(-0.000284301 -4.00319e-05 -263.792)
(-9.09974e-05 -4.65723e-05 -242.69)
(0.000156656 -4.98065e-05 -220.986)
(0.000456252 -6.53038e-05 -198.96)
(0.000784465 -8.67771e-05 -176.918)
(0.00109766 -0.000114205 -155.188)
(0.00134925 -0.000141491 -134.107)
(0.00150683 -0.000164775 -113.997)
(0.00156931 -0.00017924 -95.1543)
(0.00156123 -0.000186569 -77.8296)
(0.00151836 -0.000188214 -62.2364)
(0.0014657 -0.00018897 -48.564)
(0.001402 -0.000184137 -36.9973)
(0.00128952 -0.000170968 -27.7323)
(0.00104793 -0.000111116 -20.9671)
(0.00083103 -6.25873e-05 -16.6168)
(-0.000909551 -0.000525128 -391.482)
(-0.000979572 -0.000565555 -385.229)
(-0.000945552 -0.000545914 -377.08)
(-0.000841721 -0.000485966 -366.594)
(-0.000747969 -0.000431839 -353.954)
(-0.000657837 -0.000379801 -339.351)
(-0.000571447 -0.000329924 -322.988)
(-0.000481333 -0.000277897 -305.072)
(-0.000380267 -0.000219547 -285.82)
(-0.000253376 -0.000146286 -265.458)
(-8.9229e-05 -5.15163e-05 -244.225)
(0.000122258 7.05854e-05 -222.381)
(0.000375289 0.000216673 -200.207)
(0.000651259 0.000376004 -178.011)
(0.000913033 0.000527138 -156.125)
(0.00112196 0.000647762 -134.889)
(0.00125133 0.000722451 -114.632)
(0.0013012 0.000751244 -95.651)
(0.00129249 0.00074622 -78.2022)
(0.00125528 0.000724736 -62.501)
(0.00120996 0.000698566 -48.7381)
(0.00115652 0.000667716 -37.0997)
(0.00106334 0.000613918 -27.7829)
(0.000870852 0.000502785 -20.9857)
(0.000696428 0.000402082 -16.6206)
)
;

boundaryField
{
    outletCentralUnloaded
    {
        type            zeroGradient;
    }
    inletCentralUnloaded
    {
        type            fixedValue;
        value           uniform (0 0 -15);
    }
    outletFuelElement
    {
        type            zeroGradient;
    }
    inletFuelElement
    {
        type            fixedValue;
        value           uniform (0 0 -15);
    }
    defaultFaces
    {
        type            slip;
    }
    baffle_master
    {
        type            slip;
    }
    baffle_slave
    {
        type            slip;
    }
}


// ************************************************************************* //
