/*--------------------------------*- C++ -*----------------------------------*\
| =========                 |                                                 |
| \\      /  F ield         | OpenFOAM: The Open Source CFD Toolbox           |
|  \\    /   O peration     | Version:  2212                                  |
|   \\  /    A nd           | Website:  www.openfoam.com                      |
|    \\/     M anipulation  |                                                 |
\*---------------------------------------------------------------------------*/
FoamFile
{
    version     2.0;
    format      ascii;
    arch        "LSB;label=32;scalar=64";
    class       volScalarField;
    location    "73/fluidRegion";
    object      hdeltaT;
}
// * * * * * * * * * * * * * * * * * * * * * * * * * * * * * * * * * * * * * //

dimensions      [1 0 -3 0 0 0 0];

internalField   nonuniform List<scalar> 
350
(
0
0
0
0
0
0
0
0
0
0
0
0
0
0
0
0
0
0
0
0
0
0
0
0
0
0
0
0
0
0
0
0
0
0
0
0
0
0
0
0
0
0
0
0
0
0
0
0
0
0
450268
1.34406e+06
2.21665e+06
3.05428e+06
3.84373e+06
4.57257e+06
5.22929e+06
5.80354e+06
6.28626e+06
6.66984e+06
6.94824e+06
7.11705e+06
7.17362e+06
7.11707e+06
6.94826e+06
6.66989e+06
6.28632e+06
5.80361e+06
5.22935e+06
4.57267e+06
3.84384e+06
3.05443e+06
2.21678e+06
1.34418e+06
450452
455424
1.35945e+06
2.24204e+06
3.08926e+06
3.88776e+06
4.62495e+06
5.28919e+06
5.87002e+06
6.35827e+06
6.74624e+06
7.02783e+06
7.19858e+06
7.2558e+06
7.19859e+06
7.02786e+06
6.74629e+06
6.35833e+06
5.87009e+06
5.28925e+06
4.62505e+06
3.88787e+06
3.08941e+06
2.24217e+06
1.35958e+06
455612
449448
1.34161e+06
2.2126e+06
3.0487e+06
3.83672e+06
4.56423e+06
5.21975e+06
5.79295e+06
6.27479e+06
6.65768e+06
6.93556e+06
7.10407e+06
7.16054e+06
7.10408e+06
6.93559e+06
6.65772e+06
6.27485e+06
5.79303e+06
5.21981e+06
4.56433e+06
3.83683e+06
3.04885e+06
2.21274e+06
1.34173e+06
449631
454237
1.35591e+06
2.23619e+06
3.08121e+06
3.87763e+06
4.61289e+06
5.2754e+06
5.85471e+06
6.34169e+06
6.72866e+06
7.0095e+06
7.17981e+06
7.23688e+06
7.17982e+06
7.00953e+06
6.7287e+06
6.34175e+06
5.85479e+06
5.27546e+06
4.61299e+06
3.87774e+06
3.08136e+06
2.23633e+06
1.35603e+06
454424
454237
1.35591e+06
2.23619e+06
3.08121e+06
3.87763e+06
4.61289e+06
5.2754e+06
5.85471e+06
6.34169e+06
6.72866e+06
7.0095e+06
7.17981e+06
7.23688e+06
7.17982e+06
7.00953e+06
6.7287e+06
6.34175e+06
5.85479e+06
5.27546e+06
4.61299e+06
3.87774e+06
3.08136e+06
2.23633e+06
1.35603e+06
454424
449448
1.34161e+06
2.21261e+06
3.04871e+06
3.83672e+06
4.56423e+06
5.21975e+06
5.79295e+06
6.27479e+06
6.65768e+06
6.93556e+06
7.10407e+06
7.16054e+06
7.10408e+06
6.93559e+06
6.65772e+06
6.27485e+06
5.79303e+06
5.21981e+06
4.56433e+06
3.83683e+06
3.04886e+06
2.21274e+06
1.34173e+06
449631
455424
1.35945e+06
2.24204e+06
3.08926e+06
3.88776e+06
4.62495e+06
5.28919e+06
5.87002e+06
6.35827e+06
6.74624e+06
7.02783e+06
7.19857e+06
7.2558e+06
7.19859e+06
7.02786e+06
6.74629e+06
6.35833e+06
5.87009e+06
5.28925e+06
4.62505e+06
3.88787e+06
3.08942e+06
2.24217e+06
1.35958e+06
455612
450268
1.34406e+06
2.21665e+06
3.05428e+06
3.84373e+06
4.57257e+06
5.22929e+06
5.80354e+06
6.28626e+06
6.66984e+06
6.94823e+06
7.11705e+06
7.17362e+06
7.11706e+06
6.94826e+06
6.66989e+06
6.28632e+06
5.80361e+06
5.22935e+06
4.57267e+06
3.84384e+06
3.05443e+06
2.21678e+06
1.34418e+06
450452
454237
1.35591e+06
2.23619e+06
3.08121e+06
3.87763e+06
4.61289e+06
5.2754e+06
5.85471e+06
6.34169e+06
6.72866e+06
7.0095e+06
7.17981e+06
7.23688e+06
7.17982e+06
7.00953e+06
6.7287e+06
6.34175e+06
5.85479e+06
5.27546e+06
4.61299e+06
3.87774e+06
3.08136e+06
2.23633e+06
1.35603e+06
454424
449448
1.34161e+06
2.21261e+06
3.04871e+06
3.83672e+06
4.56423e+06
5.21975e+06
5.79295e+06
6.27479e+06
6.65768e+06
6.93556e+06
7.10407e+06
7.16054e+06
7.10408e+06
6.93559e+06
6.65772e+06
6.27485e+06
5.79302e+06
5.21981e+06
4.56433e+06
3.83683e+06
3.04885e+06
2.21274e+06
1.34173e+06
449631
449448
1.34161e+06
2.21261e+06
3.04871e+06
3.83672e+06
4.56423e+06
5.21975e+06
5.79295e+06
6.27479e+06
6.65768e+06
6.93556e+06
7.10407e+06
7.16054e+06
7.10408e+06
6.93559e+06
6.65772e+06
6.27485e+06
5.79303e+06
5.21981e+06
4.56433e+06
3.83683e+06
3.04885e+06
2.21274e+06
1.34173e+06
449631
454237
1.35591e+06
2.23619e+06
3.08121e+06
3.87763e+06
4.61289e+06
5.2754e+06
5.85471e+06
6.34169e+06
6.72866e+06
7.0095e+06
7.17981e+06
7.23688e+06
7.17982e+06
7.00953e+06
6.7287e+06
6.34175e+06
5.85479e+06
5.27546e+06
4.61299e+06
3.87774e+06
3.08136e+06
2.23633e+06
1.35603e+06
454424
)
;

boundaryField
{
    outletCentralUnloaded
    {
        type            calculated;
        value           uniform 0;
    }
    inletCentralUnloaded
    {
        type            calculated;
        value           uniform 0;
    }
    outletFuelElement
    {
        type            calculated;
        value           uniform 0;
    }
    inletFuelElement
    {
        type            calculated;
        value           nonuniform List<scalar> 
12
(
3.04908e+06
3.04787e+06
3.04899e+06
3.04819e+06
3.04819e+06
3.04899e+06
3.04787e+06
3.04908e+06
3.04819e+06
3.049e+06
3.04899e+06
3.04819e+06
)
;
    }
    defaultFaces
    {
        type            calculated;
        value           nonuniform List<scalar> 
450
(
0
0
0
0
0
0
0
0
0
0
0
0
0
0
0
0
0
0
0
0
0
0
0
0
0
0
0
0
0
0
0
0
0
0
0
0
0
0
0
0
0
0
0
0
0
0
0
0
1.25076e+06
1.25076e+06
1.25076e+06
2.34073e+06
2.34073e+06
2.34073e+06
3.08326e+06
3.08326e+06
3.08326e+06
3.50333e+06
3.50333e+06
3.50333e+06
3.64456e+06
3.64456e+06
3.64456e+06
3.57236e+06
3.57236e+06
3.57236e+06
3.37683e+06
3.37683e+06
3.37683e+06
3.16973e+06
3.16973e+06
3.16973e+06
3.01554e+06
3.01554e+06
3.01554e+06
0
0
0
0
0
0
0
0
0
0
0
0
0
0
0
0
0
0
0
0
0
0
0
0
0
0
0
0
0
0
0
0
1.26938e+06
1.26938e+06
2.35357e+06
2.35357e+06
3.09158e+06
3.09158e+06
3.50831e+06
3.50831e+06
3.64728e+06
3.64728e+06
3.57369e+06
3.57369e+06
3.3774e+06
3.3774e+06
3.16986e+06
3.16986e+06
3.01551e+06
3.01551e+06
0
0
0
0
0
0
0
0
0
0
0
0
0
0
0
0
1.15529e+06
2.2742e+06
3.0394e+06
3.47617e+06
3.62871e+06
3.56329e+06
3.37137e+06
3.16637e+06
3.01436e+06
0
0
0
0
0
0
0
0
0
0
0
0
0
0
0
0
1.15529e+06
2.2742e+06
3.0394e+06
3.47617e+06
3.62871e+06
3.56329e+06
3.37137e+06
3.16637e+06
3.01436e+06
0
0
0
0
0
0
0
0
0
0
0
0
0
0
0
0
0
0
0
0
0
0
0
0
0
0
0
0
0
0
0
0
1.26937e+06
1.26937e+06
2.35356e+06
2.35356e+06
3.09157e+06
3.09157e+06
3.5083e+06
3.5083e+06
3.64728e+06
3.64728e+06
3.57368e+06
3.57368e+06
3.37739e+06
3.37739e+06
3.16985e+06
3.16985e+06
3.01551e+06
3.01551e+06
0
0
0
0
0
0
0
0
0
0
0
0
0
0
0
0
0
0
0
0
0
0
0
0
0
0
0
0
0
0
0
0
0
0
0
0
0
0
0
0
0
0
0
0
0
0
0
0
1.25076e+06
1.25076e+06
1.25076e+06
2.34073e+06
2.34073e+06
2.34073e+06
3.08326e+06
3.08326e+06
3.08326e+06
3.50333e+06
3.50333e+06
3.50333e+06
3.64457e+06
3.64457e+06
3.64457e+06
3.57236e+06
3.57236e+06
3.57236e+06
3.37684e+06
3.37684e+06
3.37684e+06
3.16973e+06
3.16973e+06
3.16973e+06
3.01554e+06
3.01554e+06
3.01554e+06
0
0
0
0
0
0
0
0
0
0
0
0
0
0
0
0
1.15529e+06
2.2742e+06
3.0394e+06
3.47617e+06
3.62871e+06
3.56329e+06
3.37137e+06
3.16637e+06
3.01436e+06
0
0
0
0
0
0
0
0
0
0
0
0
0
0
0
0
0
0
0
0
0
0
0
0
0
0
0
0
0
0
0
0
1.26938e+06
1.26938e+06
2.35357e+06
2.35357e+06
3.09157e+06
3.09157e+06
3.50831e+06
3.50831e+06
3.64728e+06
3.64728e+06
3.57369e+06
3.57369e+06
3.3774e+06
3.3774e+06
3.16986e+06
3.16986e+06
3.01551e+06
3.01551e+06
0
0
0
0
0
0
0
0
0
0
0
0
0
0
0
0
0
0
0
0
0
0
0
0
0
0
0
0
0
0
0
0
1.26937e+06
1.26937e+06
2.35356e+06
2.35356e+06
3.09157e+06
3.09157e+06
3.5083e+06
3.5083e+06
3.64728e+06
3.64728e+06
3.57368e+06
3.57368e+06
3.37739e+06
3.37739e+06
3.16985e+06
3.16985e+06
3.01551e+06
3.01551e+06
0
0
0
0
0
0
0
0
0
0
0
0
0
0
0
0
1.15529e+06
2.2742e+06
3.0394e+06
3.47617e+06
3.62871e+06
3.56329e+06
3.37137e+06
3.16637e+06
3.01436e+06
)
;
    }
    baffle_master
    {
        type            calculated;
        value           uniform 0;
    }
    baffle_slave
    {
        type            calculated;
        value           nonuniform List<scalar> 
150
(
0
0
0
0
0
0
0
0
0
0
0
0
0
0
0
0
0
0
0
0
0
0
0
0
0
0
0
0
0
0
0
0
0
0
0
0
0
0
0
0
0
0
0
0
0
0
0
0
1.12652e+06
1.15529e+06
1.15529e+06
2.2541e+06
2.2742e+06
2.2742e+06
3.02611e+06
3.0394e+06
3.0394e+06
3.46791e+06
3.47617e+06
3.47617e+06
3.62386e+06
3.62871e+06
3.62871e+06
3.56049e+06
3.56329e+06
3.56329e+06
3.36964e+06
3.37137e+06
3.37137e+06
3.16527e+06
3.16637e+06
3.16637e+06
3.01396e+06
3.01436e+06
3.01436e+06
0
0
0
0
0
0
0
0
0
0
0
0
0
0
0
0
0
0
0
0
0
0
0
0
0
0
0
0
0
0
0
0
0
0
0
0
0
0
0
0
0
0
0
0
0
0
0
0
1.15529e+06
1.12652e+06
1.15529e+06
2.2742e+06
2.2541e+06
2.2742e+06
3.0394e+06
3.02611e+06
3.0394e+06
3.47617e+06
3.46791e+06
3.47617e+06
3.62871e+06
3.62386e+06
3.62871e+06
3.56329e+06
3.56049e+06
3.56329e+06
3.37137e+06
3.36964e+06
3.37137e+06
3.16637e+06
3.16527e+06
3.16637e+06
3.01436e+06
3.01396e+06
3.01436e+06
)
;
    }
}


// ************************************************************************* //
