/*--------------------------------*- C++ -*----------------------------------*\
| =========                 |                                                 |
| \\      /  F ield         | OpenFOAM: The Open Source CFD Toolbox           |
|  \\    /   O peration     | Version:  2212                                  |
|   \\  /    A nd           | Website:  www.openfoam.com                      |
|    \\/     M anipulation  |                                                 |
\*---------------------------------------------------------------------------*/
FoamFile
{
    version     2.0;
    format      ascii;
    arch        "LSB;label=32;scalar=64";
    class       volTensorField;
    location    "73/fluidRegion";
    object      Kd;
}
// * * * * * * * * * * * * * * * * * * * * * * * * * * * * * * * * * * * * * //

dimensions      [1 -3 -1 0 0 0 0];

internalField   nonuniform List<tensor> 
350
(
(84.7389 0 0 0 84.7389 0 0 0 84.7389)
(84.7396 0 0 0 84.7396 0 0 0 84.7396)
(84.7408 0 0 0 84.7408 0 0 0 84.7408)
(84.7423 0 0 0 84.7423 0 0 0 84.7423)
(84.7436 0 0 0 84.7436 0 0 0 84.7436)
(84.7445 0 0 0 84.7445 0 0 0 84.7445)
(84.7448 0 0 0 84.7448 0 0 0 84.7448)
(84.7446 0 0 0 84.7446 0 0 0 84.7446)
(84.7441 0 0 0 84.7441 0 0 0 84.7441)
(84.7435 0 0 0 84.7435 0 0 0 84.7435)
(84.7431 0 0 0 84.7431 0 0 0 84.7431)
(84.7429 0 0 0 84.7429 0 0 0 84.7429)
(84.7429 0 0 0 84.7429 0 0 0 84.7429)
(84.7429 0 0 0 84.7429 0 0 0 84.7429)
(84.7427 0 0 0 84.7427 0 0 0 84.7427)
(84.7421 0 0 0 84.7421 0 0 0 84.7421)
(84.7412 0 0 0 84.7412 0 0 0 84.7412)
(84.7401 0 0 0 84.7401 0 0 0 84.7401)
(84.7388 0 0 0 84.7388 0 0 0 84.7388)
(84.7378 0 0 0 84.7378 0 0 0 84.7378)
(84.7371 0 0 0 84.7371 0 0 0 84.7371)
(84.7371 0 0 0 84.7371 0 0 0 84.7371)
(84.7379 0 0 0 84.7379 0 0 0 84.7379)
(84.7392 0 0 0 84.7392 0 0 0 84.7392)
(84.8727 0 0 0 84.8727 0 0 0 84.8727)
(84.7389 0 0 0 84.7389 0 0 0 84.7389)
(84.7396 0 0 0 84.7396 0 0 0 84.7396)
(84.7408 0 0 0 84.7408 0 0 0 84.7408)
(84.7423 0 0 0 84.7423 0 0 0 84.7423)
(84.7436 0 0 0 84.7436 0 0 0 84.7436)
(84.7445 0 0 0 84.7445 0 0 0 84.7445)
(84.7448 0 0 0 84.7448 0 0 0 84.7448)
(84.7446 0 0 0 84.7446 0 0 0 84.7446)
(84.7441 0 0 0 84.7441 0 0 0 84.7441)
(84.7435 0 0 0 84.7435 0 0 0 84.7435)
(84.7431 0 0 0 84.7431 0 0 0 84.7431)
(84.7429 0 0 0 84.7429 0 0 0 84.7429)
(84.7429 0 0 0 84.7429 0 0 0 84.7429)
(84.7429 0 0 0 84.7429 0 0 0 84.7429)
(84.7427 0 0 0 84.7427 0 0 0 84.7427)
(84.7421 0 0 0 84.7421 0 0 0 84.7421)
(84.7412 0 0 0 84.7412 0 0 0 84.7412)
(84.7401 0 0 0 84.7401 0 0 0 84.7401)
(84.7388 0 0 0 84.7388 0 0 0 84.7388)
(84.7378 0 0 0 84.7378 0 0 0 84.7378)
(84.7371 0 0 0 84.7371 0 0 0 84.7371)
(84.7371 0 0 0 84.7371 0 0 0 84.7371)
(84.7379 0 0 0 84.7379 0 0 0 84.7379)
(84.7392 0 0 0 84.7392 0 0 0 84.7392)
(84.8727 0 0 0 84.8727 0 0 0 84.8727)
(682.655 0 0 0 682.655 0 0 0 682.655)
(682.202 0 0 0 682.202 0 0 0 682.202)
(682.214 0 0 0 682.214 0 0 0 682.214)
(682.216 0 0 0 682.216 0 0 0 682.216)
(682.206 0 0 0 682.206 0 0 0 682.206)
(682.184 0 0 0 682.184 0 0 0 682.184)
(682.148 0 0 0 682.148 0 0 0 682.148)
(682.096 0 0 0 682.096 0 0 0 682.096)
(682.027 0 0 0 682.027 0 0 0 682.027)
(681.938 0 0 0 681.938 0 0 0 681.938)
(681.828 0 0 0 681.828 0 0 0 681.828)
(681.696 0 0 0 681.696 0 0 0 681.696)
(681.544 0 0 0 681.544 0 0 0 681.544)
(681.371 0 0 0 681.371 0 0 0 681.371)
(681.174 0 0 0 681.174 0 0 0 681.174)
(680.945 0 0 0 680.945 0 0 0 680.945)
(680.665 0 0 0 680.665 0 0 0 680.665)
(680.318 0 0 0 680.318 0 0 0 680.318)
(679.896 0 0 0 679.896 0 0 0 679.896)
(679.453 0 0 0 679.453 0 0 0 679.453)
(679.169 0 0 0 679.169 0 0 0 679.169)
(679.595 0 0 0 679.595 0 0 0 679.595)
(682.064 0 0 0 682.064 0 0 0 682.064)
(688.947 0 0 0 688.947 0 0 0 688.947)
(693.466 0 0 0 693.466 0 0 0 693.466)
(678.114 0 0 0 678.114 0 0 0 678.114)
(677.59 0 0 0 677.59 0 0 0 677.59)
(677.563 0 0 0 677.563 0 0 0 677.563)
(677.526 0 0 0 677.526 0 0 0 677.526)
(677.481 0 0 0 677.481 0 0 0 677.481)
(677.426 0 0 0 677.426 0 0 0 677.426)
(677.359 0 0 0 677.359 0 0 0 677.359)
(677.279 0 0 0 677.279 0 0 0 677.279)
(677.182 0 0 0 677.182 0 0 0 677.182)
(677.069 0 0 0 677.069 0 0 0 677.069)
(676.939 0 0 0 676.939 0 0 0 676.939)
(676.796 0 0 0 676.796 0 0 0 676.796)
(676.646 0 0 0 676.646 0 0 0 676.646)
(676.499 0 0 0 676.499 0 0 0 676.499)
(676.362 0 0 0 676.362 0 0 0 676.362)
(676.235 0 0 0 676.235 0 0 0 676.235)
(676.106 0 0 0 676.106 0 0 0 676.106)
(675.96 0 0 0 675.96 0 0 0 675.96)
(675.788 0 0 0 675.788 0 0 0 675.788)
(675.65 0 0 0 675.65 0 0 0 675.65)
(675.738 0 0 0 675.738 0 0 0 675.738)
(676.636 0 0 0 676.636 0 0 0 676.636)
(679.733 0 0 0 679.733 0 0 0 679.733)
(687.457 0 0 0 687.457 0 0 0 687.457)
(692.981 0 0 0 692.981 0 0 0 692.981)
(683.414 0 0 0 683.414 0 0 0 683.414)
(682.957 0 0 0 682.957 0 0 0 682.957)
(682.972 0 0 0 682.972 0 0 0 682.972)
(682.977 0 0 0 682.977 0 0 0 682.977)
(682.97 0 0 0 682.97 0 0 0 682.97)
(682.95 0 0 0 682.95 0 0 0 682.95)
(682.915 0 0 0 682.915 0 0 0 682.915)
(682.864 0 0 0 682.864 0 0 0 682.864)
(682.795 0 0 0 682.795 0 0 0 682.795)
(682.706 0 0 0 682.706 0 0 0 682.706)
(682.594 0 0 0 682.594 0 0 0 682.594)
(682.459 0 0 0 682.459 0 0 0 682.459)
(682.301 0 0 0 682.301 0 0 0 682.301)
(682.118 0 0 0 682.118 0 0 0 682.118)
(681.905 0 0 0 681.905 0 0 0 681.905)
(681.651 0 0 0 681.651 0 0 0 681.651)
(681.34 0 0 0 681.34 0 0 0 681.34)
(680.952 0 0 0 680.952 0 0 0 680.952)
(680.481 0 0 0 680.481 0 0 0 680.481)
(679.978 0 0 0 679.978 0 0 0 679.978)
(679.622 0 0 0 679.622 0 0 0 679.622)
(679.957 0 0 0 679.957 0 0 0 679.957)
(682.311 0 0 0 682.311 0 0 0 682.311)
(689.059 0 0 0 689.059 0 0 0 689.059)
(693.483 0 0 0 693.483 0 0 0 693.483)
(679.131 0 0 0 679.131 0 0 0 679.131)
(678.626 0 0 0 678.626 0 0 0 678.626)
(678.61 0 0 0 678.61 0 0 0 678.61)
(678.584 0 0 0 678.584 0 0 0 678.584)
(678.549 0 0 0 678.549 0 0 0 678.549)
(678.503 0 0 0 678.503 0 0 0 678.503)
(678.445 0 0 0 678.445 0 0 0 678.445)
(678.373 0 0 0 678.373 0 0 0 678.373)
(678.285 0 0 0 678.285 0 0 0 678.285)
(678.179 0 0 0 678.179 0 0 0 678.179)
(678.055 0 0 0 678.055 0 0 0 678.055)
(677.916 0 0 0 677.916 0 0 0 677.916)
(677.767 0 0 0 677.767 0 0 0 677.767)
(677.617 0 0 0 677.617 0 0 0 677.617)
(677.468 0 0 0 677.468 0 0 0 677.468)
(677.319 0 0 0 677.319 0 0 0 677.319)
(677.158 0 0 0 677.158 0 0 0 677.158)
(676.967 0 0 0 676.967 0 0 0 676.967)
(676.739 0 0 0 676.739 0 0 0 676.739)
(676.533 0 0 0 676.533 0 0 0 676.533)
(676.537 0 0 0 676.537 0 0 0 676.537)
(677.329 0 0 0 677.329 0 0 0 677.329)
(680.284 0 0 0 680.284 0 0 0 680.284)
(687.816 0 0 0 687.816 0 0 0 687.816)
(693.101 0 0 0 693.101 0 0 0 693.101)
(679.13 0 0 0 679.13 0 0 0 679.13)
(678.626 0 0 0 678.626 0 0 0 678.626)
(678.61 0 0 0 678.61 0 0 0 678.61)
(678.584 0 0 0 678.584 0 0 0 678.584)
(678.549 0 0 0 678.549 0 0 0 678.549)
(678.503 0 0 0 678.503 0 0 0 678.503)
(678.445 0 0 0 678.445 0 0 0 678.445)
(678.373 0 0 0 678.373 0 0 0 678.373)
(678.285 0 0 0 678.285 0 0 0 678.285)
(678.179 0 0 0 678.179 0 0 0 678.179)
(678.055 0 0 0 678.055 0 0 0 678.055)
(677.916 0 0 0 677.916 0 0 0 677.916)
(677.767 0 0 0 677.767 0 0 0 677.767)
(677.617 0 0 0 677.617 0 0 0 677.617)
(677.468 0 0 0 677.468 0 0 0 677.468)
(677.319 0 0 0 677.319 0 0 0 677.319)
(677.158 0 0 0 677.158 0 0 0 677.158)
(676.967 0 0 0 676.967 0 0 0 676.967)
(676.739 0 0 0 676.739 0 0 0 676.739)
(676.533 0 0 0 676.533 0 0 0 676.533)
(676.537 0 0 0 676.537 0 0 0 676.537)
(677.329 0 0 0 677.329 0 0 0 677.329)
(680.284 0 0 0 680.284 0 0 0 680.284)
(687.816 0 0 0 687.816 0 0 0 687.816)
(693.101 0 0 0 693.101 0 0 0 693.101)
(683.414 0 0 0 683.414 0 0 0 683.414)
(682.957 0 0 0 682.957 0 0 0 682.957)
(682.972 0 0 0 682.972 0 0 0 682.972)
(682.977 0 0 0 682.977 0 0 0 682.977)
(682.97 0 0 0 682.97 0 0 0 682.97)
(682.949 0 0 0 682.949 0 0 0 682.949)
(682.915 0 0 0 682.915 0 0 0 682.915)
(682.864 0 0 0 682.864 0 0 0 682.864)
(682.795 0 0 0 682.795 0 0 0 682.795)
(682.705 0 0 0 682.705 0 0 0 682.705)
(682.594 0 0 0 682.594 0 0 0 682.594)
(682.459 0 0 0 682.459 0 0 0 682.459)
(682.301 0 0 0 682.301 0 0 0 682.301)
(682.117 0 0 0 682.117 0 0 0 682.117)
(681.904 0 0 0 681.904 0 0 0 681.904)
(681.651 0 0 0 681.651 0 0 0 681.651)
(681.339 0 0 0 681.339 0 0 0 681.339)
(680.952 0 0 0 680.952 0 0 0 680.952)
(680.48 0 0 0 680.48 0 0 0 680.48)
(679.977 0 0 0 679.977 0 0 0 679.977)
(679.621 0 0 0 679.621 0 0 0 679.621)
(679.956 0 0 0 679.956 0 0 0 679.956)
(682.31 0 0 0 682.31 0 0 0 682.31)
(689.057 0 0 0 689.057 0 0 0 689.057)
(693.482 0 0 0 693.482 0 0 0 693.482)
(678.114 0 0 0 678.114 0 0 0 678.114)
(677.59 0 0 0 677.59 0 0 0 677.59)
(677.563 0 0 0 677.563 0 0 0 677.563)
(677.526 0 0 0 677.526 0 0 0 677.526)
(677.481 0 0 0 677.481 0 0 0 677.481)
(677.426 0 0 0 677.426 0 0 0 677.426)
(677.359 0 0 0 677.359 0 0 0 677.359)
(677.279 0 0 0 677.279 0 0 0 677.279)
(677.182 0 0 0 677.182 0 0 0 677.182)
(677.069 0 0 0 677.069 0 0 0 677.069)
(676.939 0 0 0 676.939 0 0 0 676.939)
(676.796 0 0 0 676.796 0 0 0 676.796)
(676.646 0 0 0 676.646 0 0 0 676.646)
(676.499 0 0 0 676.499 0 0 0 676.499)
(676.362 0 0 0 676.362 0 0 0 676.362)
(676.235 0 0 0 676.235 0 0 0 676.235)
(676.106 0 0 0 676.106 0 0 0 676.106)
(675.96 0 0 0 675.96 0 0 0 675.96)
(675.788 0 0 0 675.788 0 0 0 675.788)
(675.65 0 0 0 675.65 0 0 0 675.65)
(675.738 0 0 0 675.738 0 0 0 675.738)
(676.636 0 0 0 676.636 0 0 0 676.636)
(679.733 0 0 0 679.733 0 0 0 679.733)
(687.457 0 0 0 687.457 0 0 0 687.457)
(692.981 0 0 0 692.981 0 0 0 692.981)
(682.655 0 0 0 682.655 0 0 0 682.655)
(682.202 0 0 0 682.202 0 0 0 682.202)
(682.214 0 0 0 682.214 0 0 0 682.214)
(682.216 0 0 0 682.216 0 0 0 682.216)
(682.206 0 0 0 682.206 0 0 0 682.206)
(682.184 0 0 0 682.184 0 0 0 682.184)
(682.148 0 0 0 682.148 0 0 0 682.148)
(682.096 0 0 0 682.096 0 0 0 682.096)
(682.027 0 0 0 682.027 0 0 0 682.027)
(681.938 0 0 0 681.938 0 0 0 681.938)
(681.828 0 0 0 681.828 0 0 0 681.828)
(681.696 0 0 0 681.696 0 0 0 681.696)
(681.544 0 0 0 681.544 0 0 0 681.544)
(681.371 0 0 0 681.371 0 0 0 681.371)
(681.174 0 0 0 681.174 0 0 0 681.174)
(680.945 0 0 0 680.945 0 0 0 680.945)
(680.665 0 0 0 680.665 0 0 0 680.665)
(680.318 0 0 0 680.318 0 0 0 680.318)
(679.896 0 0 0 679.896 0 0 0 679.896)
(679.453 0 0 0 679.453 0 0 0 679.453)
(679.169 0 0 0 679.169 0 0 0 679.169)
(679.595 0 0 0 679.595 0 0 0 679.595)
(682.064 0 0 0 682.064 0 0 0 682.064)
(688.947 0 0 0 688.947 0 0 0 688.947)
(693.466 0 0 0 693.466 0 0 0 693.466)
(679.131 0 0 0 679.131 0 0 0 679.131)
(678.626 0 0 0 678.626 0 0 0 678.626)
(678.61 0 0 0 678.61 0 0 0 678.61)
(678.584 0 0 0 678.584 0 0 0 678.584)
(678.549 0 0 0 678.549 0 0 0 678.549)
(678.503 0 0 0 678.503 0 0 0 678.503)
(678.445 0 0 0 678.445 0 0 0 678.445)
(678.373 0 0 0 678.373 0 0 0 678.373)
(678.285 0 0 0 678.285 0 0 0 678.285)
(678.179 0 0 0 678.179 0 0 0 678.179)
(678.055 0 0 0 678.055 0 0 0 678.055)
(677.916 0 0 0 677.916 0 0 0 677.916)
(677.767 0 0 0 677.767 0 0 0 677.767)
(677.617 0 0 0 677.617 0 0 0 677.617)
(677.468 0 0 0 677.468 0 0 0 677.468)
(677.319 0 0 0 677.319 0 0 0 677.319)
(677.158 0 0 0 677.158 0 0 0 677.158)
(676.967 0 0 0 676.967 0 0 0 676.967)
(676.739 0 0 0 676.739 0 0 0 676.739)
(676.532 0 0 0 676.532 0 0 0 676.532)
(676.537 0 0 0 676.537 0 0 0 676.537)
(677.329 0 0 0 677.329 0 0 0 677.329)
(680.284 0 0 0 680.284 0 0 0 680.284)
(687.816 0 0 0 687.816 0 0 0 687.816)
(693.101 0 0 0 693.101 0 0 0 693.101)
(683.414 0 0 0 683.414 0 0 0 683.414)
(682.957 0 0 0 682.957 0 0 0 682.957)
(682.972 0 0 0 682.972 0 0 0 682.972)
(682.977 0 0 0 682.977 0 0 0 682.977)
(682.97 0 0 0 682.97 0 0 0 682.97)
(682.95 0 0 0 682.95 0 0 0 682.95)
(682.915 0 0 0 682.915 0 0 0 682.915)
(682.864 0 0 0 682.864 0 0 0 682.864)
(682.795 0 0 0 682.795 0 0 0 682.795)
(682.706 0 0 0 682.706 0 0 0 682.706)
(682.594 0 0 0 682.594 0 0 0 682.594)
(682.459 0 0 0 682.459 0 0 0 682.459)
(682.301 0 0 0 682.301 0 0 0 682.301)
(682.118 0 0 0 682.118 0 0 0 682.118)
(681.905 0 0 0 681.905 0 0 0 681.905)
(681.651 0 0 0 681.651 0 0 0 681.651)
(681.34 0 0 0 681.34 0 0 0 681.34)
(680.952 0 0 0 680.952 0 0 0 680.952)
(680.481 0 0 0 680.481 0 0 0 680.481)
(679.978 0 0 0 679.978 0 0 0 679.978)
(679.622 0 0 0 679.622 0 0 0 679.622)
(679.957 0 0 0 679.957 0 0 0 679.957)
(682.311 0 0 0 682.311 0 0 0 682.311)
(689.059 0 0 0 689.059 0 0 0 689.059)
(693.483 0 0 0 693.483 0 0 0 693.483)
(683.414 0 0 0 683.414 0 0 0 683.414)
(682.957 0 0 0 682.957 0 0 0 682.957)
(682.972 0 0 0 682.972 0 0 0 682.972)
(682.977 0 0 0 682.977 0 0 0 682.977)
(682.97 0 0 0 682.97 0 0 0 682.97)
(682.949 0 0 0 682.949 0 0 0 682.949)
(682.915 0 0 0 682.915 0 0 0 682.915)
(682.864 0 0 0 682.864 0 0 0 682.864)
(682.795 0 0 0 682.795 0 0 0 682.795)
(682.705 0 0 0 682.705 0 0 0 682.705)
(682.594 0 0 0 682.594 0 0 0 682.594)
(682.459 0 0 0 682.459 0 0 0 682.459)
(682.301 0 0 0 682.301 0 0 0 682.301)
(682.117 0 0 0 682.117 0 0 0 682.117)
(681.904 0 0 0 681.904 0 0 0 681.904)
(681.651 0 0 0 681.651 0 0 0 681.651)
(681.339 0 0 0 681.339 0 0 0 681.339)
(680.952 0 0 0 680.952 0 0 0 680.952)
(680.48 0 0 0 680.48 0 0 0 680.48)
(679.978 0 0 0 679.978 0 0 0 679.978)
(679.621 0 0 0 679.621 0 0 0 679.621)
(679.956 0 0 0 679.956 0 0 0 679.956)
(682.31 0 0 0 682.31 0 0 0 682.31)
(689.057 0 0 0 689.057 0 0 0 689.057)
(693.482 0 0 0 693.482 0 0 0 693.482)
(679.131 0 0 0 679.131 0 0 0 679.131)
(678.626 0 0 0 678.626 0 0 0 678.626)
(678.61 0 0 0 678.61 0 0 0 678.61)
(678.584 0 0 0 678.584 0 0 0 678.584)
(678.549 0 0 0 678.549 0 0 0 678.549)
(678.503 0 0 0 678.503 0 0 0 678.503)
(678.445 0 0 0 678.445 0 0 0 678.445)
(678.373 0 0 0 678.373 0 0 0 678.373)
(678.285 0 0 0 678.285 0 0 0 678.285)
(678.179 0 0 0 678.179 0 0 0 678.179)
(678.055 0 0 0 678.055 0 0 0 678.055)
(677.916 0 0 0 677.916 0 0 0 677.916)
(677.768 0 0 0 677.768 0 0 0 677.768)
(677.617 0 0 0 677.617 0 0 0 677.617)
(677.468 0 0 0 677.468 0 0 0 677.468)
(677.319 0 0 0 677.319 0 0 0 677.319)
(677.158 0 0 0 677.158 0 0 0 677.158)
(676.967 0 0 0 676.967 0 0 0 676.967)
(676.739 0 0 0 676.739 0 0 0 676.739)
(676.533 0 0 0 676.533 0 0 0 676.533)
(676.537 0 0 0 676.537 0 0 0 676.537)
(677.329 0 0 0 677.329 0 0 0 677.329)
(680.284 0 0 0 680.284 0 0 0 680.284)
(687.816 0 0 0 687.816 0 0 0 687.816)
(693.101 0 0 0 693.101 0 0 0 693.101)
)
;

boundaryField
{
    outletCentralUnloaded
    {
        type            zeroGradient;
    }
    inletCentralUnloaded
    {
        type            zeroGradient;
    }
    outletFuelElement
    {
        type            zeroGradient;
    }
    inletFuelElement
    {
        type            zeroGradient;
    }
    defaultFaces
    {
        type            zeroGradient;
    }
    baffle_master
    {
        type            zeroGradient;
    }
    baffle_slave
    {
        type            zeroGradient;
    }
}


// ************************************************************************* //
