/*--------------------------------*- C++ -*----------------------------------*\
| =========                 |                                                 |
| \\      /  F ield         | OpenFOAM: The Open Source CFD Toolbox           |
|  \\    /   O peration     | Version:  2212                                  |
|   \\  /    A nd           | Website:  www.openfoam.com                      |
|    \\/     M anipulation  |                                                 |
\*---------------------------------------------------------------------------*/
FoamFile
{
    version     2.0;
    format      ascii;
    arch        "LSB;label=32;scalar=64";
    class       volScalarField;
    location    "73/fluidRegion";
    object      nut;
}
// * * * * * * * * * * * * * * * * * * * * * * * * * * * * * * * * * * * * * //

dimensions      [0 2 -1 0 0 0 0];

internalField   nonuniform List<scalar> 
350
(
0.000537591
0.000537549
0.000537513
0.000537478
0.000537443
0.000537402
0.000537358
0.00053731
0.000537261
0.000537214
0.000537171
0.000537131
0.000537095
0.000537061
0.00053703
0.000537003
0.000536982
0.000536974
0.000536986
0.000537032
0.00053713
0.00053731
0.000537613
0.000538103
0.000539493
0.000537591
0.000537549
0.000537513
0.000537478
0.000537443
0.000537402
0.000537358
0.00053731
0.000537261
0.000537214
0.000537171
0.000537131
0.000537095
0.000537061
0.00053703
0.000537003
0.000536982
0.000536974
0.000536986
0.000537032
0.00053713
0.00053731
0.000537613
0.000538103
0.000539493
0.0104228
0.0102032
0.00993151
0.0096039
0.00922537
0.00880107
0.00833637
0.00783674
0.00730783
0.00675551
0.00618592
0.00560565
0.00502183
0.00444221
0.00387506
0.00332887
0.00281181
0.00233124
0.00189342
0.00150355
0.00116624
0.000885938
0.000666912
0.00051177
0.000416364
0.0104902
0.0102695
0.00999681
0.00966774
0.00928731
0.00886074
0.00839339
0.00789077
0.00735857
0.00680266
0.00622921
0.00564484
0.00505672
0.00447267
0.00390104
0.00335044
0.00282918
0.00234473
0.00190343
0.00151056
0.00117075
0.000888498
0.000668101
0.000512151
0.00041643
0.0104119
0.0101924
0.00992084
0.0095935
0.00921531
0.00879142
0.00832717
0.00782805
0.0072997
0.00674798
0.00617903
0.00559943
0.0050163
0.00443739
0.00387096
0.00332546
0.00280905
0.00232909
0.0018918
0.00150239
0.00116546
0.000885448
0.00066663
0.000511621
0.000416314
0.0104753
0.0102548
0.00998231
0.00965353
0.0092735
0.00884741
0.00838062
0.00787865
0.00734716
0.00679204
0.00621944
0.00563598
0.00504882
0.00446576
0.00389514
0.00334553
0.00282522
0.00234165
0.00190115
0.00150896
0.00116973
0.000887922
0.000667839
0.000512075
0.000416421
0.0104753
0.0102548
0.00998231
0.00965353
0.0092735
0.00884741
0.00838062
0.00787865
0.00734716
0.00679204
0.00621944
0.00563598
0.00504882
0.00446576
0.00389514
0.00334553
0.00282522
0.00234165
0.00190115
0.00150896
0.00116973
0.000887922
0.000667839
0.000512075
0.000416421
0.0104119
0.0101924
0.00992084
0.00959351
0.00921531
0.00879143
0.00832718
0.00782806
0.00729971
0.00674798
0.00617903
0.00559943
0.00501631
0.0044374
0.00387096
0.00332546
0.00280905
0.00232909
0.0018918
0.00150239
0.00116546
0.000885447
0.000666629
0.00051162
0.000416314
0.0104902
0.0102695
0.00999681
0.00966774
0.00928731
0.00886074
0.00839339
0.00789077
0.00735857
0.00680266
0.00622921
0.00564484
0.00505672
0.00447267
0.00390104
0.00335044
0.00282918
0.00234473
0.00190343
0.00151056
0.00117075
0.000888499
0.000668101
0.000512151
0.00041643
0.0104228
0.0102032
0.00993151
0.0096039
0.00922537
0.00880107
0.00833637
0.00783674
0.00730783
0.00675551
0.00618592
0.00560565
0.00502183
0.00444221
0.00387506
0.00332887
0.00281181
0.00233124
0.00189342
0.00150355
0.00116624
0.000885939
0.000666913
0.00051177
0.000416364
0.0104753
0.0102548
0.00998231
0.00965353
0.0092735
0.00884741
0.00838062
0.00787865
0.00734716
0.00679204
0.00621944
0.00563598
0.00504882
0.00446576
0.00389514
0.00334553
0.00282522
0.00234165
0.00190115
0.00150896
0.00116973
0.000887922
0.000667839
0.000512075
0.000416421
0.0104119
0.0101924
0.00992084
0.0095935
0.00921531
0.00879142
0.00832717
0.00782805
0.0072997
0.00674798
0.00617903
0.00559943
0.0050163
0.00443739
0.00387096
0.00332546
0.00280905
0.00232909
0.0018918
0.00150239
0.00116546
0.000885447
0.000666628
0.00051162
0.000416313
0.0104119
0.0101924
0.00992084
0.00959351
0.00921531
0.00879143
0.00832718
0.00782806
0.00729971
0.00674798
0.00617903
0.00559943
0.00501631
0.0044374
0.00387096
0.00332546
0.00280905
0.00232909
0.0018918
0.00150239
0.00116546
0.000885447
0.000666629
0.00051162
0.000416313
0.0104753
0.0102548
0.00998231
0.00965353
0.0092735
0.00884741
0.00838062
0.00787865
0.00734716
0.00679204
0.00621944
0.00563598
0.00504882
0.00446576
0.00389514
0.00334553
0.00282522
0.00234165
0.00190115
0.00150896
0.00116973
0.000887923
0.00066784
0.000512076
0.000416422
)
;

boundaryField
{
    outletCentralUnloaded
    {
        type            zeroGradient;
    }
    inletCentralUnloaded
    {
        type            zeroGradient;
    }
    outletFuelElement
    {
        type            zeroGradient;
    }
    inletFuelElement
    {
        type            zeroGradient;
    }
    defaultFaces
    {
        type            zeroGradient;
    }
    baffle_master
    {
        type            calculated;
        value           nonuniform List<scalar> 
150
(
0.000537591
0.000537591
0.000537591
0.000537549
0.000537549
0.000537549
0.000537513
0.000537513
0.000537513
0.000537478
0.000537478
0.000537478
0.000537443
0.000537443
0.000537443
0.000537402
0.000537402
0.000537402
0.000537358
0.000537358
0.000537358
0.00053731
0.00053731
0.00053731
0.000537261
0.000537261
0.000537261
0.000537214
0.000537214
0.000537214
0.000537171
0.000537171
0.000537171
0.000537131
0.000537131
0.000537131
0.000537095
0.000537095
0.000537095
0.000537061
0.000537061
0.000537061
0.00053703
0.00053703
0.00053703
0.000537003
0.000537003
0.000537003
0.000536982
0.000536982
0.000536982
0.000536974
0.000536974
0.000536974
0.000536986
0.000536986
0.000536986
0.000537032
0.000537032
0.000537032
0.00053713
0.00053713
0.00053713
0.00053731
0.00053731
0.00053731
0.000537613
0.000537613
0.000537613
0.000538103
0.000538103
0.000538103
0.000539493
0.000539493
0.000539493
0.000537591
0.000537591
0.000537591
0.000537549
0.000537549
0.000537549
0.000537513
0.000537513
0.000537513
0.000537478
0.000537478
0.000537478
0.000537443
0.000537443
0.000537443
0.000537402
0.000537402
0.000537402
0.000537358
0.000537358
0.000537358
0.00053731
0.00053731
0.00053731
0.000537261
0.000537261
0.000537261
0.000537214
0.000537214
0.000537214
0.000537171
0.000537171
0.000537171
0.000537131
0.000537131
0.000537131
0.000537095
0.000537095
0.000537095
0.000537061
0.000537061
0.000537061
0.00053703
0.00053703
0.00053703
0.000537003
0.000537003
0.000537003
0.000536982
0.000536982
0.000536982
0.000536974
0.000536974
0.000536974
0.000536986
0.000536986
0.000536986
0.000537032
0.000537032
0.000537032
0.00053713
0.00053713
0.00053713
0.00053731
0.00053731
0.00053731
0.000537613
0.000537613
0.000537613
0.000538103
0.000538103
0.000538103
0.000539493
0.000539493
0.000539493
)
;
    }
    baffle_slave
    {
        type            calculated;
        value           nonuniform List<scalar> 
150
(
0.0104902
0.0104753
0.0104753
0.0102695
0.0102548
0.0102548
0.00999681
0.00998231
0.00998231
0.00966774
0.00965353
0.00965353
0.00928731
0.0092735
0.0092735
0.00886074
0.00884741
0.00884741
0.00839339
0.00838062
0.00838062
0.00789077
0.00787865
0.00787865
0.00735857
0.00734716
0.00734716
0.00680266
0.00679204
0.00679204
0.00622921
0.00621944
0.00621944
0.00564484
0.00563598
0.00563598
0.00505672
0.00504882
0.00504882
0.00447267
0.00446576
0.00446576
0.00390104
0.00389514
0.00389514
0.00335044
0.00334553
0.00334553
0.00282918
0.00282522
0.00282522
0.00234473
0.00234165
0.00234165
0.00190343
0.00190115
0.00190115
0.00151056
0.00150896
0.00150896
0.00117075
0.00116973
0.00116973
0.000888498
0.000887922
0.000887923
0.000668101
0.000667839
0.00066784
0.000512151
0.000512075
0.000512076
0.00041643
0.000416421
0.000416422
0.0104753
0.0104902
0.0104753
0.0102548
0.0102695
0.0102548
0.00998231
0.00999681
0.00998231
0.00965353
0.00966774
0.00965353
0.0092735
0.00928731
0.0092735
0.00884741
0.00886074
0.00884741
0.00838062
0.00839339
0.00838062
0.00787865
0.00789077
0.00787865
0.00734716
0.00735857
0.00734716
0.00679204
0.00680266
0.00679204
0.00621944
0.00622921
0.00621944
0.00563598
0.00564484
0.00563598
0.00504882
0.00505672
0.00504882
0.00446576
0.00447267
0.00446576
0.00389514
0.00390104
0.00389514
0.00334553
0.00335044
0.00334553
0.00282522
0.00282918
0.00282522
0.00234165
0.00234473
0.00234165
0.00190115
0.00190343
0.00190115
0.00150896
0.00151056
0.00150896
0.00116973
0.00117075
0.00116973
0.000887922
0.000888499
0.000887922
0.000667839
0.000668101
0.000667839
0.000512075
0.000512151
0.000512075
0.000416421
0.00041643
0.000416421
)
;
    }
}


// ************************************************************************* //
