/*--------------------------------*- C++ -*----------------------------------*\
| =========                 |                                                 |
| \\      /  F ield         | OpenFOAM: The Open Source CFD Toolbox           |
|  \\    /   O peration     | Version:  2212                                  |
|   \\  /    A nd           | Website:  www.openfoam.com                      |
|    \\/     M anipulation  |                                                 |
\*---------------------------------------------------------------------------*/
FoamFile
{
    version     2.0;
    format      ascii;
    arch        "LSB;label=32;scalar=64";
    class       volVectorField;
    location    "73/fluidRegion";
    object      U;
}
// * * * * * * * * * * * * * * * * * * * * * * * * * * * * * * * * * * * * * //

dimensions      [0 1 -1 0 0 0 0];

internalField   nonuniform List<vector> 
350
(
(6.87505e-10 3.9693e-10 -14.9676)
(8.94255e-10 5.16297e-10 -14.9665)
(1.00234e-09 5.78697e-10 -14.9656)
(1.07999e-09 6.23529e-10 -14.9648)
(1.04013e-09 6.0052e-10 -14.9639)
(7.8041e-10 4.50568e-10 -14.9628)
(2.46405e-10 1.42261e-10 -14.9616)
(-4.69887e-10 -2.71288e-10 -14.9603)
(-1.18562e-09 -6.84517e-10 -14.9588)
(-1.71689e-09 -9.91244e-10 -14.9574)
(-1.92017e-09 -1.10861e-09 -14.956)
(-1.76012e-09 -1.0162e-09 -14.9547)
(-1.29094e-09 -7.45324e-10 -14.9535)
(-6.34326e-10 -3.66227e-10 -14.9523)
(3.51011e-11 2.02656e-11 -14.951)
(5.67379e-10 3.27576e-10 -14.9497)
(8.53943e-10 4.93023e-10 -14.9482)
(8.56948e-10 4.94758e-10 -14.9467)
(5.92801e-10 3.42253e-10 -14.9451)
(1.49028e-10 8.60412e-11 -14.9436)
(-3.55886e-10 -2.0547e-10 -14.9422)
(-7.78382e-10 -4.49398e-10 -14.9409)
(-9.05698e-10 -5.22903e-10 -14.9399)
(-2.35675e-10 -1.36067e-10 -14.9391)
(1.06635e-09 6.15656e-10 -14.9694)
(6.87505e-10 3.9693e-10 -14.9676)
(8.94255e-10 5.16297e-10 -14.9665)
(1.00234e-09 5.78697e-10 -14.9656)
(1.07999e-09 6.23529e-10 -14.9648)
(1.04013e-09 6.0052e-10 -14.9639)
(7.8041e-10 4.50568e-10 -14.9628)
(2.46405e-10 1.42261e-10 -14.9616)
(-4.69887e-10 -2.71288e-10 -14.9603)
(-1.18562e-09 -6.84517e-10 -14.9588)
(-1.71689e-09 -9.91244e-10 -14.9574)
(-1.92017e-09 -1.10861e-09 -14.956)
(-1.76012e-09 -1.0162e-09 -14.9547)
(-1.29094e-09 -7.45324e-10 -14.9535)
(-6.34327e-10 -3.66227e-10 -14.9523)
(3.51011e-11 2.02656e-11 -14.951)
(5.67379e-10 3.27576e-10 -14.9497)
(8.53943e-10 4.93023e-10 -14.9482)
(8.56948e-10 4.94758e-10 -14.9467)
(5.92801e-10 3.42253e-10 -14.9451)
(1.49028e-10 8.60412e-11 -14.9436)
(-3.55886e-10 -2.0547e-10 -14.9422)
(-7.78382e-10 -4.49398e-10 -14.9409)
(-9.05698e-10 -5.22903e-10 -14.9399)
(-2.35675e-10 -1.36067e-10 -14.9391)
(1.06635e-09 6.15656e-10 -14.9694)
(-0.00197671 -0.00114125 -423.819)
(-0.000939137 -0.000542211 -415.829)
(-0.00101748 -0.000587442 -405.725)
(-0.000915704 -0.000528681 -393.295)
(-0.000829 -0.000478623 -378.734)
(-0.000748675 -0.000432247 -362.245)
(-0.000674274 -0.000389292 -344.035)
(-0.000602135 -0.000347643 -324.321)
(-0.000524225 -0.000302661 -303.322)
(-0.000427333 -0.000246721 -281.267)
(-0.000294867 -0.000170242 -258.394)
(-0.000110519 -6.3808e-05 -234.96)
(0.000130573 7.53862e-05 -211.246)
(0.000408981 0.000236125 -187.563)
(0.000693222 0.000400231 -164.251)
(0.00093552 0.000540122 -141.662)
(0.00109847 0.000634201 -120.143)
(0.00117204 0.000676678 -100.009)
(0.00117537 0.000678598 -81.5289)
(0.00114254 0.000659647 -64.9227)
(0.00110419 0.000637506 -50.3822)
(0.00106768 0.000616425 -38.0953)
(0.00101786 0.000587659 -28.2706)
(0.00088341 0.000510037 -21.1346)
(0.000841341 0.000485748 -16.6338)
(-0.00192753 -0.00110505 -426.552)
(-0.000707397 -0.00037869 -418.52)
(-0.000798698 -0.000430863 -408.383)
(-0.000728945 -0.000388841 -395.9)
(-0.000669941 -0.000353182 -381.268)
(-0.000615404 -0.000319637 -364.691)
(-0.000564837 -0.000288017 -346.38)
(-0.000515376 -0.000257035 -326.55)
(-0.000461238 -0.000222976 -305.422)
(-0.000392959 -0.000180311 -283.225)
(-0.000299049 -0.000122585 -260.199)
(-0.000167768 -4.35817e-05 -236.602)
(4.47856e-06 6.01872e-05 -212.715)
(0.000197134 0.000176126 -188.853)
(0.000392791 0.000294176 -165.357)
(0.000557583 0.000394576 -142.586)
(0.00066671 0.00046307 -120.893)
(0.000714583 0.000495902 -100.596)
(0.000714874 0.000500938 -81.9684)
(0.000691756 0.000490246 -65.2337)
(0.000666188 0.000476178 -50.5853)
(0.000646615 0.000459587 -38.2126)
(0.00062646 0.000439253 -28.3257)
(0.000574086 0.000390515 -21.1516)
(0.000610301 0.000382213 -16.6358)
(-0.000889115 -0.000651045 -423.382)
(-0.000521737 -0.000945419 -415.391)
(-0.000509071 -0.000903553 -405.294)
(-0.000465139 -0.000793075 -392.875)
(-0.000424127 -0.000695828 -378.326)
(-0.000386563 -0.000606031 -361.852)
(-0.000351287 -0.000523066 -343.66)
(-0.000315557 -0.000442954 -323.966)
(-0.000273914 -0.000356728 -302.988)
(-0.000218265 -0.000249674 -280.956)
(-0.000139304 -0.000102541 -258.108)
(-3.02923e-05 0.000101238 -234.701)
(0.000111525 0.000365723 -211.014)
(0.000264797 0.000682119 -187.361)
(0.000415487 0.0010044 -164.077)
(0.000536255 0.00127944 -141.516)
(0.000609974 0.00146336 -120.024)
(0.000635508 0.00154388 -99.9162)
(0.000626036 0.00154335 -81.4583)
(0.000600671 0.00150078 -64.8715)
(0.000573465 0.00145017 -50.3472)
(0.000549767 0.00139437 -38.0731)
(0.000512723 0.00129885 -28.2576)
(0.000449449 0.00105352 -21.1277)
(0.000393999 0.000830062 -16.6315)
(-0.000982417 -0.000567197 -425.943)
(-0.000924045 -0.000533496 -417.921)
(-0.000890348 -0.000514041 -407.789)
(-0.000793634 -0.000458203 -395.317)
(-0.000707079 -0.000408231 -380.7)
(-0.000627228 -0.000362129 -364.141)
(-0.000552867 -0.000319197 -345.852)
(-0.000479948 -0.000277097 -326.047)
(-0.000399266 -0.000230516 -304.948)
(-0.000296479 -0.000171171 -282.782)
(-0.00015385 -8.88249e-05 -259.79)
(4.32558e-05 2.49737e-05 -236.229)
(0.000299193 0.000172738 -212.381)
(0.000594727 0.000343365 -188.56)
(0.000892401 0.000515227 -165.105)
(0.00114167 0.000659139 -142.376)
(0.00130416 0.000752953 -120.721)
(0.00137136 0.000791751 -100.462)
(0.00136559 0.000788421 -81.8681)
(0.00132307 0.000763875 -65.1628)
(0.00127383 0.000735444 -50.5392)
(0.00122326 0.000706248 -38.1862)
(0.00113938 0.000657819 -28.3135)
(0.000945371 0.000545809 -21.1483)
(0.000770051 0.000444588 -16.6356)
(0.000948606 0.000547676 -425.943)
(0.000908268 0.000524388 -417.921)
(0.000872744 0.000503878 -407.789)
(0.000776393 0.00044825 -395.317)
(0.000689837 0.000398277 -380.7)
(0.000610451 0.000352443 -364.141)
(0.000537246 0.000310178 -345.852)
(0.000465617 0.000268823 -326.047)
(0.00038688 0.000223365 -304.948)
(0.00028677 0.000165566 -282.782)
(0.000147067 8.49091e-05 -259.79)
(-4.68784e-05 -2.70652e-05 -236.229)
(-0.000298863 -0.000172548 -212.381)
(-0.000589962 -0.000340614 -188.56)
(-0.000882641 -0.000509592 -165.105)
(-0.00112669 -0.000650493 -142.376)
(-0.00128439 -0.000741542 -120.721)
(-0.00134779 -0.000778146 -100.462)
(-0.00133899 -0.000773067 -81.8681)
(-0.00129492 -0.00074762 -65.1628)
(-0.00124563 -0.000719162 -50.5392)
(-0.0011962 -0.000690624 -38.1862)
(-0.00111382 -0.000643062 -28.3135)
(-0.000924785 -0.000533924 -21.1483)
(-0.000754334 -0.000435514 -16.6356)
(0.000988581 0.000441984 -423.382)
(0.00107403 -3.44019e-05 -415.391)
(0.00103013 -2.45104e-05 -405.294)
(0.000912816 -8.05929e-06 -392.875)
(0.000808351 3.87223e-06 -378.327)
(0.000712336 1.50159e-05 -361.852)
(0.000623712 2.46971e-05 -343.66)
(0.000537501 3.22679e-05 -323.966)
(0.000443377 3.77981e-05 -302.989)
(0.000324569 4.1575e-05 -280.957)
(0.000159616 4.494e-05 -258.108)
(-6.94205e-05 5.05988e-05 -234.701)
(-0.000366775 5.75951e-05 -211.015)
(-0.000714655 8.10371e-05 -187.361)
(-0.00106615 0.000109969 -164.077)
(-0.00136176 0.000141667 -141.516)
(-0.00155519 0.000168997 -120.024)
(-0.00163553 0.000187123 -99.9162)
(-0.00162873 0.00019649 -81.4583)
(-0.00157853 0.000200259 -64.8715)
(-0.0015213 0.000203004 -50.3472)
(-0.00146234 0.000201833 -38.0731)
(-0.00136285 0.000194076 -28.2576)
(-0.00112265 0.000132352 -21.1277)
(-0.000904824 7.24692e-05 -16.6315)
(0.00190592 0.00113627 -426.552)
(0.000681336 0.000415554 -418.52)
(0.00077136 0.000469798 -408.383)
(0.000700791 0.000429117 -395.9)
(0.000640938 0.000394315 -381.268)
(0.000585516 0.000361915 -364.691)
(0.000534173 0.000331489 -346.38)
(0.000484135 0.000301218 -326.55)
(0.000429625 0.000267933 -305.422)
(0.000361103 0.000226122 -283.225)
(0.000267038 0.000169034 -260.199)
(0.000135749 9.04756e-05 -236.602)
(-3.57117e-05 -1.32752e-05 -212.715)
(-0.000227283 -0.00012879 -188.853)
(-0.000420968 -0.000246332 -165.357)
(-0.000582568 -0.000346363 -142.586)
(-0.000687067 -0.00041453 -120.893)
(-0.000728221 -0.000447392 -100.596)
(-0.000718744 -0.000452567 -81.9684)
(-0.000681767 -0.000443839 -65.2337)
(-0.000638899 -0.000432559 -50.5853)
(-0.000600271 -0.000422558 -38.2126)
(-0.000562509 -0.000407242 -28.3257)
(-0.000504862 -0.000369294 -21.1516)
(-0.000543275 -0.000382052 -16.6358)
(0.00197592 0.0011408 -423.819)
(0.000937977 0.000541541 -415.829)
(0.00101633 0.000586775 -405.725)
(0.000914551 0.000528016 -393.295)
(0.000827732 0.000477891 -378.734)
(0.00074735 0.000431482 -362.245)
(0.000672939 0.000388521 -344.035)
(0.000600762 0.00034685 -324.321)
(0.000522908 0.000301901 -303.322)
(0.000426134 0.000246028 -281.267)
(0.000293754 0.000169599 -258.394)
(0.000109579 6.32654e-05 -234.96)
(-0.000131141 -7.57141e-05 -211.246)
(-0.000408996 -0.000236134 -187.563)
(-0.000692276 -0.000399685 -164.251)
(-0.00093315 -0.000538754 -141.662)
(-0.00109409 -0.000631671 -120.143)
(-0.00116481 -0.000672505 -100.009)
(-0.00116394 -0.000672002 -81.5289)
(-0.00112542 -0.000649759 -64.9227)
(-0.00107964 -0.000623327 -50.3822)
(-0.00103555 -0.000597873 -38.0953)
(-0.0009776 -0.000564417 -28.2706)
(-0.000842687 -0.000486525 -21.1346)
(-0.00080637 -0.000465557 -16.6338)
(0.000961181 0.000554937 -425.943)
(0.000899282 0.000519199 -417.921)
(0.000864633 0.000499195 -407.789)
(0.000767238 0.000442964 -395.317)
(0.00067963 0.000392384 -380.7)
(0.000598855 0.000345748 -364.141)
(0.000523881 0.000302462 -345.852)
(0.000450249 0.00025995 -326.047)
(0.000369109 0.000213104 -304.948)
(0.000266142 0.000153657 -282.782)
(0.000123219 7.11401e-05 -259.79)
(-7.3934e-05 -4.26858e-05 -236.229)
(-0.000330457 -0.000190789 -212.381)
(-0.000626506 -0.000361712 -188.56)
(-0.000924943 -0.000534015 -165.105)
(-0.00117566 -0.000678763 -142.376)
(-0.0013413 -0.0007744 -120.721)
(-0.00141409 -0.000816421 -100.462)
(-0.00141689 -0.000818037 -81.8681)
(-0.00138613 -0.000800282 -65.1628)
(-0.00135205 -0.000780604 -50.5392)
(-0.00131487 -0.000759136 -38.1862)
(-0.00123944 -0.00071559 -28.3135)
(-0.00104 -0.000600441 -21.1483)
(-0.000842387 -0.000486351 -16.6356)
(0.000859478 0.000660881 -423.382)
(0.000486603 0.000957616 -415.391)
(0.000472372 0.000916432 -405.294)
(0.000427391 0.000806343 -392.875)
(0.000385146 0.000709462 -378.326)
(0.000346379 0.000620101 -361.852)
(0.000310137 0.000537544 -343.66)
(0.000273594 0.000457721 -323.966)
(0.000231456 0.000371705 -302.988)
(0.000175551 0.000264809 -280.956)
(9.64837e-05 0.000117778 -258.108)
(-1.27733e-05 -8.59524e-05 -234.701)
(-0.000154056 -0.000350953 -211.014)
(-0.000306487 -0.00066816 -187.361)
(-0.000455811 -0.000991957 -164.077)
(-0.000574594 -0.00126964 -141.516)
(-0.00064611 -0.00145777 -120.024)
(-0.000669194 -0.0015447 -99.9162)
(-0.000656913 -0.0015537 -81.4583)
(-0.000628054 -0.00152445 -64.8715)
(-0.000597921 -0.00149023 -50.3472)
(-0.000570467 -0.00145146 -38.0731)
(-0.000529987 -0.00136938 -28.2576)
(-0.000463294 -0.00112581 -21.1277)
(-0.000398675 -0.000893436 -16.6315)
(-0.000997288 -0.000430257 -423.382)
(-0.00108368 4.82547e-05 -415.391)
(-0.00104013 3.93849e-05 -405.294)
(-0.000923107 2.35874e-05 -392.875)
(-0.000819032 1.16992e-05 -378.327)
(-0.000723381 8.71173e-07 -361.852)
(-0.000635054 -8.3059e-06 -343.66)
(-0.000549155 -1.57694e-05 -323.966)
(-0.000455283 -2.09539e-05 -302.989)
(-0.000336662 -2.41493e-05 -280.957)
(-0.000171912 -2.70681e-05 -258.108)
(5.73727e-05 -3.23238e-05 -234.701)
(0.000354253 -3.92054e-05 -211.015)
(0.000701785 -6.17517e-05 -187.361)
(0.00105303 -8.9155e-05 -164.077)
(0.00134844 -0.00011866 -141.516)
(0.00154167 -0.000142965 -120.024)
(0.00162213 -0.000157099 -99.9162)
(0.00161625 -0.000160558 -81.4583)
(0.00156847 -0.000157568 -64.8715)
(0.00151574 -0.000152415 -50.3472)
(0.0014637 -0.000145637 -38.073)
(0.00137238 -0.000132916 -28.2576)
(0.00113843 -7.76974e-05 -21.1277)
(0.000923692 -3.94381e-05 -16.6315)
(-0.000961435 -0.000555083 -425.943)
(-0.000922839 -0.0005328 -417.921)
(-0.00088773 -0.00051253 -407.789)
(-0.000791708 -0.000457092 -395.317)
(-0.000705963 -0.000407587 -380.7)
(-0.000627231 -0.000362131 -364.141)
(-0.0005544 -0.000320082 -345.852)
(-0.000483381 -0.00027908 -326.047)
(-0.000405046 -0.000233853 -304.948)
(-0.000305064 -0.000176128 -282.782)
(-0.000165713 -9.56745e-05 -259.79)
(2.86252e-05 1.65267e-05 -236.229)
(0.00027962 0.000161438 -212.381)
(0.000570089 0.00032914 -188.56)
(0.000862229 0.000497807 -165.105)
(0.00110556 0.000638292 -142.376)
(0.00126187 0.00072854 -120.721)
(0.00132317 0.000763932 -100.462)
(0.00131215 0.000757567 -81.8681)
(0.00126604 0.000730947 -65.1628)
(0.00121566 0.000701863 -50.5392)
(0.00116828 0.000674508 -38.1862)
(0.00109179 0.000630344 -28.3136)
(0.00091082 0.000525861 -21.1483)
(0.000748553 0.000432176 -16.6356)
)
;

boundaryField
{
    outletCentralUnloaded
    {
        type            zeroGradient;
    }
    inletCentralUnloaded
    {
        type            fixedValue;
        value           uniform (0 0 -15);
    }
    outletFuelElement
    {
        type            zeroGradient;
    }
    inletFuelElement
    {
        type            fixedValue;
        value           uniform (0 0 -15);
    }
    defaultFaces
    {
        type            slip;
    }
    baffle_master
    {
        type            slip;
    }
    baffle_slave
    {
        type            slip;
    }
}


// ************************************************************************* //
