/*--------------------------------*- C++ -*----------------------------------*\
| =========                 |                                                 |
| \\      /  F ield         | OpenFOAM: The Open Source CFD Toolbox           |
|  \\    /   O peration     | Version:  2212                                  |
|   \\  /    A nd           | Website:  www.openfoam.com                      |
|    \\/     M anipulation  |                                                 |
\*---------------------------------------------------------------------------*/
FoamFile
{
    version     2.0;
    format      ascii;
    arch        "LSB;label=32;scalar=64";
    class       surfaceScalarField;
    location    "48/fluidRegion";
    object      alphaPhi;
}
// * * * * * * * * * * * * * * * * * * * * * * * * * * * * * * * * * * * * * //

dimensions      [0 3 -1 0 0 0 0];

oriented        oriented;

internalField   nonuniform List<scalar> 
661
(
-0.000538966
1.56037e-13
-0.000538924
1.13867e-13
-0.000538882
-4.28054e-14
-0.000538839
-1.76256e-13
-0.000538795
-2.11052e-13
-0.00053875
-1.62284e-13
-0.000538704
-8.91678e-14
-0.000538658
-3.83646e-14
-0.000538613
-1.79979e-14
-0.000538567
-1.02499e-14
-0.00053852
9.88887e-15
-0.000538474
4.88072e-14
-0.000538427
8.9089e-14
-0.000538381
1.01741e-13
-0.000538336
6.98515e-14
-0.00053829
2.61937e-15
-0.000538244
-6.09291e-14
-0.000538198
-7.81936e-14
-0.000538152
-2.52807e-14
-0.000538105
8.53445e-14
-0.00053806
2.13482e-13
-0.000538016
3.15018e-13
-0.000537975
3.38176e-13
-0.000537935
9.82084e-14
-4.46207e-13
-0.000538966
-0.000538924
-0.000538882
-0.000538839
-0.000538795
-0.00053875
-0.000538704
-0.000538658
-0.000538613
-0.000538567
-0.00053852
-0.000538474
-0.000538427
-0.000538381
-0.000538336
-0.00053829
-0.000538244
-0.000538198
-0.000538152
-0.000538105
-0.00053806
-0.000538016
-0.000537975
-0.000537935
-0.0202038
1.41109e-06
-0.0197778
6.73459e-07
-0.0192353
7.30302e-07
-0.0185853
6.57128e-07
-0.0178374
5.94801e-07
-0.0170015
5.37045e-07
-0.0160878
4.8353e-07
-0.0151067
4.31624e-07
-0.0140692
3.75579e-07
-0.0129862
3.05958e-07
-0.0118698
2.10939e-07
-0.0107326
7.89232e-08
-0.0095891
-9.34922e-08
-0.00845485
-2.92359e-07
-0.00734679
-4.95172e-07
-0.00628205
-6.67856e-07
-0.00527685
-7.83797e-07
-0.00434533
-8.35943e-07
-0.00349908
-8.38095e-07
-0.00274782
-8.14529e-07
-0.00210028
-7.87308e-07
-0.00156583
-7.61559e-07
-0.00115517
-7.26329e-07
-0.000879347
-6.30576e-07
-6.00534e-07
-0.0203335
-3.99293e-08
-3.76044e-08
-0.0199066
-1.75036e-07
-1.78048e-07
-0.0193619
-1.65841e-07
-1.68622e-07
-0.018709
-1.43355e-07
-1.46185e-07
-0.0179572
-1.23989e-07
-1.26757e-07
-0.0171168
-1.06115e-07
-1.08876e-07
-0.0161978
-8.97321e-08
-9.25127e-08
-0.0152109
-7.41926e-08
-7.69362e-08
-0.0141668
-5.79547e-08
-6.06669e-08
-0.0130768
-3.83794e-08
-4.10415e-08
-0.0119527
-1.17417e-08
-1.43332e-08
-0.0108075
2.53763e-08
2.2843e-08
-0.00965548
7.34057e-08
7.10207e-08
-0.00851247
1.33481e-07
1.31175e-07
-0.00739556
1.955e-07
1.93266e-07
-0.00632219
2.49609e-07
2.47483e-07
-0.0053088
2.86838e-07
2.84821e-07
-0.00436978
3.04163e-07
3.02327e-07
-0.00351688
3.05504e-07
3.03813e-07
-0.00275992
2.98288e-07
2.96872e-07
-0.00210771
2.89331e-07
2.87964e-07
-0.00156968
2.78754e-07
2.77444e-07
-0.00115661
2.59748e-07
2.58231e-07
-0.000879542
2.05687e-07
2.04245e-07
1.56847e-07
1.55815e-07
-0.0201825
6.94736e-07
-0.0197569
6.58299e-07
-0.0192148
6.33795e-07
-0.0185654
5.64253e-07
-0.0178181
5.01965e-07
-0.016983
4.44608e-07
-0.0160702
3.91366e-07
-0.0150901
3.39224e-07
-0.0140537
2.8171e-07
-0.0129719
2.08607e-07
-0.0118566
1.07185e-07
-0.0107208
-3.30798e-08
-0.00957865
-2.14857e-07
-0.00844579
-4.2462e-07
-0.00733911
-6.35568e-07
-0.00627572
-8.11752e-07
-0.00527179
-9.2605e-07
-0.00434143
-9.72654e-07
-0.00349619
-9.67566e-07
-0.00274579
-9.36659e-07
-0.00209894
-9.01412e-07
-0.00156502
-8.65387e-07
-0.00115473
-8.05678e-07
-0.000879129
-6.68044e-07
-5.4408e-07
-0.0203046
4.20277e-09
-0.0198778
1.03782e-09
-0.0193336
1.28239e-09
-0.0186812
1.197e-09
-0.0179303
1.20528e-09
-0.0170908
1.15956e-09
-0.016173
1.00778e-09
-0.0151874
8.90372e-10
-0.0141447
7.18512e-10
-0.0130563
4.85323e-10
-0.0119339
3.00447e-10
-0.0107905
1.30073e-10
-0.00964037
-4.12817e-11
-0.00849934
-2.18778e-10
-0.00738444
-4.24143e-10
-0.00631302
-6.33508e-10
-0.0053015
-7.72848e-10
-0.0043642
-7.90821e-10
-0.00351281
-8.05606e-10
-0.00275716
-7.54169e-10
-0.00210602
-6.51784e-10
-0.00156882
-6.34635e-10
-0.00115631
-7.07941e-10
-0.000879524
-5.87951e-10
-6.22431e-10
-0.0203046
-6.86232e-07
-0.0198778
-6.56739e-07
-0.0193336
-6.31455e-07
-0.0186813
-5.62005e-07
-0.0179303
-4.99648e-07
-0.0170908
-4.42328e-07
-0.016173
-3.89248e-07
-0.0151874
-3.37227e-07
-0.0141448
-2.7992e-07
-0.0130563
-2.07099e-07
-0.0119339
-1.05881e-07
-0.0107905
3.41894e-08
-0.00964038
2.15753e-07
-0.00849935
4.25243e-07
-0.00738445
6.35844e-07
-0.00631303
8.11644e-07
-0.00530151
9.25635e-07
-0.0043642
9.72062e-07
-0.00351282
9.66766e-07
-0.00275716
9.35732e-07
-0.00210602
9.00424e-07
-0.00156882
8.64257e-07
-0.00115631
8.04228e-07
-0.000879525
6.66744e-07
5.42604e-07
-0.0201826
3.62449e-08
-0.0197569
1.76216e-07
-0.0192149
1.66681e-07
-0.0185654
1.44246e-07
-0.0178181
1.24977e-07
-0.016983
1.07175e-07
-0.0160702
9.08534e-08
-0.0150902
7.53956e-08
-0.0140537
5.92074e-08
-0.0129719
3.96321e-08
-0.0118567
1.30319e-08
-0.0107208
-2.40496e-08
-0.00957866
-7.20617e-08
-0.0084458
-1.32175e-07
-0.00733912
-1.94294e-07
-0.00627573
-2.48564e-07
-0.0052718
-2.85961e-07
-0.00434143
-3.03461e-07
-0.00349619
-3.05045e-07
-0.00274579
-2.98101e-07
-0.00209894
-2.8933e-07
-0.00156502
-2.78928e-07
-0.00115472
-2.6006e-07
-0.000879128
-2.05796e-07
-1.55963e-07
-0.0203335
-1.4112e-06
-4.20733e-08
-0.0199066
-6.73384e-07
-1.78158e-07
-0.0193619
-7.30209e-07
-1.69116e-07
-0.018709
-6.57029e-07
-1.46601e-07
-0.0179572
-5.94617e-07
-1.272e-07
-0.0171168
-5.36834e-07
-1.09287e-07
-0.0161978
-4.83316e-07
-9.28207e-08
-0.0152109
-4.31388e-07
-7.71719e-08
-0.0141668
-3.75366e-07
-6.07782e-08
-0.0130768
-3.05796e-07
-4.09804e-08
-0.0119527
-2.10765e-07
-1.4169e-08
-0.0108075
-7.87355e-08
2.30961e-08
-0.00965548
9.36794e-08
7.1379e-08
-0.00851247
2.92491e-07
1.31683e-07
-0.00739556
4.95183e-07
1.93977e-07
-0.00632219
6.67706e-07
2.48426e-07
-0.0053088
7.83483e-07
2.85994e-07
-0.00436978
8.35468e-07
3.03666e-07
-0.00351688
8.37313e-07
3.05434e-07
-0.00275992
8.13352e-07
2.98793e-07
-0.00210771
7.85565e-07
2.90305e-07
-0.00156968
7.59263e-07
2.80126e-07
-0.00115661
7.23183e-07
2.6146e-07
-0.000879542
6.27605e-07
2.07133e-07
5.9779e-07
1.59132e-07
-0.0202038
-0.0197778
-0.0192353
-0.0185853
-0.0178374
-0.0170015
-0.0160878
-0.0151067
-0.0140692
-0.0129862
-0.0118698
-0.0107326
-0.0095891
-0.00845485
-0.00734679
-0.00628205
-0.00527685
-0.00434533
-0.00349908
-0.00274782
-0.00210028
-0.00156583
-0.00115517
-0.000879347
-0.0203046
-6.92035e-07
1.9266e-09
-0.0198778
-6.54655e-07
-1.93691e-09
-0.0193336
-6.3002e-07
-1.75859e-09
-0.0186812
-5.60487e-07
-1.80766e-09
-0.0179303
-4.98146e-07
-1.9093e-09
-0.0170908
-4.40812e-07
-1.99596e-09
-0.016173
-3.87689e-07
-2.03815e-09
-0.0151874
-3.35658e-07
-2.11584e-09
-0.0141447
-2.78324e-07
-2.15965e-09
-0.0130563
-2.05491e-07
-2.17757e-09
-0.0119339
-1.0427e-07
-2.2128e-09
-0.0107905
3.58168e-08
-2.27056e-09
-0.00964037
2.17366e-07
-2.34176e-09
-0.00849934
4.26898e-07
-2.41815e-09
-0.00738444
6.37592e-07
-2.484e-09
-0.00631302
8.13523e-07
-2.5427e-09
-0.0053015
9.27722e-07
-2.68918e-09
-0.0043642
9.74393e-07
-2.90592e-09
-0.00351281
9.69503e-07
-3.16632e-09
-0.00275716
9.38927e-07
-3.3588e-09
-0.00210602
9.04328e-07
-3.72548e-09
-0.00156882
8.68701e-07
-3.75643e-09
-0.00115631
8.0925e-07
-3.70237e-09
-0.000879524
6.71404e-07
-3.09912e-09
5.47683e-07
-3.21085e-09
-0.0201825
-0.0197569
-0.0192148
-0.0185654
-0.0178181
-0.016983
-0.0160702
-0.0150901
-0.0140537
-0.0129719
-0.0118566
-0.0107208
-0.00957865
-0.00844579
-0.00733911
-0.00627572
-0.00527179
-0.00434143
-0.00349619
-0.00274579
-0.00209894
-0.00156502
-0.00115473
-0.00087913
-0.0201826
6.87082e-07
-0.0197569
6.5768e-07
-0.0192149
6.32379e-07
-0.0185654
5.62922e-07
-0.0178181
5.00717e-07
-0.016983
4.43445e-07
-0.0160702
3.9034e-07
-0.0150902
3.38354e-07
-0.0140537
2.81019e-07
-0.0129719
2.08082e-07
-0.0118567
1.06834e-07
-0.0107208
-3.32516e-08
-0.00957866
-2.14799e-07
-0.0084458
-4.24352e-07
-0.00733912
-6.35096e-07
-0.00627573
-8.11093e-07
-0.0052718
-9.25233e-07
-0.00434143
-9.71752e-07
-0.00349619
-9.667e-07
-0.00274579
-9.35919e-07
-0.00209894
-9.01135e-07
-0.00156502
-8.65742e-07
-0.00115472
-8.06696e-07
-0.000879127
-6.69392e-07
-5.44124e-07
-0.0203046
-0.0198778
-0.0193336
-0.0186813
-0.0179303
-0.0170908
-0.016173
-0.0151874
-0.0141448
-0.0130563
-0.0119339
-0.0107905
-0.00964038
-0.00849935
-0.00738445
-0.00631303
-0.00530151
-0.0043642
-0.00351282
-0.00275716
-0.00210602
-0.00156882
-0.00115631
-0.000879525
)
;

boundaryField
{
    outletCentralUnloaded
    {
        type            calculated;
        value           nonuniform List<scalar> 2(0.00053901 0.00053901);
    }
    inletCentralUnloaded
    {
        type            calculated;
        value           uniform -0.000540134;
    }
    outletFuelElement
    {
        type            calculated;
        value           nonuniform List<scalar> 
12
(
0.020543
0.0206759
0.0205223
0.0206462
0.0206462
0.0205223
0.0206759
0.020543
0.0206462
0.0205223
0.0205223
0.0206462
)
;
    }
    inletFuelElement
    {
        type            calculated;
        value           nonuniform List<scalar> 
12
(
-0.000722059
-0.00072206
-0.000722059
-0.000722059
-0.00072206
-0.000722059
-0.00072206
-0.000722059
-0.000722059
-0.000722059
-0.000722059
-0.00072206
)
;
    }
    defaultFaces
    {
        type            calculated;
        value           nonuniform List<scalar> 
450
(
1.31077e-23
-7.55563e-24
0
1.77218e-23
-5.14488e-24
0
3.79741e-23
-1.1477e-23
0
-5.14938e-23
-1.71906e-23
0
-1.27958e-23
-4.36076e-23
0
-2.6789e-23
-1.86934e-23
0
-2.39723e-23
-1.94687e-23
0
-2.10292e-23
-1.58302e-23
0
-8.63216e-24
-6.90612e-24
0
-2.24052e-23
-1.21064e-23
0
-1.60157e-23
-4.86851e-24
0
-5.32434e-24
-7.30653e-25
0
3.6993e-24
5.46292e-24
0
1.94351e-23
1.19649e-23
0
3.97739e-23
1.1087e-23
0
4.33622e-23
1.58788e-23
0
4.86245e-23
-3.20213e-25
0
5.75234e-23
2.00278e-23
0
3.05938e-23
-5.86203e-23
0
-3.15817e-23
-2.63092e-23
0
-2.22055e-23
-9.26302e-24
0
4.1154e-23
-3.93277e-23
0
-1.92418e-23
-9.45026e-24
0
-2.01709e-23
-1.22391e-23
0
-2.04078e-23
-2.76027e-23
0
1.40397e-23
0
2.40681e-23
0
8.0227e-24
0
2.00567e-23
0
-1.2034e-23
0
2.00567e-23
0
4.01135e-24
0
8.0227e-24
0
-4.01135e-24
0
6.01702e-24
0
3.00851e-24
0
-2.00567e-24
0
-8.0227e-24
0
-4.01135e-24
0
-2.40681e-23
0
-3.20908e-23
0
4.81362e-23
0
-4.81362e-23
0
1.60454e-23
0
-4.81362e-23
0
-4.81362e-23
0
3.20908e-23
0
0
0
-1.60454e-23
0
-1.60454e-23
0
0
-8.0227e-24
8.0227e-24
-8.0227e-24
8.0227e-24
-1.60454e-23
-8.0227e-24
-8.0227e-24
8.0227e-24
-1.2034e-23
0
5.01419e-25
0
8.0227e-24
0
3.20908e-23
-6.41816e-23
0
-1.60454e-23
1.60454e-23
0
-6.41816e-23
-1.60454e-23
-8.0227e-24
8.0227e-24
0
0
0
0
0
0
0
0
0
0
0
0
0
0
0
0
0
0
0
0
0
0
0
0
0
-2.20624e-23
8.0227e-24
8.0227e-24
1.60454e-23
1.60454e-23
4.81362e-23
-2.00567e-23
-1.60454e-23
1.60454e-23
-1.60454e-23
-1.2034e-23
-1.60454e-23
-1.60454e-23
-8.0227e-24
-8.0227e-24
-4.01135e-24
1.60454e-23
-8.0227e-24
-6.01702e-24
-4.01135e-24
-1.50426e-24
-3.00851e-24
1.00284e-24
2.25638e-24
4.01135e-24
6.01702e-24
8.0227e-24
8.0227e-24
2.40681e-23
1.60454e-23
1.60454e-23
2.40681e-23
-1.60454e-23
3.20908e-23
3.20908e-23
4.01135e-23
-6.41816e-23
4.81362e-23
-4.81362e-23
-2.40681e-23
0
-2.40681e-23
-4.81362e-23
4.81362e-23
-1.60454e-23
-3.20908e-23
0
-1.60454e-23
-2.40681e-23
-1.60454e-23
2.6562e-23
0
0
4.42713e-24
0
0
3.04205e-23
0
-6.41816e-23
-6.09127e-23
0
8.0227e-24
2.01655e-23
0
-8.0227e-24
-3.90938e-23
0
0
-4.10577e-23
0
1.60454e-23
-3.74185e-23
0
1.60454e-23
-1.51197e-23
0
-1.60454e-23
-2.72552e-23
0
0
-2.03419e-23
0
8.0227e-24
-7.216e-24
0
0
6.5604e-24
-0
-2.00567e-24
3.25406e-23
-0
-4.01135e-24
4.23996e-23
-0
-8.0227e-24
5.20967e-23
-0
-8.0227e-24
2.08421e-23
-0
0
7.96518e-23
-0
0
2.93848e-23
-0
-1.60454e-23
-2.08641e-23
-0
1.60454e-23
-2.14316e-24
-0
0
4.52005e-23
-0
0
-1.91989e-24
-0
0
-9.04819e-24
-0
3.20908e-23
-1.72942e-23
-0
8.0227e-24
0
0
0
-8.0227e-24
8.0227e-24
-8.0227e-24
0
-8.0227e-24
-4.01135e-24
0
-2.00567e-24
5.01419e-25
0
8.0227e-24
0
0
-3.20908e-23
1.60454e-23
-4.81362e-23
0
0
-3.20908e-23
-3.20908e-23
0
0
2.60738e-23
0
1.60454e-23
0
8.0227e-24
0
2.40681e-23
0
-1.2034e-23
0
1.2034e-23
0
1.2034e-23
0
1.2034e-23
0
-4.01135e-24
0
6.01702e-24
0
4.01135e-24
0
-2.00567e-24
0
-8.0227e-24
-0
-1.2034e-23
-0
-8.0227e-24
-0
-3.20908e-23
-0
5.61589e-23
-0
-4.81362e-23
-0
4.81362e-23
-0
-3.20908e-23
-0
-4.81362e-23
-0
3.20908e-23
-0
8.0227e-24
-0
-1.60454e-23
-0
-8.0227e-24
-0
-1.2034e-23
0
-2.40681e-23
3.20908e-23
-1.60454e-23
8.0227e-24
-1.60454e-23
-4.41248e-23
-4.01135e-24
1.2034e-23
-4.01135e-24
-3.61021e-23
-4.01135e-24
-2.80794e-23
-8.0227e-24
-2.80794e-23
0
-1.60454e-23
-6.01702e-24
-1.40397e-23
-3.50993e-24
-7.01986e-24
0
4.1367e-24
6.01702e-24
1.80511e-23
1.2034e-23
4.01135e-23
8.0227e-24
6.01702e-23
2.40681e-23
6.41816e-23
8.0227e-24
4.01135e-23
3.20908e-23
7.22043e-23
-3.20908e-23
4.81362e-23
0
-4.01135e-23
0
-3.20908e-23
-8.0227e-24
4.01135e-23
2.40681e-23
-3.20908e-23
8.0227e-24
-1.2034e-23
0
-1.60454e-23
-0
-0
-0
-0
-0
-0
-0
-0
-0
-0
-0
0
0
0
0
0
0
0
0
0
0
0
0
0
0
)
;
    }
    baffle_master
    {
        type            calculated;
        value           nonuniform List<scalar> 
150
(
3.27219e-31
0
0
1.14138e-30
0
0
-2.79692e-31
0
7.15418e-31
-1.20705e-30
0
0
-1.4022e-29
0
-1.14467e-29
5.00583e-31
0
0
-2.00294e-31
0
1.43084e-30
5.88318e-31
0
7.15418e-31
7.51015e-32
0
0
1.05862e-32
0
0
-1.3879e-31
0
0
4.39749e-31
0
0
-1.16205e-31
0
0
-3.10899e-32
0
0
1.34688e-30
0
1.43084e-30
-1.41121e-32
0
-2.23568e-32
5.97564e-30
0
4.29251e-30
1.08717e-30
0
-1.43084e-30
1.58899e-30
0
1.07313e-30
1.69592e-31
0
-2.86167e-30
-1.71224e-31
0
-2.86167e-30
2.0716e-29
0
1.14467e-29
-4.02597e-31
0
0
1.03291e-30
0
0
-1.00575e-30
0
5.72334e-30
0
5.19216e-30
-0
-2.86167e-30
5.50429e-30
-0
7.15418e-31
-1.39977e-30
0
0
-4.98491e-30
0
2.86167e-30
4.64025e-30
0
0
-6.35721e-30
0
2.86167e-30
-2.69642e-30
0
7.15418e-31
-2.22211e-30
0
0
-4.06159e-31
0
1.78854e-31
-4.06193e-31
0
-1.78854e-31
2.86852e-31
-0
0
1.7215e-30
-0
-1.43084e-30
2.71779e-30
-0
-1.43084e-30
4.6697e-30
-0
1.43084e-30
2.26523e-30
-0
-2.23568e-32
3.56359e-32
-0
-2.86167e-30
-2.26549e-30
0
1.43084e-30
-1.38068e-30
0
-7.15418e-31
-2.02492e-31
0
0
-2.32379e-30
-0
-5.72334e-30
-1.27055e-30
-0
1.717e-29
-2.43112e-29
-0
0
6.62649e-30
-0
0
-8.97141e-31
-0
-5.72334e-30
1.31203e-29
0
)
;
    }
    baffle_slave
    {
        type            calculated;
        value           nonuniform List<scalar> 
150
(
1.46665e-23
-0
1.60454e-23
7.52128e-25
-0
-8.0227e-24
1.50426e-24
-0
8.0227e-24
3.3219e-24
-0
8.0227e-24
-3.02105e-23
-0
-8.0227e-24
4.95151e-24
-0
0
5.64096e-24
-0
8.0227e-24
-3.3219e-24
-0
0
1.31622e-24
-0
4.01135e-24
6.26773e-26
-0
4.01135e-24
2.50709e-24
-0
0
-6.26773e-26
0
0
6.26773e-26
0
4.01135e-24
3.13387e-25
0
8.0227e-24
-1.56693e-24
0
8.0227e-24
-4.76348e-24
0
-1.60454e-23
-4.64439e-23
0
-4.81362e-23
-1.31622e-24
0
0
-2.85182e-23
0
-3.20908e-23
-3.38458e-24
0
-1.60454e-23
-2.25638e-24
0
-1.60454e-23
3.25922e-23
0
1.60454e-23
-7.01986e-24
0
0
-5.01419e-25
0
-8.0227e-24
-2.09969e-24
0
-8.0227e-24
-2.66014e-23
4.68826e-23
0
-8.48127e-25
1.46038e-23
0
-4.79583e-24
1.80511e-23
0
-2.57922e-25
1.62334e-23
0
-1.51957e-23
-2.50083e-23
0
-1.2339e-24
2.39427e-23
0
-1.08683e-23
1.25981e-23
0
-5.54475e-24
8.0227e-24
0
1.19753e-23
1.2034e-23
0
-1.46717e-24
8.0227e-24
0
-9.70831e-25
3.69796e-24
0
2.73231e-25
3.07119e-24
0
-2.05207e-24
-1.03418e-24
0
1.32876e-23
-4.46576e-24
0
2.39706e-23
-1.30996e-23
0
-3.1957e-24
-1.67427e-23
0
-2.45498e-23
-1.18519e-23
0
-2.06486e-23
-2.25873e-23
0
-1.31155e-23
-4.04269e-24
0
5.06668e-25
8.4301e-24
0
-9.01658e-24
1.04671e-23
0
-4.08703e-23
2.09342e-23
0
-1.9512e-23
-1.56693e-23
0
-5.21947e-24
5.13954e-24
0
5.43206e-24
1.65468e-23
0
)
;
    }
}


// ************************************************************************* //
