/*--------------------------------*- C++ -*----------------------------------*\
| =========                 |                                                 |
| \\      /  F ield         | OpenFOAM: The Open Source CFD Toolbox           |
|  \\    /   O peration     | Version:  2212                                  |
|   \\  /    A nd           | Website:  www.openfoam.com                      |
|    \\/     M anipulation  |                                                 |
\*---------------------------------------------------------------------------*/
FoamFile
{
    version     2.0;
    format      ascii;
    arch        "LSB;label=32;scalar=64";
    class       volScalarField;
    location    "48/fluidRegion";
    object      alphat;
}
// * * * * * * * * * * * * * * * * * * * * * * * * * * * * * * * * * * * * * //

dimensions      [1 -1 -1 0 0 0 0];

internalField   nonuniform List<scalar> 
350
(
0.00258563
0.00258563
0.00258563
0.00258565
0.00258568
0.00258572
0.00258576
0.00258578
0.00258579
0.00258578
0.00258576
0.00258575
0.00258577
0.00258582
0.00258593
0.00258612
0.00258641
0.00258686
0.00258755
0.00258861
0.00259023
0.00259271
0.0025965
0.00260227
0.00261107
0.00258563
0.00258563
0.00258563
0.00258565
0.00258568
0.00258572
0.00258576
0.00258578
0.00258579
0.00258578
0.00258576
0.00258575
0.00258577
0.00258582
0.00258593
0.00258612
0.00258641
0.00258686
0.00258755
0.00258861
0.00259023
0.00259271
0.0025965
0.00260227
0.00261107
0.000895806
0.000884184
0.000872763
0.000861183
0.000849337
0.000837121
0.000824429
0.000811163
0.000797237
0.000782587
0.000767182
0.000751027
0.000734167
0.000716671
0.00069862
0.000680107
0.000661311
0.000642688
0.000625419
0.000612341
0.000609851
0.000631327
0.000699556
0.000832211
0.00100199
0.000887956
0.000876347
0.000864962
0.000853424
0.000841629
0.000829471
0.000816844
0.000803649
0.000789799
0.000775229
0.00075991
0.000743853
0.000727109
0.00070976
0.0006919
0.000673633
0.000655133
0.000636845
0.000619927
0.000607191
0.000605015
0.000626818
0.000695611
0.000829517
0.00100125
0.000897058
0.000885423
0.000873992
0.0008624
0.000850542
0.000838312
0.000825605
0.000812323
0.00079838
0.000783713
0.000768289
0.000752113
0.000735229
0.000717703
0.000699614
0.000681057
0.000662207
0.000643523
0.000626189
0.000613046
0.000610493
0.000631906
0.000700051
0.000832547
0.00100211
0.000889758
0.000878151
0.00086676
0.000855215
0.000843411
0.000831242
0.000818602
0.000805392
0.000791525
0.000776937
0.000761598
0.000745518
0.000728747
0.000711364
0.000693459
0.000675135
0.000656567
0.000638201
0.000621202
0.000608386
0.000606138
0.000627866
0.00069653
0.000830148
0.00100143
0.000889758
0.000878151
0.00086676
0.000855215
0.000843411
0.000831242
0.000818602
0.000805392
0.000791525
0.000776937
0.000761598
0.000745518
0.000728747
0.000711364
0.000693459
0.000675135
0.000656566
0.000638201
0.000621202
0.000608386
0.000606137
0.000627866
0.00069653
0.000830148
0.00100143
0.000897058
0.000885423
0.000873992
0.0008624
0.000850542
0.000838311
0.000825604
0.000812323
0.00079838
0.000783713
0.000768288
0.000752113
0.000735228
0.000717702
0.000699613
0.000681056
0.000662206
0.000643522
0.000626188
0.000613045
0.000610492
0.000631906
0.000700052
0.00083255
0.00100211
0.000887956
0.000876347
0.000864962
0.000853424
0.000841629
0.000829471
0.000816844
0.000803649
0.000789799
0.00077523
0.00075991
0.000743853
0.000727109
0.00070976
0.0006919
0.000673633
0.000655133
0.000636845
0.000619927
0.000607191
0.000605015
0.000626818
0.000695611
0.000829516
0.00100125
0.000895806
0.000884184
0.000872763
0.000861183
0.000849337
0.000837121
0.000824429
0.000811163
0.000797237
0.000782587
0.000767182
0.000751027
0.000734167
0.000716671
0.00069862
0.000680107
0.000661312
0.000642689
0.00062542
0.000612343
0.000609853
0.000631331
0.000699564
0.000832224
0.00100201
0.000889758
0.000878151
0.00086676
0.000855215
0.000843411
0.000831242
0.000818602
0.000805392
0.000791525
0.000776937
0.000761598
0.000745518
0.000728747
0.000711364
0.000693459
0.000675135
0.000656567
0.000638201
0.000621202
0.000608387
0.000606138
0.000627867
0.000696533
0.000830152
0.00100143
0.000897058
0.000885424
0.000873992
0.000862401
0.000850542
0.000838312
0.000825605
0.000812323
0.00079838
0.000783713
0.000768289
0.000752113
0.000735229
0.000717703
0.000699614
0.000681056
0.000662206
0.000643522
0.000626188
0.000613044
0.000610489
0.000631899
0.000700037
0.000832523
0.00100207
0.000897058
0.000885423
0.000873992
0.0008624
0.000850542
0.000838311
0.000825604
0.000812322
0.00079838
0.000783712
0.000768288
0.000752113
0.000735228
0.000717702
0.000699613
0.000681055
0.000662205
0.000643521
0.000626188
0.000613045
0.000610492
0.000631905
0.00070005
0.000832545
0.0010021
0.000889758
0.000878151
0.00086676
0.000855215
0.000843411
0.000831242
0.000818602
0.000805392
0.000791525
0.000776937
0.000761598
0.000745518
0.000728747
0.000711363
0.000693459
0.000675135
0.000656566
0.000638201
0.000621202
0.000608388
0.00060614
0.000627872
0.000696542
0.000830168
0.00100146
)
;

boundaryField
{
    outletCentralUnloaded
    {
        type            zeroGradient;
    }
    inletCentralUnloaded
    {
        type            zeroGradient;
    }
    outletFuelElement
    {
        type            zeroGradient;
    }
    inletFuelElement
    {
        type            zeroGradient;
    }
    defaultFaces
    {
        type            zeroGradient;
    }
    baffle_master
    {
        type            calculated;
        value           nonuniform List<scalar> 
150
(
0.00258563
0.00258563
0.00258563
0.00258563
0.00258563
0.00258563
0.00258563
0.00258563
0.00258563
0.00258565
0.00258565
0.00258565
0.00258568
0.00258568
0.00258568
0.00258572
0.00258572
0.00258572
0.00258576
0.00258576
0.00258576
0.00258578
0.00258578
0.00258578
0.00258579
0.00258579
0.00258579
0.00258578
0.00258578
0.00258578
0.00258576
0.00258576
0.00258576
0.00258575
0.00258575
0.00258575
0.00258577
0.00258577
0.00258577
0.00258582
0.00258582
0.00258582
0.00258593
0.00258593
0.00258593
0.00258612
0.00258612
0.00258612
0.00258641
0.00258641
0.00258641
0.00258686
0.00258686
0.00258686
0.00258755
0.00258755
0.00258755
0.00258861
0.00258861
0.00258861
0.00259023
0.00259023
0.00259023
0.00259271
0.00259271
0.00259271
0.0025965
0.0025965
0.0025965
0.00260227
0.00260227
0.00260227
0.00261107
0.00261107
0.00261107
0.00258563
0.00258563
0.00258563
0.00258563
0.00258563
0.00258563
0.00258563
0.00258563
0.00258563
0.00258565
0.00258565
0.00258565
0.00258568
0.00258568
0.00258568
0.00258572
0.00258572
0.00258572
0.00258576
0.00258576
0.00258576
0.00258578
0.00258578
0.00258578
0.00258579
0.00258579
0.00258579
0.00258578
0.00258578
0.00258578
0.00258576
0.00258576
0.00258576
0.00258575
0.00258575
0.00258575
0.00258577
0.00258577
0.00258577
0.00258582
0.00258582
0.00258582
0.00258593
0.00258593
0.00258593
0.00258612
0.00258612
0.00258612
0.00258641
0.00258641
0.00258641
0.00258686
0.00258686
0.00258686
0.00258755
0.00258755
0.00258755
0.00258861
0.00258861
0.00258861
0.00259023
0.00259023
0.00259023
0.00259271
0.00259271
0.00259271
0.0025965
0.0025965
0.0025965
0.00260227
0.00260227
0.00260227
0.00261107
0.00261107
0.00261107
)
;
    }
    baffle_slave
    {
        type            calculated;
        value           nonuniform List<scalar> 
150
(
0.000887956
0.000889758
0.000889758
0.000876347
0.000878151
0.000878151
0.000864962
0.00086676
0.00086676
0.000853424
0.000855215
0.000855215
0.000841629
0.000843411
0.000843411
0.000829471
0.000831242
0.000831242
0.000816844
0.000818602
0.000818602
0.000803649
0.000805392
0.000805392
0.000789799
0.000791525
0.000791525
0.000775229
0.000776937
0.000776937
0.00075991
0.000761598
0.000761598
0.000743853
0.000745518
0.000745518
0.000727109
0.000728747
0.000728747
0.00070976
0.000711364
0.000711363
0.0006919
0.000693459
0.000693459
0.000673633
0.000675135
0.000675135
0.000655133
0.000656567
0.000656566
0.000636845
0.000638201
0.000638201
0.000619927
0.000621202
0.000621202
0.000607191
0.000608386
0.000608388
0.000605015
0.000606138
0.00060614
0.000626818
0.000627866
0.000627872
0.000695611
0.00069653
0.000696542
0.000829517
0.000830148
0.000830168
0.00100125
0.00100143
0.00100146
0.000889758
0.000887956
0.000889758
0.000878151
0.000876347
0.000878151
0.00086676
0.000864962
0.00086676
0.000855215
0.000853424
0.000855215
0.000843411
0.000841629
0.000843411
0.000831242
0.000829471
0.000831242
0.000818602
0.000816844
0.000818602
0.000805392
0.000803649
0.000805392
0.000791525
0.000789799
0.000791525
0.000776937
0.00077523
0.000776937
0.000761598
0.00075991
0.000761598
0.000745518
0.000743853
0.000745518
0.000728747
0.000727109
0.000728747
0.000711364
0.00070976
0.000711364
0.000693459
0.0006919
0.000693459
0.000675135
0.000673633
0.000675135
0.000656566
0.000655133
0.000656567
0.000638201
0.000636845
0.000638201
0.000621202
0.000619927
0.000621202
0.000608386
0.000607191
0.000608387
0.000606137
0.000605015
0.000606138
0.000627866
0.000626818
0.000627867
0.00069653
0.000695611
0.000696533
0.000830148
0.000829516
0.000830152
0.00100143
0.00100125
0.00100143
)
;
    }
}


// ************************************************************************* //
