/*--------------------------------*- C++ -*----------------------------------*\
| =========                 |                                                 |
| \\      /  F ield         | OpenFOAM: The Open Source CFD Toolbox           |
|  \\    /   O peration     | Version:  2212                                  |
|   \\  /    A nd           | Website:  www.openfoam.com                      |
|    \\/     M anipulation  |                                                 |
\*---------------------------------------------------------------------------*/
FoamFile
{
    version     2.0;
    format      ascii;
    arch        "LSB;label=32;scalar=64";
    class       volScalarField;
    location    "48/fluidRegion";
    object      dgdt;
}
// * * * * * * * * * * * * * * * * * * * * * * * * * * * * * * * * * * * * * //

dimensions      [0 0 -1 0 0 0 0];

internalField   nonuniform List<scalar> 
350
(
0.00532932
0.00531351
0.00533205
0.00534275
0.00534158
0.0053287
0.00530804
0.00528603
0.00526918
0.00526138
0.00526277
0.00527064
0.00528154
0.00529309
0.00530466
0.00531701
0.00533146
0.00534873
0.00536766
0.00538352
0.00538726
0.00536881
0.0053039
0.00520132
0.0025139
0.00532932
0.00531351
0.00533205
0.00534275
0.00534158
0.0053287
0.00530804
0.00528603
0.00526918
0.00526138
0.00526277
0.00527064
0.00528155
0.00529309
0.00530466
0.00531701
0.00533146
0.00534873
0.00536766
0.00538352
0.00538726
0.00536881
0.0053039
0.00520132
0.0025139
40.5809
50.8251
64.7178
77.5244
89.1899
99.6715
108.936
116.953
123.688
129.09
133.076
135.525
136.273
135.145
132.004
126.821
119.712
110.924
100.757
89.4449
77.0858
63.6094
48.8496
32.7993
20.3942
40.6354
50.7638
64.7859
77.7141
89.4935
100.081
109.443
117.552
124.374
129.862
133.938
136.48
137.324
136.285
133.211
128.057
120.93
112.078
101.813
90.3812
77.8927
64.2787
49.3675
33.1452
20.6044
40.5589
50.81
64.6827
77.4706
89.1186
99.5841
108.834
116.837
123.559
128.948
132.922
135.357
136.092
134.951
131.802
126.615
119.511
110.735
100.585
89.2928
76.955
63.5012
48.7661
32.7435
20.3602
40.6331
50.7971
64.7885
77.688
89.4404
100.003
109.342
117.428
124.229
129.697
133.751
136.271
137.093
136.032
132.941
127.779
120.655
111.816
101.572
90.1677
77.7084
64.1256
49.2489
33.0659
20.5562
40.6331
50.7971
64.7885
77.6881
89.4404
100.003
109.342
117.428
124.229
129.697
133.751
136.271
137.093
136.032
132.941
127.779
120.655
111.816
101.572
90.1677
77.7084
64.1256
49.2489
33.0659
20.5562
40.5589
50.81
64.6827
77.4706
89.1186
99.5841
108.834
116.837
123.559
128.948
132.922
135.357
136.091
134.951
131.802
126.615
119.511
110.735
100.585
89.2928
76.955
63.5012
48.7661
32.7435
20.3602
40.6354
50.7638
64.7859
77.7141
89.4935
100.081
109.443
117.552
124.374
129.862
133.938
136.48
137.324
136.285
133.211
128.057
120.93
112.078
101.813
90.3812
77.8927
64.2787
49.3675
33.1452
20.6044
40.5809
50.8251
64.7178
77.5245
89.1899
99.6715
108.936
116.953
123.688
129.09
133.076
135.525
136.273
135.145
132.004
126.821
119.712
110.924
100.757
89.4449
77.0858
63.6094
48.8496
32.7993
20.3942
40.6331
50.7971
64.7885
77.688
89.4404
100.003
109.342
117.428
124.229
129.697
133.751
136.271
137.093
136.032
132.941
127.779
120.655
111.816
101.572
90.1677
77.7084
64.1256
49.2489
33.0659
20.5562
40.5589
50.81
64.6827
77.4706
89.1186
99.5841
108.834
116.837
123.559
128.948
132.922
135.357
136.091
134.951
131.802
126.615
119.511
110.735
100.585
89.2928
76.955
63.5012
48.7661
32.7435
20.3602
40.5589
50.81
64.6827
77.4706
89.1186
99.5841
108.834
116.837
123.559
128.948
132.922
135.357
136.091
134.951
131.802
126.615
119.511
110.735
100.585
89.2928
76.955
63.5012
48.7661
32.7435
20.3602
40.6331
50.7971
64.7885
77.6881
89.4404
100.003
109.342
117.428
124.229
129.697
133.751
136.271
137.093
136.032
132.941
127.779
120.655
111.816
101.572
90.1677
77.7084
64.1256
49.2489
33.0659
20.5562
)
;

boundaryField
{
    outletCentralUnloaded
    {
        type            calculated;
        value           nonuniform List<scalar> 2(0.00532932 0.00532932);
    }
    inletCentralUnloaded
    {
        type            calculated;
        value           nonuniform List<scalar> 2(0.0025139 0.0025139);
    }
    outletFuelElement
    {
        type            calculated;
        value           nonuniform List<scalar> 
12
(
40.5809
40.6354
40.5589
40.6331
40.6331
40.5589
40.6354
40.5809
40.6331
40.5589
40.5589
40.6331
)
;
    }
    inletFuelElement
    {
        type            calculated;
        value           nonuniform List<scalar> 
12
(
20.3942
20.6044
20.3602
20.5562
20.5562
20.3602
20.6044
20.3942
20.5562
20.3602
20.3602
20.5562
)
;
    }
    defaultFaces
    {
        type            calculated;
        value           nonuniform List<scalar> 
450
(
40.5809
40.5809
40.5809
50.8251
50.8251
50.8251
64.7178
64.7178
64.7178
77.5244
77.5244
77.5244
89.1899
89.1899
89.1899
99.6715
99.6715
99.6715
108.936
108.936
108.936
116.953
116.953
116.953
123.688
123.688
123.688
129.09
129.09
129.09
133.076
133.076
133.076
135.525
135.525
135.525
136.273
136.273
136.273
135.145
135.145
135.145
132.004
132.004
132.004
126.821
126.821
126.821
119.712
119.712
119.712
110.924
110.924
110.924
100.757
100.757
100.757
89.4449
89.4449
89.4449
77.0858
77.0858
77.0858
63.6094
63.6094
63.6094
48.8496
48.8496
48.8496
32.7993
32.7993
32.7993
20.3942
20.3942
20.3942
40.5589
40.5589
50.81
50.81
64.6827
64.6827
77.4706
77.4706
89.1186
89.1186
99.5841
99.5841
108.834
108.834
116.837
116.837
123.559
123.559
128.948
128.948
132.922
132.922
135.357
135.357
136.092
136.092
134.951
134.951
131.802
131.802
126.615
126.615
119.511
119.511
110.735
110.735
100.585
100.585
89.2928
89.2928
76.955
76.955
63.5012
63.5012
48.7661
48.7661
32.7435
32.7435
20.3602
20.3602
40.6331
50.7971
64.7885
77.688
89.4404
100.003
109.342
117.428
124.229
129.697
133.751
136.271
137.093
136.032
132.941
127.779
120.655
111.816
101.572
90.1677
77.7084
64.1256
49.2489
33.0659
20.5562
40.6331
50.7971
64.7885
77.6881
89.4404
100.003
109.342
117.428
124.229
129.697
133.751
136.271
137.093
136.032
132.941
127.779
120.655
111.816
101.572
90.1677
77.7084
64.1256
49.2489
33.0659
20.5562
40.5589
40.5589
50.81
50.81
64.6827
64.6827
77.4706
77.4706
89.1186
89.1186
99.5841
99.5841
108.834
108.834
116.837
116.837
123.559
123.559
128.948
128.948
132.922
132.922
135.357
135.357
136.091
136.091
134.951
134.951
131.802
131.802
126.615
126.615
119.511
119.511
110.735
110.735
100.585
100.585
89.2928
89.2928
76.955
76.955
63.5012
63.5012
48.7661
48.7661
32.7435
32.7435
20.3602
20.3602
40.5809
40.5809
40.5809
50.8251
50.8251
50.8251
64.7178
64.7178
64.7178
77.5245
77.5245
77.5245
89.1899
89.1899
89.1899
99.6715
99.6715
99.6715
108.936
108.936
108.936
116.953
116.953
116.953
123.688
123.688
123.688
129.09
129.09
129.09
133.076
133.076
133.076
135.525
135.525
135.525
136.273
136.273
136.273
135.145
135.145
135.145
132.004
132.004
132.004
126.821
126.821
126.821
119.712
119.712
119.712
110.924
110.924
110.924
100.757
100.757
100.757
89.4449
89.4449
89.4449
77.0858
77.0858
77.0858
63.6094
63.6094
63.6094
48.8496
48.8496
48.8496
32.7993
32.7993
32.7993
20.3942
20.3942
20.3942
40.6331
50.7971
64.7885
77.688
89.4404
100.003
109.342
117.428
124.229
129.697
133.751
136.271
137.093
136.032
132.941
127.779
120.655
111.816
101.572
90.1677
77.7084
64.1256
49.2489
33.0659
20.5562
40.5589
40.5589
50.81
50.81
64.6827
64.6827
77.4706
77.4706
89.1186
89.1186
99.5841
99.5841
108.834
108.834
116.837
116.837
123.559
123.559
128.948
128.948
132.922
132.922
135.357
135.357
136.091
136.091
134.951
134.951
131.802
131.802
126.615
126.615
119.511
119.511
110.735
110.735
100.585
100.585
89.2928
89.2928
76.955
76.955
63.5012
63.5012
48.7661
48.7661
32.7435
32.7435
20.3602
20.3602
40.5589
40.5589
50.81
50.81
64.6827
64.6827
77.4706
77.4706
89.1186
89.1186
99.5841
99.5841
108.834
108.834
116.837
116.837
123.559
123.559
128.948
128.948
132.922
132.922
135.357
135.357
136.091
136.091
134.951
134.951
131.802
131.802
126.615
126.615
119.511
119.511
110.735
110.735
100.585
100.585
89.2928
89.2928
76.955
76.955
63.5012
63.5012
48.7661
48.7661
32.7435
32.7435
20.3602
20.3602
40.6331
50.7971
64.7885
77.6881
89.4404
100.003
109.342
117.428
124.229
129.697
133.751
136.271
137.093
136.032
132.941
127.779
120.655
111.816
101.572
90.1677
77.7084
64.1256
49.2489
33.0659
20.5562
)
;
    }
    baffle_master
    {
        type            calculated;
        value           nonuniform List<scalar> 
150
(
0.00532932
0.00532932
0.00532932
0.00531351
0.00531351
0.00531351
0.00533205
0.00533205
0.00533205
0.00534275
0.00534275
0.00534275
0.00534158
0.00534158
0.00534158
0.0053287
0.0053287
0.0053287
0.00530804
0.00530804
0.00530804
0.00528603
0.00528603
0.00528603
0.00526918
0.00526918
0.00526918
0.00526138
0.00526138
0.00526138
0.00526277
0.00526277
0.00526277
0.00527064
0.00527064
0.00527064
0.00528154
0.00528154
0.00528154
0.00529309
0.00529309
0.00529309
0.00530466
0.00530466
0.00530466
0.00531701
0.00531701
0.00531701
0.00533146
0.00533146
0.00533146
0.00534873
0.00534873
0.00534873
0.00536766
0.00536766
0.00536766
0.00538352
0.00538352
0.00538352
0.00538726
0.00538726
0.00538726
0.00536881
0.00536881
0.00536881
0.0053039
0.0053039
0.0053039
0.00520132
0.00520132
0.00520132
0.0025139
0.0025139
0.0025139
0.00532932
0.00532932
0.00532932
0.00531351
0.00531351
0.00531351
0.00533205
0.00533205
0.00533205
0.00534275
0.00534275
0.00534275
0.00534158
0.00534158
0.00534158
0.0053287
0.0053287
0.0053287
0.00530804
0.00530804
0.00530804
0.00528603
0.00528603
0.00528603
0.00526918
0.00526918
0.00526918
0.00526138
0.00526138
0.00526138
0.00526277
0.00526277
0.00526277
0.00527064
0.00527064
0.00527064
0.00528155
0.00528155
0.00528155
0.00529309
0.00529309
0.00529309
0.00530466
0.00530466
0.00530466
0.00531701
0.00531701
0.00531701
0.00533146
0.00533146
0.00533146
0.00534873
0.00534873
0.00534873
0.00536766
0.00536766
0.00536766
0.00538352
0.00538352
0.00538352
0.00538726
0.00538726
0.00538726
0.00536881
0.00536881
0.00536881
0.0053039
0.0053039
0.0053039
0.00520132
0.00520132
0.00520132
0.0025139
0.0025139
0.0025139
)
;
    }
    baffle_slave
    {
        type            calculated;
        value           nonuniform List<scalar> 
150
(
40.6354
40.6331
40.6331
50.7638
50.7971
50.7971
64.7859
64.7885
64.7885
77.7141
77.688
77.6881
89.4935
89.4404
89.4404
100.081
100.003
100.003
109.443
109.342
109.342
117.552
117.428
117.428
124.374
124.229
124.229
129.862
129.697
129.697
133.938
133.751
133.751
136.48
136.271
136.271
137.324
137.093
137.093
136.285
136.032
136.032
133.211
132.941
132.941
128.057
127.779
127.779
120.93
120.655
120.655
112.078
111.816
111.816
101.813
101.572
101.572
90.3812
90.1677
90.1677
77.8927
77.7084
77.7084
64.2787
64.1256
64.1256
49.3675
49.2489
49.2489
33.1452
33.0659
33.0659
20.6044
20.5562
20.5562
40.6331
40.6354
40.6331
50.7971
50.7638
50.7971
64.7885
64.7859
64.7885
77.6881
77.7141
77.688
89.4404
89.4935
89.4404
100.003
100.081
100.003
109.342
109.443
109.342
117.428
117.552
117.428
124.229
124.374
124.229
129.697
129.862
129.697
133.751
133.938
133.751
136.271
136.48
136.271
137.093
137.324
137.093
136.032
136.285
136.032
132.941
133.211
132.941
127.779
128.057
127.779
120.655
120.93
120.655
111.816
112.078
111.816
101.572
101.813
101.572
90.1677
90.3812
90.1677
77.7084
77.8927
77.7084
64.1256
64.2787
64.1256
49.2489
49.3675
49.2489
33.0659
33.1452
33.0659
20.5562
20.6044
20.5562
)
;
    }
}


// ************************************************************************* //
