/*--------------------------------*- C++ -*----------------------------------*\
| =========                 |                                                 |
| \\      /  F ield         | OpenFOAM: The Open Source CFD Toolbox           |
|  \\    /   O peration     | Version:  2212                                  |
|   \\  /    A nd           | Website:  www.openfoam.com                      |
|    \\/     M anipulation  |                                                 |
\*---------------------------------------------------------------------------*/
FoamFile
{
    version     2.0;
    format      ascii;
    arch        "LSB;label=32;scalar=64";
    class       volScalarField;
    location    "48/fluidRegion";
    object      epsilon;
}
// * * * * * * * * * * * * * * * * * * * * * * * * * * * * * * * * * * * * * //

dimensions      [0 2 -3 0 0 0 0];

internalField   nonuniform List<scalar> 
350
(
66.9834
66.9671
66.9506
66.9341
66.9175
66.9008
66.8843
66.868
66.8519
66.836
66.8205
66.8055
66.7911
66.7777
66.7659
66.7565
66.7507
66.7504
66.7588
66.7803
66.8219
66.8942
67.0137
67.2052
67.5067
66.9834
66.9671
66.9506
66.9341
66.9175
66.9008
66.8843
66.868
66.8519
66.836
66.8205
66.8055
66.7911
66.7777
66.7659
66.7565
66.7507
66.7504
66.7588
66.7803
66.8219
66.8942
67.0137
67.2052
67.5067
7.62705e+06
7.02007e+06
6.34783e+06
5.63135e+06
4.89845e+06
4.17464e+06
3.48208e+06
2.83879e+06
2.2583e+06
1.74947e+06
1.31664e+06
959990
676006
458164
297742
184758
108964
60752.1
31834
15595.9
7143.29
3114.68
1385.15
735.638
547.197
7.79205e+06
7.1734e+06
6.48812e+06
5.75717e+06
5.00903e+06
4.26979e+06
3.56215e+06
2.90459e+06
2.31098e+06
1.79046e+06
1.34754e+06
982464
691704
468640
304384
188733
111193
61913
32388
15833.8
7232.7
3142.98
1392.32
737.079
547.62
7.60006e+06
6.99492e+06
6.32492e+06
5.61088e+06
4.88053e+06
4.15928e+06
3.4692e+06
2.82825e+06
2.24989e+06
1.74294e+06
1.31174e+06
956438
673532
456516
296699
184134
108613
60568.5
31745.4
15557.1
7128.08
3109.41
1383.52
735.145
547.02
7.75551e+06
7.13937e+06
6.45691e+06
5.72911e+06
4.9843e+06
4.24847e+06
3.54417e+06
2.88978e+06
2.2991e+06
1.78119e+06
1.34054e+06
977364
688134
466254
302868
187825
110684
61647.4
32261.2
15779.4
7212.31
3136.57
1390.73
736.781
547.541
7.75551e+06
7.13937e+06
6.45691e+06
5.72911e+06
4.9843e+06
4.24847e+06
3.54417e+06
2.88978e+06
2.2991e+06
1.78119e+06
1.34054e+06
977364
688134
466254
302868
187825
110684
61647.4
32261.2
15779.4
7212.31
3136.57
1390.73
736.781
547.541
7.60007e+06
6.99493e+06
6.32493e+06
5.61089e+06
4.88053e+06
4.15929e+06
3.46921e+06
2.82826e+06
2.24989e+06
1.74295e+06
1.31174e+06
956440
673533
456517
296699
184134
108613
60568.6
31745.5
15557.1
7128.08
3109.41
1383.52
735.145
547.02
7.79205e+06
7.17339e+06
6.48812e+06
5.75717e+06
5.00903e+06
4.26979e+06
3.56215e+06
2.90459e+06
2.31098e+06
1.79046e+06
1.34754e+06
982464
691704
468640
304384
188733
111193
61913
32388
15833.8
7232.7
3142.98
1392.32
737.078
547.619
7.62705e+06
7.02007e+06
6.34783e+06
5.63135e+06
4.89845e+06
4.17464e+06
3.48208e+06
2.83879e+06
2.2583e+06
1.74946e+06
1.31664e+06
959990
676006
458164
297742
184758
108964
60752.1
31834
15595.9
7143.3
3114.69
1385.16
735.644
547.203
7.75551e+06
7.13937e+06
6.4569e+06
5.72911e+06
4.9843e+06
4.24847e+06
3.54417e+06
2.88978e+06
2.2991e+06
1.78119e+06
1.34054e+06
977364
688134
466254
302868
187825
110684
61647.4
32261.2
15779.4
7212.32
3136.57
1390.73
736.783
547.543
7.60006e+06
6.99492e+06
6.32492e+06
5.61088e+06
4.88053e+06
4.15928e+06
3.4692e+06
2.82825e+06
2.24989e+06
1.74294e+06
1.31174e+06
956439
673532
456517
296699
184134
108613
60568.5
31745.4
15557.1
7128.06
3109.4
1383.5
735.134
547.009
7.60007e+06
6.99493e+06
6.32493e+06
5.61089e+06
4.88053e+06
4.15929e+06
3.4692e+06
2.82825e+06
2.24989e+06
1.74295e+06
1.31174e+06
956440
673533
456517
296699
184134
108613
60568.6
31745.5
15557.1
7128.08
3109.41
1383.51
735.142
547.017
7.75551e+06
7.13937e+06
6.4569e+06
5.72911e+06
4.9843e+06
4.24847e+06
3.54417e+06
2.88978e+06
2.2991e+06
1.78119e+06
1.34054e+06
977364
688134
466254
302868
187825
110684
61647.4
32261.2
15779.4
7212.33
3136.58
1390.74
736.791
547.551
)
;

boundaryField
{
    outletCentralUnloaded
    {
        type            zeroGradient;
    }
    inletCentralUnloaded
    {
        type            zeroGradient;
    }
    outletFuelElement
    {
        type            zeroGradient;
    }
    inletFuelElement
    {
        type            zeroGradient;
    }
    defaultFaces
    {
        type            zeroGradient;
    }
    baffle_master
    {
        type            zeroGradient;
    }
    baffle_slave
    {
        type            zeroGradient;
    }
}


// ************************************************************************* //
