/*--------------------------------*- C++ -*----------------------------------*\
| =========                 |                                                 |
| \\      /  F ield         | OpenFOAM: The Open Source CFD Toolbox           |
|  \\    /   O peration     | Version:  2212                                  |
|   \\  /    A nd           | Website:  www.openfoam.com                      |
|    \\/     M anipulation  |                                                 |
\*---------------------------------------------------------------------------*/
FoamFile
{
    version     2.0;
    format      ascii;
    arch        "LSB;label=32;scalar=64";
    class       volScalarField;
    location    "48/fluidRegion";
    object      k;
}
// * * * * * * * * * * * * * * * * * * * * * * * * * * * * * * * * * * * * * //

dimensions      [0 2 -2 0 0 0 0];

internalField   nonuniform List<scalar> 
350
(
0.421087
0.421018
0.420949
0.420881
0.420814
0.420747
0.420681
0.420614
0.420547
0.420479
0.420411
0.420346
0.420285
0.42023
0.420184
0.420152
0.42014
0.420159
0.420223
0.420359
0.420604
0.421015
0.421681
0.422736
0.424381
0.421087
0.421018
0.420949
0.420881
0.420814
0.420747
0.420681
0.420614
0.420547
0.420479
0.420411
0.420346
0.420285
0.42023
0.420184
0.420152
0.42014
0.420159
0.420223
0.420359
0.420604
0.421015
0.421681
0.422736
0.424381
405.891
383.394
357.795
329.599
299.59
268.545
237.211
206.29
176.418
148.16
121.992
98.2937
77.3402
59.2873
44.1673
31.8879
22.2448
14.9448
9.6397
5.96039
3.54738
2.07164
1.24983
0.853305
0.713346
411.595
388.835
362.934
334.385
303.985
272.522
240.756
209.396
179.091
150.414
123.849
99.785
78.5024
60.1631
44.8023
32.3289
22.5363
15.1268
9.74573
6.01711
3.57452
2.08282
1.25359
0.854331
0.713733
404.946
382.491
356.946
328.811
298.869
267.895
236.634
205.786
175.987
147.797
121.694
98.0554
77.1549
59.148
44.0663
31.8179
22.1984
14.9157
9.62253
5.95099
3.54266
2.0695
1.24895
0.852961
0.713211
410.343
387.638
361.8
333.326
303.01
271.638
239.966
208.703
178.493
149.908
123.431
99.4489
78.2399
59.9648
44.6583
32.2287
22.4699
15.0853
9.72157
6.00419
3.56835
2.08029
1.25276
0.854119
0.713659
410.343
387.638
361.8
333.326
303.01
271.638
239.966
208.703
178.493
149.908
123.431
99.4489
78.2399
59.9648
44.6582
32.2287
22.4699
15.0853
9.72157
6.00419
3.56835
2.08029
1.25276
0.854118
0.713658
404.947
382.491
356.947
328.812
298.87
267.895
236.635
205.787
175.987
147.798
121.694
98.0555
77.155
59.1481
44.0664
31.8179
22.1984
14.9157
9.62253
5.95099
3.54266
2.0695
1.24895
0.852963
0.713213
411.595
388.835
362.934
334.385
303.985
272.522
240.756
209.396
179.091
150.414
123.849
99.785
78.5025
60.1631
44.8023
32.3289
22.5363
15.1268
9.74573
6.01711
3.57452
2.08282
1.25359
0.854331
0.713732
405.891
383.394
357.795
329.599
299.59
268.545
237.211
206.29
176.418
148.16
121.992
98.2937
77.3402
59.2873
44.1673
31.8879
22.2448
14.9448
9.63971
5.9604
3.54739
2.07165
1.24984
0.853316
0.713357
410.343
387.638
361.8
333.326
303.01
271.638
239.966
208.703
178.493
149.908
123.431
99.4489
78.2399
59.9648
44.6583
32.2287
22.4699
15.0853
9.72157
6.00419
3.56835
2.0803
1.25276
0.854122
0.713662
404.946
382.491
356.946
328.811
298.869
267.895
236.635
205.786
175.987
147.797
121.694
98.0554
77.1549
59.148
44.0663
31.8179
22.1984
14.9157
9.62252
5.95098
3.54265
2.06948
1.24893
0.852943
0.713193
404.947
382.491
356.947
328.812
298.869
267.895
236.635
205.786
175.987
147.797
121.694
98.0554
77.155
59.148
44.0664
31.8179
22.1984
14.9157
9.62253
5.95099
3.54266
2.0695
1.24895
0.852959
0.713209
410.343
387.638
361.8
333.326
303.01
271.638
239.966
208.703
178.493
149.908
123.431
99.4489
78.2399
59.9648
44.6582
32.2287
22.4699
15.0853
9.72157
6.0042
3.56836
2.08031
1.25278
0.854134
0.713675
)
;

boundaryField
{
    outletCentralUnloaded
    {
        type            zeroGradient;
    }
    inletCentralUnloaded
    {
        type            zeroGradient;
    }
    outletFuelElement
    {
        type            zeroGradient;
    }
    inletFuelElement
    {
        type            zeroGradient;
    }
    defaultFaces
    {
        type            zeroGradient;
    }
    baffle_master
    {
        type            zeroGradient;
    }
    baffle_slave
    {
        type            zeroGradient;
    }
}


// ************************************************************************* //
