/*--------------------------------*- C++ -*----------------------------------*\
| =========                 |                                                 |
| \\      /  F ield         | OpenFOAM: The Open Source CFD Toolbox           |
|  \\    /   O peration     | Version:  2212                                  |
|   \\  /    A nd           | Website:  www.openfoam.com                      |
|    \\/     M anipulation  |                                                 |
\*---------------------------------------------------------------------------*/
FoamFile
{
    version     2.0;
    format      ascii;
    arch        "LSB;label=32;scalar=64";
    class       volTensorField;
    location    "48/fluidRegion";
    object      Kd;
}
// * * * * * * * * * * * * * * * * * * * * * * * * * * * * * * * * * * * * * //

dimensions      [1 -3 -1 0 0 0 0];

internalField   nonuniform List<tensor> 
350
(
(84.7416 0 0 0 84.7416 0 0 0 84.7416)
(84.7417 0 0 0 84.7417 0 0 0 84.7417)
(84.742 0 0 0 84.742 0 0 0 84.742)
(84.7423 0 0 0 84.7423 0 0 0 84.7423)
(84.7425 0 0 0 84.7425 0 0 0 84.7425)
(84.7425 0 0 0 84.7425 0 0 0 84.7425)
(84.7424 0 0 0 84.7424 0 0 0 84.7424)
(84.7423 0 0 0 84.7423 0 0 0 84.7423)
(84.7421 0 0 0 84.7421 0 0 0 84.7421)
(84.7419 0 0 0 84.7419 0 0 0 84.7419)
(84.7417 0 0 0 84.7417 0 0 0 84.7417)
(84.7414 0 0 0 84.7414 0 0 0 84.7414)
(84.7411 0 0 0 84.7411 0 0 0 84.7411)
(84.7409 0 0 0 84.7409 0 0 0 84.7409)
(84.7407 0 0 0 84.7407 0 0 0 84.7407)
(84.7406 0 0 0 84.7406 0 0 0 84.7406)
(84.7405 0 0 0 84.7405 0 0 0 84.7405)
(84.7404 0 0 0 84.7404 0 0 0 84.7404)
(84.7402 0 0 0 84.7402 0 0 0 84.7402)
(84.7401 0 0 0 84.7401 0 0 0 84.7401)
(84.74 0 0 0 84.74 0 0 0 84.74)
(84.7401 0 0 0 84.7401 0 0 0 84.7401)
(84.7403 0 0 0 84.7403 0 0 0 84.7403)
(84.7408 0 0 0 84.7408 0 0 0 84.7408)
(84.8734 0 0 0 84.8734 0 0 0 84.8734)
(84.7416 0 0 0 84.7416 0 0 0 84.7416)
(84.7417 0 0 0 84.7417 0 0 0 84.7417)
(84.742 0 0 0 84.742 0 0 0 84.742)
(84.7423 0 0 0 84.7423 0 0 0 84.7423)
(84.7425 0 0 0 84.7425 0 0 0 84.7425)
(84.7425 0 0 0 84.7425 0 0 0 84.7425)
(84.7424 0 0 0 84.7424 0 0 0 84.7424)
(84.7423 0 0 0 84.7423 0 0 0 84.7423)
(84.7421 0 0 0 84.7421 0 0 0 84.7421)
(84.7419 0 0 0 84.7419 0 0 0 84.7419)
(84.7417 0 0 0 84.7417 0 0 0 84.7417)
(84.7414 0 0 0 84.7414 0 0 0 84.7414)
(84.7411 0 0 0 84.7411 0 0 0 84.7411)
(84.7409 0 0 0 84.7409 0 0 0 84.7409)
(84.7407 0 0 0 84.7407 0 0 0 84.7407)
(84.7406 0 0 0 84.7406 0 0 0 84.7406)
(84.7405 0 0 0 84.7405 0 0 0 84.7405)
(84.7404 0 0 0 84.7404 0 0 0 84.7404)
(84.7402 0 0 0 84.7402 0 0 0 84.7402)
(84.7401 0 0 0 84.7401 0 0 0 84.7401)
(84.74 0 0 0 84.74 0 0 0 84.74)
(84.7401 0 0 0 84.7401 0 0 0 84.7401)
(84.7403 0 0 0 84.7403 0 0 0 84.7403)
(84.7408 0 0 0 84.7408 0 0 0 84.7408)
(84.8734 0 0 0 84.8734 0 0 0 84.8734)
(682.536 0 0 0 682.536 0 0 0 682.536)
(682.074 0 0 0 682.074 0 0 0 682.074)
(682.085 0 0 0 682.085 0 0 0 682.085)
(682.088 0 0 0 682.088 0 0 0 682.088)
(682.078 0 0 0 682.078 0 0 0 682.078)
(682.056 0 0 0 682.056 0 0 0 682.056)
(682.021 0 0 0 682.021 0 0 0 682.021)
(681.969 0 0 0 681.969 0 0 0 681.969)
(681.9 0 0 0 681.9 0 0 0 681.9)
(681.811 0 0 0 681.811 0 0 0 681.811)
(681.701 0 0 0 681.701 0 0 0 681.701)
(681.569 0 0 0 681.569 0 0 0 681.569)
(681.417 0 0 0 681.417 0 0 0 681.417)
(681.244 0 0 0 681.244 0 0 0 681.244)
(681.048 0 0 0 681.048 0 0 0 681.048)
(680.819 0 0 0 680.819 0 0 0 680.819)
(680.539 0 0 0 680.539 0 0 0 680.539)
(680.192 0 0 0 680.192 0 0 0 680.192)
(679.771 0 0 0 679.771 0 0 0 679.771)
(679.329 0 0 0 679.329 0 0 0 679.329)
(679.047 0 0 0 679.047 0 0 0 679.047)
(679.475 0 0 0 679.475 0 0 0 679.475)
(681.945 0 0 0 681.945 0 0 0 681.945)
(688.816 0 0 0 688.816 0 0 0 688.816)
(693.302 0 0 0 693.302 0 0 0 693.302)
(678.001 0 0 0 678.001 0 0 0 678.001)
(677.467 0 0 0 677.467 0 0 0 677.467)
(677.44 0 0 0 677.44 0 0 0 677.44)
(677.403 0 0 0 677.403 0 0 0 677.403)
(677.358 0 0 0 677.358 0 0 0 677.358)
(677.303 0 0 0 677.303 0 0 0 677.303)
(677.236 0 0 0 677.236 0 0 0 677.236)
(677.155 0 0 0 677.155 0 0 0 677.155)
(677.059 0 0 0 677.059 0 0 0 677.059)
(676.946 0 0 0 676.946 0 0 0 676.946)
(676.816 0 0 0 676.816 0 0 0 676.816)
(676.673 0 0 0 676.673 0 0 0 676.673)
(676.523 0 0 0 676.523 0 0 0 676.523)
(676.377 0 0 0 676.377 0 0 0 676.377)
(676.24 0 0 0 676.24 0 0 0 676.24)
(676.113 0 0 0 676.113 0 0 0 676.113)
(675.984 0 0 0 675.984 0 0 0 675.984)
(675.838 0 0 0 675.838 0 0 0 675.838)
(675.667 0 0 0 675.667 0 0 0 675.667)
(675.529 0 0 0 675.529 0 0 0 675.529)
(675.62 0 0 0 675.62 0 0 0 675.62)
(676.52 0 0 0 676.52 0 0 0 676.52)
(679.618 0 0 0 679.618 0 0 0 679.618)
(687.328 0 0 0 687.328 0 0 0 687.328)
(692.818 0 0 0 692.818 0 0 0 692.818)
(683.294 0 0 0 683.294 0 0 0 683.294)
(682.828 0 0 0 682.828 0 0 0 682.828)
(682.843 0 0 0 682.843 0 0 0 682.843)
(682.848 0 0 0 682.848 0 0 0 682.848)
(682.841 0 0 0 682.841 0 0 0 682.841)
(682.821 0 0 0 682.821 0 0 0 682.821)
(682.787 0 0 0 682.787 0 0 0 682.787)
(682.736 0 0 0 682.736 0 0 0 682.736)
(682.667 0 0 0 682.667 0 0 0 682.667)
(682.578 0 0 0 682.578 0 0 0 682.578)
(682.467 0 0 0 682.467 0 0 0 682.467)
(682.332 0 0 0 682.332 0 0 0 682.332)
(682.174 0 0 0 682.174 0 0 0 682.174)
(681.991 0 0 0 681.991 0 0 0 681.991)
(681.778 0 0 0 681.778 0 0 0 681.778)
(681.525 0 0 0 681.525 0 0 0 681.525)
(681.213 0 0 0 681.213 0 0 0 681.213)
(680.826 0 0 0 680.826 0 0 0 680.826)
(680.355 0 0 0 680.355 0 0 0 680.355)
(679.854 0 0 0 679.854 0 0 0 679.854)
(679.499 0 0 0 679.499 0 0 0 679.499)
(679.837 0 0 0 679.837 0 0 0 679.837)
(682.192 0 0 0 682.192 0 0 0 682.192)
(688.928 0 0 0 688.928 0 0 0 688.928)
(693.319 0 0 0 693.319 0 0 0 693.319)
(679.016 0 0 0 679.016 0 0 0 679.016)
(678.502 0 0 0 678.502 0 0 0 678.502)
(678.486 0 0 0 678.486 0 0 0 678.486)
(678.46 0 0 0 678.46 0 0 0 678.46)
(678.425 0 0 0 678.425 0 0 0 678.425)
(678.379 0 0 0 678.379 0 0 0 678.379)
(678.321 0 0 0 678.321 0 0 0 678.321)
(678.249 0 0 0 678.249 0 0 0 678.249)
(678.161 0 0 0 678.161 0 0 0 678.161)
(678.055 0 0 0 678.055 0 0 0 678.055)
(677.931 0 0 0 677.931 0 0 0 677.931)
(677.792 0 0 0 677.792 0 0 0 677.792)
(677.644 0 0 0 677.644 0 0 0 677.644)
(677.493 0 0 0 677.493 0 0 0 677.493)
(677.345 0 0 0 677.345 0 0 0 677.345)
(677.196 0 0 0 677.196 0 0 0 677.196)
(677.035 0 0 0 677.035 0 0 0 677.035)
(676.844 0 0 0 676.844 0 0 0 676.844)
(676.617 0 0 0 676.617 0 0 0 676.617)
(676.411 0 0 0 676.411 0 0 0 676.411)
(676.418 0 0 0 676.418 0 0 0 676.418)
(677.212 0 0 0 677.212 0 0 0 677.212)
(680.167 0 0 0 680.167 0 0 0 680.167)
(687.687 0 0 0 687.687 0 0 0 687.687)
(692.938 0 0 0 692.938 0 0 0 692.938)
(679.016 0 0 0 679.016 0 0 0 679.016)
(678.502 0 0 0 678.502 0 0 0 678.502)
(678.486 0 0 0 678.486 0 0 0 678.486)
(678.46 0 0 0 678.46 0 0 0 678.46)
(678.425 0 0 0 678.425 0 0 0 678.425)
(678.379 0 0 0 678.379 0 0 0 678.379)
(678.321 0 0 0 678.321 0 0 0 678.321)
(678.249 0 0 0 678.249 0 0 0 678.249)
(678.161 0 0 0 678.161 0 0 0 678.161)
(678.055 0 0 0 678.055 0 0 0 678.055)
(677.931 0 0 0 677.931 0 0 0 677.931)
(677.792 0 0 0 677.792 0 0 0 677.792)
(677.644 0 0 0 677.644 0 0 0 677.644)
(677.493 0 0 0 677.493 0 0 0 677.493)
(677.345 0 0 0 677.345 0 0 0 677.345)
(677.196 0 0 0 677.196 0 0 0 677.196)
(677.035 0 0 0 677.035 0 0 0 677.035)
(676.844 0 0 0 676.844 0 0 0 676.844)
(676.617 0 0 0 676.617 0 0 0 676.617)
(676.411 0 0 0 676.411 0 0 0 676.411)
(676.418 0 0 0 676.418 0 0 0 676.418)
(677.212 0 0 0 677.212 0 0 0 677.212)
(680.167 0 0 0 680.167 0 0 0 680.167)
(687.687 0 0 0 687.687 0 0 0 687.687)
(692.938 0 0 0 692.938 0 0 0 692.938)
(683.294 0 0 0 683.294 0 0 0 683.294)
(682.828 0 0 0 682.828 0 0 0 682.828)
(682.843 0 0 0 682.843 0 0 0 682.843)
(682.848 0 0 0 682.848 0 0 0 682.848)
(682.841 0 0 0 682.841 0 0 0 682.841)
(682.821 0 0 0 682.821 0 0 0 682.821)
(682.787 0 0 0 682.787 0 0 0 682.787)
(682.736 0 0 0 682.736 0 0 0 682.736)
(682.667 0 0 0 682.667 0 0 0 682.667)
(682.578 0 0 0 682.578 0 0 0 682.578)
(682.466 0 0 0 682.466 0 0 0 682.466)
(682.332 0 0 0 682.332 0 0 0 682.332)
(682.173 0 0 0 682.173 0 0 0 682.173)
(681.99 0 0 0 681.99 0 0 0 681.99)
(681.777 0 0 0 681.777 0 0 0 681.777)
(681.524 0 0 0 681.524 0 0 0 681.524)
(681.213 0 0 0 681.213 0 0 0 681.213)
(680.825 0 0 0 680.825 0 0 0 680.825)
(680.354 0 0 0 680.354 0 0 0 680.354)
(679.853 0 0 0 679.853 0 0 0 679.853)
(679.498 0 0 0 679.498 0 0 0 679.498)
(679.836 0 0 0 679.836 0 0 0 679.836)
(682.191 0 0 0 682.191 0 0 0 682.191)
(688.926 0 0 0 688.926 0 0 0 688.926)
(693.319 0 0 0 693.319 0 0 0 693.319)
(678.001 0 0 0 678.001 0 0 0 678.001)
(677.467 0 0 0 677.467 0 0 0 677.467)
(677.44 0 0 0 677.44 0 0 0 677.44)
(677.403 0 0 0 677.403 0 0 0 677.403)
(677.358 0 0 0 677.358 0 0 0 677.358)
(677.303 0 0 0 677.303 0 0 0 677.303)
(677.236 0 0 0 677.236 0 0 0 677.236)
(677.155 0 0 0 677.155 0 0 0 677.155)
(677.059 0 0 0 677.059 0 0 0 677.059)
(676.946 0 0 0 676.946 0 0 0 676.946)
(676.816 0 0 0 676.816 0 0 0 676.816)
(676.673 0 0 0 676.673 0 0 0 676.673)
(676.523 0 0 0 676.523 0 0 0 676.523)
(676.377 0 0 0 676.377 0 0 0 676.377)
(676.24 0 0 0 676.24 0 0 0 676.24)
(676.113 0 0 0 676.113 0 0 0 676.113)
(675.984 0 0 0 675.984 0 0 0 675.984)
(675.838 0 0 0 675.838 0 0 0 675.838)
(675.667 0 0 0 675.667 0 0 0 675.667)
(675.529 0 0 0 675.529 0 0 0 675.529)
(675.62 0 0 0 675.62 0 0 0 675.62)
(676.52 0 0 0 676.52 0 0 0 676.52)
(679.618 0 0 0 679.618 0 0 0 679.618)
(687.328 0 0 0 687.328 0 0 0 687.328)
(692.818 0 0 0 692.818 0 0 0 692.818)
(682.536 0 0 0 682.536 0 0 0 682.536)
(682.074 0 0 0 682.074 0 0 0 682.074)
(682.085 0 0 0 682.085 0 0 0 682.085)
(682.088 0 0 0 682.088 0 0 0 682.088)
(682.078 0 0 0 682.078 0 0 0 682.078)
(682.056 0 0 0 682.056 0 0 0 682.056)
(682.021 0 0 0 682.021 0 0 0 682.021)
(681.969 0 0 0 681.969 0 0 0 681.969)
(681.9 0 0 0 681.9 0 0 0 681.9)
(681.811 0 0 0 681.811 0 0 0 681.811)
(681.701 0 0 0 681.701 0 0 0 681.701)
(681.569 0 0 0 681.569 0 0 0 681.569)
(681.417 0 0 0 681.417 0 0 0 681.417)
(681.244 0 0 0 681.244 0 0 0 681.244)
(681.048 0 0 0 681.048 0 0 0 681.048)
(680.819 0 0 0 680.819 0 0 0 680.819)
(680.539 0 0 0 680.539 0 0 0 680.539)
(680.192 0 0 0 680.192 0 0 0 680.192)
(679.771 0 0 0 679.771 0 0 0 679.771)
(679.329 0 0 0 679.329 0 0 0 679.329)
(679.047 0 0 0 679.047 0 0 0 679.047)
(679.475 0 0 0 679.475 0 0 0 679.475)
(681.945 0 0 0 681.945 0 0 0 681.945)
(688.816 0 0 0 688.816 0 0 0 688.816)
(693.302 0 0 0 693.302 0 0 0 693.302)
(679.016 0 0 0 679.016 0 0 0 679.016)
(678.502 0 0 0 678.502 0 0 0 678.502)
(678.486 0 0 0 678.486 0 0 0 678.486)
(678.46 0 0 0 678.46 0 0 0 678.46)
(678.425 0 0 0 678.425 0 0 0 678.425)
(678.379 0 0 0 678.379 0 0 0 678.379)
(678.321 0 0 0 678.321 0 0 0 678.321)
(678.249 0 0 0 678.249 0 0 0 678.249)
(678.161 0 0 0 678.161 0 0 0 678.161)
(678.055 0 0 0 678.055 0 0 0 678.055)
(677.931 0 0 0 677.931 0 0 0 677.931)
(677.792 0 0 0 677.792 0 0 0 677.792)
(677.644 0 0 0 677.644 0 0 0 677.644)
(677.493 0 0 0 677.493 0 0 0 677.493)
(677.345 0 0 0 677.345 0 0 0 677.345)
(677.196 0 0 0 677.196 0 0 0 677.196)
(677.035 0 0 0 677.035 0 0 0 677.035)
(676.844 0 0 0 676.844 0 0 0 676.844)
(676.617 0 0 0 676.617 0 0 0 676.617)
(676.411 0 0 0 676.411 0 0 0 676.411)
(676.418 0 0 0 676.418 0 0 0 676.418)
(677.212 0 0 0 677.212 0 0 0 677.212)
(680.167 0 0 0 680.167 0 0 0 680.167)
(687.687 0 0 0 687.687 0 0 0 687.687)
(692.938 0 0 0 692.938 0 0 0 692.938)
(683.294 0 0 0 683.294 0 0 0 683.294)
(682.828 0 0 0 682.828 0 0 0 682.828)
(682.843 0 0 0 682.843 0 0 0 682.843)
(682.848 0 0 0 682.848 0 0 0 682.848)
(682.841 0 0 0 682.841 0 0 0 682.841)
(682.821 0 0 0 682.821 0 0 0 682.821)
(682.787 0 0 0 682.787 0 0 0 682.787)
(682.736 0 0 0 682.736 0 0 0 682.736)
(682.667 0 0 0 682.667 0 0 0 682.667)
(682.578 0 0 0 682.578 0 0 0 682.578)
(682.466 0 0 0 682.466 0 0 0 682.466)
(682.332 0 0 0 682.332 0 0 0 682.332)
(682.174 0 0 0 682.174 0 0 0 682.174)
(681.99 0 0 0 681.99 0 0 0 681.99)
(681.778 0 0 0 681.778 0 0 0 681.778)
(681.525 0 0 0 681.525 0 0 0 681.525)
(681.213 0 0 0 681.213 0 0 0 681.213)
(680.826 0 0 0 680.826 0 0 0 680.826)
(680.355 0 0 0 680.355 0 0 0 680.355)
(679.853 0 0 0 679.853 0 0 0 679.853)
(679.499 0 0 0 679.499 0 0 0 679.499)
(679.837 0 0 0 679.837 0 0 0 679.837)
(682.192 0 0 0 682.192 0 0 0 682.192)
(688.928 0 0 0 688.928 0 0 0 688.928)
(693.319 0 0 0 693.319 0 0 0 693.319)
(683.294 0 0 0 683.294 0 0 0 683.294)
(682.828 0 0 0 682.828 0 0 0 682.828)
(682.843 0 0 0 682.843 0 0 0 682.843)
(682.848 0 0 0 682.848 0 0 0 682.848)
(682.841 0 0 0 682.841 0 0 0 682.841)
(682.821 0 0 0 682.821 0 0 0 682.821)
(682.787 0 0 0 682.787 0 0 0 682.787)
(682.736 0 0 0 682.736 0 0 0 682.736)
(682.667 0 0 0 682.667 0 0 0 682.667)
(682.578 0 0 0 682.578 0 0 0 682.578)
(682.466 0 0 0 682.466 0 0 0 682.466)
(682.332 0 0 0 682.332 0 0 0 682.332)
(682.173 0 0 0 682.173 0 0 0 682.173)
(681.99 0 0 0 681.99 0 0 0 681.99)
(681.777 0 0 0 681.777 0 0 0 681.777)
(681.524 0 0 0 681.524 0 0 0 681.524)
(681.213 0 0 0 681.213 0 0 0 681.213)
(680.825 0 0 0 680.825 0 0 0 680.825)
(680.354 0 0 0 680.354 0 0 0 680.354)
(679.853 0 0 0 679.853 0 0 0 679.853)
(679.498 0 0 0 679.498 0 0 0 679.498)
(679.836 0 0 0 679.836 0 0 0 679.836)
(682.191 0 0 0 682.191 0 0 0 682.191)
(688.926 0 0 0 688.926 0 0 0 688.926)
(693.319 0 0 0 693.319 0 0 0 693.319)
(679.016 0 0 0 679.016 0 0 0 679.016)
(678.502 0 0 0 678.502 0 0 0 678.502)
(678.486 0 0 0 678.486 0 0 0 678.486)
(678.46 0 0 0 678.46 0 0 0 678.46)
(678.425 0 0 0 678.425 0 0 0 678.425)
(678.379 0 0 0 678.379 0 0 0 678.379)
(678.321 0 0 0 678.321 0 0 0 678.321)
(678.249 0 0 0 678.249 0 0 0 678.249)
(678.161 0 0 0 678.161 0 0 0 678.161)
(678.055 0 0 0 678.055 0 0 0 678.055)
(677.931 0 0 0 677.931 0 0 0 677.931)
(677.792 0 0 0 677.792 0 0 0 677.792)
(677.644 0 0 0 677.644 0 0 0 677.644)
(677.493 0 0 0 677.493 0 0 0 677.493)
(677.345 0 0 0 677.345 0 0 0 677.345)
(677.196 0 0 0 677.196 0 0 0 677.196)
(677.035 0 0 0 677.035 0 0 0 677.035)
(676.844 0 0 0 676.844 0 0 0 676.844)
(676.617 0 0 0 676.617 0 0 0 676.617)
(676.411 0 0 0 676.411 0 0 0 676.411)
(676.418 0 0 0 676.418 0 0 0 676.418)
(677.212 0 0 0 677.212 0 0 0 677.212)
(680.167 0 0 0 680.167 0 0 0 680.167)
(687.687 0 0 0 687.687 0 0 0 687.687)
(692.939 0 0 0 692.939 0 0 0 692.939)
)
;

boundaryField
{
    outletCentralUnloaded
    {
        type            zeroGradient;
    }
    inletCentralUnloaded
    {
        type            zeroGradient;
    }
    outletFuelElement
    {
        type            zeroGradient;
    }
    inletFuelElement
    {
        type            zeroGradient;
    }
    defaultFaces
    {
        type            zeroGradient;
    }
    baffle_master
    {
        type            zeroGradient;
    }
    baffle_slave
    {
        type            zeroGradient;
    }
}


// ************************************************************************* //
