/*--------------------------------*- C++ -*----------------------------------*\
| =========                 |                                                 |
| \\      /  F ield         | OpenFOAM: The Open Source CFD Toolbox           |
|  \\    /   O peration     | Version:  2212                                  |
|   \\  /    A nd           | Website:  www.openfoam.com                      |
|    \\/     M anipulation  |                                                 |
\*---------------------------------------------------------------------------*/
FoamFile
{
    version     2.0;
    format      ascii;
    arch        "LSB;label=32;scalar=64";
    class       volVectorField;
    location    "48/fluidRegion";
    object      U;
}
// * * * * * * * * * * * * * * * * * * * * * * * * * * * * * * * * * * * * * //

dimensions      [0 1 -1 0 0 0 0];

internalField   nonuniform List<vector> 
350
(
(-7.55668e-09 -4.36284e-09 -14.9684)
(-7.66353e-09 -4.42453e-09 -14.9672)
(-4.44212e-09 -2.56465e-09 -14.9659)
(-9.31889e-10 -5.38025e-10 -14.9647)
(1.67865e-09 9.69165e-10 -14.9634)
(3.30321e-09 1.90711e-09 -14.9621)
(4.37096e-09 2.52357e-09 -14.9608)
(5.36189e-09 3.09568e-09 -14.9595)
(6.42787e-09 3.71112e-09 -14.9581)
(7.30655e-09 4.21843e-09 -14.9568)
(7.47677e-09 4.3167e-09 -14.9555)
(6.57513e-09 3.79614e-09 -14.9543)
(4.62144e-09 2.66818e-09 -14.953)
(2.01459e-09 1.16312e-09 -14.9518)
(-6.21488e-10 -3.58815e-10 -14.9507)
(-2.80262e-09 -1.61809e-09 -14.9495)
(-4.34578e-09 -2.50903e-09 -14.9483)
(-5.36519e-09 -3.09759e-09 -14.9471)
(-6.08051e-09 -3.51058e-09 -14.9459)
(-6.59062e-09 -3.80508e-09 -14.9446)
(-6.82786e-09 -3.94205e-09 -14.9433)
(-6.58736e-09 -3.8032e-09 -14.942)
(-5.06693e-09 -2.92538e-09 -14.9408)
(6.81312e-10 3.93354e-10 -14.9396)
(9.99916e-09 5.773e-09 -14.9695)
(-7.55668e-09 -4.36284e-09 -14.9684)
(-7.66353e-09 -4.42453e-09 -14.9672)
(-4.44212e-09 -2.56465e-09 -14.9659)
(-9.31889e-10 -5.38025e-10 -14.9647)
(1.67865e-09 9.69165e-10 -14.9634)
(3.30321e-09 1.90711e-09 -14.9621)
(4.37096e-09 2.52357e-09 -14.9608)
(5.36189e-09 3.09568e-09 -14.9595)
(6.42787e-09 3.71112e-09 -14.9581)
(7.30655e-09 4.21843e-09 -14.9568)
(7.47677e-09 4.3167e-09 -14.9555)
(6.57513e-09 3.79614e-09 -14.9543)
(4.62144e-09 2.66818e-09 -14.953)
(2.01459e-09 1.16312e-09 -14.9518)
(-6.21488e-10 -3.58815e-10 -14.9507)
(-2.80262e-09 -1.61809e-09 -14.9495)
(-4.34578e-09 -2.50903e-09 -14.9483)
(-5.36519e-09 -3.09759e-09 -14.9471)
(-6.08051e-09 -3.51058e-09 -14.9459)
(-6.59062e-09 -3.80508e-09 -14.9446)
(-6.82786e-09 -3.94205e-09 -14.9433)
(-6.58736e-09 -3.8032e-09 -14.942)
(-5.06693e-09 -2.92538e-09 -14.9408)
(6.81312e-10 3.93354e-10 -14.9396)
(9.99916e-09 5.773e-09 -14.9695)
(-0.00197243 -0.00113878 -423.235)
(-0.00094181 -0.000543754 -415.287)
(-0.00102129 -0.000589643 -405.228)
(-0.000919041 -0.000530608 -392.842)
(-0.000831935 -0.000480318 -378.321)
(-0.000751202 -0.000433706 -361.87)
(-0.000676379 -0.000390507 -343.696)
(-0.000603781 -0.000348593 -324.016)
(-0.000525371 -0.000303323 -303.049)
(-0.000427949 -0.000247076 -281.023)
(-0.000294974 -0.000170303 -258.178)
(-0.000110226 -6.36389e-05 -234.77)
(0.000131071 7.56738e-05 -211.081)
(0.000409453 0.000236398 -187.422)
(0.000693485 0.000400384 -164.131)
(0.000935555 0.000540142 -141.562)
(0.00109844 0.000634186 -120.062)
(0.00117223 0.000676785 -99.9453)
(0.00117599 0.000678959 -81.4796)
(0.00114367 0.000660295 -64.8863)
(0.00110556 0.000638295 -50.357)
(0.00106889 0.000617122 -38.0797)
(0.00101833 0.000587931 -28.2628)
(0.000882953 0.000509773 -21.1324)
(0.000840295 0.000485144 -16.6337)
(-0.00192555 -0.00109682 -425.962)
(-0.000713467 -0.000372039 -417.971)
(-0.000806594 -0.000424512 -407.88)
(-0.000736584 -0.000382204 -395.441)
(-0.000677246 -0.000346473 -380.85)
(-0.000622284 -0.000312946 -364.312)
(-0.000571227 -0.000281408 -346.037)
(-0.000521233 -0.000250484 -326.241)
(-0.0004665 -0.000216528 -305.145)
(-0.00039751 -0.000174094 -282.979)
(-0.000302995 -0.000116474 -259.981)
(-0.0001715 -3.69982e-05 -236.41)
(1.08354e-06 6.67358e-05 -212.548)
(0.00019364 0.000183026 -188.71)
(0.000388813 0.000301908 -165.236)
(0.000552856 0.000403718 -142.486)
(0.000661029 0.000474438 -120.811)
(0.000707932 0.000510225 -100.531)
(0.000707127 0.000519074 -81.9183)
(0.000682981 0.000512428 -65.1968)
(0.000656013 0.000502555 -50.5598)
(0.000635291 0.000488625 -38.1968)
(0.000614129 0.000468534 -28.3179)
(0.000562465 0.000414796 -21.1495)
(0.00060157 0.000397243 -16.6358)
(-0.000892403 -0.000651456 -422.799)
(-0.000529637 -0.000947597 -414.85)
(-0.000517826 -0.000904881 -404.798)
(-0.000473663 -0.000793774 -392.422)
(-0.000432262 -0.000696036 -377.914)
(-0.000394194 -0.000605818 -361.478)
(-0.000358312 -0.000522442 -343.322)
(-0.000321901 -0.000441891 -323.661)
(-0.000279507 -0.000355193 -302.716)
(-0.000223015 -0.00024771 -280.713)
(-0.000143301 -0.000100099 -257.893)
(-3.35839e-05 0.000104357 -234.511)
(0.000108794 0.000368964 -210.85)
(0.000262322 0.000685432 -187.219)
(0.000413023 0.00100772 -163.957)
(0.00053365 0.00128286 -141.417)
(0.000607171 0.00146721 -119.944)
(0.000632638 0.00154854 -99.8521)
(0.000623203 0.0015492 -81.409)
(0.000598165 0.00150783 -64.8352)
(0.000571255 0.00145849 -50.3221)
(0.000547967 0.00140338 -38.0575)
(0.000511088 0.00130813 -28.2499)
(0.000447684 0.00106192 -21.1256)
(0.000392356 0.000836438 -16.6315)
(-0.000985561 -0.000569013 -425.354)
(-0.000931631 -0.000537876 -417.373)
(-0.000898027 -0.000518475 -407.288)
(-0.000800745 -0.000462309 -394.859)
(-0.000713565 -0.000411976 -380.283)
(-0.000633021 -0.000365474 -363.763)
(-0.000557868 -0.000322084 -345.51)
(-0.000484055 -0.000279469 -325.739)
(-0.00040239 -0.000232319 -304.672)
(-0.000298574 -0.000172381 -282.536)
(-0.000154906 -8.9435e-05 -259.572)
(4.33509e-05 2.50286e-05 -236.038)
(0.000299992 0.0001732 -212.215)
(0.000596033 0.000344119 -188.417)
(0.000894025 0.000516164 -164.984)
(0.0011436 0.000660256 -142.275)
(0.00130664 0.00075439 -120.64)
(0.00137479 0.000793736 -100.397)
(0.00137038 0.000791187 -81.8182)
(0.00132945 0.000767556 -65.126)
(0.00128177 0.000740031 -50.5137)
(0.00123218 0.000711396 -38.1704)
(0.0011484 0.000663026 -28.3057)
(0.000952708 0.000550045 -21.1461)
(0.000774909 0.000447393 -16.6356)
(0.000948458 0.000547591 -425.354)
(0.000911065 0.000526002 -417.373)
(0.000875337 0.000505375 -407.288)
(0.0007785 0.000449466 -394.859)
(0.000691559 0.000399271 -380.283)
(0.000611868 0.000353261 -363.763)
(0.000538412 0.000310852 -345.51)
(0.000466575 0.000269377 -325.739)
(0.000387634 0.0002238 -304.672)
(0.000287326 0.000165887 -282.536)
(0.000147521 8.51709e-05 -259.572)
(-4.63468e-05 -2.67583e-05 -236.038)
(-0.000297931 -0.00017201 -212.215)
(-0.000588301 -0.000339655 -188.417)
(-0.000879955 -0.000508041 -164.984)
(-0.00112281 -0.000648251 -142.275)
(-0.00127928 -0.000738592 -120.64)
(-0.00134154 -0.000774538 -100.397)
(-0.00133167 -0.000768838 -81.8182)
(-0.00128658 -0.000742807 -65.126)
(-0.00123639 -0.000713827 -50.5137)
(-0.00118648 -0.000685011 -38.1704)
(-0.00110441 -0.000637631 -28.3057)
(-0.000917432 -0.000529679 -21.1461)
(-0.000749588 -0.000432774 -16.6356)
(0.000989224 0.000442295 -422.8)
(0.00107804 -3.23186e-05 -414.85)
(0.0010338 -2.17942e-05 -404.798)
(0.000915932 -5.49216e-06 -392.422)
(0.000811008 6.18692e-06 -377.914)
(0.000714582 1.70796e-05 -361.478)
(0.000625572 2.64913e-05 -343.322)
(0.000538966 3.38423e-05 -323.661)
(0.000444424 3.91479e-05 -302.716)
(0.000325194 4.26949e-05 -280.713)
(0.000159892 4.58064e-05 -257.893)
(-6.93141e-05 5.12409e-05 -234.511)
(-0.000366539 5.83146e-05 -210.85)
(-0.00071392 8.17812e-05 -187.219)
(-0.00106459 0.000110775 -163.957)
(-0.00135922 0.000142526 -141.417)
(-0.00155171 0.000169875 -119.944)
(-0.00163127 0.000187912 -99.8522)
(-0.00162386 0.000197131 -81.409)
(-0.00157318 0.000200743 -64.8352)
(-0.00151564 0.000203716 -50.3221)
(-0.0014567 0.000203383 -38.0575)
(-0.00135773 0.000196855 -28.2499)
(-0.00111904 0.000136329 -21.1255)
(-0.000903152 7.78977e-05 -16.6315)
(0.00189808 0.00113771 -425.962)
(0.000678348 0.000422589 -417.971)
(0.000769393 0.00047787 -407.88)
(0.000698486 0.000436774 -395.441)
(0.000638481 0.000401408 -380.85)
(0.000582988 0.000368395 -364.312)
(0.000531613 0.000337271 -346.037)
(0.000481522 0.000306328 -326.241)
(0.00042694 0.000272322 -305.145)
(0.000358386 0.000229731 -282.979)
(0.00026434 0.00017185 -259.981)
(0.00013337 9.23118e-05 -236.41)
(-3.81165e-05 -1.16674e-05 -212.548)
(-0.000229337 -0.000127367 -188.71)
(-0.000422465 -0.000244942 -165.236)
(-0.000583248 -0.000344992 -142.486)
(-0.000686435 -0.000413416 -120.811)
(-0.000725375 -0.000447101 -100.531)
(-0.000711915 -0.000453967 -81.9183)
(-0.000668312 -0.000447937 -65.1968)
(-0.000614333 -0.00044076 -50.5598)
(-0.000561793 -0.00043487 -38.1968)
(-0.00050945 -0.000423502 -28.3179)
(-0.000445546 -0.000385768 -21.1495)
(-0.000487192 -0.000395125 -16.6358)
(0.00197179 0.00113841 -423.235)
(0.000940494 0.000542994 -415.287)
(0.00101983 0.000588801 -405.228)
(0.00091752 0.00052973 -392.842)
(0.00083025 0.000479345 -378.321)
(0.000749449 0.000432694 -361.87)
(0.000674602 0.000389481 -343.696)
(0.000601973 0.000347549 -324.016)
(0.000523621 0.000302312 -303.049)
(0.000426338 0.000246146 -281.023)
(0.000293499 0.000169452 -258.178)
(0.00010897 6.29136e-05 -234.77)
(-0.000131908 -7.61573e-05 -211.081)
(-0.000409555 -0.000236456 -187.422)
(-0.000692345 -0.000399726 -164.131)
(-0.000932514 -0.000538387 -141.562)
(-0.00109257 -0.000630796 -120.062)
(-0.00116219 -0.000670988 -99.9453)
(-0.00115961 -0.000669503 -81.4796)
(-0.00111833 -0.00064567 -64.8863)
(-0.00106797 -0.000616592 -50.357)
(-0.00101779 -0.000587623 -38.0797)
(-0.000953482 -0.000550493 -28.2629)
(-0.000815448 -0.000470799 -21.1324)
(-0.00078006 -0.000450367 -16.6337)
(0.000958865 0.0005536 -425.354)
(0.000899114 0.000519102 -417.373)
(0.000863885 0.000498763 -407.288)
(0.000765722 0.000442089 -394.859)
(0.000677491 0.000391148 -380.283)
(0.000596192 0.000344211 -363.763)
(0.00052074 0.000300648 -345.51)
(0.000446646 0.00025787 -325.739)
(0.00036503 0.000210749 -304.672)
(0.000261595 0.000151031 -282.536)
(0.000118091 6.81794e-05 -259.572)
(-7.99945e-05 -4.61848e-05 -236.038)
(-0.000336689 -0.000194387 -212.215)
(-0.000633143 -0.000365544 -188.417)
(-0.00093225 -0.000538233 -164.984)
(-0.00118419 -0.000683691 -142.275)
(-0.00135217 -0.000780673 -120.64)
(-0.00142873 -0.000824873 -100.397)
(-0.00143743 -0.000829901 -81.8182)
(-0.00141469 -0.000816771 -65.126)
(-0.00139208 -0.000803715 -50.5137)
(-0.00136735 -0.000789436 -38.1704)
(-0.00130358 -0.000752618 -28.3057)
(-0.00110602 -0.000638559 -21.1461)
(-0.000897267 -0.000518036 -16.6356)
(0.000854669 0.000664137 -422.799)
(0.000482646 0.000964327 -414.85)
(0.000468257 0.00092267 -404.798)
(0.000422869 0.000811951 -392.422)
(0.000380384 0.000714444 -377.914)
(0.000341504 0.000624458 -361.478)
(0.000305208 0.000541239 -343.322)
(0.000268608 0.000460732 -323.661)
(0.000226395 0.000373977 -302.716)
(0.000170471 0.000266294 -280.713)
(9.12728e-05 0.000118438 -257.893)
(-1.7904e-05 -8.62854e-05 -234.511)
(-0.000159332 -0.000351586 -210.85)
(-0.000311932 -0.000669016 -187.219)
(-0.000461602 -0.000992956 -163.957)
(-0.000581023 -0.00127098 -141.417)
(-0.000653542 -0.00146018 -119.944)
(-0.000677906 -0.00154942 -99.8522)
(-0.000666973 -0.00156268 -81.409)
(-0.00063911 -0.00154009 -64.8352)
(-0.000609151 -0.00151654 -50.3221)
(-0.000580899 -0.00149031 -38.0575)
(-0.000538483 -0.001421 -28.2499)
(-0.000469685 -0.00118211 -21.1256)
(-0.000399505 -0.00094383 -16.6315)
(-0.000999986 -0.000426217 -422.8)
(-0.00109045 5.21226e-05 -414.85)
(-0.00104677 4.27351e-05 -404.798)
(-0.000929259 2.68602e-05 -392.422)
(-0.000824733 1.48448e-05 -377.914)
(-0.000728604 3.9004e-06 -361.478)
(-0.000639785 -5.4191e-06 -343.322)
(-0.000553346 -1.2983e-05 -323.661)
(-0.00045888 -1.83082e-05 -302.716)
(-0.00033959 -2.17009e-05 -280.713)
(-0.000174335 -2.48274e-05 -257.893)
(5.47731e-05 -3.01059e-05 -234.511)
(0.000351773 -3.69456e-05 -210.85)
(0.000698816 -5.92917e-05 -187.219)
(0.00104903 -8.61752e-05 -163.957)
(0.0013431 -0.000114791 -141.417)
(0.00153486 -0.000137718 -119.944)
(0.00161395 -0.000149966 -99.8522)
(0.001607 -0.000150777 -81.409)
(0.00155887 -0.000144362 -64.8352)
(0.00150691 -0.000134858 -50.3221)
(0.00145803 -0.000123382 -38.0575)
(0.00137207 -0.000106923 -28.2499)
(0.00114443 -5.26632e-05 -21.1255)
(0.00093592 -1.96323e-05 -16.6315)
(-0.000963987 -0.000556557 -425.354)
(-0.000929456 -0.000536621 -417.373)
(-0.000894553 -0.000516469 -407.288)
(-0.000798248 -0.000460868 -394.859)
(-0.000712231 -0.000411206 -380.283)
(-0.000633182 -0.000365567 -363.763)
(-0.000559999 -0.000323315 -345.51)
(-0.000488544 -0.00028206 -325.739)
(-0.000409704 -0.000236542 -304.672)
(-0.000309167 -0.000178497 -282.536)
(-0.000169423 -9.78161e-05 -259.572)
(2.43896e-05 1.40813e-05 -236.038)
(0.000275605 0.00015912 -212.215)
(0.000565546 0.000326517 -188.416)
(0.000856575 0.000494542 -164.984)
(0.00109836 0.000634139 -142.275)
(0.00125273 0.000723264 -120.64)
(0.00131181 0.00075737 -100.397)
(0.00129811 0.000749465 -81.8182)
(0.0012493 0.000721284 -65.126)
(0.00119591 0.000690455 -50.5137)
(0.00114718 0.000662326 -38.1704)
(0.00107121 0.000618464 -28.3058)
(0.00089507 0.000516768 -21.1461)
(0.000740761 0.000427677 -16.6356)
)
;

boundaryField
{
    outletCentralUnloaded
    {
        type            zeroGradient;
    }
    inletCentralUnloaded
    {
        type            fixedValue;
        value           uniform (0 0 -15);
    }
    outletFuelElement
    {
        type            zeroGradient;
    }
    inletFuelElement
    {
        type            fixedValue;
        value           uniform (0 0 -15);
    }
    defaultFaces
    {
        type            slip;
    }
    baffle_master
    {
        type            slip;
    }
    baffle_slave
    {
        type            slip;
    }
}


// ************************************************************************* //
