/*--------------------------------*- C++ -*----------------------------------*\
| =========                 |                                                 |
| \\      /  F ield         | OpenFOAM: The Open Source CFD Toolbox           |
|  \\    /   O peration     | Version:  2212                                  |
|   \\  /    A nd           | Website:  www.openfoam.com                      |
|    \\/     M anipulation  |                                                 |
\*---------------------------------------------------------------------------*/
FoamFile
{
    version     2.0;
    format      ascii;
    arch        "LSB;label=32;scalar=64";
    class       surfaceScalarField;
    location    "75/fluidRegion";
    object      alphaRhoPhi;
}
// * * * * * * * * * * * * * * * * * * * * * * * * * * * * * * * * * * * * * //

dimensions      [1 0 -1 0 0 0 0];

oriented        oriented;

internalField   nonuniform List<scalar> 
661
(
-0.00584976
-3.3674e-12
-0.00584972
-2.86774e-12
-0.0058497
-1.1364e-12
-0.00584967
7.06675e-14
-0.00584966
5.41449e-13
-0.00584964
7.24354e-13
-0.00584964
5.19932e-13
-0.00584965
-3.94006e-13
-0.00584965
-1.76198e-12
-0.00584963
-2.83178e-12
-0.00584959
-2.68712e-12
-0.00584951
-6.44062e-13
-0.00584943
3.11497e-12
-0.00584937
7.65207e-12
-0.00584936
1.15363e-11
-0.00584942
1.31845e-11
-0.00584956
1.14476e-11
-0.00584977
6.18866e-12
-0.00584999
-1.49223e-12
-0.00585018
-9.57426e-12
-0.00585029
-1.59328e-11
-0.00585028
-1.95227e-11
-0.00585015
-1.8141e-11
-0.00584992
-4.77791e-12
1.68169e-11
-0.00584976
-0.00584972
-0.0058497
-0.00584967
-0.00584966
-0.00584964
-0.00584964
-0.00584965
-0.00584965
-0.00584963
-0.00584959
-0.00584951
-0.00584943
-0.00584937
-0.00584936
-0.00584942
-0.00584956
-0.00584977
-0.00584999
-0.00585018
-0.00585029
-0.00585028
-0.00585015
-0.00584992
-0.009397
6.46089e-07
-0.00939723
3.1254e-07
-0.0093975
3.47024e-07
-0.00939775
3.2216e-07
-0.00939798
3.02844e-07
-0.00939819
2.85921e-07
-0.00939839
2.71102e-07
-0.00939858
2.56777e-07
-0.00939876
2.38988e-07
-0.00939892
2.1005e-07
-0.00939904
1.57729e-07
-0.00939908
6.4996e-08
-0.00939901
-8.53997e-08
-0.00939875
-3.0118e-07
-0.00939825
-5.8283e-07
-0.00939744
-9.11799e-07
-0.0093963
-1.26216e-06
-0.00939482
-1.61749e-06
-0.00939298
-1.98937e-06
-0.00939071
-2.42785e-06
-0.00938785
-3.02425e-06
-0.00938414
-3.87421e-06
-0.0093793
-5.00771e-06
-0.00937355
-5.89751e-06
-7.20577e-06
-0.00931275
-1.67411e-08
-1.76602e-08
-0.00931231
-7.97011e-08
-8.33206e-08
-0.00931183
-7.73139e-08
-8.10733e-08
-0.00931139
-6.86309e-08
-7.27257e-08
-0.00931099
-6.12796e-08
-6.57412e-08
-0.00931061
-5.43981e-08
-5.93506e-08
-0.00931026
-4.79159e-08
-5.34939e-08
-0.00930994
-4.13806e-08
-4.77057e-08
-0.00930965
-3.3669e-08
-4.09619e-08
-0.0093094
-2.25652e-08
-3.11082e-08
-0.00930924
-4.29825e-09
-1.44289e-08
-0.00930922
2.61604e-08
1.41247e-08
-0.00930943
7.36289e-08
5.88739e-08
-0.00930998
1.45488e-07
1.27121e-07
-0.009311
2.39881e-07
2.16676e-07
-0.00931255
3.52748e-07
3.23102e-07
-0.00931469
4.76489e-07
4.38208e-07
-0.00931742
6.06161e-07
5.56584e-07
-0.0093208
7.46371e-07
6.81858e-07
-0.00932494
9.14372e-07
8.31339e-07
-0.00933012
1.14202e-06
1.03494e-06
-0.00933675
1.4544e-06
1.32248e-06
-0.00934526
1.83529e-06
1.6751e-06
-0.00935493
1.97148e-06
1.80816e-06
1.91821e-06
1.81696e-06
-0.00941081
3.19376e-07
-0.00941114
3.07135e-07
-0.00941146
3.03121e-07
-0.00941175
2.78597e-07
-0.00941202
2.5758e-07
-0.00941226
2.3875e-07
-0.00941248
2.21517e-07
-0.00941269
2.03936e-07
-0.00941287
1.81406e-07
-0.00941301
1.45328e-07
-0.00941308
8.21089e-08
-0.00941304
-2.54041e-08
-0.00941281
-1.95355e-07
-0.0094123
-4.37278e-07
-0.00941142
-7.48992e-07
-0.00941009
-1.11039e-06
-0.00940828
-1.49464e-06
-0.00940596
-1.8867e-06
-0.0094031
-2.30292e-06
-0.00939959
-2.80036e-06
-0.0093952
-3.47544e-06
-0.00938956
-4.42318e-06
-0.00938237
-5.58726e-06
-0.00937434
-6.29186e-06
-6.57735e-06
-0.00933165
2.63145e-09
-0.00933138
1.24893e-09
-0.00933111
1.39041e-09
-0.00933087
1.38283e-09
-0.00933064
1.41903e-09
-0.00933043
1.4213e-09
-0.00933024
1.35064e-09
-0.00933007
1.26909e-09
-0.00932991
1.10607e-09
-0.00932979
8.18771e-10
-0.00932972
4.43725e-10
-0.00932975
-7.95166e-11
-0.00932993
-8.62831e-10
-0.00933034
-1.964e-09
-0.00933103
-3.56201e-09
-0.00933208
-5.77748e-09
-0.0093335
-8.65696e-09
-0.0093353
-1.21906e-08
-0.00933751
-1.6611e-08
-0.00934021
-2.16796e-08
-0.00934358
-2.725e-08
-0.00934788
-3.30426e-08
-0.00935335
-3.93498e-08
-0.00935952
-3.83267e-08
-3.13651e-08
-0.00933166
-3.13621e-07
-0.00933139
-3.0444e-07
-0.00933112
-2.9998e-07
-0.00933088
-2.75402e-07
-0.00933065
-2.54245e-07
-0.00933045
-2.35328e-07
-0.00933026
-2.18089e-07
-0.00933008
-2.00509e-07
-0.00932993
-1.78087e-07
-0.0093298
-1.42262e-07
-0.00932973
-7.94001e-08
-0.00932976
2.76732e-08
-0.00932994
1.96795e-07
-0.00933035
4.37467e-07
-0.00933105
7.47294e-07
-0.00933209
1.10598e-06
-0.00933351
1.48655e-06
-0.00933531
1.87378e-06
-0.00933752
2.2832e-06
-0.00934022
2.77158e-06
-0.00934359
3.43418e-06
-0.0093479
4.36553e-06
-0.00935336
5.50644e-06
-0.00935953
6.2014e-06
6.49018e-06
-0.00941081
1.56526e-08
-0.00941114
8.09656e-08
-0.00941146
7.85193e-08
-0.00941175
6.99943e-08
-0.00941202
6.28742e-08
-0.00941226
5.62799e-08
-0.00941249
5.0153e-08
-0.00941269
4.40913e-08
-0.00941287
3.69742e-08
-0.00941301
2.66342e-08
-0.00941308
9.37504e-09
-0.00941304
-1.98577e-08
-0.00941281
-6.55189e-08
-0.0094123
-1.35142e-07
-0.00941142
-2.26678e-07
-0.00941009
-3.35938e-07
-0.00940828
-4.55142e-07
-0.00940596
-5.79346e-07
-0.0094031
-7.13465e-07
-0.00939958
-8.75454e-07
-0.00939518
-1.09787e-06
-0.00938954
-1.40823e-06
-0.00938235
-1.79337e-06
-0.00937432
-1.93812e-06
-1.88974e-06
-0.00931275
-6.45826e-07
-1.99817e-08
-0.00931231
-3.12151e-07
-8.36571e-08
-0.00931183
-3.46627e-07
-8.15491e-08
-0.00931139
-3.21751e-07
-7.31165e-08
-0.00931099
-3.02375e-07
-6.60766e-08
-0.00931061
-2.85407e-07
-5.95711e-08
-0.00931026
-2.70554e-07
-5.35119e-08
-0.00930994
-2.56175e-07
-4.74648e-08
-0.00930965
-2.38365e-07
-4.03188e-08
-0.0093094
-2.09434e-07
-2.98625e-08
-0.00930924
-1.57103e-07
-1.23621e-08
-0.00930922
-6.44004e-08
1.7072e-08
-0.00930943
8.57963e-08
6.35135e-08
-0.00930998
3.01172e-07
1.34171e-07
-0.009311
5.81903e-07
2.27355e-07
-0.00931255
9.09112e-07
3.39289e-07
-0.00931469
1.25626e-06
4.62832e-07
-0.00931742
1.60578e-06
5.94113e-07
-0.0093208
1.96677e-06
7.39764e-07
-0.00932494
2.38557e-06
9.20554e-07
-0.00933012
2.94633e-06
1.17207e-06
-0.00933675
3.73847e-06
1.5258e-06
-0.00934527
4.77678e-06
1.9651e-06
-0.00935493
5.58199e-06
2.15749e-06
6.85961e-06
2.14941e-06
-0.009397
-0.00939723
-0.0093975
-0.00939775
-0.00939798
-0.00939819
-0.00939839
-0.00939858
-0.00939876
-0.00939892
-0.00939904
-0.00939908
-0.00939901
-0.00939875
-0.00939825
-0.00939744
-0.0093963
-0.00939482
-0.00939298
-0.00939071
-0.00938785
-0.00938415
-0.0093793
-0.00937356
-0.00933165
-3.15154e-07
-4.23012e-11
-0.00933138
-3.02174e-07
-1.93847e-09
-0.00933111
-2.97858e-07
-1.98698e-09
-0.00933087
-2.73029e-07
-2.17526e-09
-0.00933064
-2.51599e-07
-2.44104e-09
-0.00933043
-2.3231e-07
-2.76308e-09
-0.00933024
-2.14588e-07
-3.14367e-09
-0.00933007
-1.96413e-07
-3.65376e-09
-0.00932991
-1.73206e-07
-4.29446e-09
-0.00932979
-1.36344e-07
-5.11889e-09
-0.00932972
-7.21996e-08
-6.29854e-09
-0.00932975
3.65615e-08
-7.49339e-09
-0.00932993
2.08022e-07
-9.67987e-09
-0.00933034
4.519e-07
-1.25445e-08
-0.00933103
7.66243e-07
-1.65868e-08
-0.00933208
1.13138e-06
-2.24578e-08
-0.0093335
1.52155e-06
-3.13371e-08
-0.0093353
1.92324e-06
-4.48814e-08
-0.00933751
2.35561e-06
-6.57078e-08
-0.00934021
2.88036e-06
-9.71201e-08
-0.00934358
3.6029e-06
-1.44878e-07
-0.00934788
4.62363e-06
-2.08783e-07
-0.00935335
5.89218e-06
-2.8829e-07
-0.00935951
6.69887e-06
-3.43913e-07
6.99443e-06
-3.32581e-07
-0.00941081
-0.00941114
-0.00941146
-0.00941175
-0.00941202
-0.00941226
-0.00941248
-0.00941269
-0.00941287
-0.00941301
-0.00941308
-0.00941304
-0.00941281
-0.0094123
-0.00941142
-0.00941009
-0.00940828
-0.00940596
-0.0094031
-0.00939959
-0.00939519
-0.00938955
-0.00938237
-0.00937434
-0.00941082
3.15124e-07
-0.00941114
3.06064e-07
-0.00941146
3.0166e-07
-0.00941175
2.77164e-07
-0.00941202
2.56193e-07
-0.00941226
2.37451e-07
-0.00941249
2.20369e-07
-0.00941269
2.03026e-07
-0.00941287
1.80851e-07
-0.00941301
1.45289e-07
-0.00941308
8.27765e-08
-0.00941304
-2.41125e-08
-0.00941281
-1.9252e-07
-0.0094123
-4.32511e-07
-0.00941142
-7.41664e-07
-0.00941009
-1.09968e-06
-0.00940828
-1.47966e-06
-0.00940596
-1.86691e-06
-0.0094031
-2.27873e-06
-0.00939958
-2.77479e-06
-0.00939518
-3.45713e-06
-0.00938954
-4.42797e-06
-0.00938235
-5.64108e-06
-0.00937431
-6.41209e-06
-6.72703e-06
-0.00933166
-0.00933139
-0.00933112
-0.00933088
-0.00933065
-0.00933045
-0.00933026
-0.00933008
-0.00932993
-0.0093298
-0.00932973
-0.00932976
-0.00932994
-0.00933035
-0.00933105
-0.00933209
-0.00933351
-0.00933531
-0.00933752
-0.00934023
-0.00934359
-0.0093479
-0.00935336
-0.00935953
)
;

boundaryField
{
    outletCentralUnloaded
    {
        type            calculated;
        value           nonuniform List<scalar> 2(0.00584978 0.00584978);
    }
    inletCentralUnloaded
    {
        type            calculated;
        value           nonuniform List<scalar> 2(-0.0058737 -0.0058737);
    }
    outletFuelElement
    {
        type            calculated;
        value           nonuniform List<scalar> 
12
(
0.00939643
0.00931341
0.00941054
0.00933193
0.00933194
0.00941054
0.00931341
0.00939643
0.00933193
0.00941054
0.00941055
0.00933194
)
;
    }
    inletFuelElement
    {
        type            calculated;
        value           nonuniform List<scalar> 
12
(
-0.00953893
-0.00953893
-0.00953892
-0.00953892
-0.00953893
-0.00953893
-0.00953893
-0.00953893
-0.00953892
-0.00953892
-0.00953893
-0.00953893
)
;
    }
    defaultFaces
    {
        type            calculated;
        value           nonuniform List<scalar> 
450
(
-8.21785e-25
-2.71968e-23
0
6.0235e-24
-2.59927e-24
0
2.81728e-24
9.92573e-24
0
-1.75466e-23
-7.62922e-24
0
-7.89728e-24
-1.99596e-23
0
-1.94228e-23
-5.16587e-24
0
-1.9286e-23
-7.32306e-24
0
-2.15868e-23
-6.42315e-24
0
-1.25169e-23
-6.48859e-24
0
-1.38626e-23
-4.55338e-24
0
-1.11063e-23
-4.30948e-24
0
-4.45756e-24
-1.73317e-24
0
5.55385e-24
2.1825e-24
0
1.98026e-23
1.33757e-23
0
2.88931e-23
1.98757e-23
0
6.35466e-23
2.62406e-23
0
6.7177e-23
-1.0798e-23
0
1.11282e-22
7.20797e-23
0
7.82629e-23
-1.17017e-22
0
-5.35059e-23
-7.02897e-23
0
-1.53881e-22
-4.72248e-23
0
1.94629e-22
4.23718e-24
0
-2.02319e-22
1.83533e-22
0
-2.27768e-22
-1.78934e-22
0
-1.69977e-22
-2.34264e-22
0
1.3882e-23
0
7.53944e-24
0
-3.86375e-24
0
3.98593e-24
0
-4.13915e-24
0
4.32743e-24
0
9.1124e-24
0
6.04088e-24
0
-3.87494e-24
0
2.08904e-24
0
2.65238e-24
0
-8.33185e-25
0
-7.41138e-24
0
-2.08602e-23
0
-2.85726e-23
0
-1.10371e-23
0
7.80328e-23
0
-6.24439e-23
0
3.82613e-23
0
-4.79969e-23
0
-1.236e-22
0
2.04443e-22
0
-5.5346e-23
0
-2.25003e-22
0
-2.88281e-22
0
0
-3.71526e-24
0
0
0
-4.26293e-24
-4.48786e-24
-4.75979e-24
7.63235e-24
0
-1.4925e-24
4.10227e-25
0
1.64363e-23
-9.38285e-24
0
-2.56493e-23
6.16204e-23
-7.55819e-23
0
6.1193e-23
-2.43345e-22
-1.10036e-22
0
9.59995e-23
0
0
0
0
0
0
0
0
0
0
0
0
0
0
0
0
0
0
0
0
0
0
0
0
0
-6.941e-24
3.70187e-24
0
1.13091e-23
7.7275e-24
1.93188e-23
-7.97186e-24
-7.97186e-24
6.20872e-24
-4.13915e-24
-4.32743e-24
-6.49114e-24
-9.11239e-24
-6.83429e-24
-4.8327e-24
-7.24904e-24
1.16248e-23
-2.58329e-24
-4.17808e-24
-2.78538e-24
-2.27347e-24
-1.51565e-24
0
6.24888e-25
7.41137e-24
5.55853e-24
8.34406e-24
8.34406e-24
2.85725e-23
2.38104e-23
2.20741e-23
3.31112e-23
-2.60109e-23
7.80327e-23
9.36657e-23
3.12219e-23
-1.53045e-22
1.53045e-22
-1.43991e-22
-1.19992e-22
3.08999e-23
-9.26998e-23
-1.63554e-22
2.04442e-22
-1.66038e-22
-1.66038e-22
0
-1.12502e-22
-3.84375e-22
-1.92187e-22
2.24652e-23
0
1.47703e-23
-2.15996e-24
0
0
1.13179e-23
0
-3.08315e-23
-1.93267e-23
0
7.9515e-24
1.36885e-23
0
-8.25706e-24
-2.64859e-23
0
0
-2.7372e-23
0
0
-1.96063e-23
0
4.82017e-24
-1.81257e-23
0
-1.03063e-23
-2.10292e-23
0
5.55628e-24
-1.3109e-23
0
3.02341e-24
-6.40476e-24
0
0
7.68002e-24
-0
-3.69616e-24
2.7193e-23
-0
-4.16144e-24
4.7493e-23
-0
-9.50052e-24
8.79893e-23
-0
-1.10105e-23
4.99119e-23
-0
-2.5951e-23
1.60152e-22
-0
-3.11541e-23
5.50377e-23
-0
-3.81844e-23
-6.31168e-23
-0
4.79097e-23
-3.34945e-23
-0
6.17023e-23
1.45461e-22
-0
8.16714e-23
-1.6085e-22
-0
1.10588e-22
-9.12285e-23
-0
1.49921e-22
-1.12515e-22
-0
0
-7.29779e-24
-3.71526e-24
3.80745e-24
0
4.07789e-24
-4.26293e-24
0
-4.75979e-24
2.54412e-24
-5.48592e-24
-1.4925e-24
0
3.64926e-24
0
9.38284e-24
2.17552e-23
-5.12986e-23
0
-1.13373e-22
0
6.1193e-23
-1.6223e-22
-2.20072e-22
1.49496e-22
0
1.01801e-23
0
3.76972e-24
0
-7.72751e-24
0
7.97186e-24
0
-2.06957e-24
0
4.32743e-24
0
9.11239e-24
0
2.41635e-24
0
0
0
4.17808e-24
0
2.65238e-24
0
-2.49956e-24
-0
-5.55854e-24
-0
-1.66881e-23
-0
-1.90484e-23
-0
-5.51854e-23
-0
7.80328e-23
-0
-3.12219e-23
-0
1.14784e-22
-0
-1.43991e-22
-0
-1.236e-22
-0
2.45331e-22
-0
1.10692e-22
-0
-2.25003e-22
-0
-1.92187e-22
-0
-9.25467e-24
1.11056e-23
-3.76972e-24
1.13092e-23
-7.7275e-24
7.7275e-24
-3.98593e-24
-2.19226e-23
0
1.03479e-23
-6.49114e-24
-1.29823e-23
-6.83429e-24
-1.82248e-23
-4.8327e-24
-1.44981e-23
0
-7.74988e-24
-2.78538e-24
-9.74885e-24
-2.27347e-24
-4.54694e-24
0
3.21557e-24
3.70569e-24
1.48227e-23
1.25161e-23
3.75483e-23
9.52418e-24
6.19072e-23
2.20741e-23
7.72595e-23
0
6.50273e-23
4.68329e-23
1.71721e-22
0
1.14784e-22
0
-7.19953e-23
0
-1.545e-22
0
2.04442e-22
5.53459e-23
-1.10692e-22
-7.50011e-23
-1.50002e-22
0
-1.92187e-22
-0
-0
-0
-0
-0
-0
-0
-0
-0
-0
-0
0
0
0
0
0
0
0
0
0
0
0
0
0
0
)
;
    }
    baffle_master
    {
        type            calculated;
        value           nonuniform List<scalar> 
150
(
-1.20335e-29
0
0
-9.94967e-30
0
0
5.65564e-30
0
0
-2.2137e-31
0
-9.7079e-31
3.21914e-29
0
2.33009e-29
-1.50674e-30
0
0
-3.15454e-30
0
0
8.82235e-30
0
0
3.30444e-30
0
0
3.57248e-29
0
6.21614e-29
1.69093e-29
0
0
1.05806e-29
0
7.77147e-30
-4.74576e-29
0
6.21769e-29
-3.91015e-29
0
0
1.43114e-28
0
0
-6.39431e-29
0
0
-9.31708e-28
0
-7.46368e-28
3.43176e-29
0
0
9.22891e-29
0
9.33115e-29
2.48354e-29
0
1.24426e-28
1.01476e-28
0
2.48873e-28
-1.12748e-27
0
-9.95573e-28
5.02796e-29
0
-2.48914e-28
-1.41363e-29
0
1.24467e-28
6.3926e-29
0
-2.48954e-28
6.21152e-29
-1.95364e-28
0
0
-1.14138e-28
0
3.10627e-29
-2.9146e-29
0
-9.7079e-31
2.669e-30
-0
0
-1.04635e-29
-0
0
3.6049e-29
-0
0
1.82344e-29
-0
0
-1.86649e-29
0
-9.32343e-29
-5.64164e-29
0
0
-1.15175e-28
0
6.21666e-29
-9.48472e-29
0
1.55429e-29
-2.04339e-29
0
-6.21769e-29
1.34382e-28
-0
-2.48728e-28
1.80591e-28
-0
0
2.09612e-28
-0
0
2.84918e-28
-0
2.48789e-28
4.67411e-28
-0
-1.24405e-28
2.07718e-28
-0
-3.11038e-29
-2.46784e-29
0
0
2.85222e-28
0
0
6.15808e-28
0
-7.4668e-28
1.07281e-27
0
-2.48914e-28
-7.68397e-28
0
0
1.29495e-28
0
0
-2.17625e-28
-0
)
;
    }
    baffle_slave
    {
        type            calculated;
        value           nonuniform List<scalar> 
150
(
5.0853e-24
-0
0
3.47099e-25
-0
-3.71526e-24
-1.77848e-24
-0
0
1.71213e-24
-0
3.92737e-24
-1.51103e-23
-0
-1.22337e-23
1.06187e-24
-0
4.26294e-24
-5.58932e-25
-0
-4.48786e-24
-8.8917e-25
-0
0
-2.21783e-24
-0
-2.54412e-24
-1.70794e-24
-0
0
-7.43441e-25
-0
0
4.08679e-25
0
0
0
0
0
1.02342e-24
0
0
0
0
-9.38285e-24
-4.06437e-24
0
0
-6.7095e-23
0
-7.6948e-23
1.34348e-23
0
-3.08102e-23
-6.59295e-23
0
-1.13373e-22
-8.87358e-24
0
0
2.67054e-23
0
0
1.31541e-22
0
1.6223e-22
-4.12013e-23
0
0
4.66776e-24
0
-1.49496e-22
7.19822e-23
0
-9.59995e-23
2.12677e-24
2.47731e-23
0
-6.89952e-24
7.28907e-24
0
-1.20113e-24
7.46961e-24
0
-2.17102e-24
9.7836e-24
0
-4.31269e-24
-1.25707e-23
0
-3.4283e-24
1.2477e-23
0
-1.53196e-24
7.40585e-24
0
-4.14001e-24
6.37239e-24
0
3.86037e-24
8.07924e-24
0
8.5315e-25
4.78222e-24
0
-5.52835e-25
6.04046e-24
0
7.19788e-25
2.45207e-24
0
3.39463e-24
-6.24851e-25
0
-1.10856e-24
-6.26843e-24
0
2.60631e-23
-1.25616e-23
0
2.25422e-23
-3.01441e-23
0
-4.87095e-23
-2.79563e-23
0
-6.16402e-24
-4.27036e-23
0
-8.36023e-23
-2.35463e-24
0
5.77128e-23
3.69733e-23
0
1.57998e-23
5.72258e-23
0
-1.65408e-22
1.11304e-22
0
-1.06175e-22
-1.57938e-22
0
3.65973e-23
1.40033e-22
0
-3.07578e-23
1.07973e-22
0
)
;
    }
}


// ************************************************************************* //
