/*--------------------------------*- C++ -*----------------------------------*\
| =========                 |                                                 |
| \\      /  F ield         | OpenFOAM: The Open Source CFD Toolbox           |
|  \\    /   O peration     | Version:  2212                                  |
|   \\  /    A nd           | Website:  www.openfoam.com                      |
|    \\/     M anipulation  |                                                 |
\*---------------------------------------------------------------------------*/
FoamFile
{
    version     2.0;
    format      ascii;
    arch        "LSB;label=32;scalar=64";
    class       volScalarField;
    location    "75/fluidRegion";
    object      htc;
}
// * * * * * * * * * * * * * * * * * * * * * * * * * * * * * * * * * * * * * //

dimensions      [1 0 -3 -1 0 0 0];

internalField   nonuniform List<scalar> 
350
(
3101.43
3101.43
3101.44
3101.44
3101.45
3101.46
3101.48
3101.49
3101.51
3101.52
3101.53
3101.52
3101.5
3101.49
3101.49
3101.52
3101.58
3101.67
3101.77
3101.88
3101.96
3101.99
3101.98
3101.92
3106.98
3101.43
3101.43
3101.44
3101.44
3101.45
3101.46
3101.48
3101.49
3101.51
3101.52
3101.53
3101.52
3101.5
3101.49
3101.49
3101.52
3101.58
3101.67
3101.77
3101.88
3101.96
3101.99
3101.98
3101.92
3106.98
27258.3
27176.7
26989.3
26676.8
26240.7
25683.2
25007.1
24216.3
23315.9
22313.1
21217.5
20041.4
18800.1
17510.4
16188.7
14849
13501.7
12154.8
10817.5
9505.89
8247.99
7090.39
6104.25
5383.47
4944.2
27347.3
27265.3
27078.5
26766.1
26329.5
25771
25093.3
24300.1
23396.5
22389.3
21288
20104.9
18855.5
17557.1
16226.9
14879.5
13525.8
12173.5
10831.6
9515.46
8252.98
7090.89
6101.21
5379.22
4942.23
27244.2
27162.2
26974.8
26662.4
26226.4
25669.1
24993.3
24202.8
23303.1
22301
21206.3
20031.3
18791.3
17502.9
16182.5
14844
13497.7
12151.5
10814.9
9503.87
8246.59
7089.55
6103.84
5383.2
4944.06
27327.5
27245.7
27058.7
26746.2
26309.7
25751.4
25074
24281.3
23378.4
22372.1
21272.1
20090.5
18843
17546.5
16218.3
14872.7
13520.4
12169.3
10828.5
9513.36
8251.93
7090.88
6102.02
5380.32
4942.75
27327.5
27245.7
27058.7
26746.2
26309.7
25751.4
25074
24281.3
23378.4
22372.1
21272.1
20090.5
18843
17546.5
16218.3
14872.7
13520.4
12169.3
10828.5
9513.36
8251.93
7090.88
6102.02
5380.32
4942.75
27244.2
27162.2
26974.8
26662.4
26226.4
25669.1
24993.3
24202.9
23303.1
22301
21206.3
20031.3
18791.3
17502.9
16182.5
14844
13497.7
12151.5
10814.9
9503.87
8246.58
7089.54
6103.83
5383.19
4944.05
27347.3
27265.3
27078.5
26766.1
26329.5
25771
25093.3
24300.1
23396.5
22389.3
21288
20104.9
18855.5
17557.1
16226.9
14879.5
13525.8
12173.5
10831.6
9515.46
8252.98
7090.89
6101.21
5379.22
4942.23
27258.3
27176.7
26989.3
26676.8
26240.7
25683.2
25007.1
24216.3
23315.9
22313.1
21217.5
20041.4
18800.1
17510.4
16188.7
14849
13501.7
12154.8
10817.5
9505.89
8247.99
7090.39
6104.26
5383.47
4944.2
27327.5
27245.7
27058.7
26746.2
26309.7
25751.4
25074
24281.3
23378.4
22372.1
21272.1
20090.5
18843
17546.5
16218.3
14872.7
13520.4
12169.3
10828.5
9513.36
8251.93
7090.88
6102.02
5380.32
4942.75
27244.2
27162.2
26974.8
26662.4
26226.4
25669.1
24993.3
24202.9
23303.1
22301
21206.3
20031.3
18791.3
17502.9
16182.5
14844
13497.7
12151.5
10814.9
9503.87
8246.58
7089.55
6103.84
5383.2
4944.06
27244.2
27162.2
26974.8
26662.4
26226.4
25669.1
24993.3
24202.9
23303.1
22301
21206.3
20031.3
18791.3
17502.9
16182.5
14844
13497.7
12151.5
10814.9
9503.87
8246.58
7089.54
6103.83
5383.19
4944.05
27327.5
27245.7
27058.7
26746.2
26309.7
25751.4
25074
24281.3
23378.4
22372.1
21272.1
20090.5
18843
17546.5
16218.3
14872.7
13520.4
12169.3
10828.5
9513.36
8251.93
7090.88
6102.02
5380.32
4942.75
)
;

boundaryField
{
    outletCentralUnloaded
    {
        type            zeroGradient;
    }
    inletCentralUnloaded
    {
        type            zeroGradient;
    }
    outletFuelElement
    {
        type            zeroGradient;
    }
    inletFuelElement
    {
        type            zeroGradient;
    }
    defaultFaces
    {
        type            zeroGradient;
    }
    baffle_master
    {
        type            zeroGradient;
    }
    baffle_slave
    {
        type            zeroGradient;
    }
}


// ************************************************************************* //
