/*--------------------------------*- C++ -*----------------------------------*\
| =========                 |                                                 |
| \\      /  F ield         | OpenFOAM: The Open Source CFD Toolbox           |
|  \\    /   O peration     | Version:  2212                                  |
|   \\  /    A nd           | Website:  www.openfoam.com                      |
|    \\/     M anipulation  |                                                 |
\*---------------------------------------------------------------------------*/
FoamFile
{
    version     2.0;
    format      ascii;
    arch        "LSB;label=32;scalar=64";
    class       volScalarField;
    location    "30/fluidRegion";
    object      alphaRhoMagU;
}
// * * * * * * * * * * * * * * * * * * * * * * * * * * * * * * * * * * * * * //

dimensions      [1 -2 -1 0 0 0 0];

internalField   nonuniform List<scalar> 
350
(
36.8275
36.8274
36.8273
36.8272
36.8271
36.8269
36.8267
36.8266
36.8265
36.8264
36.8264
36.8264
36.8265
36.8266
36.8266
36.8267
36.8268
36.8269
36.827
36.827
36.8271
36.8271
36.827
36.827
36.9056
36.8275
36.8274
36.8273
36.8272
36.8271
36.8269
36.8267
36.8266
36.8265
36.8264
36.8264
36.8264
36.8265
36.8266
36.8266
36.8267
36.8268
36.8269
36.827
36.827
36.8271
36.8271
36.827
36.827
36.9056
58.8083
58.7411
58.7427
58.7432
58.7424
58.7401
58.7362
58.7305
58.7227
58.7127
58.7004
58.6856
58.6685
58.649
58.6268
58.6008
58.5691
58.5298
58.4827
58.4343
58.4058
58.4598
58.7428
59.5083
59.965
58.2951
58.2197
58.2166
58.2125
58.2073
58.201
58.1934
58.1842
58.1732
58.1604
58.1458
58.1299
58.1134
58.0972
58.0822
58.0682
58.054
58.0378
58.0194
58.0059
58.0201
58.128
58.4824
59.3422
59.9111
58.8942
58.8266
58.8288
58.8297
58.8292
58.8271
58.8234
58.8178
58.8101
58.8001
58.7876
58.7724
58.7546
58.7339
58.7097
58.6809
58.6455
58.6016
58.5488
58.4936
58.4569
58.5005
58.7705
59.5208
59.9669
58.4098
58.3367
58.335
58.3321
58.3281
58.323
58.3164
58.3082
58.2982
58.2862
58.2723
58.2568
58.2404
58.2237
58.2072
58.1907
58.1726
58.1514
58.1266
58.1053
58.1099
58.2056
58.5438
59.3822
59.9245
58.4098
58.3367
58.335
58.3321
58.3281
58.323
58.3164
58.3082
58.2982
58.2862
58.2723
58.2568
58.2404
58.2237
58.2072
58.1907
58.1726
58.1514
58.1266
58.1053
58.1099
58.2056
58.5438
59.3822
59.9245
58.8942
58.8266
58.8288
58.8297
58.8291
58.8271
58.8234
58.8178
58.8101
58.8
58.7875
58.7724
58.7545
58.7338
58.7097
58.6808
58.6454
58.6015
58.5487
58.4935
58.4567
58.5003
58.7704
59.5206
59.9668
58.2951
58.2197
58.2166
58.2125
58.2073
58.201
58.1934
58.1842
58.1732
58.1604
58.1458
58.1299
58.1134
58.0972
58.0822
58.0682
58.054
58.0378
58.0194
58.0059
58.0201
58.128
58.4824
59.3422
59.9111
58.8083
58.7411
58.7427
58.7432
58.7424
58.7401
58.7362
58.7305
58.7227
58.7127
58.7004
58.6856
58.6685
58.649
58.6268
58.6008
58.5691
58.5298
58.4827
58.4343
58.4058
58.4598
58.7428
59.5083
59.965
58.4098
58.3367
58.335
58.3321
58.3281
58.323
58.3164
58.3082
58.2982
58.2862
58.2723
58.2568
58.2404
58.2237
58.2072
58.1907
58.1726
58.1514
58.1266
58.1053
58.1099
58.2056
58.5438
59.3822
59.9245
58.8942
58.8266
58.8288
58.8297
58.8292
58.8271
58.8234
58.8178
58.8101
58.8001
58.7876
58.7724
58.7546
58.7339
58.7097
58.6809
58.6455
58.6016
58.5488
58.4936
58.4569
58.5004
58.7705
59.5208
59.9669
58.8942
58.8266
58.8288
58.8297
58.8291
58.8271
58.8234
58.8178
58.8101
58.8
58.7875
58.7724
58.7545
58.7338
58.7097
58.6808
58.6454
58.6015
58.5487
58.4935
58.4567
58.5003
58.7704
59.5206
59.9668
58.4098
58.3367
58.335
58.3321
58.3281
58.323
58.3164
58.3082
58.2982
58.2862
58.2723
58.2568
58.2404
58.2237
58.2072
58.1907
58.1726
58.1514
58.1266
58.1053
58.1099
58.2056
58.5438
59.3822
59.9245
)
;

boundaryField
{
    outletCentralUnloaded
    {
        type            calculated;
        value           nonuniform List<scalar> 2(36.826 36.826);
    }
    inletCentralUnloaded
    {
        type            calculated;
        value           nonuniform List<scalar> 2(36.9828 36.9828);
    }
    outletFuelElement
    {
        type            calculated;
        value           nonuniform List<scalar> 
12
(
58.3759
57.8664
58.4611
57.9803
57.9803
58.4611
57.8664
58.3759
57.9803
58.4611
58.4611
57.9803
)
;
    }
    inletFuelElement
    {
        type            calculated;
        value           nonuniform List<scalar> 
12
(
59.7621
59.7621
59.7621
59.7621
59.7621
59.7621
59.7621
59.7621
59.7621
59.7621
59.7621
59.7621
)
;
    }
    defaultFaces
    {
        type            calculated;
        value           nonuniform List<scalar> 
450
(
58.8083
58.8083
58.8083
58.7411
58.7411
58.7411
58.7427
58.7427
58.7427
58.7432
58.7432
58.7432
58.7424
58.7424
58.7424
58.7401
58.7401
58.7401
58.7362
58.7362
58.7362
58.7305
58.7305
58.7305
58.7227
58.7227
58.7227
58.7127
58.7127
58.7127
58.7004
58.7004
58.7004
58.6856
58.6856
58.6856
58.6685
58.6685
58.6685
58.649
58.649
58.649
58.6268
58.6268
58.6268
58.6008
58.6008
58.6008
58.5691
58.5691
58.5691
58.5298
58.5298
58.5298
58.4827
58.4827
58.4827
58.4343
58.4343
58.4343
58.4058
58.4058
58.4058
58.4598
58.4598
58.4598
58.7428
58.7428
58.7428
59.5083
59.5083
59.5083
59.965
59.965
59.965
58.8942
58.8942
58.8266
58.8266
58.8288
58.8288
58.8297
58.8297
58.8292
58.8292
58.8271
58.8271
58.8234
58.8234
58.8178
58.8178
58.8101
58.8101
58.8001
58.8001
58.7876
58.7876
58.7724
58.7724
58.7546
58.7546
58.7339
58.7339
58.7097
58.7097
58.6809
58.6809
58.6455
58.6455
58.6016
58.6016
58.5488
58.5488
58.4936
58.4936
58.4569
58.4569
58.5005
58.5005
58.7705
58.7705
59.5208
59.5208
59.9669
59.9669
58.4098
58.3367
58.335
58.3321
58.3281
58.323
58.3164
58.3082
58.2982
58.2862
58.2723
58.2568
58.2404
58.2237
58.2072
58.1907
58.1726
58.1514
58.1266
58.1053
58.1099
58.2056
58.5438
59.3822
59.9245
58.4098
58.3367
58.335
58.3321
58.3281
58.323
58.3164
58.3082
58.2982
58.2862
58.2723
58.2568
58.2404
58.2237
58.2072
58.1907
58.1726
58.1514
58.1266
58.1053
58.1099
58.2056
58.5438
59.3822
59.9245
58.8942
58.8942
58.8266
58.8266
58.8288
58.8288
58.8297
58.8297
58.8291
58.8291
58.8271
58.8271
58.8234
58.8234
58.8178
58.8178
58.8101
58.8101
58.8
58.8
58.7875
58.7875
58.7724
58.7724
58.7545
58.7545
58.7338
58.7338
58.7097
58.7097
58.6808
58.6808
58.6454
58.6454
58.6015
58.6015
58.5487
58.5487
58.4935
58.4935
58.4567
58.4567
58.5003
58.5003
58.7704
58.7704
59.5206
59.5206
59.9668
59.9668
58.8083
58.8083
58.8083
58.7411
58.7411
58.7411
58.7427
58.7427
58.7427
58.7432
58.7432
58.7432
58.7424
58.7424
58.7424
58.7401
58.7401
58.7401
58.7362
58.7362
58.7362
58.7305
58.7305
58.7305
58.7227
58.7227
58.7227
58.7127
58.7127
58.7127
58.7004
58.7004
58.7004
58.6856
58.6856
58.6856
58.6685
58.6685
58.6685
58.649
58.649
58.649
58.6268
58.6268
58.6268
58.6008
58.6008
58.6008
58.5691
58.5691
58.5691
58.5298
58.5298
58.5298
58.4827
58.4827
58.4827
58.4343
58.4343
58.4343
58.4058
58.4058
58.4058
58.4598
58.4598
58.4598
58.7428
58.7428
58.7428
59.5083
59.5083
59.5083
59.965
59.965
59.965
58.4098
58.3367
58.335
58.3321
58.3281
58.323
58.3164
58.3082
58.2982
58.2862
58.2723
58.2568
58.2404
58.2237
58.2072
58.1907
58.1726
58.1514
58.1266
58.1053
58.1099
58.2056
58.5438
59.3822
59.9245
58.8942
58.8942
58.8266
58.8266
58.8288
58.8288
58.8297
58.8297
58.8292
58.8292
58.8271
58.8271
58.8234
58.8234
58.8178
58.8178
58.8101
58.8101
58.8001
58.8001
58.7876
58.7876
58.7724
58.7724
58.7546
58.7546
58.7339
58.7339
58.7097
58.7097
58.6809
58.6809
58.6455
58.6455
58.6016
58.6016
58.5488
58.5488
58.4936
58.4936
58.4569
58.4569
58.5004
58.5004
58.7705
58.7705
59.5208
59.5208
59.9669
59.9669
58.8942
58.8942
58.8266
58.8266
58.8288
58.8288
58.8297
58.8297
58.8291
58.8291
58.8271
58.8271
58.8234
58.8234
58.8178
58.8178
58.8101
58.8101
58.8
58.8
58.7875
58.7875
58.7724
58.7724
58.7545
58.7545
58.7338
58.7338
58.7097
58.7097
58.6808
58.6808
58.6454
58.6454
58.6015
58.6015
58.5487
58.5487
58.4935
58.4935
58.4567
58.4567
58.5003
58.5003
58.7704
58.7704
59.5206
59.5206
59.9668
59.9668
58.4098
58.3367
58.335
58.3321
58.3281
58.323
58.3164
58.3082
58.2982
58.2862
58.2723
58.2568
58.2404
58.2237
58.2072
58.1907
58.1726
58.1514
58.1266
58.1053
58.1099
58.2056
58.5438
59.3822
59.9245
)
;
    }
    baffle_master
    {
        type            calculated;
        value           nonuniform List<scalar> 
150
(
36.8275
36.8275
36.8275
36.8274
36.8274
36.8274
36.8273
36.8273
36.8273
36.8272
36.8272
36.8272
36.8271
36.8271
36.8271
36.8269
36.8269
36.8269
36.8267
36.8267
36.8267
36.8266
36.8266
36.8266
36.8265
36.8265
36.8265
36.8264
36.8264
36.8264
36.8264
36.8264
36.8264
36.8264
36.8264
36.8264
36.8265
36.8265
36.8265
36.8266
36.8266
36.8266
36.8266
36.8266
36.8266
36.8267
36.8267
36.8267
36.8268
36.8268
36.8268
36.8269
36.8269
36.8269
36.827
36.827
36.827
36.827
36.827
36.827
36.8271
36.8271
36.8271
36.8271
36.8271
36.8271
36.827
36.827
36.827
36.827
36.827
36.827
36.9056
36.9056
36.9056
36.8275
36.8275
36.8275
36.8274
36.8274
36.8274
36.8273
36.8273
36.8273
36.8272
36.8272
36.8272
36.8271
36.8271
36.8271
36.8269
36.8269
36.8269
36.8267
36.8267
36.8267
36.8266
36.8266
36.8266
36.8265
36.8265
36.8265
36.8264
36.8264
36.8264
36.8264
36.8264
36.8264
36.8264
36.8264
36.8264
36.8265
36.8265
36.8265
36.8266
36.8266
36.8266
36.8266
36.8266
36.8266
36.8267
36.8267
36.8267
36.8268
36.8268
36.8268
36.8269
36.8269
36.8269
36.827
36.827
36.827
36.827
36.827
36.827
36.8271
36.8271
36.8271
36.8271
36.8271
36.8271
36.827
36.827
36.827
36.827
36.827
36.827
36.9056
36.9056
36.9056
)
;
    }
    baffle_slave
    {
        type            calculated;
        value           nonuniform List<scalar> 
150
(
58.2951
58.4098
58.4098
58.2197
58.3367
58.3367
58.2166
58.335
58.335
58.2125
58.3321
58.3321
58.2073
58.3281
58.3281
58.201
58.323
58.323
58.1934
58.3164
58.3164
58.1842
58.3082
58.3082
58.1732
58.2982
58.2982
58.1604
58.2862
58.2862
58.1458
58.2723
58.2723
58.1299
58.2568
58.2568
58.1134
58.2404
58.2404
58.0972
58.2237
58.2237
58.0822
58.2072
58.2072
58.0682
58.1907
58.1907
58.054
58.1726
58.1726
58.0378
58.1514
58.1514
58.0194
58.1266
58.1266
58.0059
58.1053
58.1053
58.0201
58.1099
58.1099
58.128
58.2056
58.2056
58.4824
58.5438
58.5438
59.3422
59.3822
59.3822
59.9111
59.9245
59.9245
58.4098
58.2951
58.4098
58.3367
58.2197
58.3367
58.335
58.2166
58.335
58.3321
58.2125
58.3321
58.3281
58.2073
58.3281
58.323
58.201
58.323
58.3164
58.1934
58.3164
58.3082
58.1842
58.3082
58.2982
58.1732
58.2982
58.2862
58.1604
58.2862
58.2723
58.1458
58.2723
58.2568
58.1299
58.2568
58.2404
58.1134
58.2404
58.2237
58.0972
58.2237
58.2072
58.0822
58.2072
58.1907
58.0682
58.1907
58.1726
58.054
58.1726
58.1514
58.0378
58.1514
58.1266
58.0194
58.1266
58.1053
58.0059
58.1053
58.1099
58.0201
58.1099
58.2056
58.128
58.2056
58.5438
58.4824
58.5438
59.3822
59.3422
59.3822
59.9245
59.9111
59.9245
)
;
    }
}


// ************************************************************************* //
