/*--------------------------------*- C++ -*----------------------------------*\
| =========                 |                                                 |
| \\      /  F ield         | OpenFOAM: The Open Source CFD Toolbox           |
|  \\    /   O peration     | Version:  2212                                  |
|   \\  /    A nd           | Website:  www.openfoam.com                      |
|    \\/     M anipulation  |                                                 |
\*---------------------------------------------------------------------------*/
FoamFile
{
    version     2.0;
    format      ascii;
    arch        "LSB;label=32;scalar=64";
    class       volScalarField;
    location    "30/fluidRegion";
    object      dgdt;
}
// * * * * * * * * * * * * * * * * * * * * * * * * * * * * * * * * * * * * * //

dimensions      [0 0 -1 0 0 0 0];

internalField   nonuniform List<scalar> 
350
(
0.00532811
0.00531488
0.00530931
0.00530495
0.00530056
0.00529628
0.00529325
0.00529237
0.00529366
0.00529627
0.00529887
0.00530016
0.00529944
0.00529689
0.00529351
0.00529074
0.00528989
0.00529162
0.00529547
0.0052999
0.00530276
0.00530232
0.00527505
0.00521354
0.00262149
0.00532811
0.00531488
0.00530931
0.00530495
0.00530056
0.00529628
0.00529326
0.00529237
0.00529366
0.00529627
0.00529887
0.00530016
0.00529944
0.00529689
0.00529351
0.00529074
0.00528989
0.00529162
0.00529547
0.0052999
0.00530276
0.00530232
0.00527506
0.00521354
0.00262148
37.2017
46.4647
60.4229
73.3156
85.0836
95.6805
105.069
113.216
120.081
125.61
129.718
132.281
133.141
132.133
129.133
124.124
117.228
108.684
98.7778
87.728
75.6268
62.4136
47.9564
32.2929
20.4001
37.2266
46.3623
60.4503
73.465
85.3478
96.0518
105.54
113.78
120.735
126.354
130.553
133.211
134.167
133.246
130.311
125.329
118.414
109.807
99.8053
88.6402
76.4133
63.0657
48.46
32.6288
20.6041
37.185
46.4571
60.3952
73.269
85.0193
95.5999
104.973
113.106
119.958
125.474
129.568
132.117
132.964
131.943
128.935
123.924
117.032
108.5
98.6103
87.5797
75.4991
62.3081
47.875
32.2385
20.3671
37.2306
46.404
60.4613
73.4474
85.303
95.9816
105.446
113.664
120.598
126.195
130.372
133.008
133.941
132.998
130.047
125.057
118.145
109.552
99.5715
88.4322
76.2337
62.9166
48.3447
32.5518
20.5574
37.2306
46.404
60.4613
73.4474
85.3031
95.9816
105.446
113.664
120.598
126.195
130.372
133.008
133.941
132.998
130.047
125.057
118.145
109.552
99.5715
88.4322
76.2337
62.9166
48.3447
32.5518
20.5574
37.185
46.4571
60.3952
73.269
85.0193
95.5999
104.973
113.106
119.958
125.474
129.568
132.117
132.964
131.943
128.935
123.924
117.032
108.5
98.6103
87.5797
75.4991
62.3081
47.8751
32.2385
20.3671
37.2266
46.3623
60.4503
73.465
85.3478
96.0518
105.54
113.78
120.735
126.354
130.553
133.211
134.167
133.246
130.311
125.329
118.414
109.807
99.8053
88.6402
76.4133
63.0657
48.46
32.6288
20.6041
37.2017
46.4646
60.4229
73.3156
85.0836
95.6805
105.069
113.216
120.081
125.61
129.718
132.281
133.141
132.133
129.133
124.124
117.228
108.684
98.7778
87.728
75.6268
62.4136
47.9564
32.2929
20.4002
37.2306
46.404
60.4613
73.4474
85.303
95.9816
105.446
113.664
120.598
126.195
130.372
133.008
133.941
132.998
130.047
125.057
118.145
109.552
99.5715
88.4322
76.2337
62.9166
48.3447
32.5518
20.5574
37.185
46.4571
60.3952
73.269
85.0193
95.5999
104.973
113.106
119.958
125.474
129.568
132.117
132.964
131.943
128.935
123.924
117.032
108.5
98.6103
87.5797
75.4991
62.308
47.875
32.2385
20.367
37.185
46.4571
60.3952
73.269
85.0193
95.5999
104.973
113.106
119.958
125.474
129.568
132.117
132.964
131.943
128.935
123.923
117.032
108.5
98.6103
87.5797
75.4991
62.3081
47.8751
32.2385
20.3671
37.2306
46.404
60.4613
73.4474
85.303
95.9816
105.446
113.664
120.598
126.195
130.372
133.008
133.941
132.998
130.047
125.057
118.145
109.552
99.5715
88.4322
76.2337
62.9166
48.3447
32.5518
20.5574
)
;

boundaryField
{
    outletCentralUnloaded
    {
        type            calculated;
        value           nonuniform List<scalar> 2(0.00532811 0.00532811);
    }
    inletCentralUnloaded
    {
        type            calculated;
        value           nonuniform List<scalar> 2(0.00262149 0.00262148);
    }
    outletFuelElement
    {
        type            calculated;
        value           nonuniform List<scalar> 
12
(
37.2017
37.2266
37.185
37.2306
37.2306
37.185
37.2266
37.2017
37.2306
37.185
37.185
37.2306
)
;
    }
    inletFuelElement
    {
        type            calculated;
        value           nonuniform List<scalar> 
12
(
20.4001
20.6041
20.3671
20.5574
20.5574
20.3671
20.6041
20.4002
20.5574
20.367
20.3671
20.5574
)
;
    }
    defaultFaces
    {
        type            calculated;
        value           nonuniform List<scalar> 
450
(
37.2017
37.2017
37.2017
46.4647
46.4647
46.4647
60.4229
60.4229
60.4229
73.3156
73.3156
73.3156
85.0836
85.0836
85.0836
95.6805
95.6805
95.6805
105.069
105.069
105.069
113.216
113.216
113.216
120.081
120.081
120.081
125.61
125.61
125.61
129.718
129.718
129.718
132.281
132.281
132.281
133.141
133.141
133.141
132.133
132.133
132.133
129.133
129.133
129.133
124.124
124.124
124.124
117.228
117.228
117.228
108.684
108.684
108.684
98.7778
98.7778
98.7778
87.728
87.728
87.728
75.6268
75.6268
75.6268
62.4136
62.4136
62.4136
47.9564
47.9564
47.9564
32.2929
32.2929
32.2929
20.4001
20.4001
20.4001
37.185
37.185
46.4571
46.4571
60.3952
60.3952
73.269
73.269
85.0193
85.0193
95.5999
95.5999
104.973
104.973
113.106
113.106
119.958
119.958
125.474
125.474
129.568
129.568
132.117
132.117
132.964
132.964
131.943
131.943
128.935
128.935
123.924
123.924
117.032
117.032
108.5
108.5
98.6103
98.6103
87.5797
87.5797
75.4991
75.4991
62.3081
62.3081
47.875
47.875
32.2385
32.2385
20.3671
20.3671
37.2306
46.404
60.4613
73.4474
85.303
95.9816
105.446
113.664
120.598
126.195
130.372
133.008
133.941
132.998
130.047
125.057
118.145
109.552
99.5715
88.4322
76.2337
62.9166
48.3447
32.5518
20.5574
37.2306
46.404
60.4613
73.4474
85.3031
95.9816
105.446
113.664
120.598
126.195
130.372
133.008
133.941
132.998
130.047
125.057
118.145
109.552
99.5715
88.4322
76.2337
62.9166
48.3447
32.5518
20.5574
37.185
37.185
46.4571
46.4571
60.3952
60.3952
73.269
73.269
85.0193
85.0193
95.5999
95.5999
104.973
104.973
113.106
113.106
119.958
119.958
125.474
125.474
129.568
129.568
132.117
132.117
132.964
132.964
131.943
131.943
128.935
128.935
123.924
123.924
117.032
117.032
108.5
108.5
98.6103
98.6103
87.5797
87.5797
75.4991
75.4991
62.3081
62.3081
47.8751
47.8751
32.2385
32.2385
20.3671
20.3671
37.2017
37.2017
37.2017
46.4646
46.4646
46.4646
60.4229
60.4229
60.4229
73.3156
73.3156
73.3156
85.0836
85.0836
85.0836
95.6805
95.6805
95.6805
105.069
105.069
105.069
113.216
113.216
113.216
120.081
120.081
120.081
125.61
125.61
125.61
129.718
129.718
129.718
132.281
132.281
132.281
133.141
133.141
133.141
132.133
132.133
132.133
129.133
129.133
129.133
124.124
124.124
124.124
117.228
117.228
117.228
108.684
108.684
108.684
98.7778
98.7778
98.7778
87.728
87.728
87.728
75.6268
75.6268
75.6268
62.4136
62.4136
62.4136
47.9564
47.9564
47.9564
32.2929
32.2929
32.2929
20.4002
20.4002
20.4002
37.2306
46.404
60.4613
73.4474
85.303
95.9816
105.446
113.664
120.598
126.195
130.372
133.008
133.941
132.998
130.047
125.057
118.145
109.552
99.5715
88.4322
76.2337
62.9166
48.3447
32.5518
20.5574
37.185
37.185
46.4571
46.4571
60.3952
60.3952
73.269
73.269
85.0193
85.0193
95.5999
95.5999
104.973
104.973
113.106
113.106
119.958
119.958
125.474
125.474
129.568
129.568
132.117
132.117
132.964
132.964
131.943
131.943
128.935
128.935
123.924
123.924
117.032
117.032
108.5
108.5
98.6103
98.6103
87.5797
87.5797
75.4991
75.4991
62.308
62.308
47.875
47.875
32.2385
32.2385
20.367
20.367
37.185
37.185
46.4571
46.4571
60.3952
60.3952
73.269
73.269
85.0193
85.0193
95.5999
95.5999
104.973
104.973
113.106
113.106
119.958
119.958
125.474
125.474
129.568
129.568
132.117
132.117
132.964
132.964
131.943
131.943
128.935
128.935
123.923
123.923
117.032
117.032
108.5
108.5
98.6103
98.6103
87.5797
87.5797
75.4991
75.4991
62.3081
62.3081
47.8751
47.8751
32.2385
32.2385
20.3671
20.3671
37.2306
46.404
60.4613
73.4474
85.303
95.9816
105.446
113.664
120.598
126.195
130.372
133.008
133.941
132.998
130.047
125.057
118.145
109.552
99.5715
88.4322
76.2337
62.9166
48.3447
32.5518
20.5574
)
;
    }
    baffle_master
    {
        type            calculated;
        value           nonuniform List<scalar> 
150
(
0.00532811
0.00532811
0.00532811
0.00531488
0.00531488
0.00531488
0.00530931
0.00530931
0.00530931
0.00530495
0.00530495
0.00530495
0.00530056
0.00530056
0.00530056
0.00529628
0.00529628
0.00529628
0.00529325
0.00529325
0.00529325
0.00529237
0.00529237
0.00529237
0.00529366
0.00529366
0.00529366
0.00529627
0.00529627
0.00529627
0.00529887
0.00529887
0.00529887
0.00530016
0.00530016
0.00530016
0.00529944
0.00529944
0.00529944
0.00529689
0.00529689
0.00529689
0.00529351
0.00529351
0.00529351
0.00529074
0.00529074
0.00529074
0.00528989
0.00528989
0.00528989
0.00529162
0.00529162
0.00529162
0.00529547
0.00529547
0.00529547
0.0052999
0.0052999
0.0052999
0.00530276
0.00530276
0.00530276
0.00530232
0.00530232
0.00530232
0.00527505
0.00527505
0.00527505
0.00521354
0.00521354
0.00521354
0.00262149
0.00262149
0.00262149
0.00532811
0.00532811
0.00532811
0.00531488
0.00531488
0.00531488
0.00530931
0.00530931
0.00530931
0.00530495
0.00530495
0.00530495
0.00530056
0.00530056
0.00530056
0.00529628
0.00529628
0.00529628
0.00529326
0.00529326
0.00529326
0.00529237
0.00529237
0.00529237
0.00529366
0.00529366
0.00529366
0.00529627
0.00529627
0.00529627
0.00529887
0.00529887
0.00529887
0.00530016
0.00530016
0.00530016
0.00529944
0.00529944
0.00529944
0.00529689
0.00529689
0.00529689
0.00529351
0.00529351
0.00529351
0.00529074
0.00529074
0.00529074
0.00528989
0.00528989
0.00528989
0.00529162
0.00529162
0.00529162
0.00529547
0.00529547
0.00529547
0.0052999
0.0052999
0.0052999
0.00530276
0.00530276
0.00530276
0.00530232
0.00530232
0.00530232
0.00527506
0.00527506
0.00527506
0.00521354
0.00521354
0.00521354
0.00262148
0.00262148
0.00262148
)
;
    }
    baffle_slave
    {
        type            calculated;
        value           nonuniform List<scalar> 
150
(
37.2266
37.2306
37.2306
46.3623
46.404
46.404
60.4503
60.4613
60.4613
73.465
73.4474
73.4474
85.3478
85.303
85.303
96.0518
95.9816
95.9816
105.54
105.446
105.446
113.78
113.664
113.664
120.735
120.598
120.598
126.354
126.195
126.195
130.553
130.372
130.372
133.211
133.008
133.008
134.167
133.941
133.941
133.246
132.998
132.998
130.311
130.047
130.047
125.329
125.057
125.057
118.414
118.145
118.145
109.807
109.552
109.552
99.8053
99.5715
99.5715
88.6402
88.4322
88.4322
76.4133
76.2337
76.2337
63.0657
62.9166
62.9166
48.46
48.3447
48.3447
32.6288
32.5518
32.5518
20.6041
20.5574
20.5574
37.2306
37.2266
37.2306
46.404
46.3623
46.404
60.4613
60.4503
60.4613
73.4474
73.465
73.4474
85.3031
85.3478
85.303
95.9816
96.0518
95.9816
105.446
105.54
105.446
113.664
113.78
113.664
120.598
120.735
120.598
126.195
126.354
126.195
130.372
130.553
130.372
133.008
133.211
133.008
133.941
134.167
133.941
132.998
133.246
132.998
130.047
130.311
130.047
125.057
125.329
125.057
118.145
118.414
118.145
109.552
109.807
109.552
99.5715
99.8053
99.5715
88.4322
88.6402
88.4322
76.2337
76.4133
76.2337
62.9166
63.0657
62.9166
48.3447
48.46
48.3447
32.5518
32.6288
32.5518
20.5574
20.6041
20.5574
)
;
    }
}


// ************************************************************************* //
