/*--------------------------------*- C++ -*----------------------------------*\
| =========                 |                                                 |
| \\      /  F ield         | OpenFOAM: The Open Source CFD Toolbox           |
|  \\    /   O peration     | Version:  2212                                  |
|   \\  /    A nd           | Website:  www.openfoam.com                      |
|    \\/     M anipulation  |                                                 |
\*---------------------------------------------------------------------------*/
FoamFile
{
    version     2.0;
    format      ascii;
    arch        "LSB;label=32;scalar=64";
    class       volScalarField;
    location    "30/fluidRegion";
    object      hdeltaT;
}
// * * * * * * * * * * * * * * * * * * * * * * * * * * * * * * * * * * * * * //

dimensions      [1 0 -3 0 0 0 0];

internalField   nonuniform List<scalar> 
350
(
0
0
0
0
0
0
0
0
0
0
0
0
0
0
0
0
0
0
0
0
0
0
0
0
0
0
0
0
0
0
0
0
0
0
0
0
0
0
0
0
0
0
0
0
0
0
0
0
0
0
314485
1.19314e+06
2.05169e+06
2.87662e+06
3.65492e+06
4.37433e+06
5.02354e+06
5.59231e+06
6.0717e+06
6.45418e+06
6.73374e+06
6.90601e+06
6.96829e+06
6.91963e+06
6.7608e+06
6.4943e+06
6.1243e+06
5.65662e+06
5.09861e+06
4.45922e+06
3.74875e+06
2.97919e+06
2.16406e+06
1.31839e+06
456029
316732
1.20546e+06
2.07386e+06
2.90826e+06
3.69551e+06
4.42321e+06
5.07989e+06
5.65522e+06
6.14016e+06
6.52708e+06
6.8099e+06
6.9842e+06
7.04726e+06
6.9981e+06
6.83752e+06
6.56805e+06
6.1939e+06
5.72094e+06
5.15661e+06
4.50996e+06
3.79139e+06
3.01302e+06
2.18855e+06
1.33321e+06
460994
314129
1.19117e+06
2.04816e+06
2.87157e+06
3.64845e+06
4.36654e+06
5.01455e+06
5.58228e+06
6.06079e+06
6.44256e+06
6.72161e+06
6.89355e+06
6.95571e+06
6.90712e+06
6.74857e+06
6.48254e+06
6.11321e+06
5.64637e+06
5.08936e+06
4.45113e+06
3.74195e+06
2.97379e+06
2.16015e+06
1.31603e+06
455238
316201
1.20261e+06
2.06875e+06
2.90097e+06
3.68616e+06
4.41195e+06
5.06691e+06
5.64074e+06
6.1244e+06
6.51029e+06
6.79237e+06
6.9662e+06
7.02908e+06
6.98004e+06
6.81986e+06
6.55107e+06
6.17788e+06
5.70614e+06
5.14326e+06
4.49828e+06
3.78158e+06
3.00523e+06
2.18292e+06
1.3298e+06
459851
316201
1.20261e+06
2.06875e+06
2.90097e+06
3.68616e+06
4.41195e+06
5.06691e+06
5.64074e+06
6.1244e+06
6.51029e+06
6.79237e+06
6.9662e+06
7.02908e+06
6.98004e+06
6.81986e+06
6.55107e+06
6.17788e+06
5.70614e+06
5.14326e+06
4.49828e+06
3.78157e+06
3.00523e+06
2.18292e+06
1.3298e+06
459852
314129
1.19117e+06
2.04816e+06
2.87157e+06
3.64845e+06
4.36654e+06
5.01455e+06
5.58228e+06
6.06079e+06
6.44256e+06
6.72161e+06
6.89355e+06
6.95571e+06
6.90712e+06
6.74857e+06
6.48254e+06
6.11321e+06
5.64637e+06
5.08936e+06
4.45113e+06
3.74195e+06
2.97379e+06
2.16015e+06
1.31603e+06
455238
316732
1.20546e+06
2.07386e+06
2.90826e+06
3.69551e+06
4.42321e+06
5.07989e+06
5.65522e+06
6.14016e+06
6.52708e+06
6.8099e+06
6.9842e+06
7.04726e+06
6.9981e+06
6.83752e+06
6.56805e+06
6.1939e+06
5.72094e+06
5.15661e+06
4.50996e+06
3.79139e+06
3.01302e+06
2.18855e+06
1.33321e+06
460994
314485
1.19313e+06
2.05169e+06
2.87662e+06
3.65492e+06
4.37433e+06
5.02354e+06
5.59231e+06
6.0717e+06
6.45418e+06
6.73374e+06
6.90601e+06
6.96829e+06
6.91963e+06
6.7608e+06
6.4943e+06
6.1243e+06
5.65662e+06
5.09861e+06
4.45922e+06
3.74875e+06
2.97919e+06
2.16406e+06
1.31839e+06
456029
316201
1.20261e+06
2.06875e+06
2.90097e+06
3.68616e+06
4.41195e+06
5.06691e+06
5.64074e+06
6.1244e+06
6.51029e+06
6.79237e+06
6.9662e+06
7.02908e+06
6.98004e+06
6.81986e+06
6.55107e+06
6.17788e+06
5.70614e+06
5.14326e+06
4.49828e+06
3.78157e+06
3.00523e+06
2.18292e+06
1.3298e+06
459851
314130
1.19117e+06
2.04816e+06
2.87157e+06
3.64845e+06
4.36654e+06
5.01456e+06
5.58228e+06
6.06079e+06
6.44256e+06
6.72161e+06
6.89355e+06
6.95571e+06
6.90712e+06
6.74857e+06
6.48254e+06
6.11321e+06
5.64637e+06
5.08936e+06
4.45113e+06
3.74195e+06
2.97379e+06
2.16015e+06
1.31603e+06
455238
314129
1.19117e+06
2.04816e+06
2.87157e+06
3.64845e+06
4.36654e+06
5.01455e+06
5.58228e+06
6.06079e+06
6.44256e+06
6.72161e+06
6.89355e+06
6.95571e+06
6.90712e+06
6.74857e+06
6.48254e+06
6.11321e+06
5.64637e+06
5.08936e+06
4.45113e+06
3.74195e+06
2.97379e+06
2.16015e+06
1.31603e+06
455238
316201
1.20261e+06
2.06875e+06
2.90097e+06
3.68616e+06
4.41195e+06
5.06691e+06
5.64074e+06
6.1244e+06
6.51029e+06
6.79237e+06
6.9662e+06
7.02908e+06
6.98004e+06
6.81986e+06
6.55107e+06
6.17788e+06
5.70614e+06
5.14326e+06
4.49828e+06
3.78157e+06
3.00523e+06
2.18292e+06
1.3298e+06
459851
)
;

boundaryField
{
    outletCentralUnloaded
    {
        type            calculated;
        value           uniform 0;
    }
    inletCentralUnloaded
    {
        type            calculated;
        value           uniform 0;
    }
    outletFuelElement
    {
        type            calculated;
        value           uniform 0;
    }
    inletFuelElement
    {
        type            calculated;
        value           nonuniform List<scalar> 
12
(
3.03367e+06
3.03251e+06
3.03358e+06
3.03281e+06
3.03281e+06
3.03358e+06
3.03251e+06
3.03367e+06
3.03281e+06
3.03358e+06
3.03358e+06
3.03281e+06
)
;
    }
    defaultFaces
    {
        type            calculated;
        value           nonuniform List<scalar> 
450
(
0
0
0
0
0
0
0
0
0
0
0
0
0
0
0
0
0
0
0
0
0
0
0
0
0
0
0
0
0
0
0
0
0
0
0
0
0
0
0
0
0
0
0
0
0
0
0
0
1.36388e+06
1.36388e+06
1.36388e+06
2.40299e+06
2.40299e+06
2.40299e+06
3.10794e+06
3.10794e+06
3.10794e+06
3.50269e+06
3.50269e+06
3.50269e+06
3.62955e+06
3.62955e+06
3.62955e+06
3.55208e+06
3.55208e+06
3.55208e+06
3.35767e+06
3.35767e+06
3.35767e+06
3.15358e+06
3.15358e+06
3.15358e+06
2.99969e+06
2.99969e+06
2.99969e+06
0
0
0
0
0
0
0
0
0
0
0
0
0
0
0
0
0
0
0
0
0
0
0
0
0
0
0
0
0
0
8150.24
8150.24
1.38168e+06
1.38168e+06
2.41526e+06
2.41526e+06
3.11589e+06
3.11589e+06
3.50746e+06
3.50746e+06
3.63215e+06
3.63215e+06
3.55336e+06
3.55336e+06
3.35821e+06
3.35821e+06
3.15371e+06
3.15371e+06
2.99967e+06
2.99967e+06
0
0
0
0
0
0
0
0
0
0
0
0
0
0
0
0
1.27281e+06
2.3395e+06
3.06605e+06
3.47672e+06
3.61435e+06
3.54336e+06
3.35238e+06
3.15035e+06
2.99857e+06
0
0
0
0
0
0
0
0
0
0
0
0
0
0
0
0
1.27281e+06
2.3395e+06
3.06605e+06
3.47672e+06
3.61435e+06
3.54336e+06
3.35238e+06
3.15035e+06
2.99857e+06
0
0
0
0
0
0
0
0
0
0
0
0
0
0
0
0
0
0
0
0
0
0
0
0
0
0
0
0
0
0
8134.87
8134.87
1.38166e+06
1.38166e+06
2.41525e+06
2.41525e+06
3.11588e+06
3.11588e+06
3.50745e+06
3.50745e+06
3.63215e+06
3.63215e+06
3.55336e+06
3.55336e+06
3.3582e+06
3.3582e+06
3.1537e+06
3.1537e+06
2.99966e+06
2.99966e+06
0
0
0
0
0
0
0
0
0
0
0
0
0
0
0
0
0
0
0
0
0
0
0
0
0
0
0
0
0
0
0
0
0
0
0
0
0
0
0
0
0
0
0
0
0
0
0
0
1.36388e+06
1.36388e+06
1.36388e+06
2.40299e+06
2.40299e+06
2.40299e+06
3.10794e+06
3.10794e+06
3.10794e+06
3.50269e+06
3.50269e+06
3.50269e+06
3.62955e+06
3.62955e+06
3.62955e+06
3.55208e+06
3.55208e+06
3.55208e+06
3.35767e+06
3.35767e+06
3.35767e+06
3.15358e+06
3.15358e+06
3.15358e+06
2.9997e+06
2.9997e+06
2.9997e+06
0
0
0
0
0
0
0
0
0
0
0
0
0
0
0
0
1.27281e+06
2.3395e+06
3.06605e+06
3.47672e+06
3.61435e+06
3.54336e+06
3.35238e+06
3.15035e+06
2.99857e+06
0
0
0
0
0
0
0
0
0
0
0
0
0
0
0
0
0
0
0
0
0
0
0
0
0
0
0
0
0
0
8149.76
8149.76
1.38168e+06
1.38168e+06
2.41526e+06
2.41526e+06
3.11589e+06
3.11589e+06
3.50746e+06
3.50746e+06
3.63215e+06
3.63215e+06
3.55336e+06
3.55336e+06
3.35821e+06
3.35821e+06
3.15371e+06
3.15371e+06
2.99967e+06
2.99967e+06
0
0
0
0
0
0
0
0
0
0
0
0
0
0
0
0
0
0
0
0
0
0
0
0
0
0
0
0
0
0
8135.25
8135.25
1.38166e+06
1.38166e+06
2.41525e+06
2.41525e+06
3.11588e+06
3.11588e+06
3.50745e+06
3.50745e+06
3.63215e+06
3.63215e+06
3.55336e+06
3.55336e+06
3.3582e+06
3.3582e+06
3.1537e+06
3.1537e+06
2.99966e+06
2.99966e+06
0
0
0
0
0
0
0
0
0
0
0
0
0
0
0
0
1.27281e+06
2.3395e+06
3.06605e+06
3.47672e+06
3.61435e+06
3.54336e+06
3.35238e+06
3.15035e+06
2.99857e+06
)
;
    }
    baffle_master
    {
        type            calculated;
        value           uniform 0;
    }
    baffle_slave
    {
        type            calculated;
        value           nonuniform List<scalar> 
150
(
0
0
0
0
0
0
0
0
0
0
0
0
0
0
0
0
0
0
0
0
0
0
0
0
0
0
0
0
0
0
0
0
0
0
0
0
0
0
0
0
0
0
0
0
0
0
0
0
1.24538e+06
1.27281e+06
1.27281e+06
2.32033e+06
2.3395e+06
2.3395e+06
3.05337e+06
3.06605e+06
3.06605e+06
3.46883e+06
3.47672e+06
3.47672e+06
3.6097e+06
3.61435e+06
3.61435e+06
3.54065e+06
3.54336e+06
3.54336e+06
3.35071e+06
3.35238e+06
3.35238e+06
3.14929e+06
3.15035e+06
3.15035e+06
2.99818e+06
2.99857e+06
2.99857e+06
0
0
0
0
0
0
0
0
0
0
0
0
0
0
0
0
0
0
0
0
0
0
0
0
0
0
0
0
0
0
0
0
0
0
0
0
0
0
0
0
0
0
0
0
0
0
0
0
1.27281e+06
1.24538e+06
1.27281e+06
2.3395e+06
2.32033e+06
2.3395e+06
3.06605e+06
3.05337e+06
3.06605e+06
3.47672e+06
3.46883e+06
3.47672e+06
3.61435e+06
3.6097e+06
3.61435e+06
3.54336e+06
3.54065e+06
3.54336e+06
3.35238e+06
3.35071e+06
3.35238e+06
3.15035e+06
3.14929e+06
3.15035e+06
2.99857e+06
2.99818e+06
2.99857e+06
)
;
    }
}


// ************************************************************************* //
