/*--------------------------------*- C++ -*----------------------------------*\
| =========                 |                                                 |
| \\      /  F ield         | OpenFOAM: The Open Source CFD Toolbox           |
|  \\    /   O peration     | Version:  2212                                  |
|   \\  /    A nd           | Website:  www.openfoam.com                      |
|    \\/     M anipulation  |                                                 |
\*---------------------------------------------------------------------------*/
FoamFile
{
    version     2.0;
    format      ascii;
    arch        "LSB;label=32;scalar=64";
    class       volScalarField;
    location    "30/fluidRegion";
    object      p;
}
// * * * * * * * * * * * * * * * * * * * * * * * * * * * * * * * * * * * * * //

dimensions      [1 -1 -2 0 0 0 0];

internalField   nonuniform List<scalar> 
350
(
3.44743e+06
3.44772e+06
3.44802e+06
3.44832e+06
3.44861e+06
3.44891e+06
3.4492e+06
3.4495e+06
3.44979e+06
3.45009e+06
3.45038e+06
3.45068e+06
3.45097e+06
3.45127e+06
3.45156e+06
3.45186e+06
3.45216e+06
3.45245e+06
3.45275e+06
3.45304e+06
3.45334e+06
3.45363e+06
3.45393e+06
3.45422e+06
3.45451e+06
3.44743e+06
3.44772e+06
3.44802e+06
3.44832e+06
3.44861e+06
3.44891e+06
3.4492e+06
3.4495e+06
3.44979e+06
3.45009e+06
3.45038e+06
3.45068e+06
3.45097e+06
3.45127e+06
3.45156e+06
3.45186e+06
3.45216e+06
3.45245e+06
3.45275e+06
3.45304e+06
3.45334e+06
3.45363e+06
3.45393e+06
3.45422e+06
3.45451e+06
3.47289e+06
3.52292e+06
3.57244e+06
3.62114e+06
3.66872e+06
3.71489e+06
3.75939e+06
3.80199e+06
3.84247e+06
3.88064e+06
3.91634e+06
3.94943e+06
3.97981e+06
4.00738e+06
4.0321e+06
4.05396e+06
4.07302e+06
4.08935e+06
4.10309e+06
4.1144e+06
4.12349e+06
4.13056e+06
4.13586e+06
4.13967e+06
4.14233e+06
3.47289e+06
3.52292e+06
3.57244e+06
3.62114e+06
3.66872e+06
3.71489e+06
3.75939e+06
3.80199e+06
3.84247e+06
3.88064e+06
3.91634e+06
3.94943e+06
3.97981e+06
4.00738e+06
4.0321e+06
4.05396e+06
4.07302e+06
4.08935e+06
4.10309e+06
4.1144e+06
4.12349e+06
4.13056e+06
4.13586e+06
4.13967e+06
4.14233e+06
3.47289e+06
3.52292e+06
3.57244e+06
3.62114e+06
3.66872e+06
3.71489e+06
3.75939e+06
3.80199e+06
3.84247e+06
3.88064e+06
3.91634e+06
3.94943e+06
3.97981e+06
4.00738e+06
4.0321e+06
4.05396e+06
4.07302e+06
4.08935e+06
4.10309e+06
4.1144e+06
4.12349e+06
4.13056e+06
4.13586e+06
4.13967e+06
4.14233e+06
3.47289e+06
3.52292e+06
3.57244e+06
3.62114e+06
3.66872e+06
3.71489e+06
3.75939e+06
3.80199e+06
3.84247e+06
3.88064e+06
3.91634e+06
3.94943e+06
3.97981e+06
4.00738e+06
4.0321e+06
4.05396e+06
4.07302e+06
4.08935e+06
4.10309e+06
4.1144e+06
4.12349e+06
4.13056e+06
4.13586e+06
4.13967e+06
4.14233e+06
3.47289e+06
3.52292e+06
3.57244e+06
3.62114e+06
3.66872e+06
3.71489e+06
3.75939e+06
3.80199e+06
3.84247e+06
3.88064e+06
3.91634e+06
3.94943e+06
3.97981e+06
4.00738e+06
4.0321e+06
4.05396e+06
4.07302e+06
4.08935e+06
4.10309e+06
4.1144e+06
4.12349e+06
4.13056e+06
4.13586e+06
4.13967e+06
4.14233e+06
3.47289e+06
3.52292e+06
3.57244e+06
3.62114e+06
3.66872e+06
3.71489e+06
3.75939e+06
3.80199e+06
3.84247e+06
3.88064e+06
3.91634e+06
3.94943e+06
3.97981e+06
4.00738e+06
4.0321e+06
4.05396e+06
4.07302e+06
4.08935e+06
4.10309e+06
4.1144e+06
4.12349e+06
4.13056e+06
4.13586e+06
4.13967e+06
4.14233e+06
3.47289e+06
3.52292e+06
3.57244e+06
3.62114e+06
3.66872e+06
3.71489e+06
3.75939e+06
3.80199e+06
3.84247e+06
3.88064e+06
3.91634e+06
3.94943e+06
3.97981e+06
4.00738e+06
4.0321e+06
4.05396e+06
4.07302e+06
4.08935e+06
4.10309e+06
4.1144e+06
4.12349e+06
4.13056e+06
4.13586e+06
4.13967e+06
4.14233e+06
3.47289e+06
3.52292e+06
3.57244e+06
3.62114e+06
3.66872e+06
3.71489e+06
3.75939e+06
3.80199e+06
3.84247e+06
3.88064e+06
3.91634e+06
3.94943e+06
3.97981e+06
4.00738e+06
4.0321e+06
4.05396e+06
4.07302e+06
4.08935e+06
4.10309e+06
4.1144e+06
4.12349e+06
4.13056e+06
4.13586e+06
4.13967e+06
4.14233e+06
3.47289e+06
3.52292e+06
3.57244e+06
3.62114e+06
3.66872e+06
3.71489e+06
3.75939e+06
3.80199e+06
3.84247e+06
3.88064e+06
3.91634e+06
3.94943e+06
3.97981e+06
4.00738e+06
4.0321e+06
4.05396e+06
4.07302e+06
4.08935e+06
4.10309e+06
4.1144e+06
4.12349e+06
4.13056e+06
4.13586e+06
4.13967e+06
4.14233e+06
3.47289e+06
3.52292e+06
3.57244e+06
3.62114e+06
3.66872e+06
3.71489e+06
3.75939e+06
3.80199e+06
3.84247e+06
3.88064e+06
3.91634e+06
3.94943e+06
3.97981e+06
4.00738e+06
4.0321e+06
4.05396e+06
4.07302e+06
4.08935e+06
4.10309e+06
4.1144e+06
4.12349e+06
4.13056e+06
4.13586e+06
4.13967e+06
4.14233e+06
3.47289e+06
3.52292e+06
3.57244e+06
3.62114e+06
3.66872e+06
3.71489e+06
3.75939e+06
3.80199e+06
3.84247e+06
3.88064e+06
3.91634e+06
3.94943e+06
3.97981e+06
4.00738e+06
4.0321e+06
4.05396e+06
4.07302e+06
4.08935e+06
4.10309e+06
4.1144e+06
4.12349e+06
4.13056e+06
4.13586e+06
4.13967e+06
4.14233e+06
3.47289e+06
3.52292e+06
3.57244e+06
3.62114e+06
3.66872e+06
3.71489e+06
3.75939e+06
3.80199e+06
3.84247e+06
3.88064e+06
3.91634e+06
3.94943e+06
3.97981e+06
4.00738e+06
4.0321e+06
4.05396e+06
4.07302e+06
4.08935e+06
4.10309e+06
4.1144e+06
4.12349e+06
4.13056e+06
4.13586e+06
4.13967e+06
4.14233e+06
)
;

boundaryField
{
    outletCentralUnloaded
    {
        type            fixedValue;
        value           uniform 3.44728e+06;
    }
    inletCentralUnloaded
    {
        type            zeroGradient;
    }
    outletFuelElement
    {
        type            fixedValue;
        value           uniform 3.44728e+06;
    }
    inletFuelElement
    {
        type            zeroGradient;
    }
    defaultFaces
    {
        type            zeroGradient;
    }
    baffle_master
    {
        type            zeroGradient;
    }
    baffle_slave
    {
        type            zeroGradient;
    }
}


// ************************************************************************* //
