/*--------------------------------*- C++ -*----------------------------------*\
| =========                 |                                                 |
| \\      /  F ield         | OpenFOAM: The Open Source CFD Toolbox           |
|  \\    /   O peration     | Version:  2212                                  |
|   \\  /    A nd           | Website:  www.openfoam.com                      |
|    \\/     M anipulation  |                                                 |
\*---------------------------------------------------------------------------*/
FoamFile
{
    version     2.0;
    format      ascii;
    arch        "LSB;label=32;scalar=64";
    class       volVectorField;
    location    "30/fluidRegion";
    object      U;
}
// * * * * * * * * * * * * * * * * * * * * * * * * * * * * * * * * * * * * * //

dimensions      [0 1 -1 0 0 0 0];

internalField   nonuniform List<vector> 
350
(
(-2.50402e-08 -1.44569e-08 -14.9666)
(-2.64483e-08 -1.52699e-08 -14.9653)
(-1.90682e-08 -1.1009e-08 -14.9641)
(-1.43831e-08 -8.30408e-09 -14.9628)
(-8.05755e-09 -4.65201e-09 -14.9615)
(2.26848e-09 1.3097e-09 -14.9602)
(1.40604e-08 8.11776e-09 -14.9589)
(2.37022e-08 1.36844e-08 -14.9576)
(2.86431e-08 1.65371e-08 -14.9563)
(2.85339e-08 1.6474e-08 -14.9551)
(2.47277e-08 1.42765e-08 -14.9538)
(1.9101e-08 1.10279e-08 -14.9526)
(1.32451e-08 7.64702e-09 -14.9514)
(8.15307e-09 4.70716e-09 -14.9502)
(4.1705e-09 2.40783e-09 -14.949)
(9.91914e-10 5.7268e-10 -14.9478)
(-2.25499e-09 -1.30192e-09 -14.9466)
(-6.58864e-09 -3.80394e-09 -14.9454)
(-1.23652e-08 -7.13901e-09 -14.9442)
(-1.85234e-08 -1.06945e-08 -14.943)
(-2.28395e-08 -1.31863e-08 -14.9417)
(-2.26458e-08 -1.30745e-08 -14.9405)
(-1.96494e-08 -1.13446e-08 -14.9393)
(-2.81942e-09 -1.62779e-09 -14.938)
(2.43432e-08 1.40545e-08 -14.9687)
(-2.50402e-08 -1.44569e-08 -14.9666)
(-2.64483e-08 -1.52699e-08 -14.9653)
(-1.90682e-08 -1.1009e-08 -14.9641)
(-1.43831e-08 -8.30408e-09 -14.9628)
(-8.05755e-09 -4.65201e-09 -14.9615)
(2.26848e-09 1.3097e-09 -14.9602)
(1.40604e-08 8.11776e-09 -14.9589)
(2.37022e-08 1.36844e-08 -14.9576)
(2.86431e-08 1.65371e-08 -14.9563)
(2.85339e-08 1.6474e-08 -14.9551)
(2.47277e-08 1.42765e-08 -14.9538)
(1.9101e-08 1.10279e-08 -14.9526)
(1.32451e-08 7.64702e-09 -14.9514)
(8.15307e-09 4.70716e-09 -14.9502)
(4.1705e-09 2.40783e-09 -14.949)
(9.91914e-10 5.7268e-10 -14.9478)
(-2.25499e-09 -1.30192e-09 -14.9466)
(-6.58864e-09 -3.80394e-09 -14.9454)
(-1.23652e-08 -7.13901e-09 -14.9442)
(-1.85234e-08 -1.06945e-08 -14.943)
(-2.28395e-08 -1.31863e-08 -14.9417)
(-2.26458e-08 -1.30745e-08 -14.9405)
(-1.96494e-08 -1.13446e-08 -14.9393)
(-2.81942e-09 -1.62779e-09 -14.938)
(2.43432e-08 1.40545e-08 -14.9687)
(-0.00187433 -0.00108215 -411.347)
(-0.000954743 -0.000551221 -404.073)
(-0.00104838 -0.000605282 -394.768)
(-0.000942758 -0.000544301 -383.124)
(-0.000852699 -0.000492306 -369.328)
(-0.000768231 -0.000443538 -353.583)
(-0.000688978 -0.000397781 -336.095)
(-0.000610531 -0.00035249 -317.077)
(-0.000524962 -0.000303087 -296.751)
(-0.000419143 -0.000241992 -275.342)
(-0.000278124 -0.000160575 -253.093)
(-8.68903e-05 -5.01661e-05 -230.26)
(0.000154938 8.94531e-05 -207.127)
(0.000428761 0.000247545 -184.003)
(0.000702616 0.000405655 -161.225)
(0.000932228 0.000538222 -139.142)
(0.0010844 0.000626077 -118.093)
(0.00115206 0.000665143 -98.3887)
(0.00115448 0.000666541 -80.2912)
(0.00112385 0.000648856 -64.0204)
(0.00108769 0.00062798 -49.7683)
(0.00105107 0.000606837 -37.7227)
(0.000997718 0.000576032 -28.0883)
(0.000862534 0.000497984 -21.0802)
(0.000812026 0.000468823 -16.6298)
(-0.00180325 -0.00105206 -413.96)
(-0.000696303 -0.00039669 -406.65)
(-0.000803503 -0.00046724 -397.32)
(-0.000728792 -0.000429078 -385.628)
(-0.000665661 -0.000396318 -371.769)
(-0.000607064 -0.000362736 -355.943)
(-0.000552253 -0.000330473 -338.359)
(-0.000497627 -0.000297308 -319.231)
(-0.000437553 -0.00026071 -298.782)
(-0.000362368 -0.000214723 -277.238)
(-0.000262291 -0.00015406 -254.841)
(-0.000125426 -7.20809e-05 -231.851)
(4.66031e-05 3.08389e-05 -208.55)
(0.000236474 0.000144148 -185.252)
(0.000425111 0.000256713 -162.296)
(0.000581454 0.000350317 -140.037)
(0.000683605 0.000411931 -118.819)
(0.000727711 0.000439596 -98.9562)
(0.000727468 0.000441311 -80.7162)
(0.000705025 0.00043087 -64.321)
(0.000679112 0.000420197 -49.9644)
(0.000656222 0.000410721 -37.8358)
(0.000629181 0.000399301 -28.1414)
(0.000570159 0.000362253 -21.0967)
(0.000589413 0.000364617 -16.6318)
(-0.000846007 -0.000672655 -410.928)
(-0.00052202 -0.00100125 -403.652)
(-0.000513207 -0.000953848 -394.354)
(-0.000464597 -0.000839184 -382.719)
(-0.000419321 -0.000738033 -368.935)
(-0.000377949 -0.000644275 -353.204)
(-0.000338836 -0.000556251 -335.732)
(-0.000298788 -0.000470034 -316.733)
(-0.000252357 -0.000375811 -296.427)
(-0.000191541 -0.000259881 -275.041)
(-0.000108435 -0.000103513 -252.816)
(4.00431e-06 0.000105915 -230.009)
(0.000143859 0.00037232 -206.903)
(0.000293284 0.000682325 -183.806)
(0.000436856 0.000992384 -161.056)
(0.000549761 0.00125275 -139.001)
(0.00061719 0.00142469 -117.978)
(0.000639175 0.00149939 -98.2983)
(0.000628705 0.00149929 -80.2226)
(0.000603242 0.00146085 -63.9708)
(0.000575238 0.00141421 -49.7344)
(0.00054864 0.00135937 -37.7011)
(0.000507541 0.00126195 -28.0757)
(0.000440715 0.00102014 -21.0736)
(0.000380216 0.000803093 -16.6276)
(-0.000964482 -0.000556842 -413.378)
(-0.000955103 -0.000551427 -406.076)
(-0.000920642 -0.000531531 -396.75)
(-0.000818388 -0.000472495 -385.068)
(-0.000726798 -0.000419616 -371.221)
(-0.000642239 -0.000370796 -355.413)
(-0.000562565 -0.000324796 -337.849)
(-0.000483481 -0.000279137 -318.746)
(-0.00039526 -0.000228203 -298.323)
(-0.000284285 -0.000164132 -276.809)
(-0.00013401 -7.73704e-05 -254.445)
(6.79452e-05 3.92281e-05 -231.49)
(0.00032284 0.000186391 -208.227)
(0.000610882 0.000352692 -184.968)
(0.000895295 0.000516897 -162.052)
(0.00112931 0.000652006 -139.833)
(0.00127935 0.00073863 -118.653)
(0.00133991 0.000773598 -98.8267)
(0.00133338 0.000769825 -80.6192)
(0.00129346 0.00074678 -64.2525)
(0.00124681 0.000719845 -49.9198)
(0.00119602 0.000690521 -37.8103)
(0.0011098 0.000640742 -28.1297)
(0.00091708 0.000529475 -21.0934)
(0.000743786 0.000429424 -16.6316)
(0.000945893 0.00054611 -413.378)
(0.000954561 0.000551115 -406.076)
(0.000917586 0.000529767 -396.75)
(0.000815598 0.000470885 -385.068)
(0.00072369 0.000417822 -371.221)
(0.000639029 0.000368942 -355.413)
(0.000559589 0.000323078 -337.849)
(0.000480502 0.000277417 -318.746)
(0.000392571 0.000226651 -298.323)
(0.000282146 0.000162897 -276.809)
(0.000132297 7.63813e-05 -254.445)
(-6.93431e-05 -4.00352e-05 -231.49)
(-0.000323522 -0.000186785 -208.227)
(-0.000610799 -0.000352644 -184.968)
(-0.000894059 -0.000516184 -162.052)
(-0.00112672 -0.000650512 -139.833)
(-0.00127553 -0.000736424 -118.653)
(-0.00133513 -0.000770838 -98.8267)
(-0.00132738 -0.000766363 -80.6192)
(-0.00128619 -0.000742579 -64.2525)
(-0.00123824 -0.000714899 -49.9198)
(-0.00118606 -0.000684772 -37.8103)
(-0.00109742 -0.000633596 -28.1297)
(-0.000905089 -0.000522552 -21.0934)
(-0.000731943 -0.000422586 -16.6316)
(0.000991897 0.000405021 -410.929)
(0.0011277 -4.80389e-05 -403.652)
(0.00108116 -3.41307e-05 -394.355)
(0.000958228 -2.07428e-05 -382.719)
(0.000848444 -1.15314e-05 -368.935)
(0.000746531 -5.08847e-07 -353.204)
(0.000651041 8.90731e-06 -335.732)
(0.000556233 1.76775e-05 -316.733)
(0.000451657 2.42261e-05 -296.427)
(0.000320904 3.02182e-05 -275.042)
(0.000144174 3.63241e-05 -252.816)
(-9.3491e-05 4.42105e-05 -230.009)
(-0.000393766 5.63612e-05 -206.903)
(-0.000736695 8.2413e-05 -183.807)
(-0.00107652 0.000113527 -161.057)
(-0.00135791 0.000146495 -139.001)
(-0.00153986 0.000174051 -117.978)
(-0.00161486 0.000192058 -98.2983)
(-0.00160857 0.000200555 -80.2227)
(-0.00156167 0.000203617 -63.9708)
(-0.00150632 0.000204864 -49.7344)
(-0.0014449 0.000202021 -37.7011)
(-0.00133883 0.000190959 -28.0757)
(-0.00109596 0.000127676 -21.0735)
(-0.000877255 7.03809e-05 -16.6276)
(0.0018011 0.00105992 -413.96)
(0.000693619 0.000405128 -406.65)
(0.000803742 0.000462546 -397.32)
(0.000732371 0.000414638 -385.628)
(0.000671299 0.000374124 -371.769)
(0.000613261 0.000340158 -355.943)
(0.000558036 0.000307795 -338.359)
(0.000502724 0.000277414 -319.231)
(0.000441593 0.000242949 -298.782)
(0.000365416 0.000201119 -277.238)
(0.000263878 0.000144062 -254.841)
(0.000125438 6.70666e-05 -231.851)
(-4.78265e-05 -3.13833e-05 -208.55)
(-0.000238881 -0.000139617 -185.252)
(-0.000428244 -0.000247653 -162.296)
(-0.000584485 -0.000337411 -140.037)
(-0.000685613 -0.000397207 -118.819)
(-0.000727495 -0.000424367 -98.9562)
(-0.000723278 -0.000427292 -80.7162)
(-0.000695253 -0.000417019 -64.321)
(-0.000662276 -0.000404849 -49.9644)
(-0.000631825 -0.000392979 -37.8358)
(-0.000595795 -0.000378583 -28.1414)
(-0.00053365 -0.000346058 -21.0967)
(-0.000546479 -0.000361238 -16.6318)
(0.00187573 0.00108295 -411.347)
(0.000955986 0.000551938 -404.073)
(0.00104716 0.000604579 -394.768)
(0.000940334 0.000542901 -383.123)
(0.000849068 0.000490209 -369.328)
(0.000764817 0.000441567 -353.583)
(0.000685339 0.00039568 -336.095)
(0.000607417 0.000350692 -317.077)
(0.000521959 0.000301353 -296.751)
(0.00041687 0.00024068 -275.342)
(0.000276163 0.000159443 -253.093)
(8.5683e-05 4.9469e-05 -230.26)
(-0.000155456 -8.97525e-05 -207.127)
(-0.000428383 -0.000247327 -184.003)
(-0.000701314 -0.000404903 -161.225)
(-0.000929812 -0.000536827 -139.142)
(-0.00108103 -0.000624131 -118.093)
(-0.00114751 -0.000662514 -98.3887)
(-0.00114841 -0.000663036 -80.2912)
(-0.00111513 -0.000643819 -64.0204)
(-0.001075 -0.000620653 -49.7683)
(-0.00103387 -0.000596903 -37.7227)
(-0.000974966 -0.000562897 -28.0883)
(-0.000839363 -0.000484606 -21.0802)
(-0.000788871 -0.000455454 -16.6298)
(0.000963487 0.000556268 -413.378)
(0.00095319 0.000550323 -406.076)
(0.000918627 0.000530368 -396.75)
(0.000816202 0.000471233 -385.068)
(0.000724077 0.000418045 -371.221)
(0.000639264 0.000369078 -355.413)
(0.000559364 0.000322948 -337.849)
(0.000480039 0.00027715 -318.746)
(0.000391492 0.000226027 -298.323)
(0.000280544 0.000161972 -276.809)
(0.000129782 7.49296e-05 -254.445)
(-7.21932e-05 -4.16807e-05 -231.49)
(-0.000327806 -0.000189259 -208.227)
(-0.000616468 -0.000355917 -184.968)
(-0.000901532 -0.000520498 -162.052)
(-0.0011365 -0.000656156 -139.833)
(-0.00128836 -0.000743832 -118.653)
(-0.00135203 -0.00078059 -98.8267)
(-0.00134996 -0.000779397 -80.6192)
(-0.0013159 -0.000759733 -64.2525)
(-0.00127789 -0.000737789 -49.9198)
(-0.0012352 -0.000713139 -37.8103)
(-0.00115714 -0.000668071 -28.1297)
(-0.000966432 -0.000557968 -21.0934)
(-0.000791885 -0.000457194 -16.6316)
(0.000843458 0.000674683 -410.928)
(0.00051882 0.00100333 -403.652)
(0.000512576 0.000952781 -394.354)
(0.000466656 0.000835202 -382.719)
(0.000422799 0.000732033 -368.935)
(0.000381689 0.000637978 -353.204)
(0.000342093 0.000550092 -335.732)
(0.00030129 0.000464579 -316.733)
(0.000253801 0.000371065 -296.427)
(0.000192093 0.000256107 -275.041)
(0.00010762 0.000100761 -252.816)
(-6.33326e-06 -0.000107199 -230.009)
(-0.000147619 -0.0003727 -206.903)
(-0.000298387 -0.000681716 -183.806)
(-0.000442985 -0.000991217 -161.056)
(-0.000556435 -0.0012517 -139.001)
(-0.000624174 -0.00142482 -117.978)
(-0.000646282 -0.00150187 -98.2983)
(-0.000635557 -0.00150591 -80.2226)
(-0.000609712 -0.00147288 -63.9708)
(-0.000582274 -0.0014332 -49.7344)
(-0.000555998 -0.00138543 -37.7011)
(-0.000514987 -0.00129586 -28.0757)
(-0.000448379 -0.00105725 -21.0736)
(-0.00038352 -0.000844017 -16.6276)
(-0.000992222 -0.000399604 -410.929)
(-0.00112841 5.36972e-05 -403.652)
(-0.00108236 2.93129e-05 -394.355)
(-0.000959336 8.76693e-06 -382.719)
(-0.000849853 -6.72362e-06 -368.935)
(-0.000747727 -1.78809e-05 -353.204)
(-0.000652526 -2.77408e-05 -335.732)
(-0.000557599 -3.44032e-05 -316.733)
(-0.000453306 -3.96923e-05 -296.427)
(-0.000322402 -4.2354e-05 -275.042)
(-0.000145921 -4.59656e-05 -252.816)
(9.18026e-05 -5.02679e-05 -230.009)
(0.000391762 -5.91474e-05 -206.903)
(0.000734659 -8.12229e-05 -183.807)
(0.00107431 -0.00010864 -161.057)
(0.0013557 -0.00013802 -139.001)
(0.00153745 -0.000163458 -117.978)
(0.00161238 -0.000180005 -98.2983)
(0.00160616 -0.000187685 -80.2227)
(0.00155991 -0.000188127 -63.9708)
(0.00150585 -0.000184585 -49.7344)
(0.00144689 -0.000175402 -37.7011)
(0.00134391 -0.000156969 -28.0757)
(0.00110331 -9.56292e-05 -21.0735)
(0.00088731 -4.69678e-05 -16.6276)
(-0.000945442 -0.00054585 -413.378)
(-0.000954903 -0.000551312 -406.076)
(-0.000920748 -0.000531593 -396.75)
(-0.000820558 -0.000473748 -385.068)
(-0.00073066 -0.000421846 -371.221)
(-0.000646088 -0.000373018 -355.413)
(-0.000567007 -0.000327361 -337.849)
(-0.000487487 -0.00028145 -318.746)
(-0.000399573 -0.000230693 -298.323)
(-0.000288194 -0.000166389 -276.809)
(-0.000138181 -7.97788e-05 -254.445)
(6.44402e-05 3.72045e-05 -231.49)
(0.000318801 0.00018406 -208.227)
(0.000606666 0.000350258 -184.968)
(0.000890354 0.000514045 -162.052)
(0.00112338 0.00064858 -139.833)
(0.00127165 0.000734185 -118.653)
(0.00132998 0.000767865 -98.8267)
(0.00132042 0.000762343 -80.6192)
(0.00127768 0.000737668 -64.2525)
(0.00122805 0.000709011 -49.9198)
(0.00117603 0.00067898 -37.8103)
(0.00108862 0.000628512 -28.1297)
(0.000897851 0.000518373 -21.0934)
(0.000725694 0.000418979 -16.6316)
)
;

boundaryField
{
    outletCentralUnloaded
    {
        type            zeroGradient;
    }
    inletCentralUnloaded
    {
        type            fixedValue;
        value           uniform (0 0 -15);
    }
    outletFuelElement
    {
        type            zeroGradient;
    }
    inletFuelElement
    {
        type            fixedValue;
        value           uniform (0 0 -15);
    }
    defaultFaces
    {
        type            slip;
    }
    baffle_master
    {
        type            slip;
    }
    baffle_slave
    {
        type            slip;
    }
}


// ************************************************************************* //
