/*--------------------------------*- C++ -*----------------------------------*\
| =========                 |                                                 |
| \\      /  F ield         | OpenFOAM: The Open Source CFD Toolbox           |
|  \\    /   O peration     | Version:  2212                                  |
|   \\  /    A nd           | Website:  www.openfoam.com                      |
|    \\/     M anipulation  |                                                 |
\*---------------------------------------------------------------------------*/
FoamFile
{
    version     2.0;
    format      ascii;
    arch        "LSB;label=32;scalar=64";
    class       surfaceScalarField;
    location    "66/fluidRegion";
    object      alphaPhi;
}
// * * * * * * * * * * * * * * * * * * * * * * * * * * * * * * * * * * * * * //

dimensions      [0 3 -1 0 0 0 0];

oriented        oriented;

internalField   nonuniform List<scalar> 
661
(
-0.000539054
-7.16827e-14
-0.000538984
-6.35378e-14
-0.000538905
-1.94577e-14
-0.000538825
2.89008e-14
-0.000538753
6.13118e-14
-0.000538692
6.90654e-14
-0.00053864
5.40601e-14
-0.000538596
2.67123e-14
-0.000538555
2.48107e-16
-0.000538514
-1.43034e-14
-0.000538473
-1.29789e-14
-0.000538434
1.06077e-15
-0.000538398
2.0451e-14
-0.000538369
3.50878e-14
-0.000538346
3.64678e-14
-0.000538327
2.25834e-14
-0.00053831
-1.84641e-15
-0.000538287
-2.93614e-14
-0.000538257
-5.16487e-14
-0.000538216
-6.29987e-14
-0.000538164
-6.23178e-14
-0.000538104
-5.15659e-14
-0.000538038
-3.62419e-14
-0.000537971
5.04215e-16
7.99457e-14
-0.000539054
-0.000538984
-0.000538905
-0.000538825
-0.000538753
-0.000538692
-0.00053864
-0.000538596
-0.000538555
-0.000538514
-0.000538473
-0.000538434
-0.000538398
-0.000538369
-0.000538346
-0.000538327
-0.00053831
-0.000538287
-0.000538257
-0.000538216
-0.000538164
-0.000538104
-0.000538038
-0.000537971
-0.0202303
1.41407e-06
-0.0198021
6.71622e-07
-0.0192576
7.27692e-07
-0.0186056
6.54856e-07
-0.0178558
5.92813e-07
-0.0170182
5.35342e-07
-0.0161028
4.82122e-07
-0.0151203
4.30534e-07
-0.0140813
3.74834e-07
-0.012997
3.05578e-07
-0.0118793
2.10899e-07
-0.0107409
7.91564e-08
-0.00959628
-9.31679e-08
-0.00846098
-2.92106e-07
-0.00735192
-4.95156e-07
-0.00628627
-6.68133e-07
-0.00528024
-7.84299e-07
-0.00434798
-8.36529e-07
-0.00350107
-8.38625e-07
-0.00274925
-8.14951e-07
-0.00210122
-7.87629e-07
-0.00156635
-7.61968e-07
-0.00115537
-7.27006e-07
-0.000879352
-6.31426e-07
-6.01473e-07
-0.0203603
-4.04256e-08
-3.61668e-08
-0.0199312
-1.75741e-07
-1.76064e-07
-0.0193845
-1.66857e-07
-1.66787e-07
-0.0187295
-1.44493e-07
-1.44422e-07
-0.0179759
-1.25207e-07
-1.2506e-07
-0.0171337
-1.07396e-07
-1.07236e-07
-0.0162131
-9.10584e-08
-9.09412e-08
-0.0152246
-7.55399e-08
-7.54494e-08
-0.0141791
-5.93006e-08
-5.93011e-08
-0.0130877
-3.9701e-08
-3.98124e-08
-0.0119624
-1.30652e-08
-1.32197e-08
-0.0108159
2.41289e-08
2.3838e-08
-0.00966276
7.22679e-08
7.18977e-08
-0.00851867
1.32541e-07
1.3201e-07
-0.00740077
1.94811e-07
1.94085e-07
-0.00632646
2.49205e-07
2.48289e-07
-0.00531224
2.86688e-07
2.85595e-07
-0.00437246
3.04214e-07
3.02997e-07
-0.0035189
3.0566e-07
3.04361e-07
-0.00276137
2.98479e-07
2.97257e-07
-0.00210866
2.89456e-07
2.88357e-07
-0.00157021
2.78896e-07
2.77695e-07
-0.00115682
2.60009e-07
2.58329e-07
-0.000879546
2.05988e-07
2.04144e-07
1.56939e-07
1.56416e-07
-0.020209
6.92983e-07
-0.0197812
6.53763e-07
-0.0192371
6.29287e-07
-0.0185856
5.60133e-07
-0.0178365
4.98236e-07
-0.0169997
4.41285e-07
-0.0160852
3.88485e-07
-0.0151037
3.36831e-07
-0.0140658
2.79854e-07
-0.0129826
2.07319e-07
-0.0118661
1.0645e-07
-0.0107291
-3.3391e-08
-0.00958582
-2.14868e-07
-0.0084519
-4.24557e-07
-0.00734423
-6.35621e-07
-0.00627993
-8.12009e-07
-0.00527517
-9.26471e-07
-0.00434407
-9.73123e-07
-0.00349818
-9.67966e-07
-0.00274722
-9.36944e-07
-0.00209988
-9.01632e-07
-0.00156555
-8.65655e-07
-0.00115492
-8.06136e-07
-0.000879133
-6.68603e-07
-5.44918e-07
-0.0203314
3.31332e-09
-0.0199023
-1.07669e-10
-0.0193561
1.272e-10
-0.0187017
9.29073e-11
-0.0179489
1.81489e-10
-0.0171077
2.43978e-10
-0.0161882
2.26202e-10
-0.0152011
2.62886e-10
-0.014157
2.57421e-10
-0.0130672
2.00461e-10
-0.0119435
2.12486e-10
-0.0107989
2.15184e-10
-0.00964763
2.16223e-10
-0.00850552
1.61768e-10
-0.00738962
4.49794e-11
-0.00631729
-1.26386e-10
-0.00530493
-2.75846e-10
-0.00436687
-3.53764e-10
-0.00351483
-4.54697e-10
-0.0027586
-5.05638e-10
-0.00210697
-4.67968e-10
-0.00156935
-5.14259e-10
-0.00115651
-6.52673e-10
-0.000879528
-5.54614e-10
-5.849e-10
-0.0203314
-6.85961e-07
-0.0199024
-6.54139e-07
-0.0193561
-6.28929e-07
-0.0187017
-5.59817e-07
-0.017949
-4.97761e-07
-0.0171077
-4.40715e-07
-0.0161882
-3.87909e-07
-0.0152011
-3.36176e-07
-0.014157
-2.79187e-07
-0.0130672
-2.06694e-07
-0.0119435
-1.05763e-07
-0.0107989
3.41084e-08
-0.00964764
2.15625e-07
-0.00850553
4.25247e-07
-0.00738963
6.36138e-07
-0.00631729
8.12267e-07
-0.00530493
9.26504e-07
-0.00436687
9.73002e-07
-0.00351483
9.6763e-07
-0.00275861
9.36435e-07
-0.00210697
9.01052e-07
-0.00156935
8.64876e-07
-0.00115651
8.04918e-07
-0.000879529
6.67446e-07
5.43587e-07
-0.020209
3.61995e-08
-0.0197812
1.76113e-07
-0.0192371
1.66782e-07
-0.0185857
1.44395e-07
-0.0178366
1.25134e-07
-0.0169997
1.0733e-07
-0.0160852
9.099e-08
-0.0151037
7.55082e-08
-0.0140658
5.92838e-08
-0.0129826
3.9672e-08
-0.0118661
1.30398e-08
-0.0107291
-2.40741e-08
-0.00958583
-7.21666e-08
-0.00845191
-1.32399e-07
-0.00734424
-1.9465e-07
-0.00627994
-2.49039e-07
-0.00527518
-2.86488e-07
-0.00434407
-3.0396e-07
-0.00349818
-3.0542e-07
-0.00274722
-2.98324e-07
-0.00209988
-2.89336e-07
-0.00156555
-2.78918e-07
-0.00115492
-2.60266e-07
-0.000879132
-2.06214e-07
-1.55941e-07
-0.0203603
-1.41408e-06
-4.04557e-08
-0.0199312
-6.71618e-07
-1.75809e-07
-0.0193845
-7.27735e-07
-1.66905e-07
-0.0187295
-6.54916e-07
-1.44503e-07
-0.0179759
-5.92807e-07
-1.25228e-07
-0.0171337
-5.35311e-07
-1.07454e-07
-0.0162131
-4.82091e-07
-9.11526e-08
-0.0152246
-4.30476e-07
-7.56988e-08
-0.0141791
-3.74796e-07
-5.95421e-08
-0.0130877
-3.05576e-07
-4.00118e-08
-0.0119624
-2.10874e-07
-1.34613e-08
-0.0108159
-7.91049e-08
2.36415e-08
-0.00966276
9.32494e-08
7.1673e-08
-0.00851867
2.92152e-07
1.31851e-07
-0.00740077
4.95121e-07
1.9407e-07
-0.00632646
6.6799e-07
2.48483e-07
-0.00531224
7.84084e-07
2.86009e-07
-0.00437246
8.36262e-07
3.03606e-07
-0.0035189
8.38221e-07
3.05262e-07
-0.00276137
8.14324e-07
2.98473e-07
-0.00210866
7.86657e-07
2.89992e-07
-0.00157021
7.60577e-07
2.79665e-07
-0.00115682
7.24888e-07
2.60764e-07
-0.000879546
6.29147e-07
2.06352e-07
5.99347e-07
1.59306e-07
-0.0202303
-0.0198021
-0.0192576
-0.0186056
-0.0178558
-0.0170182
-0.0161028
-0.0151203
-0.0140813
-0.012997
-0.0118793
-0.0107409
-0.00959628
-0.00846098
-0.00735192
-0.00628627
-0.00528024
-0.00434798
-0.00350107
-0.00274925
-0.00210122
-0.00156635
-0.00115537
-0.000879352
-0.0203314
-6.9287e-07
3.2005e-09
-0.0199023
-6.53587e-07
-2.84775e-10
-0.0193561
-6.29147e-07
4.96042e-13
-0.0187017
-5.60018e-07
2.08747e-11
-0.0179489
-4.98025e-07
-2.75578e-11
-0.0171077
-4.41009e-07
-6.886e-11
-0.0161882
-3.8819e-07
-8.03259e-11
-0.0152011
-3.36443e-07
-1.4162e-10
-0.014157
-2.79386e-07
-1.81202e-10
-0.0130672
-2.06812e-07
-1.8779e-10
-0.0119435
-1.05864e-07
-2.25238e-10
-0.0107989
3.40924e-08
-4.29658e-10
-0.00964763
2.15698e-07
-5.44054e-10
-0.00850552
4.25482e-07
-7.11178e-10
-0.00738962
6.366e-07
-9.03449e-10
-0.00631729
8.13018e-07
-1.12114e-09
-0.00530493
9.27603e-07
-1.43853e-09
-0.00436687
9.74476e-07
-1.85173e-09
-0.00351483
9.69547e-07
-2.2671e-09
-0.0027586
9.38739e-07
-2.60215e-09
-0.00210697
9.03903e-07
-2.99312e-09
-0.00156935
8.68091e-07
-3.08335e-09
-0.00115651
8.08683e-07
-2.80457e-09
-0.000879528
6.71138e-07
-2.39212e-09
5.47921e-07
-2.8426e-09
-0.020209
-0.0197812
-0.0192371
-0.0185856
-0.0178365
-0.0169997
-0.0160852
-0.0151037
-0.0140658
-0.0129826
-0.0118661
-0.0107291
-0.00958582
-0.00845191
-0.00734423
-0.00627993
-0.00527517
-0.00434407
-0.00349818
-0.00274722
-0.00209988
-0.00156555
-0.00115492
-0.000879134
-0.020209
6.86078e-07
-0.0197812
6.54308e-07
-0.0192371
6.29034e-07
-0.0185857
5.59893e-07
-0.0178366
4.97963e-07
-0.0169997
4.40968e-07
-0.0160852
3.88139e-07
-0.0151037
3.36471e-07
-0.0140658
2.7948e-07
-0.0129826
2.06916e-07
-0.0118661
1.0597e-07
-0.0107291
-3.37923e-08
-0.00958583
-2.15286e-07
-0.00845191
-4.24929e-07
-0.00734424
-6.35906e-07
-0.00627994
-8.1216e-07
-0.00527518
-9.26442e-07
-0.00434407
-9.72913e-07
-0.00349818
-9.67595e-07
-0.00274722
-9.36476e-07
-0.00209988
-9.01176e-07
-0.00156555
-8.65725e-07
-0.00115492
-8.0699e-07
-0.000879132
-6.70221e-07
-5.4427e-07
-0.0203314
-0.0199024
-0.0193561
-0.0187017
-0.017949
-0.0171077
-0.0161882
-0.0152011
-0.014157
-0.0130672
-0.0119435
-0.0107989
-0.00964764
-0.00850553
-0.00738963
-0.00631729
-0.00530493
-0.00436687
-0.00351483
-0.00275861
-0.00210697
-0.00156935
-0.00115651
-0.00087953
)
;

boundaryField
{
    outletCentralUnloaded
    {
        type            calculated;
        value           nonuniform List<scalar> 2(0.000539108 0.000539108);
    }
    inletCentralUnloaded
    {
        type            calculated;
        value           uniform -0.000540134;
    }
    outletFuelElement
    {
        type            calculated;
        value           nonuniform List<scalar> 
12
(
0.0205712
0.0207043
0.0205504
0.0206746
0.0206746
0.0205504
0.0207043
0.0205712
0.0206746
0.0205504
0.0205504
0.0206746
)
;
    }
    inletFuelElement
    {
        type            calculated;
        value           nonuniform List<scalar> 
12
(
-0.000722059
-0.00072206
-0.000722059
-0.000722059
-0.00072206
-0.000722059
-0.00072206
-0.000722059
-0.000722059
-0.000722059
-0.000722059
-0.00072206
)
;
    }
    defaultFaces
    {
        type            calculated;
        value           nonuniform List<scalar> 
450
(
-1.16894e-24
-3.69268e-23
0
1.78658e-23
-6.68667e-24
0
3.809e-23
1.23568e-23
0
-4.81665e-23
-2.29027e-23
0
-1.10733e-23
-3.75309e-23
0
-3.81069e-23
-7.66085e-24
0
-3.10315e-23
-1.03531e-23
0
-2.57813e-23
-1.55527e-23
0
-1.22667e-23
-1.4423e-23
0
-1.84943e-23
-1.03965e-23
0
-1.30783e-23
-5.0665e-24
0
-4.85617e-24
-3.01813e-24
0
5.74804e-24
1.83923e-24
0
1.65238e-23
6.71582e-24
0
3.20934e-23
1.49594e-23
0
5.1238e-23
2.56317e-23
0
2.94269e-23
-7.90297e-24
0
6.50031e-23
3.61506e-23
0
3.75137e-23
-4.99211e-23
0
-1.24656e-23
-4.01411e-23
0
-3.2299e-23
-2.87119e-23
0
1.9611e-23
-1.54524e-23
0
-1.72376e-23
1.0468e-23
0
-2.83582e-23
-1.11528e-23
0
-1.59965e-23
-3.5602e-23
0
3.61021e-23
0
3.20908e-23
0
0
0
2.00567e-23
0
0
0
2.00567e-23
0
1.60454e-23
0
8.0227e-24
0
-6.01702e-24
0
6.01702e-24
0
3.50993e-24
0
-2.00567e-24
0
-8.0227e-24
0
-1.60454e-23
0
-1.60454e-23
0
-3.20908e-23
0
4.01135e-23
0
-4.81362e-23
0
1.60454e-23
0
-4.81362e-23
0
-3.20908e-23
0
4.81362e-23
0
1.60454e-23
0
-1.60454e-23
0
-2.40681e-23
0
0
-8.0227e-24
0
-8.0227e-24
8.0227e-24
0
-8.0227e-24
-8.0227e-24
1.2034e-23
-4.01135e-24
0
5.01419e-25
8.0227e-24
1.60454e-23
8.0227e-24
3.20908e-23
-4.81362e-23
1.60454e-23
-1.60454e-23
1.60454e-23
0
-3.20908e-23
-3.20908e-23
0
8.0227e-24
0
0
0
0
0
0
0
0
0
0
0
0
0
0
0
0
0
0
0
0
0
0
0
0
0
-1.60454e-23
1.60454e-23
0
2.40681e-23
2.40681e-23
4.01135e-23
-1.2034e-23
-2.00567e-23
1.60454e-23
-1.2034e-23
-1.60454e-23
-1.2034e-23
-1.2034e-23
-1.2034e-23
-8.0227e-24
-8.0227e-24
1.40397e-23
-8.0227e-24
-4.01135e-24
-4.01135e-24
-3.50993e-24
-2.00567e-24
3.00851e-24
1.12819e-24
8.0227e-24
6.01702e-24
8.0227e-24
1.2034e-23
2.40681e-23
1.60454e-23
2.40681e-23
2.40681e-23
-3.20908e-23
4.81362e-23
3.20908e-23
3.20908e-23
-6.41816e-23
4.81362e-23
-3.20908e-23
-3.20908e-23
0
-2.40681e-23
-4.81362e-23
3.20908e-23
-2.40681e-23
-2.40681e-23
-8.0227e-24
-2.00567e-23
-2.40681e-23
-2.40681e-23
-1.22238e-23
0
3.20908e-23
1.84307e-23
0
0
2.40178e-23
0
-6.41816e-23
-5.85472e-23
0
8.0227e-24
1.59845e-23
0
-8.0227e-24
-5.06361e-23
0
1.60454e-23
-4.25919e-23
0
8.0227e-24
-3.15759e-23
0
8.0227e-24
-1.47126e-23
0
-1.60454e-23
-2.55783e-23
0
4.01135e-24
-1.51361e-23
0
8.0227e-24
-7.67631e-24
0
1.00284e-24
9.39645e-24
-0
0
2.32336e-23
-0
-8.0227e-24
4.29735e-23
-0
8.0227e-24
6.82944e-23
-0
-1.60454e-23
2.87396e-23
-0
0
7.57688e-23
-0
-3.20908e-23
4.42611e-23
-0
-1.60454e-23
-1.69662e-23
-0
1.60454e-23
2.02978e-24
-0
3.20908e-23
3.30007e-23
-0
1.60454e-23
-2.22917e-23
-0
1.60454e-23
-1.07489e-23
-0
1.60454e-23
-9.94992e-24
-0
8.0227e-24
0
0
8.0227e-24
-8.0227e-24
8.0227e-24
0
-1.60454e-23
-4.01135e-24
-4.01135e-24
0
0
1.00284e-24
0
0
8.0227e-24
3.20908e-23
-3.20908e-23
1.60454e-23
-3.20908e-23
0
1.60454e-23
-4.81362e-23
-1.60454e-23
0
0
3.00851e-23
0
1.60454e-23
0
-8.0227e-24
0
1.60454e-23
0
-1.2034e-23
0
1.2034e-23
0
1.2034e-23
0
1.2034e-23
0
0
0
4.01135e-24
0
4.51277e-24
0
0
0
-6.01702e-24
-0
-8.0227e-24
-0
-1.60454e-23
-0
-2.40681e-23
-0
4.01135e-23
-0
-1.60454e-23
-0
4.81362e-23
-0
-1.60454e-23
-0
-4.81362e-23
-0
4.01135e-23
-0
1.60454e-23
-0
-3.20908e-23
-0
-1.60454e-23
-0
-1.80511e-23
8.0227e-24
-8.0227e-24
2.40681e-23
-1.60454e-23
1.60454e-23
-1.60454e-23
-4.01135e-23
0
1.60454e-23
-1.2034e-23
-2.80794e-23
-4.01135e-24
-3.20908e-23
-8.0227e-24
-2.40681e-23
-2.00567e-24
-1.2034e-23
-6.01702e-24
-1.40397e-23
-1.00284e-24
-5.01419e-24
-1.00284e-24
4.63812e-24
4.01135e-24
2.00567e-23
8.0227e-24
3.20908e-23
8.0227e-24
5.21475e-23
1.60454e-23
6.41816e-23
-8.0227e-24
4.81362e-23
3.20908e-23
8.0227e-23
-1.60454e-23
5.61589e-23
1.60454e-23
-3.20908e-23
-8.0227e-24
-3.20908e-23
0
3.20908e-23
2.40681e-23
-1.60454e-23
0
-2.00567e-23
0
-2.00567e-23
-0
-0
-0
-0
-0
-0
-0
-0
-0
-0
-0
0
0
0
0
0
0
0
0
0
0
0
0
0
0
)
;
    }
    baffle_master
    {
        type            calculated;
        value           nonuniform List<scalar> 
150
(
2.94072e-31
0
0
-1.10673e-31
0
1.43084e-30
-1.51183e-31
0
-3.57709e-31
-2.16779e-31
0
0
3.35799e-30
0
2.86167e-30
-1.64218e-31
0
0
1.80888e-31
0
0
-6.49063e-32
0
-3.57709e-31
3.7481e-33
0
0
-4.36854e-32
0
0
1.46442e-31
0
-1.78854e-31
1.64504e-32
0
0
2.16376e-31
0
-3.57709e-31
5.98738e-32
0
0
1.15829e-31
0
7.15418e-31
-3.51861e-31
0
-3.57709e-31
1.86832e-31
0
8.94272e-32
2.01005e-31
0
3.57709e-31
2.63597e-30
0
2.14625e-30
7.71108e-32
0
0
-7.80906e-32
0
2.86167e-30
-2.56555e-30
0
-2.14625e-30
-5.22397e-31
0
0
-1.0908e-32
0
-1.11784e-32
3.0292e-31
0
-1.43084e-30
1.43084e-30
-3.01195e-30
0
0
-1.86644e-30
0
-3.57709e-31
-8.37068e-31
0
-3.57709e-31
7.13531e-31
-0
-1.43084e-30
-1.17632e-30
-0
0
3.40104e-30
-0
-1.43084e-30
1.85921e-30
-0
0
6.86806e-31
-0
0
-2.5629e-32
0
1.78854e-31
-6.3544e-31
0
1.78854e-31
-5.53618e-31
0
-4.47136e-32
4.36254e-32
-0
0
6.60347e-31
-0
-7.15418e-31
1.6656e-30
-0
-1.43084e-30
2.10864e-30
-0
0
8.6709e-31
-0
-1.34141e-31
-7.16901e-32
0
0
-1.26515e-30
0
-7.15418e-31
9.06199e-33
0
0
2.71066e-30
0
0
1.18605e-30
0
-2.14625e-30
3.43214e-30
0
-7.15418e-31
-1.80358e-30
0
-2.23568e-32
-1.18116e-32
-0
0
-1.79057e-30
-0
)
;
    }
    baffle_slave
    {
        type            calculated;
        value           nonuniform List<scalar> 
150
(
1.51679e-23
-0
1.60454e-23
-3.88599e-24
-0
1.60454e-23
-3.00068e-24
-0
8.0227e-24
1.1752e-25
-0
0
-2.86749e-23
-0
-2.40681e-23
-1.44158e-24
-0
0
-8.61813e-25
-0
0
-3.75281e-24
-0
0
-4.58328e-25
-0
4.01135e-24
1.41612e-24
-0
0
5.25902e-25
-0
0
-4.95543e-25
0
0
3.5256e-26
0
0
-2.19371e-25
0
-8.0227e-24
-2.66379e-25
0
-8.0227e-24
6.23639e-24
0
0
-4.80735e-23
0
-4.81362e-23
1.84898e-24
0
0
-4.19938e-23
0
-4.81362e-23
-3.25922e-24
0
-1.60454e-23
-3.16521e-24
0
0
2.66065e-23
0
1.60454e-23
9.4016e-25
0
1.60454e-23
3.13387e-25
0
-1.60454e-23
1.09685e-24
0
-8.0227e-24
-5.34139e-24
5.66603e-23
0
-8.10123e-24
2.38644e-23
0
-2.89129e-24
2.44089e-23
0
-3.99113e-24
1.38008e-23
0
-7.29463e-24
-2.976e-23
0
-1.25933e-23
1.96924e-23
0
-2.17923e-25
1.85055e-23
0
-7.87803e-24
1.89207e-23
0
9.74345e-24
8.87668e-24
0
-2.61457e-24
8.7905e-24
0
-2.13373e-24
1.10469e-23
0
4.22163e-25
3.35324e-24
0
5.17911e-24
-7.83467e-25
0
1.2772e-23
-4.82615e-24
0
1.24161e-23
-1.05298e-23
0
3.11421e-23
-1.43218e-23
0
-3.17127e-23
-1.82704e-23
0
-2.02404e-23
-2.25325e-23
0
-3.62551e-23
3.37674e-24
0
2.90433e-24
1.25394e-23
0
1.97975e-23
1.68445e-23
0
-3.29618e-23
3.03045e-23
0
-3.16446e-23
-2.32063e-23
0
1.19254e-23
7.39201e-24
0
5.45706e-24
1.75497e-23
0
)
;
    }
}


// ************************************************************************* //
