/*--------------------------------*- C++ -*----------------------------------*\
| =========                 |                                                 |
| \\      /  F ield         | OpenFOAM: The Open Source CFD Toolbox           |
|  \\    /   O peration     | Version:  2212                                  |
|   \\  /    A nd           | Website:  www.openfoam.com                      |
|    \\/     M anipulation  |                                                 |
\*---------------------------------------------------------------------------*/
FoamFile
{
    version     2.0;
    format      ascii;
    arch        "LSB;label=32;scalar=64";
    class       volScalarField;
    location    "66/fluidRegion";
    object      hdeltaT;
}
// * * * * * * * * * * * * * * * * * * * * * * * * * * * * * * * * * * * * * //

dimensions      [1 0 -3 0 0 0 0];

internalField   nonuniform List<scalar> 
350
(
0
0
0
0
0
0
0
0
0
0
0
0
0
0
0
0
0
0
0
0
0
0
0
0
0
0
0
0
0
0
0
0
0
0
0
0
0
0
0
0
0
0
0
0
0
0
0
0
0
0
449792
1.3436e+06
2.2162e+06
3.05384e+06
3.84331e+06
4.57217e+06
5.2289e+06
5.80317e+06
6.28591e+06
6.66951e+06
6.94792e+06
7.11675e+06
7.17335e+06
7.11681e+06
6.94803e+06
6.66967e+06
6.28613e+06
5.80344e+06
5.22921e+06
4.57254e+06
3.84373e+06
3.05433e+06
2.21671e+06
1.34414e+06
450469
454935
1.35898e+06
2.24158e+06
3.08882e+06
3.88733e+06
4.62453e+06
5.28879e+06
5.86964e+06
6.35791e+06
6.7459e+06
7.0275e+06
7.19827e+06
7.25551e+06
7.19833e+06
7.02762e+06
6.74607e+06
6.35814e+06
5.86992e+06
5.2891e+06
4.62492e+06
3.88776e+06
3.08932e+06
2.2421e+06
1.35954e+06
455628
448973
1.34115e+06
2.21216e+06
3.04827e+06
3.83631e+06
4.56383e+06
5.21937e+06
5.79258e+06
6.27444e+06
6.65734e+06
6.93524e+06
7.10377e+06
7.16026e+06
7.10383e+06
6.93536e+06
6.65751e+06
6.27466e+06
5.79286e+06
5.21967e+06
4.5642e+06
3.83672e+06
3.04876e+06
2.21266e+06
1.34169e+06
449647
453751
1.35544e+06
2.23574e+06
3.08076e+06
3.8772e+06
4.61248e+06
5.27501e+06
5.85434e+06
6.34133e+06
6.72831e+06
7.00918e+06
7.17951e+06
7.2366e+06
7.17956e+06
7.0093e+06
6.72849e+06
6.34156e+06
5.85462e+06
5.27532e+06
4.61286e+06
3.87763e+06
3.08127e+06
2.23625e+06
1.35599e+06
454441
453751
1.35544e+06
2.23574e+06
3.08076e+06
3.8772e+06
4.61248e+06
5.27501e+06
5.85433e+06
6.34133e+06
6.72831e+06
7.00918e+06
7.17951e+06
7.2366e+06
7.17956e+06
7.0093e+06
6.72849e+06
6.34156e+06
5.85462e+06
5.27532e+06
4.61286e+06
3.87763e+06
3.08127e+06
2.23625e+06
1.35599e+06
454441
448973
1.34115e+06
2.21216e+06
3.04827e+06
3.8363e+06
4.56383e+06
5.21937e+06
5.79258e+06
6.27444e+06
6.65734e+06
6.93524e+06
7.10377e+06
7.16026e+06
7.10383e+06
6.93536e+06
6.65751e+06
6.27466e+06
5.79286e+06
5.21967e+06
4.5642e+06
3.83672e+06
3.04876e+06
2.21266e+06
1.34169e+06
449647
454935
1.35898e+06
2.24158e+06
3.08882e+06
3.88733e+06
4.62453e+06
5.28879e+06
5.86964e+06
6.35791e+06
6.7459e+06
7.0275e+06
7.19827e+06
7.25551e+06
7.19833e+06
7.02762e+06
6.74607e+06
6.35814e+06
5.86992e+06
5.2891e+06
4.62492e+06
3.88776e+06
3.08932e+06
2.2421e+06
1.35954e+06
455628
449792
1.3436e+06
2.2162e+06
3.05384e+06
3.84331e+06
4.57217e+06
5.2289e+06
5.80317e+06
6.28591e+06
6.66951e+06
6.94792e+06
7.11675e+06
7.17335e+06
7.11681e+06
6.94803e+06
6.66968e+06
6.28613e+06
5.80344e+06
5.22921e+06
4.57254e+06
3.84373e+06
3.05433e+06
2.21671e+06
1.34414e+06
450469
453751
1.35544e+06
2.23574e+06
3.08076e+06
3.8772e+06
4.61248e+06
5.27501e+06
5.85433e+06
6.34133e+06
6.72831e+06
7.00918e+06
7.17951e+06
7.2366e+06
7.17956e+06
7.0093e+06
6.72849e+06
6.34156e+06
5.85462e+06
5.27532e+06
4.61286e+06
3.87763e+06
3.08127e+06
2.23625e+06
1.35599e+06
454441
448973
1.34115e+06
2.21216e+06
3.04827e+06
3.8363e+06
4.56383e+06
5.21937e+06
5.79258e+06
6.27444e+06
6.65734e+06
6.93524e+06
7.10377e+06
7.16026e+06
7.10383e+06
6.93536e+06
6.65751e+06
6.27466e+06
5.79286e+06
5.21967e+06
4.5642e+06
3.83672e+06
3.04876e+06
2.21266e+06
1.34169e+06
449647
448973
1.34115e+06
2.21216e+06
3.04827e+06
3.8363e+06
4.56383e+06
5.21937e+06
5.79258e+06
6.27444e+06
6.65734e+06
6.93524e+06
7.10377e+06
7.16026e+06
7.10383e+06
6.93536e+06
6.65751e+06
6.27466e+06
5.79286e+06
5.21967e+06
4.5642e+06
3.83672e+06
3.04876e+06
2.21266e+06
1.34169e+06
449647
453751
1.35544e+06
2.23574e+06
3.08076e+06
3.8772e+06
4.61248e+06
5.27501e+06
5.85433e+06
6.34133e+06
6.72831e+06
7.00918e+06
7.17951e+06
7.2366e+06
7.17956e+06
7.0093e+06
6.72849e+06
6.34156e+06
5.85462e+06
5.27532e+06
4.61286e+06
3.87763e+06
3.08127e+06
2.23625e+06
1.35599e+06
454441
)
;

boundaryField
{
    outletCentralUnloaded
    {
        type            calculated;
        value           uniform 0;
    }
    inletCentralUnloaded
    {
        type            calculated;
        value           uniform 0;
    }
    outletFuelElement
    {
        type            calculated;
        value           uniform 0;
    }
    inletFuelElement
    {
        type            calculated;
        value           nonuniform List<scalar> 
12
(
3.04907e+06
3.04785e+06
3.04898e+06
3.04817e+06
3.04817e+06
3.04897e+06
3.04785e+06
3.04907e+06
3.04817e+06
3.04898e+06
3.04897e+06
3.04818e+06
)
;
    }
    defaultFaces
    {
        type            calculated;
        value           nonuniform List<scalar> 
450
(
0
0
0
0
0
0
0
0
0
0
0
0
0
0
0
0
0
0
0
0
0
0
0
0
0
0
0
0
0
0
0
0
0
0
0
0
0
0
0
0
0
0
0
0
0
0
0
0
1.25086e+06
1.25086e+06
1.25086e+06
2.34079e+06
2.34079e+06
2.34079e+06
3.08329e+06
3.08329e+06
3.08329e+06
3.50333e+06
3.50333e+06
3.50333e+06
3.64455e+06
3.64455e+06
3.64455e+06
3.57234e+06
3.57234e+06
3.57234e+06
3.37682e+06
3.37682e+06
3.37682e+06
3.16971e+06
3.16971e+06
3.16971e+06
3.01552e+06
3.01552e+06
3.01552e+06
0
0
0
0
0
0
0
0
0
0
0
0
0
0
0
0
0
0
0
0
0
0
0
0
0
0
0
0
0
0
0
0
1.26949e+06
1.26949e+06
2.35363e+06
2.35363e+06
3.0916e+06
3.0916e+06
3.50831e+06
3.50831e+06
3.64727e+06
3.64727e+06
3.57367e+06
3.57367e+06
3.37738e+06
3.37738e+06
3.16985e+06
3.16985e+06
3.01549e+06
3.01549e+06
0
0
0
0
0
0
0
0
0
0
0
0
0
0
0
0
1.1554e+06
2.27426e+06
3.03942e+06
3.47617e+06
3.62869e+06
3.56327e+06
3.37135e+06
3.16636e+06
3.01434e+06
0
0
0
0
0
0
0
0
0
0
0
0
0
0
0
0
1.1554e+06
2.27426e+06
3.03942e+06
3.47617e+06
3.62869e+06
3.56327e+06
3.37135e+06
3.16636e+06
3.01434e+06
0
0
0
0
0
0
0
0
0
0
0
0
0
0
0
0
0
0
0
0
0
0
0
0
0
0
0
0
0
0
0
0
1.26948e+06
1.26948e+06
2.35362e+06
2.35362e+06
3.09159e+06
3.09159e+06
3.5083e+06
3.5083e+06
3.64726e+06
3.64726e+06
3.57366e+06
3.57366e+06
3.37737e+06
3.37737e+06
3.16984e+06
3.16984e+06
3.01549e+06
3.01549e+06
0
0
0
0
0
0
0
0
0
0
0
0
0
0
0
0
0
0
0
0
0
0
0
0
0
0
0
0
0
0
0
0
0
0
0
0
0
0
0
0
0
0
0
0
0
0
0
0
1.25087e+06
1.25087e+06
1.25087e+06
2.34079e+06
2.34079e+06
2.34079e+06
3.08329e+06
3.08329e+06
3.08329e+06
3.50333e+06
3.50333e+06
3.50333e+06
3.64455e+06
3.64455e+06
3.64455e+06
3.57234e+06
3.57234e+06
3.57234e+06
3.37682e+06
3.37682e+06
3.37682e+06
3.16972e+06
3.16972e+06
3.16972e+06
3.01552e+06
3.01552e+06
3.01552e+06
0
0
0
0
0
0
0
0
0
0
0
0
0
0
0
0
1.1554e+06
2.27426e+06
3.03942e+06
3.47617e+06
3.62869e+06
3.56327e+06
3.37135e+06
3.16636e+06
3.01434e+06
0
0
0
0
0
0
0
0
0
0
0
0
0
0
0
0
0
0
0
0
0
0
0
0
0
0
0
0
0
0
0
0
1.26949e+06
1.26949e+06
2.35363e+06
2.35363e+06
3.0916e+06
3.0916e+06
3.50831e+06
3.50831e+06
3.64727e+06
3.64727e+06
3.57367e+06
3.57367e+06
3.37738e+06
3.37738e+06
3.16985e+06
3.16985e+06
3.0155e+06
3.0155e+06
0
0
0
0
0
0
0
0
0
0
0
0
0
0
0
0
0
0
0
0
0
0
0
0
0
0
0
0
0
0
0
0
1.26948e+06
1.26948e+06
2.35362e+06
2.35362e+06
3.09159e+06
3.09159e+06
3.5083e+06
3.5083e+06
3.64726e+06
3.64726e+06
3.57366e+06
3.57366e+06
3.37737e+06
3.37737e+06
3.16984e+06
3.16984e+06
3.01549e+06
3.01549e+06
0
0
0
0
0
0
0
0
0
0
0
0
0
0
0
0
1.1554e+06
2.27426e+06
3.03943e+06
3.47617e+06
3.62869e+06
3.56327e+06
3.37135e+06
3.16636e+06
3.01435e+06
)
;
    }
    baffle_master
    {
        type            calculated;
        value           uniform 0;
    }
    baffle_slave
    {
        type            calculated;
        value           nonuniform List<scalar> 
150
(
0
0
0
0
0
0
0
0
0
0
0
0
0
0
0
0
0
0
0
0
0
0
0
0
0
0
0
0
0
0
0
0
0
0
0
0
0
0
0
0
0
0
0
0
0
0
0
0
1.12664e+06
1.1554e+06
1.1554e+06
2.25417e+06
2.27426e+06
2.27426e+06
3.02614e+06
3.03942e+06
3.03943e+06
3.46791e+06
3.47617e+06
3.47617e+06
3.62384e+06
3.62869e+06
3.62869e+06
3.56047e+06
3.56327e+06
3.56327e+06
3.36962e+06
3.37135e+06
3.37135e+06
3.16525e+06
3.16636e+06
3.16636e+06
3.01394e+06
3.01434e+06
3.01435e+06
0
0
0
0
0
0
0
0
0
0
0
0
0
0
0
0
0
0
0
0
0
0
0
0
0
0
0
0
0
0
0
0
0
0
0
0
0
0
0
0
0
0
0
0
0
0
0
0
1.1554e+06
1.12664e+06
1.1554e+06
2.27426e+06
2.25417e+06
2.27426e+06
3.03942e+06
3.02614e+06
3.03942e+06
3.47617e+06
3.46791e+06
3.47617e+06
3.62869e+06
3.62384e+06
3.62869e+06
3.56327e+06
3.56047e+06
3.56327e+06
3.37135e+06
3.36962e+06
3.37135e+06
3.16636e+06
3.16525e+06
3.16636e+06
3.01434e+06
3.01394e+06
3.01434e+06
)
;
    }
}


// ************************************************************************* //
