/*--------------------------------*- C++ -*----------------------------------*\
| =========                 |                                                 |
| \\      /  F ield         | OpenFOAM: The Open Source CFD Toolbox           |
|  \\    /   O peration     | Version:  2212                                  |
|   \\  /    A nd           | Website:  www.openfoam.com                      |
|    \\/     M anipulation  |                                                 |
\*---------------------------------------------------------------------------*/
FoamFile
{
    version     2.0;
    format      ascii;
    arch        "LSB;label=32;scalar=64";
    class       volScalarField;
    location    "66/fluidRegion";
    object      p;
}
// * * * * * * * * * * * * * * * * * * * * * * * * * * * * * * * * * * * * * //

dimensions      [1 -1 -2 0 0 0 0];

internalField   nonuniform List<scalar> 
350
(
3.44743e+06
3.44772e+06
3.44801e+06
3.44831e+06
3.44861e+06
3.4489e+06
3.4492e+06
3.4495e+06
3.44979e+06
3.45009e+06
3.45038e+06
3.45068e+06
3.45097e+06
3.45127e+06
3.45157e+06
3.45186e+06
3.45216e+06
3.45245e+06
3.45275e+06
3.45305e+06
3.45334e+06
3.45364e+06
3.45393e+06
3.45422e+06
3.45451e+06
3.44743e+06
3.44772e+06
3.44801e+06
3.44831e+06
3.44861e+06
3.4489e+06
3.4492e+06
3.4495e+06
3.44979e+06
3.45009e+06
3.45038e+06
3.45068e+06
3.45097e+06
3.45127e+06
3.45157e+06
3.45186e+06
3.45216e+06
3.45245e+06
3.45275e+06
3.45305e+06
3.45334e+06
3.45364e+06
3.45393e+06
3.45422e+06
3.45451e+06
3.47385e+06
3.5257e+06
3.57693e+06
3.62724e+06
3.67633e+06
3.72392e+06
3.76973e+06
3.81354e+06
3.85514e+06
3.89435e+06
3.93099e+06
3.96493e+06
3.99607e+06
4.02432e+06
4.04964e+06
4.07203e+06
4.09152e+06
4.10822e+06
4.12225e+06
4.1338e+06
4.14307e+06
4.15027e+06
4.15565e+06
4.1595e+06
4.16218e+06
3.47385e+06
3.5257e+06
3.57693e+06
3.62724e+06
3.67633e+06
3.72392e+06
3.76973e+06
3.81354e+06
3.85514e+06
3.89435e+06
3.93099e+06
3.96493e+06
3.99607e+06
4.02432e+06
4.04964e+06
4.07203e+06
4.09152e+06
4.10822e+06
4.12225e+06
4.1338e+06
4.14307e+06
4.15027e+06
4.15565e+06
4.1595e+06
4.16218e+06
3.47385e+06
3.5257e+06
3.57693e+06
3.62724e+06
3.67633e+06
3.72392e+06
3.76973e+06
3.81354e+06
3.85514e+06
3.89435e+06
3.93099e+06
3.96493e+06
3.99607e+06
4.02432e+06
4.04964e+06
4.07203e+06
4.09152e+06
4.10822e+06
4.12225e+06
4.1338e+06
4.14307e+06
4.15027e+06
4.15565e+06
4.1595e+06
4.16218e+06
3.47385e+06
3.5257e+06
3.57693e+06
3.62724e+06
3.67633e+06
3.72392e+06
3.76973e+06
3.81354e+06
3.85514e+06
3.89435e+06
3.93099e+06
3.96493e+06
3.99607e+06
4.02432e+06
4.04964e+06
4.07203e+06
4.09152e+06
4.10822e+06
4.12225e+06
4.1338e+06
4.14307e+06
4.15027e+06
4.15565e+06
4.1595e+06
4.16218e+06
3.47385e+06
3.5257e+06
3.57693e+06
3.62724e+06
3.67633e+06
3.72392e+06
3.76973e+06
3.81354e+06
3.85514e+06
3.89435e+06
3.93099e+06
3.96493e+06
3.99607e+06
4.02432e+06
4.04964e+06
4.07203e+06
4.09152e+06
4.10822e+06
4.12225e+06
4.1338e+06
4.14307e+06
4.15027e+06
4.15565e+06
4.1595e+06
4.16218e+06
3.47385e+06
3.5257e+06
3.57693e+06
3.62724e+06
3.67633e+06
3.72392e+06
3.76973e+06
3.81354e+06
3.85514e+06
3.89435e+06
3.93099e+06
3.96493e+06
3.99607e+06
4.02432e+06
4.04964e+06
4.07203e+06
4.09152e+06
4.10822e+06
4.12225e+06
4.1338e+06
4.14307e+06
4.15027e+06
4.15565e+06
4.1595e+06
4.16218e+06
3.47385e+06
3.5257e+06
3.57693e+06
3.62724e+06
3.67633e+06
3.72392e+06
3.76973e+06
3.81354e+06
3.85514e+06
3.89435e+06
3.93099e+06
3.96493e+06
3.99607e+06
4.02432e+06
4.04964e+06
4.07203e+06
4.09152e+06
4.10822e+06
4.12225e+06
4.1338e+06
4.14307e+06
4.15027e+06
4.15565e+06
4.1595e+06
4.16218e+06
3.47385e+06
3.5257e+06
3.57693e+06
3.62724e+06
3.67633e+06
3.72392e+06
3.76973e+06
3.81354e+06
3.85514e+06
3.89435e+06
3.93099e+06
3.96493e+06
3.99607e+06
4.02432e+06
4.04964e+06
4.07203e+06
4.09152e+06
4.10822e+06
4.12225e+06
4.1338e+06
4.14307e+06
4.15027e+06
4.15565e+06
4.1595e+06
4.16218e+06
3.47385e+06
3.5257e+06
3.57693e+06
3.62724e+06
3.67633e+06
3.72392e+06
3.76973e+06
3.81354e+06
3.85514e+06
3.89435e+06
3.93099e+06
3.96493e+06
3.99607e+06
4.02432e+06
4.04964e+06
4.07203e+06
4.09152e+06
4.10822e+06
4.12225e+06
4.1338e+06
4.14307e+06
4.15027e+06
4.15565e+06
4.1595e+06
4.16218e+06
3.47385e+06
3.5257e+06
3.57693e+06
3.62724e+06
3.67633e+06
3.72392e+06
3.76973e+06
3.81354e+06
3.85514e+06
3.89435e+06
3.93099e+06
3.96493e+06
3.99607e+06
4.02432e+06
4.04964e+06
4.07203e+06
4.09152e+06
4.10822e+06
4.12225e+06
4.1338e+06
4.14307e+06
4.15027e+06
4.15565e+06
4.1595e+06
4.16218e+06
3.47385e+06
3.5257e+06
3.57693e+06
3.62724e+06
3.67633e+06
3.72392e+06
3.76973e+06
3.81354e+06
3.85514e+06
3.89435e+06
3.93099e+06
3.96493e+06
3.99607e+06
4.02432e+06
4.04964e+06
4.07203e+06
4.09152e+06
4.10822e+06
4.12225e+06
4.1338e+06
4.14307e+06
4.15027e+06
4.15565e+06
4.1595e+06
4.16218e+06
3.47385e+06
3.5257e+06
3.57693e+06
3.62724e+06
3.67633e+06
3.72392e+06
3.76973e+06
3.81354e+06
3.85514e+06
3.89435e+06
3.93099e+06
3.96493e+06
3.99607e+06
4.02432e+06
4.04964e+06
4.07203e+06
4.09152e+06
4.10822e+06
4.12225e+06
4.1338e+06
4.14307e+06
4.15027e+06
4.15565e+06
4.1595e+06
4.16218e+06
)
;

boundaryField
{
    outletCentralUnloaded
    {
        type            fixedValue;
        value           uniform 3.44728e+06;
    }
    inletCentralUnloaded
    {
        type            zeroGradient;
    }
    outletFuelElement
    {
        type            fixedValue;
        value           uniform 3.44728e+06;
    }
    inletFuelElement
    {
        type            zeroGradient;
    }
    defaultFaces
    {
        type            zeroGradient;
    }
    baffle_master
    {
        type            zeroGradient;
    }
    baffle_slave
    {
        type            zeroGradient;
    }
}


// ************************************************************************* //
