/*--------------------------------*- C++ -*----------------------------------*\
| =========                 |                                                 |
| \\      /  F ield         | OpenFOAM: The Open Source CFD Toolbox           |
|  \\    /   O peration     | Version:  2212                                  |
|   \\  /    A nd           | Website:  www.openfoam.com                      |
|    \\/     M anipulation  |                                                 |
\*---------------------------------------------------------------------------*/
FoamFile
{
    version     2.0;
    format      ascii;
    arch        "LSB;label=32;scalar=64";
    class       volVectorField;
    location    "66/fluidRegion";
    object      U;
}
// * * * * * * * * * * * * * * * * * * * * * * * * * * * * * * * * * * * * * //

dimensions      [0 1 -1 0 0 0 0];

internalField   nonuniform List<vector> 
350
(
(-1.2954e-09 -7.47896e-10 -14.9701)
(-5.2542e-10 -3.03351e-10 -14.9685)
(1.23751e-09 7.14473e-10 -14.9667)
(2.95791e-09 1.70775e-09 -14.9647)
(3.81541e-09 2.20282e-09 -14.9628)
(3.34873e-09 1.93338e-09 -14.961)
(1.70574e-09 9.84809e-10 -14.9593)
(-4.97564e-10 -2.87268e-10 -14.9579)
(-2.4972e-09 -1.44176e-09 -14.9567)
(-3.66292e-09 -2.11478e-09 -14.9555)
(-3.68298e-09 -2.12636e-09 -14.9544)
(-2.65906e-09 -1.5352e-09 -14.9534)
(-1.01557e-09 -5.86336e-10 -14.9525)
(6.30403e-10 3.63962e-10 -14.9517)
(1.74544e-09 1.00773e-09 -14.951)
(2.02404e-09 1.16858e-09 -14.9503)
(1.49099e-09 8.60819e-10 -14.9497)
(4.51217e-10 2.60509e-10 -14.9491)
(-6.83189e-10 -3.94438e-10 -14.9483)
(-1.56936e-09 -9.06066e-10 -14.9472)
(-2.02916e-09 -1.17153e-09 -14.946)
(-2.07256e-09 -1.19659e-09 -14.9444)
(-1.64184e-09 -9.47916e-10 -14.9427)
(7.26395e-12 4.19383e-12 -14.9409)
(2.75995e-09 1.59345e-09 -14.97)
(-1.2954e-09 -7.47896e-10 -14.9701)
(-5.2542e-10 -3.03351e-10 -14.9685)
(1.23751e-09 7.14472e-10 -14.9667)
(2.95791e-09 1.70775e-09 -14.9647)
(3.81541e-09 2.20282e-09 -14.9628)
(3.34873e-09 1.93338e-09 -14.961)
(1.70574e-09 9.84809e-10 -14.9593)
(-4.97564e-10 -2.87268e-10 -14.9579)
(-2.4972e-09 -1.44176e-09 -14.9567)
(-3.66292e-09 -2.11478e-09 -14.9555)
(-3.68298e-09 -2.12636e-09 -14.9544)
(-2.65906e-09 -1.5352e-09 -14.9534)
(-1.01557e-09 -5.86336e-10 -14.9525)
(6.30403e-10 3.63962e-10 -14.9517)
(1.74544e-09 1.00773e-09 -14.951)
(2.02404e-09 1.16858e-09 -14.9503)
(1.49099e-09 8.60819e-10 -14.9497)
(4.51217e-10 2.60509e-10 -14.9491)
(-6.83189e-10 -3.94438e-10 -14.9483)
(-1.56936e-09 -9.06066e-10 -14.9472)
(-2.02916e-09 -1.17153e-09 -14.946)
(-2.07256e-09 -1.19659e-09 -14.9444)
(-1.64184e-09 -9.47916e-10 -14.9427)
(7.26393e-12 4.19382e-12 -14.9409)
(2.75995e-09 1.59345e-09 -14.97)
(-0.00197622 -0.00114097 -423.803)
(-0.000938664 -0.000541938 -415.815)
(-0.00101703 -0.000587184 -405.712)
(-0.000915255 -0.000528422 -393.284)
(-0.00082856 -0.000478369 -378.724)
(-0.000748253 -0.000432004 -362.235)
(-0.000673883 -0.000389066 -344.027)
(-0.000601791 -0.000347444 -324.313)
(-0.000523942 -0.000302498 -303.316)
(-0.000427135 -0.000246606 -281.261)
(-0.000294782 -0.000170192 -258.389)
(-0.0001106 -6.3855e-05 -234.955)
(0.000130337 7.52502e-05 -211.242)
(0.000408536 0.000235868 -187.56)
(0.000692574 0.000399857 -164.248)
(0.000934719 0.00053966 -141.659)
(0.00109762 0.000633713 -120.141)
(0.00117136 0.000676282 -100.008)
(0.00117508 0.000678432 -81.5278)
(0.00114291 0.000659861 -64.9218)
(0.00110518 0.000638074 -50.3816)
(0.00106922 0.000617313 -38.0949)
(0.0010193 0.000588494 -28.2704)
(0.000883921 0.000510331 -21.1345)
(0.000841734 0.000485975 -16.6338)
(-0.00191577 -0.00112223 -426.536)
(-0.000693445 -0.000399167 -418.505)
(-0.00078397 -0.000452696 -408.369)
(-0.000713584 -0.000411772 -395.888)
(-0.000653957 -0.000377233 -381.257)
(-0.000598779 -0.000344884 -364.681)
(-0.000547606 -0.000314459 -346.371)
(-0.000497651 -0.000284562 -326.542)
(-0.000443129 -0.000251491 -305.415)
(-0.000374519 -0.000209835 -283.219)
(-0.000280321 -0.000153198 -260.194)
(-0.000149398 -7.43521e-05 -236.597)
(2.27372e-05 2.88521e-05 -212.711)
(0.000214711 0.000144853 -188.85)
(0.000409225 0.000263754 -165.354)
(0.000572258 0.000366182 -142.584)
(0.000678988 0.000438163 -120.891)
(0.000723674 0.000476681 -100.594)
(0.000720044 0.000489843 -81.9672)
(0.000692281 0.000490176 -65.2328)
(0.000661771 0.000488258 -50.5847)
(0.000636821 0.000485316 -38.2122)
(0.000611415 0.00047595 -28.3255)
(0.000556836 0.000428188 -21.1516)
(0.000597454 0.000406852 -16.6358)
(-0.000874542 -0.000657017 -423.366)
(-0.000504673 -0.000952861 -415.377)
(-0.000491286 -0.000911539 -405.281)
(-0.000446887 -0.000801517 -392.863)
(-0.000405499 -0.000704766 -378.316)
(-0.000367635 -0.00061553 -361.842)
(-0.000332193 -0.000533155 -343.652)
(-0.000296511 -0.000453612 -323.958)
(-0.000255142 -0.000367939 -302.982)
(-0.000199941 -0.000261461 -280.95)
(-0.00012163 -0.000114948 -258.103)
(-1.35625e-05 8.87673e-05 -234.696)
(0.000127087 0.000352797 -211.011)
(0.000278769 0.000669244 -187.357)
(0.000427588 0.000991969 -164.074)
(0.000546149 0.00126804 -141.514)
(0.000617424 0.00145364 -120.022)
(0.000640317 0.00153663 -99.9147)
(0.000628194 0.00153927 -81.4571)
(0.000600361 0.00150043 -64.8707)
(0.000571243 0.00145369 -50.3466)
(0.00054601 0.00140182 -38.0727)
(0.00050803 0.00131032 -28.2574)
(0.000445003 0.00106705 -21.1277)
(0.00039206 0.000843244 -16.6315)
(-0.000973415 -0.000562 -425.927)
(-0.000913901 -0.000527639 -417.906)
(-0.000880079 -0.000508112 -407.776)
(-0.000783445 -0.000452321 -395.305)
(-0.000697122 -0.000402483 -380.689)
(-0.000617672 -0.000356612 -364.132)
(-0.000543901 -0.00031402 -345.843)
(-0.000471786 -0.000272385 -326.039)
(-0.000392141 -0.000226402 -304.941)
(-0.000290627 -0.000167793 -282.776)
(-0.00014954 -8.6337e-05 -259.785)
(4.61421e-05 2.66401e-05 -236.224)
(0.000300176 0.000173306 -212.377)
(0.000593927 0.000342903 -188.556)
(0.000889962 0.000513819 -165.102)
(0.00113795 0.000656996 -142.373)
(0.00129977 0.000750423 -120.719)
(0.00136716 0.000789327 -100.461)
(0.00136256 0.000786673 -81.8669)
(0.00132223 0.000763386 -65.1619)
(0.0012759 0.000736638 -50.5386)
(0.0012285 0.000709273 -38.1858)
(0.00114774 0.000662647 -28.3134)
(0.000955253 0.000551514 -21.1482)
(0.000780238 0.000450469 -16.6356)
(0.000953631 0.000550578 -425.927)
(0.000913873 0.000527623 -417.906)
(0.000878284 0.000507076 -407.776)
(0.000781728 0.00045133 -395.305)
(0.000694869 0.000401182 -380.689)
(0.000615065 0.000355107 -364.132)
(0.000541323 0.000312532 -345.843)
(0.000469039 0.000270799 -326.039)
(0.000389515 0.000224886 -304.941)
(0.000288463 0.000166544 -282.776)
(0.000147659 8.52509e-05 -259.785)
(-4.74336e-05 -2.73857e-05 -236.224)
(-0.000300566 -0.000173531 -212.377)
(-0.000592697 -0.000342193 -188.556)
(-0.00088626 -0.000511681 -165.102)
(-0.00113084 -0.000652887 -142.373)
(-0.00128856 -0.000743949 -120.719)
(-0.00135126 -0.000780146 -100.461)
(-0.00134095 -0.000774195 -81.8669)
(-0.00129449 -0.000747372 -65.1619)
(-0.00124243 -0.000717318 -50.5386)
(-0.00119008 -0.000687093 -38.1858)
(-0.00110565 -0.000638344 -28.3134)
(-0.000916589 -0.000529192 -21.1482)
(-0.000748379 -0.000432076 -16.6356)
(0.000992207 0.000436282 -423.367)
(0.00107807 -4.10038e-05 -415.377)
(0.00103413 -3.12324e-05 -405.281)
(0.000916676 -1.47325e-05 -392.863)
(0.000812 -2.6194e-06 -378.316)
(0.000715692 8.84842e-06 -361.843)
(0.000626683 1.90302e-05 -343.652)
(0.000539992 2.73197e-05 -323.958)
(0.000445287 3.3776e-05 -302.982)
(0.000325796 3.86578e-05 -280.951)
(0.000160072 4.32384e-05 -258.103)
(-6.97652e-05 5.01745e-05 -234.696)
(-0.000367934 5.88652e-05 -211.011)
(-0.000716567 8.39502e-05 -187.357)
(-0.00106869 0.000114367 -164.074)
(-0.00136471 0.000147307 -141.514)
(-0.0015582 0.000175333 -120.022)
(-0.00163815 0.000193543 -99.9147)
(-0.00163041 0.000202087 -81.4571)
(-0.00157872 0.000204399 -64.8707)
(-0.00151962 0.000204754 -50.3466)
(-0.00145896 0.00020251 -38.0727)
(-0.00135866 0.000195253 -28.2574)
(-0.00111933 0.0001363 -21.1276)
(-0.000904269 8.13659e-05 -16.6315)
(0.00191565 0.00112179 -426.536)
(0.000693115 0.000398805 -418.505)
(0.000783527 0.000452689 -408.369)
(0.000713009 0.000412029 -395.888)
(0.000653072 0.000377509 -381.257)
(0.00059742 0.000345666 -364.681)
(0.000545658 0.000316142 -346.371)
(0.000494941 0.000287213 -326.542)
(0.000439475 0.000255716 -305.415)
(0.00036978 0.000216058 -283.219)
(0.000274286 0.000161482 -260.194)
(0.000141881 8.51761e-05 -236.597)
(-3.19048e-05 -1.50576e-05 -212.711)
(-0.000225582 -0.000127174 -188.85)
(-0.000421647 -0.000241397 -165.354)
(-0.000585753 -0.00033833 -142.584)
(-0.000692749 -0.00040408 -120.891)
(-0.000735996 -0.000435464 -100.594)
(-0.000727466 -0.000440909 -81.9672)
(-0.000688751 -0.000434496 -65.2328)
(-0.000637281 -0.000430208 -50.5847)
(-0.000582307 -0.000428894 -38.2122)
(-0.000519106 -0.00042421 -28.3255)
(-0.000434197 -0.000393377 -21.1516)
(-0.00045545 -0.000405205 -16.6358)
(0.00197611 0.00114091 -423.803)
(0.000938503 0.000541845 -415.815)
(0.00101692 0.000587116 -405.712)
(0.000915138 0.000528355 -393.284)
(0.000828327 0.000478235 -378.724)
(0.00074796 0.000431834 -362.235)
(0.000673569 0.000388885 -344.027)
(0.000601416 0.000347228 -324.313)
(0.000523586 0.000302292 -303.316)
(0.000426832 0.000246432 -281.261)
(0.000294472 0.000170013 -258.389)
(0.000110326 6.36967e-05 -234.955)
(-0.000130516 -7.53532e-05 -211.242)
(-0.000408394 -0.000235786 -187.56)
(-0.000691837 -0.000399432 -164.248)
(-0.000932954 -0.000538641 -141.659)
(-0.00109427 -0.000631778 -120.141)
(-0.00116538 -0.000672832 -100.008)
(-0.00116478 -0.000672484 -81.5278)
(-0.0011257 -0.000649925 -64.9218)
(-0.00107743 -0.000622055 -50.3816)
(-0.00102745 -0.000593196 -38.0949)
(-0.000959732 -0.000554101 -28.2704)
(-0.00081291 -0.000469333 -21.1345)
(-0.000767416 -0.000443068 -16.6338)
(0.000972369 0.000561396 -425.927)
(0.000912474 0.000526815 -417.906)
(0.000878588 0.000507251 -407.776)
(0.00078185 0.0004514 -395.305)
(0.000694946 0.000401226 -380.689)
(0.000614948 0.000355039 -364.132)
(0.000540785 0.000312221 -345.843)
(0.00046795 0.00027017 -326.039)
(0.000387597 0.000223779 -304.941)
(0.000285429 0.000164792 -282.776)
(0.000143337 8.27551e-05 -259.785)
(-5.38771e-05 -3.11059e-05 -236.224)
(-0.00030964 -0.00017877 -212.377)
(-0.00060554 -0.000349608 -188.556)
(-0.000904325 -0.000522111 -165.102)
(-0.0011561 -0.000667472 -142.373)
(-0.00132374 -0.000764262 -120.719)
(-0.00139998 -0.000808279 -100.461)
(-0.00140837 -0.00081312 -81.8669)
(-0.00138644 -0.00080046 -65.1619)
(-0.0013671 -0.000789292 -50.5386)
(-0.00135144 -0.000780252 -38.1858)
(-0.00130381 -0.000752756 -28.3134)
(-0.00112799 -0.000651244 -21.1482)
(-0.000932726 -0.000538509 -16.6356)
(0.000873831 0.000656864 -423.366)
(0.000503567 0.000952794 -415.377)
(0.000490031 0.000911524 -405.281)
(0.000445451 0.000801529 -392.863)
(0.000403522 0.000704859 -378.316)
(0.000365 0.000615834 -361.842)
(0.000328856 0.000533757 -343.652)
(0.000292161 0.000454582 -323.958)
(0.000249595 0.000369399 -302.982)
(0.000193094 0.000263489 -280.95)
(0.000113152 0.000117631 -258.103)
(3.12181e-06 -8.53897e-05 -234.696)
(-0.000139844 -0.000348668 -211.011)
(-0.000294123 -0.000664406 -187.357)
(-0.000445769 -0.000986699 -164.074)
(-0.000567391 -0.00126295 -141.514)
(-0.000642232 -0.00144987 -120.022)
(-0.000669091 -0.00153616 -99.9147)
(-0.000660745 -0.00154579 -81.4571)
(-0.000635522 -0.00151964 -64.8707)
(-0.000607409 -0.00149507 -50.3466)
(-0.000580928 -0.00147294 -38.0727)
(-0.000539731 -0.00141579 -28.2574)
(-0.000471517 -0.00119747 -21.1277)
(-0.000401192 -0.000977324 -16.6315)
(-0.000992699 -0.000437194 -423.367)
(-0.0010787 3.98976e-05 -415.377)
(-0.0010348 3.03849e-05 -405.281)
(-0.000917412 1.40557e-05 -392.863)
(-0.000812927 1.63765e-06 -378.316)
(-0.0007168 -9.74698e-06 -361.843)
(-0.000627956 -1.94848e-05 -343.652)
(-0.000541532 -2.74742e-05 -323.958)
(-0.00044712 -3.31612e-05 -302.982)
(-0.000327917 -3.69044e-05 -280.951)
(-0.000162536 -4.04703e-05 -258.103)
(6.66523e-05 -4.62133e-05 -234.696)
(0.000364205 -5.34251e-05 -211.011)
(0.000712048 -7.63074e-05 -187.357)
(0.00106322 -0.000103764 -164.074)
(0.00135811 -0.000132825 -141.514)
(0.00155017 -0.000156028 -120.022)
(0.00162861 -0.000167801 -99.9147)
(0.00161967 -0.000167346 -81.4571)
(0.00156811 -0.000157982 -64.8707)
(0.00151119 -0.000145209 -50.3466)
(0.00145743 -0.000127482 -38.0727)
(0.00136932 -0.000103481 -28.2574)
(0.00114541 -4.21291e-05 -21.1276)
(0.000945273 -9.22296e-06 -16.6315)
(-0.000954771 -0.000551236 -425.927)
(-0.000915362 -0.000528483 -417.906)
(-0.000879742 -0.000507918 -407.776)
(-0.000783204 -0.000452182 -395.305)
(-0.000696869 -0.000402337 -380.689)
(-0.000617456 -0.000356488 -364.132)
(-0.000543869 -0.000314002 -345.843)
(-0.000472036 -0.00027253 -326.039)
(-0.000392815 -0.000226791 -304.941)
(-0.000291898 -0.000168527 -282.776)
(-0.0001515 -8.74685e-05 -259.785)
(4.2633e-05 2.46141e-05 -236.224)
(0.0002949 0.00017026 -212.377)
(0.00058598 0.000338315 -188.556)
(0.000878259 0.000507062 -165.102)
(0.00112113 0.000647283 -142.373)
(0.00127611 0.000736758 -120.719)
(0.00133483 0.000770664 -100.461)
(0.00131949 0.000761805 -81.8669)
(0.00126714 0.000731584 -65.1619)
(0.00120759 0.000697202 -50.5386)
(0.00115084 0.000664436 -38.1858)
(0.00106704 0.000616056 -28.3134)
(0.000887226 0.000512239 -21.1482)
(0.000737698 0.000425909 -16.6356)
)
;

boundaryField
{
    outletCentralUnloaded
    {
        type            zeroGradient;
    }
    inletCentralUnloaded
    {
        type            fixedValue;
        value           uniform (0 0 -15);
    }
    outletFuelElement
    {
        type            zeroGradient;
    }
    inletFuelElement
    {
        type            fixedValue;
        value           uniform (0 0 -15);
    }
    defaultFaces
    {
        type            slip;
    }
    baffle_master
    {
        type            slip;
    }
    baffle_slave
    {
        type            slip;
    }
}


// ************************************************************************* //
