/*--------------------------------*- C++ -*----------------------------------*\
| =========                 |                                                 |
| \\      /  F ield         | OpenFOAM: The Open Source CFD Toolbox           |
|  \\    /   O peration     | Version:  2212                                  |
|   \\  /    A nd           | Website:  www.openfoam.com                      |
|    \\/     M anipulation  |                                                 |
\*---------------------------------------------------------------------------*/
FoamFile
{
    version     2.0;
    format      ascii;
    arch        "LSB;label=32;scalar=64";
    class       volScalarField;
    location    "10/neutroRegion";
    object      prec4;
}
// * * * * * * * * * * * * * * * * * * * * * * * * * * * * * * * * * * * * * //

dimensions      [0 -3 0 0 0 0 0];

internalField   nonuniform List<scalar> 
350
(
0
0
0
0
0
0
0
0
0
0
0
0
0
0
0
0
0
0
0
0
0
0
0
0
0
0
0
0
0
0
0
0
0
0
0
0
0
0
0
0
0
0
0
0
0
0
0
0
0
0
1.0814e+16
3.22714e+16
5.32199e+16
7.3329e+16
9.22816e+16
1.09779e+17
1.25545e+17
1.39331e+17
1.50919e+17
1.60128e+17
1.66811e+17
1.70864e+17
1.72222e+17
1.70864e+17
1.66811e+17
1.60128e+17
1.50919e+17
1.39331e+17
1.25545e+17
1.09779e+17
9.22816e+16
7.3329e+16
5.32199e+16
3.22714e+16
1.0814e+16
1.09376e+16
3.26404e+16
5.38283e+16
7.41674e+16
9.33366e+16
1.11034e+17
1.2698e+17
1.40924e+17
1.52645e+17
1.61959e+17
1.68718e+17
1.72817e+17
1.74191e+17
1.72817e+17
1.68718e+17
1.61959e+17
1.52645e+17
1.40924e+17
1.2698e+17
1.11034e+17
9.33367e+16
7.41674e+16
5.38283e+16
3.26404e+16
1.09376e+16
1.07943e+16
3.22127e+16
5.3123e+16
7.31955e+16
9.21136e+16
1.09579e+17
1.25316e+17
1.39077e+17
1.50645e+17
1.59836e+17
1.66507e+17
1.70553e+17
1.71908e+17
1.70553e+17
1.66507e+17
1.59836e+17
1.50645e+17
1.39077e+17
1.25316e+17
1.09579e+17
9.21136e+16
7.31955e+16
5.3123e+16
3.22127e+16
1.07943e+16
1.09092e+16
3.25555e+16
5.36883e+16
7.39744e+16
9.30938e+16
1.10745e+17
1.2665e+17
1.40557e+17
1.52248e+17
1.61537e+17
1.68279e+17
1.72367e+17
1.73737e+17
1.72367e+17
1.68279e+17
1.61537e+17
1.52248e+17
1.40557e+17
1.2665e+17
1.10745e+17
9.30938e+16
7.39744e+16
5.36883e+16
3.25555e+16
1.09092e+16
1.09092e+16
3.25554e+16
5.36883e+16
7.39744e+16
9.30938e+16
1.10745e+17
1.2665e+17
1.40557e+17
1.52248e+17
1.61537e+17
1.68279e+17
1.72367e+17
1.73737e+17
1.72367e+17
1.68279e+17
1.61537e+17
1.52248e+17
1.40557e+17
1.2665e+17
1.10745e+17
9.30938e+16
7.39744e+16
5.36883e+16
3.25554e+16
1.09092e+16
1.07943e+16
3.22127e+16
5.3123e+16
7.31955e+16
9.21136e+16
1.09579e+17
1.25316e+17
1.39077e+17
1.50645e+17
1.59836e+17
1.66507e+17
1.70553e+17
1.71908e+17
1.70553e+17
1.66507e+17
1.59836e+17
1.50645e+17
1.39077e+17
1.25316e+17
1.09579e+17
9.21136e+16
7.31955e+16
5.3123e+16
3.22127e+16
1.07943e+16
1.09376e+16
3.26404e+16
5.38283e+16
7.41673e+16
9.33366e+16
1.11034e+17
1.2698e+17
1.40924e+17
1.52645e+17
1.61959e+17
1.68718e+17
1.72817e+17
1.74191e+17
1.72817e+17
1.68718e+17
1.61959e+17
1.52645e+17
1.40924e+17
1.2698e+17
1.11034e+17
9.33366e+16
7.41673e+16
5.38283e+16
3.26404e+16
1.09376e+16
1.0814e+16
3.22714e+16
5.32199e+16
7.3329e+16
9.22816e+16
1.09779e+17
1.25545e+17
1.39331e+17
1.50919e+17
1.60128e+17
1.66811e+17
1.70864e+17
1.72222e+17
1.70864e+17
1.66811e+17
1.60128e+17
1.50919e+17
1.39331e+17
1.25545e+17
1.09779e+17
9.22816e+16
7.3329e+16
5.32199e+16
3.22714e+16
1.0814e+16
1.09092e+16
3.25555e+16
5.36883e+16
7.39744e+16
9.30938e+16
1.10745e+17
1.2665e+17
1.40557e+17
1.52248e+17
1.61537e+17
1.68279e+17
1.72367e+17
1.73737e+17
1.72367e+17
1.68279e+17
1.61537e+17
1.52248e+17
1.40557e+17
1.2665e+17
1.10745e+17
9.30938e+16
7.39744e+16
5.36883e+16
3.25555e+16
1.09092e+16
1.07943e+16
3.22127e+16
5.3123e+16
7.31955e+16
9.21136e+16
1.09579e+17
1.25316e+17
1.39077e+17
1.50645e+17
1.59836e+17
1.66507e+17
1.70553e+17
1.71908e+17
1.70553e+17
1.66507e+17
1.59836e+17
1.50645e+17
1.39077e+17
1.25316e+17
1.09579e+17
9.21136e+16
7.31955e+16
5.3123e+16
3.22127e+16
1.07943e+16
1.07943e+16
3.22127e+16
5.3123e+16
7.31955e+16
9.21136e+16
1.09579e+17
1.25316e+17
1.39077e+17
1.50645e+17
1.59836e+17
1.66507e+17
1.70553e+17
1.71908e+17
1.70553e+17
1.66507e+17
1.59836e+17
1.50645e+17
1.39077e+17
1.25316e+17
1.09579e+17
9.21136e+16
7.31955e+16
5.3123e+16
3.22127e+16
1.07943e+16
1.09092e+16
3.25555e+16
5.36883e+16
7.39744e+16
9.30938e+16
1.10745e+17
1.2665e+17
1.40557e+17
1.52248e+17
1.61537e+17
1.68279e+17
1.72367e+17
1.73737e+17
1.72367e+17
1.68279e+17
1.61537e+17
1.52248e+17
1.40557e+17
1.2665e+17
1.10745e+17
9.30938e+16
7.39744e+16
5.36883e+16
3.25555e+16
1.09092e+16
)
;

boundaryField
{
    outletCentralUnloaded
    {
        type            zeroGradient;
    }
    inletCentralUnloaded
    {
        type            zeroGradient;
    }
    outletFuelElement
    {
        type            zeroGradient;
    }
    inletFuelElement
    {
        type            zeroGradient;
    }
    defaultFaces
    {
        type            zeroGradient;
    }
}


// ************************************************************************* //
