/*--------------------------------*- C++ -*----------------------------------*\
| =========                 |                                                 |
| \\      /  F ield         | OpenFOAM: The Open Source CFD Toolbox           |
|  \\    /   O peration     | Version:  2212                                  |
|   \\  /    A nd           | Website:  www.openfoam.com                      |
|    \\/     M anipulation  |                                                 |
\*---------------------------------------------------------------------------*/
FoamFile
{
    version     2.0;
    format      ascii;
    arch        "LSB;label=32;scalar=64";
    class       surfaceScalarField;
    location    "45/fluidRegion";
    object      alphaRhoPhi;
}
// * * * * * * * * * * * * * * * * * * * * * * * * * * * * * * * * * * * * * //

dimensions      [1 0 -1 0 0 0 0];

oriented        oriented;

internalField   nonuniform List<scalar> 
661
(
-0.00584965
1.44308e-11
-0.00584965
-2.32163e-11
-0.00584964
-5.77014e-11
-0.00584962
-7.66516e-11
-0.00584959
-4.06242e-11
-0.00584956
3.01184e-11
-0.00584952
8.70317e-11
-0.00584946
9.05302e-11
-0.00584941
2.37259e-11
-0.00584937
-9.06153e-11
-0.00584937
-1.94356e-10
-0.00584943
-2.25022e-10
-0.00584954
-1.50968e-10
-0.00584967
9.83901e-12
-0.00584978
1.96473e-10
-0.00584983
3.31879e-10
-0.0058498
3.57816e-10
-0.00584969
2.62581e-10
-0.00584954
8.66473e-11
-0.00584939
-9.83152e-11
-0.00584929
-2.29025e-10
-0.00584925
-2.89005e-10
-0.00584929
-2.63368e-10
-0.00584941
-8.1808e-11
1.50033e-10
-0.00584965
-0.00584965
-0.00584964
-0.00584962
-0.00584959
-0.00584956
-0.00584952
-0.00584946
-0.00584941
-0.00584937
-0.00584937
-0.00584943
-0.00584954
-0.00584967
-0.00584978
-0.00584983
-0.0058498
-0.00584969
-0.00584954
-0.00584939
-0.00584929
-0.00584925
-0.00584929
-0.00584941
-0.00939305
6.44956e-07
-0.00939328
3.14392e-07
-0.00939355
3.49552e-07
-0.0093938
3.24431e-07
-0.00939403
3.04912e-07
-0.00939425
2.87779e-07
-0.00939445
2.72742e-07
-0.00939464
2.58153e-07
-0.00939482
2.40047e-07
-0.00939498
2.10709e-07
-0.0093951
1.57938e-07
-0.00939514
6.4729e-08
-0.00939507
-8.60148e-08
-0.00939481
-3.01951e-07
-0.00939431
-5.83483e-07
-0.0093935
-9.12136e-07
-0.00939236
-1.26219e-06
-0.00939089
-1.6175e-06
-0.00938905
-1.98982e-06
-0.00938678
-2.42909e-06
-0.00938392
-3.02611e-06
-0.00938022
-3.87528e-06
-0.00937539
-5.00455e-06
-0.00936966
-5.88752e-06
-7.18254e-06
-0.00930896
-1.75437e-08
-1.78619e-08
-0.00930851
-8.08297e-08
-8.38323e-08
-0.00930803
-7.82365e-08
-8.14151e-08
-0.00930759
-6.94021e-08
-7.30127e-08
-0.00930719
-6.19006e-08
-6.60075e-08
-0.00930681
-5.48578e-08
-5.96449e-08
-0.00930646
-4.81908e-08
-5.3826e-08
-0.00930613
-4.14485e-08
-4.80968e-08
-0.00930584
-3.34986e-08
-4.13956e-08
-0.00930559
-2.21213e-08
-3.15939e-08
-0.00930543
-3.54334e-09
-1.49561e-08
-0.00930541
2.72745e-08
1.34808e-08
-0.00930562
7.51676e-08
5.80125e-08
-0.00930618
1.47406e-07
1.25865e-07
-0.00930719
2.42168e-07
2.14782e-07
-0.00930875
3.5542e-07
3.20239e-07
-0.00931088
4.79667e-07
4.33984e-07
-0.00931362
6.10087e-07
5.50503e-07
-0.009317
7.51448e-07
6.73203e-07
-0.00932114
9.21095e-07
8.1906e-07
-0.00932631
1.15099e-06
1.0175e-06
-0.00933295
1.46602e-06
1.2979e-06
-0.00934145
1.84994e-06
1.64144e-06
-0.0093511
1.98754e-06
1.7689e-06
1.93099e-06
1.78849e-06
-0.00940683
3.20346e-07
-0.00940716
3.09893e-07
-0.00940748
3.05849e-07
-0.00940778
2.81061e-07
-0.00940805
2.59823e-07
-0.0094083
2.40801e-07
-0.00940852
2.23366e-07
-0.00940873
2.05553e-07
-0.00940891
1.82721e-07
-0.00940905
1.46266e-07
-0.00940912
8.26041e-08
-0.00940908
-2.53282e-08
-0.00940885
-1.95613e-07
-0.00940834
-4.37645e-07
-0.00940746
-7.49203e-07
-0.00940614
-1.11027e-06
-0.00940433
-1.49426e-06
-0.00940201
-1.88645e-06
-0.00939916
-2.30341e-06
-0.00939565
-2.80226e-06
-0.00939126
-3.47916e-06
-0.00938562
-4.42822e-06
-0.00937846
-5.59166e-06
-0.00937045
-6.29306e-06
-6.57345e-06
-0.00932782
2.75846e-09
-0.00932755
1.39993e-09
-0.00932728
1.55062e-09
-0.00932703
1.54292e-09
-0.00932681
1.57948e-09
-0.0093266
1.58115e-09
-0.00932641
1.50767e-09
-0.00932623
1.41889e-09
-0.00932607
1.24501e-09
-0.00932595
9.37617e-10
-0.00932588
5.33244e-10
-0.00932591
-3.79487e-11
-0.00932609
-9.2059e-10
-0.0093265
-2.14296e-09
-0.0093272
-3.93797e-09
-0.00932825
-6.45942e-09
-0.00932966
-9.81257e-09
-0.00933147
-1.40576e-08
-0.00933368
-1.95073e-08
-0.00933638
-2.59725e-08
-0.00933975
-3.3248e-08
-0.00934405
-4.09986e-08
-0.00934951
-4.92702e-08
-0.00935567
-4.90255e-08
-3.94562e-08
-0.00932783
-3.1432e-07
-0.00932756
-3.06875e-07
-0.00932729
-3.0236e-07
-0.00932704
-2.77508e-07
-0.00932682
-2.56119e-07
-0.00932661
-2.36996e-07
-0.00932642
-2.19539e-07
-0.00932624
-2.01711e-07
-0.00932609
-1.78973e-07
-0.00932596
-1.42767e-07
-0.00932589
-7.94685e-08
-0.00932592
2.80039e-08
-0.0093261
1.97353e-07
-0.00932651
4.37976e-07
-0.00932721
7.4735e-07
-0.00932826
1.1052e-06
-0.00932968
1.48471e-06
-0.00933148
1.87083e-06
-0.00933369
2.27919e-06
-0.00933639
2.76645e-06
-0.00933976
3.42738e-06
-0.00934406
4.35526e-06
-0.00934952
5.4893e-06
-0.00935568
6.17678e-06
6.46268e-06
-0.00940683
1.64607e-08
-0.00940716
8.21146e-08
-0.00940749
7.95231e-08
-0.00940778
7.09089e-08
-0.00940805
6.37095e-08
-0.0094083
5.70081e-08
-0.00940852
5.07808e-08
-0.00940873
4.46001e-08
-0.00940891
3.7372e-08
-0.00940905
2.69052e-08
-0.00940912
9.52702e-09
-0.00940908
-1.98132e-08
-0.00940885
-6.55312e-08
-0.00940834
-1.35078e-07
-0.00940746
-2.26386e-07
-0.00940613
-3.35266e-07
-0.00940432
-4.53976e-07
-0.00940201
-5.77639e-07
-0.00939915
-7.1123e-07
-0.00939564
-8.7275e-07
-0.00939124
-1.09477e-06
-0.00938561
-1.40514e-06
-0.00937843
-1.79124e-06
-0.00937042
-1.93843e-06
-1.89353e-06
-0.00930896
-6.44628e-07
-2.03325e-08
-0.00930851
-3.13892e-07
-8.43587e-08
-0.00930803
-3.48954e-07
-8.21084e-08
-0.00930759
-3.23769e-07
-7.36176e-08
-0.00930719
-3.04139e-07
-6.65482e-08
-0.00930681
-2.86955e-07
-6.00411e-08
-0.00930646
-2.71861e-07
-5.39827e-08
-0.00930613
-2.57226e-07
-4.79348e-08
-0.00930584
-2.39082e-07
-4.07556e-08
-0.00930559
-2.09767e-07
-3.02377e-08
-0.00930543
-1.56984e-07
-1.2629e-08
-0.00930541
-6.38513e-08
1.68701e-08
-0.00930562
8.66106e-08
6.34401e-08
-0.00930618
3.02e-07
1.34175e-07
-0.00930719
5.82337e-07
2.27438e-07
-0.00930875
9.08707e-07
3.39508e-07
-0.00931088
1.25462e-06
4.63424e-07
-0.00931362
1.60244e-06
5.95607e-07
-0.009317
1.96087e-06
7.43217e-07
-0.00932114
2.37512e-06
9.27887e-07
-0.00932631
2.92693e-06
1.1868e-06
-0.00933295
3.7013e-06
1.5534e-06
-0.00934145
4.70756e-06
2.01273e-06
-0.0093511
5.47601e-06
2.22572e-06
6.73038e-06
2.22383e-06
-0.00939305
-0.00939328
-0.00939355
-0.0093938
-0.00939403
-0.00939425
-0.00939445
-0.00939464
-0.00939482
-0.00939498
-0.0093951
-0.00939514
-0.00939507
-0.00939481
-0.00939431
-0.0093935
-0.00939236
-0.00939089
-0.00938905
-0.00938678
-0.00938392
-0.00938023
-0.00937539
-0.00936967
-0.00932782
-3.16258e-07
-6.20931e-11
-0.00932755
-3.05042e-07
-1.96402e-09
-0.00932728
-3.00595e-07
-2.02262e-09
-0.00932703
-2.7538e-07
-2.24934e-09
-0.00932681
-2.53588e-07
-2.55955e-09
-0.0093266
-2.33953e-07
-2.94696e-09
-0.00932641
-2.15837e-07
-3.40746e-09
-0.00932623
-1.97219e-07
-4.02535e-09
-0.00932607
-1.73469e-07
-4.80287e-09
-0.00932595
-1.35965e-07
-5.80859e-09
-0.00932588
-7.10794e-08
-7.22702e-09
-0.00932591
3.85062e-08
-8.68164e-09
-0.00932609
2.10821e-07
-1.12873e-08
-0.0093265
4.55412e-07
-1.4716e-08
-0.0093272
7.70358e-07
-1.95246e-08
-0.00932825
1.13616e-06
-2.64808e-08
-0.00932966
1.52749e-06
-3.69499e-08
-0.00933147
1.93149e-06
-5.29195e-08
-0.00933368
2.36839e-06
-7.77146e-08
-0.00933638
2.90143e-06
-1.15843e-07
-0.00933974
3.63865e-06
-1.75412e-07
-0.00934405
4.68309e-06
-2.58612e-07
-0.00934951
5.98685e-06
-3.67386e-07
-0.00935567
6.82857e-06
-4.49961e-07
7.1225e-06
-4.37789e-07
-0.00940683
-0.00940716
-0.00940748
-0.00940778
-0.00940805
-0.0094083
-0.00940852
-0.00940873
-0.00940891
-0.00940905
-0.00940912
-0.00940908
-0.00940885
-0.00940835
-0.00940746
-0.00940614
-0.00940433
-0.00940201
-0.00939916
-0.00939565
-0.00939125
-0.00938562
-0.00937846
-0.00937045
-0.00940683
3.16316e-07
-0.00940716
3.09055e-07
-0.00940749
3.0467e-07
-0.00940778
2.79929e-07
-0.00940805
2.58755e-07
-0.0094083
2.39781e-07
-0.00940852
2.22491e-07
-0.00940873
2.0489e-07
-0.00940891
1.82439e-07
-0.00940905
1.46534e-07
-0.00940912
8.36634e-08
-0.00940908
-2.35285e-08
-0.00940885
-1.91994e-07
-0.00940834
-4.31744e-07
-0.00940746
-7.40216e-07
-0.00940613
-1.09719e-06
-0.00940432
-1.47592e-06
-0.00940201
-1.86203e-06
-0.00939915
-2.2731e-06
-0.00939564
-2.76921e-06
-0.00939124
-3.45305e-06
-0.00938561
-4.42841e-06
-0.00937843
-5.65166e-06
-0.00937042
-6.43975e-06
-6.76947e-06
-0.00932783
-0.00932756
-0.00932729
-0.00932704
-0.00932682
-0.00932661
-0.00932642
-0.00932624
-0.00932609
-0.00932596
-0.00932589
-0.00932592
-0.0093261
-0.00932651
-0.00932721
-0.00932826
-0.00932968
-0.00933148
-0.00933369
-0.00933639
-0.00933976
-0.00934406
-0.00934953
-0.00935569
)
;

boundaryField
{
    outletCentralUnloaded
    {
        type            calculated;
        value           nonuniform List<scalar> 2(0.00584964 0.00584964);
    }
    inletCentralUnloaded
    {
        type            calculated;
        value           nonuniform List<scalar> 2(-0.00587369 -0.00587369);
    }
    outletFuelElement
    {
        type            calculated;
        value           nonuniform List<scalar> 
12
(
0.00939248
0.00930962
0.00940656
0.0093281
0.00932811
0.00940656
0.00930962
0.00939248
0.0093281
0.00940656
0.00940656
0.00932811
)
;
    }
    inletFuelElement
    {
        type            calculated;
        value           nonuniform List<scalar> 
12
(
-0.00953539
-0.0095354
-0.00953539
-0.00953539
-0.0095354
-0.00953539
-0.0095354
-0.00953539
-0.00953539
-0.00953539
-0.00953539
-0.0095354
)
;
    }
    defaultFaces
    {
        type            calculated;
        value           nonuniform List<scalar> 
450
(
-5.00666e-24
-2.26777e-23
0
9.0408e-24
-4.42555e-24
0
7.46414e-24
3.43129e-24
0
-1.96908e-23
-8.17131e-24
0
-8.35252e-24
-1.51197e-23
0
-2.34749e-23
-1.2737e-23
0
-1.46185e-23
-1.14725e-23
0
-1.58757e-23
-3.02081e-24
0
-1.30824e-23
-1.10873e-23
0
-1.61177e-23
-2.81543e-24
0
-1.00033e-23
-5.33328e-24
0
-3.7357e-24
-1.36621e-24
0
8.07731e-24
3.09671e-24
0
1.77612e-23
4.37129e-24
0
4.16806e-23
1.8097e-23
0
5.84296e-23
2.67156e-23
0
7.70041e-23
3.3284e-24
0
1.04542e-22
5.55279e-23
0
1.24486e-22
-6.79612e-23
0
-7.901e-23
-2.23429e-23
0
-5.82836e-23
-8.98685e-24
0
1.84411e-22
-1.47054e-22
0
-1.87807e-22
2.64956e-23
0
-2.49872e-22
-1.21633e-22
0
-2.05799e-22
-2.34698e-22
0
1.29814e-23
0
1.13292e-23
0
-3.8701e-24
0
9.98006e-24
0
-4.14505e-24
0
8.66641e-24
0
4.56191e-24
0
7.25762e-24
0
-3.87927e-24
0
4.18251e-24
0
4.74118e-24
0
-8.33988e-25
0
-7.4182e-24
0
-2.08785e-23
0
-2.85964e-23
0
-5.5229e-23
0
7.80906e-23
0
-6.24867e-23
0
3.82852e-23
0
-1.4407e-22
0
-1.23655e-22
0
2.04504e-22
0
-5.53497e-23
0
-2.99928e-22
0
-2.8813e-22
0
-7.31196e-24
-3.72193e-24
3.81378e-24
-7.8669e-24
8.16755e-24
0
-8.98712e-24
0
2.547e-24
-2.74592e-24
-1.49403e-24
4.10629e-25
3.65268e-24
0
9.39083e-24
4.35454e-23
-7.70062e-23
3.08318e-23
-1.13445e-22
4.74866e-23
6.12214e-23
-8.11405e-23
-2.20089e-22
0
-9.59495e-23
0
0
0
0
0
0
0
0
0
0
0
0
0
0
0
0
0
0
0
0
0
0
0
0
0
-9.27243e-24
3.70897e-24
3.7764e-24
1.13292e-23
1.16103e-23
1.54804e-23
-5.98803e-24
-7.98404e-24
8.2901e-24
-4.14505e-24
-8.6664e-24
-4.3332e-24
-2.28095e-24
-6.84286e-24
-4.83841e-24
-2.4192e-24
9.05163e-24
-5.17236e-24
-4.18251e-24
-1.39417e-24
-1.51718e-24
-1.51718e-24
8.33987e-25
1.35523e-24
5.56364e-24
7.41819e-24
8.35138e-24
8.35138e-24
2.85964e-23
2.38303e-23
2.20915e-23
3.31373e-23
-5.20603e-23
6.50754e-23
6.24866e-23
3.12433e-23
-1.5314e-22
9.57127e-23
-1.44069e-22
-9.60463e-23
-3.09138e-23
-1.23655e-22
-2.04504e-22
2.45404e-22
-1.10699e-22
-2.21399e-22
-7.49819e-23
-1.49964e-22
-2.8813e-22
-1.92087e-22
1.54264e-23
0
0
4.99112e-24
0
0
1.00225e-23
0
-3.08823e-23
-2.60627e-23
0
3.98184e-24
6.95121e-24
0
-4.13443e-24
-2.86054e-23
0
4.32205e-24
-2.32468e-23
0
4.55013e-24
-2.09698e-23
0
4.82588e-24
-1.46801e-23
0
-5.15894e-24
-2.12517e-23
0
2.78109e-24
-1.43016e-23
0
6.05294e-24
-4.95872e-24
0
0
8.26153e-24
-0
-1.84978e-24
2.51896e-23
-0
-4.1651e-24
5.5121e-23
-0
-9.50847e-24
8.00167e-23
-0
-1.10192e-23
5.67944e-23
-0
-2.59703e-23
1.2236e-22
-0
0
5.96243e-23
-0
-3.82082e-23
-1.34017e-22
-0
4.79361e-23
-8.51392e-23
-0
0
1.90409e-22
-0
8.1696e-23
-1.34348e-22
-0
0
-6.87203e-23
-0
1.49883e-22
-1.46663e-22
-0
9.60273e-23
0
0
3.81378e-24
-3.93345e-24
0
0
-4.49356e-24
0
-2.547e-24
-2.74592e-24
-1.49403e-24
8.21258e-25
0
0
9.39083e-24
0
-5.13374e-23
0
-1.13445e-22
-9.49732e-23
0
-1.62281e-22
-2.20089e-22
0
0
8.34519e-24
0
7.55281e-24
0
0
0
7.98405e-24
0
-2.07253e-24
0
4.33321e-24
0
9.12382e-24
0
4.83841e-24
0
0
0
5.57668e-24
0
1.89647e-24
0
-1.66798e-24
-0
-5.56365e-24
-0
-1.25271e-23
-0
-2.85964e-23
-0
-3.31374e-23
-0
7.80906e-23
-0
-3.12434e-23
-0
1.53141e-22
-0
-1.92093e-22
-0
-1.23655e-22
-0
8.18016e-23
-0
0
-0
-3.7491e-22
-0
-9.60434e-23
-0
-6.4907e-24
3.70897e-24
-7.5528e-24
1.13292e-23
-7.7402e-24
7.7402e-24
-7.98404e-24
-2.19561e-23
0
6.21757e-24
-8.6664e-24
-1.94994e-23
-4.56191e-24
-1.36857e-23
-4.83841e-24
-1.2096e-23
-1.29309e-24
-7.75854e-24
-2.78834e-24
-9.75919e-24
-2.27576e-24
-5.31012e-24
4.16994e-25
2.82774e-24
5.56364e-24
1.66909e-23
1.25271e-23
3.34055e-23
2.85964e-23
6.19588e-23
3.31373e-23
8.83662e-23
0
7.80904e-23
4.68649e-23
1.71838e-22
0
9.57127e-23
0
-7.20347e-23
0
-1.23655e-22
4.09007e-23
2.45404e-22
1.66049e-22
-1.66049e-22
-7.49819e-23
-2.24946e-22
0
-1.92087e-22
-0
-0
-0
-0
-0
-0
-0
-0
-0
-0
-0
0
0
0
0
0
0
0
0
0
0
0
0
0
0
)
;
    }
    baffle_master
    {
        type            calculated;
        value           nonuniform List<scalar> 
150
(
-1.26825e-28
0
0
-3.05484e-29
0
-4.96964e-28
-6.47356e-28
0
-9.9401e-28
2.49126e-28
0
0
-2.48705e-27
0
-1.49126e-27
-1.84468e-28
0
-4.97127e-28
-1.3918e-28
0
0
8.74406e-28
0
0
3.45652e-28
0
4.9725e-28
-3.15242e-28
0
0
-2.99852e-28
0
0
-2.65091e-27
0
3.97899e-27
-4.00438e-28
0
0
-3.38208e-30
0
-1.24364e-28
-5.21471e-28
0
0
-1.04403e-27
0
-3.98031e-27
-3.83356e-26
0
-2.38838e-26
1.97565e-27
0
3.98097e-27
-4.7792e-27
0
-3.9813e-27
9.7933e-28
0
0
2.37322e-27
0
3.98196e-27
-1.79318e-26
0
-7.96457e-27
5.44802e-28
0
-3.98262e-27
1.48948e-28
0
9.95735e-28
4.94314e-28
0
-1.99163e-27
0
5.41016e-28
-0
-4.96964e-28
-7.84374e-28
0
9.9401e-28
-1.4583e-27
0
1.98818e-27
-4.3438e-27
0
0
7.03355e-28
0
-9.94255e-28
1.09353e-27
-0
-1.98867e-27
2.5836e-27
-0
0
1.8207e-27
-0
4.9725e-28
1.28626e-27
-0
1.98917e-27
-2.55402e-27
0
3.97866e-27
-7.19482e-27
0
0
-9.29037e-27
0
1.98966e-27
-2.15624e-27
0
-1.24364e-28
3.49111e-28
-0
0
1.02321e-26
-0
-3.98031e-27
8.96546e-27
-0
7.96128e-27
1.97095e-26
-0
-3.98097e-27
1.28998e-26
-0
1.99065e-27
5.51497e-28
-0
-1.99081e-27
1.38154e-27
0
3.98196e-27
2.63306e-27
0
-3.98229e-27
1.68071e-26
0
-7.96523e-27
-1.19226e-26
0
9.95735e-28
1.81074e-27
0
0
-2.6205e-27
-0
)
;
    }
    baffle_slave
    {
        type            calculated;
        value           nonuniform List<scalar> 
150
(
-1.60826e-24
-0
0
9.27262e-25
-0
3.72193e-24
-2.01897e-24
-0
-3.81378e-24
1.5923e-24
-0
3.93345e-24
-1.52593e-23
-0
-8.16755e-24
3.98743e-25
-0
0
-1.39911e-24
-0
0
5.93493e-25
-0
0
1.58597e-24
-0
-2.547e-24
0
-0
0
-3.72103e-25
-0
-1.49403e-24
2.0454e-24
0
0
0
0
3.65268e-24
0
0
0
-2.33904e-24
0
9.39083e-24
-2.71178e-24
0
0
-7.35409e-23
0
-7.70062e-23
0
0
3.08318e-23
-8.48211e-23
0
-1.13445e-22
8.87863e-24
0
-4.74866e-23
7.63368e-24
0
-6.12214e-23
1.31583e-22
0
8.11405e-23
2.06024e-23
0
1.10045e-22
0
0
-1.49459e-22
-4.19678e-23
0
-1.91899e-22
-2.59341e-24
2.35689e-23
0
-6.81415e-24
5.67948e-24
0
5.88646e-24
1.08074e-23
0
-4.35482e-24
1.15136e-23
0
2.98571e-24
-1.52593e-23
0
-3.89353e-24
8.10778e-24
0
-2.60316e-24
9.37405e-24
0
-2.20626e-24
6.0833e-24
0
5.58143e-24
6.97826e-24
0
-1.5314e-24
4.27446e-24
0
-1.4025e-24
4.93037e-24
0
-2.33368e-25
3.17038e-24
0
-2.4814e-24
-6.82296e-25
0
1.04458e-24
-7.07432e-24
0
4.27638e-24
-1.68484e-23
0
3.26797e-23
-2.61009e-23
0
-8.72784e-23
-2.67785e-23
0
7.1428e-24
-5.85788e-23
0
-3.60619e-23
7.06842e-24
0
-3.81232e-23
2.66359e-23
0
-8.30703e-24
4.96189e-23
0
-1.54129e-22
1.26522e-22
0
-1.52878e-22
-1.03012e-22
0
1.87402e-23
7.46659e-23
0
6.46174e-23
1.07917e-22
0
)
;
    }
}


// ************************************************************************* //
