/*--------------------------------*- C++ -*----------------------------------*\
| =========                 |                                                 |
| \\      /  F ield         | OpenFOAM: The Open Source CFD Toolbox           |
|  \\    /   O peration     | Version:  2212                                  |
|   \\  /    A nd           | Website:  www.openfoam.com                      |
|    \\/     M anipulation  |                                                 |
\*---------------------------------------------------------------------------*/
FoamFile
{
    version     2.0;
    format      ascii;
    arch        "LSB;label=32;scalar=64";
    class       volScalarField;
    location    "45/fluidRegion";
    object      alphat;
}
// * * * * * * * * * * * * * * * * * * * * * * * * * * * * * * * * * * * * * //

dimensions      [1 -1 -1 0 0 0 0];

internalField   nonuniform List<scalar> 
350
(
0.00258572
0.00258572
0.00258571
0.0025857
0.00258567
0.00258565
0.00258563
0.00258563
0.00258563
0.00258564
0.00258567
0.0025857
0.00258575
0.00258582
0.00258594
0.00258612
0.0025864
0.00258685
0.00258754
0.0025886
0.00259022
0.00259271
0.0025965
0.00260228
0.00261109
0.00258572
0.00258572
0.00258571
0.0025857
0.00258567
0.00258565
0.00258563
0.00258563
0.00258563
0.00258564
0.00258567
0.0025857
0.00258575
0.00258582
0.00258594
0.00258612
0.0025864
0.00258685
0.00258754
0.0025886
0.00259022
0.00259271
0.0025965
0.00260228
0.00261109
0.000895749
0.000884117
0.000872689
0.000861103
0.000849253
0.000837033
0.000824338
0.00081107
0.000797142
0.000782492
0.000767087
0.000750934
0.000734076
0.000716583
0.000698535
0.000680028
0.000661238
0.000642622
0.000625364
0.000612301
0.00060983
0.000631326
0.000699553
0.000832145
0.00100184
0.000887905
0.000876286
0.000864893
0.000853349
0.00084155
0.000829388
0.000816757
0.00080356
0.000789708
0.000775138
0.000759819
0.000743763
0.000727021
0.000709676
0.00069182
0.000673556
0.000655062
0.000636782
0.000619875
0.000607154
0.000604998
0.000626822
0.000695613
0.000829457
0.0010011
0.000897001
0.000885356
0.000873918
0.00086232
0.000850458
0.000838223
0.000825513
0.000812229
0.000798285
0.000783618
0.000768194
0.00075202
0.000735138
0.000717615
0.00069953
0.000680977
0.000662133
0.000643457
0.000626135
0.000613008
0.000610475
0.000631909
0.000700052
0.000832488
0.00100196
0.000889706
0.000878088
0.00086669
0.00085514
0.000843331
0.000831158
0.000818514
0.000805302
0.000791433
0.000776845
0.000761507
0.000745428
0.000728659
0.000711279
0.000693378
0.000675058
0.000656495
0.000638137
0.000621148
0.000608348
0.000606119
0.000627867
0.000696528
0.000830083
0.00100127
0.000889706
0.000878088
0.00086669
0.00085514
0.000843331
0.000831158
0.000818514
0.000805302
0.000791433
0.000776845
0.000761506
0.000745427
0.000728658
0.000711278
0.000693377
0.000675057
0.000656495
0.000638136
0.000621148
0.000608347
0.000606118
0.000627867
0.000696528
0.000830084
0.00100127
0.000897001
0.000885356
0.000873918
0.00086232
0.000850457
0.000838223
0.000825513
0.000812229
0.000798285
0.000783617
0.000768193
0.000752019
0.000735137
0.000717614
0.000699528
0.000680975
0.00066213
0.000643454
0.000626131
0.000613003
0.00061047
0.000631903
0.000700046
0.000832483
0.00100196
0.000887905
0.000876286
0.000864893
0.00085335
0.00084155
0.000829388
0.000816758
0.00080356
0.000789708
0.000775138
0.000759819
0.000743763
0.000727021
0.000709676
0.00069182
0.000673557
0.000655063
0.000636782
0.000619875
0.000607154
0.000604998
0.000626821
0.000695613
0.000829457
0.0010011
0.000895749
0.000884117
0.000872689
0.000861103
0.000849253
0.000837033
0.000824338
0.00081107
0.000797142
0.000782492
0.000767087
0.000750934
0.000734076
0.000716583
0.000698535
0.000680028
0.000661237
0.000642621
0.000625362
0.000612299
0.000609826
0.00063132
0.000699544
0.000832135
0.00100183
0.000889706
0.000878088
0.00086669
0.00085514
0.000843331
0.000831157
0.000818514
0.000805302
0.000791433
0.000776845
0.000761506
0.000745427
0.000728658
0.000711278
0.000693377
0.000675058
0.000656495
0.000638137
0.000621148
0.000608347
0.000606118
0.000627865
0.000696525
0.000830079
0.00100127
0.000897001
0.000885356
0.000873918
0.00086232
0.000850458
0.000838224
0.000825514
0.000812229
0.000798285
0.000783618
0.000768194
0.00075202
0.000735138
0.000717616
0.000699531
0.000680978
0.000662134
0.000643459
0.000626137
0.000613012
0.000610482
0.00063192
0.000700069
0.00083251
0.00100198
0.000897001
0.000885355
0.000873917
0.00086232
0.000850457
0.000838223
0.000825513
0.000812228
0.000798284
0.000783616
0.000768192
0.000752018
0.000735136
0.000717612
0.000699527
0.000680974
0.000662129
0.000643452
0.000626129
0.000613001
0.000610468
0.000631902
0.000700047
0.000832485
0.00100196
0.000889706
0.000878088
0.00086669
0.000855139
0.000843331
0.000831157
0.000818514
0.000805302
0.000791433
0.000776845
0.000761506
0.000745427
0.000728658
0.000711278
0.000693377
0.000675057
0.000656494
0.000638135
0.000621145
0.000608343
0.000606112
0.000627857
0.000696515
0.000830067
0.00100126
)
;

boundaryField
{
    outletCentralUnloaded
    {
        type            zeroGradient;
    }
    inletCentralUnloaded
    {
        type            zeroGradient;
    }
    outletFuelElement
    {
        type            zeroGradient;
    }
    inletFuelElement
    {
        type            zeroGradient;
    }
    defaultFaces
    {
        type            zeroGradient;
    }
    baffle_master
    {
        type            calculated;
        value           nonuniform List<scalar> 
150
(
0.00258572
0.00258572
0.00258572
0.00258572
0.00258572
0.00258572
0.00258571
0.00258571
0.00258571
0.0025857
0.0025857
0.0025857
0.00258567
0.00258567
0.00258567
0.00258565
0.00258565
0.00258565
0.00258563
0.00258563
0.00258563
0.00258563
0.00258563
0.00258563
0.00258563
0.00258563
0.00258563
0.00258564
0.00258564
0.00258564
0.00258567
0.00258567
0.00258567
0.0025857
0.0025857
0.0025857
0.00258575
0.00258575
0.00258575
0.00258582
0.00258582
0.00258582
0.00258594
0.00258594
0.00258594
0.00258612
0.00258612
0.00258612
0.0025864
0.0025864
0.0025864
0.00258685
0.00258685
0.00258685
0.00258754
0.00258754
0.00258754
0.0025886
0.0025886
0.0025886
0.00259022
0.00259022
0.00259022
0.00259271
0.00259271
0.00259271
0.0025965
0.0025965
0.0025965
0.00260228
0.00260228
0.00260228
0.00261109
0.00261109
0.00261109
0.00258572
0.00258572
0.00258572
0.00258572
0.00258572
0.00258572
0.00258571
0.00258571
0.00258571
0.0025857
0.0025857
0.0025857
0.00258567
0.00258567
0.00258567
0.00258565
0.00258565
0.00258565
0.00258563
0.00258563
0.00258563
0.00258563
0.00258563
0.00258563
0.00258563
0.00258563
0.00258563
0.00258564
0.00258564
0.00258564
0.00258567
0.00258567
0.00258567
0.0025857
0.0025857
0.0025857
0.00258575
0.00258575
0.00258575
0.00258582
0.00258582
0.00258582
0.00258594
0.00258594
0.00258594
0.00258612
0.00258612
0.00258612
0.0025864
0.0025864
0.0025864
0.00258685
0.00258685
0.00258685
0.00258754
0.00258754
0.00258754
0.0025886
0.0025886
0.0025886
0.00259022
0.00259022
0.00259022
0.00259271
0.00259271
0.00259271
0.0025965
0.0025965
0.0025965
0.00260228
0.00260228
0.00260228
0.00261109
0.00261109
0.00261109
)
;
    }
    baffle_slave
    {
        type            calculated;
        value           nonuniform List<scalar> 
150
(
0.000887905
0.000889706
0.000889706
0.000876286
0.000878088
0.000878088
0.000864893
0.00086669
0.00086669
0.000853349
0.00085514
0.000855139
0.00084155
0.000843331
0.000843331
0.000829388
0.000831158
0.000831157
0.000816757
0.000818514
0.000818514
0.00080356
0.000805302
0.000805302
0.000789708
0.000791433
0.000791433
0.000775138
0.000776845
0.000776845
0.000759819
0.000761507
0.000761506
0.000743763
0.000745428
0.000745427
0.000727021
0.000728659
0.000728658
0.000709676
0.000711279
0.000711278
0.00069182
0.000693378
0.000693377
0.000673556
0.000675058
0.000675057
0.000655062
0.000656495
0.000656494
0.000636782
0.000638137
0.000638135
0.000619875
0.000621148
0.000621145
0.000607154
0.000608348
0.000608343
0.000604998
0.000606119
0.000606112
0.000626822
0.000627867
0.000627857
0.000695613
0.000696528
0.000696515
0.000829457
0.000830083
0.000830067
0.0010011
0.00100127
0.00100126
0.000889706
0.000887905
0.000889706
0.000878088
0.000876286
0.000878088
0.00086669
0.000864893
0.00086669
0.00085514
0.00085335
0.00085514
0.000843331
0.00084155
0.000843331
0.000831158
0.000829388
0.000831157
0.000818514
0.000816758
0.000818514
0.000805302
0.00080356
0.000805302
0.000791433
0.000789708
0.000791433
0.000776845
0.000775138
0.000776845
0.000761506
0.000759819
0.000761506
0.000745427
0.000743763
0.000745427
0.000728658
0.000727021
0.000728658
0.000711278
0.000709676
0.000711278
0.000693377
0.00069182
0.000693377
0.000675057
0.000673557
0.000675058
0.000656495
0.000655063
0.000656495
0.000638136
0.000636782
0.000638137
0.000621148
0.000619875
0.000621148
0.000608347
0.000607154
0.000608347
0.000606118
0.000604998
0.000606118
0.000627867
0.000626821
0.000627865
0.000696528
0.000695613
0.000696525
0.000830084
0.000829457
0.000830079
0.00100127
0.0010011
0.00100127
)
;
    }
}


// ************************************************************************* //
