/*--------------------------------*- C++ -*----------------------------------*\
| =========                 |                                                 |
| \\      /  F ield         | OpenFOAM: The Open Source CFD Toolbox           |
|  \\    /   O peration     | Version:  2212                                  |
|   \\  /    A nd           | Website:  www.openfoam.com                      |
|    \\/     M anipulation  |                                                 |
\*---------------------------------------------------------------------------*/
FoamFile
{
    version     2.0;
    format      ascii;
    arch        "LSB;label=32;scalar=64";
    class       volScalarField;
    location    "45/fluidRegion";
    object      dgdt;
}
// * * * * * * * * * * * * * * * * * * * * * * * * * * * * * * * * * * * * * //

dimensions      [0 0 -1 0 0 0 0];

internalField   nonuniform List<scalar> 
350
(
0.00534732
0.00532923
0.00528565
0.00526203
0.00525831
0.00526872
0.00528557
0.00530242
0.00531548
0.00532327
0.00532565
0.00532333
0.00531781
0.00531145
0.00530684
0.0053056
0.00530737
0.00530978
0.00530998
0.00530678
0.00530163
0.00529696
0.00527004
0.00520753
0.00258683
0.00534732
0.00532923
0.00528565
0.00526204
0.00525831
0.00526872
0.00528557
0.00530242
0.00531548
0.00532327
0.00532565
0.00532333
0.00531781
0.00531145
0.00530683
0.0053056
0.00530737
0.00530978
0.00530998
0.00530678
0.00530163
0.00529696
0.00527004
0.00520753
0.00258683
40.4538
50.6555
64.5555
77.3695
89.0425
99.5315
108.803
116.827
123.569
128.977
132.97
135.424
136.177
135.054
131.919
126.741
119.639
110.859
100.7
89.3952
77.0432
63.5736
48.822
32.7832
20.3953
40.507
50.5922
64.6218
77.5574
89.3444
99.9393
109.309
117.425
124.254
129.748
133.83
136.378
137.227
136.193
133.124
127.976
120.856
112.012
101.755
90.3307
77.8494
64.2424
49.3393
33.1288
20.6052
40.432
50.6407
64.5207
77.316
88.9715
99.4444
108.701
116.712
123.44
128.836
132.815
135.256
135.995
134.86
131.716
126.536
119.439
110.67
100.528
89.2432
76.9124
63.4655
48.7385
32.7274
20.3613
40.505
50.6259
64.6247
77.5318
89.2917
99.8615
109.208
117.301
124.11
129.583
133.644
136.169
136.996
135.94
132.854
127.698
120.581
111.75
101.515
90.1174
77.6653
64.0894
49.2209
33.0496
20.5571
40.505
50.626
64.6247
77.5318
89.2917
99.8614
109.208
117.301
124.11
129.583
133.644
136.169
136.996
135.94
132.854
127.698
120.581
111.75
101.515
90.1174
77.6653
64.0894
49.2209
33.0496
20.5571
40.432
50.6407
64.5207
77.316
88.9715
99.4444
108.701
116.712
123.44
128.836
132.815
135.256
135.995
134.86
131.716
126.536
119.439
110.67
100.528
89.2432
76.9125
63.4655
48.7385
32.7274
20.3613
40.507
50.5922
64.6218
77.5574
89.3444
99.9393
109.309
117.425
124.254
129.748
133.83
136.378
137.227
136.193
133.124
127.976
120.856
112.012
101.755
90.3307
77.8494
64.2424
49.3393
33.1288
20.6052
40.4538
50.6555
64.5555
77.3696
89.0425
99.5315
108.803
116.827
123.569
128.977
132.97
135.424
136.177
135.054
131.919
126.741
119.639
110.859
100.7
89.3952
77.0432
63.5736
48.822
32.7832
20.3953
40.5049
50.6259
64.6247
77.5318
89.2917
99.8614
109.208
117.301
124.11
129.583
133.644
136.169
136.996
135.94
132.854
127.698
120.581
111.75
101.515
90.1173
77.6652
64.0894
49.2208
33.0495
20.5571
40.432
50.6407
64.5207
77.316
88.9715
99.4444
108.701
116.712
123.44
128.836
132.815
135.256
135.995
134.86
131.716
126.536
119.439
110.67
100.528
89.2431
76.9124
63.4654
48.7385
32.7273
20.3612
40.432
50.6407
64.5207
77.316
88.9715
99.4444
108.701
116.712
123.44
128.836
132.815
135.256
135.995
134.86
131.716
126.536
119.439
110.67
100.528
89.2432
76.9125
63.4655
48.7385
32.7274
20.3613
40.505
50.626
64.6247
77.5318
89.2917
99.8615
109.208
117.301
124.11
129.583
133.644
136.169
136.996
135.94
132.854
127.698
120.581
111.75
101.515
90.1174
77.6653
64.0895
49.2209
33.0496
20.5571
)
;

boundaryField
{
    outletCentralUnloaded
    {
        type            calculated;
        value           nonuniform List<scalar> 2(0.00534732 0.00534732);
    }
    inletCentralUnloaded
    {
        type            calculated;
        value           nonuniform List<scalar> 2(0.00258683 0.00258683);
    }
    outletFuelElement
    {
        type            calculated;
        value           nonuniform List<scalar> 
12
(
40.4538
40.507
40.432
40.505
40.505
40.432
40.507
40.4538
40.5049
40.432
40.432
40.505
)
;
    }
    inletFuelElement
    {
        type            calculated;
        value           nonuniform List<scalar> 
12
(
20.3953
20.6052
20.3613
20.5571
20.5571
20.3613
20.6052
20.3953
20.5571
20.3612
20.3613
20.5571
)
;
    }
    defaultFaces
    {
        type            calculated;
        value           nonuniform List<scalar> 
450
(
40.4538
40.4538
40.4538
50.6555
50.6555
50.6555
64.5555
64.5555
64.5555
77.3695
77.3695
77.3695
89.0425
89.0425
89.0425
99.5315
99.5315
99.5315
108.803
108.803
108.803
116.827
116.827
116.827
123.569
123.569
123.569
128.977
128.977
128.977
132.97
132.97
132.97
135.424
135.424
135.424
136.177
136.177
136.177
135.054
135.054
135.054
131.919
131.919
131.919
126.741
126.741
126.741
119.639
119.639
119.639
110.859
110.859
110.859
100.7
100.7
100.7
89.3952
89.3952
89.3952
77.0432
77.0432
77.0432
63.5736
63.5736
63.5736
48.822
48.822
48.822
32.7832
32.7832
32.7832
20.3953
20.3953
20.3953
40.432
40.432
50.6407
50.6407
64.5207
64.5207
77.316
77.316
88.9715
88.9715
99.4444
99.4444
108.701
108.701
116.712
116.712
123.44
123.44
128.836
128.836
132.815
132.815
135.256
135.256
135.995
135.995
134.86
134.86
131.716
131.716
126.536
126.536
119.439
119.439
110.67
110.67
100.528
100.528
89.2432
89.2432
76.9124
76.9124
63.4655
63.4655
48.7385
48.7385
32.7274
32.7274
20.3613
20.3613
40.505
50.6259
64.6247
77.5318
89.2917
99.8615
109.208
117.301
124.11
129.583
133.644
136.169
136.996
135.94
132.854
127.698
120.581
111.75
101.515
90.1174
77.6653
64.0894
49.2209
33.0496
20.5571
40.505
50.626
64.6247
77.5318
89.2917
99.8614
109.208
117.301
124.11
129.583
133.644
136.169
136.996
135.94
132.854
127.698
120.581
111.75
101.515
90.1174
77.6653
64.0894
49.2209
33.0496
20.5571
40.432
40.432
50.6407
50.6407
64.5207
64.5207
77.316
77.316
88.9715
88.9715
99.4444
99.4444
108.701
108.701
116.712
116.712
123.44
123.44
128.836
128.836
132.815
132.815
135.256
135.256
135.995
135.995
134.86
134.86
131.716
131.716
126.536
126.536
119.439
119.439
110.67
110.67
100.528
100.528
89.2432
89.2432
76.9125
76.9125
63.4655
63.4655
48.7385
48.7385
32.7274
32.7274
20.3613
20.3613
40.4538
40.4538
40.4538
50.6555
50.6555
50.6555
64.5555
64.5555
64.5555
77.3696
77.3696
77.3696
89.0425
89.0425
89.0425
99.5315
99.5315
99.5315
108.803
108.803
108.803
116.827
116.827
116.827
123.569
123.569
123.569
128.977
128.977
128.977
132.97
132.97
132.97
135.424
135.424
135.424
136.177
136.177
136.177
135.054
135.054
135.054
131.919
131.919
131.919
126.741
126.741
126.741
119.639
119.639
119.639
110.859
110.859
110.859
100.7
100.7
100.7
89.3952
89.3952
89.3952
77.0432
77.0432
77.0432
63.5736
63.5736
63.5736
48.822
48.822
48.822
32.7832
32.7832
32.7832
20.3953
20.3953
20.3953
40.5049
50.6259
64.6247
77.5318
89.2917
99.8614
109.208
117.301
124.11
129.583
133.644
136.169
136.996
135.94
132.854
127.698
120.581
111.75
101.515
90.1173
77.6652
64.0894
49.2208
33.0495
20.5571
40.432
40.432
50.6407
50.6407
64.5207
64.5207
77.316
77.316
88.9715
88.9715
99.4444
99.4444
108.701
108.701
116.712
116.712
123.44
123.44
128.836
128.836
132.815
132.815
135.256
135.256
135.995
135.995
134.86
134.86
131.716
131.716
126.536
126.536
119.439
119.439
110.67
110.67
100.528
100.528
89.2431
89.2431
76.9124
76.9124
63.4654
63.4654
48.7385
48.7385
32.7273
32.7273
20.3612
20.3612
40.432
40.432
50.6407
50.6407
64.5207
64.5207
77.316
77.316
88.9715
88.9715
99.4444
99.4444
108.701
108.701
116.712
116.712
123.44
123.44
128.836
128.836
132.815
132.815
135.256
135.256
135.995
135.995
134.86
134.86
131.716
131.716
126.536
126.536
119.439
119.439
110.67
110.67
100.528
100.528
89.2432
89.2432
76.9125
76.9125
63.4655
63.4655
48.7385
48.7385
32.7274
32.7274
20.3613
20.3613
40.505
50.626
64.6247
77.5318
89.2917
99.8615
109.208
117.301
124.11
129.583
133.644
136.169
136.996
135.94
132.854
127.698
120.581
111.75
101.515
90.1174
77.6653
64.0895
49.2209
33.0496
20.5571
)
;
    }
    baffle_master
    {
        type            calculated;
        value           nonuniform List<scalar> 
150
(
0.00534732
0.00534732
0.00534732
0.00532923
0.00532923
0.00532923
0.00528565
0.00528565
0.00528565
0.00526203
0.00526203
0.00526203
0.00525831
0.00525831
0.00525831
0.00526872
0.00526872
0.00526872
0.00528557
0.00528557
0.00528557
0.00530242
0.00530242
0.00530242
0.00531548
0.00531548
0.00531548
0.00532327
0.00532327
0.00532327
0.00532565
0.00532565
0.00532565
0.00532333
0.00532333
0.00532333
0.00531781
0.00531781
0.00531781
0.00531145
0.00531145
0.00531145
0.00530684
0.00530684
0.00530684
0.0053056
0.0053056
0.0053056
0.00530737
0.00530737
0.00530737
0.00530978
0.00530978
0.00530978
0.00530998
0.00530998
0.00530998
0.00530678
0.00530678
0.00530678
0.00530163
0.00530163
0.00530163
0.00529696
0.00529696
0.00529696
0.00527004
0.00527004
0.00527004
0.00520753
0.00520753
0.00520753
0.00258683
0.00258683
0.00258683
0.00534732
0.00534732
0.00534732
0.00532923
0.00532923
0.00532923
0.00528565
0.00528565
0.00528565
0.00526204
0.00526204
0.00526204
0.00525831
0.00525831
0.00525831
0.00526872
0.00526872
0.00526872
0.00528557
0.00528557
0.00528557
0.00530242
0.00530242
0.00530242
0.00531548
0.00531548
0.00531548
0.00532327
0.00532327
0.00532327
0.00532565
0.00532565
0.00532565
0.00532333
0.00532333
0.00532333
0.00531781
0.00531781
0.00531781
0.00531145
0.00531145
0.00531145
0.00530683
0.00530683
0.00530683
0.0053056
0.0053056
0.0053056
0.00530737
0.00530737
0.00530737
0.00530978
0.00530978
0.00530978
0.00530998
0.00530998
0.00530998
0.00530678
0.00530678
0.00530678
0.00530163
0.00530163
0.00530163
0.00529696
0.00529696
0.00529696
0.00527004
0.00527004
0.00527004
0.00520753
0.00520753
0.00520753
0.00258683
0.00258683
0.00258683
)
;
    }
    baffle_slave
    {
        type            calculated;
        value           nonuniform List<scalar> 
150
(
40.507
40.505
40.505
50.5922
50.6259
50.626
64.6218
64.6247
64.6247
77.5574
77.5318
77.5318
89.3444
89.2917
89.2917
99.9393
99.8615
99.8615
109.309
109.208
109.208
117.425
117.301
117.301
124.254
124.11
124.11
129.748
129.583
129.583
133.83
133.644
133.644
136.378
136.169
136.169
137.227
136.996
136.996
136.193
135.94
135.94
133.124
132.854
132.854
127.976
127.698
127.698
120.856
120.581
120.581
112.012
111.75
111.75
101.755
101.515
101.515
90.3307
90.1174
90.1174
77.8494
77.6653
77.6653
64.2424
64.0894
64.0895
49.3393
49.2209
49.2209
33.1288
33.0496
33.0496
20.6052
20.5571
20.5571
40.505
40.507
40.5049
50.626
50.5922
50.6259
64.6247
64.6218
64.6247
77.5318
77.5574
77.5318
89.2917
89.3444
89.2917
99.8614
99.9393
99.8614
109.208
109.309
109.208
117.301
117.425
117.301
124.11
124.254
124.11
129.583
129.748
129.583
133.644
133.83
133.644
136.169
136.378
136.169
136.996
137.227
136.996
135.94
136.193
135.94
132.854
133.124
132.854
127.698
127.976
127.698
120.581
120.856
120.581
111.75
112.012
111.75
101.515
101.755
101.515
90.1174
90.3307
90.1173
77.6653
77.8494
77.6652
64.0894
64.2424
64.0894
49.2209
49.3393
49.2208
33.0496
33.1288
33.0495
20.5571
20.6052
20.5571
)
;
    }
}


// ************************************************************************* //
