/*--------------------------------*- C++ -*----------------------------------*\
| =========                 |                                                 |
| \\      /  F ield         | OpenFOAM: The Open Source CFD Toolbox           |
|  \\    /   O peration     | Version:  2212                                  |
|   \\  /    A nd           | Website:  www.openfoam.com                      |
|    \\/     M anipulation  |                                                 |
\*---------------------------------------------------------------------------*/
FoamFile
{
    version     2.0;
    format      ascii;
    arch        "LSB;label=32;scalar=64";
    class       volScalarField;
    location    "45/fluidRegion";
    object      hdeltaT;
}
// * * * * * * * * * * * * * * * * * * * * * * * * * * * * * * * * * * * * * //

dimensions      [1 0 -3 0 0 0 0];

internalField   nonuniform List<scalar> 
350
(
0
0
0
0
0
0
0
0
0
0
0
0
0
0
0
0
0
0
0
0
0
0
0
0
0
0
0
0
0
0
0
0
0
0
0
0
0
0
0
0
0
0
0
0
0
0
0
0
0
0
434834
1.32817e+06
2.20037e+06
3.03768e+06
3.82691e+06
4.55561e+06
5.2123e+06
5.78663e+06
6.26955e+06
6.65344e+06
6.93227e+06
7.10163e+06
7.15887e+06
7.10309e+06
6.93517e+06
6.65776e+06
6.27523e+06
5.79361e+06
5.22048e+06
4.56493e+06
3.83726e+06
3.04906e+06
2.21285e+06
1.34221e+06
451042
439630
1.3432e+06
2.2254e+06
3.07231e+06
3.87058e+06
4.60764e+06
5.27186e+06
5.85277e+06
6.34123e+06
6.72953e+06
7.01156e+06
7.18287e+06
7.24078e+06
7.18437e+06
7.01453e+06
6.73395e+06
6.34705e+06
5.85993e+06
5.28024e+06
4.61719e+06
3.88118e+06
3.08396e+06
2.23817e+06
1.35756e+06
456185
434070
1.32578e+06
2.19638e+06
3.03216e+06
3.81995e+06
4.54732e+06
5.20281e+06
5.77609e+06
6.25813e+06
6.64132e+06
6.91964e+06
7.08869e+06
7.14583e+06
7.09015e+06
6.92253e+06
6.64562e+06
6.26379e+06
5.78305e+06
5.21096e+06
4.55661e+06
3.83026e+06
3.0435e+06
2.20882e+06
1.33977e+06
450223
438524
1.33974e+06
2.21964e+06
3.06433e+06
3.86053e+06
4.59566e+06
5.25815e+06
5.83755e+06
6.32473e+06
6.71202e+06
6.99331e+06
7.16417e+06
7.22192e+06
7.16566e+06
6.99626e+06
6.71641e+06
6.33052e+06
5.84466e+06
5.26648e+06
4.60516e+06
3.87107e+06
3.07592e+06
2.23234e+06
1.35403e+06
455001
438524
1.33974e+06
2.21964e+06
3.06434e+06
3.86053e+06
4.59566e+06
5.25815e+06
5.83755e+06
6.32473e+06
6.71202e+06
6.99331e+06
7.16417e+06
7.22192e+06
7.16566e+06
6.99626e+06
6.71641e+06
6.33052e+06
5.84466e+06
5.26648e+06
4.60516e+06
3.87107e+06
3.07592e+06
2.23234e+06
1.35403e+06
455001
434070
1.32578e+06
2.19638e+06
3.03216e+06
3.81995e+06
4.54732e+06
5.20281e+06
5.77609e+06
6.25813e+06
6.64132e+06
6.91964e+06
7.08869e+06
7.14583e+06
7.09015e+06
6.92253e+06
6.64562e+06
6.26379e+06
5.78305e+06
5.21096e+06
4.55661e+06
3.83026e+06
3.0435e+06
2.20882e+06
1.33977e+06
450223
439630
1.3432e+06
2.2254e+06
3.07231e+06
3.87058e+06
4.60764e+06
5.27186e+06
5.85277e+06
6.34123e+06
6.72953e+06
7.01156e+06
7.18287e+06
7.24078e+06
7.18436e+06
7.01453e+06
6.73395e+06
6.34705e+06
5.85993e+06
5.28024e+06
4.61719e+06
3.88118e+06
3.08396e+06
2.23817e+06
1.35756e+06
456185
434834
1.32817e+06
2.20037e+06
3.03768e+06
3.82691e+06
4.55561e+06
5.2123e+06
5.78663e+06
6.26955e+06
6.65344e+06
6.93227e+06
7.10163e+06
7.15887e+06
7.10309e+06
6.93517e+06
6.65776e+06
6.27523e+06
5.79361e+06
5.22048e+06
4.56493e+06
3.83726e+06
3.04906e+06
2.21285e+06
1.34221e+06
451042
438525
1.33974e+06
2.21964e+06
3.06434e+06
3.86053e+06
4.59566e+06
5.25815e+06
5.83755e+06
6.32473e+06
6.71202e+06
6.99331e+06
7.16417e+06
7.22192e+06
7.16566e+06
6.99626e+06
6.71641e+06
6.33052e+06
5.84466e+06
5.26648e+06
4.60516e+06
3.87107e+06
3.07592e+06
2.23234e+06
1.35403e+06
455001
434070
1.32578e+06
2.19638e+06
3.03216e+06
3.81995e+06
4.54732e+06
5.20281e+06
5.77609e+06
6.25813e+06
6.64132e+06
6.91964e+06
7.08869e+06
7.14583e+06
7.09015e+06
6.92253e+06
6.64562e+06
6.26379e+06
5.78305e+06
5.21096e+06
4.55661e+06
3.83026e+06
3.0435e+06
2.20882e+06
1.33977e+06
450223
434070
1.32578e+06
2.19638e+06
3.03216e+06
3.81995e+06
4.54732e+06
5.20281e+06
5.77609e+06
6.25813e+06
6.64132e+06
6.91964e+06
7.08869e+06
7.14583e+06
7.09015e+06
6.92253e+06
6.64562e+06
6.26379e+06
5.78305e+06
5.21096e+06
4.55661e+06
3.83026e+06
3.0435e+06
2.20882e+06
1.33977e+06
450222
438524
1.33974e+06
2.21964e+06
3.06433e+06
3.86053e+06
4.59566e+06
5.25815e+06
5.83755e+06
6.32473e+06
6.71202e+06
6.99331e+06
7.16417e+06
7.22192e+06
7.16566e+06
6.99626e+06
6.71641e+06
6.33052e+06
5.84466e+06
5.26648e+06
4.60516e+06
3.87107e+06
3.07592e+06
2.23234e+06
1.35403e+06
455001
)
;

boundaryField
{
    outletCentralUnloaded
    {
        type            calculated;
        value           uniform 0;
    }
    inletCentralUnloaded
    {
        type            calculated;
        value           uniform 0;
    }
    outletFuelElement
    {
        type            calculated;
        value           uniform 0;
    }
    inletFuelElement
    {
        type            calculated;
        value           nonuniform List<scalar> 
12
(
3.04792e+06
3.04671e+06
3.04783e+06
3.04703e+06
3.04703e+06
3.04783e+06
3.04671e+06
3.04792e+06
3.04703e+06
3.04783e+06
3.04783e+06
3.04703e+06
)
;
    }
    defaultFaces
    {
        type            calculated;
        value           nonuniform List<scalar> 
450
(
0
0
0
0
0
0
0
0
0
0
0
0
0
0
0
0
0
0
0
0
0
0
0
0
0
0
0
0
0
0
0
0
0
0
0
0
0
0
0
0
0
0
0
0
0
0
0
0
1.25839e+06
1.25839e+06
1.25839e+06
2.3449e+06
2.3449e+06
2.3449e+06
3.08487e+06
3.08487e+06
3.08487e+06
3.5032e+06
3.5032e+06
3.5032e+06
3.64344e+06
3.64344e+06
3.64344e+06
3.57087e+06
3.57087e+06
3.57087e+06
3.37542e+06
3.37542e+06
3.37542e+06
3.16854e+06
3.16854e+06
3.16854e+06
3.01433e+06
3.01433e+06
3.01433e+06
0
0
0
0
0
0
0
0
0
0
0
0
0
0
0
0
0
0
0
0
0
0
0
0
0
0
0
0
0
0
0
0
1.27696e+06
1.27696e+06
2.35769e+06
2.35769e+06
3.09316e+06
3.09316e+06
3.50817e+06
3.50817e+06
3.64615e+06
3.64615e+06
3.57219e+06
3.57219e+06
3.37599e+06
3.37599e+06
3.16867e+06
3.16867e+06
3.01431e+06
3.01431e+06
0
0
0
0
0
0
0
0
0
0
0
0
0
0
0
0
1.16325e+06
2.27859e+06
3.04115e+06
3.47613e+06
3.62764e+06
3.56183e+06
3.36997e+06
3.16519e+06
3.01316e+06
0
0
0
0
0
0
0
0
0
0
0
0
0
0
0
0
1.16325e+06
2.27859e+06
3.04115e+06
3.47613e+06
3.62764e+06
3.56183e+06
3.36997e+06
3.16519e+06
3.01316e+06
0
0
0
0
0
0
0
0
0
0
0
0
0
0
0
0
0
0
0
0
0
0
0
0
0
0
0
0
0
0
0
0
1.27695e+06
1.27695e+06
2.35768e+06
2.35768e+06
3.09315e+06
3.09315e+06
3.50816e+06
3.50816e+06
3.64615e+06
3.64615e+06
3.57219e+06
3.57219e+06
3.37598e+06
3.37598e+06
3.16866e+06
3.16866e+06
3.0143e+06
3.0143e+06
0
0
0
0
0
0
0
0
0
0
0
0
0
0
0
0
0
0
0
0
0
0
0
0
0
0
0
0
0
0
0
0
0
0
0
0
0
0
0
0
0
0
0
0
0
0
0
0
1.25839e+06
1.25839e+06
1.25839e+06
2.3449e+06
2.3449e+06
2.3449e+06
3.08487e+06
3.08487e+06
3.08487e+06
3.5032e+06
3.5032e+06
3.5032e+06
3.64344e+06
3.64344e+06
3.64344e+06
3.57087e+06
3.57087e+06
3.57087e+06
3.37543e+06
3.37543e+06
3.37543e+06
3.16854e+06
3.16854e+06
3.16854e+06
3.01433e+06
3.01433e+06
3.01433e+06
0
0
0
0
0
0
0
0
0
0
0
0
0
0
0
0
1.16325e+06
2.27859e+06
3.04115e+06
3.47613e+06
3.62764e+06
3.56183e+06
3.36997e+06
3.16519e+06
3.01316e+06
0
0
0
0
0
0
0
0
0
0
0
0
0
0
0
0
0
0
0
0
0
0
0
0
0
0
0
0
0
0
0
0
1.27696e+06
1.27696e+06
2.3577e+06
2.3577e+06
3.09316e+06
3.09316e+06
3.50817e+06
3.50817e+06
3.64615e+06
3.64615e+06
3.57219e+06
3.57219e+06
3.37599e+06
3.37599e+06
3.16867e+06
3.16867e+06
3.01431e+06
3.01431e+06
0
0
0
0
0
0
0
0
0
0
0
0
0
0
0
0
0
0
0
0
0
0
0
0
0
0
0
0
0
0
0
0
1.27695e+06
1.27695e+06
2.35768e+06
2.35768e+06
3.09315e+06
3.09315e+06
3.50816e+06
3.50816e+06
3.64615e+06
3.64615e+06
3.57219e+06
3.57219e+06
3.37598e+06
3.37598e+06
3.16866e+06
3.16866e+06
3.0143e+06
3.0143e+06
0
0
0
0
0
0
0
0
0
0
0
0
0
0
0
0
1.16325e+06
2.27859e+06
3.04115e+06
3.47613e+06
3.62764e+06
3.56183e+06
3.36997e+06
3.16519e+06
3.01316e+06
)
;
    }
    baffle_master
    {
        type            calculated;
        value           uniform 0;
    }
    baffle_slave
    {
        type            calculated;
        value           nonuniform List<scalar> 
150
(
0
0
0
0
0
0
0
0
0
0
0
0
0
0
0
0
0
0
0
0
0
0
0
0
0
0
0
0
0
0
0
0
0
0
0
0
0
0
0
0
0
0
0
0
0
0
0
0
1.13459e+06
1.16325e+06
1.16325e+06
2.25857e+06
2.27859e+06
2.27859e+06
3.02791e+06
3.04115e+06
3.04115e+06
3.4679e+06
3.47613e+06
3.47613e+06
3.6228e+06
3.62764e+06
3.62764e+06
3.55903e+06
3.56183e+06
3.56183e+06
3.36825e+06
3.36997e+06
3.36997e+06
3.16409e+06
3.16519e+06
3.16519e+06
3.01276e+06
3.01316e+06
3.01316e+06
0
0
0
0
0
0
0
0
0
0
0
0
0
0
0
0
0
0
0
0
0
0
0
0
0
0
0
0
0
0
0
0
0
0
0
0
0
0
0
0
0
0
0
0
0
0
0
0
1.16325e+06
1.13459e+06
1.16325e+06
2.27859e+06
2.25857e+06
2.27859e+06
3.04115e+06
3.02791e+06
3.04115e+06
3.47613e+06
3.4679e+06
3.47613e+06
3.62764e+06
3.6228e+06
3.62764e+06
3.56183e+06
3.55903e+06
3.56183e+06
3.36997e+06
3.36825e+06
3.36997e+06
3.16519e+06
3.16409e+06
3.16519e+06
3.01316e+06
3.01276e+06
3.01316e+06
)
;
    }
}


// ************************************************************************* //
