/*--------------------------------*- C++ -*----------------------------------*\
| =========                 |                                                 |
| \\      /  F ield         | OpenFOAM: The Open Source CFD Toolbox           |
|  \\    /   O peration     | Version:  2212                                  |
|   \\  /    A nd           | Website:  www.openfoam.com                      |
|    \\/     M anipulation  |                                                 |
\*---------------------------------------------------------------------------*/
FoamFile
{
    version     2.0;
    format      ascii;
    arch        "LSB;label=32;scalar=64";
    class       volScalarField;
    location    "45/fluidRegion";
    object      htc;
}
// * * * * * * * * * * * * * * * * * * * * * * * * * * * * * * * * * * * * * //

dimensions      [1 0 -3 -1 0 0 0];

internalField   nonuniform List<scalar> 
350
(
3101.37
3101.39
3101.41
3101.42
3101.43
3101.43
3101.43
3101.43
3101.42
3101.42
3101.43
3101.45
3101.51
3101.58
3101.64
3101.69
3101.71
3101.7
3101.66
3101.61
3101.58
3101.56
3101.58
3101.63
3106.87
3101.37
3101.39
3101.41
3101.42
3101.43
3101.43
3101.43
3101.43
3101.42
3101.42
3101.43
3101.45
3101.51
3101.58
3101.64
3101.69
3101.71
3101.7
3101.66
3101.61
3101.58
3101.56
3101.58
3101.63
3106.87
27213.8
27133.7
26948.2
26637.8
26203.6
25648
24973.9
24184.9
23286.5
22285.8
21192.1
20018.2
18779
17491.4
16171.8
14834.1
13488.7
12143.5
10807.9
9497.89
8241.63
7085.66
6101.05
5381.34
4942.31
27302.5
27222
27037.2
26726.8
26292.2
25735.6
25059.8
24268.5
23366.9
22361.7
21262.4
20081.5
18834.2
17538
16209.9
14864.5
13512.6
12162.1
10821.9
9507.43
8246.6
7086.16
6098.01
5377.11
4940.35
27199.8
27119.2
26933.8
26623.3
26189.3
25633.9
24960
24171.6
23273.7
22273.7
21181
20008.1
18770.2
17483.9
16165.6
14829.1
13484.6
12140.2
10805.3
9495.88
8240.23
7084.83
6100.64
5381.08
4942.16
27282.8
27202.5
27017.5
26707
26272.4
25716
25040.5
24249.8
23348.8
22344.6
21246.6
20067.2
18821.7
17527.4
16201.2
14857.7
13507.2
12158
10818.8
9505.34
8245.55
7086.14
6098.82
5378.21
4940.87
27282.8
27202.5
27017.5
26707
26272.4
25716
25040.5
24249.8
23348.8
22344.6
21246.6
20067.2
18821.7
17527.4
16201.2
14857.7
13507.2
12158
10818.8
9505.34
8245.55
7086.14
6098.82
5378.21
4940.87
27199.8
27119.2
26933.8
26623.4
26189.3
25633.9
24960.1
24171.6
23273.7
22273.7
21181
20008.1
18770.2
17483.9
16165.6
14829.1
13484.6
12140.2
10805.3
9495.87
8240.23
7084.82
6100.63
5381.07
4942.16
27302.5
27222
27037.2
26726.8
26292.2
25735.6
25059.8
24268.5
23366.9
22361.7
21262.4
20081.5
18834.2
17538
16209.9
14864.5
13512.6
12162.1
10821.9
9507.43
8246.6
7086.16
6098.01
5377.11
4940.35
27213.8
27133.7
26948.2
26637.8
26203.6
25648
24973.9
24184.9
23286.5
22285.8
21192.1
20018.2
18779
17491.4
16171.8
14834.1
13488.7
12143.5
10807.9
9497.89
8241.63
7085.66
6101.05
5381.35
4942.31
27282.8
27202.5
27017.5
26707
26272.4
25716
25040.5
24249.8
23348.8
22344.6
21246.6
20067.2
18821.7
17527.4
16201.2
14857.7
13507.2
12158
10818.8
9505.34
8245.55
7086.14
6098.82
5378.21
4940.87
27199.8
27119.2
26933.8
26623.3
26189.3
25633.9
24960
24171.6
23273.7
22273.7
21181
20008.1
18770.2
17483.9
16165.6
14829.1
13484.6
12140.2
10805.3
9495.88
8240.23
7084.82
6100.63
5381.08
4942.16
27199.8
27119.2
26933.8
26623.4
26189.3
25633.9
24960.1
24171.6
23273.7
22273.7
21181
20008.1
18770.2
17483.9
16165.6
14829.1
13484.6
12140.2
10805.3
9495.87
8240.23
7084.82
6100.63
5381.07
4942.16
27282.8
27202.5
27017.5
26707
26272.4
25716
25040.5
24249.8
23348.8
22344.6
21246.6
20067.2
18821.7
17527.4
16201.2
14857.7
13507.2
12158
10818.8
9505.34
8245.55
7086.14
6098.82
5378.21
4940.87
)
;

boundaryField
{
    outletCentralUnloaded
    {
        type            zeroGradient;
    }
    inletCentralUnloaded
    {
        type            zeroGradient;
    }
    outletFuelElement
    {
        type            zeroGradient;
    }
    inletFuelElement
    {
        type            zeroGradient;
    }
    defaultFaces
    {
        type            zeroGradient;
    }
    baffle_master
    {
        type            zeroGradient;
    }
    baffle_slave
    {
        type            zeroGradient;
    }
}


// ************************************************************************* //
