/*--------------------------------*- C++ -*----------------------------------*\
| =========                 |                                                 |
| \\      /  F ield         | OpenFOAM: The Open Source CFD Toolbox           |
|  \\    /   O peration     | Version:  2212                                  |
|   \\  /    A nd           | Website:  www.openfoam.com                      |
|    \\/     M anipulation  |                                                 |
\*---------------------------------------------------------------------------*/
FoamFile
{
    version     2.0;
    format      ascii;
    arch        "LSB;label=32;scalar=64";
    class       volScalarField;
    location    "45/fluidRegion";
    object      k;
}
// * * * * * * * * * * * * * * * * * * * * * * * * * * * * * * * * * * * * * //

dimensions      [0 2 -2 0 0 0 0];

internalField   nonuniform List<scalar> 
350
(
0.421091
0.421022
0.420953
0.420882
0.420812
0.420741
0.42067
0.4206
0.420532
0.420465
0.420401
0.420339
0.42028
0.420227
0.420182
0.42015
0.420137
0.420155
0.42022
0.420357
0.420602
0.421015
0.421681
0.422736
0.424384
0.421091
0.421022
0.420953
0.420882
0.420812
0.420741
0.42067
0.4206
0.420532
0.420465
0.420401
0.420339
0.42028
0.420227
0.420182
0.42015
0.420137
0.420155
0.42022
0.420357
0.420602
0.421015
0.421681
0.422736
0.424384
405.208
382.781
357.252
329.123
299.177
268.19
236.911
206.038
176.211
147.991
121.857
98.1887
77.2601
59.228
44.1246
31.8584
22.2252
14.9325
9.63235
5.95635
3.54539
2.07083
1.2496
0.853302
0.713402
410.9
388.21
362.38
333.899
303.564
272.161
240.449
209.14
178.88
150.242
123.712
99.6777
78.4206
60.1024
44.7588
32.2988
22.5163
15.1141
9.73823
6.013
3.5725
2.08199
1.25335
0.854328
0.713789
404.266
381.88
356.405
328.337
298.458
267.542
236.335
205.536
175.78
147.629
121.56
97.9507
77.0751
59.0888
44.0239
31.7884
22.1788
14.9034
9.6152
5.94697
3.54069
2.06869
1.24872
0.852964
0.713272
409.65
387.016
361.249
332.843
302.591
271.279
239.661
208.447
178.282
149.737
123.295
99.3421
78.1585
59.9044
44.6149
32.1987
22.45
15.0727
9.7141
6.00009
3.56634
2.07947
1.25252
0.854113
0.713713
409.65
387.016
361.249
332.843
302.591
271.279
239.661
208.447
178.282
149.737
123.295
99.3421
78.1585
59.9044
44.6149
32.1987
22.45
15.0727
9.7141
6.00009
3.56634
2.07947
1.25252
0.854114
0.713713
404.266
381.88
356.406
328.337
298.458
267.542
236.335
205.536
175.78
147.629
121.56
97.9508
77.0752
59.0889
44.0239
31.7885
22.1788
14.9034
9.6152
5.94696
3.54068
2.06869
1.24872
0.85296
0.713269
410.9
388.21
362.38
333.899
303.564
272.161
240.449
209.14
178.88
150.242
123.712
99.6777
78.4207
60.1024
44.7588
32.2988
22.5163
15.1141
9.73823
6.013
3.5725
2.08199
1.25336
0.854329
0.71379
405.208
382.781
357.252
329.123
299.177
268.19
236.911
206.038
176.211
147.991
121.857
98.1887
77.2601
59.228
44.1246
31.8584
22.2252
14.9325
9.63235
5.95635
3.54539
2.07082
1.24959
0.853297
0.713397
409.65
387.016
361.249
332.843
302.591
271.279
239.661
208.447
178.282
149.737
123.295
99.3421
78.1585
59.9044
44.6149
32.1987
22.45
15.0727
9.7141
6.00009
3.56633
2.07946
1.25252
0.854111
0.713711
404.266
381.88
356.405
328.337
298.458
267.542
236.335
205.536
175.78
147.629
121.56
97.9507
77.0751
59.0888
44.0239
31.7884
22.1788
14.9034
9.61521
5.94698
3.5407
2.0687
1.24873
0.852975
0.713283
404.266
381.88
356.406
328.337
298.458
267.542
236.335
205.536
175.78
147.629
121.56
97.9508
77.0752
59.0889
44.0239
31.7885
22.1788
14.9034
9.61519
5.94696
3.54068
2.06869
1.24872
0.852962
0.713272
409.65
387.016
361.249
332.843
302.591
271.279
239.661
208.447
178.282
149.737
123.295
99.3421
78.1585
59.9044
44.6149
32.1987
22.45
15.0727
9.71409
6.00008
3.56633
2.07946
1.25251
0.854106
0.713705
)
;

boundaryField
{
    outletCentralUnloaded
    {
        type            zeroGradient;
    }
    inletCentralUnloaded
    {
        type            zeroGradient;
    }
    outletFuelElement
    {
        type            zeroGradient;
    }
    inletFuelElement
    {
        type            zeroGradient;
    }
    defaultFaces
    {
        type            zeroGradient;
    }
    baffle_master
    {
        type            zeroGradient;
    }
    baffle_slave
    {
        type            zeroGradient;
    }
}


// ************************************************************************* //
