/*--------------------------------*- C++ -*----------------------------------*\
| =========                 |                                                 |
| \\      /  F ield         | OpenFOAM: The Open Source CFD Toolbox           |
|  \\    /   O peration     | Version:  2212                                  |
|   \\  /    A nd           | Website:  www.openfoam.com                      |
|    \\/     M anipulation  |                                                 |
\*---------------------------------------------------------------------------*/
FoamFile
{
    version     2.0;
    format      ascii;
    arch        "LSB;label=32;scalar=64";
    class       volScalarField;
    location    "49/fluidRegion";
    object      alphat;
}
// * * * * * * * * * * * * * * * * * * * * * * * * * * * * * * * * * * * * * //

dimensions      [1 -1 -1 0 0 0 0];

internalField   nonuniform List<scalar> 
350
(
0.00258568
0.00258567
0.00258566
0.00258565
0.00258565
0.00258566
0.00258567
0.00258569
0.0025857
0.00258571
0.00258573
0.00258576
0.00258581
0.00258588
0.00258599
0.00258616
0.00258644
0.00258687
0.00258754
0.00258859
0.00259021
0.0025927
0.0025965
0.00260228
0.00261109
0.00258568
0.00258567
0.00258566
0.00258565
0.00258565
0.00258566
0.00258567
0.00258569
0.0025857
0.00258571
0.00258573
0.00258576
0.00258581
0.00258588
0.00258599
0.00258616
0.00258644
0.00258687
0.00258754
0.00258859
0.00259021
0.0025927
0.0025965
0.00260228
0.00261109
0.000895819
0.000884199
0.00087278
0.000861201
0.000849357
0.000837141
0.00082445
0.000811184
0.000797258
0.000782609
0.000767203
0.000751049
0.000734188
0.000716691
0.000698639
0.000680125
0.000661328
0.000642703
0.000625431
0.00061235
0.000609855
0.000631326
0.000699557
0.000832227
0.00100203
0.000887968
0.000876362
0.000864978
0.000853441
0.000841647
0.00082949
0.000816864
0.00080367
0.00078982
0.00077525
0.000759931
0.000743873
0.000727129
0.000709779
0.000691918
0.00067365
0.000655149
0.000636859
0.000619938
0.000607198
0.000605018
0.000626816
0.00069561
0.000829531
0.00100129
0.000897072
0.000885439
0.000874009
0.000862419
0.000850562
0.000838332
0.000825626
0.000812344
0.000798402
0.000783735
0.00076831
0.000752134
0.000735249
0.000717723
0.000699633
0.000681074
0.000662222
0.000643536
0.0006262
0.000613054
0.000610495
0.000631903
0.000700048
0.000832559
0.00100214
0.00088977
0.000878166
0.000866776
0.000855233
0.00084343
0.000831261
0.000818622
0.000805412
0.000791546
0.000776958
0.000761619
0.000745538
0.000728767
0.000711383
0.000693477
0.000675152
0.000656582
0.000638215
0.000621213
0.000608394
0.000606141
0.000627865
0.000696531
0.000830164
0.00100147
0.00088977
0.000878166
0.000866776
0.000855233
0.00084343
0.000831261
0.000818622
0.000805412
0.000791546
0.000776958
0.000761619
0.000745539
0.000728767
0.000711383
0.000693477
0.000675152
0.000656583
0.000638215
0.000621214
0.000608395
0.000606141
0.000627865
0.00069653
0.000830163
0.00100146
0.000897071
0.000885439
0.000874009
0.000862419
0.000850561
0.000838332
0.000825626
0.000812344
0.000798402
0.000783734
0.00076831
0.000752134
0.000735249
0.000717723
0.000699633
0.000681074
0.000662223
0.000643537
0.000626201
0.000613055
0.000610497
0.000631907
0.000700053
0.000832566
0.00100215
0.000887968
0.000876362
0.000864978
0.000853441
0.000841647
0.00082949
0.000816864
0.00080367
0.00078982
0.00077525
0.000759931
0.000743873
0.000727128
0.000709779
0.000691918
0.00067365
0.000655149
0.000636859
0.000619938
0.000607198
0.000605017
0.000626816
0.000695609
0.000829529
0.00100128
0.000895819
0.000884199
0.00087278
0.000861201
0.000849357
0.000837141
0.00082445
0.000811184
0.000797259
0.000782609
0.000767204
0.000751049
0.000734188
0.000716691
0.000698639
0.000680126
0.000661329
0.000642704
0.000625433
0.000612353
0.00060986
0.000631336
0.000699573
0.000832251
0.00100206
0.00088977
0.000878166
0.000866776
0.000855233
0.00084343
0.000831261
0.000818622
0.000805412
0.000791546
0.000776959
0.000761619
0.000745539
0.000728767
0.000711383
0.000693477
0.000675152
0.000656583
0.000638215
0.000621214
0.000608395
0.000606143
0.000627868
0.000696536
0.000830172
0.00100147
0.000897071
0.000885439
0.000874009
0.000862419
0.000850562
0.000838332
0.000825626
0.000812344
0.000798402
0.000783735
0.00076831
0.000752134
0.000735249
0.000717722
0.000699632
0.000681073
0.000662221
0.000643535
0.000626197
0.000613048
0.000610485
0.000631886
0.000700019
0.000832515
0.00100209
0.000897072
0.000885439
0.000874009
0.000862419
0.000850562
0.000838332
0.000825626
0.000812344
0.000798402
0.000783735
0.000768311
0.000752135
0.00073525
0.000717723
0.000699634
0.000681075
0.000662224
0.000643538
0.000626202
0.000613056
0.000610498
0.000631906
0.000700051
0.000832558
0.00100213
0.00088977
0.000878166
0.000866776
0.000855233
0.00084343
0.000831261
0.000818622
0.000805413
0.000791546
0.000776959
0.00076162
0.000745539
0.000728767
0.000711383
0.000693478
0.000675153
0.000656584
0.000638217
0.000621216
0.000608399
0.000606149
0.000627879
0.000696554
0.0008302
0.00100151
)
;

boundaryField
{
    outletCentralUnloaded
    {
        type            zeroGradient;
    }
    inletCentralUnloaded
    {
        type            zeroGradient;
    }
    outletFuelElement
    {
        type            zeroGradient;
    }
    inletFuelElement
    {
        type            zeroGradient;
    }
    defaultFaces
    {
        type            zeroGradient;
    }
    baffle_master
    {
        type            calculated;
        value           nonuniform List<scalar> 
150
(
0.00258568
0.00258568
0.00258568
0.00258567
0.00258567
0.00258567
0.00258566
0.00258566
0.00258566
0.00258565
0.00258565
0.00258565
0.00258565
0.00258565
0.00258565
0.00258566
0.00258566
0.00258566
0.00258567
0.00258567
0.00258567
0.00258569
0.00258569
0.00258569
0.0025857
0.0025857
0.0025857
0.00258571
0.00258571
0.00258571
0.00258573
0.00258573
0.00258573
0.00258576
0.00258576
0.00258576
0.00258581
0.00258581
0.00258581
0.00258588
0.00258588
0.00258588
0.00258599
0.00258599
0.00258599
0.00258616
0.00258616
0.00258616
0.00258644
0.00258644
0.00258644
0.00258687
0.00258687
0.00258687
0.00258754
0.00258754
0.00258754
0.00258859
0.00258859
0.00258859
0.00259021
0.00259021
0.00259021
0.0025927
0.0025927
0.0025927
0.0025965
0.0025965
0.0025965
0.00260228
0.00260228
0.00260228
0.00261109
0.00261109
0.00261109
0.00258568
0.00258568
0.00258568
0.00258567
0.00258567
0.00258567
0.00258566
0.00258566
0.00258566
0.00258565
0.00258565
0.00258565
0.00258565
0.00258565
0.00258565
0.00258566
0.00258566
0.00258566
0.00258567
0.00258567
0.00258567
0.00258569
0.00258569
0.00258569
0.0025857
0.0025857
0.0025857
0.00258571
0.00258571
0.00258571
0.00258573
0.00258573
0.00258573
0.00258576
0.00258576
0.00258576
0.00258581
0.00258581
0.00258581
0.00258588
0.00258588
0.00258588
0.00258599
0.00258599
0.00258599
0.00258616
0.00258616
0.00258616
0.00258644
0.00258644
0.00258644
0.00258687
0.00258687
0.00258687
0.00258754
0.00258754
0.00258754
0.00258859
0.00258859
0.00258859
0.00259021
0.00259021
0.00259021
0.0025927
0.0025927
0.0025927
0.0025965
0.0025965
0.0025965
0.00260228
0.00260228
0.00260228
0.00261109
0.00261109
0.00261109
)
;
    }
    baffle_slave
    {
        type            calculated;
        value           nonuniform List<scalar> 
150
(
0.000887968
0.00088977
0.00088977
0.000876362
0.000878166
0.000878166
0.000864978
0.000866776
0.000866776
0.000853441
0.000855233
0.000855233
0.000841647
0.00084343
0.00084343
0.00082949
0.000831261
0.000831261
0.000816864
0.000818622
0.000818622
0.00080367
0.000805412
0.000805413
0.00078982
0.000791546
0.000791546
0.00077525
0.000776958
0.000776959
0.000759931
0.000761619
0.00076162
0.000743873
0.000745538
0.000745539
0.000727129
0.000728767
0.000728767
0.000709779
0.000711383
0.000711383
0.000691918
0.000693477
0.000693478
0.00067365
0.000675152
0.000675153
0.000655149
0.000656582
0.000656584
0.000636859
0.000638215
0.000638217
0.000619938
0.000621213
0.000621216
0.000607198
0.000608394
0.000608399
0.000605018
0.000606141
0.000606149
0.000626816
0.000627865
0.000627879
0.00069561
0.000696531
0.000696554
0.000829531
0.000830164
0.0008302
0.00100129
0.00100147
0.00100151
0.00088977
0.000887968
0.00088977
0.000878166
0.000876362
0.000878166
0.000866776
0.000864978
0.000866776
0.000855233
0.000853441
0.000855233
0.00084343
0.000841647
0.00084343
0.000831261
0.00082949
0.000831261
0.000818622
0.000816864
0.000818622
0.000805412
0.00080367
0.000805412
0.000791546
0.00078982
0.000791546
0.000776958
0.00077525
0.000776959
0.000761619
0.000759931
0.000761619
0.000745539
0.000743873
0.000745539
0.000728767
0.000727128
0.000728767
0.000711383
0.000709779
0.000711383
0.000693477
0.000691918
0.000693477
0.000675152
0.00067365
0.000675152
0.000656583
0.000655149
0.000656583
0.000638215
0.000636859
0.000638215
0.000621214
0.000619938
0.000621214
0.000608395
0.000607198
0.000608395
0.000606141
0.000605017
0.000606143
0.000627865
0.000626816
0.000627868
0.00069653
0.000695609
0.000696536
0.000830163
0.000829529
0.000830172
0.00100146
0.00100128
0.00100147
)
;
    }
}


// ************************************************************************* //
