/*--------------------------------*- C++ -*----------------------------------*\
| =========                 |                                                 |
| \\      /  F ield         | OpenFOAM: The Open Source CFD Toolbox           |
|  \\    /   O peration     | Version:  2212                                  |
|   \\  /    A nd           | Website:  www.openfoam.com                      |
|    \\/     M anipulation  |                                                 |
\*---------------------------------------------------------------------------*/
FoamFile
{
    version     2.0;
    format      ascii;
    arch        "LSB;label=32;scalar=64";
    class       surfaceScalarField;
    location    "49/fluidRegion";
    object      alphaPhi;
}
// * * * * * * * * * * * * * * * * * * * * * * * * * * * * * * * * * * * * * //

dimensions      [0 3 -1 0 0 0 0];

oriented        oriented;

internalField   nonuniform List<scalar> 
661
(
-0.00053888
-1.43656e-12
-0.000538863
-1.11721e-12
-0.000538851
1.23572e-13
-0.000538831
1.27096e-12
-0.000538798
1.75138e-12
-0.000538748
1.44438e-12
-0.00053869
5.62776e-13
-0.00053863
-4.77427e-13
-0.000538578
-1.25277e-12
-0.000538539
-1.49221e-12
-0.000538512
-1.15422e-12
-0.000538493
-4.1486e-13
-0.000538475
4.21797e-13
-0.00053845
1.04904e-12
-0.000538415
1.27639e-12
-0.000538369
1.08678e-12
-0.000538316
6.21173e-13
-0.000538259
9.85249e-14
-0.000538202
-2.84381e-13
-0.000538147
-4.29003e-13
-0.000538096
-3.59968e-13
-0.000538046
-1.83042e-13
-0.000537997
-2.53606e-14
-0.000537948
-1.30519e-16
-1.8714e-13
-0.00053888
-0.000538863
-0.000538851
-0.000538831
-0.000538798
-0.000538748
-0.00053869
-0.00053863
-0.000538578
-0.000538539
-0.000538512
-0.000538493
-0.000538475
-0.00053845
-0.000538415
-0.000538369
-0.000538316
-0.000538259
-0.000538202
-0.000538147
-0.000538096
-0.000538046
-0.000537997
-0.000537948
-0.0202082
1.41159e-06
-0.0197819
6.73108e-07
-0.019239
7.29862e-07
-0.0185887
6.56775e-07
-0.0178405
5.94524e-07
-0.0170043
5.36827e-07
-0.0160903
4.83377e-07
-0.015109
4.3153e-07
-0.0140712
3.75555e-07
-0.0129881
3.06002e-07
-0.0118714
2.11052e-07
-0.0107341
7.90889e-08
-0.00959033
-9.33006e-08
-0.0084559
-2.92181e-07
-0.00734767
-4.95033e-07
-0.00628278
-6.67772e-07
-0.00527743
-7.83758e-07
-0.00434579
-8.35934e-07
-0.00349942
-8.38092e-07
-0.00274806
-8.14538e-07
-0.00210044
-7.87325e-07
-0.00156591
-7.61653e-07
-0.0011552
-7.26519e-07
-0.000879348
-6.30823e-07
-6.00611e-07
-0.0203379
-4.07794e-08
-3.69634e-08
-0.0199107
-1.76258e-07
-1.77183e-07
-0.0193657
-1.67218e-07
-1.67633e-07
-0.0187124
-1.4481e-07
-1.4509e-07
-0.0179604
-1.25492e-07
-1.25568e-07
-0.0171196
-1.07645e-07
-1.07637e-07
-0.0162004
-9.1262e-08
-9.1234e-08
-0.0152132
-7.57072e-08
-7.56447e-08
-0.0141689
-5.94369e-08
-5.93694e-08
-0.0130787
-3.98111e-08
-3.97622e-08
-0.0119544
-1.31033e-08
-1.30793e-08
-0.010809
2.41672e-08
2.39999e-08
-0.00965673
7.23261e-08
7.20894e-08
-0.00851353
1.32579e-07
1.3215e-07
-0.00739646
1.94794e-07
1.94134e-07
-0.00632292
2.49115e-07
2.48219e-07
-0.00530939
2.86543e-07
2.85425e-07
-0.00437024
3.04045e-07
3.02768e-07
-0.00351722
3.05501e-07
3.0413e-07
-0.00276017
2.9834e-07
2.97072e-07
-0.00210787
2.8937e-07
2.88132e-07
-0.00156977
2.78807e-07
2.77439e-07
-0.00115665
2.59843e-07
2.5807e-07
-0.000879542
2.0576e-07
2.0396e-07
1.56753e-07
1.56218e-07
-0.0201869
6.93596e-07
-0.019761
6.56441e-07
-0.0192186
6.31877e-07
-0.0185688
5.62381e-07
-0.0178212
5.00169e-07
-0.0169858
4.42932e-07
-0.0160727
3.89839e-07
-0.0150924
3.37883e-07
-0.0140557
2.80577e-07
-0.0129737
2.0771e-07
-0.0118583
1.06535e-07
-0.0107222
-3.35273e-08
-0.00957987
-2.15098e-07
-0.00844684
-4.2471e-07
-0.00733999
-6.35566e-07
-0.00627645
-8.117e-07
-0.00527237
-9.25974e-07
-0.00434188
-9.72566e-07
-0.00349653
-9.67474e-07
-0.00274603
-9.36567e-07
-0.0020991
-9.01316e-07
-0.00156511
-8.65282e-07
-0.00115476
-8.0558e-07
-0.00087913
-6.6795e-07
-5.44203e-07
-0.0203091
3.31179e-09
-0.0198819
-8.74883e-11
-0.0193374
1.59219e-10
-0.0186847
1.26907e-10
-0.0179334
2.17123e-10
-0.0170937
2.78341e-10
-0.0161756
2.57865e-10
-0.0151897
2.92126e-10
-0.0141468
2.85493e-10
-0.0130581
2.28756e-10
-0.0119355
2.26731e-10
-0.0107919
2.14501e-10
-0.00964161
1.91062e-10
-0.0085004
1.18021e-10
-0.00738533
-1.86401e-11
-0.00631376
-2.0773e-10
-0.00530209
-3.70136e-10
-0.00436465
-4.52915e-10
-0.00351316
-5.47796e-10
-0.00275741
-5.82174e-10
-0.00210618
-5.24452e-10
-0.00156891
-5.54301e-10
-0.00115634
-6.66018e-10
-0.000879524
-5.48898e-10
-5.90543e-10
-0.0203091
-6.86573e-07
-0.0198819
-6.56765e-07
-0.0193374
-6.31443e-07
-0.0186847
-5.61986e-07
-0.0179335
-4.99613e-07
-0.0170937
-4.4228e-07
-0.0161756
-3.89181e-07
-0.0151897
-3.37149e-07
-0.0141468
-2.79831e-07
-0.0130582
-2.07009e-07
-0.0119356
-1.05783e-07
-0.010792
3.42916e-08
-0.00964163
2.1587e-07
-0.00850041
4.25392e-07
-0.00738533
6.36047e-07
-0.00631376
8.11894e-07
-0.0053021
9.25919e-07
-0.00436466
9.72341e-07
-0.00351316
9.67028e-07
-0.00275741
9.35958e-07
-0.00210618
9.00656e-07
-0.00156891
8.64435e-07
-0.00115634
8.0434e-07
-0.000879525
6.668e-07
5.42865e-07
-0.020187
3.65771e-08
-0.019761
1.76658e-07
-0.0192186
1.67236e-07
-0.0185688
1.44852e-07
-0.0178212
1.25611e-07
-0.0169858
1.07787e-07
-0.0160727
9.14335e-08
-0.0150925
7.59118e-08
-0.0140557
5.96523e-08
-0.0129737
3.99781e-08
-0.0118583
1.32816e-08
-0.0107223
-2.38881e-08
-0.00957989
-7.20183e-08
-0.00844685
-1.32239e-07
-0.00734
-1.94438e-07
-0.00627645
-2.48766e-07
-0.00527238
-2.86165e-07
-0.00434188
-3.0363e-07
-0.00349653
-3.05112e-07
-0.00274603
-2.98055e-07
-0.0020991
-2.89134e-07
-0.00156511
-2.78757e-07
-0.00115476
-2.60044e-07
-0.000879128
-2.05932e-07
-1.55788e-07
-0.0203379
-1.41167e-06
-4.11868e-08
-0.0199107
-6.73169e-07
-1.7687e-07
-0.0193657
-7.29846e-07
-1.67737e-07
-0.0187124
-6.56706e-07
-1.45171e-07
-0.0179604
-5.94316e-07
-1.25751e-07
-0.0171196
-5.36587e-07
-1.0787e-07
-0.0162004
-4.83107e-07
-9.14664e-08
-0.0152132
-4.31242e-07
-7.59155e-08
-0.0141689
-3.75271e-07
-5.96422e-08
-0.0130787
-3.0577e-07
-3.99997e-08
-0.0119544
-2.10789e-07
-1.33707e-08
-0.010809
-7.88183e-08
2.37801e-08
-0.00965673
9.36033e-08
7.18356e-08
-0.00851353
2.92437e-07
1.31966e-07
-0.00739646
4.95207e-07
1.941e-07
-0.00632292
6.67822e-07
2.48406e-07
-0.00530939
7.83723e-07
2.8585e-07
-0.00437024
8.35817e-07
3.03414e-07
-0.00351722
8.37801e-07
3.05106e-07
-0.00276017
8.13967e-07
2.98404e-07
-0.00210787
7.8633e-07
2.89951e-07
-0.00156977
7.60178e-07
2.79598e-07
-0.00115665
7.24296e-07
2.60662e-07
-0.000879542
6.28529e-07
2.06241e-07
5.98445e-07
1.59118e-07
-0.0202082
-0.0197819
-0.019239
-0.0185887
-0.0178405
-0.0170043
-0.0160903
-0.015109
-0.0140712
-0.0129881
-0.0118714
-0.0107341
-0.00959033
-0.0084559
-0.00734767
-0.00628278
-0.00527743
-0.00434579
-0.00349942
-0.00274806
-0.00210044
-0.00156591
-0.0011552
-0.000879348
-0.0203091
-6.93228e-07
3.08388e-09
-0.0198819
-6.55869e-07
-4.49214e-10
-0.0193374
-6.31303e-07
-1.66041e-10
-0.0186847
-5.61834e-07
-1.6693e-10
-0.0179334
-4.9953e-07
-2.25175e-10
-0.0170937
-4.42239e-07
-2.80054e-10
-0.0161756
-3.89131e-07
-2.95816e-10
-0.0151897
-3.37124e-07
-3.58871e-10
-0.0141468
-2.79801e-07
-3.88885e-10
-0.0130581
-2.06985e-07
-3.89517e-10
-0.0119355
-1.05736e-07
-4.0368e-10
-0.0107919
3.44432e-08
-6.47835e-10
-0.00964161
2.16103e-07
-7.24262e-10
-0.0085004
4.25792e-07
-8.97108e-10
-0.00738533
6.36694e-07
-1.09543e-09
-0.00631376
8.12858e-07
-1.33235e-09
-0.00530209
9.27271e-07
-1.67915e-09
-0.00436465
9.74103e-07
-2.12597e-09
-0.00351316
9.69267e-07
-2.58447e-09
-0.00275741
9.38595e-07
-2.90736e-09
-0.00210618
9.03879e-07
-3.33195e-09
-0.00156891
8.67954e-07
-3.31057e-09
-0.00115634
8.08265e-07
-2.95316e-09
-0.000879524
6.70584e-07
-2.46115e-09
5.47151e-07
-2.84048e-09
-0.0201869
-0.019761
-0.0192186
-0.0185688
-0.0178212
-0.0169858
-0.0160727
-0.0150924
-0.0140557
-0.0129737
-0.0118583
-0.0107222
-0.00957988
-0.00844684
-0.00733999
-0.00627645
-0.00527237
-0.00434188
-0.00349653
-0.00274603
-0.0020991
-0.00156511
-0.00115476
-0.00087913
-0.020187
6.86519e-07
-0.019761
6.56716e-07
-0.0192186
6.31476e-07
-0.0185688
5.62103e-07
-0.0178212
4.99983e-07
-0.0169858
4.4275e-07
-0.0160727
3.89707e-07
-0.0150925
3.37753e-07
-0.0140557
2.80464e-07
-0.0129737
2.07548e-07
-0.0118583
1.06322e-07
-0.0107223
-3.36174e-08
-0.00957988
-2.15207e-07
-0.00844685
-4.24796e-07
-0.00734
-6.35562e-07
-0.00627645
-8.11577e-07
-0.00527238
-9.25669e-07
-0.00434188
-9.72094e-07
-0.00349653
-9.66844e-07
-0.00274603
-9.3584e-07
-0.0020991
-9.00754e-07
-0.00156511
-8.65368e-07
-0.00115476
-8.06488e-07
-0.000879128
-6.69511e-07
-5.43555e-07
-0.0203091
-0.0198819
-0.0193374
-0.0186847
-0.0179335
-0.0170937
-0.0161756
-0.0151897
-0.0141468
-0.0130582
-0.0119356
-0.0107919
-0.00964163
-0.00850041
-0.00738533
-0.00631376
-0.0053021
-0.00436466
-0.00351316
-0.00275741
-0.00210618
-0.00156891
-0.00115634
-0.000879526
)
;

boundaryField
{
    outletCentralUnloaded
    {
        type            calculated;
        value           nonuniform List<scalar> 2(0.000538914 0.000538914);
    }
    inletCentralUnloaded
    {
        type            calculated;
        value           uniform -0.000540134;
    }
    outletFuelElement
    {
        type            calculated;
        value           nonuniform List<scalar> 
12
(
0.0205477
0.0206806
0.0205269
0.0206509
0.0206509
0.020527
0.0206806
0.0205477
0.0206509
0.0205269
0.020527
0.0206509
)
;
    }
    inletFuelElement
    {
        type            calculated;
        value           nonuniform List<scalar> 
12
(
-0.000722059
-0.00072206
-0.000722059
-0.000722059
-0.00072206
-0.000722059
-0.00072206
-0.000722059
-0.000722059
-0.000722059
-0.000722059
-0.00072206
)
;
    }
    defaultFaces
    {
        type            calculated;
        value           nonuniform List<scalar> 
450
(
-2.1078e-24
-2.33071e-23
0
1.8088e-23
-8.1184e-24
0
2.79205e-23
3.00221e-23
0
-4.24835e-23
-2.73112e-23
0
-1.2581e-23
-3.2963e-23
0
-3.616e-23
-1.11738e-23
0
-3.50541e-23
-1.49002e-23
0
-3.39821e-23
-6.0223e-24
0
-6.77759e-24
-1.57666e-23
0
-2.08165e-23
-1.14052e-23
0
-1.23305e-23
-6.50039e-24
0
-5.11951e-24
-2.56247e-24
0
7.62492e-24
3.54839e-24
0
1.90878e-23
8.07372e-24
0
3.70881e-23
1.33559e-23
0
4.67512e-23
3.24549e-23
0
2.36364e-23
-9.41016e-24
0
4.88592e-23
9.49516e-24
0
3.16959e-23
-3.83417e-23
0
-3.66189e-23
-3.92401e-23
0
-1.86941e-23
-2.31617e-23
0
4.19802e-23
-3.80067e-23
0
-1.01763e-23
-8.80279e-24
0
-2.28914e-23
-1.20608e-23
0
-1.29016e-23
-1.95776e-23
0
1.60454e-23
0
3.20908e-23
0
0
0
1.60454e-23
0
-1.2034e-23
0
1.2034e-23
0
1.60454e-23
0
1.2034e-23
0
-8.0227e-24
0
4.01135e-24
0
4.01135e-24
0
-1.00284e-24
0
-4.01135e-24
0
-1.60454e-23
0
-2.40681e-23
0
-4.01135e-23
0
3.20908e-23
0
-3.20908e-23
0
0
0
-4.81362e-23
0
-4.81362e-23
0
4.01135e-23
0
8.0227e-24
0
-1.60454e-23
0
-2.40681e-23
0
0
-8.0227e-24
0
0
1.60454e-23
-8.0227e-24
0
-8.0227e-24
4.01135e-24
4.01135e-24
-2.00567e-24
0
8.0227e-24
0
0
1.60454e-23
-4.81362e-23
0
-3.20908e-23
0
1.60454e-23
-1.60454e-23
-4.81362e-23
0
-8.0227e-24
0
0
0
0
0
0
0
0
0
0
0
0
0
0
0
0
0
0
0
0
0
0
0
0
0
-1.2034e-23
8.0227e-24
0
2.40681e-23
2.40681e-23
3.20908e-23
-1.60454e-23
-1.2034e-23
1.60454e-23
-8.0227e-24
-1.2034e-23
-1.60454e-23
-1.60454e-23
-8.0227e-24
-1.2034e-23
-4.01135e-24
2.00567e-23
-8.0227e-24
-6.01702e-24
-2.00567e-24
-2.00567e-24
-3.00851e-24
1.00284e-24
8.77483e-25
4.01135e-24
6.01702e-24
1.2034e-23
1.2034e-23
3.20908e-23
1.2034e-23
2.40681e-23
3.20908e-23
-2.40681e-23
4.01135e-23
3.20908e-23
3.20908e-23
-4.81362e-23
5.61589e-23
-4.81362e-23
-3.20908e-23
0
-2.40681e-23
-4.81362e-23
4.81362e-23
-1.60454e-23
-2.40681e-23
-1.60454e-23
-1.60454e-23
-3.20908e-23
-1.60454e-23
1.71889e-23
0
0
8.33856e-24
0
0
2.00232e-23
0
-6.41816e-23
-5.50968e-23
0
1.60454e-23
2.41996e-23
0
0
-4.80427e-23
0
1.60454e-23
-4.74211e-23
0
1.60454e-23
-4.24391e-23
0
8.0227e-24
-1.81335e-23
0
-1.60454e-23
-2.77752e-23
0
4.01135e-24
-1.53179e-23
0
8.0227e-24
-6.76608e-24
0
2.00567e-24
9.60239e-24
-0
0
2.80201e-23
-0
-4.01135e-24
4.73115e-23
-0
-1.60454e-23
5.69991e-23
-0
-8.0227e-24
3.47033e-23
-0
0
7.38569e-23
-0
-1.60454e-23
3.41559e-23
-0
-1.60454e-23
-2.4649e-23
-0
3.20908e-23
8.78636e-24
-0
1.60454e-23
3.3799e-23
-0
1.60454e-23
-1.02187e-23
-0
1.60454e-23
-1.43679e-23
-0
2.40681e-23
-1.02874e-23
-0
8.0227e-24
0
-1.60454e-23
0
-8.0227e-24
8.0227e-24
-2.40681e-23
-1.60454e-23
-4.01135e-24
0
0
0
1.00284e-24
8.0227e-24
1.60454e-23
1.60454e-23
3.20908e-23
-3.20908e-23
1.60454e-23
-4.81362e-23
1.60454e-23
0
-4.81362e-23
-4.81362e-23
8.0227e-24
0
2.20624e-23
0
3.20908e-23
0
0
0
1.60454e-23
0
-8.0227e-24
0
8.0227e-24
0
8.0227e-24
0
8.0227e-24
0
2.00567e-24
0
6.01702e-24
0
2.50709e-24
0
-2.00567e-24
0
-1.00284e-23
-0
-8.0227e-24
-0
-3.20908e-23
-0
-1.60454e-23
-0
4.01135e-23
-0
-3.20908e-23
-0
3.20908e-23
-0
-1.60454e-23
-0
-3.20908e-23
-0
4.81362e-23
-0
0
-0
-3.20908e-23
-0
-2.40681e-23
-0
-2.00567e-23
0
-1.60454e-23
2.40681e-23
-8.0227e-24
1.60454e-23
-1.60454e-23
-4.01135e-23
0
2.00567e-23
-4.01135e-24
-3.61021e-23
-8.0227e-24
-2.80794e-23
-4.01135e-24
-2.40681e-23
4.01135e-24
-1.60454e-23
-4.01135e-24
-1.2034e-23
-1.50426e-24
-6.01702e-24
0
4.88883e-24
6.01702e-24
1.80511e-23
1.2034e-23
3.61021e-23
1.60454e-23
5.21475e-23
1.60454e-23
5.61589e-23
0
4.01135e-23
1.60454e-23
8.0227e-23
0
4.01135e-23
0
-2.40681e-23
0
-3.20908e-23
8.0227e-24
5.61589e-23
1.60454e-23
-2.40681e-23
-8.0227e-24
-2.00567e-23
8.0227e-24
-2.00567e-23
-0
-0
-0
-0
-0
-0
-0
-0
-0
-0
-0
0
0
0
0
0
0
0
0
0
0
0
0
0
0
)
;
    }
    baffle_master
    {
        type            calculated;
        value           nonuniform List<scalar> 
150
(
-6.60294e-30
0
2.28934e-29
9.98952e-30
0
-2.28934e-29
-1.4729e-30
0
-2.86167e-30
-1.56516e-29
0
-2.28934e-29
1.27575e-28
0
6.86801e-29
9.77106e-30
0
-2.28934e-29
3.88102e-30
0
0
-5.22983e-31
0
5.72334e-30
1.79553e-30
0
0
8.87775e-30
0
2.28934e-29
-7.04807e-30
0
0
-1.93965e-30
0
-5.72334e-30
3.29636e-30
0
0
4.63375e-30
0
0
-1.66174e-30
0
2.28934e-29
-3.88755e-30
0
-2.28934e-29
-6.75326e-29
0
-3.43401e-29
-3.89498e-32
0
0
1.98312e-29
0
1.717e-29
6.5398e-31
0
5.72334e-30
-1.56345e-30
0
1.14467e-29
-9.53902e-30
0
-8.58502e-30
-1.51218e-31
0
0
5.5308e-34
0
-5.5892e-33
9.14533e-31
0
2.86167e-30
2.28934e-29
-6.22566e-29
0
2.28934e-29
-4.21672e-29
0
-2.86167e-30
3.76981e-30
-0
-2.28934e-29
7.95726e-29
-0
-2.28934e-29
-4.80426e-29
-0
0
5.43316e-29
-0
-1.14467e-29
2.45408e-29
-0
5.72334e-30
-1.43592e-29
0
-2.28934e-29
-4.12158e-29
0
2.28934e-29
-4.09777e-29
0
2.28934e-29
-4.05466e-29
0
1.14467e-29
-1.40731e-29
0
0
1.41283e-29
-0
-2.28934e-29
1.36777e-29
-0
-2.28934e-29
3.25586e-29
-0
-2.28934e-29
2.18044e-29
-0
2.28934e-29
6.80308e-30
-0
-1.43084e-30
4.14808e-30
-0
-1.14467e-29
-2.26412e-30
0
-5.72334e-30
1.45696e-29
0
0
9.2115e-30
0
-5.72334e-30
1.04344e-29
0
-3.57709e-31
-8.78083e-31
0
-2.7946e-33
-5.9972e-33
-0
0
2.69674e-30
0
)
;
    }
    baffle_slave
    {
        type            calculated;
        value           nonuniform List<scalar> 
150
(
4.51277e-24
-0
0
2.31906e-24
-0
1.60454e-23
3.67446e-24
-0
0
-1.60611e-25
-0
0
-3.54127e-23
-0
-1.60454e-23
-1.80197e-25
-0
8.0227e-24
-3.26706e-24
-0
0
-4.12887e-24
-0
0
8.06971e-25
-0
-4.01135e-24
6.26773e-25
-0
0
1.64528e-25
-0
0
-1.59435e-24
0
-5.01419e-25
1.66487e-25
0
4.01135e-24
-1.14386e-24
0
0
2.53843e-24
0
8.0227e-24
-6.89451e-24
0
0
-5.75691e-23
0
-3.20908e-23
1.53559e-24
0
0
-3.12447e-23
0
-4.81362e-23
-3.7293e-24
0
0
5.86033e-24
0
-1.60454e-23
2.85182e-23
0
3.20908e-23
-2.82048e-24
0
0
1.75497e-24
0
8.0227e-24
-5.79765e-25
0
-8.0227e-24
-2.58997e-23
5.97942e-23
0
-1.14674e-23
2.24777e-23
0
4.96175e-24
1.40241e-23
0
-2.03197e-24
1.50817e-23
0
-4.25193e-24
-3.10077e-23
0
-9.48421e-24
1.12163e-23
0
-6.04704e-24
1.22554e-23
0
-3.52838e-24
1.11918e-23
0
7.3368e-24
8.08929e-24
0
-4.58604e-24
9.91085e-24
0
-4.43548e-24
5.83585e-24
0
6.02353e-25
3.60591e-24
0
1.8277e-25
-8.06971e-25
0
9.51727e-24
-6.15021e-24
0
2.27506e-24
-1.25198e-23
0
5.44439e-24
-1.47135e-23
0
-4.96147e-23
-1.87249e-23
0
1.70104e-23
-2.30026e-23
0
7.20514e-24
1.56693e-25
0
-1.23937e-23
1.06787e-23
0
9.19643e-24
1.24415e-23
0
-3.95365e-23
3.45352e-23
0
-1.88581e-23
-1.21281e-23
0
-5.03906e-24
1.06238e-23
0
5.43469e-24
1.3789e-23
0
)
;
    }
}


// ************************************************************************* //
