/*--------------------------------*- C++ -*----------------------------------*\
| =========                 |                                                 |
| \\      /  F ield         | OpenFOAM: The Open Source CFD Toolbox           |
|  \\    /   O peration     | Version:  2212                                  |
|   \\  /    A nd           | Website:  www.openfoam.com                      |
|    \\/     M anipulation  |                                                 |
\*---------------------------------------------------------------------------*/
FoamFile
{
    version     2.0;
    format      ascii;
    arch        "LSB;label=32;scalar=64";
    class       volScalarField;
    location    "49/fluidRegion";
    object      deltaT;
}
// * * * * * * * * * * * * * * * * * * * * * * * * * * * * * * * * * * * * * //

dimensions      [0 0 0 1 0 0 0];

internalField   nonuniform List<scalar> 
350
(
0
0
0
0
0
0
0
0
0
0
0
0
0
0
0
0
0
0
0
0
0
0
0
0
0
0
0
0
0
0
0
0
0
0
0
0
0
0
0
0
0
0
0
0
0
0
0
0
0
0
16.2231
49.1809
81.8725
114.248
146.249
177.818
208.902
239.453
269.419
298.732
327.294
354.938
381.397
406.273
429.029
449.002
465.414
477.293
483.228
480.839
465.822
430.554
362.928
249.553
91.189
16.3517
49.5789
82.5339
115.168
147.422
179.239
210.567
241.358
271.564
301.124
329.945
357.868
384.63
409.831
432.92
453.213
469.908
482.018
488.128
485.857
470.872
435.453
367.266
252.608
92.2678
16.2025
49.1179
81.7676
114.102
146.062
177.592
208.637
239.149
269.076
298.35
326.87
354.47
380.88
405.705
428.409
448.335
464.706
476.552
482.464
480.064
465.051
429.82
362.291
249.11
91.0258
16.3217
49.486
82.3798
114.954
147.149
178.909
210.18
240.916
271.066
300.57
329.332
357.191
383.884
409.01
432.022
452.241
468.87
480.927
486.996
484.697
469.704
434.319
366.26
251.898
92.0181
16.3217
49.486
82.3798
114.954
147.149
178.909
210.18
240.916
271.066
300.57
329.332
357.191
383.884
409.01
432.022
452.241
468.87
480.926
486.996
484.697
469.704
434.32
366.26
251.898
92.0181
16.2025
49.1179
81.7676
114.102
146.062
177.592
208.637
239.149
269.076
298.35
326.87
354.469
380.88
405.705
428.409
448.335
464.706
476.552
482.464
480.064
465.052
429.82
362.292
249.111
91.0259
16.3517
49.5789
82.5339
115.168
147.422
179.239
210.567
241.358
271.564
301.124
329.945
357.868
384.63
409.831
432.92
453.213
469.908
482.018
488.128
485.857
470.872
435.454
367.266
252.608
92.2678
16.2231
49.1809
81.8725
114.248
146.249
177.818
208.902
239.453
269.419
298.732
327.294
354.938
381.397
406.273
429.028
449.002
465.414
477.293
483.228
480.839
465.822
430.554
362.928
249.553
91.189
16.3217
49.4861
82.3798
114.954
147.149
178.909
210.18
240.916
271.066
300.57
329.332
357.191
383.884
409.01
432.022
452.241
468.87
480.926
486.996
484.697
469.704
434.32
366.26
251.898
92.0181
16.2025
49.1179
81.7676
114.102
146.062
177.592
208.637
239.149
269.076
298.35
326.87
354.47
380.88
405.705
428.409
448.335
464.706
476.552
482.464
480.064
465.051
429.82
362.291
249.11
91.0258
16.2025
49.1179
81.7676
114.102
146.062
177.592
208.637
239.149
269.076
298.35
326.87
354.47
380.88
405.705
428.409
448.335
464.706
476.552
482.464
480.064
465.052
429.82
362.292
249.111
91.0259
16.3217
49.486
82.3798
114.954
147.149
178.909
210.18
240.916
271.066
300.57
329.332
357.191
383.884
409.01
432.022
452.241
468.87
480.926
486.996
484.697
469.704
434.32
366.26
251.898
92.0181
)
;

boundaryField
{
    outletCentralUnloaded
    {
        type            calculated;
        value           uniform 0;
    }
    inletCentralUnloaded
    {
        type            calculated;
        value           uniform 0;
    }
    outletFuelElement
    {
        type            calculated;
        value           uniform 0;
    }
    inletFuelElement
    {
        type            calculated;
        value           uniform 616.7;
    }
    defaultFaces
    {
        type            calculated;
        value           nonuniform List<scalar> 
450
(
0
0
0
0
0
0
0
0
0
0
0
0
0
0
0
0
0
0
0
0
0
0
0
0
0
0
0
0
0
0
0
0
0
0
0
0
0
0
0
0
0
0
0
0
0
0
0
0
92.9532
92.9532
92.9532
192.829
192.829
192.829
285.22
285.22
285.22
368.687
368.687
368.687
441.973
441.973
441.973
503.893
503.893
503.893
553.223
553.223
553.223
588.796
588.796
588.796
609.909
609.909
609.909
0
0
0
0
0
0
0
0
0
0
0
0
0
0
0
0
0
0
0
0
0
0
0
0
0
0
0
0
0
0
0
0
94.3598
94.3598
193.937
193.937
286.057
286.057
369.289
369.289
442.378
442.378
504.14
504.14
553.353
553.353
588.849
588.849
609.922
609.922
0
0
0
0
0
0
0
0
0
0
0
0
0
0
0
0
85.7728
187.139
280.886
365.547
439.843
502.582
552.53
588.516
609.85
0
0
0
0
0
0
0
0
0
0
0
0
0
0
0
0
85.7728
187.139
280.886
365.547
439.843
502.582
552.53
588.516
609.85
0
0
0
0
0
0
0
0
0
0
0
0
0
0
0
0
0
0
0
0
0
0
0
0
0
0
0
0
0
0
0
0
94.3589
94.3589
193.936
193.936
286.056
286.056
369.289
369.289
442.377
442.377
504.14
504.14
553.353
553.353
588.849
588.849
609.922
609.922
0
0
0
0
0
0
0
0
0
0
0
0
0
0
0
0
0
0
0
0
0
0
0
0
0
0
0
0
0
0
0
0
0
0
0
0
0
0
0
0
0
0
0
0
0
0
0
0
92.9532
92.9532
92.9532
192.829
192.829
192.829
285.22
285.22
285.22
368.687
368.687
368.687
441.973
441.973
441.973
503.893
503.893
503.893
553.223
553.223
553.223
588.796
588.796
588.796
609.909
609.909
609.909
0
0
0
0
0
0
0
0
0
0
0
0
0
0
0
0
85.7728
187.139
280.886
365.547
439.843
502.582
552.53
588.516
609.85
0
0
0
0
0
0
0
0
0
0
0
0
0
0
0
0
0
0
0
0
0
0
0
0
0
0
0
0
0
0
0
0
94.3597
94.3597
193.937
193.937
286.057
286.057
369.289
369.289
442.378
442.378
504.14
504.14
553.353
553.353
588.849
588.849
609.922
609.922
0
0
0
0
0
0
0
0
0
0
0
0
0
0
0
0
0
0
0
0
0
0
0
0
0
0
0
0
0
0
0
0
94.3589
94.3589
193.936
193.936
286.056
286.056
369.289
369.289
442.377
442.377
504.14
504.14
553.353
553.353
588.849
588.849
609.922
609.922
0
0
0
0
0
0
0
0
0
0
0
0
0
0
0
0
85.7729
187.139
280.886
365.547
439.843
502.582
552.53
588.516
609.85
)
;
    }
    baffle_master
    {
        type            calculated;
        value           uniform 0;
    }
    baffle_slave
    {
        type            calculated;
        value           nonuniform List<scalar> 
150
(
0
0
0
0
0
0
0
0
0
0
0
0
0
0
0
0
0
0
0
0
0
0
0
0
0
0
0
0
0
0
0
0
0
0
0
0
0
0
0
0
0
0
0
0
0
0
0
0
83.6147
85.7728
85.7729
185.426
187.139
187.139
279.58
280.886
280.886
364.599
365.547
365.547
439.2
439.843
439.843
502.185
502.582
502.582
552.321
552.53
552.53
588.432
588.516
588.516
609.832
609.85
609.85
0
0
0
0
0
0
0
0
0
0
0
0
0
0
0
0
0
0
0
0
0
0
0
0
0
0
0
0
0
0
0
0
0
0
0
0
0
0
0
0
0
0
0
0
0
0
0
0
85.7728
83.6146
85.7728
187.139
185.426
187.139
280.886
279.58
280.886
365.547
364.599
365.547
439.843
439.2
439.843
502.582
502.185
502.582
552.53
552.321
552.53
588.516
588.432
588.516
609.85
609.832
609.85
)
;
    }
}


// ************************************************************************* //
