/*--------------------------------*- C++ -*----------------------------------*\
| =========                 |                                                 |
| \\      /  F ield         | OpenFOAM: The Open Source CFD Toolbox           |
|  \\    /   O peration     | Version:  2212                                  |
|   \\  /    A nd           | Website:  www.openfoam.com                      |
|    \\/     M anipulation  |                                                 |
\*---------------------------------------------------------------------------*/
FoamFile
{
    version     2.0;
    format      ascii;
    arch        "LSB;label=32;scalar=64";
    class       volScalarField;
    location    "49/fluidRegion";
    object      dgdt;
}
// * * * * * * * * * * * * * * * * * * * * * * * * * * * * * * * * * * * * * //

dimensions      [0 0 -1 0 0 0 0];

internalField   nonuniform List<scalar> 
350
(
0.00535708
0.00532762
0.00530663
0.00529103
0.00528504
0.00528902
0.00529932
0.00531135
0.00532084
0.0053242
0.00531948
0.00530779
0.00529372
0.00528379
0.00528373
0.00529585
0.00531773
0.0053424
0.00536012
0.00536172
0.00534346
0.00531178
0.00526309
0.00521324
0.00263744
0.00535708
0.00532762
0.00530663
0.00529102
0.00528504
0.00528902
0.00529932
0.00531135
0.00532084
0.00532421
0.00531948
0.00530779
0.00529372
0.00528379
0.00528373
0.00529585
0.00531773
0.0053424
0.00536012
0.00536172
0.00534346
0.00531178
0.00526309
0.00521324
0.00263744
40.6121
50.867
64.7577
77.5623
89.2258
99.7054
108.968
116.983
123.716
129.116
133.102
135.549
136.296
135.167
132.025
126.839
119.729
110.939
100.771
89.4566
77.0959
63.6179
48.8562
32.8032
20.3939
40.6669
50.8062
64.8263
77.7524
89.5298
100.115
109.476
117.582
124.403
129.889
133.963
136.504
137.347
136.307
133.232
128.076
120.948
112.094
101.826
90.3931
77.9029
64.2873
49.3742
33.1492
20.6041
40.59
50.8518
64.7225
77.5084
89.1544
99.618
108.866
116.867
123.587
128.975
132.947
135.381
136.114
134.973
131.822
126.634
119.528
110.75
100.599
89.3044
76.9651
63.5096
48.7727
32.7473
20.3598
40.6645
50.8394
64.8288
77.7263
89.4767
100.037
109.374
117.459
124.258
129.724
133.777
136.296
137.115
136.053
132.961
127.798
120.672
111.832
101.586
90.1795
77.7186
64.1342
49.2556
33.0699
20.5559
40.6645
50.8394
64.8288
77.7263
89.4767
100.037
109.374
117.459
124.258
129.724
133.777
136.296
137.115
136.053
132.961
127.798
120.672
111.832
101.586
90.1795
77.7186
64.1342
49.2556
33.0699
20.5559
40.59
50.8518
64.7225
77.5084
89.1544
99.618
108.866
116.867
123.587
128.975
132.947
135.381
136.114
134.973
131.822
126.634
119.528
110.75
100.599
89.3044
76.9651
63.5096
48.7727
32.7473
20.3598
40.6669
50.8062
64.8263
77.7524
89.5298
100.115
109.476
117.582
124.403
129.889
133.963
136.504
137.347
136.307
133.232
128.076
120.948
112.094
101.826
90.393
77.9029
64.2874
49.3742
33.1492
20.6041
40.6121
50.867
64.7577
77.5624
89.2258
99.7054
108.968
116.983
123.716
129.116
133.102
135.549
136.296
135.167
132.025
126.839
119.729
110.939
100.771
89.4566
77.0959
63.6179
48.8563
32.8032
20.3939
40.6645
50.8394
64.8288
77.7263
89.4767
100.037
109.374
117.459
124.258
129.724
133.777
136.296
137.115
136.053
132.961
127.798
120.672
111.832
101.586
90.1795
77.7186
64.1342
49.2556
33.0699
20.5559
40.59
50.8518
64.7225
77.5084
89.1544
99.618
108.866
116.867
123.587
128.975
132.947
135.381
136.114
134.973
131.822
126.634
119.528
110.75
100.599
89.3045
76.9651
63.5096
48.7727
32.7473
20.3598
40.59
50.8518
64.7225
77.5084
89.1544
99.618
108.866
116.867
123.587
128.975
132.947
135.381
136.114
134.973
131.822
126.634
119.528
110.75
100.599
89.3044
76.9651
63.5096
48.7727
32.7473
20.3598
40.6645
50.8394
64.8288
77.7263
89.4767
100.037
109.374
117.459
124.258
129.724
133.777
136.296
137.115
136.053
132.961
127.798
120.672
111.832
101.586
90.1795
77.7186
64.1342
49.2556
33.0699
20.5559
)
;

boundaryField
{
    outletCentralUnloaded
    {
        type            calculated;
        value           nonuniform List<scalar> 2(0.00535708 0.00535708);
    }
    inletCentralUnloaded
    {
        type            calculated;
        value           nonuniform List<scalar> 2(0.00263744 0.00263744);
    }
    outletFuelElement
    {
        type            calculated;
        value           nonuniform List<scalar> 
12
(
40.6121
40.6669
40.59
40.6645
40.6645
40.59
40.6669
40.6121
40.6645
40.59
40.59
40.6645
)
;
    }
    inletFuelElement
    {
        type            calculated;
        value           nonuniform List<scalar> 
12
(
20.3939
20.6041
20.3598
20.5559
20.5559
20.3598
20.6041
20.3939
20.5559
20.3598
20.3598
20.5559
)
;
    }
    defaultFaces
    {
        type            calculated;
        value           nonuniform List<scalar> 
450
(
40.6121
40.6121
40.6121
50.867
50.867
50.867
64.7577
64.7577
64.7577
77.5623
77.5623
77.5623
89.2258
89.2258
89.2258
99.7054
99.7054
99.7054
108.968
108.968
108.968
116.983
116.983
116.983
123.716
123.716
123.716
129.116
129.116
129.116
133.102
133.102
133.102
135.549
135.549
135.549
136.296
136.296
136.296
135.167
135.167
135.167
132.025
132.025
132.025
126.839
126.839
126.839
119.729
119.729
119.729
110.939
110.939
110.939
100.771
100.771
100.771
89.4566
89.4566
89.4566
77.0959
77.0959
77.0959
63.6179
63.6179
63.6179
48.8562
48.8562
48.8562
32.8032
32.8032
32.8032
20.3939
20.3939
20.3939
40.59
40.59
50.8518
50.8518
64.7225
64.7225
77.5084
77.5084
89.1544
89.1544
99.618
99.618
108.866
108.866
116.867
116.867
123.587
123.587
128.975
128.975
132.947
132.947
135.381
135.381
136.114
136.114
134.973
134.973
131.822
131.822
126.634
126.634
119.528
119.528
110.75
110.75
100.599
100.599
89.3044
89.3044
76.9651
76.9651
63.5096
63.5096
48.7727
48.7727
32.7473
32.7473
20.3598
20.3598
40.6645
50.8394
64.8288
77.7263
89.4767
100.037
109.374
117.459
124.258
129.724
133.777
136.296
137.115
136.053
132.961
127.798
120.672
111.832
101.586
90.1795
77.7186
64.1342
49.2556
33.0699
20.5559
40.6645
50.8394
64.8288
77.7263
89.4767
100.037
109.374
117.459
124.258
129.724
133.777
136.296
137.115
136.053
132.961
127.798
120.672
111.832
101.586
90.1795
77.7186
64.1342
49.2556
33.0699
20.5559
40.59
40.59
50.8518
50.8518
64.7225
64.7225
77.5084
77.5084
89.1544
89.1544
99.618
99.618
108.866
108.866
116.867
116.867
123.587
123.587
128.975
128.975
132.947
132.947
135.381
135.381
136.114
136.114
134.973
134.973
131.822
131.822
126.634
126.634
119.528
119.528
110.75
110.75
100.599
100.599
89.3044
89.3044
76.9651
76.9651
63.5096
63.5096
48.7727
48.7727
32.7473
32.7473
20.3598
20.3598
40.6121
40.6121
40.6121
50.867
50.867
50.867
64.7577
64.7577
64.7577
77.5624
77.5624
77.5624
89.2258
89.2258
89.2258
99.7054
99.7054
99.7054
108.968
108.968
108.968
116.983
116.983
116.983
123.716
123.716
123.716
129.116
129.116
129.116
133.102
133.102
133.102
135.549
135.549
135.549
136.296
136.296
136.296
135.167
135.167
135.167
132.025
132.025
132.025
126.839
126.839
126.839
119.729
119.729
119.729
110.939
110.939
110.939
100.771
100.771
100.771
89.4566
89.4566
89.4566
77.0959
77.0959
77.0959
63.6179
63.6179
63.6179
48.8563
48.8563
48.8563
32.8032
32.8032
32.8032
20.3939
20.3939
20.3939
40.6645
50.8394
64.8288
77.7263
89.4767
100.037
109.374
117.459
124.258
129.724
133.777
136.296
137.115
136.053
132.961
127.798
120.672
111.832
101.586
90.1795
77.7186
64.1342
49.2556
33.0699
20.5559
40.59
40.59
50.8518
50.8518
64.7225
64.7225
77.5084
77.5084
89.1544
89.1544
99.618
99.618
108.866
108.866
116.867
116.867
123.587
123.587
128.975
128.975
132.947
132.947
135.381
135.381
136.114
136.114
134.973
134.973
131.822
131.822
126.634
126.634
119.528
119.528
110.75
110.75
100.599
100.599
89.3045
89.3045
76.9651
76.9651
63.5096
63.5096
48.7727
48.7727
32.7473
32.7473
20.3598
20.3598
40.59
40.59
50.8518
50.8518
64.7225
64.7225
77.5084
77.5084
89.1544
89.1544
99.618
99.618
108.866
108.866
116.867
116.867
123.587
123.587
128.975
128.975
132.947
132.947
135.381
135.381
136.114
136.114
134.973
134.973
131.822
131.822
126.634
126.634
119.528
119.528
110.75
110.75
100.599
100.599
89.3044
89.3044
76.9651
76.9651
63.5096
63.5096
48.7727
48.7727
32.7473
32.7473
20.3598
20.3598
40.6645
50.8394
64.8288
77.7263
89.4767
100.037
109.374
117.459
124.258
129.724
133.777
136.296
137.115
136.053
132.961
127.798
120.672
111.832
101.586
90.1795
77.7186
64.1342
49.2556
33.0699
20.5559
)
;
    }
    baffle_master
    {
        type            calculated;
        value           nonuniform List<scalar> 
150
(
0.00535708
0.00535708
0.00535708
0.00532762
0.00532762
0.00532762
0.00530663
0.00530663
0.00530663
0.00529103
0.00529103
0.00529103
0.00528504
0.00528504
0.00528504
0.00528902
0.00528902
0.00528902
0.00529932
0.00529932
0.00529932
0.00531135
0.00531135
0.00531135
0.00532084
0.00532084
0.00532084
0.0053242
0.0053242
0.0053242
0.00531948
0.00531948
0.00531948
0.00530779
0.00530779
0.00530779
0.00529372
0.00529372
0.00529372
0.00528379
0.00528379
0.00528379
0.00528373
0.00528373
0.00528373
0.00529585
0.00529585
0.00529585
0.00531773
0.00531773
0.00531773
0.0053424
0.0053424
0.0053424
0.00536012
0.00536012
0.00536012
0.00536172
0.00536172
0.00536172
0.00534346
0.00534346
0.00534346
0.00531178
0.00531178
0.00531178
0.00526309
0.00526309
0.00526309
0.00521324
0.00521324
0.00521324
0.00263744
0.00263744
0.00263744
0.00535708
0.00535708
0.00535708
0.00532762
0.00532762
0.00532762
0.00530663
0.00530663
0.00530663
0.00529102
0.00529102
0.00529102
0.00528504
0.00528504
0.00528504
0.00528902
0.00528902
0.00528902
0.00529932
0.00529932
0.00529932
0.00531135
0.00531135
0.00531135
0.00532084
0.00532084
0.00532084
0.00532421
0.00532421
0.00532421
0.00531948
0.00531948
0.00531948
0.00530779
0.00530779
0.00530779
0.00529372
0.00529372
0.00529372
0.00528379
0.00528379
0.00528379
0.00528373
0.00528373
0.00528373
0.00529585
0.00529585
0.00529585
0.00531773
0.00531773
0.00531773
0.0053424
0.0053424
0.0053424
0.00536012
0.00536012
0.00536012
0.00536172
0.00536172
0.00536172
0.00534346
0.00534346
0.00534346
0.00531178
0.00531178
0.00531178
0.00526309
0.00526309
0.00526309
0.00521324
0.00521324
0.00521324
0.00263744
0.00263744
0.00263744
)
;
    }
    baffle_slave
    {
        type            calculated;
        value           nonuniform List<scalar> 
150
(
40.6669
40.6645
40.6645
50.8062
50.8394
50.8394
64.8263
64.8288
64.8288
77.7524
77.7263
77.7263
89.5298
89.4767
89.4767
100.115
100.037
100.037
109.476
109.374
109.374
117.582
117.459
117.459
124.403
124.258
124.258
129.889
129.724
129.724
133.963
133.777
133.777
136.504
136.296
136.296
137.347
137.115
137.115
136.307
136.053
136.053
133.232
132.961
132.961
128.076
127.798
127.798
120.948
120.672
120.672
112.094
111.832
111.832
101.826
101.586
101.586
90.3931
90.1795
90.1795
77.9029
77.7186
77.7186
64.2873
64.1342
64.1342
49.3742
49.2556
49.2556
33.1492
33.0699
33.0699
20.6041
20.5559
20.5559
40.6645
40.6669
40.6645
50.8394
50.8062
50.8394
64.8288
64.8263
64.8288
77.7263
77.7524
77.7263
89.4767
89.5298
89.4767
100.037
100.115
100.037
109.374
109.476
109.374
117.459
117.582
117.459
124.258
124.403
124.258
129.724
129.889
129.724
133.777
133.963
133.777
136.296
136.504
136.296
137.115
137.347
137.115
136.053
136.307
136.053
132.961
133.232
132.961
127.798
128.076
127.798
120.672
120.948
120.672
111.832
112.094
111.832
101.586
101.826
101.586
90.1795
90.393
90.1795
77.7186
77.9029
77.7186
64.1342
64.2874
64.1342
49.2556
49.3742
49.2556
33.0699
33.1492
33.0699
20.5559
20.6041
20.5559
)
;
    }
}


// ************************************************************************* //
