/*--------------------------------*- C++ -*----------------------------------*\
| =========                 |                                                 |
| \\      /  F ield         | OpenFOAM: The Open Source CFD Toolbox           |
|  \\    /   O peration     | Version:  2212                                  |
|   \\  /    A nd           | Website:  www.openfoam.com                      |
|    \\/     M anipulation  |                                                 |
\*---------------------------------------------------------------------------*/
FoamFile
{
    version     2.0;
    format      ascii;
    arch        "LSB;label=32;scalar=64";
    class       volScalarField;
    location    "49/fluidRegion";
    object      k;
}
// * * * * * * * * * * * * * * * * * * * * * * * * * * * * * * * * * * * * * //

dimensions      [0 2 -2 0 0 0 0];

internalField   nonuniform List<scalar> 
350
(
0.421093
0.421023
0.420954
0.420884
0.420815
0.420747
0.420678
0.42061
0.420541
0.420474
0.420408
0.420344
0.420284
0.42023
0.420183
0.42015
0.420136
0.420152
0.420216
0.420352
0.420598
0.421012
0.421681
0.422737
0.424383
0.421093
0.421023
0.420954
0.420885
0.420815
0.420747
0.420678
0.42061
0.420541
0.420474
0.420408
0.420344
0.420284
0.42023
0.420183
0.42015
0.420136
0.420152
0.420216
0.420352
0.420598
0.421012
0.421681
0.422737
0.424383
406.055
383.541
357.925
329.713
299.688
268.629
237.283
206.349
176.468
148.2
122.023
98.3185
77.3591
59.3013
44.1773
31.8949
22.2494
14.9477
9.64143
5.96134
3.54785
2.07183
1.24989
0.853306
0.713333
411.763
388.985
363.066
334.501
304.085
272.608
240.829
209.457
179.142
150.455
123.881
99.8103
78.5218
60.1774
44.8126
32.336
22.541
15.1297
9.7475
6.01808
3.57499
2.08301
1.25365
0.854331
0.713719
405.11
382.638
357.076
328.925
298.967
267.979
236.706
205.846
176.036
147.837
121.725
98.0801
77.1737
59.1619
44.0763
31.8248
22.2029
14.9186
9.62424
5.95193
3.54313
2.06969
1.249
0.852959
0.713195
410.509
387.787
361.932
333.442
303.11
271.724
240.039
208.763
178.543
149.949
123.464
99.4741
78.2591
59.979
44.6685
32.2358
22.4746
15.0883
9.72333
6.00516
3.56883
2.08049
1.25282
0.85412
0.713646
410.509
387.787
361.932
333.442
303.11
271.724
240.039
208.763
178.543
149.949
123.464
99.4741
78.2591
59.979
44.6685
32.2358
22.4746
15.0883
9.72333
6.00516
3.56883
2.08049
1.25282
0.854119
0.713645
405.111
382.638
357.076
328.925
298.968
267.979
236.706
205.846
176.036
147.837
121.726
98.0802
77.1738
59.162
44.0764
31.8248
22.203
14.9186
9.62427
5.95195
3.54314
2.0697
1.24901
0.852963
0.7132
411.763
388.985
363.066
334.501
304.085
272.608
240.829
209.457
179.142
150.455
123.881
99.8103
78.5217
60.1774
44.8126
32.336
22.541
15.1297
9.7475
6.01808
3.575
2.08301
1.25365
0.85433
0.713718
406.055
383.541
357.925
329.713
299.688
268.629
237.283
206.349
176.468
148.2
122.023
98.3185
77.3591
59.3013
44.1773
31.8949
22.2494
14.9477
9.64145
5.96136
3.54787
2.07186
1.24991
0.853325
0.713351
410.509
387.787
361.932
333.442
303.11
271.724
240.039
208.763
178.543
149.949
123.464
99.4741
78.2591
59.979
44.6685
32.2358
22.4746
15.0883
9.72333
6.00516
3.56883
2.0805
1.25282
0.854126
0.713651
405.11
382.638
357.076
328.925
298.967
267.979
236.706
205.846
176.036
147.837
121.725
98.0801
77.1737
59.1619
44.0763
31.8247
22.2029
14.9185
9.62421
5.95189
3.54308
2.06965
1.24896
0.852924
0.713163
405.111
382.638
357.076
328.925
298.968
267.979
236.706
205.846
176.036
147.837
121.726
98.0802
77.1739
59.162
44.0764
31.8248
22.203
14.9186
9.62428
5.95196
3.54314
2.0697
1.249
0.852957
0.713192
410.509
387.787
361.932
333.442
303.11
271.724
240.039
208.763
178.543
149.949
123.464
99.4741
78.2591
59.979
44.6685
32.2358
22.4746
15.0883
9.72336
6.00519
3.56886
2.08052
1.25285
0.854149
0.713674
)
;

boundaryField
{
    outletCentralUnloaded
    {
        type            zeroGradient;
    }
    inletCentralUnloaded
    {
        type            zeroGradient;
    }
    outletFuelElement
    {
        type            zeroGradient;
    }
    inletFuelElement
    {
        type            zeroGradient;
    }
    defaultFaces
    {
        type            zeroGradient;
    }
    baffle_master
    {
        type            zeroGradient;
    }
    baffle_slave
    {
        type            zeroGradient;
    }
}


// ************************************************************************* //
