/*--------------------------------*- C++ -*----------------------------------*\
| =========                 |                                                 |
| \\      /  F ield         | OpenFOAM: The Open Source CFD Toolbox           |
|  \\    /   O peration     | Version:  2212                                  |
|   \\  /    A nd           | Website:  www.openfoam.com                      |
|    \\/     M anipulation  |                                                 |
\*---------------------------------------------------------------------------*/
FoamFile
{
    version     2.0;
    format      ascii;
    arch        "LSB;label=32;scalar=64";
    class       volScalarField;
    location    "49/fluidRegion";
    object      T;
}
// * * * * * * * * * * * * * * * * * * * * * * * * * * * * * * * * * * * * * //

dimensions      [0 0 0 1 0 0 0];

internalField   nonuniform List<scalar> 
350
(
83.289
83.2895
83.2899
83.2904
83.2908
83.2912
83.2917
83.2922
83.2927
83.2931
83.2936
83.2941
83.2946
83.2951
83.2955
83.296
83.2965
83.2969
83.2974
83.2978
83.2982
83.2987
83.2991
83.2996
83.3
83.289
83.2895
83.2899
83.2904
83.2908
83.2912
83.2917
83.2922
83.2927
83.2931
83.2936
83.2941
83.2946
83.2951
83.2955
83.296
83.2965
83.2969
83.2974
83.2978
83.2982
83.2987
83.2991
83.2996
83.3
1821.86
1815.78
1797.3
1766.63
1724.11
1670.24
1605.65
1531.07
1447.39
1355.61
1256.89
1152.55
1044.12
933.336
822.164
712.699
607.047
507.171
414.78
331.313
258.027
196.107
146.777
111.204
90.0906
1850.06
1844.21
1825.72
1794.83
1751.88
1697.37
1631.93
1556.31
1471.41
1378.24
1277.96
1171.91
1061.62
948.867
835.636
724.084
616.385
514.574
420.42
335.401
260.8
197.815
147.679
111.568
90.1679
1817.27
1811.19
1792.72
1762.1
1719.67
1665.93
1601.48
1527.09
1443.61
1352.07
1253.61
1149.55
1041.42
930.954
820.109
710.973
605.64
506.063
413.943
330.711
257.622
195.86
146.647
111.151
90.0783
1843.72
1837.8
1819.3
1788.45
1745.58
1691.21
1625.95
1550.56
1465.92
1373.06
1273.14
1167.47
1057.6
945.292
832.53
721.456
614.227
512.861
419.114
334.453
260.157
197.418
147.47
111.484
90.1501
1843.72
1837.8
1819.3
1788.45
1745.58
1691.21
1625.95
1550.56
1465.92
1373.06
1273.14
1167.47
1057.6
945.292
832.53
721.456
614.227
512.861
419.114
334.453
260.157
197.418
147.47
111.484
90.1501
1817.27
1811.19
1792.72
1762.1
1719.68
1665.93
1601.48
1527.09
1443.61
1352.07
1253.61
1149.55
1041.42
930.955
820.11
710.974
605.641
506.064
413.944
330.711
257.623
195.86
146.647
111.151
90.0783
1850.06
1844.21
1825.72
1794.83
1751.88
1697.37
1631.93
1556.31
1471.41
1378.24
1277.96
1171.91
1061.62
948.867
835.636
724.084
616.385
514.574
420.42
335.401
260.8
197.815
147.679
111.568
90.1679
1821.85
1815.78
1797.3
1766.63
1724.11
1670.24
1605.65
1531.07
1447.39
1355.61
1256.89
1152.55
1044.12
933.336
822.164
712.699
607.047
507.171
414.78
331.313
258.027
196.107
146.777
111.204
90.0906
1843.72
1837.8
1819.3
1788.45
1745.58
1691.21
1625.95
1550.56
1465.92
1373.06
1273.14
1167.47
1057.6
945.292
832.53
721.456
614.227
512.861
419.114
334.453
260.157
197.418
147.47
111.484
90.1501
1817.27
1811.19
1792.72
1762.1
1719.67
1665.93
1601.48
1527.09
1443.61
1352.07
1253.61
1149.55
1041.42
930.954
820.109
710.973
605.64
506.063
413.943
330.711
257.622
195.86
146.647
111.151
90.0783
1817.27
1811.19
1792.72
1762.1
1719.67
1665.93
1601.48
1527.09
1443.61
1352.07
1253.61
1149.55
1041.42
930.955
820.11
710.974
605.641
506.064
413.944
330.711
257.623
195.86
146.647
111.151
90.0783
1843.72
1837.8
1819.3
1788.45
1745.58
1691.21
1625.95
1550.56
1465.92
1373.06
1273.14
1167.47
1057.6
945.291
832.53
721.456
614.227
512.861
419.114
334.453
260.157
197.418
147.47
111.484
90.1501
)
;

boundaryField
{
    outletCentralUnloaded
    {
        type            zeroGradient;
    }
    inletCentralUnloaded
    {
        type            fixedValue;
        value           uniform 83.3;
    }
    outletFuelElement
    {
        type            zeroGradient;
    }
    inletFuelElement
    {
        type            fixedValue;
        value           uniform 83.3;
    }
    defaultFaces
    {
        type            zeroGradient;
    }
    baffle_master
    {
        type            zeroGradient;
    }
    baffle_slave
    {
        type            zeroGradient;
    }
}


// ************************************************************************* //
