/*--------------------------------*- C++ -*----------------------------------*\
| =========                 |                                                 |
| \\      /  F ield         | OpenFOAM: The Open Source CFD Toolbox           |
|  \\    /   O peration     | Version:  2212                                  |
|   \\  /    A nd           | Website:  www.openfoam.com                      |
|    \\/     M anipulation  |                                                 |
\*---------------------------------------------------------------------------*/
FoamFile
{
    version     2.0;
    format      ascii;
    arch        "LSB;label=32;scalar=64";
    class       surfaceScalarField;
    location    "70/fluidRegion";
    object      alphaRhoPhi;
}
// * * * * * * * * * * * * * * * * * * * * * * * * * * * * * * * * * * * * * //

dimensions      [1 0 -1 0 0 0 0];

oriented        oriented;

internalField   nonuniform List<scalar> 
661
(
-0.00585001
9.08889e-12
-0.00584995
1.13472e-11
-0.00584987
9.63033e-12
-0.00584975
6.30117e-12
-0.00584962
2.13276e-12
-0.00584947
-2.01556e-12
-0.00584933
-5.28119e-12
-0.00584922
-7.29556e-12
-0.00584915
-8.36997e-12
-0.00584914
-8.75413e-12
-0.00584919
-8.75467e-12
-0.00584928
-8.15878e-12
-0.00584941
-6.89258e-12
-0.00584956
-4.82327e-12
-0.00584972
-2.29294e-12
-0.00584988
2.54247e-13
-0.00585003
2.24924e-12
-0.00585015
3.47944e-12
-0.00585023
3.88015e-12
-0.00585026
3.6675e-12
-0.00585023
3.20722e-12
-0.00585014
2.75545e-12
-0.00585001
2.16255e-12
-0.00584984
5.86122e-13
-1.56141e-12
-0.00585001
-0.00584995
-0.00584987
-0.00584975
-0.00584962
-0.00584947
-0.00584933
-0.00584922
-0.00584915
-0.00584914
-0.00584919
-0.00584928
-0.00584941
-0.00584956
-0.00584972
-0.00584988
-0.00585003
-0.00585015
-0.00585023
-0.00585026
-0.00585023
-0.00585014
-0.00585001
-0.00584984
-0.00939698
6.45774e-07
-0.00939721
3.12097e-07
-0.00939748
3.46555e-07
-0.00939772
3.21672e-07
-0.00939795
3.02339e-07
-0.00939817
2.85406e-07
-0.00939837
2.70587e-07
-0.00939856
2.56278e-07
-0.00939874
2.38532e-07
-0.00939889
2.09685e-07
-0.00939901
1.57527e-07
-0.00939906
6.5073e-08
-0.00939898
-8.48618e-08
-0.00939873
-2.99914e-07
-0.00939822
-5.80432e-07
-0.00939741
-9.07699e-07
-0.00939627
-1.25563e-06
-0.00939479
-1.60762e-06
-0.00939295
-1.97531e-06
-0.00939068
-2.40896e-06
-0.00938782
-3.00109e-06
-0.00938412
-3.84854e-06
-0.00937927
-4.98156e-06
-0.00937353
-5.87969e-06
-7.19366e-06
-0.00931273
-2.04809e-08
-1.52348e-08
-0.00931228
-8.42922e-08
-8.04328e-08
-0.00931181
-8.23155e-08
-7.78867e-08
-0.00931137
-7.40437e-08
-6.92166e-08
-0.00931096
-6.71747e-08
-6.18435e-08
-0.00931059
-6.08693e-08
-5.49707e-08
-0.00931024
-5.50741e-08
-4.85145e-08
-0.00930992
-4.93721e-08
-4.19618e-08
-0.00930962
-4.2689e-08
-3.4227e-08
-0.00930938
-3.28327e-08
-2.30961e-08
-0.00930921
-1.60661e-08
-4.7478e-09
-0.00930919
1.26555e-08
2.57979e-08
-0.0093094
5.7651e-08
7.36292e-08
-0.00930996
1.26662e-07
1.45903e-07
-0.00931097
2.17522e-07
2.40989e-07
-0.00931252
3.26078e-07
3.55092e-07
-0.00931466
4.44523e-07
4.80948e-07
-0.0093174
5.67854e-07
6.14278e-07
-0.00932078
7.00169e-07
7.60273e-07
-0.00932492
8.58905e-07
9.36995e-07
-0.0093301
1.07425e-06
1.17443e-06
-0.00933673
1.37336e-06
1.49691e-06
-0.00934524
1.7361e-06
1.88166e-06
-0.0093549
1.86567e-06
2.01303e-06
1.83201e-06
1.9349e-06
-0.00941079
3.15251e-07
-0.00941111
3.02359e-07
-0.00941143
2.98126e-07
-0.00941172
2.73423e-07
-0.00941199
2.52241e-07
-0.00941224
2.33266e-07
-0.00941246
2.15924e-07
-0.00941266
1.98296e-07
-0.00941284
1.75815e-07
-0.00941298
1.39926e-07
-0.00941306
7.7122e-08
-0.00941301
-2.99986e-08
-0.00941279
-1.98865e-07
-0.00941228
-4.39299e-07
-0.0094114
-7.48902e-07
-0.00941007
-1.10739e-06
-0.00940826
-1.48771e-06
-0.00940594
-1.87464e-06
-0.00940308
-2.28406e-06
-0.00939957
-2.77254e-06
-0.00939517
-3.43456e-06
-0.00938953
-4.3637e-06
-0.00938235
-5.50106e-06
-0.00937431
-6.18698e-06
-6.46406e-06
-0.00933162
2.02871e-10
-0.00933135
-1.5656e-09
-0.00933109
-1.49775e-09
-0.00933084
-1.52569e-09
-0.00933062
-1.47401e-09
-0.00933041
-1.40735e-09
-0.00933022
-1.34429e-09
-0.00933004
-1.19106e-09
-0.00932989
-9.75809e-10
-0.00932977
-6.82646e-10
-0.0093297
-2.14335e-10
-0.00932972
4.93615e-10
-0.00932991
1.42973e-09
-0.00933031
2.67528e-09
-0.00933101
4.27903e-09
-0.00933206
6.31365e-09
-0.00933347
8.93667e-09
-0.00933528
1.22939e-08
-0.00933749
1.6208e-08
-0.00934019
2.07022e-08
-0.00934356
2.56096e-08
-0.00934786
2.98426e-08
-0.00935332
3.23852e-08
-0.00935949
3.08694e-08
2.10008e-08
-0.00933163
-3.14959e-07
-0.00933136
-3.05866e-07
-0.0093311
-3.0141e-07
-0.00933085
-2.76811e-07
-0.00933063
-2.55612e-07
-0.00933042
-2.36621e-07
-0.00933023
-2.19265e-07
-0.00933006
-2.01506e-07
-0.0093299
-1.78822e-07
-0.00932978
-1.4262e-07
-0.00932971
-7.9231e-08
-0.00932974
2.86209e-08
-0.00932992
1.98678e-07
-0.00933032
4.4065e-07
-0.00933102
7.52252e-07
-0.00933207
1.11334e-06
-0.00933348
1.4972e-06
-0.00933529
1.88893e-06
-0.0093375
2.30458e-06
-0.0093402
2.80124e-06
-0.00934357
3.47418e-06
-0.00934787
4.41621e-06
-0.00935333
5.56805e-06
-0.0093595
6.26103e-06
6.52953e-06
-0.00941079
1.75655e-08
-0.00941111
8.31691e-08
-0.00941144
8.07914e-08
-0.00941173
7.22945e-08
-0.00941199
6.51741e-08
-0.00941224
5.85463e-08
-0.00941246
5.23364e-08
-0.00941266
4.61231e-08
-0.00941284
3.87572e-08
-0.00941298
2.803e-08
-0.00941306
1.02226e-08
-0.00941301
-1.97386e-08
-0.00941278
-6.65406e-08
-0.00941227
-1.37704e-07
-0.00941139
-2.31274e-07
-0.00941006
-3.43168e-07
-0.00940825
-4.6562e-07
-0.00940593
-5.93545e-07
-0.00940307
-7.31221e-07
-0.00939956
-8.95597e-07
-0.00939516
-1.11679e-06
-0.00938951
-1.42039e-06
-0.00938233
-1.78504e-06
-0.00937429
-1.90681e-06
-1.83831e-06
-0.00931273
-6.46074e-07
-1.67689e-08
-0.00931228
-3.12557e-07
-7.9764e-08
-0.00931181
-3.4709e-07
-7.74266e-08
-0.00931137
-3.22252e-07
-6.88153e-08
-0.00931096
-3.02926e-07
-6.15979e-08
-0.00931059
-2.86018e-07
-5.49157e-08
-0.00931024
-2.71238e-07
-4.86906e-08
-0.00930992
-2.56947e-07
-4.24976e-08
-0.00930962
-2.39241e-07
-3.5237e-08
-0.00930938
-2.10429e-07
-2.47367e-08
-0.00930921
-1.58237e-07
-7.32177e-09
-0.00930919
-6.56614e-08
2.21984e-08
-0.0093094
8.45715e-08
6.81181e-08
-0.00930996
3.00022e-07
1.37933e-07
-0.00931097
5.81326e-07
2.29543e-07
-0.00931252
9.10072e-07
3.38588e-07
-0.00931466
1.26084e-06
4.5676e-07
-0.0093174
1.61821e-06
5.78195e-07
-0.00932078
1.9958e-06
7.05607e-07
-0.00932492
2.44752e-06
8.53738e-07
-0.00933009
3.07296e-06
1.04599e-06
-0.00933673
3.97424e-06
1.30577e-06
-0.00934524
5.18951e-06
1.61108e-06
-0.0093549
6.16954e-06
1.68192e-06
7.53022e-06
1.63366e-06
-0.00939698
-0.00939721
-0.00939748
-0.00939772
-0.00939795
-0.00939817
-0.00939837
-0.00939856
-0.00939874
-0.00939889
-0.00939901
-0.00939906
-0.00939898
-0.00939873
-0.00939822
-0.00939741
-0.00939627
-0.00939479
-0.00939295
-0.00939068
-0.00938782
-0.00938412
-0.00937927
-0.00937353
-0.00933162
-3.20012e-07
3.18967e-09
-0.00933135
-3.07949e-07
1.97978e-09
-0.00933109
-3.04131e-07
2.33402e-09
-0.00933084
-2.79827e-07
2.58684e-09
-0.00933062
-2.59025e-07
2.85597e-09
-0.00933041
-2.4049e-07
3.19902e-09
-0.00933022
-2.23676e-07
3.65043e-09
-0.00933004
-2.06619e-07
4.19679e-09
-0.00932989
-1.84818e-07
4.91141e-09
-0.00932977
-1.49699e-07
5.83641e-09
-0.0093297
-8.76445e-08
7.02165e-09
-0.00932972
1.84551e-08
8.13819e-09
-0.00932991
1.86074e-07
1.03096e-08
-0.00933031
4.25051e-07
1.29387e-08
-0.00933101
7.32615e-07
1.66061e-08
-0.00933206
1.0881e-06
2.18354e-08
-0.00933347
1.4637e-06
2.94594e-08
-0.00933528
1.84281e-06
4.08502e-08
-0.00933749
2.23802e-06
5.88058e-08
-0.00934019
2.70202e-06
8.67815e-08
-0.00934356
3.31935e-06
1.30719e-07
-0.00934786
4.1772e-06
1.92521e-07
-0.00935332
5.21079e-06
2.72771e-07
-0.00935949
5.79412e-06
3.32037e-07
6.07409e-06
3.01804e-07
-0.00941079
-0.00941111
-0.00941143
-0.00941172
-0.00941199
-0.00941224
-0.00941246
-0.00941266
-0.00941284
-0.00941298
-0.00941305
-0.00941301
-0.00941278
-0.00941228
-0.00941139
-0.00941007
-0.00940826
-0.00940594
-0.00940308
-0.00939957
-0.00939517
-0.00938953
-0.00938235
-0.00937432
-0.00941079
3.13333e-07
-0.00941111
3.04112e-07
-0.00941144
2.99507e-07
-0.00941173
2.74766e-07
-0.00941199
2.53486e-07
-0.00941224
2.34362e-07
-0.00941246
2.16808e-07
-0.00941266
1.98869e-07
-0.00941284
1.75923e-07
-0.00941298
1.39402e-07
-0.00941306
7.57483e-08
-0.00941301
-3.21284e-08
-0.00941278
-2.02733e-07
-0.00941227
-4.45224e-07
-0.00941139
-7.57432e-07
-0.00941006
-1.11915e-06
-0.00940825
-1.50334e-06
-0.00940593
-1.89431e-06
-0.00940307
-2.30708e-06
-0.00939956
-2.79545e-06
-0.00939516
-3.45221e-06
-0.00938951
-4.36235e-06
-0.00938233
-5.4598e-06
-0.0093743
-6.08553e-06
-6.27955e-06
-0.00933163
-0.00933136
-0.0093311
-0.00933085
-0.00933063
-0.00933042
-0.00933023
-0.00933006
-0.0093299
-0.00932978
-0.00932971
-0.00932974
-0.00932992
-0.00933032
-0.00933102
-0.00933207
-0.00933349
-0.00933529
-0.0093375
-0.0093402
-0.00934357
-0.00934787
-0.00935334
-0.00935951
)
;

boundaryField
{
    outletCentralUnloaded
    {
        type            calculated;
        value           nonuniform List<scalar> 2(0.00585002 0.00585002);
    }
    inletCentralUnloaded
    {
        type            calculated;
        value           nonuniform List<scalar> 2(-0.0058737 -0.0058737);
    }
    outletFuelElement
    {
        type            calculated;
        value           nonuniform List<scalar> 
12
(
0.00939641
0.00931338
0.00941051
0.0093319
0.00933192
0.00941052
0.00931338
0.00939641
0.0093319
0.00941051
0.00941052
0.00933192
)
;
    }
    inletFuelElement
    {
        type            calculated;
        value           nonuniform List<scalar> 
12
(
-0.0095389
-0.00953891
-0.00953889
-0.00953889
-0.00953891
-0.0095389
-0.00953891
-0.0095389
-0.00953889
-0.00953889
-0.0095389
-0.00953891
)
;
    }
    defaultFaces
    {
        type            calculated;
        value           nonuniform List<scalar> 
450
(
2.45187e-23
-1.42477e-23
0
7.68942e-24
-5.48744e-25
0
1.0705e-23
6.31238e-25
0
-2.79768e-23
-9.10753e-24
0
-8.85182e-24
-2.13423e-23
0
-1.591e-23
-1.07801e-23
0
-1.97085e-23
-8.54625e-24
0
-2.08071e-23
-7.58032e-24
0
-1.27739e-23
-2.43427e-24
0
-1.17456e-23
-5.60079e-24
0
-1.01605e-23
-5.31122e-24
0
-5.12149e-24
-1.86292e-24
0
7.02676e-24
1.25921e-24
0
2.07098e-23
4.16488e-24
0
3.66194e-23
1.90221e-23
0
5.93852e-23
2.54214e-23
0
5.93299e-23
1.4369e-23
0
1.08946e-22
4.01786e-23
0
1.27893e-22
-1.17724e-22
0
-9.00543e-23
-2.3037e-23
0
-9.42941e-23
-4.78131e-23
0
1.90113e-22
-7.79181e-23
0
-8.59008e-23
7.26295e-23
0
-2.9869e-22
-3.2894e-22
0
-1.62709e-22
-2.34232e-22
0
1.48077e-23
0
7.53955e-24
0
3.8638e-24
0
1.19579e-23
0
-8.27839e-24
0
6.49121e-24
0
6.83436e-24
0
7.24911e-24
0
-1.29166e-24
0
5.57082e-24
0
3.03132e-24
0
-8.33191e-25
0
-7.41143e-24
0
-1.25162e-23
0
-1.90485e-23
0
-5.51857e-23
0
6.50277e-23
0
-3.12221e-23
0
7.6523e-23
0
-9.59942e-23
0
-1.236e-22
0
1.63555e-22
0
5.5346e-23
0
-3.00004e-22
0
-3.84373e-22
0
-7.2979e-24
-3.71531e-24
3.8075e-24
0
4.07793e-24
-4.26298e-24
-8.9758e-24
0
5.08828e-24
-2.74298e-24
-1.49251e-24
4.1023e-25
3.64928e-24
8.21819e-24
9.3829e-24
2.17553e-23
-5.12989e-23
3.08104e-23
-3.77911e-23
4.746e-23
1.22386e-22
-1.6223e-22
-2.20072e-22
7.4748e-23
-9.59991e-23
0
0
0
0
0
0
0
0
0
0
0
0
0
0
0
0
0
0
0
0
0
0
0
0
0
-1.20313e-23
1.11058e-23
3.76977e-24
1.13093e-23
1.54552e-23
1.54552e-23
-7.97195e-24
-7.97195e-24
8.27838e-24
-8.27838e-24
-1.08187e-23
-6.4912e-24
-4.55624e-24
-6.83436e-24
-2.41637e-24
-4.83274e-24
1.16249e-23
-5.16663e-24
-2.78541e-24
-2.78541e-24
-2.27348e-24
-7.57828e-25
1.66638e-24
1.45808e-24
7.41142e-24
5.55857e-24
2.08603e-23
1.66882e-23
1.90485e-23
1.90485e-23
3.31114e-23
2.20743e-23
-2.6011e-23
7.80331e-23
3.12221e-23
4.68331e-23
-1.91307e-22
9.56535e-23
-1.43991e-22
-9.5994e-23
-6.18001e-23
-1.236e-22
-2.45332e-22
2.04443e-22
-1.10692e-22
-2.21384e-22
0
-1.12501e-22
-2.8828e-22
-1.92187e-22
1.07951e-23
0
0
-1.34626e-24
0
0
7.15962e-24
0
-3.08319e-23
-3.16298e-23
0
3.9758e-24
8.07715e-24
0
0
-2.33291e-23
0
8.63265e-24
-2.12229e-23
0
4.54446e-24
-2.58387e-23
0
0
-1.74301e-23
0
-5.15321e-24
-2.15667e-23
0
2.77816e-24
-1.61495e-23
0
6.04687e-24
-6.26147e-24
0
1.66206e-24
8.61761e-24
-0
-1.84809e-24
2.94331e-23
-0
-4.16147e-24
5.45536e-23
-0
-1.90012e-23
8.99457e-23
-0
-2.20211e-23
6.38617e-23
-0
0
1.52379e-22
-0
0
9.91055e-23
-0
-7.63691e-23
-6.51233e-23
-0
9.58198e-23
-3.43846e-24
-0
6.17025e-23
1.96771e-22
-0
8.16716e-23
-1.6872e-22
-0
1.10588e-22
-8.39302e-23
-0
1.49921e-22
-1.97307e-22
-0
9.60771e-23
-7.2979e-24
-7.43063e-24
3.8075e-24
-3.92742e-24
8.15586e-24
-1.27889e-23
-4.4879e-24
0
-2.54414e-24
-5.48597e-24
0
2.05115e-25
3.64928e-24
8.21819e-24
1.87658e-23
2.17553e-23
-2.56495e-23
0
-7.55822e-23
4.746e-23
0
-1.6223e-22
-1.10036e-22
7.4748e-23
0
9.25482e-24
0
7.53955e-24
0
3.8638e-24
0
9.96495e-24
0
-6.20879e-24
0
6.49121e-24
0
6.83436e-24
0
3.62456e-24
0
0
0
6.96352e-24
0
3.03132e-24
0
-8.33191e-25
0
-3.70571e-24
-0
-1.25162e-23
-0
-9.52424e-24
-0
-3.31114e-23
-0
9.10388e-23
-0
-9.36663e-23
-0
7.65229e-23
-0
-1.19993e-22
-0
-1.236e-22
-0
2.04443e-22
-0
5.5346e-23
-0
-1.50002e-22
-0
-1.92186e-22
-0
-5.09015e-24
3.70192e-24
-1.13093e-23
1.13093e-23
-7.7276e-24
1.15914e-23
-7.97195e-24
-2.19229e-23
0
6.20879e-24
-6.49121e-24
-1.51461e-23
-4.55624e-24
-1.59468e-23
-6.04092e-24
-1.20818e-23
0
-7.74994e-24
-3.48176e-24
-8.35622e-24
-2.08403e-24
-4.54697e-24
0
5.41574e-24
3.70571e-24
1.85286e-23
4.17205e-24
3.33764e-23
1.90485e-23
6.66696e-23
2.20743e-23
9.93342e-23
0
6.50276e-23
3.12221e-23
1.5611e-22
-3.82614e-23
1.14784e-22
-4.7997e-23
-9.59941e-23
0
-1.545e-22
8.17772e-23
2.45332e-22
1.10692e-22
-1.10692e-22
7.5001e-23
-1.87502e-22
9.60933e-23
-1.92187e-22
-0
-0
-0
-0
-0
-0
-0
-0
-0
-0
-0
0
0
0
0
0
0
0
0
0
0
0
0
0
0
)
;
    }
    baffle_master
    {
        type            calculated;
        value           nonuniform List<scalar> 
150
(
-4.48439e-29
0
-2.48461e-28
-3.80503e-29
0
2.48481e-28
-4.10698e-29
0
0
5.96211e-29
0
1.24261e-28
1.07843e-28
0
9.32035e-29
2.03884e-29
0
0
-1.691e-30
0
0
3.82844e-29
0
0
-6.6665e-30
0
0
6.33289e-29
0
-1.24323e-28
5.99696e-29
0
0
1.02811e-28
0
0
2.72769e-29
0
0
1.89655e-29
0
0
1.60205e-29
0
0
1.51688e-30
0
0
-1.9373e-28
0
-9.3296e-29
1.89535e-29
0
-6.22025e-29
-2.23234e-28
0
-1.86623e-28
4.03497e-30
0
0
1.03228e-29
0
-6.22182e-29
1.8692e-28
0
6.22234e-29
-1.13423e-29
0
3.11143e-29
4.58254e-30
0
-7.77919e-30
2.11327e-29
0
0
-2.48461e-28
2.97617e-28
-0
-2.48481e-28
2.94302e-28
-0
-1.24251e-28
3.76495e-28
-0
0
3.62197e-28
-0
3.10678e-29
-6.54072e-29
-0
6.21408e-29
-7.37546e-29
0
0
-1.80322e-28
0
1.24302e-28
-3.55764e-28
0
-1.24312e-28
-3.08142e-28
0
0
-2.79441e-28
0
0
-1.27613e-28
0
1.24343e-28
-2.03115e-28
0
1.24354e-28
-1.97101e-28
0
1.24364e-28
-1.97586e-28
0
3.10936e-29
-9.54038e-29
0
0
1.08096e-29
-0
6.21974e-29
8.15635e-29
-0
-1.24405e-28
1.04902e-28
-0
6.22077e-29
-3.25268e-29
-0
0
-1.01715e-28
-0
6.22182e-29
-6.36824e-29
-0
1.24447e-28
-1.62345e-28
-0
3.11143e-29
9.31105e-29
-0
-7.77919e-30
-2.02566e-29
-0
0
1.92607e-29
0
)
;
    }
    baffle_slave
    {
        type            calculated;
        value           nonuniform List<scalar> 
150
(
2.2728e-24
-0
0
4.62805e-25
-0
-3.71531e-24
4.50554e-24
-0
3.8075e-24
2.69052e-24
-0
0
-1.37137e-23
-0
-8.15586e-24
-2.38924e-24
-0
-4.26298e-24
1.39734e-24
-0
0
-2.07475e-24
-0
0
2.85152e-24
-0
-2.54414e-24
-2.04954e-24
-0
0
1.85862e-24
-0
0
0
0
0
0
0
-3.64929e-24
-3.07027e-24
0
-8.2182e-24
-2.33705e-24
0
0
1.3548e-24
0
2.17553e-23
-6.54979e-23
0
-7.69484e-23
-1.91927e-23
0
0
-8.47669e-23
0
-1.51165e-22
2.95787e-24
0
-4.746e-23
-1.90753e-23
0
-1.22386e-22
1.51778e-22
0
8.11152e-23
0
0
1.10036e-22
1.8671e-23
0
-1.49496e-22
2.69932e-23
0
-1.91998e-22
3.13195e-25
1.43186e-23
0
-4.88893e-24
6.59497e-24
0
1.02416e-24
7.94398e-24
0
-3.64522e-24
7.82697e-24
0
-1.61361e-24
-1.38407e-23
0
-8.98584e-24
7.03499e-24
0
-7.23997e-24
9.22247e-24
0
-5.3458e-25
5.33507e-24
0
5.30812e-24
6.33671e-24
0
-2.93513e-24
5.80703e-24
0
-1.55298e-24
4.36775e-24
0
1.70385e-25
2.14558e-24
0
2.47204e-24
-7.9527e-25
0
6.22166e-24
-6.95608e-24
0
6.44306e-24
-1.5556e-23
0
2.17216e-23
-2.06607e-23
0
-4.9496e-23
-2.67583e-23
0
2.38964e-23
-4.03047e-23
0
-4.65211e-23
-3.53195e-24
0
9.59341e-24
2.95787e-23
0
-4.59831e-23
8.01164e-23
0
-2.47007e-22
1.4166e-22
0
-2.16522e-22
-1.16737e-22
0
3.65137e-23
5.6013e-23
0
-3.07301e-23
8.39788e-23
0
)
;
    }
}


// ************************************************************************* //
