/*--------------------------------*- C++ -*----------------------------------*\
| =========                 |                                                 |
| \\      /  F ield         | OpenFOAM: The Open Source CFD Toolbox           |
|  \\    /   O peration     | Version:  2212                                  |
|   \\  /    A nd           | Website:  www.openfoam.com                      |
|    \\/     M anipulation  |                                                 |
\*---------------------------------------------------------------------------*/
FoamFile
{
    version     2.0;
    format      ascii;
    arch        "LSB;label=32;scalar=64";
    class       volScalarField;
    location    "70/fluidRegion";
    object      dgdt;
}
// * * * * * * * * * * * * * * * * * * * * * * * * * * * * * * * * * * * * * //

dimensions      [0 0 -1 0 0 0 0];

internalField   nonuniform List<scalar> 
350
(
0.00530839
0.00528118
0.00528206
0.00528798
0.00529173
0.00529046
0.00528976
0.00529897
0.00532129
0.00534847
0.00536521
0.00535966
0.00533189
0.00529468
0.00526665
0.00526264
0.00528648
0.00532917
0.00537225
0.00539487
0.00538253
0.0053337
0.0052395
0.00513149
0.00264533
0.00530839
0.00528118
0.00528206
0.00528798
0.00529173
0.00529046
0.00528976
0.00529897
0.00532129
0.00534847
0.00536521
0.00535966
0.00533189
0.00529468
0.00526665
0.00526264
0.00528648
0.00532917
0.00537225
0.00539487
0.00538253
0.0053337
0.0052395
0.00513149
0.00264533
40.7781
51.0921
64.9704
77.7629
89.4146
99.8827
109.134
117.139
123.862
129.253
133.23
135.67
136.41
135.274
132.125
126.932
119.813
111.014
100.836
89.5134
77.145
63.6596
48.8893
32.8229
20.3919
40.8348
51.034
65.0417
77.9555
89.7209
100.295
109.644
117.74
124.55
130.027
134.093
136.627
137.463
136.415
133.333
128.17
121.033
112.17
101.893
90.4508
77.9528
64.3298
49.4079
33.1693
20.6024
40.7557
51.0764
64.9348
77.7086
89.3428
99.7949
109.032
117.023
123.733
129.111
133.075
135.502
136.228
135.08
131.922
126.726
119.612
110.825
100.664
89.3612
77.0141
63.5513
48.8057
32.767
20.3579
40.832
51.0667
65.0436
77.9288
89.6673
100.216
109.542
117.616
124.405
129.862
133.907
136.418
137.23
136.161
133.063
127.891
120.757
111.907
101.652
90.237
77.7683
64.1765
49.2891
33.0899
20.5542
40.8321
51.0667
65.0436
77.9289
89.6673
100.216
109.542
117.616
124.405
129.862
133.907
136.418
137.23
136.161
133.063
127.891
120.757
111.907
101.652
90.237
77.7683
64.1765
49.2891
33.0899
20.5542
40.7557
51.0764
64.9348
77.7086
89.3428
99.7949
109.032
117.023
123.733
129.111
133.075
135.501
136.228
135.08
131.922
126.726
119.612
110.825
100.664
89.3611
77.014
63.5513
48.8057
32.767
20.3579
40.8348
51.034
65.0417
77.9555
89.7209
100.295
109.644
117.74
124.55
130.027
134.093
136.627
137.463
136.415
133.333
128.17
121.033
112.17
101.893
90.4508
77.9528
64.3298
49.4079
33.1693
20.6024
40.7781
51.0921
64.9704
77.763
89.4146
99.8827
109.134
117.139
123.862
129.253
133.23
135.67
136.41
135.274
132.125
126.932
119.813
111.014
100.836
89.5134
77.145
63.6596
48.8893
32.8229
20.3919
40.832
51.0667
65.0436
77.9289
89.6673
100.216
109.542
117.616
124.405
129.862
133.907
136.418
137.23
136.161
133.063
127.891
120.757
111.907
101.652
90.2371
77.7683
64.1765
49.2892
33.09
20.5542
40.7557
51.0764
64.9348
77.7086
89.3428
99.7949
109.032
117.023
123.733
129.111
133.075
135.502
136.228
135.08
131.922
126.726
119.612
110.825
100.664
89.3612
77.0141
63.5514
48.8058
32.767
20.3579
40.7557
51.0764
64.9348
77.7085
89.3428
99.7949
109.032
117.023
123.733
129.111
133.075
135.501
136.228
135.079
131.922
126.726
119.612
110.825
100.664
89.3611
77.014
63.5513
48.8057
32.767
20.3579
40.832
51.0667
65.0436
77.9289
89.6673
100.216
109.542
117.616
124.405
129.862
133.907
136.418
137.23
136.161
133.063
127.891
120.757
111.907
101.652
90.237
77.7683
64.1765
49.2891
33.0899
20.5542
)
;

boundaryField
{
    outletCentralUnloaded
    {
        type            calculated;
        value           nonuniform List<scalar> 2(0.00530839 0.00530839);
    }
    inletCentralUnloaded
    {
        type            calculated;
        value           nonuniform List<scalar> 2(0.00264533 0.00264533);
    }
    outletFuelElement
    {
        type            calculated;
        value           nonuniform List<scalar> 
12
(
40.7781
40.8348
40.7557
40.832
40.8321
40.7557
40.8348
40.7781
40.832
40.7557
40.7557
40.832
)
;
    }
    inletFuelElement
    {
        type            calculated;
        value           nonuniform List<scalar> 
12
(
20.3919
20.6024
20.3579
20.5542
20.5542
20.3579
20.6024
20.3919
20.5542
20.3579
20.3579
20.5542
)
;
    }
    defaultFaces
    {
        type            calculated;
        value           nonuniform List<scalar> 
450
(
40.7781
40.7781
40.7781
51.0921
51.0921
51.0921
64.9704
64.9704
64.9704
77.7629
77.7629
77.7629
89.4146
89.4146
89.4146
99.8827
99.8827
99.8827
109.134
109.134
109.134
117.139
117.139
117.139
123.862
123.862
123.862
129.253
129.253
129.253
133.23
133.23
133.23
135.67
135.67
135.67
136.41
136.41
136.41
135.274
135.274
135.274
132.125
132.125
132.125
126.932
126.932
126.932
119.813
119.813
119.813
111.014
111.014
111.014
100.836
100.836
100.836
89.5134
89.5134
89.5134
77.145
77.145
77.145
63.6596
63.6596
63.6596
48.8893
48.8893
48.8893
32.8229
32.8229
32.8229
20.3919
20.3919
20.3919
40.7557
40.7557
51.0764
51.0764
64.9348
64.9348
77.7086
77.7086
89.3428
89.3428
99.7949
99.7949
109.032
109.032
117.023
117.023
123.733
123.733
129.111
129.111
133.075
133.075
135.502
135.502
136.228
136.228
135.08
135.08
131.922
131.922
126.726
126.726
119.612
119.612
110.825
110.825
100.664
100.664
89.3612
89.3612
77.0141
77.0141
63.5513
63.5513
48.8057
48.8057
32.767
32.767
20.3579
20.3579
40.832
51.0667
65.0436
77.9288
89.6673
100.216
109.542
117.616
124.405
129.862
133.907
136.418
137.23
136.161
133.063
127.891
120.757
111.907
101.652
90.237
77.7683
64.1765
49.2891
33.0899
20.5542
40.8321
51.0667
65.0436
77.9289
89.6673
100.216
109.542
117.616
124.405
129.862
133.907
136.418
137.23
136.161
133.063
127.891
120.757
111.907
101.652
90.237
77.7683
64.1765
49.2891
33.0899
20.5542
40.7557
40.7557
51.0764
51.0764
64.9348
64.9348
77.7086
77.7086
89.3428
89.3428
99.7949
99.7949
109.032
109.032
117.023
117.023
123.733
123.733
129.111
129.111
133.075
133.075
135.501
135.501
136.228
136.228
135.08
135.08
131.922
131.922
126.726
126.726
119.612
119.612
110.825
110.825
100.664
100.664
89.3611
89.3611
77.014
77.014
63.5513
63.5513
48.8057
48.8057
32.767
32.767
20.3579
20.3579
40.7781
40.7781
40.7781
51.0921
51.0921
51.0921
64.9704
64.9704
64.9704
77.763
77.763
77.763
89.4146
89.4146
89.4146
99.8827
99.8827
99.8827
109.134
109.134
109.134
117.139
117.139
117.139
123.862
123.862
123.862
129.253
129.253
129.253
133.23
133.23
133.23
135.67
135.67
135.67
136.41
136.41
136.41
135.274
135.274
135.274
132.125
132.125
132.125
126.932
126.932
126.932
119.813
119.813
119.813
111.014
111.014
111.014
100.836
100.836
100.836
89.5134
89.5134
89.5134
77.145
77.145
77.145
63.6596
63.6596
63.6596
48.8893
48.8893
48.8893
32.8229
32.8229
32.8229
20.3919
20.3919
20.3919
40.832
51.0667
65.0436
77.9289
89.6673
100.216
109.542
117.616
124.405
129.862
133.907
136.418
137.23
136.161
133.063
127.891
120.757
111.907
101.652
90.2371
77.7683
64.1765
49.2892
33.09
20.5542
40.7557
40.7557
51.0764
51.0764
64.9348
64.9348
77.7086
77.7086
89.3428
89.3428
99.7949
99.7949
109.032
109.032
117.023
117.023
123.733
123.733
129.111
129.111
133.075
133.075
135.502
135.502
136.228
136.228
135.08
135.08
131.922
131.922
126.726
126.726
119.612
119.612
110.825
110.825
100.664
100.664
89.3612
89.3612
77.0141
77.0141
63.5514
63.5514
48.8058
48.8058
32.767
32.767
20.3579
20.3579
40.7557
40.7557
51.0764
51.0764
64.9348
64.9348
77.7085
77.7085
89.3428
89.3428
99.7949
99.7949
109.032
109.032
117.023
117.023
123.733
123.733
129.111
129.111
133.075
133.075
135.501
135.501
136.228
136.228
135.079
135.079
131.922
131.922
126.726
126.726
119.612
119.612
110.825
110.825
100.664
100.664
89.3611
89.3611
77.014
77.014
63.5513
63.5513
48.8057
48.8057
32.767
32.767
20.3579
20.3579
40.832
51.0667
65.0436
77.9289
89.6673
100.216
109.542
117.616
124.405
129.862
133.907
136.418
137.23
136.161
133.063
127.891
120.757
111.907
101.652
90.237
77.7683
64.1765
49.2891
33.0899
20.5542
)
;
    }
    baffle_master
    {
        type            calculated;
        value           nonuniform List<scalar> 
150
(
0.00530839
0.00530839
0.00530839
0.00528118
0.00528118
0.00528118
0.00528206
0.00528206
0.00528206
0.00528798
0.00528798
0.00528798
0.00529173
0.00529173
0.00529173
0.00529046
0.00529046
0.00529046
0.00528976
0.00528976
0.00528976
0.00529897
0.00529897
0.00529897
0.00532129
0.00532129
0.00532129
0.00534847
0.00534847
0.00534847
0.00536521
0.00536521
0.00536521
0.00535966
0.00535966
0.00535966
0.00533189
0.00533189
0.00533189
0.00529468
0.00529468
0.00529468
0.00526665
0.00526665
0.00526665
0.00526264
0.00526264
0.00526264
0.00528648
0.00528648
0.00528648
0.00532917
0.00532917
0.00532917
0.00537225
0.00537225
0.00537225
0.00539487
0.00539487
0.00539487
0.00538253
0.00538253
0.00538253
0.0053337
0.0053337
0.0053337
0.0052395
0.0052395
0.0052395
0.00513149
0.00513149
0.00513149
0.00264533
0.00264533
0.00264533
0.00530839
0.00530839
0.00530839
0.00528118
0.00528118
0.00528118
0.00528206
0.00528206
0.00528206
0.00528798
0.00528798
0.00528798
0.00529173
0.00529173
0.00529173
0.00529046
0.00529046
0.00529046
0.00528976
0.00528976
0.00528976
0.00529897
0.00529897
0.00529897
0.00532129
0.00532129
0.00532129
0.00534847
0.00534847
0.00534847
0.00536521
0.00536521
0.00536521
0.00535966
0.00535966
0.00535966
0.00533189
0.00533189
0.00533189
0.00529468
0.00529468
0.00529468
0.00526665
0.00526665
0.00526665
0.00526264
0.00526264
0.00526264
0.00528648
0.00528648
0.00528648
0.00532917
0.00532917
0.00532917
0.00537225
0.00537225
0.00537225
0.00539487
0.00539487
0.00539487
0.00538253
0.00538253
0.00538253
0.0053337
0.0053337
0.0053337
0.0052395
0.0052395
0.0052395
0.00513149
0.00513149
0.00513149
0.00264533
0.00264533
0.00264533
)
;
    }
    baffle_slave
    {
        type            calculated;
        value           nonuniform List<scalar> 
150
(
40.8348
40.832
40.832
51.034
51.0667
51.0667
65.0417
65.0436
65.0436
77.9555
77.9288
77.9289
89.7209
89.6673
89.6673
100.295
100.216
100.216
109.644
109.542
109.542
117.74
117.616
117.616
124.55
124.405
124.405
130.027
129.862
129.862
134.093
133.907
133.907
136.627
136.418
136.418
137.463
137.23
137.23
136.415
136.161
136.161
133.333
133.063
133.063
128.17
127.891
127.891
121.033
120.757
120.757
112.17
111.907
111.907
101.893
101.652
101.652
90.4508
90.237
90.237
77.9528
77.7683
77.7683
64.3298
64.1765
64.1765
49.4079
49.2891
49.2891
33.1693
33.0899
33.0899
20.6024
20.5542
20.5542
40.8321
40.8348
40.832
51.0667
51.034
51.0667
65.0436
65.0417
65.0436
77.9289
77.9555
77.9289
89.6673
89.7209
89.6673
100.216
100.295
100.216
109.542
109.644
109.542
117.616
117.74
117.616
124.405
124.55
124.405
129.862
130.027
129.862
133.907
134.093
133.907
136.418
136.627
136.418
137.23
137.463
137.23
136.161
136.415
136.161
133.063
133.333
133.063
127.891
128.17
127.891
120.757
121.033
120.757
111.907
112.17
111.907
101.652
101.893
101.652
90.237
90.4508
90.2371
77.7683
77.9528
77.7683
64.1765
64.3298
64.1765
49.2891
49.4079
49.2892
33.0899
33.1693
33.09
20.5542
20.6024
20.5542
)
;
    }
}


// ************************************************************************* //
