/*--------------------------------*- C++ -*----------------------------------*\
| =========                 |                                                 |
| \\      /  F ield         | OpenFOAM: The Open Source CFD Toolbox           |
|  \\    /   O peration     | Version:  2212                                  |
|   \\  /    A nd           | Website:  www.openfoam.com                      |
|    \\/     M anipulation  |                                                 |
\*---------------------------------------------------------------------------*/
FoamFile
{
    version     2.0;
    format      ascii;
    arch        "LSB;label=32;scalar=64";
    class       volScalarField;
    location    "70/fluidRegion";
    object      hdeltaT;
}
// * * * * * * * * * * * * * * * * * * * * * * * * * * * * * * * * * * * * * //

dimensions      [1 0 -3 0 0 0 0];

internalField   nonuniform List<scalar> 
350
(
0
0
0
0
0
0
0
0
0
0
0
0
0
0
0
0
0
0
0
0
0
0
0
0
0
0
0
0
0
0
0
0
0
0
0
0
0
0
0
0
0
0
0
0
0
0
0
0
0
0
450147
1.34394e+06
2.21653e+06
3.05416e+06
3.84362e+06
4.57247e+06
5.22919e+06
5.80344e+06
6.28617e+06
6.66975e+06
6.94815e+06
7.11697e+06
7.17355e+06
7.11699e+06
6.9482e+06
6.66983e+06
6.28627e+06
5.80356e+06
5.22931e+06
4.57263e+06
3.84381e+06
3.0544e+06
2.21676e+06
1.34417e+06
450457
455299
1.35933e+06
2.24192e+06
3.08915e+06
3.88765e+06
4.62484e+06
5.28909e+06
5.86992e+06
6.35817e+06
6.74615e+06
7.02774e+06
7.19849e+06
7.25572e+06
7.19852e+06
7.02779e+06
6.74623e+06
6.35827e+06
5.87004e+06
5.28921e+06
4.62501e+06
3.88784e+06
3.08939e+06
2.24215e+06
1.35956e+06
455617
449327
1.34149e+06
2.21249e+06
3.04859e+06
3.83661e+06
4.56412e+06
5.21965e+06
5.79286e+06
6.2747e+06
6.65759e+06
6.93548e+06
7.10399e+06
7.16046e+06
7.10401e+06
6.93553e+06
6.65766e+06
6.2748e+06
5.79298e+06
5.21977e+06
4.56429e+06
3.8368e+06
3.04883e+06
2.21271e+06
1.34172e+06
449636
454113
1.35579e+06
2.23607e+06
3.08109e+06
3.87752e+06
4.61278e+06
5.2753e+06
5.85461e+06
6.3416e+06
6.72857e+06
7.00942e+06
7.17973e+06
7.2368e+06
7.17975e+06
7.00947e+06
6.72864e+06
6.3417e+06
5.85474e+06
5.27542e+06
4.61295e+06
3.87771e+06
3.08133e+06
2.23631e+06
1.35602e+06
454429
454113
1.35579e+06
2.23608e+06
3.08109e+06
3.87752e+06
4.61278e+06
5.2753e+06
5.85461e+06
6.3416e+06
6.72856e+06
7.00942e+06
7.17973e+06
7.2368e+06
7.17975e+06
7.00947e+06
6.72864e+06
6.3417e+06
5.85474e+06
5.27542e+06
4.61295e+06
3.87771e+06
3.08133e+06
2.23631e+06
1.35602e+06
454429
449327
1.34149e+06
2.21249e+06
3.04859e+06
3.83661e+06
4.56412e+06
5.21965e+06
5.79286e+06
6.2747e+06
6.65759e+06
6.93548e+06
7.10399e+06
7.16046e+06
7.10401e+06
6.93553e+06
6.65766e+06
6.2748e+06
5.79298e+06
5.21977e+06
4.56429e+06
3.8368e+06
3.04883e+06
2.21271e+06
1.34172e+06
449636
455299
1.35933e+06
2.24192e+06
3.08915e+06
3.88765e+06
4.62484e+06
5.28909e+06
5.86992e+06
6.35817e+06
6.74615e+06
7.02774e+06
7.19849e+06
7.25572e+06
7.19852e+06
7.02779e+06
6.74623e+06
6.35827e+06
5.87004e+06
5.28921e+06
4.62501e+06
3.88784e+06
3.08939e+06
2.24215e+06
1.35956e+06
455617
450147
1.34394e+06
2.21653e+06
3.05416e+06
3.84362e+06
4.57247e+06
5.22919e+06
5.80344e+06
6.28617e+06
6.66975e+06
6.94815e+06
7.11697e+06
7.17355e+06
7.11699e+06
6.9482e+06
6.66983e+06
6.28627e+06
5.80356e+06
5.22931e+06
4.57263e+06
3.84381e+06
3.0544e+06
2.21676e+06
1.34417e+06
450457
454113
1.35579e+06
2.23608e+06
3.08109e+06
3.87751e+06
4.61278e+06
5.2753e+06
5.85461e+06
6.3416e+06
6.72857e+06
7.00942e+06
7.17973e+06
7.2368e+06
7.17975e+06
7.00947e+06
6.72864e+06
6.3417e+06
5.85474e+06
5.27542e+06
4.61295e+06
3.87771e+06
3.08133e+06
2.23631e+06
1.35602e+06
454429
449327
1.34149e+06
2.21249e+06
3.04859e+06
3.83661e+06
4.56412e+06
5.21965e+06
5.79285e+06
6.2747e+06
6.65759e+06
6.93548e+06
7.10399e+06
7.16046e+06
7.10401e+06
6.93553e+06
6.65766e+06
6.2748e+06
5.79298e+06
5.21977e+06
4.56429e+06
3.8368e+06
3.04883e+06
2.21272e+06
1.34172e+06
449636
449327
1.34149e+06
2.21249e+06
3.04859e+06
3.83661e+06
4.56412e+06
5.21965e+06
5.79286e+06
6.2747e+06
6.65759e+06
6.93548e+06
7.10399e+06
7.16046e+06
7.10401e+06
6.93553e+06
6.65766e+06
6.2748e+06
5.79298e+06
5.21977e+06
4.56429e+06
3.8368e+06
3.04883e+06
2.21271e+06
1.34172e+06
449636
454113
1.35579e+06
2.23608e+06
3.08109e+06
3.87752e+06
4.61278e+06
5.2753e+06
5.85461e+06
6.3416e+06
6.72856e+06
7.00942e+06
7.17973e+06
7.2368e+06
7.17975e+06
7.00947e+06
6.72864e+06
6.3417e+06
5.85474e+06
5.27542e+06
4.61295e+06
3.87771e+06
3.08133e+06
2.23631e+06
1.35602e+06
454429
)
;

boundaryField
{
    outletCentralUnloaded
    {
        type            calculated;
        value           uniform 0;
    }
    inletCentralUnloaded
    {
        type            calculated;
        value           uniform 0;
    }
    outletFuelElement
    {
        type            calculated;
        value           uniform 0;
    }
    inletFuelElement
    {
        type            calculated;
        value           nonuniform List<scalar> 
12
(
3.04908e+06
3.04787e+06
3.04899e+06
3.04819e+06
3.04819e+06
3.04899e+06
3.04787e+06
3.04908e+06
3.04819e+06
3.04899e+06
3.04899e+06
3.04819e+06
)
;
    }
    defaultFaces
    {
        type            calculated;
        value           nonuniform List<scalar> 
450
(
0
0
0
0
0
0
0
0
0
0
0
0
0
0
0
0
0
0
0
0
0
0
0
0
0
0
0
0
0
0
0
0
0
0
0
0
0
0
0
0
0
0
0
0
0
0
0
0
1.25078e+06
1.25078e+06
1.25078e+06
2.34075e+06
2.34075e+06
2.34075e+06
3.08327e+06
3.08327e+06
3.08327e+06
3.50333e+06
3.50333e+06
3.50333e+06
3.64456e+06
3.64456e+06
3.64456e+06
3.57235e+06
3.57235e+06
3.57235e+06
3.37683e+06
3.37683e+06
3.37683e+06
3.16973e+06
3.16973e+06
3.16973e+06
3.01554e+06
3.01554e+06
3.01554e+06
0
0
0
0
0
0
0
0
0
0
0
0
0
0
0
0
0
0
0
0
0
0
0
0
0
0
0
0
0
0
0
0
1.26941e+06
1.26941e+06
2.35358e+06
2.35358e+06
3.09158e+06
3.09158e+06
3.50831e+06
3.50831e+06
3.64728e+06
3.64728e+06
3.57369e+06
3.57369e+06
3.37739e+06
3.37739e+06
3.16986e+06
3.16986e+06
3.01551e+06
3.01551e+06
0
0
0
0
0
0
0
0
0
0
0
0
0
0
0
0
1.15532e+06
2.27421e+06
3.03941e+06
3.47617e+06
3.6287e+06
3.56329e+06
3.37136e+06
3.16637e+06
3.01436e+06
0
0
0
0
0
0
0
0
0
0
0
0
0
0
0
0
1.15532e+06
2.27421e+06
3.03941e+06
3.47617e+06
3.6287e+06
3.56329e+06
3.37136e+06
3.16637e+06
3.01436e+06
0
0
0
0
0
0
0
0
0
0
0
0
0
0
0
0
0
0
0
0
0
0
0
0
0
0
0
0
0
0
0
0
1.2694e+06
1.2694e+06
2.35357e+06
2.35357e+06
3.09157e+06
3.09157e+06
3.5083e+06
3.5083e+06
3.64727e+06
3.64727e+06
3.57368e+06
3.57368e+06
3.37739e+06
3.37739e+06
3.16985e+06
3.16985e+06
3.0155e+06
3.0155e+06
0
0
0
0
0
0
0
0
0
0
0
0
0
0
0
0
0
0
0
0
0
0
0
0
0
0
0
0
0
0
0
0
0
0
0
0
0
0
0
0
0
0
0
0
0
0
0
0
1.25078e+06
1.25078e+06
1.25078e+06
2.34075e+06
2.34075e+06
2.34075e+06
3.08327e+06
3.08327e+06
3.08327e+06
3.50333e+06
3.50333e+06
3.50333e+06
3.64456e+06
3.64456e+06
3.64456e+06
3.57235e+06
3.57235e+06
3.57235e+06
3.37683e+06
3.37683e+06
3.37683e+06
3.16973e+06
3.16973e+06
3.16973e+06
3.01554e+06
3.01554e+06
3.01554e+06
0
0
0
0
0
0
0
0
0
0
0
0
0
0
0
0
1.15532e+06
2.27421e+06
3.0394e+06
3.47617e+06
3.6287e+06
3.56329e+06
3.37136e+06
3.16637e+06
3.01436e+06
0
0
0
0
0
0
0
0
0
0
0
0
0
0
0
0
0
0
0
0
0
0
0
0
0
0
0
0
0
0
0
0
1.26941e+06
1.26941e+06
2.35358e+06
2.35358e+06
3.09158e+06
3.09158e+06
3.50831e+06
3.50831e+06
3.64728e+06
3.64728e+06
3.57369e+06
3.57369e+06
3.37739e+06
3.37739e+06
3.16986e+06
3.16986e+06
3.01551e+06
3.01551e+06
0
0
0
0
0
0
0
0
0
0
0
0
0
0
0
0
0
0
0
0
0
0
0
0
0
0
0
0
0
0
0
0
1.2694e+06
1.2694e+06
2.35357e+06
2.35357e+06
3.09157e+06
3.09157e+06
3.5083e+06
3.5083e+06
3.64728e+06
3.64728e+06
3.57368e+06
3.57368e+06
3.37739e+06
3.37739e+06
3.16985e+06
3.16985e+06
3.0155e+06
3.0155e+06
0
0
0
0
0
0
0
0
0
0
0
0
0
0
0
0
1.15532e+06
2.27421e+06
3.03941e+06
3.47617e+06
3.6287e+06
3.56329e+06
3.37136e+06
3.16637e+06
3.01436e+06
)
;
    }
    baffle_master
    {
        type            calculated;
        value           uniform 0;
    }
    baffle_slave
    {
        type            calculated;
        value           nonuniform List<scalar> 
150
(
0
0
0
0
0
0
0
0
0
0
0
0
0
0
0
0
0
0
0
0
0
0
0
0
0
0
0
0
0
0
0
0
0
0
0
0
0
0
0
0
0
0
0
0
0
0
0
0
1.12655e+06
1.15532e+06
1.15532e+06
2.25412e+06
2.27421e+06
2.27421e+06
3.02612e+06
3.03941e+06
3.03941e+06
3.46791e+06
3.47617e+06
3.47617e+06
3.62385e+06
3.6287e+06
3.6287e+06
3.56048e+06
3.56329e+06
3.56329e+06
3.36964e+06
3.37136e+06
3.37136e+06
3.16527e+06
3.16637e+06
3.16637e+06
3.01395e+06
3.01436e+06
3.01436e+06
0
0
0
0
0
0
0
0
0
0
0
0
0
0
0
0
0
0
0
0
0
0
0
0
0
0
0
0
0
0
0
0
0
0
0
0
0
0
0
0
0
0
0
0
0
0
0
0
1.15532e+06
1.12655e+06
1.15532e+06
2.27421e+06
2.25412e+06
2.27421e+06
3.03941e+06
3.02612e+06
3.0394e+06
3.47617e+06
3.46791e+06
3.47617e+06
3.6287e+06
3.62385e+06
3.6287e+06
3.56329e+06
3.56048e+06
3.56329e+06
3.37136e+06
3.36963e+06
3.37136e+06
3.16637e+06
3.16527e+06
3.16637e+06
3.01436e+06
3.01395e+06
3.01436e+06
)
;
    }
}


// ************************************************************************* //
