/*--------------------------------*- C++ -*----------------------------------*\
| =========                 |                                                 |
| \\      /  F ield         | OpenFOAM: The Open Source CFD Toolbox           |
|  \\    /   O peration     | Version:  2212                                  |
|   \\  /    A nd           | Website:  www.openfoam.com                      |
|    \\/     M anipulation  |                                                 |
\*---------------------------------------------------------------------------*/
FoamFile
{
    version     2.0;
    format      ascii;
    arch        "LSB;label=32;scalar=64";
    class       volScalarField;
    location    "70/fluidRegion";
    object      T;
}
// * * * * * * * * * * * * * * * * * * * * * * * * * * * * * * * * * * * * * //

dimensions      [0 0 0 1 0 0 0];

internalField   nonuniform List<scalar> 
350
(
83.289
83.2895
83.29
83.2905
83.291
83.2915
83.2919
83.2924
83.2929
83.2933
83.2937
83.2941
83.2945
83.295
83.2955
83.296
83.2965
83.297
83.2974
83.2978
83.2982
83.2986
83.299
83.2996
83.3001
83.289
83.2895
83.29
83.2905
83.291
83.2915
83.2919
83.2924
83.2929
83.2933
83.2937
83.2941
83.2945
83.295
83.2955
83.296
83.2965
83.297
83.2974
83.2978
83.2982
83.2986
83.299
83.2996
83.3001
1823.61
1817.43
1798.84
1768.07
1725.45
1671.49
1606.79
1532.12
1448.35
1356.48
1257.68
1153.25
1044.74
933.872
822.622
713.082
607.361
507.421
414.973
331.455
258.125
196.167
146.805
111.209
90.0848
1851.87
1845.9
1827.31
1796.31
1753.26
1698.65
1633.11
1557.4
1472.4
1379.14
1278.77
1172.63
1062.26
949.421
836.11
724.481
616.71
514.833
420.619
335.548
260.902
197.877
147.709
111.573
90.1621
1819.02
1812.83
1794.26
1763.54
1721.01
1667.16
1602.62
1528.13
1444.57
1352.94
1254.39
1150.25
1042.03
931.488
820.565
711.355
605.953
506.312
414.135
330.853
257.72
195.92
146.675
111.156
90.0724
1845.51
1839.49
1820.88
1789.92
1746.95
1692.48
1627.12
1551.63
1466.91
1373.96
1273.94
1168.19
1058.23
945.841
833
721.849
614.549
513.118
419.312
334.599
260.258
197.48
147.499
111.489
90.1444
1845.51
1839.49
1820.88
1789.92
1746.95
1692.48
1627.12
1551.63
1466.91
1373.96
1273.94
1168.19
1058.23
945.841
833
721.849
614.549
513.118
419.312
334.599
260.258
197.48
147.499
111.489
90.1444
1819.02
1812.83
1794.26
1763.54
1721.01
1667.17
1602.62
1528.13
1444.57
1352.94
1254.39
1150.25
1042.03
931.489
820.566
711.356
605.954
506.313
414.136
330.853
257.72
195.92
146.675
111.156
90.0724
1851.87
1845.9
1827.31
1796.31
1753.26
1698.65
1633.11
1557.4
1472.4
1379.14
1278.77
1172.63
1062.26
949.421
836.11
724.481
616.71
514.833
420.619
335.548
260.902
197.877
147.709
111.573
90.1621
1823.61
1817.43
1798.84
1768.07
1725.45
1671.49
1606.79
1532.12
1448.35
1356.48
1257.68
1153.25
1044.74
933.872
822.622
713.082
607.361
507.421
414.973
331.455
258.125
196.167
146.805
111.209
90.0847
1845.51
1839.49
1820.88
1789.92
1746.95
1692.48
1627.12
1551.63
1466.91
1373.96
1273.94
1168.19
1058.23
945.841
833
721.85
614.549
513.118
419.312
334.599
260.258
197.48
147.499
111.489
90.1444
1819.02
1812.83
1794.26
1763.54
1721.01
1667.16
1602.62
1528.13
1444.57
1352.94
1254.39
1150.25
1042.03
931.488
820.565
711.355
605.953
506.312
414.135
330.853
257.72
195.92
146.675
111.156
90.0724
1819.02
1812.83
1794.26
1763.54
1721.01
1667.17
1602.62
1528.13
1444.57
1352.94
1254.39
1150.25
1042.03
931.489
820.566
711.355
605.954
506.313
414.136
330.853
257.72
195.92
146.675
111.156
90.0724
1845.51
1839.49
1820.88
1789.92
1746.95
1692.48
1627.12
1551.63
1466.91
1373.96
1273.94
1168.19
1058.23
945.841
833
721.849
614.549
513.118
419.312
334.599
260.258
197.48
147.499
111.489
90.1444
)
;

boundaryField
{
    outletCentralUnloaded
    {
        type            zeroGradient;
    }
    inletCentralUnloaded
    {
        type            fixedValue;
        value           uniform 83.3;
    }
    outletFuelElement
    {
        type            zeroGradient;
    }
    inletFuelElement
    {
        type            fixedValue;
        value           uniform 83.3;
    }
    defaultFaces
    {
        type            zeroGradient;
    }
    baffle_master
    {
        type            zeroGradient;
    }
    baffle_slave
    {
        type            zeroGradient;
    }
}


// ************************************************************************* //
