/*--------------------------------*- C++ -*----------------------------------*\
| =========                 |                                                 |
| \\      /  F ield         | OpenFOAM: The Open Source CFD Toolbox           |
|  \\    /   O peration     | Version:  2212                                  |
|   \\  /    A nd           | Website:  www.openfoam.com                      |
|    \\/     M anipulation  |                                                 |
\*---------------------------------------------------------------------------*/
FoamFile
{
    version     2.0;
    format      ascii;
    arch        "LSB;label=32;scalar=64";
    class       volVectorField;
    location    "70/fluidRegion";
    object      U;
}
// * * * * * * * * * * * * * * * * * * * * * * * * * * * * * * * * * * * * * //

dimensions      [0 1 -1 0 0 0 0];

internalField   nonuniform List<vector> 
350
(
(-1.80053e-09 -1.03953e-09 -14.9692)
(-2.23867e-09 -1.29249e-09 -14.9678)
(-1.89407e-09 -1.09354e-09 -14.9664)
(-1.23437e-09 -7.12659e-10 -14.9649)
(-4.11735e-10 -2.37715e-10 -14.9634)
(4.05769e-10 2.3427e-10 -14.9618)
(1.04862e-09 6.05417e-10 -14.9602)
(1.44713e-09 8.35498e-10 -14.9586)
(1.65952e-09 9.5812e-10 -14.9572)
(1.73482e-09 1.0016e-09 -14.9558)
(1.73204e-09 9.9999e-10 -14.9546)
(1.6104e-09 9.29765e-10 -14.9536)
(1.35645e-09 7.83142e-10 -14.9526)
(9.45822e-10 5.46069e-10 -14.9518)
(4.45421e-10 2.57163e-10 -14.951)
(-5.72585e-11 -3.30581e-11 -14.9502)
(-4.50929e-10 -2.60343e-10 -14.9494)
(-6.94882e-10 -4.01189e-10 -14.9485)
(-7.75931e-10 -4.47983e-10 -14.9475)
(-7.36222e-10 -4.25056e-10 -14.9464)
(-6.46467e-10 -3.73237e-10 -14.9451)
(-5.56259e-10 -3.21155e-10 -14.9437)
(-4.33458e-10 -2.50256e-10 -14.9422)
(-1.10266e-10 -6.36616e-11 -14.9406)
(3.29673e-10 1.90336e-10 -14.9699)
(-1.80053e-09 -1.03953e-09 -14.9692)
(-2.23867e-09 -1.29249e-09 -14.9678)
(-1.89407e-09 -1.09354e-09 -14.9664)
(-1.23437e-09 -7.12659e-10 -14.9649)
(-4.11735e-10 -2.37715e-10 -14.9634)
(4.05769e-10 2.3427e-10 -14.9618)
(1.04862e-09 6.05417e-10 -14.9602)
(1.44713e-09 8.35498e-10 -14.9586)
(1.65952e-09 9.5812e-10 -14.9572)
(1.73482e-09 1.0016e-09 -14.9558)
(1.73204e-09 9.9999e-10 -14.9546)
(1.6104e-09 9.29765e-10 -14.9536)
(1.35645e-09 7.83142e-10 -14.9526)
(9.45822e-10 5.46069e-10 -14.9518)
(4.45421e-10 2.57163e-10 -14.951)
(-5.72585e-11 -3.30581e-11 -14.9502)
(-4.50929e-10 -2.60343e-10 -14.9494)
(-6.94882e-10 -4.01189e-10 -14.9485)
(-7.75931e-10 -4.47983e-10 -14.9475)
(-7.36222e-10 -4.25056e-10 -14.9464)
(-6.46467e-10 -3.73237e-10 -14.9451)
(-5.56259e-10 -3.21155e-10 -14.9437)
(-4.33458e-10 -2.50256e-10 -14.9422)
(-1.10266e-10 -6.36616e-11 -14.9406)
(3.29673e-10 1.90336e-10 -14.9699)
(-0.00197573 -0.00114069 -423.815)
(-0.000937758 -0.000541414 -415.826)
(-0.00101605 -0.000586615 -405.721)
(-0.000914264 -0.00052785 -393.292)
(-0.000827572 -0.000477799 -378.732)
(-0.000747286 -0.000431445 -362.242)
(-0.000672959 -0.000388533 -344.033)
(-0.000600941 -0.000346953 -324.319)
(-0.000523213 -0.000302077 -303.321)
(-0.000426588 -0.00024629 -281.265)
(-0.00029449 -0.000170023 -258.393)
(-0.000110655 -6.38866e-05 -234.959)
(0.000129752 7.49122e-05 -211.245)
(0.000407284 0.000235145 -187.563)
(0.000690434 0.000398622 -164.25)
(0.000931443 0.000537768 -141.661)
(0.001093 0.000631042 -120.142)
(0.00116519 0.00067272 -100.009)
(0.00116742 0.000674011 -81.5287)
(0.00113407 0.000654754 -64.9225)
(0.00109619 0.000632884 -50.382)
(0.00106106 0.000612601 -38.0952)
(0.00101299 0.000584847 -28.2705)
(0.000880952 0.000508617 -21.1346)
(0.000839858 0.000484892 -16.6338)
(-0.00190235 -0.00114176 -426.548)
(-0.000676951 -0.000422329 -418.516)
(-0.000766224 -0.00047764 -408.379)
(-0.00069478 -0.000438413 -395.897)
(-0.000634026 -0.000405739 -381.265)
(-0.000577607 -0.000375526 -364.689)
(-0.000525039 -0.000347601 -346.378)
(-0.000473439 -0.000320776 -326.548)
(-0.000416968 -0.000291497 -305.42)
(-0.000346243 -0.000254193 -283.224)
(-0.000249864 -0.000202401 -260.198)
(-0.000116606 -0.000128941 -236.601)
(5.8786e-05 -3.36505e-05 -212.714)
(0.000253875 7.39675e-05 -188.852)
(0.000451795 0.00018287 -165.357)
(0.000618519 0.000273433 -142.586)
(0.000729361 0.000331381 -120.892)
(0.000778547 0.000353576 -100.596)
(0.000780114 0.00034836 -81.9681)
(0.000757311 0.000330817 -65.2335)
(0.000731466 0.000315551 -50.5852)
(0.000708393 0.000308783 -38.2125)
(0.000682749 0.000306443 -28.3256)
(0.000618568 0.000291299 -21.1516)
(0.000635356 0.000331037 -16.6358)
(-0.000857199 -0.000663667 -423.378)
(-0.000484034 -0.000961155 -415.388)
(-0.000469527 -0.000920675 -405.291)
(-0.000424266 -0.00081145 -392.872)
(-0.000382039 -0.000715586 -378.324)
(-0.000343342 -0.000627363 -361.85)
(-0.000307061 -0.000546174 -343.658)
(-0.000270495 -0.000468075 -323.964)
(-0.000228197 -0.000384166 -302.987)
(-0.000172156 -0.000279673 -280.955)
(-9.32279e-05 -0.000135298 -258.107)
(1.55998e-05 6.6119e-05 -234.699)
(0.00015705 0.000326936 -211.013)
(0.000309155 0.000640226 -187.36)
(0.00045826 0.000959522 -164.076)
(0.000576945 0.00123199 -141.516)
(0.000648245 0.00141382 -120.024)
(0.000671038 0.00149309 -99.9158)
(0.000658826 0.00149192 -81.458)
(0.000630299 0.00144995 -64.8713)
(0.000599861 0.00140017 -50.3471)
(0.000571605 0.001347 -38.073)
(0.000530107 0.00125431 -28.2576)
(0.000461216 0.00101711 -21.1277)
(0.000398339 0.00080483 -16.6315)
(-0.000962197 -0.000555523 -425.939)
(-0.000900978 -0.000520178 -417.917)
(-0.000866925 -0.000500518 -407.785)
(-0.000770317 -0.000444741 -395.314)
(-0.000684172 -0.000395006 -380.697)
(-0.000605072 -0.000349337 -364.139)
(-0.000531869 -0.000307074 -345.85)
(-0.000460605 -0.00026593 -326.045)
(-0.000382166 -0.000220643 -304.946)
(-0.000282264 -0.000162965 -282.781)
(-0.000143218 -8.2687e-05 -259.789)
(5.00733e-05 2.89098e-05 -236.228)
(0.000300965 0.000173762 -212.38)
(0.000591052 0.000341243 -188.559)
(0.000882901 0.000509742 -165.104)
(0.00112628 0.000650254 -142.375)
(0.00128319 0.00074085 -120.721)
(0.00134564 0.000776903 -100.462)
(0.00133628 0.0007715 -81.8678)
(0.0012917 0.000745764 -65.1626)
(0.00124167 0.000716879 -50.539)
(0.00119174 0.000688047 -38.1861)
(0.00110943 0.000640525 -28.3135)
(0.000920522 0.000531462 -21.1483)
(0.000751168 0.000433686 -16.6356)
(0.000960175 0.000554356 -425.939)
(0.000921058 0.000531772 -417.917)
(0.000885479 0.00051123 -407.785)
(0.000788766 0.000455393 -395.314)
(0.000701623 0.000405082 -380.697)
(0.000621386 0.000358757 -364.139)
(0.000547024 0.000315824 -345.85)
(0.000473874 0.000273591 -326.045)
(0.000393184 0.000227004 -304.946)
(0.000290637 0.000167799 -282.781)
(0.000148032 8.54662e-05 -259.789)
(-4.94146e-05 -2.85295e-05 -236.228)
(-0.000305169 -0.000176189 -212.38)
(-0.000600428 -0.000346657 -188.559)
(-0.000897561 -0.000518206 -165.104)
(-0.00114612 -0.00066171 -142.375)
(-0.00130814 -0.000755253 -120.721)
(-0.00137536 -0.000794063 -100.462)
(-0.00136954 -0.000790703 -81.8678)
(-0.00132709 -0.000766195 -65.1626)
(-0.00127756 -0.0007376 -50.539)
(-0.00122552 -0.000707555 -38.1861)
(-0.001139 -0.0006576 -28.3135)
(-0.000943178 -0.000544543 -21.1483)
(-0.000765266 -0.000441826 -16.6356)
(0.00099658 0.000430678 -423.378)
(0.00108272 -4.74321e-05 -415.388)
(0.00103878 -3.77402e-05 -405.291)
(0.00092122 -2.11467e-05 -392.872)
(0.00081635 -8.82738e-06 -378.324)
(0.00071975 2.94519e-06 -361.85)
(0.000630331 1.35581e-05 -343.658)
(0.000543082 2.24058e-05 -323.964)
(0.000447642 2.95739e-05 -302.987)
(0.00032722 3.53692e-05 -280.955)
(0.00016037 4.10799e-05 -258.107)
(-7.08935e-05 4.93336e-05 -234.7)
(-0.000370685 5.97994e-05 -211.014)
(-0.000721248 8.69391e-05 -187.36)
(-0.00107556 0.000119618 -164.076)
(-0.00137401 0.00015486 -141.516)
(-0.00157011 0.000185018 -120.024)
(-0.00165274 0.000204616 -99.9158)
(-0.00164752 0.000213237 -81.458)
(-0.00159785 0.000213798 -64.8713)
(-0.00153953 0.000210643 -50.3471)
(-0.00147769 0.000202222 -38.073)
(-0.00137369 0.000184737 -28.2575)
(-0.00112836 0.000117749 -21.1277)
(-0.000905354 5.4634e-05 -16.6315)
(0.00192716 0.00110587 -426.548)
(0.000706722 0.000380259 -418.516)
(0.000797612 0.000433703 -408.379)
(0.000727311 0.000393031 -395.897)
(0.000667472 0.000358731 -381.265)
(0.000611797 0.000327325 -364.689)
(0.000559874 0.000298506 -346.378)
(0.00050886 0.000270555 -326.548)
(0.000452943 0.000240355 -305.42)
(0.000382537 0.000202448 -283.224)
(0.000285991 0.000150155 -260.198)
(0.000152353 7.63771e-05 -236.601)
(-2.34989e-05 -2.03042e-05 -212.714)
(-0.000220046 -0.000127984 -188.852)
(-0.000420207 -0.000236937 -165.357)
(-0.000590271 -0.000327668 -142.586)
(-0.000706215 -0.000385994 -120.892)
(-0.000762971 -0.00040885 -100.596)
(-0.000775297 -0.000404153 -81.9681)
(-0.000767508 -0.000385982 -65.2335)
(-0.000763607 -0.000365353 -50.5852)
(-0.000764984 -0.000348782 -38.2125)
(-0.000761495 -0.000335087 -28.3256)
(-0.000705552 -0.000307257 -21.1516)
(-0.000713167 -0.000340221 -16.6358)
(0.00197667 0.00114123 -423.815)
(0.000939162 0.000542225 -415.826)
(0.00101764 0.000587533 -405.721)
(0.000915935 0.000528815 -393.292)
(0.000829205 0.000478741 -378.732)
(0.000748917 0.000432387 -362.242)
(0.00067461 0.000389486 -344.033)
(0.000602545 0.000347879 -324.319)
(0.000524805 0.000302996 -303.321)
(0.00042814 0.000247187 -281.265)
(0.000295854 0.000170811 -258.393)
(0.000111686 6.44817e-05 -234.959)
(-0.000129294 -7.46476e-05 -211.245)
(-0.000407449 -0.00023524 -187.562)
(-0.000691574 -0.00039928 -164.25)
(-0.000934059 -0.000539279 -141.661)
(-0.00109789 -0.000633866 -120.142)
(-0.00117349 -0.000677517 -100.009)
(-0.00118059 -0.000681616 -81.5286)
(-0.00115391 -0.00066621 -64.9225)
(-0.00112497 -0.000649504 -50.382)
(-0.00109923 -0.000634641 -38.0952)
(-0.00105974 -0.000611842 -28.2705)
(-0.000929129 -0.000536432 -21.1346)
(-0.000883203 -0.000509917 -16.6338)
(0.000986081 0.000569313 -425.939)
(0.000928627 0.000536141 -417.917)
(0.000895988 0.000517297 -407.785)
(0.000800454 0.000462141 -395.314)
(0.00071487 0.000412729 -380.697)
(0.000636364 0.000367404 -364.139)
(0.00056393 0.000325584 -345.85)
(0.000493169 0.000284731 -326.045)
(0.000415304 0.000239775 -304.946)
(0.000315963 0.000182421 -282.781)
(0.000177066 0.000102229 -259.789)
(-1.66871e-05 -9.63419e-06 -236.228)
(-0.000266924 -0.000154108 -212.38)
(-0.000556684 -0.000321401 -188.559)
(-0.000847551 -0.000489332 -165.104)
(-0.00108893 -0.00062869 -142.375)
(-0.00124234 -0.000717266 -120.721)
(-0.00129913 -0.00075005 -100.462)
(-0.00128018 -0.000739107 -81.8678)
(-0.00122228 -0.000705684 -65.1626)
(-0.00115423 -0.00066639 -50.539)
(-0.00108646 -0.000627266 -38.1861)
(-0.000990806 -0.00057204 -28.3135)
(-0.000805748 -0.000465197 -21.1483)
(-0.000664683 -0.000383754 -16.6356)
(0.000890934 0.000652301 -423.378)
(0.000523767 0.00094717 -415.388)
(0.000511315 0.000905888 -405.291)
(0.000467564 0.000796079 -392.872)
(0.000426425 0.000699709 -378.324)
(0.000388673 0.000611107 -361.85)
(0.000353303 0.000529606 -343.658)
(0.000317463 0.000451194 -323.964)
(0.000275869 0.000366993 -302.987)
(0.000220287 0.000262325 -280.955)
(0.00014108 0.000118001 -258.107)
(3.21675e-05 -8.32758e-05 -234.699)
(-0.000109538 -0.000343793 -211.013)
(-0.000262813 -0.000656026 -187.36)
(-0.000413348 -0.000973571 -164.076)
(-0.00053381 -0.00124321 -141.516)
(-0.000607393 -0.00142046 -120.024)
(-0.000633041 -0.00149266 -99.9158)
(-0.000623629 -0.00148102 -81.458)
(-0.000598429 -0.00142468 -64.8713)
(-0.000572322 -0.0013544 -50.3471)
(-0.000548823 -0.00127935 -38.073)
(-0.000511394 -0.00116853 -28.2576)
(-0.00044667 -0.000926998 -21.1277)
(-0.000390767 -0.000731423 -16.6315)
(-0.000986787 -0.000444402 -423.378)
(-0.0010719 3.13471e-05 -415.388)
(-0.00102744 2.11398e-05 -405.291)
(-0.000909488 4.12569e-06 -392.872)
(-0.000804349 -9.06002e-06 -378.324)
(-0.000707474 -2.13698e-05 -361.85)
(-0.000617745 -3.22324e-05 -343.658)
(-0.000530227 -4.16564e-05 -323.964)
(-0.000434465 -4.91827e-05 -302.987)
(-0.000313751 -5.5154e-05 -280.955)
(-0.000146763 -6.14033e-05 -258.107)
(8.4055e-05 -7.0202e-05 -234.7)
(0.000384507 -8.18593e-05 -211.014)
(0.000735359 -0.000109784 -187.36)
(0.00109 -0.000143607 -164.076)
(0.00138881 -0.000180728 -141.516)
(0.00158516 -0.000214078 -120.024)
(0.00166759 -0.000238803 -99.9158)
(0.00166146 -0.000254346 -81.458)
(0.00160909 -0.000263455 -64.8713)
(0.00154624 -0.000267883 -50.3471)
(0.00147702 -0.000264434 -38.073)
(0.00136401 -0.000248481 -28.2575)
(0.00111104 -0.0001752 -21.1277)
(0.000881473 -0.000101716 -16.6315)
(-0.000945948 -0.000546142 -425.939)
(-0.000905006 -0.000522504 -417.917)
(-0.000868521 -0.00050144 -407.785)
(-0.00077111 -0.000445199 -395.314)
(-0.000683778 -0.000394778 -380.697)
(-0.000603216 -0.000348266 -364.139)
(-0.000528274 -0.000304998 -345.85)
(-0.000454807 -0.000262582 -326.045)
(-0.000373628 -0.000215713 -304.946)
(-0.000270499 -0.000156172 -282.781)
(-0.000127613 -7.36769e-05 -259.789)
(6.8824e-05 3.97355e-05 -236.228)
(0.000325483 0.000187917 -212.38)
(0.000621222 0.000358662 -188.559)
(0.000919168 0.00053068 -165.104)
(0.00116897 0.000674904 -142.375)
(0.00133254 0.000769343 -120.721)
(0.00140145 0.000809126 -100.462)
(0.00139805 0.000807164 -81.8678)
(0.00135774 0.00078389 -65.1626)
(0.00131059 0.000756665 -50.539)
(0.00125834 0.000726501 -38.1861)
(0.00116846 0.000674608 -28.3135)
(0.0009638 0.000556449 -21.1483)
(0.000769356 0.000444187 -16.6356)
)
;

boundaryField
{
    outletCentralUnloaded
    {
        type            zeroGradient;
    }
    inletCentralUnloaded
    {
        type            fixedValue;
        value           uniform (0 0 -15);
    }
    outletFuelElement
    {
        type            zeroGradient;
    }
    inletFuelElement
    {
        type            fixedValue;
        value           uniform (0 0 -15);
    }
    defaultFaces
    {
        type            slip;
    }
    baffle_master
    {
        type            slip;
    }
    baffle_slave
    {
        type            slip;
    }
}


// ************************************************************************* //
