/*--------------------------------*- C++ -*----------------------------------*\
| =========                 |                                                 |
| \\      /  F ield         | OpenFOAM: The Open Source CFD Toolbox           |
|  \\    /   O peration     | Version:  2212                                  |
|   \\  /    A nd           | Website:  www.openfoam.com                      |
|    \\/     M anipulation  |                                                 |
\*---------------------------------------------------------------------------*/
FoamFile
{
    version     2.0;
    format      ascii;
    arch        "LSB;label=32;scalar=64";
    class       surfaceScalarField;
    location    "99/fluidRegion";
    object      alphaRhoPhi;
}
// * * * * * * * * * * * * * * * * * * * * * * * * * * * * * * * * * * * * * //

dimensions      [1 0 -1 0 0 0 0];

oriented        oriented;

internalField   nonuniform List<scalar> 
661
(
-0.00584931
8.46295e-12
-0.00584959
4.7383e-12
-0.00584993
-4.15594e-12
-0.00585019
-1.30729e-11
-0.0058503
-1.80926e-11
-0.00585022
-1.71205e-11
-0.00585
-1.04779e-11
-0.00584971
-4.75486e-13
-0.00584944
9.54296e-12
-0.00584929
1.64534e-11
-0.00584927
1.81958e-11
-0.00584938
1.45114e-11
-0.00584957
6.84126e-12
-0.00584975
-2.26554e-12
-0.00584986
-9.79993e-12
-0.00584987
-1.34805e-11
-0.00584977
-1.23557e-11
-0.00584959
-6.9745e-12
-0.00584941
8.13276e-13
-0.00584927
8.58455e-12
-0.00584921
1.42347e-11
-0.00584925
1.64371e-11
-0.00584936
1.39245e-11
-0.0058495
2.14107e-12
-1.65378e-11
-0.00584931
-0.00584959
-0.00584993
-0.00585019
-0.0058503
-0.00585022
-0.00585
-0.00584971
-0.00584944
-0.00584929
-0.00584927
-0.00584938
-0.00584957
-0.00584975
-0.00584986
-0.00584987
-0.00584977
-0.00584959
-0.00584941
-0.00584927
-0.00584921
-0.00584925
-0.00584936
-0.0058495
-0.00939703
6.46007e-07
-0.00939726
3.12385e-07
-0.00939753
3.46857e-07
-0.00939777
3.21998e-07
-0.009398
3.02686e-07
-0.00939822
2.85768e-07
-0.00939842
2.70958e-07
-0.00939861
2.56642e-07
-0.00939879
2.38865e-07
-0.00939894
2.09948e-07
-0.00939906
1.57659e-07
-0.00939911
6.49794e-08
-0.00939903
-8.53702e-08
-0.00939878
-3.01068e-07
-0.00939827
-5.82626e-07
-0.00939746
-9.11509e-07
-0.00939633
-1.26183e-06
-0.00939485
-1.61725e-06
-0.009393
-1.98946e-06
-0.00939073
-2.4286e-06
-0.00938787
-3.0259e-06
-0.00938417
-3.87671e-06
-0.00937932
-5.01087e-06
-0.00937358
-5.90022e-06
-7.20877e-06
-0.00931278
-1.80267e-08
-1.67776e-08
-0.00931233
-8.12413e-08
-8.22859e-08
-0.00931185
-7.89386e-08
-7.99782e-08
-0.00931142
-7.03197e-08
-7.15766e-08
-0.00931101
-6.30401e-08
-6.45294e-08
-0.00931064
-5.62426e-08
-5.8062e-08
-0.00931029
-4.98525e-08
-5.21173e-08
-0.00930997
-4.34157e-08
-4.62285e-08
-0.00930967
-3.582e-08
-3.93647e-08
-0.00930943
-2.48509e-08
-2.93604e-08
-0.00930926
-6.7127e-09
-1.25138e-08
-0.00930924
2.36877e-08
1.6175e-08
-0.00930945
7.10842e-08
6.10627e-08
-0.00931001
1.42964e-07
1.29471e-07
-0.00931102
2.37489e-07
2.19116e-07
-0.00931257
3.50673e-07
3.25488e-07
-0.00931471
4.74969e-07
4.40287e-07
-0.00931745
6.05542e-07
5.57782e-07
-0.00932083
7.47024e-07
6.81225e-07
-0.00932497
9.16736e-07
8.27342e-07
-0.00933014
1.14658e-06
1.0255e-06
-0.00933678
1.46218e-06
1.3048e-06
-0.00934529
1.84849e-06
1.64654e-06
-0.00935495
1.99131e-06
1.76941e-06
1.94184e-06
1.78655e-06
-0.00941084
3.17963e-07
-0.00941116
3.05508e-07
-0.00941148
3.01464e-07
-0.00941178
2.76936e-07
-0.00941204
2.55925e-07
-0.00941229
2.37112e-07
-0.00941251
2.19912e-07
-0.00941271
2.02385e-07
-0.00941289
1.79936e-07
-0.00941303
1.43977e-07
-0.00941311
8.09309e-08
-0.00941307
-2.64152e-08
-0.00941284
-1.96054e-07
-0.00941233
-4.37624e-07
-0.00941145
-7.48943e-07
-0.00941012
-1.10993e-06
-0.00940831
-1.49383e-06
-0.00940599
-1.8857e-06
-0.00940313
-2.30202e-06
-0.00939962
-2.80011e-06
-0.00939522
-3.4767e-06
-0.00938958
-4.42753e-06
-0.0093824
-5.59719e-06
-0.00937436
-6.30876e-06
-6.60423e-06
-0.00933167
1.81456e-09
-0.0093314
3.18216e-10
-0.00933113
4.54257e-10
-0.00933089
4.5934e-10
-0.00933067
5.20284e-10
-0.00933046
5.62714e-10
-0.00933027
5.5035e-10
-0.00933009
5.48402e-10
-0.00932994
4.91475e-10
-0.00932981
3.49654e-10
-0.00932975
1.697e-10
-0.00932977
-1.22654e-10
-0.00932995
-5.89131e-10
-0.00933036
-1.35715e-09
-0.00933106
-2.57848e-09
-0.0093321
-4.44125e-09
-0.00933352
-7.08857e-09
-0.00933533
-1.06875e-08
-0.00933754
-1.56902e-08
-0.00934024
-2.2127e-08
-0.0093436
-2.99488e-08
-0.00934791
-3.90102e-08
-0.00935337
-4.89965e-08
-0.00935954
-5.12812e-08
-4.38637e-08
-0.00933168
-3.1402e-07
-0.00933141
-3.04832e-07
-0.00933115
-3.00367e-07
-0.0093309
-2.75783e-07
-0.00933068
-2.54614e-07
-0.00933047
-2.35677e-07
-0.00933028
-2.1841e-07
-0.00933011
-2.00792e-07
-0.00932995
-1.78321e-07
-0.00932983
-1.42431e-07
-0.00932976
-7.94833e-08
-0.00932978
2.77102e-08
-0.00932997
1.96943e-07
-0.00933037
4.37738e-07
-0.00933107
7.47703e-07
-0.00933212
1.1065e-06
-0.00933353
1.48711e-06
-0.00933534
1.87421e-06
-0.00933755
2.28323e-06
-0.00934025
2.77075e-06
-0.00934362
3.43195e-06
-0.00934792
4.36103e-06
-0.00935338
5.49853e-06
-0.00935955
6.18966e-06
6.47981e-06
-0.00941084
1.63439e-08
-0.00941117
8.17438e-08
-0.00941149
7.93019e-08
-0.00941178
7.07615e-08
-0.00941205
6.36145e-08
-0.00941229
5.69823e-08
-0.00941251
5.08027e-08
-0.00941271
4.46705e-08
-0.00941289
3.74585e-08
-0.00941303
2.6988e-08
-0.00941311
9.56663e-09
-0.00941307
-1.98496e-08
-0.00941284
-6.57605e-08
-0.00941233
-1.35663e-07
-0.00941144
-2.27477e-07
-0.00941012
-3.36991e-07
-0.0094083
-4.56336e-07
-0.00940598
-5.80519e-07
-0.00940312
-7.14295e-07
-0.00939961
-8.75555e-07
-0.00939521
-1.09672e-06
-0.00938956
-1.40611e-06
-0.00938238
-1.79266e-06
-0.00937434
-1.94373e-06
-1.90353e-06
-0.00931278
-6.45902e-07
-1.8854e-08
-0.00931233
-3.12238e-07
-8.23103e-08
-0.00931185
-3.46718e-07
-8.01677e-08
-0.00931142
-3.21851e-07
-7.17274e-08
-0.00931101
-3.02486e-07
-6.46868e-08
-0.00931064
-2.85529e-07
-5.81855e-08
-0.00931029
-2.70692e-07
-5.21413e-08
-0.00930997
-2.5633e-07
-4.61245e-08
-0.00930967
-2.38542e-07
-3.90252e-08
-0.00930943
-2.09633e-07
-2.86437e-08
-0.00930926
-1.57333e-07
-1.12696e-08
-0.00930924
-6.46781e-08
1.81139e-08
-0.00930945
8.55374e-08
6.4284e-08
-0.00931001
3.00881e-07
1.34686e-07
-0.00931102
5.81635e-07
2.27548e-07
-0.00931257
9.08889e-07
3.39103e-07
-0.00931471
1.25615e-06
4.62241e-07
-0.00931745
1.60572e-06
5.93179e-07
-0.00932083
1.96658e-06
7.38866e-07
-0.00932497
2.38423e-06
9.20931e-07
-0.00933014
2.94125e-06
1.17693e-06
-0.00933678
3.72228e-06
1.54233e-06
-0.00934529
4.73133e-06
2.00734e-06
-0.00935495
5.48459e-06
2.23893e-06
6.70862e-06
2.26558e-06
-0.00939703
-0.00939726
-0.00939753
-0.00939777
-0.009398
-0.00939822
-0.00939842
-0.00939861
-0.00939879
-0.00939894
-0.00939906
-0.00939911
-0.00939904
-0.00939878
-0.00939827
-0.00939746
-0.00939633
-0.00939485
-0.009393
-0.00939073
-0.00938787
-0.00938417
-0.00937932
-0.00937358
-0.00933167
-3.16785e-07
1.04719e-09
-0.0093314
-3.04054e-07
-6.44033e-10
-0.00933113
-2.99836e-07
-5.99792e-10
-0.00933089
-2.75096e-07
-6.95301e-10
-0.00933067
-2.53769e-07
-8.53453e-10
-0.00933046
-2.34601e-07
-1.04831e-09
-0.00933027
-2.17011e-07
-1.28085e-09
-0.00933009
-1.9898e-07
-1.61662e-09
-0.00932994
-1.75949e-07
-2.04708e-09
-0.00932981
-1.39305e-07
-2.60577e-09
-0.00932975
-7.53464e-08
-3.43552e-09
-0.00932977
3.3281e-08
-4.49463e-09
-0.00932995
2.04621e-07
-6.28625e-09
-0.00933036
4.48451e-07
-8.80526e-09
-0.00933106
7.62896e-07
-1.25667e-08
-0.0093321
1.12836e-06
-1.83138e-08
-0.00933352
1.51916e-06
-2.73517e-08
-0.00933532
1.92199e-06
-4.17346e-08
-0.00933754
2.35648e-06
-6.47382e-08
-0.00934024
2.88533e-06
-1.01273e-07
-0.0093436
3.6171e-06
-1.59696e-07
-0.00934791
4.65913e-06
-2.44414e-07
-0.00935337
5.97407e-06
-3.61197e-07
-0.00935954
6.85482e-06
-4.64692e-07
7.21437e-06
-4.78519e-07
-0.00941084
-0.00941116
-0.00941148
-0.00941178
-0.00941204
-0.00941229
-0.00941251
-0.00941271
-0.00941289
-0.00941303
-0.00941311
-0.00941306
-0.00941284
-0.00941233
-0.00941145
-0.00941012
-0.00940831
-0.00940599
-0.00940313
-0.00939961
-0.00939522
-0.00938957
-0.00938239
-0.00937436
-0.00941084
3.14548e-07
-0.00941117
3.05435e-07
-0.00941149
3.0099e-07
-0.00941178
2.7645e-07
-0.00941205
2.5542e-07
-0.00941229
2.36605e-07
-0.00941251
2.19437e-07
-0.00941272
2.01996e-07
-0.00941289
1.79692e-07
-0.00941303
1.43957e-07
-0.00941311
8.12739e-08
-0.00941307
-2.56682e-08
-0.00941284
-1.94286e-07
-0.00941233
-4.34486e-07
-0.00941144
-7.43762e-07
-0.00941012
-1.10183e-06
-0.0094083
-1.48169e-06
-0.00940598
-1.86863e-06
-0.00940312
-2.27984e-06
-0.00939961
-2.77527e-06
-0.00939521
-3.45735e-06
-0.00938956
-4.43176e-06
-0.00938238
-5.66e-06
-0.00937434
-6.46815e-06
-6.83288e-06
-0.00933168
-0.00933141
-0.00933115
-0.0093309
-0.00933068
-0.00933047
-0.00933028
-0.00933011
-0.00932995
-0.00932983
-0.00932976
-0.00932979
-0.00932997
-0.00933037
-0.00933107
-0.00933212
-0.00933354
-0.00933534
-0.00933755
-0.00934025
-0.00934362
-0.00934792
-0.00935339
-0.00935956
)
;

boundaryField
{
    outletCentralUnloaded
    {
        type            calculated;
        value           nonuniform List<scalar> 2(0.0058492 0.0058492);
    }
    inletCentralUnloaded
    {
        type            calculated;
        value           nonuniform List<scalar> 2(-0.00587368 -0.00587368);
    }
    outletFuelElement
    {
        type            calculated;
        value           nonuniform List<scalar> 
12
(
0.00939646
0.00931343
0.00941056
0.00933195
0.00933196
0.00941057
0.00931343
0.00939646
0.00933195
0.00941056
0.00941057
0.00933196
)
;
    }
    inletFuelElement
    {
        type            calculated;
        value           nonuniform List<scalar> 
12
(
-0.00953895
-0.00953896
-0.00953895
-0.00953895
-0.00953896
-0.00953895
-0.00953896
-0.00953895
-0.00953895
-0.00953895
-0.00953895
-0.00953896
)
;
    }
    defaultFaces
    {
        type            calculated;
        value           nonuniform List<scalar> 
450
(
1.91326e-25
-2.53658e-23
0
1.03566e-23
2.8789e-24
0
7.02794e-24
1.92256e-23
0
-2.10371e-23
-6.14779e-24
0
-1.14633e-23
-1.85759e-23
0
-2.48105e-23
4.47453e-25
0
-1.30012e-23
-1.06467e-23
0
-1.48573e-23
-1.009e-23
0
-1.79981e-23
-2.41811e-25
0
-1.52796e-23
-6.29051e-24
0
-1.10688e-23
-3.31522e-24
0
-3.72218e-24
-7.80763e-25
0
5.19096e-24
3.0967e-24
0
2.07837e-23
5.93123e-24
0
3.54512e-23
2.07194e-23
0
6.65828e-23
1.60397e-23
0
8.05478e-23
-3.59734e-23
0
1.23984e-22
4.16658e-23
0
4.55099e-23
-7.81294e-23
0
-5.92408e-23
-6.96322e-23
0
-1.30649e-22
-1.08335e-22
0
1.59726e-22
-7.69501e-23
0
-6.88447e-23
7.3254e-23
0
-2.03757e-22
-1.78854e-22
0
-2.42711e-22
-4.2645e-22
0
1.48072e-23
0
1.1309e-23
0
0
0
7.97177e-24
0
-8.27821e-24
0
1.08185e-23
0
4.55615e-24
0
7.24899e-24
0
-2.58327e-24
0
5.57073e-24
0
2.65236e-24
0
-8.3318e-25
0
-3.70567e-24
0
-2.086e-23
0
-2.85724e-23
0
-1.1037e-23
0
7.80324e-23
0
-3.12218e-23
0
0
0
-4.79967e-23
0
-2.47199e-22
0
2.04442e-22
0
0
0
-3.75006e-22
0
-3.84376e-22
0
0
-3.7152e-24
3.80739e-24
-3.92732e-24
8.15568e-24
0
-4.48782e-24
-4.75975e-24
5.08819e-24
0
-2.98497e-24
0
0
0
1.87656e-23
0
-5.12984e-23
6.16201e-23
-3.77908e-23
0
0
-1.6223e-22
-2.20071e-22
1.49496e-22
9.59999e-23
0
0
0
0
0
0
0
0
0
0
0
0
0
0
0
0
0
0
0
0
0
0
0
0
0
-7.86634e-24
1.11054e-23
3.76966e-24
7.53932e-24
1.15911e-23
1.54548e-23
-5.97882e-24
-7.97176e-24
8.2782e-24
-6.20865e-24
-6.49107e-24
-4.32738e-24
-6.83423e-24
-4.55615e-24
-7.24898e-24
-2.41633e-24
1.29164e-23
-5.16654e-24
-4.17804e-24
-4.17804e-24
-1.89454e-24
-1.51563e-24
1.66636e-24
1.56221e-24
7.41133e-24
5.55849e-24
1.2516e-23
1.6688e-23
1.90482e-23
2.38103e-23
2.2074e-23
3.3111e-23
-3.90162e-23
9.10377e-23
6.24435e-23
6.24435e-23
-1.14783e-22
1.33914e-22
-1.4399e-22
-9.59933e-23
3.08998e-23
-9.26995e-23
-1.63554e-22
2.4533e-22
-5.53459e-23
-1.66038e-22
0
-1.50002e-22
-1.92188e-22
-1.92188e-22
1.44493e-23
0
1.47701e-23
3.29756e-24
0
0
4.23947e-24
0
-3.08311e-23
-2.83546e-23
0
3.9757e-24
1.03349e-23
0
-4.12848e-24
-2.98126e-23
0
1.29487e-23
-2.09525e-23
0
4.54437e-24
-1.95571e-23
0
4.82013e-24
-1.04805e-23
0
-5.15312e-24
-2.08107e-23
0
5.55624e-24
-1.25315e-23
0
3.02339e-24
-5.36558e-24
0
1.66204e-24
7.86492e-24
-0
0
2.92543e-23
-0
-8.32283e-24
5.34116e-23
-0
0
9.0704e-23
-0
-1.10104e-23
5.31253e-23
-0
0
1.32795e-22
-0
-3.1154e-23
7.705e-23
-0
-3.81842e-23
-9.67098e-23
-0
4.79095e-23
-6.00511e-23
-0
6.17021e-23
1.33397e-22
-0
1.63342e-22
-8.42694e-23
-0
0
-1.17731e-22
-0
7.49608e-23
-2.10686e-22
-0
9.60779e-23
0
-3.7152e-24
0
-3.92732e-24
4.07784e-24
-4.26289e-24
0
-4.75975e-24
-2.5441e-24
-2.74294e-24
-1.49249e-24
8.20449e-25
3.64924e-24
8.21809e-24
9.38279e-24
4.35101e-23
-7.69475e-23
6.16201e-23
-1.13372e-22
0
0
-1.6223e-22
-1.10036e-22
-1.49496e-22
-9.59999e-23
1.29563e-23
0
7.53933e-24
0
0
0
1.19576e-23
0
-6.20865e-24
0
8.65477e-24
0
6.83423e-24
0
7.24899e-24
0
0
0
6.96341e-24
0
2.65236e-24
0
-8.3318e-25
-0
-7.41133e-24
-0
-8.34401e-24
-0
-3.80965e-23
-0
-3.31111e-23
-0
7.80324e-23
-0
-6.24436e-23
-0
1.53045e-22
-0
-9.59934e-23
-0
-1.85399e-22
-0
8.17769e-23
-0
1.10692e-22
-0
-3.00005e-22
-0
-1.92188e-22
-0
-1.38818e-23
3.70181e-24
-7.53933e-24
7.53933e-24
-7.7274e-24
1.15911e-23
-3.98588e-24
-2.39153e-23
0
6.20865e-24
-6.49107e-24
-1.73095e-23
-6.83423e-24
-1.59465e-23
-4.83265e-24
-1.4498e-23
1.29164e-24
-1.29164e-23
-2.78536e-24
-8.35609e-24
-2.65236e-24
-5.30472e-24
8.33179e-25
3.74931e-24
1.85283e-24
1.66755e-23
8.34401e-24
3.7548e-23
1.90482e-23
6.66689e-23
2.2074e-23
8.82961e-23
0
6.5027e-23
3.12218e-23
1.7172e-22
-1.91305e-23
1.53044e-22
-2.39983e-23
-7.1995e-23
0
-9.26995e-23
0
2.04442e-22
1.66038e-22
-1.66038e-22
7.50012e-23
-2.25004e-22
-9.60941e-23
-1.92188e-22
-0
-0
-0
-0
-0
-0
-0
-0
-0
-0
-0
0
0
0
0
0
0
0
0
0
0
0
0
0
0
)
;
    }
    baffle_master
    {
        type            calculated;
        value           nonuniform List<scalar> 
150
(
2.94676e-29
0
0
5.7205e-29
0
6.21202e-29
1.71433e-29
0
-1.24251e-28
-2.05355e-28
0
-2.48522e-28
-1.03089e-27
0
-7.45627e-28
-8.00966e-29
0
-2.48563e-28
4.33303e-29
0
0
6.944e-30
0
-1.55378e-29
7.50108e-29
0
0
-1.58268e-29
0
0
-5.01898e-29
0
0
-7.19355e-29
0
-2.48687e-28
-1.24688e-28
0
-1.24354e-28
5.79957e-30
0
-3.10911e-29
-3.36984e-29
0
0
1.87796e-28
0
2.4877e-28
1.14339e-27
0
4.9758e-28
1.80066e-29
0
0
-5.69096e-29
0
-4.66558e-29
-1.01968e-29
0
-1.24426e-28
-5.56295e-29
0
0
9.02573e-28
0
4.97786e-28
-1.6969e-28
0
0
1.39506e-29
0
-3.11166e-29
1.31758e-28
0
0
-1.2423e-28
4.7627e-28
-0
0
1.35829e-28
-0
6.21253e-29
-1.25917e-28
0
2.48522e-28
-6.18574e-28
0
-2.48542e-28
4.80604e-28
0
2.48563e-28
-6.24733e-28
0
0
-4.03779e-28
0
0
-1.65303e-29
0
3.72937e-28
4.73527e-28
-0
-2.48646e-28
6.17885e-28
-0
-2.48667e-28
7.49433e-28
-0
-2.48687e-28
4.40076e-28
-0
0
2.19811e-28
-0
3.10911e-29
-7.16846e-29
0
1.24375e-28
-3.29657e-28
0
4.97539e-28
-6.80026e-28
0
-2.4879e-28
-2.59302e-28
0
2.48811e-28
-2.36733e-28
0
3.11039e-29
-4.98822e-30
-0
-1.24426e-28
-3.14313e-28
-0
2.48872e-28
-2.12814e-28
-0
2.48893e-28
-8.85996e-28
-0
4.97826e-28
4.99611e-28
-0
0
-6.52712e-29
-0
0
5.43021e-28
0
)
;
    }
    baffle_slave
    {
        type            calculated;
        value           nonuniform List<scalar> 
150
(
-5.68181e-26
-0
0
1.99579e-24
-0
3.71521e-24
-1.45241e-24
-0
0
1.46752e-24
-0
0
-1.51736e-23
-0
-8.15568e-24
2.58829e-24
-0
0
-1.53705e-24
-0
-4.48782e-24
1.33374e-24
-0
0
-1.26732e-24
-0
0
-1.70792e-25
-0
-2.74294e-24
7.43435e-25
-0
1.49249e-24
0
0
0
4.54434e-25
0
0
1.02341e-24
0
0
-5.25831e-24
0
-9.38279e-24
-5.41913e-24
0
-2.17551e-23
-7.98746e-23
0
-5.12984e-23
1.5354e-23
0
0
-9.41846e-23
0
-1.13372e-22
2.95785e-24
0
-4.74596e-23
7.63008e-24
0
0
1.77074e-22
0
8.11148e-23
0
0
-1.10036e-22
-1.86711e-23
0
-1.49497e-22
0
0
-9.59999e-23
3.95339e-24
2.7159e-23
0
2.2443e-24
1.05864e-23
0
3.86698e-25
1.0404e-23
0
-4.62102e-24
9.93635e-24
0
-2.93288e-24
-1.62211e-23
0
-6.39755e-24
7.69851e-24
0
-4.80228e-24
8.24417e-24
0
-2.98971e-24
6.66872e-24
0
4.95125e-24
7.99997e-24
0
-8.51315e-25
5.29456e-24
0
-1.05336e-24
5.3899e-24
0
4.39476e-25
2.9629e-24
0
4.30706e-24
-8.52063e-25
0
-2.31657e-25
-5.85263e-24
0
1.75228e-23
-1.32005e-23
0
2.33509e-23
-1.87129e-23
0
-4.79343e-23
-2.17658e-23
0
2.53865e-23
-2.54301e-23
0
-4.51078e-23
4.70923e-24
0
1.09115e-23
2.95785e-23
0
1.63933e-23
3.43354e-23
0
-2.46037e-22
1.46718e-22
0
-2.15901e-22
-1.37337e-22
0
-1.1282e-22
9.33553e-23
0
-3.07889e-23
1.43965e-22
0
)
;
    }
}


// ************************************************************************* //
