/*--------------------------------*- C++ -*----------------------------------*\
| =========                 |                                                 |
| \\      /  F ield         | OpenFOAM: The Open Source CFD Toolbox           |
|  \\    /   O peration     | Version:  2212                                  |
|   \\  /    A nd           | Website:  www.openfoam.com                      |
|    \\/     M anipulation  |                                                 |
\*---------------------------------------------------------------------------*/
FoamFile
{
    version     2.0;
    format      ascii;
    arch        "LSB;label=32;scalar=64";
    class       surfaceScalarField;
    location    "63/fluidRegion";
    object      alphaRhoPhi;
}
// * * * * * * * * * * * * * * * * * * * * * * * * * * * * * * * * * * * * * //

dimensions      [1 0 -1 0 0 0 0];

oriented        oriented;

internalField   nonuniform List<scalar> 
661
(
-0.00584999
9.26266e-12
-0.00584999
5.46139e-12
-0.00584996
-3.04662e-12
-0.00584987
-1.08308e-11
-0.00584972
-1.4222e-11
-0.00584954
-1.22721e-11
-0.00584937
-6.62902e-12
-0.00584924
-2.76461e-13
-0.00584917
4.70524e-12
-0.00584917
7.60014e-12
-0.00584922
8.78575e-12
-0.00584931
9.13837e-12
-0.00584943
8.82438e-12
-0.00584957
7.45227e-12
-0.00584972
4.24492e-12
-0.00584986
-7.38968e-13
-0.00584998
-6.38188e-12
-0.00585004
-1.05715e-11
-0.00585004
-1.13623e-11
-0.00584999
-8.21733e-12
-0.0058499
-2.41634e-12
-0.00584981
3.30896e-12
-0.00584973
6.23707e-12
-0.00584968
4.06887e-12
7.32116e-13
-0.00584999
-0.00584999
-0.00584996
-0.00584987
-0.00584972
-0.00584954
-0.00584937
-0.00584924
-0.00584917
-0.00584917
-0.00584922
-0.00584931
-0.00584943
-0.00584957
-0.00584972
-0.00584986
-0.00584998
-0.00585004
-0.00585004
-0.00584999
-0.0058499
-0.00584981
-0.00584973
-0.00584968
-0.00939685
6.4575e-07
-0.00939708
3.12182e-07
-0.00939734
3.46662e-07
-0.00939759
3.21762e-07
-0.00939782
3.02416e-07
-0.00939804
2.8547e-07
-0.00939824
2.70639e-07
-0.00939843
2.56318e-07
-0.00939861
2.3856e-07
-0.00939876
2.09701e-07
-0.00939888
1.57534e-07
-0.00939893
6.5073e-08
-0.00939885
-8.48574e-08
-0.0093986
-2.99889e-07
-0.00939809
-5.80358e-07
-0.00939728
-9.07533e-07
-0.00939614
-1.25531e-06
-0.00939466
-1.60707e-06
-0.00939282
-1.97444e-06
-0.00939055
-2.40776e-06
-0.00938769
-2.99959e-06
-0.00938399
-3.84687e-06
-0.00937914
-4.98013e-06
-0.0093734
-5.87905e-06
-7.19115e-06
-0.0093126
-2.04057e-08
-1.5321e-08
-0.00931216
-8.42335e-08
-8.0531e-08
-0.00931168
-8.22741e-08
-7.79661e-08
-0.00931124
-7.40268e-08
-6.92778e-08
-0.00931084
-6.71867e-08
-6.18842e-08
-0.00931046
-6.09173e-08
-5.49848e-08
-0.00931011
-5.51647e-08
-4.84953e-08
-0.00930979
-4.95069e-08
-4.19065e-08
-0.0093095
-4.28666e-08
-3.4134e-08
-0.00930925
-3.30689e-08
-2.29465e-08
-0.00930909
-1.63681e-08
-4.52787e-09
-0.00930907
1.23137e-08
2.60673e-08
-0.00930928
5.72303e-08
7.39991e-08
-0.00930983
1.26091e-07
1.46444e-07
-0.00931085
2.16712e-07
2.41807e-07
-0.0093124
3.24921e-07
3.56351e-07
-0.00931453
4.42891e-07
4.82901e-07
-0.00931727
5.65625e-07
6.1729e-07
-0.00932065
6.97252e-07
7.64827e-07
-0.00932479
8.55414e-07
9.43343e-07
-0.00932997
1.07022e-06
1.18288e-06
-0.0093366
1.36919e-06
1.50692e-06
-0.00934511
1.73193e-06
1.89179e-06
-0.00935478
1.86112e-06
2.02069e-06
1.8274e-06
1.94355e-06
-0.00941065
3.154e-07
-0.00941098
3.02562e-07
-0.0094113
2.9829e-07
-0.00941159
2.73537e-07
-0.00941186
2.52306e-07
-0.0094121
2.33286e-07
-0.00941233
2.15904e-07
-0.00941253
1.98244e-07
-0.00941271
1.75742e-07
-0.00941285
1.39845e-07
-0.00941292
7.70481e-08
-0.00941288
-3.00528e-08
-0.00941265
-1.98878e-07
-0.00941215
-4.39266e-07
-0.00941126
-7.48802e-07
-0.00940994
-1.10719e-06
-0.00940813
-1.48735e-06
-0.00940581
-1.874e-06
-0.00940295
-2.28291e-06
-0.00939944
-2.77052e-06
-0.00939504
-3.43119e-06
-0.0093894
-4.35849e-06
-0.00938222
-5.49342e-06
-0.00937418
-6.17806e-06
-6.45744e-06
-0.0093315
2.67741e-10
-0.00933123
-1.51222e-09
-0.00933096
-1.46836e-09
-0.00933072
-1.52241e-09
-0.00933049
-1.4952e-09
-0.00933028
-1.44838e-09
-0.00933009
-1.39836e-09
-0.00932992
-1.2503e-09
-0.00932976
-1.03072e-09
-0.00932964
-7.14607e-10
-0.00932957
-2.03026e-10
-0.0093296
5.56094e-10
-0.00932978
1.56736e-09
-0.00933018
2.92114e-09
-0.00933088
4.67421e-09
-0.00933193
6.91909e-09
-0.00933335
9.85069e-09
-0.00933515
1.36719e-08
-0.00933736
1.82749e-08
-0.00934006
2.36881e-08
-0.00934343
2.97119e-08
-0.00934773
3.49484e-08
-0.0093532
3.79177e-08
-0.00935936
3.57497e-08
2.43457e-08
-0.00933151
-3.14975e-07
-0.00933124
-3.05962e-07
-0.00933097
-3.01518e-07
-0.00933073
-2.76921e-07
-0.0093305
-2.55726e-07
-0.0093303
-2.36735e-07
-0.0093301
-2.19375e-07
-0.00932993
-2.01608e-07
-0.00932977
-1.78908e-07
-0.00932965
-1.42678e-07
-0.00932958
-7.9248e-08
-0.00932961
2.86452e-08
-0.00932979
1.9875e-07
-0.0093302
4.40777e-07
-0.00933089
7.5245e-07
-0.00933194
1.11364e-06
-0.00933336
1.49767e-06
-0.00933516
1.8897e-06
-0.00933737
2.30584e-06
-0.00934007
2.80316e-06
-0.00934344
3.47696e-06
-0.00934774
4.41976e-06
-0.00935321
5.57165e-06
-0.00935937
6.26387e-06
6.53222e-06
-0.00941066
1.75396e-08
-0.00941098
8.31649e-08
-0.0094113
8.07971e-08
-0.0094116
7.23137e-08
-0.00941186
6.52064e-08
-0.00941211
5.85905e-08
-0.00941233
5.23887e-08
-0.00941253
4.6175e-08
-0.00941271
3.87964e-08
-0.00941285
2.80452e-08
-0.00941292
1.02019e-08
-0.00941288
-1.98115e-08
-0.00941265
-6.66743e-08
-0.00941214
-1.37908e-07
-0.00941126
-2.31559e-07
-0.00940993
-3.43556e-07
-0.00940812
-4.66145e-07
-0.0094058
-5.94242e-07
-0.00940294
-7.32105e-07
-0.00939943
-8.96758e-07
-0.00939503
-1.11802e-06
-0.00938938
-1.42122e-06
-0.0093822
-1.78523e-06
-0.00937416
-1.90556e-06
-1.83318e-06
-0.0093126
-6.46039e-07
-1.68735e-08
-0.00931216
-3.12626e-07
-7.98815e-08
-0.00931168
-3.47184e-07
-7.75142e-08
-0.00931124
-3.22335e-07
-6.8873e-08
-0.00931084
-3.03002e-07
-6.16254e-08
-0.00931046
-2.86088e-07
-5.49115e-08
-0.00931012
-2.71305e-07
-4.86541e-08
-0.00930979
-2.57011e-07
-4.2434e-08
-0.0093095
-2.39304e-07
-3.51571e-08
-0.00930925
-2.10492e-07
-2.46423e-08
-0.00930909
-1.58305e-07
-7.21453e-09
-0.00930907
-6.57418e-08
2.22958e-08
-0.00930928
8.44766e-08
6.81991e-08
-0.00930983
2.99902e-07
1.38016e-07
-0.00931085
5.81179e-07
2.29633e-07
-0.0093124
9.09934e-07
3.38666e-07
-0.00931453
1.26083e-06
4.56745e-07
-0.00931727
1.6186e-06
5.77874e-07
-0.00932065
1.9972e-06
7.04477e-07
-0.00932479
2.45118e-06
8.50469e-07
-0.00932997
3.08121e-06
1.03832e-06
-0.0093366
3.99002e-06
1.29121e-06
-0.00934511
5.21685e-06
1.58612e-06
-0.00935477
6.20548e-06
1.65041e-06
7.56578e-06
1.60818e-06
-0.00939685
-0.00939708
-0.00939735
-0.00939759
-0.00939782
-0.00939804
-0.00939824
-0.00939843
-0.00939861
-0.00939876
-0.00939888
-0.00939893
-0.00939885
-0.0093986
-0.00939809
-0.00939728
-0.00939614
-0.00939466
-0.00939282
-0.00939055
-0.00938769
-0.00938399
-0.00937914
-0.0093734
-0.0093315
-3.19935e-07
3.09789e-09
-0.00933123
-3.07951e-07
1.89459e-09
-0.00933096
-3.04158e-07
2.27167e-09
-0.00933072
-2.79874e-07
2.55311e-09
-0.00933049
-2.59099e-07
2.85458e-09
-0.00933028
-2.40603e-07
3.23429e-09
-0.00933009
-2.2384e-07
3.72606e-09
-0.00932992
-2.06839e-07
4.31899e-09
-0.00932976
-1.85092e-07
5.09311e-09
-0.00932964
-1.50053e-07
6.09388e-09
-0.00932957
-8.80855e-08
7.36313e-09
-0.0093296
1.79616e-08
8.56513e-09
-0.00932978
1.85471e-07
1.09067e-08
-0.00933018
4.24199e-07
1.379e-08
-0.00933088
7.31335e-07
1.78721e-08
-0.00933193
1.08612e-06
2.3786e-08
-0.00933335
1.46058e-06
3.25379e-08
-0.00933515
1.83788e-06
4.57483e-08
-0.00933736
2.23021e-06
6.66489e-08
-0.00934006
2.68951e-06
9.90862e-08
-0.00934343
3.29904e-06
1.50121e-07
-0.00934773
4.14607e-06
2.20346e-07
-0.0093532
5.16547e-06
3.11296e-07
-0.00935936
5.74053e-06
3.72909e-07
6.02612e-06
3.33383e-07
-0.00941065
-0.00941098
-0.0094113
-0.00941159
-0.00941186
-0.0094121
-0.00941233
-0.00941253
-0.00941271
-0.00941285
-0.00941292
-0.00941288
-0.00941265
-0.00941215
-0.00941126
-0.00940994
-0.00940813
-0.00940581
-0.00940295
-0.00939944
-0.00939504
-0.0093894
-0.00938222
-0.00937419
-0.00941066
3.13425e-07
-0.00941098
3.04266e-07
-0.0094113
2.99652e-07
-0.0094116
2.74891e-07
-0.00941186
2.53588e-07
-0.00941211
2.34435e-07
-0.00941233
2.16842e-07
-0.00941253
1.98855e-07
-0.00941271
1.75852e-07
-0.00941285
1.39247e-07
-0.00941293
7.54999e-08
-0.00941288
-3.24422e-08
-0.00941265
-2.03155e-07
-0.00941214
-4.45808e-07
-0.00941126
-7.58239e-07
-0.00940993
-1.12026e-06
-0.00940812
-1.50482e-06
-0.0094058
-1.89618e-06
-0.00940294
-2.30913e-06
-0.00939943
-2.7975e-06
-0.00939503
-3.45291e-06
-0.00938938
-4.35952e-06
-0.0093822
-5.45007e-06
-0.00937416
-6.06771e-06
-6.25143e-06
-0.00933151
-0.00933124
-0.00933097
-0.00933073
-0.0093305
-0.0093303
-0.0093301
-0.00932993
-0.00932977
-0.00932965
-0.00932958
-0.00932961
-0.00932979
-0.0093302
-0.0093309
-0.00933194
-0.00933336
-0.00933516
-0.00933737
-0.00934007
-0.00934344
-0.00934774
-0.00935321
-0.00935938
)
;

boundaryField
{
    outletCentralUnloaded
    {
        type            calculated;
        value           nonuniform List<scalar> 2(0.00584998 0.00584998);
    }
    inletCentralUnloaded
    {
        type            calculated;
        value           nonuniform List<scalar> 2(-0.0058737 -0.0058737);
    }
    outletFuelElement
    {
        type            calculated;
        value           nonuniform List<scalar> 
12
(
0.00939627
0.00931326
0.00941038
0.00933178
0.00933179
0.00941039
0.00931326
0.00939627
0.00933178
0.00941038
0.00941039
0.00933179
)
;
    }
    inletFuelElement
    {
        type            calculated;
        value           nonuniform List<scalar> 
12
(
-0.00953879
-0.00953879
-0.00953878
-0.00953878
-0.00953879
-0.00953879
-0.00953879
-0.00953879
-0.00953878
-0.00953878
-0.00953879
-0.00953879
)
;
    }
    defaultFaces
    {
        type            calculated;
        value           nonuniform List<scalar> 
450
(
1.15736e-23
-2.176e-23
0
7.28799e-24
-7.6245e-24
0
9.27059e-24
9.45489e-24
0
-2.02834e-23
-1.12986e-23
0
-5.71515e-24
-2.30037e-23
0
-1.71542e-23
-1.19189e-23
0
-1.62703e-23
-9.16072e-24
0
-2.32799e-23
-7.6568e-24
0
-1.28038e-23
-1.94552e-24
0
-1.71895e-23
-7.28168e-24
0
-9.57515e-24
-5.16831e-25
0
-4.57889e-24
-2.65017e-24
0
6.40417e-24
2.84336e-24
0
1.8699e-23
1.28323e-23
0
4.11503e-23
5.84411e-24
0
6.70973e-23
3.2896e-23
0
5.88149e-23
-1.49738e-23
0
1.5232e-22
5.78654e-24
0
1.08311e-22
-8.26094e-23
0
-7.79657e-23
-1.21724e-22
0
-1.13214e-22
-1.12105e-22
0
1.38919e-22
-8.00774e-23
0
-1.78321e-22
7.11525e-23
0
-2.02763e-22
-1.04638e-22
0
-1.00751e-22
-2.34254e-22
0
8.32985e-24
0
1.50799e-23
0
0
0
7.97234e-24
0
-2.06969e-24
0
8.6553e-24
0
4.55641e-24
0
7.24937e-24
0
0
0
4.17824e-24
0
3.0314e-24
0
-1.24982e-24
0
-7.41162e-24
0
-1.25165e-23
0
-1.90489e-23
0
-3.31121e-23
0
7.80348e-23
0
-6.24454e-23
0
3.82621e-23
0
-1.19995e-22
0
-1.54502e-22
0
2.45334e-22
0
5.53461e-23
0
-2.25001e-22
0
-3.84366e-22
0
-7.29836e-24
-3.71553e-24
3.8077e-24
-7.85522e-24
8.15622e-24
0
-4.48807e-24
-4.76e-24
7.63267e-24
-2.74307e-24
1.49255e-24
8.20483e-25
3.64938e-24
0
0
4.35116e-23
-2.565e-23
3.08109e-23
0
0
6.1194e-23
-1.62232e-22
-1.10036e-22
7.47474e-23
-9.59974e-23
0
0
0
0
0
0
0
0
0
0
0
0
0
0
0
0
0
0
0
0
0
0
0
0
0
-6.47877e-24
1.11065e-23
3.76998e-24
7.53997e-24
1.1592e-23
1.932e-23
-3.98616e-24
-7.97233e-24
6.20906e-24
-6.20906e-24
-8.65529e-24
-2.16382e-24
-6.83461e-24
-2.2782e-24
-7.24936e-24
-4.83291e-24
1.16253e-23
-5.1668e-24
-4.17824e-24
-2.78549e-24
-1.89463e-24
-1.5157e-24
8.33213e-25
1.24982e-24
3.70581e-24
5.55871e-24
8.34431e-24
8.34431e-24
2.85734e-23
9.52445e-24
3.31121e-23
2.20747e-23
-7.80347e-23
7.80347e-23
3.12226e-23
3.12226e-23
-1.53048e-22
9.56552e-23
-1.43993e-22
-9.59955e-23
0
-9.27013e-23
-2.04445e-22
2.45334e-22
-1.10692e-22
-2.21384e-22
7.50003e-23
-1.87501e-22
-2.88275e-22
-2.40229e-22
4.44818e-24
0
1.47715e-23
2.73047e-24
0
3.76047e-24
7.66815e-24
0
-2.31251e-23
-3.13224e-23
0
3.97599e-24
1.23421e-23
0
4.12876e-24
-2.49329e-23
0
8.633e-24
-2.29248e-23
0
0
-2.36449e-23
0
9.64076e-24
-1.68998e-23
0
-1.03068e-23
-2.09099e-23
0
2.77825e-24
-1.55541e-23
0
0
-6.53352e-24
0
8.31054e-25
6.66461e-24
-0
0
2.561e-23
-0
-8.32314e-24
4.96993e-23
-0
0
8.3674e-23
-0
-2.20216e-23
6.66678e-23
-0
0
1.47039e-22
-0
0
5.64017e-23
-0
-3.81852e-23
-6.46617e-23
-0
4.79106e-23
-3.82764e-23
-0
6.17032e-23
1.38871e-22
-0
8.16723e-23
-1.77538e-22
-0
0
-9.88094e-23
-0
2.2488e-22
-1.57097e-22
-0
1.92151e-22
0
-3.71553e-24
0
-3.92761e-24
4.07811e-24
-4.26315e-24
-8.97615e-24
-4.76e-24
-2.54422e-24
-2.74307e-24
0
0
3.64938e-24
0
0
0
-5.13e-23
6.16219e-23
-7.55836e-23
0
-6.1194e-23
-1.62232e-22
-1.10036e-22
7.47474e-23
0
1.57342e-23
0
7.53997e-24
0
3.864e-24
0
7.97234e-24
0
-6.20906e-24
0
8.6553e-24
0
6.83462e-24
0
6.04114e-24
0
-2.5834e-24
0
5.57099e-24
0
4.5471e-24
0
8.33214e-25
0
-7.41162e-24
-0
-2.5033e-23
-0
-9.52446e-24
-0
-3.31121e-23
-0
6.5029e-23
-0
-9.3668e-23
-0
1.14786e-22
-0
-9.59956e-23
-0
-6.18009e-23
-0
1.22667e-22
-0
1.10692e-22
-0
-2.25001e-22
-0
-1.92183e-22
-0
-6.94154e-24
3.70215e-24
-3.76998e-24
7.53997e-24
-3.864e-24
7.728e-24
-5.97925e-24
-1.79377e-23
-2.06969e-24
8.27875e-24
-4.32765e-24
-1.51468e-23
-6.83461e-24
-1.59474e-23
-4.83291e-24
-1.20823e-23
0
-7.7502e-24
-4.17824e-24
-6.96373e-24
-2.46301e-24
-4.5471e-24
0
5.41588e-24
3.70581e-24
2.03819e-23
1.25165e-23
3.75494e-23
9.52445e-24
7.14334e-23
2.20747e-23
7.72616e-23
0
9.10405e-23
6.24453e-23
1.56113e-22
0
1.33917e-22
0
-4.79977e-23
0
-9.27013e-23
0
2.45334e-22
2.21384e-22
-1.66038e-22
0
-1.87501e-22
0
-1.92183e-22
-0
-0
-0
-0
-0
-0
-0
-0
-0
-0
-0
0
0
0
0
0
0
0
0
0
0
0
0
0
0
)
;
    }
    baffle_master
    {
        type            calculated;
        value           nonuniform List<scalar> 
150
(
-5.46219e-30
0
-1.2423e-28
-9.35319e-29
0
0
3.33081e-29
0
6.21255e-29
4.13819e-29
0
-2.48522e-28
-7.48613e-28
0
-4.97086e-28
-7.63036e-29
0
0
-1.43807e-28
0
1.24292e-28
2.2962e-30
0
0
-3.41838e-29
0
6.21563e-29
-4.47335e-29
0
0
5.98036e-30
0
0
-1.05172e-28
0
0
1.15547e-29
0
0
2.39648e-29
0
0
-2.82942e-29
0
0
-9.38398e-30
0
0
5.61732e-28
0
1.24394e-28
6.77657e-29
0
0
7.24872e-28
0
4.97661e-28
-1.41606e-29
0
2.48851e-28
1.17283e-29
0
0
2.16968e-28
0
1.24447e-28
-6.68804e-29
0
0
-1.36808e-29
0
-6.22337e-29
-1.12281e-29
0
0
-1.2423e-28
3.2407e-28
-0
-2.48481e-28
1.78512e-28
-0
6.21255e-29
-5.97094e-29
0
2.48522e-28
-3.89258e-28
0
-2.48543e-28
5.41767e-28
0
2.48564e-28
-5.1546e-28
0
0
-2.01566e-28
0
3.88445e-30
-8.77812e-30
0
6.21563e-29
2.23209e-28
-0
0
2.00235e-28
-0
-1.24333e-28
3.81954e-28
-0
-1.24343e-28
4.65001e-28
-0
-1.24354e-28
2.19093e-28
-0
-2.48727e-28
2.12359e-28
-0
-6.2187e-29
1.51753e-28
-0
1.5548e-29
-2.14059e-29
0
-3.73183e-28
-2.4381e-28
0
2.48809e-28
-3.08149e-28
0
-4.97661e-28
1.17433e-28
0
0
2.58904e-28
0
3.11091e-29
8.80964e-29
0
1.24447e-28
-1.64541e-28
-0
1.24457e-28
2.33485e-28
-0
-6.22337e-29
-1.10864e-28
-0
0
-2.16111e-29
-0
)
;
    }
    baffle_slave
    {
        type            calculated;
        value           nonuniform List<scalar> 
150
(
2.72753e-24
-0
7.29836e-24
2.8927e-24
-0
3.71553e-24
-7.11439e-25
-0
0
-2.44605e-24
-0
-3.92761e-24
-1.5746e-23
-0
-4.07811e-24
2.38934e-24
-0
4.26315e-24
-3.35375e-24
-0
0
2.37123e-24
-0
2.38e-24
3.16846e-25
-0
2.54422e-24
3.41601e-25
-0
2.74307e-24
-1.85867e-24
-0
-1.49255e-24
4.08693e-25
0
8.20483e-25
0
0
3.64938e-24
-1.02345e-24
0
8.2184e-24
-1.16855e-24
0
0
5.41932e-24
0
-2.17558e-23
-7.82796e-23
0
-1.026e-22
-1.91931e-24
0
3.08109e-23
-8.47684e-23
0
-7.55836e-23
-5.91584e-24
0
-4.74607e-23
-1.90756e-23
0
-6.1194e-23
1.36602e-22
0
8.11159e-23
-5.49352e-23
0
0
4.20094e-23
0
0
-6.59822e-23
0
-1.91995e-22
1.22006e-25
1.76721e-23
0
-8.22773e-24
8.09955e-24
0
2.06673e-24
1.00787e-23
0
-1.93802e-24
9.66189e-24
0
-3.30731e-24
-1.53651e-23
0
-1.63543e-24
8.76092e-24
0
-3.4078e-24
8.38438e-24
0
-5.41719e-24
8.7439e-24
0
5.74516e-24
4.59427e-24
0
-4.6392e-24
9.73562e-24
0
-1.34058e-24
6.78415e-24
0
1.71035e-25
2.55433e-24
0
2.16964e-24
-5.11258e-25
0
1.063e-23
-4.67748e-24
0
2.7714e-24
-1.21968e-23
0
-3.56606e-24
-1.57499e-23
0
-2.72356e-23
-2.47619e-23
0
2.066e-23
-4.46239e-23
0
-4.95917e-23
1.17734e-24
0
6.72453e-24
4.28898e-23
0
1.26162e-23
6.10419e-23
0
-1.68061e-22
1.82136e-22
0
-2.18009e-22
-1.78539e-22
0
1.10674e-22
8.40188e-23
0
-1.26754e-22
1.55958e-22
0
)
;
    }
}


// ************************************************************************* //
