/*--------------------------------*- C++ -*----------------------------------*\
| =========                 |                                                 |
| \\      /  F ield         | OpenFOAM: The Open Source CFD Toolbox           |
|  \\    /   O peration     | Version:  2212                                  |
|   \\  /    A nd           | Website:  www.openfoam.com                      |
|    \\/     M anipulation  |                                                 |
\*---------------------------------------------------------------------------*/
FoamFile
{
    version     2.0;
    format      ascii;
    arch        "LSB;label=32;scalar=64";
    class       volScalarField;
    location    "63/fluidRegion";
    object      deltaT;
}
// * * * * * * * * * * * * * * * * * * * * * * * * * * * * * * * * * * * * * //

dimensions      [0 0 0 1 0 0 0];

internalField   nonuniform List<scalar> 
350
(
0
0
0
0
0
0
0
0
0
0
0
0
0
0
0
0
0
0
0
0
0
0
0
0
0
0
0
0
0
0
0
0
0
0
0
0
0
0
0
0
0
0
0
0
0
0
0
0
0
0
16.4923
49.4324
82.1088
114.472
146.461
178.02
209.096
239.639
269.598
298.907
327.465
355.106
381.563
406.438
429.194
449.168
465.582
477.464
483.403
481.023
466.02
430.769
363.137
249.676
91.1147
16.6265
49.8357
82.7752
115.396
147.639
179.446
210.765
241.548
271.747
301.302
330.118
358.038
384.799
409.999
433.088
453.382
470.079
482.191
488.306
486.044
471.073
435.672
367.479
252.736
92.1949
16.4708
49.3686
82.0031
114.325
146.274
177.793
208.83
239.335
269.255
298.524
327.04
354.636
381.045
405.869
428.574
448.501
464.873
476.722
482.639
480.248
465.25
430.034
362.499
249.233
90.9512
16.5953
49.7416
82.62
115.181
147.365
179.114
210.377
241.105
271.249
300.747
329.504
357.36
384.051
409.177
432.189
452.409
469.04
481.099
487.173
484.884
469.905
434.537
366.473
252.025
91.9449
16.5953
49.7416
82.62
115.181
147.365
179.114
210.377
241.105
271.249
300.747
329.504
357.36
384.051
409.177
432.189
452.409
469.04
481.099
487.173
484.884
469.905
434.537
366.473
252.025
91.9449
16.4708
49.3686
82.0031
114.325
146.274
177.793
208.83
239.335
269.255
298.524
327.04
354.636
381.045
405.869
428.574
448.501
464.873
476.722
482.639
480.248
465.25
430.034
362.5
249.234
90.9514
16.6265
49.8357
82.7752
115.396
147.639
179.446
210.765
241.548
271.747
301.302
330.118
358.038
384.799
409.999
433.088
453.382
470.079
482.191
488.306
486.044
471.073
435.672
367.479
252.736
92.1949
16.4923
49.4324
82.1089
114.472
146.461
178.02
209.096
239.639
269.598
298.907
327.465
355.106
381.563
406.438
429.194
449.168
465.582
477.463
483.403
481.023
466.02
430.769
363.137
249.676
91.1147
16.5953
49.7416
82.62
115.181
147.365
179.114
210.377
241.105
271.249
300.747
329.504
357.36
384.051
409.177
432.189
452.41
469.04
481.099
487.173
484.884
469.905
434.537
366.473
252.025
91.9449
16.4708
49.3686
82.0031
114.325
146.274
177.793
208.83
239.335
269.255
298.524
327.04
354.636
381.045
405.869
428.574
448.501
464.873
476.722
482.639
480.248
465.249
430.034
362.499
249.233
90.9512
16.4708
49.3686
82.0031
114.325
146.274
177.793
208.83
239.335
269.255
298.524
327.04
354.636
381.045
405.869
428.574
448.501
464.873
476.722
482.639
480.248
465.25
430.034
362.5
249.234
90.9513
16.5953
49.7416
82.62
115.181
147.365
179.114
210.377
241.105
271.249
300.747
329.504
357.36
384.051
409.177
432.189
452.409
469.04
481.099
487.173
484.884
469.905
434.537
366.473
252.025
91.9449
)
;

boundaryField
{
    outletCentralUnloaded
    {
        type            calculated;
        value           uniform 0;
    }
    inletCentralUnloaded
    {
        type            calculated;
        value           uniform 0;
    }
    outletFuelElement
    {
        type            calculated;
        value           uniform 0;
    }
    inletFuelElement
    {
        type            calculated;
        value           uniform 616.7;
    }
    defaultFaces
    {
        type            calculated;
        value           nonuniform List<scalar> 
450
(
0
0
0
0
0
0
0
0
0
0
0
0
0
0
0
0
0
0
0
0
0
0
0
0
0
0
0
0
0
0
0
0
0
0
0
0
0
0
0
0
0
0
0
0
0
0
0
0
92.658
92.658
92.658
192.594
192.594
192.594
285.038
285.038
285.038
368.554
368.554
368.554
441.881
441.881
441.881
503.837
503.837
503.837
553.197
553.197
553.197
588.791
588.791
588.791
609.915
609.915
609.915
0
0
0
0
0
0
0
0
0
0
0
0
0
0
0
0
0
0
0
0
0
0
0
0
0
0
0
0
0
0
0
0
94.066
94.066
193.703
193.703
285.877
285.877
369.156
369.156
442.286
442.286
504.084
504.084
553.327
553.327
588.844
588.844
609.927
609.927
0
0
0
0
0
0
0
0
0
0
0
0
0
0
0
0
85.47
186.897
280.7
365.409
439.749
502.524
552.503
588.512
609.855
0
0
0
0
0
0
0
0
0
0
0
0
0
0
0
0
85.4699
186.897
280.7
365.409
439.749
502.524
552.503
588.512
609.855
0
0
0
0
0
0
0
0
0
0
0
0
0
0
0
0
0
0
0
0
0
0
0
0
0
0
0
0
0
0
0
0
94.0651
94.0651
193.702
193.702
285.876
285.876
369.156
369.156
442.286
442.286
504.084
504.084
553.327
553.327
588.844
588.844
609.927
609.927
0
0
0
0
0
0
0
0
0
0
0
0
0
0
0
0
0
0
0
0
0
0
0
0
0
0
0
0
0
0
0
0
0
0
0
0
0
0
0
0
0
0
0
0
0
0
0
0
92.658
92.658
92.658
192.594
192.594
192.594
285.038
285.038
285.038
368.554
368.554
368.554
441.881
441.881
441.881
503.837
503.837
503.837
553.197
553.197
553.197
588.791
588.791
588.791
609.915
609.915
609.915
0
0
0
0
0
0
0
0
0
0
0
0
0
0
0
0
85.4699
186.897
280.7
365.409
439.749
502.524
552.503
588.512
609.855
0
0
0
0
0
0
0
0
0
0
0
0
0
0
0
0
0
0
0
0
0
0
0
0
0
0
0
0
0
0
0
0
94.0659
94.0659
193.702
193.702
285.876
285.876
369.156
369.156
442.286
442.286
504.084
504.084
553.327
553.327
588.844
588.844
609.927
609.927
0
0
0
0
0
0
0
0
0
0
0
0
0
0
0
0
0
0
0
0
0
0
0
0
0
0
0
0
0
0
0
0
94.0652
94.0652
193.702
193.702
285.876
285.876
369.156
369.156
442.286
442.286
504.084
504.084
553.327
553.327
588.844
588.844
609.927
609.927
0
0
0
0
0
0
0
0
0
0
0
0
0
0
0
0
85.47
186.897
280.7
365.41
439.749
502.524
552.503
588.512
609.855
)
;
    }
    baffle_master
    {
        type            calculated;
        value           uniform 0;
    }
    baffle_slave
    {
        type            calculated;
        value           nonuniform List<scalar> 
150
(
0
0
0
0
0
0
0
0
0
0
0
0
0
0
0
0
0
0
0
0
0
0
0
0
0
0
0
0
0
0
0
0
0
0
0
0
0
0
0
0
0
0
0
0
0
0
0
0
83.3094
85.47
85.47
185.183
186.897
186.897
279.393
280.7
280.7
364.461
365.409
365.41
439.105
439.749
439.749
502.127
502.524
502.524
552.293
552.503
552.503
588.427
588.512
588.512
609.837
609.855
609.855
0
0
0
0
0
0
0
0
0
0
0
0
0
0
0
0
0
0
0
0
0
0
0
0
0
0
0
0
0
0
0
0
0
0
0
0
0
0
0
0
0
0
0
0
0
0
0
0
85.4699
83.3094
85.4699
186.897
185.183
186.897
280.7
279.393
280.7
365.409
364.461
365.409
439.749
439.105
439.749
502.524
502.127
502.524
552.503
552.293
552.503
588.512
588.427
588.512
609.855
609.837
609.855
)
;
    }
}


// ************************************************************************* //
