/*--------------------------------*- C++ -*----------------------------------*\
| =========                 |                                                 |
| \\      /  F ield         | OpenFOAM: The Open Source CFD Toolbox           |
|  \\    /   O peration     | Version:  2212                                  |
|   \\  /    A nd           | Website:  www.openfoam.com                      |
|    \\/     M anipulation  |                                                 |
\*---------------------------------------------------------------------------*/
FoamFile
{
    version     2.0;
    format      ascii;
    arch        "LSB;label=32;scalar=64";
    class       volScalarField;
    location    "63/fluidRegion";
    object      k;
}
// * * * * * * * * * * * * * * * * * * * * * * * * * * * * * * * * * * * * * //

dimensions      [0 2 -2 0 0 0 0];

internalField   nonuniform List<scalar> 
350
(
0.421088
0.421017
0.420947
0.420878
0.420809
0.420741
0.420672
0.420605
0.420539
0.420475
0.420414
0.420355
0.4203
0.42025
0.420206
0.420174
0.420162
0.420178
0.420241
0.420374
0.420616
0.421023
0.421684
0.422733
0.424374
0.421088
0.421017
0.420947
0.420878
0.420809
0.420741
0.420672
0.420605
0.420539
0.420475
0.420414
0.420355
0.4203
0.42025
0.420206
0.420174
0.420162
0.420178
0.420241
0.420374
0.420616
0.421023
0.421684
0.422733
0.424374
406.838
384.241
358.541
330.25
300.152
269.025
237.617
206.628
176.697
148.385
122.171
98.4333
77.4463
59.3659
44.2236
31.9269
22.2707
14.9612
9.64947
5.96578
3.55004
2.07274
1.25015
0.853305
0.713264
412.561
389.698
363.694
335.049
304.558
273.013
241.17
209.742
179.376
150.644
124.032
99.9276
78.611
60.2434
44.8599
32.3688
22.5627
15.1435
9.7557
6.02261
3.57723
2.08394
1.25391
0.854332
0.713652
405.891
383.335
357.69
329.46
299.43
268.374
237.039
206.124
176.264
148.022
121.872
98.1944
77.2607
59.2263
44.1225
31.8567
22.2241
14.932
9.63225
5.95636
3.54531
2.0706
1.24926
0.852962
0.713132
411.305
388.497
362.557
333.987
303.581
272.126
240.378
209.047
178.776
150.137
123.613
99.5908
78.3478
60.0447
44.7156
32.2684
22.4963
15.102
9.73149
6.00966
3.57105
2.08141
1.25308
0.854119
0.713576
411.305
388.497
362.557
333.987
303.581
272.126
240.378
209.047
178.776
150.137
123.613
99.5908
78.3479
60.0447
44.7156
32.2684
22.4963
15.102
9.7315
6.00967
3.57105
2.08141
1.25308
0.854119
0.713576
405.892
383.336
357.69
329.461
299.43
268.374
237.039
206.124
176.264
148.022
121.872
98.1946
77.2608
59.2264
44.1226
31.8568
22.2242
14.932
9.63228
5.95638
3.54532
2.0706
1.24926
0.852962
0.713131
412.561
389.698
363.694
335.048
304.558
273.012
241.17
209.742
179.376
150.644
124.032
99.9276
78.611
60.2434
44.8599
32.3688
22.5627
15.1435
9.75571
6.02261
3.57723
2.08394
1.25391
0.854332
0.713651
406.838
384.241
358.541
330.25
300.152
269.025
237.617
206.628
176.697
148.385
122.171
98.4333
77.4463
59.3659
44.2236
31.9269
22.2707
14.9612
9.64948
5.96579
3.55005
2.07275
1.25015
0.853307
0.713265
411.305
388.497
362.557
333.987
303.581
272.126
240.379
209.047
178.776
150.137
123.613
99.5908
78.3479
60.0447
44.7156
32.2684
22.4963
15.102
9.7315
6.00967
3.57105
2.08141
1.25308
0.85412
0.713576
405.891
383.335
357.69
329.46
299.43
268.374
237.039
206.124
176.264
148.022
121.872
98.1944
77.2607
59.2263
44.1225
31.8567
22.2241
14.932
9.63223
5.95633
3.54529
2.07058
1.24925
0.852957
0.713132
405.892
383.336
357.691
329.461
299.43
268.374
237.039
206.124
176.264
148.022
121.872
98.1946
77.2608
59.2264
44.1226
31.8568
22.2242
14.9321
9.6323
5.95639
3.54533
2.0706
1.24926
0.852962
0.71313
411.305
388.497
362.557
333.987
303.581
272.126
240.379
209.047
178.776
150.137
123.614
99.5909
78.3479
60.0447
44.7156
32.2684
22.4963
15.102
9.73152
6.00969
3.57107
2.08142
1.25309
0.854124
0.713577
)
;

boundaryField
{
    outletCentralUnloaded
    {
        type            zeroGradient;
    }
    inletCentralUnloaded
    {
        type            zeroGradient;
    }
    outletFuelElement
    {
        type            zeroGradient;
    }
    inletFuelElement
    {
        type            zeroGradient;
    }
    defaultFaces
    {
        type            zeroGradient;
    }
    baffle_master
    {
        type            zeroGradient;
    }
    baffle_slave
    {
        type            zeroGradient;
    }
}


// ************************************************************************* //
