/*--------------------------------*- C++ -*----------------------------------*\
| =========                 |                                                 |
| \\      /  F ield         | OpenFOAM: The Open Source CFD Toolbox           |
|  \\    /   O peration     | Version:  2212                                  |
|   \\  /    A nd           | Website:  www.openfoam.com                      |
|    \\/     M anipulation  |                                                 |
\*---------------------------------------------------------------------------*/
FoamFile
{
    version     2.0;
    format      ascii;
    arch        "LSB;label=32;scalar=64";
    class       surfaceScalarField;
    location    "95/fluidRegion";
    object      alphaPhi;
}
// * * * * * * * * * * * * * * * * * * * * * * * * * * * * * * * * * * * * * //

dimensions      [0 3 -1 0 0 0 0];

oriented        oriented;

internalField   nonuniform List<scalar> 
661
(
-0.000538995
-1.7023e-13
-0.000538945
-1.86559e-13
-0.000538894
-1.3641e-13
-0.000538841
-8.73246e-14
-0.000538786
-4.18258e-14
-0.000538731
1.5535e-14
-0.000538676
8.70694e-14
-0.000538623
1.654e-13
-0.000538573
2.36957e-13
-0.000538527
2.84434e-13
-0.000538485
2.96135e-13
-0.000538448
2.68129e-13
-0.000538415
2.06189e-13
-0.000538386
1.22961e-13
-0.000538358
2.89547e-14
-0.000538329
-6.8861e-14
-0.000538299
-1.63568e-13
-0.000538266
-2.44969e-13
-0.000538227
-3.02998e-13
-0.000538184
-3.30234e-13
-0.000538135
-3.26193e-13
-0.000538081
-2.97731e-13
-0.000538024
-2.38336e-13
-0.000537964
-9.96225e-15
5.2936e-13
-0.000538995
-0.000538945
-0.000538894
-0.000538841
-0.000538786
-0.000538731
-0.000538676
-0.000538623
-0.000538573
-0.000538527
-0.000538485
-0.000538448
-0.000538415
-0.000538386
-0.000538358
-0.000538329
-0.000538299
-0.000538266
-0.000538227
-0.000538184
-0.000538135
-0.000538081
-0.000538024
-0.000537964
-0.0202316
1.41419e-06
-0.0198033
6.71476e-07
-0.0192586
7.27495e-07
-0.0186066
6.54677e-07
-0.0178567
5.92648e-07
-0.0170189
5.3519e-07
-0.0161035
4.81985e-07
-0.0151209
4.30415e-07
-0.0140818
3.74737e-07
-0.0129975
3.05505e-07
-0.0118797
2.10856e-07
-0.0107413
7.91451e-08
-0.00959658
-9.31453e-08
-0.00846124
-2.92046e-07
-0.00735214
-4.95055e-07
-0.00628645
-6.67981e-07
-0.00528038
-7.84094e-07
-0.00434809
-8.36257e-07
-0.00350116
-8.38297e-07
-0.00274931
-8.14559e-07
-0.00210126
-7.87168e-07
-0.00156638
-7.61501e-07
-0.00115537
-7.26589e-07
-0.00087935
-6.31249e-07
-6.01505e-07
-0.0203616
-4.04167e-08
-3.61556e-08
-0.0199323
-1.75746e-07
-1.76039e-07
-0.0193855
-1.66892e-07
-1.66775e-07
-0.0187304
-1.44546e-07
-1.44419e-07
-0.0179768
-1.25278e-07
-1.25062e-07
-0.0171344
-1.07491e-07
-1.07235e-07
-0.0162138
-9.11912e-08
-9.09191e-08
-0.0152252
-7.57319e-08
-7.53836e-08
-0.0141796
-5.95813e-08
-5.91566e-08
-0.0130882
-4.00904e-08
-3.95632e-08
-0.0119628
-1.35448e-08
-1.28684e-08
-0.0108163
2.35387e-08
2.43396e-08
-0.00966307
7.15769e-08
7.25637e-08
-0.00851894
1.31743e-07
1.32882e-07
-0.00740099
1.93913e-07
1.95197e-07
-0.00632664
2.48213e-07
2.49683e-07
-0.00531238
2.85614e-07
2.87289e-07
-0.00437258
3.03078e-07
3.05019e-07
-0.00351898
3.04474e-07
3.06695e-07
-0.00276143
2.97268e-07
2.99889e-07
-0.0021087
2.8812e-07
2.91414e-07
-0.00157023
2.77509e-07
2.80955e-07
-0.00115682
2.5853e-07
2.6165e-07
-0.000879545
2.04525e-07
2.07022e-07
1.55963e-07
1.57499e-07
-0.0202103
6.92867e-07
-0.0197823
6.53487e-07
-0.0192381
6.29006e-07
-0.0185866
5.59867e-07
-0.0178374
4.97981e-07
-0.0170004
4.41038e-07
-0.0160859
3.88245e-07
-0.0151043
3.36596e-07
-0.0140663
2.79625e-07
-0.0129831
2.071e-07
-0.0118665
1.06242e-07
-0.0107295
-3.35503e-08
-0.00958612
-2.14996e-07
-0.00845216
-4.24639e-07
-0.00734445
-6.35644e-07
-0.00628011
-8.11954e-07
-0.00527531
-9.2631e-07
-0.00434418
-9.72828e-07
-0.00349826
-9.67511e-07
-0.00274728
-9.36334e-07
-0.00209992
-9.00905e-07
-0.00156557
-8.64828e-07
-0.00115493
-8.05272e-07
-0.000879132
-6.67611e-07
-5.43496e-07
-0.0203326
3.24231e-09
-0.0199035
-2.04147e-10
-0.0193571
1.96386e-11
-0.0187027
-2.30605e-11
-0.0179498
5.8997e-11
-0.0171084
1.18694e-10
-0.0161889
1.04757e-10
-0.0152017
1.55528e-10
-0.0141575
1.7983e-10
-0.0130676
1.68823e-10
-0.0119439
2.36576e-10
-0.0107993
3.14427e-10
-0.00964794
4.15409e-10
-0.00850579
4.81072e-10
-0.00738984
5.03396e-10
-0.00631747
4.87909e-10
-0.00530507
4.98644e-10
-0.00436698
5.75692e-10
-0.00351491
5.96254e-10
-0.00275867
6.17068e-10
-0.00210701
6.52986e-10
-0.00156937
4.99856e-10
-0.00115652
1.49586e-10
-0.000879527
8.92078e-11
1.1866e-10
-0.0203327
-6.85973e-07
-0.0199035
-6.54042e-07
-0.0193571
-6.28848e-07
-0.0187027
-5.59768e-07
-0.0179498
-4.97738e-07
-0.0171085
-4.40716e-07
-0.0161889
-3.87927e-07
-0.0152017
-3.36201e-07
-0.0141575
-2.79206e-07
-0.0130677
-2.06695e-07
-0.0119439
-1.05743e-07
-0.0107993
3.41653e-08
-0.00964795
2.15739e-07
-0.0085058
4.25437e-07
-0.00738985
6.36417e-07
-0.00631747
8.12646e-07
-0.00530508
9.26976e-07
-0.00436699
9.73566e-07
-0.00351492
9.6826e-07
-0.00275867
9.37134e-07
-0.00210701
9.01837e-07
-0.00156937
8.6564e-07
-0.00115652
8.05636e-07
-0.000879528
6.68012e-07
5.44089e-07
-0.0202103
3.61131e-08
-0.0197824
1.75975e-07
-0.0192381
1.66648e-07
-0.0185866
1.44258e-07
-0.0178374
1.24997e-07
-0.0170004
1.07197e-07
-0.0160859
9.08666e-08
-0.0151043
7.54019e-08
-0.0140663
5.92033e-08
-0.0129831
3.96186e-08
-0.0118665
1.30063e-08
-0.0107295
-2.41057e-08
-0.00958613
-7.21967e-08
-0.00845217
-1.3244e-07
-0.00734446
-1.94722e-07
-0.00628012
-2.49151e-07
-0.00527532
-2.86663e-07
-0.00434418
-3.04201e-07
-0.00349826
-3.05745e-07
-0.00274728
-2.98683e-07
-0.00209992
-2.89573e-07
-0.00156557
-2.79038e-07
-0.00115493
-2.6012e-07
-0.00087913
-2.05947e-07
-1.55404e-07
-0.0203616
-1.41423e-06
-4.0398e-08
-0.0199323
-6.71553e-07
-1.7571e-07
-0.0193855
-7.27633e-07
-1.66814e-07
-0.0187304
-6.54841e-07
-1.4442e-07
-0.0179768
-5.92752e-07
-1.25152e-07
-0.0171344
-5.35275e-07
-1.07381e-07
-0.0162138
-4.8207e-07
-9.10751e-08
-0.0152252
-4.3047e-07
-7.56049e-08
-0.0141796
-3.74805e-07
-5.94131e-08
-0.0130882
-3.05601e-07
-3.9836e-08
-0.0119628
-2.1091e-07
-1.32472e-08
-0.0108163
-7.914e-08
2.38564e-08
-0.00966307
9.32172e-08
7.19193e-08
-0.00851894
2.9215e-07
1.32106e-07
-0.00740099
4.95162e-07
1.94307e-07
-0.00632664
6.68111e-07
2.48654e-07
-0.00531238
7.84311e-07
2.86025e-07
-0.00437258
8.36683e-07
3.03338e-07
-0.00351898
8.38954e-07
3.04514e-07
-0.00276143
8.15617e-07
2.97011e-07
-0.0021087
7.88834e-07
2.87749e-07
-0.00157023
7.63964e-07
2.76378e-07
-0.00115682
7.29938e-07
2.56402e-07
-0.000879545
6.35767e-07
2.00869e-07
6.07521e-07
1.52728e-07
-0.0202316
-0.0198033
-0.0192586
-0.0186066
-0.0178567
-0.0170189
-0.0161035
-0.0151209
-0.0140818
-0.0129975
-0.0118797
-0.0107413
-0.00959658
-0.00846124
-0.00735214
-0.00628645
-0.00528038
-0.00434809
-0.00350116
-0.00274931
-0.00210126
-0.00156638
-0.00115537
-0.00087935
-0.0203326
-6.92907e-07
3.29354e-09
-0.0199035
-6.53549e-07
-1.43744e-10
-0.0193571
-6.29145e-07
1.72622e-10
-0.0187027
-5.60056e-07
2.23196e-10
-0.0179498
-4.98097e-07
2.10172e-10
-0.0171084
-4.4112e-07
2.12093e-10
-0.0161889
-3.88353e-07
2.56654e-10
-0.0152017
-3.36686e-07
2.66759e-10
-0.0141575
-2.79748e-07
3.15992e-10
-0.0130676
-2.07321e-07
4.10269e-10
-0.0119439
-1.06493e-07
4.87272e-10
-0.0107993
3.33121e-08
5.02617e-10
-0.00964794
2.14761e-07
5.78042e-10
-0.00850579
4.24366e-07
6.77154e-10
-0.00738984
6.35267e-07
8.19096e-10
-0.00631747
8.11414e-07
1.02128e-09
-0.00530507
9.25622e-07
1.22713e-09
-0.00436698
9.71997e-07
1.45877e-09
-0.00351491
9.66363e-07
1.83264e-09
-0.00275867
9.34659e-07
2.37455e-09
-0.00210701
8.98574e-07
2.99095e-09
-0.00156937
8.61077e-07
3.82562e-09
-0.00115652
7.99693e-07
4.9198e-09
-0.000879527
6.60126e-07
5.99576e-09
5.37124e-07
4.80271e-09
-0.0202103
-0.0197823
-0.0192381
-0.0185866
-0.0178374
-0.0170004
-0.0160859
-0.0151043
-0.0140663
-0.0129831
-0.0118665
-0.0107295
-0.00958612
-0.00845216
-0.00734445
-0.00628011
-0.00527531
-0.00434418
-0.00349826
-0.00274728
-0.00209992
-0.00156557
-0.00115493
-0.000879134
-0.0202103
6.85898e-07
-0.0197824
6.53925e-07
-0.0192381
6.28636e-07
-0.0185866
5.59505e-07
-0.0178374
4.97592e-07
-0.0170004
4.40612e-07
-0.0160859
3.878e-07
-0.0151043
3.36138e-07
-0.0140663
2.79145e-07
-0.0129831
2.06574e-07
-0.0118665
1.05655e-07
-0.0107295
-3.41593e-08
-0.00958613
-2.1565e-07
-0.00845217
-4.25323e-07
-0.00734446
-6.36345e-07
-0.00628012
-8.12635e-07
-0.00527532
-9.26955e-07
-0.00434418
-9.73391e-07
-0.00349826
-9.67968e-07
-0.00274728
-9.36511e-07
-0.00209992
-9.00391e-07
-0.00156557
-8.6383e-07
-0.00115493
-8.03715e-07
-0.00087913
-6.65853e-07
-5.39194e-07
-0.0203327
-0.0199035
-0.0193571
-0.0187027
-0.0179498
-0.0171085
-0.0161889
-0.0152017
-0.0141575
-0.0130677
-0.0119439
-0.0107993
-0.00964795
-0.0085058
-0.00738985
-0.00631747
-0.00530508
-0.00436699
-0.00351492
-0.00275867
-0.00210701
-0.00156937
-0.00115652
-0.000879528
)
;

boundaryField
{
    outletCentralUnloaded
    {
        type            calculated;
        value           nonuniform List<scalar> 2(0.000539041 0.000539041);
    }
    inletCentralUnloaded
    {
        type            calculated;
        value           uniform -0.000540134;
    }
    outletFuelElement
    {
        type            calculated;
        value           nonuniform List<scalar> 
12
(
0.0205725
0.0207057
0.0205517
0.0206759
0.0206759
0.0205517
0.0207057
0.0205725
0.0206759
0.0205517
0.0205517
0.0206759
)
;
    }
    inletFuelElement
    {
        type            calculated;
        value           nonuniform List<scalar> 
12
(
-0.000722059
-0.00072206
-0.000722059
-0.000722059
-0.00072206
-0.000722059
-0.00072206
-0.000722059
-0.000722059
-0.000722059
-0.000722059
-0.00072206
)
;
    }
    defaultFaces
    {
        type            calculated;
        value           nonuniform List<scalar> 
450
(
3.91798e-23
-2.30256e-23
0
2.93649e-23
-1.88416e-24
0
1.83899e-23
2.39732e-23
0
-3.99628e-23
-1.24092e-23
0
-2.34947e-23
-2.00553e-23
0
-4.03446e-23
-2.3239e-23
0
-3.40216e-23
-1.07753e-23
0
-3.07804e-23
-8.77302e-24
0
-2.05767e-23
-8.40038e-24
0
-2.08603e-23
-9.08366e-24
0
-1.37927e-23
-4.39879e-24
0
-4.54361e-24
6.0876e-26
0
6.16943e-24
5.36712e-24
0
2.02169e-23
9.72967e-24
0
3.14408e-23
1.74977e-23
0
4.96964e-23
3.66564e-24
0
4.80424e-23
-6.19619e-24
0
6.15152e-23
2.14593e-23
0
3.55591e-23
-4.88771e-23
0
-2.48962e-23
-2.33224e-23
0
-2.66839e-23
-1.21286e-23
0
3.69898e-23
-1.5119e-23
0
-3.25444e-23
1.06285e-23
0
-2.25621e-23
-3.09534e-24
0
-1.35557e-23
-1.95632e-23
0
1.40397e-23
0
1.60454e-23
0
8.0227e-24
0
1.60454e-23
0
-8.0227e-24
0
1.60454e-23
0
2.00567e-23
0
1.60454e-23
0
-2.00567e-24
0
8.0227e-24
0
3.00851e-24
0
-1.00284e-24
0
-4.01135e-24
0
-1.60454e-23
0
-8.0227e-24
0
-2.40681e-23
0
4.81362e-23
0
-1.60454e-23
0
1.60454e-23
0
-3.20908e-23
0
-4.01135e-23
0
5.61589e-23
0
0
0
-3.20908e-23
0
-8.0227e-24
0
-1.60454e-23
-8.0227e-24
-8.0227e-24
-8.0227e-24
8.0227e-24
0
-8.0227e-24
-4.01135e-24
1.2034e-23
-8.0227e-24
-2.00567e-24
5.01419e-25
0
8.0227e-24
8.0227e-24
3.20908e-23
-1.60454e-23
1.60454e-23
-1.60454e-23
0
0
-4.81362e-23
-3.20908e-23
0
0
0
0
0
0
0
0
0
0
0
0
0
0
0
0
0
0
0
0
0
0
0
0
0
0
0
-8.0227e-24
2.40681e-23
8.0227e-24
2.40681e-23
1.60454e-23
3.20908e-23
-2.00567e-23
-1.2034e-23
1.2034e-23
-1.60454e-23
-1.2034e-23
-8.0227e-24
-1.60454e-23
-8.0227e-24
-8.0227e-24
-4.01135e-24
1.60454e-23
-1.2034e-23
-6.01702e-24
-4.01135e-24
-3.50993e-24
-3.00851e-24
2.00567e-24
1.75497e-24
6.01702e-24
6.01702e-24
1.2034e-23
1.2034e-23
8.0227e-24
1.60454e-23
2.40681e-23
4.01135e-23
-1.60454e-23
4.81362e-23
3.20908e-23
1.60454e-23
-6.41816e-23
3.20908e-23
-3.20908e-23
-4.01135e-23
0
-3.20908e-23
-4.01135e-23
4.01135e-23
-2.40681e-23
-1.60454e-23
0
-1.60454e-23
-2.40681e-23
-1.60454e-23
2.75876e-23
0
-3.20908e-23
1.31169e-23
0
0
3.2624e-23
0
-6.41816e-23
-6.20699e-23
0
8.0227e-24
1.98975e-23
0
0
-4.6363e-23
0
8.0227e-24
-3.45352e-23
0
8.0227e-24
-4.37446e-23
0
8.0227e-24
-2.07084e-23
0
-2.40681e-23
-3.03302e-23
0
8.0227e-24
-1.54615e-23
0
8.0227e-24
-6.44987e-24
0
0
7.87027e-24
-0
0
2.47057e-23
-0
-4.01135e-24
4.01771e-23
-0
-8.0227e-24
6.52903e-23
-0
0
5.30573e-23
-0
0
6.41313e-23
-0
-3.20908e-23
2.21253e-23
-0
-1.60454e-23
-3.07723e-23
-0
1.60454e-23
-5.96815e-24
-0
0
3.06866e-23
-0
3.20908e-23
-1.12633e-23
-0
0
-4.81401e-24
-0
8.0227e-24
-2.01277e-23
-0
8.0227e-24
-1.60454e-23
-1.60454e-23
1.60454e-23
-8.0227e-24
1.60454e-23
0
0
0
4.01135e-24
-8.0227e-24
0
5.01419e-25
0
8.0227e-24
0
1.60454e-23
-3.20908e-23
1.60454e-23
-3.20908e-23
1.60454e-23
1.60454e-23
-3.20908e-23
-1.60454e-23
0
0
2.00567e-23
0
1.60454e-23
0
0
0
2.00567e-23
0
-1.60454e-23
0
8.0227e-24
0
1.60454e-23
0
8.0227e-24
0
0
0
6.01702e-24
0
4.01135e-24
0
-1.00284e-24
0
-6.01702e-24
-0
-1.2034e-23
-0
-8.0227e-24
-0
-4.01135e-23
-0
4.01135e-23
-0
-3.20908e-23
-0
3.20908e-23
-0
-4.81362e-23
-0
-4.01135e-23
-0
4.81362e-23
-0
8.0227e-24
-0
-2.40681e-23
-0
-1.60454e-23
-0
-1.80511e-23
8.0227e-24
-1.60454e-23
2.40681e-23
-1.60454e-23
1.60454e-23
-8.0227e-24
-4.41248e-23
4.01135e-24
1.60454e-23
-8.0227e-24
-3.61021e-23
-1.2034e-23
-2.40681e-23
-8.0227e-24
-2.40681e-23
4.01135e-24
-1.2034e-23
-4.01135e-24
-1.40397e-23
-3.00851e-24
-6.01702e-24
1.00284e-24
4.38741e-24
4.01135e-24
1.80511e-23
8.0227e-24
3.61021e-23
1.60454e-23
6.01702e-23
1.60454e-23
7.22043e-23
0
4.81362e-23
1.60454e-23
9.62724e-23
1.60454e-23
5.61589e-23
1.60454e-23
-4.81362e-23
0
-4.01135e-23
0
4.01135e-23
1.60454e-23
-2.40681e-23
8.0227e-24
-2.00567e-23
0
-1.2034e-23
-0
-0
-0
-0
-0
-0
-0
-0
-0
-0
-0
0
0
0
0
0
0
0
0
0
0
0
0
0
0
)
;
    }
    baffle_master
    {
        type            calculated;
        value           nonuniform List<scalar> 
150
(
1.59537e-30
0
2.86167e-30
8.57419e-31
0
2.86167e-30
-1.25223e-30
0
2.86167e-30
1.0743e-30
0
0
-2.70447e-30
0
-1.43084e-30
-1.56e-31
0
3.57709e-31
-1.1021e-30
0
0
5.48986e-32
0
0
-2.25309e-30
0
0
2.13029e-30
0
-5.72334e-30
-4.95452e-31
0
-5.72334e-30
-3.66904e-30
0
0
-9.44357e-31
0
0
-2.43927e-32
0
-2.86167e-30
-1.48522e-31
0
0
6.03923e-32
0
0
1.58825e-29
0
2.86167e-30
-2.15381e-31
0
5.72334e-30
1.76607e-29
0
1.717e-29
-6.46535e-31
0
5.72334e-30
3.5284e-31
0
5.72334e-30
-1.63557e-29
0
-1.717e-29
6.51109e-31
0
2.86167e-30
2.21958e-32
0
1.78854e-31
6.26406e-30
0
-1.14467e-29
2.86167e-30
-7.05329e-30
0
0
-5.199e-30
0
2.86167e-30
-6.15998e-30
0
1.43084e-30
-4.03214e-30
0
-7.15418e-31
1.33587e-30
0
-3.57709e-31
5.66197e-31
-0
0
2.50572e-30
-0
0
4.61274e-30
-0
5.72334e-30
9.72406e-30
-0
0
1.1883e-29
-0
-5.72334e-30
6.1459e-30
-0
-5.72334e-30
7.53918e-30
-0
0
8.41894e-30
-0
-2.86167e-30
6.08055e-30
-0
-3.57709e-31
1.65709e-30
-0
0
-1.67271e-30
0
-5.72334e-30
-7.53135e-30
0
0
-7.05621e-30
0
-1.14467e-29
5.91871e-30
0
1.14467e-29
1.01483e-29
0
5.72334e-30
7.78643e-30
0
-1.717e-29
2.06725e-29
0
-8.58502e-30
-9.10354e-30
0
0
2.61489e-31
0
0
-1.35374e-29
-0
)
;
    }
    baffle_slave
    {
        type            calculated;
        value           nonuniform List<scalar> 
150
(
6.26773e-25
-0
0
3.50993e-24
-0
8.0227e-24
-2.77739e-24
-0
8.0227e-24
-2.71471e-24
-0
8.0227e-24
-3.08372e-23
-0
-1.60454e-23
2.04485e-24
-0
0
-4.63029e-24
-0
8.0227e-24
5.2649e-24
-0
-4.01135e-24
1.97434e-24
-0
4.01135e-24
-1.77063e-24
-0
4.01135e-24
-7.83467e-26
-0
-2.00567e-24
-2.82048e-25
0
-5.01419e-25
1.56693e-25
0
4.01135e-24
-1.06551e-24
0
-8.0227e-24
-4.07403e-25
0
0
6.26773e-25
0
0
-4.56291e-23
0
-6.41816e-23
-9.4016e-25
0
1.60454e-23
-3.61021e-23
0
-3.20908e-23
-7.89734e-24
0
0
-8.39876e-24
0
-1.60454e-23
3.13387e-23
0
1.60454e-23
-4.76348e-24
0
0
-4.38741e-24
0
-8.0227e-24
0
0
0
-7.35669e-24
6.28027e-23
0
-3.18004e-24
1.01459e-23
0
8.1129e-25
2.45695e-23
0
-9.443e-24
1.8811e-23
0
2.24973e-24
-2.76642e-23
0
-1.20425e-23
1.09215e-23
0
-5.64151e-25
6.40092e-24
0
-1.30635e-23
1.1987e-23
0
7.80569e-24
1.41102e-23
0
-1.2456e-24
8.39876e-24
0
5.89938e-25
5.43726e-24
0
5.37449e-25
4.7243e-24
0
4.73516e-24
-4.85749e-25
0
7.79752e-24
-6.45577e-24
0
1.49838e-23
-1.15483e-23
0
1.72232e-23
-1.01381e-23
0
-2.99861e-23
-1.74556e-23
0
-2.82513e-24
-2.24698e-23
0
-1.91538e-23
2.63245e-24
0
-1.23588e-23
1.53559e-23
0
4.29633e-24
1.46665e-23
0
-3.26245e-23
2.90823e-23
0
-4.75274e-23
-1.93046e-23
0
3.93801e-24
6.26773e-24
0
1.3473e-23
1.45411e-23
0
)
;
    }
}


// ************************************************************************* //
