/*--------------------------------*- C++ -*----------------------------------*\
| =========                 |                                                 |
| \\      /  F ield         | OpenFOAM: The Open Source CFD Toolbox           |
|  \\    /   O peration     | Version:  2212                                  |
|   \\  /    A nd           | Website:  www.openfoam.com                      |
|    \\/     M anipulation  |                                                 |
\*---------------------------------------------------------------------------*/
FoamFile
{
    version     2.0;
    format      ascii;
    arch        "LSB;label=32;scalar=64";
    class       surfaceScalarField;
    location    "22/fluidRegion";
    object      alphaRhoPhi;
}
// * * * * * * * * * * * * * * * * * * * * * * * * * * * * * * * * * * * * * //

dimensions      [1 0 -1 0 0 0 0];

oriented        oriented;

internalField   nonuniform List<scalar> 
661
(
-0.00584665
1.70207e-15
-0.00584665
3.54494e-15
-0.00584665
1.50943e-15
-0.00584665
2.09673e-15
-0.00584665
4.7283e-16
-0.00584665
-5.84341e-17
-0.00584665
-1.73993e-16
-0.00584665
2.31106e-15
-0.00584665
3.5318e-15
-0.00584665
3.14897e-15
-0.00584665
3.42975e-15
-0.00584665
1.98561e-15
-0.00584665
-1.00723e-15
-0.00584665
1.44831e-15
-0.00584665
4.10902e-16
-0.00584665
1.43791e-15
-0.00584665
-4.85467e-16
-0.00584665
2.85334e-16
-0.00584665
8.88474e-16
-0.00584665
-1.77734e-16
-0.00584665
1.07164e-15
-0.00584665
4.21107e-15
-0.00584665
3.93312e-15
-0.00584665
-3.3318e-15
-1.868e-14
-0.00584665
-0.00584665
-0.00584665
-0.00584665
-0.00584665
-0.00584665
-0.00584665
-0.00584665
-0.00584665
-0.00584665
-0.00584665
-0.00584665
-0.00584665
-0.00584665
-0.00584665
-0.00584665
-0.00584665
-0.00584665
-0.00584665
-0.00584665
-0.00584665
-0.00584665
-0.00584665
-0.00584665
-0.00919062
5.75944e-07
-0.00919087
3.46401e-07
-0.00919118
3.95448e-07
-0.00919147
3.64334e-07
-0.00919173
3.39527e-07
-0.00919198
3.16128e-07
-0.00919221
2.93163e-07
-0.00919242
2.67497e-07
-0.0091926
2.34201e-07
-0.00919275
1.84802e-07
-0.00919284
1.08689e-07
-0.00919284
-9.2945e-09
-0.0091927
-1.74665e-07
-0.00919237
-3.94612e-07
-0.00919181
-6.6173e-07
-0.00919098
-9.60308e-07
-0.00918985
-1.27327e-06
-0.00918841
-1.59572e-06
-0.00918664
-1.94574e-06
-0.00918446
-2.36928e-06
-0.00918172
-2.93641e-06
-0.00917823
-3.70312e-06
-0.00917381
-4.64161e-06
-0.00916874
-5.30396e-06
-6.10625e-06
-0.00911214
-3.17527e-08
-3.13439e-08
-0.00911163
-1.00672e-07
-1.02211e-07
-0.00911108
-9.46609e-08
-9.44166e-08
-0.00911058
-8.45927e-08
-8.319e-08
-0.00911012
-7.60783e-08
-7.37451e-08
-0.0091097
-6.79206e-08
-6.54007e-08
-0.00910932
-5.96708e-08
-5.70706e-08
-0.00910898
-5.06922e-08
-4.8237e-08
-0.0091087
-3.9307e-08
-3.69121e-08
-0.00910849
-2.33588e-08
-2.11551e-08
-0.0091084
1.34623e-09
3.39254e-09
-0.00910849
3.6392e-08
3.82669e-08
-0.00910885
8.97253e-08
9.14284e-08
-0.00910955
1.60627e-07
1.61957e-07
-0.0091107
2.48762e-07
2.4966e-07
-0.00911233
3.49585e-07
3.49799e-07
-0.00911449
4.58304e-07
4.57668e-07
-0.00911721
5.73515e-07
5.71744e-07
-0.00912053
7.0191e-07
6.98698e-07
-0.00912459
8.59117e-07
8.54119e-07
-0.00912965
1.06834e-06
1.06152e-06
-0.00913603
1.34194e-06
1.33258e-06
-0.00914396
1.64346e-06
1.63029e-06
-0.0091527
1.70929e-06
1.69095e-06
1.64129e-06
1.61835e-06
-0.00920353
3.25003e-07
-0.00920392
3.62708e-07
-0.00920431
3.56859e-07
-0.00920466
3.25106e-07
-0.00920498
2.97239e-07
-0.00920527
2.71159e-07
-0.00920553
2.44823e-07
-0.00920576
2.15063e-07
-0.00920595
1.75762e-07
-0.00920608
1.18084e-07
-0.00920611
2.98672e-08
-0.009206
-1.02096e-07
-0.00920568
-2.87753e-07
-0.00920508
-5.31429e-07
-0.00920412
-8.25278e-07
-0.00920277
-1.152e-06
-0.00920097
-1.49467e-06
-0.00919873
-1.8497e-06
-0.00919597
-2.23936e-06
-0.00919259
-2.7141e-06
-0.00918838
-3.34569e-06
-0.00918307
-4.18267e-06
-0.00917652
-5.11895e-06
-0.00916944
-5.56698e-06
-5.60853e-06
-0.00912974
1.13736e-09
-0.00912942
-1.59852e-10
-0.0091291
8.05733e-11
-0.00912882
3.42151e-11
-0.00912856
5.46507e-11
-0.00912832
6.48002e-11
-0.00912811
4.91659e-11
-0.00912792
7.84501e-11
-0.00912777
9.4089e-11
-0.00912768
8.66931e-11
-0.00912766
1.37488e-10
-0.00912776
1.80675e-10
-0.00912803
2.62105e-10
-0.00912854
3.28929e-10
-0.00912932
3.45867e-10
-0.00913042
3.27686e-10
-0.00913186
3.30935e-10
-0.00913365
4.81575e-10
-0.00913583
5.74032e-10
-0.00913849
7.28731e-10
-0.00914179
1.00398e-09
-0.00914593
7.72557e-10
-0.00915105
5.51056e-11
-0.00915664
-1.07019e-09
-4.58872e-09
-0.00912975
-3.22625e-07
-0.00912943
-3.63057e-07
-0.00912911
-3.56587e-07
-0.00912883
-3.24935e-07
-0.00912857
-2.97059e-07
-0.00912833
-2.70995e-07
-0.00912812
-2.4468e-07
-0.00912793
-2.14871e-07
-0.00912779
-1.75542e-07
-0.00912769
-1.17851e-07
-0.00912767
-2.95311e-08
-0.00912777
1.02524e-07
-0.00912805
2.88329e-07
-0.00912855
5.32123e-07
-0.00912933
8.25995e-07
-0.00913043
1.1527e-06
-0.00913187
1.4954e-06
-0.00913366
1.85069e-06
-0.00913584
2.24051e-06
-0.0091385
2.71554e-06
-0.0091418
3.34756e-06
-0.00914594
4.18425e-06
-0.00915106
5.11919e-06
-0.00915665
5.56493e-06
5.59951e-06
-0.00920353
2.96965e-08
-0.00920393
1.00213e-07
-0.00920431
9.46091e-08
-0.00920466
8.50006e-08
-0.00920498
7.69816e-08
-0.00920527
6.87358e-08
-0.00920553
6.06317e-08
-0.00920576
5.14271e-08
-0.00920595
4.01179e-08
-0.00920608
2.3878e-08
-0.00920611
-7.57574e-10
-0.009206
-3.61118e-08
-0.00920568
-8.94041e-08
-0.00920508
-1.60623e-07
-0.00920412
-2.48906e-07
-0.00920276
-3.50233e-07
-0.00920097
-4.59289e-07
-0.00919872
-5.75103e-07
-0.00919596
-7.04119e-07
-0.00919258
-8.62347e-07
-0.00918837
-1.07246e-06
-0.00918306
-1.34743e-06
-0.0091765
-1.65016e-06
-0.00916943
-1.71607e-06
-1.6444e-06
-0.00911214
-5.76962e-07
-3.26217e-08
-0.00911163
-3.47434e-07
-1.01708e-07
-0.00911108
-3.95011e-07
-9.47033e-08
-0.00911058
-3.63176e-07
-8.35966e-08
-0.00911012
-3.37632e-07
-7.43367e-08
-0.0091097
-3.14399e-07
-6.59568e-08
-0.00910932
-2.91233e-07
-5.76578e-08
-0.00910898
-2.65906e-07
-4.8786e-08
-0.0091087
-2.32502e-07
-3.74916e-08
-0.00910849
-1.83491e-07
-2.16673e-08
-0.0091084
-1.07276e-07
2.8105e-09
-0.00910849
1.03068e-08
3.77135e-08
-0.00910885
1.75731e-07
9.07921e-08
-0.00910955
3.95212e-07
1.61353e-07
-0.0091107
6.62107e-07
2.49097e-07
-0.00911233
9.5995e-07
3.49402e-07
-0.00911449
1.2724e-06
4.57399e-07
-0.00911721
1.59396e-06
5.71555e-07
-0.00912053
1.94311e-06
6.98652e-07
-0.00912459
2.36531e-06
8.54261e-07
-0.00912965
2.93129e-06
1.06172e-06
-0.00913603
3.69613e-06
1.33336e-06
-0.00914396
4.63236e-06
1.63241e-06
-0.0091527
5.29257e-06
1.69488e-06
6.09417e-06
1.6269e-06
-0.00919062
-0.00919087
-0.00919118
-0.00919147
-0.00919173
-0.00919198
-0.00919221
-0.00919242
-0.0091926
-0.00919275
-0.00919284
-0.00919284
-0.0091927
-0.00919237
-0.00919181
-0.00919098
-0.00918985
-0.00918841
-0.00918664
-0.00918446
-0.00918172
-0.00917823
-0.00917381
-0.00916874
-0.00912974
-3.25139e-07
1.17829e-09
-0.00912942
-3.62695e-07
-3.11706e-10
-0.0091291
-3.56691e-07
1.01439e-10
-0.00912882
-3.24938e-07
3.28805e-11
-0.00912856
-2.9696e-07
4.8588e-11
-0.00912832
-2.70984e-07
-1.17847e-12
-0.00912811
-2.44592e-07
5.48607e-11
-0.00912792
-2.14936e-07
3.84367e-11
-0.00912777
-1.75575e-07
8.61432e-11
-0.00912768
-1.18049e-07
1.3535e-10
-0.00912766
-2.9744e-08
1.68361e-10
-0.00912776
1.02079e-07
2.2369e-10
-0.00912803
2.87842e-07
2.55377e-10
-0.00912854
5.31409e-07
2.65757e-10
-0.00912932
8.2521e-07
3.84589e-10
-0.00913042
1.15167e-06
4.85887e-10
-0.00913186
1.49425e-06
6.21602e-10
-0.00913365
1.84918e-06
6.26139e-10
-0.00913583
2.23877e-06
7.76331e-10
-0.00913849
2.71335e-06
9.35365e-10
-0.00914179
3.34491e-06
1.08519e-09
-0.00914593
4.18129e-06
1.42594e-09
-0.00915105
5.117e-06
1.45861e-09
-0.00915664
5.56521e-06
2.77938e-10
5.60733e-06
-3.44441e-09
-0.00920353
-0.00920392
-0.00920431
-0.00920466
-0.00920498
-0.00920527
-0.00920553
-0.00920576
-0.00920595
-0.00920608
-0.00920611
-0.009206
-0.00920568
-0.00920508
-0.00920413
-0.00920277
-0.00920098
-0.00919873
-0.00919597
-0.00919259
-0.00918838
-0.00918307
-0.00917652
-0.00916944
-0.00920353
3.2134e-07
-0.00920393
3.61681e-07
-0.00920431
3.56925e-07
-0.00920466
3.26232e-07
-0.00920498
2.99406e-07
-0.00920527
2.73164e-07
-0.00920553
2.47127e-07
-0.00920576
2.16879e-07
-0.00920595
1.77718e-07
-0.00920608
1.19483e-07
-0.00920611
3.1328e-08
-0.009206
-1.01225e-07
-0.00920568
-2.86933e-07
-0.00920508
-5.31353e-07
-0.00920412
-8.2549e-07
-0.00920276
-1.15324e-06
-0.00920097
-1.49662e-06
-0.00919872
-1.85315e-06
-0.00919596
-2.24421e-06
-0.00919258
-2.7212e-06
-0.00918837
-3.35485e-06
-0.00918306
-4.19456e-06
-0.0091765
-5.13314e-06
-0.00916943
-5.58244e-06
-5.61727e-06
-0.00912975
-0.00912943
-0.00912911
-0.00912883
-0.00912857
-0.00912833
-0.00912812
-0.00912793
-0.00912779
-0.00912769
-0.00912767
-0.00912777
-0.00912805
-0.00912855
-0.00912933
-0.00913043
-0.00913187
-0.00913366
-0.00913584
-0.0091385
-0.0091418
-0.00914595
-0.00915106
-0.00915665
)
;

boundaryField
{
    outletCentralUnloaded
    {
        type            calculated;
        value           nonuniform List<scalar> 2(0.00584665 0.00584665);
    }
    inletCentralUnloaded
    {
        type            calculated;
        value           uniform -0.00587368;
    }
    outletFuelElement
    {
        type            calculated;
        value           nonuniform List<scalar> 
12
(
0.00919012
0.00911275
0.00920324
0.00913002
0.00913003
0.00920325
0.00911275
0.00919012
0.00913002
0.00920325
0.00920325
0.00913004
)
;
    }
    inletFuelElement
    {
        type            calculated;
        value           nonuniform List<scalar> 
12
(
-0.00935153
-0.00935153
-0.00935152
-0.00935152
-0.00935153
-0.00935153
-0.00935153
-0.00935153
-0.00935152
-0.00935152
-0.00935153
-0.00935153
)
;
    }
    defaultFaces
    {
        type            calculated;
        value           nonuniform List<scalar> 
450
(
8.13024e-24
-6.99785e-24
0
8.7624e-24
3.12176e-24
0
9.39849e-24
-5.86065e-24
0
-2.50467e-23
-1.03907e-23
0
-1.41471e-23
-2.35443e-23
0
-2.12687e-23
-9.78613e-24
0
-2.03795e-23
-7.15292e-24
0
-1.6672e-23
-6.87927e-24
0
-1.35369e-23
-6.1568e-24
0
-1.01263e-23
-6.25382e-24
0
-6.37207e-24
-2.99424e-24
0
6.10984e-25
1.95246e-25
0
1.18102e-23
2.13517e-24
0
3.01581e-23
1.90455e-23
0
4.96681e-23
1.76366e-23
0
6.44456e-23
1.17893e-23
0
8.54158e-23
-2.62537e-23
0
9.53406e-23
3.5657e-23
0
9.14754e-23
-1.20173e-22
0
-1.4946e-22
-7.77572e-23
0
-1.05919e-22
-3.68257e-23
0
1.971e-22
-1.02216e-22
0
-9.93463e-23
8.76194e-24
0
-2.66389e-22
-9.78671e-23
0
-1.07664e-22
-8.84339e-23
0
1.42934e-23
0
2.06974e-23
0
-4.22495e-24
0
1.30259e-23
0
-2.24665e-24
0
9.36599e-24
0
7.3749e-24
0
7.80242e-24
0
-5.54808e-24
0
2.23854e-24
0
7.09145e-25
0
-3.5574e-24
0
-1.18435e-23
0
-1.77414e-23
0
-2.02026e-23
0
-3.502e-23
0
8.22597e-23
0
-3.27843e-23
0
3.99859e-23
0
-1.24662e-22
0
-1.27422e-22
0
2.50265e-22
0
-5.56508e-23
0
-1.48201e-22
0
-3.74728e-22
0
-1.20845e-23
-8.16477e-24
-8.3321e-24
-8.56167e-24
0
4.61592e-24
-9.6913e-24
-2.56303e-24
8.20059e-24
-1.47047e-24
-3.99273e-25
1.75261e-24
3.89026e-24
8.7429e-24
9.95866e-24
2.30268e-23
-8.11794e-23
6.47548e-23
-7.90506e-23
4.93449e-23
0
-1.65611e-22
-1.10709e-22
0
0
0
0
0
0
0
0
0
0
0
0
0
0
0
0
0
0
0
0
0
0
0
0
0
0
0
-6.12574e-24
8.16765e-24
0
8.27894e-24
1.68998e-23
2.11247e-23
-8.68392e-24
-8.68392e-24
1.12333e-23
-6.73995e-24
-4.68299e-24
-7.02449e-24
-9.83319e-24
-4.91659e-24
-5.20161e-24
-2.6008e-24
1.24832e-23
-4.16106e-24
-3.73089e-24
-2.98471e-24
-7.34471e-25
0
1.7787e-24
3.5574e-24
7.89566e-24
3.94783e-24
1.77414e-23
1.77414e-23
1.01013e-23
3.53545e-23
3.502e-23
4.66933e-23
-5.48397e-23
8.22596e-23
6.55684e-23
6.55684e-23
-1.3995e-22
1.19957e-22
-9.97291e-23
-1.24661e-22
0
-1.27421e-22
-1.66843e-22
2.08554e-22
-5.56508e-23
-1.11302e-22
0
-1.85251e-22
-2.34205e-22
-1.87364e-22
5.72821e-24
0
0
3.07097e-24
0
0
1.02837e-23
0
-3.37172e-23
-3.86604e-23
0
0
9.72835e-24
0
0
-2.50973e-23
0
9.34272e-24
-2.36168e-23
0
9.80865e-24
-2.59754e-23
0
5.18858e-24
-1.34421e-23
0
-5.53415e-24
-1.81594e-23
0
5.95443e-24
-1.00956e-23
0
0
9.01871e-25
-0
0
1.36201e-23
-0
-3.93807e-24
3.51641e-23
-0
0
6.00028e-23
-0
-1.00773e-23
8.33345e-23
-0
-2.32931e-23
7.82941e-23
-0
0
1.3066e-22
-0
0
9.94288e-23
-0
-7.98202e-23
-4.86973e-23
-0
0
2.59686e-24
-0
6.36171e-23
1.85019e-22
-0
8.33225e-23
-1.01943e-22
-0
0
-1.25128e-22
-0
0
-2.04368e-22
-0
9.36683e-23
-8.05634e-24
0
0
-4.28084e-24
4.42947e-24
-4.61592e-24
0
-5.12606e-24
-2.73353e-24
-1.47047e-24
0
3.50521e-24
3.89026e-24
8.7429e-24
0
0
-5.41196e-23
3.23774e-23
-1.18576e-22
-4.93449e-23
6.31329e-23
-8.28054e-23
-1.10709e-22
0
-9.3602e-23
1.12305e-23
0
8.27895e-24
0
4.22495e-24
0
8.68393e-24
0
-6.73996e-24
0
4.683e-24
0
7.3749e-24
0
5.20161e-24
0
-2.77404e-24
0
2.98471e-24
0
1.01306e-24
0
-1.7787e-24
-0
-7.89566e-24
-0
-2.66121e-23
-0
-3.03039e-23
-0
-2.33467e-23
-0
6.85498e-23
-0
-8.19607e-23
-0
1.19958e-22
-0
-9.97293e-23
-0
-1.59277e-22
-0
2.50265e-22
-0
5.56508e-23
-0
-2.96401e-22
-0
-1.87364e-22
-0
-5.10478e-24
4.08382e-24
-8.27894e-24
8.27894e-24
-4.22495e-24
1.68998e-23
-8.68392e-24
-2.60518e-23
2.24665e-24
8.9866e-24
-4.68299e-24
-2.3415e-23
-9.83319e-24
-1.72081e-23
-2.6008e-24
-1.56048e-23
1.38702e-24
-8.32212e-24
-3.73089e-24
-7.46178e-24
-1.11437e-24
-8.10451e-25
1.7787e-24
9.78284e-24
3.94783e-24
2.17131e-23
8.8707e-24
4.43535e-23
2.02026e-23
7.07089e-23
2.33466e-23
8.17132e-23
0
8.22596e-23
4.91763e-23
1.47529e-22
0
1.19957e-22
0
-9.97291e-23
-3.18554e-23
-9.55661e-23
4.17108e-23
2.50265e-22
1.66952e-22
-1.11302e-22
7.41002e-23
-1.482e-22
0
-2.34205e-22
-0
-0
-0
-0
-0
-0
-0
-0
-0
-0
-0
0
0
0
0
0
0
0
0
0
0
0
0
0
0
)
;
    }
    baffle_master
    {
        type            calculated;
        value           nonuniform List<scalar> 
150
(
-2.37334e-33
0
3.03299e-32
4.85202e-32
0
-1.2133e-31
1.28439e-32
0
-3.03349e-32
-1.67512e-32
0
0
2.76788e-32
0
7.58498e-33
3.57261e-35
0
9.482e-34
-8.64196e-35
0
0
6.524e-33
0
3.03474e-32
-3.86686e-32
0
6.06998e-32
1.20641e-32
0
0
3.89161e-32
0
0
-2.6096e-32
0
3.03574e-32
7.76352e-33
0
1.51799e-32
2.66029e-33
0
3.03624e-32
-7.3546e-33
0
0
-1.76007e-32
0
0
5.32055e-32
0
2.27774e-32
1.02852e-33
0
0
-4.68057e-32
0
-4.55623e-32
-1.27077e-34
0
0
9.51666e-33
0
-1.51899e-32
3.20173e-31
0
1.82294e-31
3.57464e-34
0
-6.07698e-32
1.73952e-32
0
0
4.09003e-32
0
4.86237e-31
-3.03299e-32
6.94567e-32
-0
0
6.82553e-32
-0
0
5.26417e-32
-0
-6.06748e-32
7.7947e-32
-0
0
-8.57754e-33
-0
9.482e-34
-2.68163e-33
0
3.79311e-33
-2.93374e-33
0
0
8.25959e-32
-0
6.06998e-32
1.27438e-31
-0
0
1.40054e-31
-0
-6.07098e-32
1.1163e-31
-0
-3.03574e-32
5.53637e-32
-0
0
-3.63192e-32
0
0
6.49278e-32
-0
-7.59122e-33
1.18539e-32
-0
0
3.18576e-32
-0
-2.27774e-32
-1.45473e-32
0
-7.5931e-33
1.18494e-32
-0
0
3.30001e-33
-0
3.79717e-33
4.85771e-33
0
-1.51899e-32
-3.33541e-32
-0
1.2153e-31
-2.29923e-31
-0
1.2154e-31
1.38468e-31
-0
6.07747e-32
9.752e-32
0
2.43119e-31
5.3286e-31
0
)
;
    }
    baffle_slave
    {
        type            calculated;
        value           nonuniform List<scalar> 
150
(
4.3758e-24
-0
0
-2.35233e-24
-0
0
2.48152e-24
-0
8.3321e-24
4.86625e-24
-0
-4.28084e-24
-1.48981e-23
-0
-1.32884e-23
-1.58121e-24
-0
-4.61592e-24
8.29921e-25
-0
4.84565e-24
-6.38486e-25
-0
0
-1.87258e-24
-0
2.73353e-24
9.1574e-25
-0
1.47047e-24
5.96745e-25
-0
-3.99273e-25
0
0
0
-7.87357e-25
0
0
4.76418e-25
0
0
-2.48092e-24
0
9.95866e-24
5.92753e-24
0
-2.30268e-23
-7.70938e-23
0
-8.11794e-23
-1.17255e-23
0
-3.23774e-23
-8.03614e-23
0
-7.90506e-23
2.0955e-23
0
0
-7.13541e-24
0
0
1.65624e-22
0
1.65611e-22
3.62775e-23
0
1.10709e-22
-4.614e-24
0
-7.38796e-23
6.72622e-23
0
-9.3602e-23
-8.14643e-24
2.3463e-23
0
-6.3205e-24
1.13802e-23
0
-1.78218e-24
8.64072e-24
0
-9.30187e-24
7.666e-24
0
-2.59253e-24
-1.53119e-23
0
-3.55429e-24
9.91848e-24
0
-1.04302e-24
6.94116e-24
0
-1.84691e-24
7.34259e-24
0
5.02677e-24
5.53263e-24
0
-1.87725e-24
5.12814e-24
0
1.08195e-25
3.67993e-24
0
-7.30763e-26
8.18561e-25
0
7.08444e-24
-3.45226e-24
0
-9.45617e-24
-7.89493e-24
0
-4.76221e-24
-1.48661e-23
0
2.16967e-23
-2.78785e-23
0
-4.90238e-23
-2.74977e-23
0
2.31421e-23
-3.37897e-23
0
-6.17479e-23
4.61847e-24
0
5.50697e-23
4.38325e-23
0
-1.41589e-23
5.31465e-23
0
-2.24664e-22
1.64655e-22
0
-2.60132e-23
-1.09696e-22
0
-4.15171e-23
5.88285e-23
0
-7.85596e-23
1.55727e-22
0
)
;
    }
}


// ************************************************************************* //
