/*--------------------------------*- C++ -*----------------------------------*\
| =========                 |                                                 |
| \\      /  F ield         | OpenFOAM: The Open Source CFD Toolbox           |
|  \\    /   O peration     | Version:  2212                                  |
|   \\  /    A nd           | Website:  www.openfoam.com                      |
|    \\/     M anipulation  |                                                 |
\*---------------------------------------------------------------------------*/
FoamFile
{
    version     2.0;
    format      ascii;
    arch        "LSB;label=32;scalar=64";
    class       volScalarField;
    location    "22/fluidRegion";
    object      alphaRhoMagU;
}
// * * * * * * * * * * * * * * * * * * * * * * * * * * * * * * * * * * * * * //

dimensions      [1 -2 -1 0 0 0 0];

internalField   nonuniform List<scalar> 
350
(
36.8125
36.8125
36.8125
36.8125
36.8125
36.8125
36.8125
36.8125
36.8125
36.8125
36.8125
36.8125
36.8125
36.8125
36.8125
36.8125
36.8125
36.8125
36.8126
36.8126
36.8126
36.8126
36.8127
36.8128
36.8985
36.8125
36.8125
36.8125
36.8125
36.8125
36.8125
36.8125
36.8125
36.8125
36.8125
36.8125
36.8125
36.8125
36.8125
36.8125
36.8125
36.8125
36.8125
36.8126
36.8126
36.8126
36.8126
36.8127
36.8128
36.8985
57.8625
57.7684
57.7705
57.7715
57.7711
57.7693
57.7658
57.7606
57.7534
57.7441
57.7327
57.7191
57.7033
57.6853
57.6644
57.6397
57.6096
57.573
57.5305
57.4898
57.4722
57.5358
57.8063
58.4847
58.7796
57.3747
57.2725
57.2695
57.2654
57.2603
57.2541
57.2467
57.2378
57.2274
57.2155
57.2023
57.1882
57.1739
57.1603
57.1477
57.1359
57.1236
57.11
57.0958
57.0893
57.1136
57.23
57.5693
58.336
58.7319
57.9442
57.85
57.8528
57.8543
57.8543
57.8527
57.8495
57.8444
57.8373
57.828
57.8164
57.8023
57.7857
57.7662
57.7433
57.7158
57.682
57.6409
57.5928
57.5455
57.5198
57.5734
57.8316
58.496
58.7812
57.4838
57.3838
57.3822
57.3794
57.3756
57.3706
57.3643
57.3564
57.347
57.3359
57.3232
57.3094
57.295
57.2806
57.2663
57.2517
57.2355
57.2168
57.1963
57.1822
57.1971
57.3015
57.6252
58.3718
58.7437
57.4838
57.3838
57.3822
57.3794
57.3756
57.3706
57.3643
57.3564
57.347
57.3359
57.3232
57.3094
57.295
57.2806
57.2663
57.2517
57.2355
57.2168
57.1963
57.1822
57.1971
57.3015
57.6252
58.3718
58.7437
57.9442
57.85
57.8528
57.8543
57.8543
57.8527
57.8495
57.8444
57.8373
57.828
57.8164
57.8023
57.7857
57.7662
57.7433
57.7157
57.6819
57.6408
57.5928
57.5454
57.5197
57.5733
57.8315
58.4958
58.7811
57.3747
57.2725
57.2695
57.2654
57.2603
57.2541
57.2467
57.2378
57.2274
57.2155
57.2023
57.1882
57.1739
57.1603
57.1477
57.1358
57.1236
57.11
57.0958
57.0893
57.1136
57.23
57.5693
58.336
58.7319
57.8625
57.7684
57.7705
57.7715
57.7711
57.7693
57.7658
57.7606
57.7534
57.7441
57.7327
57.7191
57.7033
57.6853
57.6644
57.6397
57.6096
57.573
57.5305
57.4898
57.4722
57.5357
57.8063
58.4847
58.7796
57.4838
57.3838
57.3822
57.3794
57.3756
57.3706
57.3643
57.3564
57.347
57.3359
57.3232
57.3094
57.295
57.2806
57.2663
57.2517
57.2355
57.2168
57.1963
57.1822
57.1971
57.3015
57.6252
58.3718
58.7437
57.9442
57.85
57.8528
57.8543
57.8543
57.8527
57.8495
57.8444
57.8373
57.828
57.8164
57.8023
57.7857
57.7662
57.7433
57.7158
57.682
57.6409
57.5928
57.5455
57.5198
57.5734
57.8316
58.496
58.7812
57.9442
57.85
57.8528
57.8543
57.8543
57.8527
57.8495
57.8444
57.8373
57.828
57.8164
57.8023
57.7857
57.7662
57.7433
57.7157
57.682
57.6408
57.5928
57.5454
57.5197
57.5733
57.8315
58.4958
58.7811
57.4838
57.3838
57.3822
57.3795
57.3756
57.3706
57.3643
57.3564
57.347
57.3359
57.3232
57.3094
57.295
57.2806
57.2663
57.2517
57.2355
57.2168
57.1963
57.1822
57.1971
57.3015
57.6252
58.3718
58.7437
)
;

boundaryField
{
    outletCentralUnloaded
    {
        type            calculated;
        value           nonuniform List<scalar> 2(36.811 36.811);
    }
    inletCentralUnloaded
    {
        type            calculated;
        value           nonuniform List<scalar> 2(36.9827 36.9827);
    }
    outletFuelElement
    {
        type            calculated;
        value           nonuniform List<scalar> 
12
(
57.481
56.9964
57.5621
57.1047
57.1047
57.5621
56.9964
57.481
57.1047
57.5621
57.5621
57.1047
)
;
    }
    inletFuelElement
    {
        type            calculated;
        value           nonuniform List<scalar> 
12
(
58.8806
58.8806
58.8806
58.8806
58.8806
58.8806
58.8806
58.8806
58.8806
58.8806
58.8806
58.8806
)
;
    }
    defaultFaces
    {
        type            calculated;
        value           nonuniform List<scalar> 
450
(
57.8625
57.8625
57.8625
57.7684
57.7684
57.7684
57.7705
57.7705
57.7705
57.7715
57.7715
57.7715
57.7711
57.7711
57.7711
57.7693
57.7693
57.7693
57.7658
57.7658
57.7658
57.7606
57.7606
57.7606
57.7534
57.7534
57.7534
57.7441
57.7441
57.7441
57.7327
57.7327
57.7327
57.7191
57.7191
57.7191
57.7033
57.7033
57.7033
57.6853
57.6853
57.6853
57.6644
57.6644
57.6644
57.6397
57.6397
57.6397
57.6096
57.6096
57.6096
57.573
57.573
57.573
57.5305
57.5305
57.5305
57.4898
57.4898
57.4898
57.4722
57.4722
57.4722
57.5358
57.5358
57.5358
57.8063
57.8063
57.8063
58.4847
58.4847
58.4847
58.7796
58.7796
58.7796
57.9442
57.9442
57.85
57.85
57.8528
57.8528
57.8543
57.8543
57.8543
57.8543
57.8527
57.8527
57.8495
57.8495
57.8444
57.8444
57.8373
57.8373
57.828
57.828
57.8164
57.8164
57.8023
57.8023
57.7857
57.7857
57.7662
57.7662
57.7433
57.7433
57.7158
57.7158
57.682
57.682
57.6409
57.6409
57.5928
57.5928
57.5455
57.5455
57.5198
57.5198
57.5734
57.5734
57.8316
57.8316
58.496
58.496
58.7812
58.7812
57.4838
57.3838
57.3822
57.3794
57.3756
57.3706
57.3643
57.3564
57.347
57.3359
57.3232
57.3094
57.295
57.2806
57.2663
57.2517
57.2355
57.2168
57.1963
57.1822
57.1971
57.3015
57.6252
58.3718
58.7437
57.4838
57.3838
57.3822
57.3794
57.3756
57.3706
57.3643
57.3564
57.347
57.3359
57.3232
57.3094
57.295
57.2806
57.2663
57.2517
57.2355
57.2168
57.1963
57.1822
57.1971
57.3015
57.6252
58.3718
58.7437
57.9442
57.9442
57.85
57.85
57.8528
57.8528
57.8543
57.8543
57.8543
57.8543
57.8527
57.8527
57.8495
57.8495
57.8444
57.8444
57.8373
57.8373
57.828
57.828
57.8164
57.8164
57.8023
57.8023
57.7857
57.7857
57.7662
57.7662
57.7433
57.7433
57.7157
57.7157
57.6819
57.6819
57.6408
57.6408
57.5928
57.5928
57.5454
57.5454
57.5197
57.5197
57.5733
57.5733
57.8315
57.8315
58.4958
58.4958
58.7811
58.7811
57.8625
57.8625
57.8625
57.7684
57.7684
57.7684
57.7705
57.7705
57.7705
57.7715
57.7715
57.7715
57.7711
57.7711
57.7711
57.7693
57.7693
57.7693
57.7658
57.7658
57.7658
57.7606
57.7606
57.7606
57.7534
57.7534
57.7534
57.7441
57.7441
57.7441
57.7327
57.7327
57.7327
57.7191
57.7191
57.7191
57.7033
57.7033
57.7033
57.6853
57.6853
57.6853
57.6644
57.6644
57.6644
57.6397
57.6397
57.6397
57.6096
57.6096
57.6096
57.573
57.573
57.573
57.5305
57.5305
57.5305
57.4898
57.4898
57.4898
57.4722
57.4722
57.4722
57.5357
57.5357
57.5357
57.8063
57.8063
57.8063
58.4847
58.4847
58.4847
58.7796
58.7796
58.7796
57.4838
57.3838
57.3822
57.3794
57.3756
57.3706
57.3643
57.3564
57.347
57.3359
57.3232
57.3094
57.295
57.2806
57.2663
57.2517
57.2355
57.2168
57.1963
57.1822
57.1971
57.3015
57.6252
58.3718
58.7437
57.9442
57.9442
57.85
57.85
57.8528
57.8528
57.8543
57.8543
57.8543
57.8543
57.8527
57.8527
57.8495
57.8495
57.8444
57.8444
57.8373
57.8373
57.828
57.828
57.8164
57.8164
57.8023
57.8023
57.7857
57.7857
57.7662
57.7662
57.7433
57.7433
57.7158
57.7158
57.682
57.682
57.6409
57.6409
57.5928
57.5928
57.5455
57.5455
57.5198
57.5198
57.5734
57.5734
57.8316
57.8316
58.496
58.496
58.7812
58.7812
57.9442
57.9442
57.85
57.85
57.8528
57.8528
57.8543
57.8543
57.8543
57.8543
57.8527
57.8527
57.8495
57.8495
57.8444
57.8444
57.8373
57.8373
57.828
57.828
57.8164
57.8164
57.8023
57.8023
57.7857
57.7857
57.7662
57.7662
57.7433
57.7433
57.7157
57.7157
57.682
57.682
57.6408
57.6408
57.5928
57.5928
57.5454
57.5454
57.5197
57.5197
57.5733
57.5733
57.8315
57.8315
58.4958
58.4958
58.7811
58.7811
57.4838
57.3838
57.3822
57.3795
57.3756
57.3706
57.3643
57.3564
57.347
57.3359
57.3232
57.3094
57.295
57.2806
57.2663
57.2517
57.2355
57.2168
57.1963
57.1822
57.1971
57.3015
57.6252
58.3718
58.7437
)
;
    }
    baffle_master
    {
        type            calculated;
        value           nonuniform List<scalar> 
150
(
36.8125
36.8125
36.8125
36.8125
36.8125
36.8125
36.8125
36.8125
36.8125
36.8125
36.8125
36.8125
36.8125
36.8125
36.8125
36.8125
36.8125
36.8125
36.8125
36.8125
36.8125
36.8125
36.8125
36.8125
36.8125
36.8125
36.8125
36.8125
36.8125
36.8125
36.8125
36.8125
36.8125
36.8125
36.8125
36.8125
36.8125
36.8125
36.8125
36.8125
36.8125
36.8125
36.8125
36.8125
36.8125
36.8125
36.8125
36.8125
36.8125
36.8125
36.8125
36.8125
36.8125
36.8125
36.8126
36.8126
36.8126
36.8126
36.8126
36.8126
36.8126
36.8126
36.8126
36.8126
36.8126
36.8126
36.8127
36.8127
36.8127
36.8128
36.8128
36.8128
36.8985
36.8985
36.8985
36.8125
36.8125
36.8125
36.8125
36.8125
36.8125
36.8125
36.8125
36.8125
36.8125
36.8125
36.8125
36.8125
36.8125
36.8125
36.8125
36.8125
36.8125
36.8125
36.8125
36.8125
36.8125
36.8125
36.8125
36.8125
36.8125
36.8125
36.8125
36.8125
36.8125
36.8125
36.8125
36.8125
36.8125
36.8125
36.8125
36.8125
36.8125
36.8125
36.8125
36.8125
36.8125
36.8125
36.8125
36.8125
36.8125
36.8125
36.8125
36.8125
36.8125
36.8125
36.8125
36.8125
36.8125
36.8126
36.8126
36.8126
36.8126
36.8126
36.8126
36.8126
36.8126
36.8126
36.8126
36.8126
36.8126
36.8127
36.8127
36.8127
36.8128
36.8128
36.8128
36.8985
36.8985
36.8985
)
;
    }
    baffle_slave
    {
        type            calculated;
        value           nonuniform List<scalar> 
150
(
57.3747
57.4838
57.4838
57.2725
57.3838
57.3838
57.2695
57.3822
57.3822
57.2654
57.3794
57.3795
57.2603
57.3756
57.3756
57.2541
57.3706
57.3706
57.2467
57.3643
57.3643
57.2378
57.3564
57.3564
57.2274
57.347
57.347
57.2155
57.3359
57.3359
57.2023
57.3232
57.3232
57.1882
57.3094
57.3094
57.1739
57.295
57.295
57.1603
57.2806
57.2806
57.1477
57.2663
57.2663
57.1359
57.2517
57.2517
57.1236
57.2355
57.2355
57.11
57.2168
57.2168
57.0958
57.1963
57.1963
57.0893
57.1822
57.1822
57.1136
57.1971
57.1971
57.23
57.3015
57.3015
57.5693
57.6252
57.6252
58.336
58.3718
58.3718
58.7319
58.7437
58.7437
57.4838
57.3747
57.4838
57.3838
57.2725
57.3838
57.3822
57.2695
57.3822
57.3794
57.2654
57.3794
57.3756
57.2603
57.3756
57.3706
57.2541
57.3706
57.3643
57.2467
57.3643
57.3564
57.2378
57.3564
57.347
57.2274
57.347
57.3359
57.2155
57.3359
57.3232
57.2023
57.3232
57.3094
57.1882
57.3094
57.295
57.1739
57.295
57.2806
57.1603
57.2806
57.2663
57.1477
57.2663
57.2517
57.1358
57.2517
57.2355
57.1236
57.2355
57.2168
57.11
57.2168
57.1963
57.0958
57.1963
57.1822
57.0893
57.1822
57.1971
57.1136
57.1971
57.3015
57.23
57.3015
57.6252
57.5693
57.6252
58.3718
58.336
58.3718
58.7437
58.7319
58.7437
)
;
    }
}


// ************************************************************************* //
