/*--------------------------------*- C++ -*----------------------------------*\
| =========                 |                                                 |
| \\      /  F ield         | OpenFOAM: The Open Source CFD Toolbox           |
|  \\    /   O peration     | Version:  2212                                  |
|   \\  /    A nd           | Website:  www.openfoam.com                      |
|    \\/     M anipulation  |                                                 |
\*---------------------------------------------------------------------------*/
FoamFile
{
    version     2.0;
    format      ascii;
    arch        "LSB;label=32;scalar=64";
    class       volScalarField;
    location    "22/fluidRegion";
    object      hdeltaT;
}
// * * * * * * * * * * * * * * * * * * * * * * * * * * * * * * * * * * * * * //

dimensions      [1 0 -3 0 0 0 0];

internalField   nonuniform List<scalar> 
350
(
0
0
0
0
0
0
0
0
0
0
0
0
0
0
0
0
0
0
0
0
0
0
0
0
0
0
0
0
0
0
0
0
0
0
0
0
0
0
0
0
0
0
0
0
0
0
0
0
0
0
78464.3
893374
1.69152e+06
2.46025e+06
3.18739e+06
3.86146e+06
4.4718e+06
5.0088e+06
5.464e+06
5.83023e+06
6.10174e+06
6.27429e+06
6.34517e+06
6.31327e+06
6.17906e+06
5.94462e+06
5.61359e+06
5.19116e+06
4.6841e+06
4.10091e+06
3.45174e+06
2.74898e+06
2.00731e+06
1.24287e+06
468250
75914
900145
1.70744e+06
2.485e+06
3.22052e+06
3.90237e+06
4.51979e+06
5.06303e+06
5.52355e+06
5.8941e+06
6.16886e+06
6.34353e+06
6.41539e+06
6.3833e+06
6.24775e+06
6.01083e+06
5.67622e+06
5.24916e+06
4.73648e+06
4.14676e+06
3.49024e+06
2.77946e+06
2.02929e+06
1.25612e+06
472689
78887.4
892307
1.68899e+06
2.45631e+06
3.18211e+06
3.85494e+06
4.46415e+06
5.00015e+06
5.4545e+06
5.82004e+06
6.09103e+06
6.26324e+06
6.33396e+06
6.30209e+06
6.1681e+06
5.93405e+06
5.60359e+06
5.1819e+06
4.67574e+06
4.09359e+06
3.44559e+06
2.74411e+06
2.00379e+06
1.24075e+06
467541
76462.6
898552
1.70375e+06
2.47927e+06
3.21287e+06
3.89293e+06
4.50873e+06
5.05054e+06
5.50983e+06
5.87939e+06
6.15341e+06
6.32759e+06
6.39922e+06
6.36718e+06
6.23194e+06
5.9956e+06
5.66181e+06
5.23581e+06
4.72443e+06
4.13621e+06
3.48138e+06
2.77244e+06
2.02424e+06
1.25307e+06
471668
76462.6
898552
1.70375e+06
2.47927e+06
3.21287e+06
3.89293e+06
4.50873e+06
5.05054e+06
5.50983e+06
5.87939e+06
6.15341e+06
6.32759e+06
6.39922e+06
6.36718e+06
6.23194e+06
5.9956e+06
5.66181e+06
5.23581e+06
4.72443e+06
4.13621e+06
3.48138e+06
2.77244e+06
2.02424e+06
1.25307e+06
471668
78886.9
892307
1.68899e+06
2.45631e+06
3.18211e+06
3.85493e+06
4.46415e+06
5.00015e+06
5.4545e+06
5.82004e+06
6.09103e+06
6.26324e+06
6.33396e+06
6.30209e+06
6.1681e+06
5.93405e+06
5.60359e+06
5.1819e+06
4.67574e+06
4.09359e+06
3.44559e+06
2.74411e+06
2.00379e+06
1.24075e+06
467541
75914
900145
1.70744e+06
2.485e+06
3.22052e+06
3.90237e+06
4.51979e+06
5.06303e+06
5.52355e+06
5.8941e+06
6.16886e+06
6.34353e+06
6.41539e+06
6.3833e+06
6.24775e+06
6.01083e+06
5.67622e+06
5.24916e+06
4.73648e+06
4.14676e+06
3.49024e+06
2.77946e+06
2.02929e+06
1.25612e+06
472689
78464.3
893374
1.69152e+06
2.46025e+06
3.18739e+06
3.86146e+06
4.4718e+06
5.0088e+06
5.464e+06
5.83023e+06
6.10174e+06
6.27429e+06
6.34517e+06
6.31327e+06
6.17906e+06
5.94462e+06
5.61359e+06
5.19116e+06
4.6841e+06
4.10091e+06
3.45174e+06
2.74898e+06
2.00731e+06
1.24287e+06
468250
76462.6
898552
1.70375e+06
2.47927e+06
3.21287e+06
3.89293e+06
4.50873e+06
5.05054e+06
5.50983e+06
5.87939e+06
6.15341e+06
6.32759e+06
6.39922e+06
6.36718e+06
6.23194e+06
5.9956e+06
5.66181e+06
5.23581e+06
4.72443e+06
4.13621e+06
3.48138e+06
2.77244e+06
2.02424e+06
1.25307e+06
471668
78887.4
892307
1.68899e+06
2.45631e+06
3.18211e+06
3.85494e+06
4.46415e+06
5.00015e+06
5.4545e+06
5.82004e+06
6.09103e+06
6.26324e+06
6.33396e+06
6.30209e+06
6.1681e+06
5.93405e+06
5.60359e+06
5.1819e+06
4.67574e+06
4.09359e+06
3.44559e+06
2.74411e+06
2.00379e+06
1.24075e+06
467541
78886.9
892307
1.68899e+06
2.45631e+06
3.18211e+06
3.85493e+06
4.46415e+06
5.00015e+06
5.4545e+06
5.82004e+06
6.09103e+06
6.26324e+06
6.33396e+06
6.30209e+06
6.1681e+06
5.93405e+06
5.60359e+06
5.1819e+06
4.67574e+06
4.09359e+06
3.44559e+06
2.74411e+06
2.00379e+06
1.24075e+06
467541
76462.6
898552
1.70375e+06
2.47927e+06
3.21287e+06
3.89293e+06
4.50873e+06
5.05054e+06
5.50983e+06
5.87939e+06
6.15341e+06
6.32759e+06
6.39922e+06
6.36718e+06
6.23194e+06
5.9956e+06
5.66181e+06
5.23581e+06
4.72443e+06
4.13621e+06
3.48138e+06
2.77244e+06
2.02424e+06
1.25307e+06
471668
)
;

boundaryField
{
    outletCentralUnloaded
    {
        type            calculated;
        value           uniform 0;
    }
    inletCentralUnloaded
    {
        type            calculated;
        value           uniform 0;
    }
    outletFuelElement
    {
        type            calculated;
        value           uniform 0;
    }
    inletFuelElement
    {
        type            calculated;
        value           nonuniform List<scalar> 
12
(
2.98822e+06
2.9872e+06
2.98814e+06
2.98747e+06
2.98747e+06
2.98814e+06
2.9872e+06
2.98822e+06
2.98747e+06
2.98814e+06
2.98814e+06
2.98747e+06
)
;
    }
    defaultFaces
    {
        type            calculated;
        value           nonuniform List<scalar> 
450
(
0
0
0
0
0
0
0
0
0
0
0
0
0
0
0
0
0
0
0
0
0
0
0
0
0
0
0
0
0
0
0
0
0
0
0
0
0
0
0
0
0
0
0
0
0
528374
528374
528374
1.70957e+06
1.70957e+06
1.70957e+06
2.59196e+06
2.59196e+06
2.59196e+06
3.18124e+06
3.18124e+06
3.18124e+06
3.49868e+06
3.49868e+06
3.49868e+06
3.58246e+06
3.58246e+06
3.58246e+06
3.49006e+06
3.49006e+06
3.49006e+06
3.29961e+06
3.29961e+06
3.29961e+06
3.10486e+06
3.10486e+06
3.10486e+06
2.95329e+06
2.95329e+06
2.95329e+06
0
0
0
0
0
0
0
0
0
0
0
0
0
0
0
0
0
0
0
0
0
0
0
0
0
0
0
0
0
0
549529
549529
1.72493e+06
1.72493e+06
2.60256e+06
2.60256e+06
3.18812e+06
3.18812e+06
3.50282e+06
3.50282e+06
3.58474e+06
3.58474e+06
3.49119e+06
3.49119e+06
3.30009e+06
3.30009e+06
3.10498e+06
3.10498e+06
2.95326e+06
2.95326e+06
0
0
0
0
0
0
0
0
0
0
0
0
0
0
0
421403
1.63129e+06
2.53728e+06
3.14507e+06
3.47614e+06
3.56913e+06
3.48228e+06
3.29483e+06
3.10196e+06
2.95229e+06
0
0
0
0
0
0
0
0
0
0
0
0
0
0
0
421403
1.63129e+06
2.53728e+06
3.14507e+06
3.47614e+06
3.56913e+06
3.48228e+06
3.29483e+06
3.10196e+06
2.95229e+06
0
0
0
0
0
0
0
0
0
0
0
0
0
0
0
0
0
0
0
0
0
0
0
0
0
0
0
0
0
0
549517
549517
1.72492e+06
1.72492e+06
2.60255e+06
2.60255e+06
3.18811e+06
3.18811e+06
3.50282e+06
3.50282e+06
3.58473e+06
3.58473e+06
3.49119e+06
3.49119e+06
3.30009e+06
3.30009e+06
3.10497e+06
3.10497e+06
2.95326e+06
2.95326e+06
0
0
0
0
0
0
0
0
0
0
0
0
0
0
0
0
0
0
0
0
0
0
0
0
0
0
0
0
0
0
0
0
0
0
0
0
0
0
0
0
0
0
0
0
0
528374
528374
528374
1.70957e+06
1.70957e+06
1.70957e+06
2.59196e+06
2.59196e+06
2.59196e+06
3.18124e+06
3.18124e+06
3.18124e+06
3.49868e+06
3.49868e+06
3.49868e+06
3.58246e+06
3.58246e+06
3.58246e+06
3.49006e+06
3.49006e+06
3.49006e+06
3.29961e+06
3.29961e+06
3.29961e+06
3.10486e+06
3.10486e+06
3.10486e+06
2.95329e+06
2.95329e+06
2.95329e+06
0
0
0
0
0
0
0
0
0
0
0
0
0
0
0
421403
1.63129e+06
2.53728e+06
3.14507e+06
3.47614e+06
3.56913e+06
3.48228e+06
3.29483e+06
3.10196e+06
2.95229e+06
0
0
0
0
0
0
0
0
0
0
0
0
0
0
0
0
0
0
0
0
0
0
0
0
0
0
0
0
0
0
549530
549530
1.72493e+06
1.72493e+06
2.60256e+06
2.60256e+06
3.18812e+06
3.18812e+06
3.50282e+06
3.50282e+06
3.58474e+06
3.58474e+06
3.49119e+06
3.49119e+06
3.30009e+06
3.30009e+06
3.10498e+06
3.10498e+06
2.95326e+06
2.95326e+06
0
0
0
0
0
0
0
0
0
0
0
0
0
0
0
0
0
0
0
0
0
0
0
0
0
0
0
0
0
0
549518
549518
1.72492e+06
1.72492e+06
2.60255e+06
2.60255e+06
3.18811e+06
3.18811e+06
3.50282e+06
3.50282e+06
3.58473e+06
3.58473e+06
3.49119e+06
3.49119e+06
3.30009e+06
3.30009e+06
3.10497e+06
3.10497e+06
2.95326e+06
2.95326e+06
0
0
0
0
0
0
0
0
0
0
0
0
0
0
0
421403
1.63129e+06
2.53728e+06
3.14507e+06
3.47614e+06
3.56913e+06
3.48228e+06
3.29483e+06
3.10196e+06
2.95229e+06
)
;
    }
    baffle_master
    {
        type            calculated;
        value           uniform 0;
    }
    baffle_slave
    {
        type            calculated;
        value           nonuniform List<scalar> 
150
(
0
0
0
0
0
0
0
0
0
0
0
0
0
0
0
0
0
0
0
0
0
0
0
0
0
0
0
0
0
0
0
0
0
0
0
0
0
0
0
0
0
0
0
0
0
389266
421403
421403
1.60772e+06
1.63129e+06
1.63129e+06
2.52078e+06
2.53728e+06
2.53728e+06
3.13412e+06
3.14507e+06
3.14507e+06
3.46929e+06
3.47614e+06
3.47614e+06
3.56505e+06
3.56913e+06
3.56913e+06
3.47987e+06
3.48228e+06
3.48228e+06
3.29333e+06
3.29483e+06
3.29483e+06
3.10101e+06
3.10196e+06
3.10196e+06
2.95195e+06
2.95229e+06
2.95229e+06
0
0
0
0
0
0
0
0
0
0
0
0
0
0
0
0
0
0
0
0
0
0
0
0
0
0
0
0
0
0
0
0
0
0
0
0
0
0
0
0
0
0
0
0
0
421403
389265
421403
1.63129e+06
1.60772e+06
1.63129e+06
2.53728e+06
2.52078e+06
2.53728e+06
3.14507e+06
3.13412e+06
3.14507e+06
3.47614e+06
3.46929e+06
3.47614e+06
3.56913e+06
3.56505e+06
3.56913e+06
3.48228e+06
3.47987e+06
3.48228e+06
3.29483e+06
3.29333e+06
3.29483e+06
3.10196e+06
3.10101e+06
3.10196e+06
2.95229e+06
2.95195e+06
2.95229e+06
)
;
    }
}


// ************************************************************************* //
