/*--------------------------------*- C++ -*----------------------------------*\
| =========                 |                                                 |
| \\      /  F ield         | OpenFOAM: The Open Source CFD Toolbox           |
|  \\    /   O peration     | Version:  2212                                  |
|   \\  /    A nd           | Website:  www.openfoam.com                      |
|    \\/     M anipulation  |                                                 |
\*---------------------------------------------------------------------------*/
FoamFile
{
    version     2.0;
    format      ascii;
    arch        "LSB;label=32;scalar=64";
    class       volScalarField;
    location    "22/fluidRegion";
    object      htc;
}
// * * * * * * * * * * * * * * * * * * * * * * * * * * * * * * * * * * * * * //

dimensions      [1 0 -3 -1 0 0 0];

internalField   nonuniform List<scalar> 
350
(
3100.1
3100.11
3100.13
3100.15
3100.16
3100.18
3100.2
3100.22
3100.23
3100.25
3100.27
3100.28
3100.3
3100.32
3100.33
3100.35
3100.37
3100.38
3100.4
3100.42
3100.43
3100.45
3100.47
3100.49
3106.28
3100.1
3100.11
3100.13
3100.15
3100.16
3100.18
3100.2
3100.22
3100.23
3100.25
3100.27
3100.28
3100.3
3100.32
3100.33
3100.35
3100.37
3100.38
3100.4
3100.42
3100.43
3100.45
3100.47
3100.49
3106.28
25049
25005
24873.5
24622
24252
23765.8
23166.6
22458.7
21648
20741.8
19750.1
18684.7
17559.4
16388.6
15185.7
13961.8
12725.9
11486.1
10253.1
9044.31
7888.1
6828.49
5928.77
5266.96
4845.51
25126.7
25082.7
24952.1
24700.8
24330.4
23843.2
23242.4
22532.2
21718
20807.4
19810.2
18738.3
17605.8
16427.6
15217.6
13987.6
12746.4
11502.2
10265.1
9052.31
7892.01
6828.51
5925.88
5263.27
4843.85
25036.6
24992.3
24860.7
24609.2
24239.3
23753.3
23154.4
22447
21636.8
20731.3
19740.5
18676.2
17552
16382.3
15180.4
13957.5
12722.3
11483.2
10250.8
9042.56
7886.9
6827.79
5928.42
5266.73
4845.38
25109.5
25065.5
24934.6
24683.2
24312.9
23825.9
23225.4
22515.7
21702.2
20792.7
19796.6
18726.2
17595.3
16418.8
15210.4
13981.8
12741.8
11498.6
10262.4
9050.56
7891.2
6828.6
5926.64
5264.23
4844.29
25109.5
25065.5
24934.6
24683.2
24312.9
23825.9
23225.4
22515.7
21702.2
20792.7
19796.6
18726.2
17595.3
16418.8
15210.4
13981.8
12741.8
11498.6
10262.4
9050.56
7891.2
6828.6
5926.64
5264.23
4844.29
25036.6
24992.3
24860.8
24609.2
24239.3
23753.3
23154.4
22447
21636.8
20731.3
19740.5
18676.2
17552
16382.3
15180.4
13957.5
12722.3
11483.2
10250.8
9042.56
7886.9
6827.78
5928.41
5266.72
4845.37
25126.7
25082.7
24952.1
24700.8
24330.4
23843.2
23242.4
22532.2
21718
20807.4
19810.2
18738.3
17605.8
16427.6
15217.6
13987.6
12746.4
11502.2
10265.1
9052.31
7892.01
6828.51
5925.88
5263.27
4843.85
25049
25005
24873.5
24622
24252
23765.8
23166.6
22458.7
21648
20741.8
19750.1
18684.7
17559.4
16388.6
15185.7
13961.8
12725.9
11486.1
10253.1
9044.31
7888.1
6828.49
5928.77
5266.96
4845.51
25109.5
25065.5
24934.6
24683.2
24312.9
23825.9
23225.4
22515.7
21702.2
20792.7
19796.6
18726.2
17595.3
16418.8
15210.4
13981.8
12741.8
11498.6
10262.4
9050.56
7891.2
6828.6
5926.64
5264.23
4844.29
25036.6
24992.3
24860.7
24609.2
24239.3
23753.3
23154.4
22447
21636.8
20731.3
19740.5
18676.2
17552
16382.3
15180.4
13957.5
12722.3
11483.2
10250.8
9042.56
7886.9
6827.79
5928.42
5266.73
4845.38
25036.6
24992.3
24860.8
24609.2
24239.3
23753.3
23154.4
22447
21636.8
20731.3
19740.5
18676.2
17552
16382.3
15180.4
13957.5
12722.3
11483.2
10250.8
9042.56
7886.9
6827.78
5928.41
5266.73
4845.37
25109.5
25065.5
24934.6
24683.2
24312.9
23825.9
23225.4
22515.7
21702.2
20792.7
19796.6
18726.2
17595.3
16418.8
15210.4
13981.8
12741.8
11498.6
10262.4
9050.56
7891.2
6828.6
5926.64
5264.23
4844.29
)
;

boundaryField
{
    outletCentralUnloaded
    {
        type            zeroGradient;
    }
    inletCentralUnloaded
    {
        type            zeroGradient;
    }
    outletFuelElement
    {
        type            zeroGradient;
    }
    inletFuelElement
    {
        type            zeroGradient;
    }
    defaultFaces
    {
        type            zeroGradient;
    }
    baffle_master
    {
        type            zeroGradient;
    }
    baffle_slave
    {
        type            zeroGradient;
    }
}


// ************************************************************************* //
