/*--------------------------------*- C++ -*----------------------------------*\
| =========                 |                                                 |
| \\      /  F ield         | OpenFOAM: The Open Source CFD Toolbox           |
|  \\    /   O peration     | Version:  2212                                  |
|   \\  /    A nd           | Website:  www.openfoam.com                      |
|    \\/     M anipulation  |                                                 |
\*---------------------------------------------------------------------------*/
FoamFile
{
    version     2.0;
    format      ascii;
    arch        "LSB;label=32;scalar=64";
    class       volScalarField;
    location    "22/fluidRegion";
    object      Re;
}
// * * * * * * * * * * * * * * * * * * * * * * * * * * * * * * * * * * * * * //

dimensions      [0 0 0 0 0 0 0];

internalField   nonuniform List<scalar> 
350
(
173943
173943
173943
173943
173943
173943
173943
173943
173943
173943
173943
173943
173943
173943
173943
173943
173943
173943
173943
173943
173943
173943
173943
173943
174348
173943
173943
173943
173943
173943
173943
173943
173943
173943
173943
173943
173943
173943
173943
173943
173943
173943
173943
173943
173943
173943
173943
173943
173943
174348
54249.3
54161.1
54163.1
54164.1
54163.7
54161.9
54158.7
54153.8
54147
54138.4
54127.7
54114.9
54100.1
54083.2
54063.6
54040.4
54012.2
53977.9
53938
53899.8
53883.2
53942.7
54196.1
54831.6
55108.3
53792
53696.2
53693.4
53689.5
53684.7
53678.9
53672
53663.6
53653.9
53642.7
53630.3
53617.1
53603.8
53591
53579.2
53568
53556.5
53543.8
53530.4
53524.3
53547.1
53656
53973.8
54692.2
55063.7
54325.9
54237.7
54240.3
54241.6
54241.6
54240.2
54237.1
54232.4
54225.7
54217
54206.1
54192.9
54177.3
54159.1
54137.6
54111.7
54080.1
54041.5
53996.4
53952
53927.9
53978
54219.8
54842.1
55109.9
53894.3
53800.6
53799
53796.5
53792.9
53788.2
53782.2
53774.9
53766
53755.6
53743.7
53730.8
53717.3
53703.8
53690.4
53676.6
53661.5
53643.9
53624.7
53611.4
53625.3
53723.1
54026.3
54725.7
55074.7
53894.3
53800.6
53799
53796.5
53792.9
53788.2
53782.2
53774.9
53766
53755.6
53743.7
53730.8
53717.3
53703.8
53690.4
53676.6
53661.5
53643.9
53624.7
53611.4
53625.3
53723.1
54026.3
54725.7
55074.7
54325.9
54237.7
54240.3
54241.6
54241.6
54240.2
54237.1
54232.4
54225.7
54217
54206.1
54192.9
54177.3
54159
54137.5
54111.7
54080
54041.4
53996.4
53951.9
53927.8
53977.8
54219.7
54842
55109.8
53792
53696.2
53693.4
53689.5
53684.7
53678.9
53672
53663.6
53653.9
53642.7
53630.3
53617.1
53603.8
53591
53579.2
53568
53556.5
53543.8
53530.4
53524.3
53547.1
53656
53973.8
54692.2
55063.7
54249.3
54161.1
54163.1
54164.1
54163.7
54161.9
54158.7
54153.8
54147
54138.4
54127.7
54114.9
54100.1
54083.2
54063.6
54040.4
54012.2
53977.9
53938
53899.8
53883.2
53942.7
54196.1
54831.6
55108.3
53894.3
53800.6
53799
53796.5
53792.9
53788.2
53782.2
53774.9
53766
53755.6
53743.7
53730.8
53717.3
53703.8
53690.4
53676.6
53661.5
53643.9
53624.7
53611.4
53625.3
53723.1
54026.3
54725.7
55074.7
54325.9
54237.7
54240.3
54241.6
54241.6
54240.2
54237.1
54232.4
54225.7
54217
54206.1
54192.9
54177.3
54159.1
54137.6
54111.7
54080.1
54041.5
53996.4
53952
53927.9
53978
54219.8
54842.1
55109.9
54325.9
54237.7
54240.3
54241.6
54241.6
54240.2
54237.1
54232.4
54225.7
54217
54206.1
54192.9
54177.3
54159
54137.5
54111.7
54080
54041.4
53996.4
53951.9
53927.8
53977.8
54219.7
54842
55109.8
53894.3
53800.6
53799
53796.5
53792.9
53788.2
53782.2
53774.9
53766
53755.6
53743.7
53730.8
53717.3
53703.8
53690.4
53676.6
53661.5
53643.9
53624.7
53611.4
53625.3
53723.1
54026.3
54725.7
55074.7
)
;

boundaryField
{
    outletCentralUnloaded
    {
        type            zeroGradient;
    }
    inletCentralUnloaded
    {
        type            zeroGradient;
    }
    outletFuelElement
    {
        type            zeroGradient;
    }
    inletFuelElement
    {
        type            zeroGradient;
    }
    defaultFaces
    {
        type            zeroGradient;
    }
    baffle_master
    {
        type            zeroGradient;
    }
    baffle_slave
    {
        type            zeroGradient;
    }
}


// ************************************************************************* //
