/*--------------------------------*- C++ -*----------------------------------*\
| =========                 |                                                 |
| \\      /  F ield         | OpenFOAM: The Open Source CFD Toolbox           |
|  \\    /   O peration     | Version:  2212                                  |
|   \\  /    A nd           | Website:  www.openfoam.com                      |
|    \\/     M anipulation  |                                                 |
\*---------------------------------------------------------------------------*/
FoamFile
{
    version     2.0;
    format      ascii;
    arch        "LSB;label=32;scalar=64";
    class       volScalarField;
    location    "22/fluidRegion";
    object      T;
}
// * * * * * * * * * * * * * * * * * * * * * * * * * * * * * * * * * * * * * //

dimensions      [0 0 0 1 0 0 0];

internalField   nonuniform List<scalar> 
350
(
83.2885
83.289
83.2895
83.2899
83.2904
83.2909
83.2914
83.2919
83.2924
83.2929
83.2934
83.2939
83.2943
83.2948
83.2953
83.2958
83.2963
83.2968
83.2972
83.2977
83.2982
83.2987
83.2991
83.2996
83.3
83.2885
83.289
83.2895
83.2899
83.2904
83.2909
83.2914
83.2919
83.2924
83.2929
83.2934
83.2939
83.2943
83.2948
83.2953
83.2958
83.2963
83.2968
83.2972
83.2977
83.2982
83.2987
83.2991
83.2996
83.3
1650.64
1649.52
1636.61
1612.09
1576.28
1529.64
1472.73
1406.25
1331.05
1248.07
1158.45
1063.46
964.601
863.527
762.074
662.156
565.661
474.339
389.729
313.162
245.84
188.897
143.459
110.502
90.5094
1674.97
1674.16
1661.35
1636.74
1600.64
1553.5
1495.91
1428.56
1352.31
1268.11
1177.11
1080.6
980.076
877.233
773.941
672.171
573.869
480.843
394.682
316.751
248.271
190.391
144.247
110.82
90.5775
1646.67
1645.52
1632.6
1608.12
1572.37
1525.82
1469.04
1402.72
1327.69
1244.92
1155.53
1060.8
962.203
861.414
760.253
660.628
564.417
473.359
388.988
312.63
245.482
188.679
143.344
110.455
90.4985
1669.5
1668.61
1655.76
1631.16
1595.12
1548.08
1490.63
1423.48
1347.45
1263.53
1172.84
1076.67
976.521
874.079
771.207
669.86
571.974
479.34
393.536
315.92
247.708
190.045
144.064
110.747
90.5619
1669.5
1668.61
1655.76
1631.16
1595.12
1548.08
1490.63
1423.48
1347.45
1263.53
1172.84
1076.67
976.521
874.079
771.207
669.861
571.974
479.34
393.536
315.92
247.708
190.045
144.064
110.747
90.5619
1646.67
1645.52
1632.6
1608.12
1572.38
1525.83
1469.04
1402.72
1327.69
1244.92
1155.53
1060.8
962.204
861.415
760.254
660.629
564.418
473.36
388.989
312.63
245.483
188.679
143.344
110.455
90.4985
1674.97
1674.16
1661.35
1636.74
1600.64
1553.5
1495.91
1428.56
1352.31
1268.11
1177.11
1080.6
980.076
877.233
773.941
672.171
573.869
480.843
394.682
316.751
248.271
190.391
144.247
110.82
90.5775
1650.64
1649.52
1636.61
1612.09
1576.28
1529.64
1472.73
1406.25
1331.05
1248.07
1158.45
1063.46
964.601
863.527
762.074
662.156
565.661
474.339
389.729
313.162
245.84
188.897
143.459
110.502
90.5094
1669.5
1668.61
1655.76
1631.16
1595.12
1548.08
1490.63
1423.48
1347.45
1263.53
1172.84
1076.67
976.521
874.079
771.207
669.86
571.974
479.34
393.536
315.92
247.708
190.045
144.064
110.747
90.5619
1646.67
1645.52
1632.6
1608.12
1572.37
1525.82
1469.04
1402.72
1327.69
1244.92
1155.53
1060.8
962.203
861.414
760.253
660.628
564.417
473.359
388.988
312.63
245.482
188.679
143.344
110.455
90.4985
1646.67
1645.52
1632.6
1608.12
1572.38
1525.83
1469.04
1402.72
1327.69
1244.92
1155.53
1060.8
962.204
861.415
760.254
660.629
564.418
473.36
388.988
312.63
245.482
188.679
143.344
110.455
90.4985
1669.5
1668.61
1655.76
1631.16
1595.12
1548.08
1490.63
1423.48
1347.45
1263.53
1172.84
1076.67
976.521
874.079
771.207
669.86
571.973
479.34
393.536
315.92
247.708
190.045
144.064
110.747
90.5619
)
;

boundaryField
{
    outletCentralUnloaded
    {
        type            zeroGradient;
    }
    inletCentralUnloaded
    {
        type            fixedValue;
        value           uniform 83.3;
    }
    outletFuelElement
    {
        type            zeroGradient;
    }
    inletFuelElement
    {
        type            fixedValue;
        value           uniform 83.3;
    }
    defaultFaces
    {
        type            zeroGradient;
    }
    baffle_master
    {
        type            zeroGradient;
    }
    baffle_slave
    {
        type            zeroGradient;
    }
}


// ************************************************************************* //
