/*--------------------------------*- C++ -*----------------------------------*\
| =========                 |                                                 |
| \\      /  F ield         | OpenFOAM: The Open Source CFD Toolbox           |
|  \\    /   O peration     | Version:  2212                                  |
|   \\  /    A nd           | Website:  www.openfoam.com                      |
|    \\/     M anipulation  |                                                 |
\*---------------------------------------------------------------------------*/
FoamFile
{
    version     2.0;
    format      ascii;
    arch        "LSB;label=32;scalar=64";
    class       volVectorField;
    location    "22/fluidRegion";
    object      U;
}
// * * * * * * * * * * * * * * * * * * * * * * * * * * * * * * * * * * * * * //

dimensions      [0 1 -1 0 0 0 0];

internalField   nonuniform List<vector> 
350
(
(-2.8356e-13 -1.63713e-13 -14.9605)
(-1.73249e-13 -1.00025e-13 -14.9592)
(-2.5577e-13 -1.47668e-13 -14.958)
(-3.37545e-13 -1.94881e-13 -14.9568)
(3.46431e-13 2.00012e-13 -14.9555)
(4.33973e-13 2.50554e-13 -14.9543)
(4.71078e-13 2.71976e-13 -14.9531)
(1.34815e-12 7.78354e-13 -14.9518)
(3.2865e-12 1.89746e-12 -14.9506)
(6.36058e-12 3.67227e-12 -14.9494)
(1.15498e-11 6.66827e-12 -14.9482)
(2.38826e-11 1.37886e-11 -14.9469)
(4.6902e-11 2.70788e-11 -14.9457)
(9.27319e-11 5.35386e-11 -14.9445)
(1.81115e-10 1.04567e-10 -14.9432)
(3.52555e-10 2.03547e-10 -14.942)
(6.82263e-10 3.93904e-10 -14.9408)
(1.3117e-09 7.57307e-10 -14.9395)
(2.48983e-09 1.4375e-09 -14.9383)
(4.63549e-09 2.67629e-09 -14.9371)
(8.33519e-09 4.81231e-09 -14.9359)
(1.40341e-08 8.10258e-09 -14.9347)
(1.86457e-08 1.07651e-08 -14.9335)
(4.22717e-09 2.44055e-09 -14.9323)
(-3.02734e-08 -1.74783e-08 -14.9658)
(-2.83571e-13 -1.63719e-13 -14.9605)
(-1.7326e-13 -1.00031e-13 -14.9592)
(-2.55781e-13 -1.47675e-13 -14.958)
(-3.37556e-13 -1.94887e-13 -14.9568)
(3.46421e-13 2.00006e-13 -14.9555)
(4.33962e-13 2.50548e-13 -14.9543)
(4.71068e-13 2.7197e-13 -14.9531)
(1.34814e-12 7.78348e-13 -14.9518)
(3.28649e-12 1.89745e-12 -14.9506)
(6.36057e-12 3.67227e-12 -14.9494)
(1.15498e-11 6.66826e-12 -14.9482)
(2.38826e-11 1.37886e-11 -14.9469)
(4.6902e-11 2.70788e-11 -14.9457)
(9.27319e-11 5.35386e-11 -14.9445)
(1.81115e-10 1.04567e-10 -14.9432)
(3.52555e-10 2.03547e-10 -14.942)
(6.82263e-10 3.93904e-10 -14.9408)
(1.3117e-09 7.57307e-10 -14.9395)
(2.48983e-09 1.4375e-09 -14.9383)
(4.63549e-09 2.67629e-09 -14.9371)
(8.33519e-09 4.81231e-09 -14.9359)
(1.40341e-08 8.10258e-09 -14.9347)
(1.86457e-08 1.07651e-08 -14.9335)
(4.22717e-09 2.44055e-09 -14.9323)
(-3.02734e-08 -1.74783e-08 -14.9658)
(-0.00159657 -0.00092178 -375.943)
(-0.000947251 -0.000546895 -370.295)
(-0.00105918 -0.000611519 -362.824)
(-0.000949353 -0.000548109 -353.058)
(-0.000854896 -0.000493574 -341.169)
(-0.00076385 -0.000441009 -327.344)
(-0.000674805 -0.000389599 -311.775)
(-0.000582086 -0.000336067 -294.668)
(-0.000477854 -0.000275889 -276.234)
(-0.000350454 -0.000202334 -256.695)
(-0.000189721 -0.000109536 -236.29)
(1.49556e-05 8.6346e-06 -215.275)
(0.000250696 0.000144739 -193.927)
(0.000503933 0.000290946 -172.55)
(0.000741875 0.000428321 -151.465)
(0.000931339 0.000537708 -131.001)
(0.00105095 0.000606767 -111.47)
(0.00110106 0.000635694 -93.1594)
(0.00109997 0.00063507 -76.3125)
(0.0010733 0.000619669 -61.139)
(0.00103992 0.000600395 -47.826)
(0.00100018 0.000577452 -36.5557)
(0.000937641 0.000541347 -27.5185)
(0.000803278 0.000463772 -20.9017)
(0.000730622 0.000421824 -16.6105)
(-0.00150751 -0.00087466 -378.249)
(-0.000674975 -0.000378638 -372.58)
(-0.00080638 -0.00046415 -365.096)
(-0.000728261 -0.000425055 -355.297)
(-0.000661256 -0.000392005 -343.358)
(-0.000597311 -0.000356378 -329.466)
(-0.000534754 -0.000321009 -313.817)
(-0.000469228 -0.000282342 -296.614)
(-0.000395144 -0.000239091 -278.071)
(-0.000303952 -0.000185006 -258.412)
(-0.000190137 -0.000118031 -237.873)
(-4.13138e-05 -3.06879e-05 -216.714)
(0.000123422 6.56738e-05 -195.214)
(0.000299879 0.000169574 -173.678)
(0.000463747 0.00026576 -152.432)
(0.000592568 0.000342353 -131.808)
(0.000672588 0.00039011 -112.124)
(0.000704734 0.000410742 -93.6705)
(0.000702309 0.000410369 -76.695)
(0.000682896 0.000400462 -61.4092)
(0.000660564 0.00038655 -48.002)
(0.000636852 0.000372092 -36.6571)
(0.000605418 0.000351211 -27.5659)
(0.000544451 0.000315054 -20.9165)
(0.000534166 0.000309762 -16.6123)
(-0.000751396 -0.000670916 -375.572)
(-0.000530572 -0.00104729 -369.921)
(-0.000531806 -0.000989108 -362.455)
(-0.000479213 -0.000869301 -352.695)
(-0.000428956 -0.000762561 -340.816)
(-0.000381486 -0.000661275 -327.002)
(-0.000334329 -0.000562186 -311.448)
(-0.000283806 -0.000460307 -294.357)
(-0.000224654 -0.000345245 -275.94)
(-0.000149993 -0.000205542 -256.422)
(-5.62726e-05 -2.58655e-05 -236.039)
(6.5319e-05 0.000193875 -215.047)
(0.000196992 0.000460368 -193.723)
(0.000334764 0.000745433 -172.372)
(0.000457913 0.00101506 -151.313)
(0.000549299 0.00122973 -130.873)
(0.000600302 0.00136481 -111.366)
(0.000613863 0.00141965 -93.0775)
(0.000602089 0.00141579 -76.2504)
(0.000578639 0.00138181 -61.094)
(0.000552793 0.00133779 -47.7952)
(0.000524884 0.00127901 -36.5362)
(0.000481348 0.0011719 -27.507)
(0.000413217 0.000935451 -20.8956)
(0.000345493 0.000727874 -16.6085)
(-0.000901221 -0.000520319 -377.736)
(-0.000988462 -0.000570687 -372.071)
(-0.000953898 -0.000550732 -364.589)
(-0.000845874 -0.000488364 -354.796)
(-0.000747617 -0.000431636 -342.867)
(-0.000654478 -0.000377862 -328.989)
(-0.00056283 -0.000324949 -313.357)
(-0.000467383 -0.000269843 -296.175)
(-0.0003582 -0.000206806 -277.656)
(-0.000223752 -0.000129183 -258.023)
(-5.24322e-05 -3.02717e-05 -237.515)
(0.00016162 9.33112e-05 -216.387)
(0.000411025 0.000237305 -194.921)
(0.000675892 0.000390225 -173.421)
(0.000921872 0.000532241 -152.212)
(0.00111349 0.000642875 -131.624)
(0.00122988 0.000710068 -111.975)
(0.00127247 0.000734657 -93.554)
(0.0012625 0.000728904 -76.6078)
(0.00122642 0.00070807 -61.3477)
(0.00118252 0.000682725 -47.962)
(0.00112837 0.000651461 -36.6343)
(0.00103429 0.000597147 -27.5555)
(0.000844453 0.000487544 -20.9136)
(0.000672974 0.000388541 -16.6122)
(0.000888339 0.000512881 -377.736)
(0.000990444 0.000571832 -372.071)
(0.000953005 0.000550217 -364.589)
(0.000845401 0.000488091 -354.796)
(0.000746893 0.000431218 -342.867)
(0.000653707 0.000377417 -328.989)
(0.000562181 0.000324574 -313.357)
(0.000466543 0.000269358 -296.175)
(0.000357289 0.00020628 -277.656)
(0.000222924 0.000128705 -258.023)
(5.13104e-05 2.9624e-05 -237.515)
(-0.000162915 -9.40586e-05 -216.387)
(-0.000412653 -0.000238245 -194.921)
(-0.000677652 -0.000391242 -173.421)
(-0.000923515 -0.00053319 -152.212)
(-0.00111485 -0.000643656 -131.624)
(-0.0012311 -0.000710775 -111.975)
(-0.00127385 -0.000735455 -93.554)
(-0.0012639 -0.000729712 -76.6078)
(-0.0012278 -0.00070887 -61.3477)
(-0.00118409 -0.000683633 -47.962)
(-0.00112939 -0.000652055 -36.6343)
(-0.00103464 -0.00059735 -27.5555)
(-0.000843872 -0.000487209 -20.9136)
(-0.000670494 -0.000387109 -16.6122)
(0.00094654 0.000324029 -375.572)
(0.00117257 -6.093e-05 -369.921)
(0.00112152 -3.28603e-05 -362.455)
(0.000992278 -2.04321e-05 -352.695)
(0.000875363 -1.32209e-05 -340.816)
(0.000763846 -3.39408e-06 -327.002)
(0.000654747 4.48437e-06 -311.448)
(0.000540878 1.26385e-05 -294.357)
(0.000411721 1.85903e-05 -275.941)
(0.000253035 2.51314e-05 -256.423)
(5.04856e-05 3.35187e-05 -236.039)
(-0.00020107 3.93282e-05 -215.047)
(-0.000497818 5.83571e-05 -193.723)
(-0.000813937 8.26057e-05 -172.372)
(-0.00110903 0.000111093 -151.313)
(-0.00134083 0.000140494 -130.873)
(-0.00148333 0.000164152 -111.367)
(-0.00153789 0.000180574 -93.0776)
(-0.00152869 0.000188945 -76.2504)
(-0.00148772 0.000192894 -61.094)
(-0.00143658 0.000192601 -47.7952)
(-0.00137138 0.000187188 -36.5361)
(-0.00125604 0.000169865 -27.507)
(-0.00101639 0.000109802 -20.8956)
(-0.000801389 6.38323e-05 -16.6085)
(0.00150386 0.00088845 -378.249)
(0.000669474 0.000397076 -372.58)
(0.0008037 0.000468363 -365.096)
(0.00072963 0.000417724 -355.297)
(0.000665788 0.000373461 -343.358)
(0.000603287 0.000336234 -329.466)
(0.000541024 0.000298742 -313.817)
(0.00047539 0.000262583 -296.614)
(0.0004008 0.000219684 -278.071)
(0.00030916 0.000169254 -258.411)
(0.000194144 0.000104069 -237.873)
(4.47864e-05 2.03901e-05 -216.714)
(-0.000121059 -7.4077e-05 -195.214)
(-0.000298521 -0.000173693 -173.678)
(-0.000463411 -0.000267249 -152.432)
(-0.000593189 -0.000339376 -131.808)
(-0.000674252 -0.000384585 -112.124)
(-0.000707547 -0.0004012 -93.6705)
(-0.000705977 -0.000399169 -76.695)
(-0.000687195 -0.000386681 -61.4092)
(-0.000664605 -0.000374921 -48.002)
(-0.000640076 -0.000362263 -36.6571)
(-0.000606957 -0.000347622 -27.5659)
(-0.000544891 -0.00031445 -20.9165)
(-0.000534028 -0.000310405 -16.6123)
(0.00159892 0.000923137 -375.943)
(0.000949881 0.000548414 -370.295)
(0.00105891 0.000611362 -362.824)
(0.000947662 0.000547133 -353.058)
(0.00085151 0.000491619 -341.169)
(0.000760759 0.000439224 -327.344)
(0.000671238 0.000387539 -311.775)
(0.000579251 0.00033443 -294.668)
(0.000474877 0.00027417 -276.234)
(0.000348339 0.000201113 -256.695)
(0.000187561 0.000108288 -236.29)
(-1.62788e-05 -9.39859e-06 -215.275)
(-0.000251982 -0.000145482 -193.927)
(-0.000504426 -0.00029123 -172.55)
(-0.000742107 -0.000428455 -151.465)
(-0.000930736 -0.00053736 -131.001)
(-0.00105013 -0.000606292 -111.47)
(-0.0010996 -0.000634852 -93.1594)
(-0.00109847 -0.0006342 -76.3125)
(-0.00107136 -0.000618547 -61.139)
(-0.00103849 -0.000599572 -47.826)
(-0.000998913 -0.000576722 -36.5557)
(-0.000937419 -0.000541218 -27.5185)
(-0.000803354 -0.000463816 -20.9017)
(-0.000730735 -0.00042189 -16.6105)
(0.000901696 0.000520593 -377.736)
(0.000988168 0.000570518 -372.071)
(0.000953608 0.000550564 -364.589)
(0.000845467 0.000488129 -354.796)
(0.000746897 0.00043122 -342.867)
(0.000653808 0.000377475 -328.989)
(0.000562223 0.000324599 -313.357)
(0.0004669 0.000269564 -296.175)
(0.000357702 0.000206519 -277.656)
(0.000223666 0.000129133 -258.023)
(5.21839e-05 3.01283e-05 -237.515)
(-0.000161609 -9.33046e-05 -216.387)
(-0.000411234 -0.000237425 -194.921)
(-0.000676027 -0.000390303 -173.421)
(-0.000921809 -0.000532205 -152.212)
(-0.00111309 -0.00064264 -131.624)
(-0.00122932 -0.000709746 -111.975)
(-0.00127204 -0.00073441 -93.554)
(-0.00126205 -0.000728643 -76.6078)
(-0.00122602 -0.000707843 -61.3477)
(-0.00118229 -0.000682593 -47.962)
(-0.00112805 -0.000651278 -36.6343)
(-0.0010339 -0.000596922 -27.5555)
(-0.000844055 -0.000487314 -20.9136)
(-0.000672346 -0.000388178 -16.6122)
(0.000748283 0.000674673 -375.572)
(0.000525917 0.0010521 -369.921)
(0.000529781 0.000990588 -362.455)
(0.00048053 0.00086723 -352.695)
(0.000432712 0.000757506 -340.816)
(0.000386366 0.000655394 -327.002)
(0.000339456 0.0005559 -311.448)
(0.000288828 0.000454508 -294.356)
(0.000229246 0.000339754 -275.94)
(0.000154326 0.000200819 -256.422)
(5.95743e-05 2.20042e-05 -236.039)
(-6.24178e-05 -0.00019692 -215.047)
(-0.000195104 -0.000462599 -193.723)
(-0.000333707 -0.000746539 -172.372)
(-0.000457612 -0.00101529 -151.313)
(-0.000549656 -0.00122886 -130.873)
(-0.000601433 -0.0013631 -111.366)
(-0.000615993 -0.00141681 -93.0775)
(-0.000604876 -0.00141233 -76.2504)
(-0.00058197 -0.00137776 -61.094)
(-0.000555934 -0.00133419 -47.7952)
(-0.00052733 -0.00127612 -36.5362)
(-0.000482344 -0.00117071 -27.507)
(-0.000413341 -0.000935114 -20.8956)
(-0.000345036 -0.000727804 -16.6085)
(-0.00094613 -0.000313453 -375.572)
(-0.00117249 7.5084e-05 -369.921)
(-0.00112198 3.57082e-05 -362.455)
(-0.000992506 1.50109e-05 -352.695)
(-0.000875845 -9.93322e-07 -340.816)
(-0.000763835 -1.14958e-05 -327.002)
(-0.000654995 -2.12692e-05 -311.448)
(-0.000540733 -2.71729e-05 -294.357)
(-0.000411867 -3.32056e-05 -275.941)
(-0.000252765 -3.65098e-05 -256.422)
(-5.06069e-05 -4.40967e-05 -236.039)
(0.00020124 -4.68134e-05 -215.047)
(0.000497714 -6.48649e-05 -193.723)
(0.000814068 -8.57165e-05 -172.372)
(0.00110899 -0.00011239 -151.313)
(0.00134107 -0.000138095 -130.873)
(0.0014834 -0.000159996 -111.367)
(0.00153807 -0.000173365 -93.0776)
(0.0015287 -0.000180686 -76.2504)
(0.00148785 -0.000182534 -61.094)
(0.00143651 -0.0001841 -47.7952)
(0.00137149 -0.000179733 -36.5361)
(0.00125599 -0.000167172 -27.507)
(0.00101649 -0.000109292 -20.8956)
(0.00080154 -6.42736e-05 -16.6085)
(-0.000885218 -0.00051108 -377.736)
(-0.000987159 -0.000569935 -372.071)
(-0.000952596 -0.00054998 -364.589)
(-0.00084691 -0.000488963 -354.796)
(-0.000750831 -0.000433492 -342.867)
(-0.000657552 -0.000379637 -328.989)
(-0.000566561 -0.000327103 -313.357)
(-0.000470138 -0.000271434 -296.175)
(-0.000361084 -0.000208472 -277.656)
(-0.000225458 -0.000130168 -258.023)
(-5.4014e-05 -3.11849e-05 -237.515)
(0.000161238 9.30903e-05 -216.387)
(0.000410912 0.00023724 -194.921)
(0.000676864 0.000390787 -173.421)
(0.000923176 0.000532995 -152.212)
(0.00111575 0.000644174 -131.624)
(0.00123241 0.000711533 -111.975)
(0.00127583 0.000736602 -93.554)
(0.00126606 0.000730957 -76.6078)
(0.00123051 0.000710431 -61.3477)
(0.00118615 0.000684822 -47.962)
(0.00113144 0.000653234 -36.6343)
(0.00103557 0.000597885 -27.5555)
(0.000844356 0.000487488 -20.9136)
(0.000670806 0.000387289 -16.6122)
)
;

boundaryField
{
    outletCentralUnloaded
    {
        type            zeroGradient;
    }
    inletCentralUnloaded
    {
        type            fixedValue;
        value           uniform (0 0 -15);
    }
    outletFuelElement
    {
        type            zeroGradient;
    }
    inletFuelElement
    {
        type            fixedValue;
        value           uniform (0 0 -15);
    }
    defaultFaces
    {
        type            slip;
    }
    baffle_master
    {
        type            slip;
    }
    baffle_slave
    {
        type            slip;
    }
}


// ************************************************************************* //
