/*--------------------------------*- C++ -*----------------------------------*\
| =========                 |                                                 |
| \\      /  F ield         | OpenFOAM: The Open Source CFD Toolbox           |
|  \\    /   O peration     | Version:  2212                                  |
|   \\  /    A nd           | Website:  www.openfoam.com                      |
|    \\/     M anipulation  |                                                 |
\*---------------------------------------------------------------------------*/
FoamFile
{
    version     2.0;
    format      ascii;
    arch        "LSB;label=32;scalar=64";
    class       volScalarField;
    location    "76/fluidRegion";
    object      Re;
}
// * * * * * * * * * * * * * * * * * * * * * * * * * * * * * * * * * * * * * //

dimensions      [0 0 0 0 0 0 0];

internalField   nonuniform List<scalar> 
350
(
174021
174022
174025
174027
174028
174029
174029
174028
174028
174028
174029
174031
174034
174037
174041
174045
174049
174051
174052
174052
174051
174048
174045
174040
174396
174021
174022
174025
174027
174028
174029
174029
174028
174028
174028
174029
174031
174034
174037
174041
174045
174049
174051
174052
174052
174051
174048
174045
174040
174396
55432.3
55383.2
55384.5
55384.7
55383.6
55381.3
55377.4
55371.8
55364.2
55354.6
55342.7
55328.5
55312
55293.3
55272
55247.2
55216.9
55179.4
55133.7
55085.8
55055.1
55101.2
55368.3
56114.5
56605.8
54941.2
54884.5
54881.6
54877.6
54872.8
54866.8
54859.6
54850.9
54840.5
54828.3
54814.2
54798.8
54782.6
54766.8
54752
54738.2
54724.4
54708.5
54690
54675.1
54684.6
54781.6
55116.1
55952.7
56553
55514.4
55464.9
55466.6
55467.1
55466.3
55464.1
55460.4
55454.9
55447.4
55437.7
55425.6
55411.1
55393.9
55374.1
55351
55323.6
55289.9
55248
55197
55142.6
55104.1
55140.3
55395
56126.7
56607.7
55051
54996.5
54994.7
54991.9
54988.1
54983.2
54976.9
54969.1
54959.6
54948.1
54934.7
54919.7
54903.7
54887.4
54871.4
54855.3
54837.9
54817.2
54792.7
54770.4
54770.9
54856.3
55175.7
55991.7
56566.1
55051
54996.5
54994.7
54991.9
54988.1
54983.2
54976.9
54969.1
54959.6
54948.1
54934.7
54919.7
54903.7
54887.4
54871.4
54855.3
54837.9
54817.2
54792.7
54770.4
54770.9
54856.3
55175.7
55991.7
56566.1
55514.4
55464.9
55466.6
55467.1
55466.3
55464.1
55460.4
55454.9
55447.4
55437.7
55425.6
55411
55393.9
55374
55351
55323.5
55289.8
55247.9
55196.9
55142.5
55104
55140.2
55394.9
56126.5
56607.6
54941.2
54884.5
54881.6
54877.6
54872.8
54866.8
54859.6
54850.9
54840.5
54828.3
54814.2
54798.8
54782.6
54766.8
54752
54738.2
54724.4
54708.5
54690
54675.1
54684.6
54781.6
55116.2
55952.7
56553
55432.3
55383.2
55384.5
55384.7
55383.6
55381.3
55377.4
55371.8
55364.2
55354.6
55342.7
55328.5
55312
55293.3
55272
55247.2
55216.9
55179.4
55133.7
55085.9
55055.2
55101.2
55368.3
56114.5
56605.8
55051
54996.5
54994.7
54991.9
54988.1
54983.2
54976.9
54969.1
54959.6
54948.1
54934.7
54919.7
54903.7
54887.4
54871.4
54855.3
54837.8
54817.2
54792.7
54770.3
54770.8
54856.3
55175.6
55991.7
56566.1
55514.4
55464.9
55466.6
55467.1
55466.3
55464.1
55460.4
55454.9
55447.4
55437.7
55425.6
55411.1
55393.9
55374.1
55351
55323.6
55289.9
55247.9
55196.9
55142.6
55104
55140.3
55395
56126.7
56607.7
55514.4
55464.9
55466.6
55467.1
55466.3
55464.1
55460.4
55454.9
55447.4
55437.7
55425.6
55411
55393.9
55374
55351
55323.5
55289.8
55247.9
55196.9
55142.5
55104
55140.2
55394.9
56126.5
56607.6
55051
54996.5
54994.7
54991.9
54988.1
54983.2
54976.9
54969.1
54959.6
54948.1
54934.7
54919.7
54903.7
54887.4
54871.4
54855.3
54837.9
54817.2
54792.7
54770.4
54770.9
54856.4
55175.7
55991.8
56566.2
)
;

boundaryField
{
    outletCentralUnloaded
    {
        type            zeroGradient;
    }
    inletCentralUnloaded
    {
        type            zeroGradient;
    }
    outletFuelElement
    {
        type            zeroGradient;
    }
    inletFuelElement
    {
        type            zeroGradient;
    }
    defaultFaces
    {
        type            zeroGradient;
    }
    baffle_master
    {
        type            zeroGradient;
    }
    baffle_slave
    {
        type            zeroGradient;
    }
}


// ************************************************************************* //
