/*--------------------------------*- C++ -*----------------------------------*\
| =========                 |                                                 |
| \\      /  F ield         | OpenFOAM: The Open Source CFD Toolbox           |
|  \\    /   O peration     | Version:  2212                                  |
|   \\  /    A nd           | Website:  www.openfoam.com                      |
|    \\/     M anipulation  |                                                 |
\*---------------------------------------------------------------------------*/
FoamFile
{
    version     2.0;
    format      ascii;
    arch        "LSB;label=32;scalar=64";
    class       volScalarField;
    location    "25/neutroRegion";
    object      TFuel;
}
// * * * * * * * * * * * * * * * * * * * * * * * * * * * * * * * * * * * * * //

dimensions      [0 0 0 1 0 0 0];

internalField   nonuniform List<scalar> 
350
(
0
0
0
0
0
0
0
0
0
0
0
0
0
0
0
0
0
0
0
0
0
0
0
0
0
0
0
0
0
0
0
0
0
0
0
0
0
0
0
0
0
0
0
0
0
0
0
0
0
0
1892.3
2641.89
3363.44
4045.98
4679.1
5253.13
5759.26
6189.76
6538
6798.67
6967.79
7042.8
7022.66
6907.78
6700.07
6402.84
6020.61
5558.95
5024.03
4422.28
3759.31
3039.61
2265.7
1440.81
578.176
1917.92
2676.31
3406.27
4096.71
4737.11
5317.66
5829.48
6264.73
6616.73
6880.09
7050.78
7126.25
7105.42
6988.72
6778.1
6476.9
6089.76
5622.31
5080.85
4471.9
3801.16
3073.14
2290.33
1455.9
583.242
1888.13
2636.34
3356.56
4037.86
4669.84
5242.83
5748.08
6177.83
6525.49
6785.74
6954.61
7029.56
7009.54
6894.95
6687.71
6391.1
6009.66
5548.92
5015.04
4414.43
3752.7
3034.32
2261.82
1438.44
577.376
1912.14
2668.49
3396.51
4085.12
4723.83
5302.86
5813.37
6247.51
6598.64
6861.37
7031.69
7107.05
7086.37
6970.09
6760.13
6459.85
6073.83
5607.72
5067.76
4460.47
3791.52
3065.42
2284.65
1452.42
582.075
1912.14
2668.49
3396.51
4085.12
4723.83
5302.86
5813.37
6247.51
6598.64
6861.37
7031.69
7107.05
7086.37
6970.09
6760.13
6459.85
6073.83
5607.72
5067.76
4460.47
3791.52
3065.42
2284.65
1452.42
582.075
1888.13
2636.34
3356.57
4037.86
4669.84
5242.84
5748.08
6177.83
6525.49
6785.74
6954.61
7029.57
7009.54
6894.95
6687.71
6391.1
6009.66
5548.92
5015.04
4414.43
3752.7
3034.32
2261.83
1438.44
577.376
1917.92
2676.31
3406.27
4096.72
4737.11
5317.66
5829.48
6264.73
6616.73
6880.09
7050.78
7126.25
7105.42
6988.72
6778.1
6476.9
6089.76
5622.31
5080.85
4471.9
3801.16
3073.14
2290.33
1455.9
583.242
1892.3
2641.89
3363.44
4045.98
4679.1
5253.13
5759.26
6189.75
6538
6798.67
6967.79
7042.8
7022.66
6907.78
6700.07
6402.84
6020.61
5558.95
5024.03
4422.28
3759.31
3039.61
2265.7
1440.81
578.176
1912.14
2668.5
3396.51
4085.12
4723.83
5302.86
5813.37
6247.51
6598.64
6861.37
7031.69
7107.05
7086.37
6970.09
6760.13
6459.85
6073.83
5607.72
5067.76
4460.47
3791.52
3065.42
2284.65
1452.42
582.075
1888.13
2636.34
3356.56
4037.86
4669.84
5242.83
5748.08
6177.83
6525.49
6785.74
6954.61
7029.56
7009.53
6894.95
6687.71
6391.1
6009.66
5548.92
5015.04
4414.43
3752.7
3034.32
2261.83
1438.44
577.376
1888.13
2636.34
3356.57
4037.86
4669.84
5242.84
5748.08
6177.83
6525.49
6785.74
6954.61
7029.57
7009.54
6894.95
6687.71
6391.1
6009.66
5548.92
5015.04
4414.43
3752.7
3034.32
2261.83
1438.44
577.376
1912.14
2668.49
3396.51
4085.12
4723.83
5302.86
5813.37
6247.51
6598.64
6861.37
7031.69
7107.05
7086.37
6970.09
6760.13
6459.84
6073.83
5607.72
5067.76
4460.47
3791.52
3065.42
2284.65
1452.42
582.075
)
;

boundaryField
{
    outletCentralUnloaded
    {
        type            zeroGradient;
    }
    inletCentralUnloaded
    {
        type            zeroGradient;
    }
    outletFuelElement
    {
        type            zeroGradient;
    }
    inletFuelElement
    {
        type            zeroGradient;
    }
    defaultFaces
    {
        type            zeroGradient;
    }
}


// ************************************************************************* //
