/*--------------------------------*- C++ -*----------------------------------*\
| =========                 |                                                 |
| \\      /  F ield         | OpenFOAM: The Open Source CFD Toolbox           |
|  \\    /   O peration     | Version:  2212                                  |
|   \\  /    A nd           | Website:  www.openfoam.com                      |
|    \\/     M anipulation  |                                                 |
\*---------------------------------------------------------------------------*/
FoamFile
{
    version     2.0;
    format      ascii;
    arch        "LSB;label=32;scalar=64";
    class       volScalarField;
    location    "33/neutroRegion";
    object      TClad;
}
// * * * * * * * * * * * * * * * * * * * * * * * * * * * * * * * * * * * * * //

dimensions      [0 0 0 1 0 0 0];

internalField   nonuniform List<scalar> 
350
(
0
0
0
0
0
0
0
0
0
0
0
0
0
0
0
0
0
0
0
0
0
0
0
0
0
0
0
0
0
0
0
0
0
0
0
0
0
0
0
0
0
0
0
0
0
0
0
0
0
0
1814.57
1853.85
1880.21
1893.65
1894.29
1882.42
1858.44
1822.93
1776.6
1720.27
1654.93
1581.67
1501.71
1416.38
1327.1
1235.33
1142.43
1049.43
956.702
863.393
766.581
660.087
533.547
375.573
188.029
1842.25
1882.18
1908.95
1922.58
1923.19
1911.05
1886.6
1850.41
1803.2
1745.81
1679.25
1604.61
1523.14
1436.18
1345.19
1251.64
1156.95
1062.21
967.841
873.03
774.848
667.035
539.016
379.117
189.228
1810.07
1849.27
1875.58
1889.01
1889.67
1877.86
1853.97
1818.59
1772.4
1716.26
1651.13
1578.09
1498.38
1413.31
1324.31
1232.82
1140.2
1047.48
955.003
861.93
765.333
659.049
532.741
375.055
187.847
1836.03
1875.79
1902.45
1916.02
1916.63
1904.54
1880.18
1844.14
1797.11
1739.96
1673.67
1599.34
1518.21
1431.62
1341.02
1247.88
1153.6
1059.26
965.266
870.801
772.935
665.427
537.748
378.295
188.951
1836.03
1875.79
1902.45
1916.02
1916.63
1904.54
1880.18
1844.14
1797.11
1739.96
1673.67
1599.34
1518.21
1431.62
1341.02
1247.88
1153.6
1059.26
965.266
870.801
772.935
665.427
537.748
378.295
188.951
1810.07
1849.27
1875.58
1889.01
1889.68
1877.86
1853.98
1818.59
1772.41
1716.26
1651.13
1578.09
1498.38
1413.31
1324.31
1232.82
1140.2
1047.48
955.004
861.93
765.334
659.05
532.742
375.056
187.847
1842.25
1882.18
1908.95
1922.58
1923.19
1911.05
1886.6
1850.41
1803.2
1745.81
1679.25
1604.61
1523.14
1436.18
1345.19
1251.64
1156.95
1062.21
967.841
873.03
774.848
667.035
539.016
379.117
189.228
1814.57
1853.85
1880.21
1893.65
1894.29
1882.42
1858.44
1822.93
1776.6
1720.27
1654.93
1581.67
1501.71
1416.38
1327.1
1235.33
1142.43
1049.43
956.702
863.393
766.581
660.087
533.547
375.573
188.029
1836.03
1875.79
1902.45
1916.02
1916.63
1904.54
1880.18
1844.14
1797.11
1739.96
1673.67
1599.34
1518.21
1431.62
1341.02
1247.88
1153.6
1059.26
965.266
870.801
772.935
665.427
537.748
378.295
188.951
1810.07
1849.27
1875.58
1889.01
1889.67
1877.86
1853.97
1818.59
1772.4
1716.26
1651.13
1578.09
1498.38
1413.31
1324.31
1232.82
1140.2
1047.48
955.003
861.929
765.333
659.049
532.741
375.055
187.847
1810.07
1849.27
1875.58
1889.01
1889.68
1877.86
1853.97
1818.59
1772.41
1716.26
1651.13
1578.09
1498.38
1413.31
1324.31
1232.82
1140.2
1047.48
955.004
861.93
765.334
659.05
532.742
375.056
187.847
1836.03
1875.79
1902.45
1916.02
1916.63
1904.54
1880.18
1844.14
1797.11
1739.96
1673.67
1599.34
1518.21
1431.62
1341.02
1247.88
1153.6
1059.26
965.266
870.801
772.935
665.427
537.748
378.295
188.951
)
;

boundaryField
{
    outletCentralUnloaded
    {
        type            zeroGradient;
    }
    inletCentralUnloaded
    {
        type            zeroGradient;
    }
    outletFuelElement
    {
        type            zeroGradient;
    }
    inletFuelElement
    {
        type            zeroGradient;
    }
    defaultFaces
    {
        type            zeroGradient;
    }
}


// ************************************************************************* //
