/*--------------------------------*- C++ -*----------------------------------*\
| =========                 |                                                 |
| \\      /  F ield         | OpenFOAM: The Open Source CFD Toolbox           |
|  \\    /   O peration     | Version:  2212                                  |
|   \\  /    A nd           | Website:  www.openfoam.com                      |
|    \\/     M anipulation  |                                                 |
\*---------------------------------------------------------------------------*/
FoamFile
{
    version     2.0;
    format      ascii;
    arch        "LSB;label=32;scalar=64";
    class       volScalarField;
    location    "27/fluidRegion";
    object      hdeltaT;
}
// * * * * * * * * * * * * * * * * * * * * * * * * * * * * * * * * * * * * * //

dimensions      [1 0 -3 0 0 0 0];

internalField   nonuniform List<scalar> 
350
(
0
0
0
0
0
0
0
0
0
0
0
0
0
0
0
0
0
0
0
0
0
0
0
0
0
0
0
0
0
0
0
0
0
0
0
0
0
0
0
0
0
0
0
0
0
0
0
0
0
0
248253
1.11365e+06
1.95974e+06
2.77315e+06
3.54107e+06
4.2514e+06
4.89295e+06
5.45562e+06
5.93055e+06
6.3103e+06
6.5889e+06
6.762e+06
6.82689e+06
6.78257e+06
6.62976e+06
6.37083e+06
6.00985e+06
5.55246e+06
5.00588e+06
4.37896e+06
3.68199e+06
2.92711e+06
2.1283e+06
1.30109e+06
459105
249143
1.12446e+06
1.98025e+06
2.80301e+06
3.57977e+06
4.29829e+06
4.94724e+06
5.51641e+06
5.99686e+06
6.38104e+06
6.66291e+06
6.83807e+06
6.9038e+06
6.85907e+06
6.70461e+06
6.44284e+06
6.07784e+06
5.61533e+06
5.06259e+06
4.42858e+06
3.72368e+06
2.96017e+06
2.15221e+06
1.31554e+06
463946
248117
1.11193e+06
1.95647e+06
2.76839e+06
3.5349e+06
4.24393e+06
4.88429e+06
5.44592e+06
5.91998e+06
6.29902e+06
6.5771e+06
6.74987e+06
6.81462e+06
6.77037e+06
6.61782e+06
6.35935e+06
5.999e+06
5.54243e+06
4.99683e+06
4.37104e+06
3.67534e+06
2.92183e+06
2.12448e+06
1.29878e+06
458332
248917
1.12196e+06
1.97551e+06
2.79612e+06
3.57085e+06
4.28748e+06
4.93473e+06
5.50241e+06
5.9816e+06
6.36475e+06
6.64587e+06
6.82056e+06
6.88609e+06
6.84146e+06
6.68738e+06
6.42626e+06
6.06219e+06
5.60086e+06
5.04954e+06
4.41716e+06
3.71408e+06
2.95256e+06
2.1467e+06
1.31221e+06
462832
248917
1.12196e+06
1.97551e+06
2.79612e+06
3.57085e+06
4.28748e+06
4.93473e+06
5.50241e+06
5.9816e+06
6.36475e+06
6.64587e+06
6.82056e+06
6.88609e+06
6.84146e+06
6.68738e+06
6.42626e+06
6.06219e+06
5.60086e+06
5.04954e+06
4.41716e+06
3.71408e+06
2.95256e+06
2.14671e+06
1.31221e+06
462832
248117
1.11193e+06
1.95647e+06
2.76839e+06
3.5349e+06
4.24393e+06
4.88429e+06
5.44592e+06
5.91998e+06
6.29902e+06
6.5771e+06
6.74987e+06
6.81462e+06
6.77037e+06
6.61782e+06
6.35935e+06
5.999e+06
5.54243e+06
4.99683e+06
4.37104e+06
3.67534e+06
2.92183e+06
2.12448e+06
1.29878e+06
458333
249143
1.12446e+06
1.98026e+06
2.80301e+06
3.57977e+06
4.29828e+06
4.94724e+06
5.51641e+06
5.99686e+06
6.38104e+06
6.66291e+06
6.83807e+06
6.9038e+06
6.85907e+06
6.70461e+06
6.44284e+06
6.07784e+06
5.61533e+06
5.06259e+06
4.42858e+06
3.72368e+06
2.96017e+06
2.15221e+06
1.31554e+06
463946
248253
1.11365e+06
1.95974e+06
2.77315e+06
3.54107e+06
4.2514e+06
4.89295e+06
5.45562e+06
5.93055e+06
6.3103e+06
6.5889e+06
6.762e+06
6.82689e+06
6.78257e+06
6.62976e+06
6.37083e+06
6.00985e+06
5.55246e+06
5.00588e+06
4.37896e+06
3.68199e+06
2.92711e+06
2.1283e+06
1.30109e+06
459105
248917
1.12196e+06
1.97552e+06
2.79612e+06
3.57085e+06
4.28748e+06
4.93473e+06
5.50241e+06
5.9816e+06
6.36475e+06
6.64587e+06
6.82056e+06
6.88609e+06
6.84146e+06
6.68738e+06
6.42626e+06
6.06219e+06
5.60086e+06
5.04954e+06
4.41716e+06
3.71408e+06
2.95256e+06
2.14671e+06
1.31221e+06
462832
248117
1.11193e+06
1.95647e+06
2.76839e+06
3.5349e+06
4.24393e+06
4.88429e+06
5.44592e+06
5.91998e+06
6.29902e+06
6.5771e+06
6.74987e+06
6.81462e+06
6.77037e+06
6.61782e+06
6.35935e+06
5.999e+06
5.54243e+06
4.99683e+06
4.37104e+06
3.67534e+06
2.92183e+06
2.12448e+06
1.29878e+06
458333
248117
1.11193e+06
1.95647e+06
2.76839e+06
3.5349e+06
4.24393e+06
4.88429e+06
5.44592e+06
5.91998e+06
6.29902e+06
6.5771e+06
6.74987e+06
6.81462e+06
6.77037e+06
6.61782e+06
6.35935e+06
5.999e+06
5.54243e+06
4.99683e+06
4.37104e+06
3.67533e+06
2.92183e+06
2.12448e+06
1.29878e+06
458332
248917
1.12196e+06
1.97551e+06
2.79612e+06
3.57085e+06
4.28748e+06
4.93473e+06
5.50241e+06
5.9816e+06
6.36475e+06
6.64587e+06
6.82056e+06
6.88609e+06
6.84146e+06
6.68738e+06
6.42626e+06
6.06219e+06
5.60086e+06
5.04954e+06
4.41716e+06
3.71408e+06
2.95256e+06
2.14671e+06
1.31221e+06
462832
)
;

boundaryField
{
    outletCentralUnloaded
    {
        type            calculated;
        value           uniform 0;
    }
    inletCentralUnloaded
    {
        type            calculated;
        value           uniform 0;
    }
    outletFuelElement
    {
        type            calculated;
        value           uniform 0;
    }
    inletFuelElement
    {
        type            calculated;
        value           nonuniform List<scalar> 
12
(
3.0233e+06
3.02217e+06
3.02321e+06
3.02247e+06
3.02247e+06
3.02321e+06
3.02217e+06
3.0233e+06
3.02247e+06
3.02321e+06
3.02321e+06
3.02247e+06
)
;
    }
    defaultFaces
    {
        type            calculated;
        value           nonuniform List<scalar> 
450
(
0
0
0
0
0
0
0
0
0
0
0
0
0
0
0
0
0
0
0
0
0
0
0
0
0
0
0
0
0
0
0
0
0
0
0
0
0
0
0
0
0
0
0
0
0
108314
108314
108314
1.44324e+06
1.44324e+06
1.44324e+06
2.44667e+06
2.44667e+06
2.44667e+06
3.12525e+06
3.12525e+06
3.12525e+06
3.50229e+06
3.50229e+06
3.50229e+06
3.61919e+06
3.61919e+06
3.61919e+06
3.53817e+06
3.53817e+06
3.53817e+06
3.34456e+06
3.34456e+06
3.34456e+06
3.14256e+06
3.14256e+06
3.14256e+06
2.98908e+06
2.98908e+06
2.98908e+06
0
0
0
0
0
0
0
0
0
0
0
0
0
0
0
0
0
0
0
0
0
0
0
0
0
0
0
0
0
0
132084
132084
1.46048e+06
1.46048e+06
2.45856e+06
2.45856e+06
3.13295e+06
3.13295e+06
3.50692e+06
3.50692e+06
3.62172e+06
3.62172e+06
3.53942e+06
3.53942e+06
3.34509e+06
3.34509e+06
3.14269e+06
3.14269e+06
2.98905e+06
2.98905e+06
0
0
0
0
0
0
0
0
0
0
0
0
0
0
0
0
1.35514e+06
2.38522e+06
3.08469e+06
3.47713e+06
3.60443e+06
3.52966e+06
3.33939e+06
3.13941e+06
2.98798e+06
0
0
0
0
0
0
0
0
0
0
0
0
0
0
0
0
1.35514e+06
2.38522e+06
3.08469e+06
3.47713e+06
3.60443e+06
3.52966e+06
3.33939e+06
3.13941e+06
2.98798e+06
0
0
0
0
0
0
0
0
0
0
0
0
0
0
0
0
0
0
0
0
0
0
0
0
0
0
0
0
0
0
132070
132070
1.46047e+06
1.46047e+06
2.45855e+06
2.45855e+06
3.13294e+06
3.13294e+06
3.50691e+06
3.50691e+06
3.62172e+06
3.62172e+06
3.53941e+06
3.53941e+06
3.34508e+06
3.34508e+06
3.14268e+06
3.14268e+06
2.98905e+06
2.98905e+06
0
0
0
0
0
0
0
0
0
0
0
0
0
0
0
0
0
0
0
0
0
0
0
0
0
0
0
0
0
0
0
0
0
0
0
0
0
0
0
0
0
0
0
0
0
108314
108314
108314
1.44325e+06
1.44325e+06
1.44325e+06
2.44667e+06
2.44667e+06
2.44667e+06
3.12525e+06
3.12525e+06
3.12525e+06
3.50229e+06
3.50229e+06
3.50229e+06
3.61919e+06
3.61919e+06
3.61919e+06
3.53817e+06
3.53817e+06
3.53817e+06
3.34456e+06
3.34456e+06
3.34456e+06
3.14256e+06
3.14256e+06
3.14256e+06
2.98908e+06
2.98908e+06
2.98908e+06
0
0
0
0
0
0
0
0
0
0
0
0
0
0
0
0
1.35514e+06
2.38522e+06
3.08469e+06
3.47713e+06
3.60443e+06
3.52966e+06
3.33939e+06
3.13941e+06
2.98798e+06
0
0
0
0
0
0
0
0
0
0
0
0
0
0
0
0
0
0
0
0
0
0
0
0
0
0
0
0
0
0
132084
132084
1.46048e+06
1.46048e+06
2.45856e+06
2.45856e+06
3.13295e+06
3.13295e+06
3.50692e+06
3.50692e+06
3.62172e+06
3.62172e+06
3.53942e+06
3.53942e+06
3.34509e+06
3.34509e+06
3.14269e+06
3.14269e+06
2.98905e+06
2.98905e+06
0
0
0
0
0
0
0
0
0
0
0
0
0
0
0
0
0
0
0
0
0
0
0
0
0
0
0
0
0
0
132071
132071
1.46047e+06
1.46047e+06
2.45855e+06
2.45855e+06
3.13294e+06
3.13294e+06
3.50691e+06
3.50691e+06
3.62172e+06
3.62172e+06
3.53941e+06
3.53941e+06
3.34508e+06
3.34508e+06
3.14268e+06
3.14268e+06
2.98905e+06
2.98905e+06
0
0
0
0
0
0
0
0
0
0
0
0
0
0
0
0
1.35514e+06
2.38522e+06
3.08469e+06
3.47713e+06
3.60443e+06
3.52966e+06
3.33939e+06
3.13941e+06
2.98798e+06
)
;
    }
    baffle_master
    {
        type            calculated;
        value           uniform 0;
    }
    baffle_slave
    {
        type            calculated;
        value           nonuniform List<scalar> 
150
(
0
0
0
0
0
0
0
0
0
0
0
0
0
0
0
0
0
0
0
0
0
0
0
0
0
0
0
0
0
0
0
0
0
0
0
0
0
0
0
0
0
0
0
0
0
0
0
0
1.32861e+06
1.35514e+06
1.35514e+06
2.36667e+06
2.38522e+06
2.38522e+06
3.07241e+06
3.08469e+06
3.08469e+06
3.46948e+06
3.47713e+06
3.47713e+06
3.59991e+06
3.60443e+06
3.60443e+06
3.52703e+06
3.52966e+06
3.52966e+06
3.33776e+06
3.33939e+06
3.33939e+06
3.13837e+06
3.13941e+06
3.13941e+06
2.98761e+06
2.98798e+06
2.98798e+06
0
0
0
0
0
0
0
0
0
0
0
0
0
0
0
0
0
0
0
0
0
0
0
0
0
0
0
0
0
0
0
0
0
0
0
0
0
0
0
0
0
0
0
0
0
0
0
0
1.35514e+06
1.32861e+06
1.35514e+06
2.38522e+06
2.36667e+06
2.38522e+06
3.08469e+06
3.07241e+06
3.08469e+06
3.47713e+06
3.46947e+06
3.47713e+06
3.60443e+06
3.59991e+06
3.60443e+06
3.52966e+06
3.52703e+06
3.52966e+06
3.33939e+06
3.33776e+06
3.33939e+06
3.13941e+06
3.13837e+06
3.13941e+06
2.98798e+06
2.98761e+06
2.98798e+06
)
;
    }
}


// ************************************************************************* //
