/*--------------------------------*- C++ -*----------------------------------*\
| =========                 |                                                 |
| \\      /  F ield         | OpenFOAM: The Open Source CFD Toolbox           |
|  \\    /   O peration     | Version:  2212                                  |
|   \\  /    A nd           | Website:  www.openfoam.com                      |
|    \\/     M anipulation  |                                                 |
\*---------------------------------------------------------------------------*/
FoamFile
{
    version     2.0;
    format      ascii;
    arch        "LSB;label=32;scalar=64";
    class       volScalarField;
    location    "27/fluidRegion";
    object      nut;
}
// * * * * * * * * * * * * * * * * * * * * * * * * * * * * * * * * * * * * * //

dimensions      [0 2 -1 0 0 0 0];

internalField   nonuniform List<scalar> 
350
(
0.000537503
0.000537459
0.000537415
0.00053737
0.000537326
0.000537282
0.000537238
0.000537194
0.000537151
0.000537108
0.000537066
0.000537025
0.000536986
0.00053695
0.000536918
0.000536892
0.000536876
0.000536876
0.000536898
0.000536955
0.000537066
0.000537258
0.000537576
0.000538086
0.000539539
0.000537503
0.000537459
0.000537415
0.00053737
0.000537326
0.000537282
0.000537238
0.000537194
0.000537151
0.000537108
0.000537066
0.000537025
0.000536986
0.00053695
0.000536918
0.000536892
0.000536876
0.000536876
0.000536898
0.000536955
0.000537066
0.000537258
0.000537576
0.000538086
0.000539539
0.00992297
0.00973179
0.00949123
0.00919442
0.00884613
0.00845144
0.00801557
0.00754397
0.00704224
0.00651623
0.00597212
0.00541649
0.00485647
0.00429977
0.00375453
0.00322899
0.00273108
0.0022679
0.00184554
0.00146913
0.00114326
0.000872349
0.000660485
0.000509978
0.000416437
0.00998566
0.00979364
0.00955236
0.00925433
0.0089044
0.00850767
0.00806941
0.00759506
0.00709026
0.00656089
0.00601313
0.00545362
0.00488952
0.00432861
0.00377912
0.0032494
0.0027475
0.00228065
0.001855
0.00147574
0.00114751
0.000874758
0.000661602
0.000510338
0.000416501
0.00991279
0.00972161
0.00948123
0.00918464
0.00883666
0.00844232
0.00800688
0.00753575
0.00703453
0.00650909
0.00596557
0.00541058
0.00485122
0.0042952
0.00375063
0.00322575
0.00272846
0.00226586
0.001844
0.00146803
0.00114252
0.000871884
0.000660217
0.000509838
0.000416391
0.00997179
0.00977995
0.00953879
0.009241
0.00889141
0.00849511
0.00805735
0.0075836
0.00707947
0.00655083
0.00600388
0.00544522
0.00488204
0.00432207
0.00377353
0.00324476
0.00274376
0.00227775
0.00185284
0.00147423
0.00114655
0.000874216
0.000661357
0.000510266
0.000416492
0.00997179
0.00977995
0.00953879
0.009241
0.00889141
0.00849511
0.00805735
0.0075836
0.00707947
0.00655083
0.00600388
0.00544522
0.00488204
0.00432207
0.00377353
0.00324476
0.00274376
0.00227775
0.00185284
0.00147423
0.00114655
0.000874216
0.000661357
0.000510266
0.000416492
0.0099128
0.00972162
0.00948123
0.00918465
0.00883666
0.00844233
0.00800688
0.00753575
0.00703454
0.00650909
0.00596558
0.00541058
0.00485123
0.0042952
0.00375063
0.00322575
0.00272846
0.00226586
0.001844
0.00146803
0.00114252
0.000871883
0.000660216
0.000509836
0.00041639
0.00998566
0.00979364
0.00955236
0.00925433
0.0089044
0.00850767
0.00806941
0.00759506
0.00709026
0.00656089
0.00601313
0.00545362
0.00488952
0.00432861
0.00377912
0.0032494
0.0027475
0.00228065
0.001855
0.00147574
0.00114751
0.000874758
0.000661602
0.000510338
0.000416501
0.00992297
0.00973179
0.00949123
0.00919442
0.00884613
0.00845144
0.00801557
0.00754397
0.00704224
0.00651623
0.00597212
0.00541649
0.00485647
0.00429977
0.00375453
0.00322899
0.00273108
0.0022679
0.00184554
0.00146913
0.00114326
0.000872348
0.000660484
0.000509976
0.000416435
0.00997179
0.00977995
0.00953879
0.009241
0.00889141
0.00849511
0.00805735
0.0075836
0.00707947
0.00655083
0.00600388
0.00544522
0.00488204
0.00432207
0.00377353
0.00324476
0.00274376
0.00227775
0.00185284
0.00147423
0.00114655
0.000874216
0.000661356
0.000510265
0.000416491
0.00991279
0.00972161
0.00948123
0.00918464
0.00883666
0.00844232
0.00800688
0.00753575
0.00703454
0.00650909
0.00596557
0.00541058
0.00485122
0.0042952
0.00375063
0.00322575
0.00272846
0.00226586
0.001844
0.00146803
0.00114252
0.000871886
0.00066022
0.000509841
0.000416395
0.0099128
0.00972162
0.00948123
0.00918465
0.00883666
0.00844233
0.00800688
0.00753575
0.00703454
0.00650909
0.00596558
0.00541058
0.00485123
0.0042952
0.00375063
0.00322575
0.00272846
0.00226586
0.001844
0.00146803
0.00114252
0.000871883
0.000660216
0.000509836
0.000416391
0.00997179
0.00977995
0.00953879
0.009241
0.00889141
0.00849511
0.00805735
0.0075836
0.00707947
0.00655083
0.00600388
0.00544522
0.00488204
0.00432207
0.00377353
0.00324476
0.00274376
0.00227775
0.00185284
0.00147423
0.00114654
0.000874214
0.000661354
0.000510263
0.000416489
)
;

boundaryField
{
    outletCentralUnloaded
    {
        type            zeroGradient;
    }
    inletCentralUnloaded
    {
        type            zeroGradient;
    }
    outletFuelElement
    {
        type            zeroGradient;
    }
    inletFuelElement
    {
        type            zeroGradient;
    }
    defaultFaces
    {
        type            zeroGradient;
    }
    baffle_master
    {
        type            calculated;
        value           nonuniform List<scalar> 
150
(
0.000537503
0.000537503
0.000537503
0.000537459
0.000537459
0.000537459
0.000537415
0.000537415
0.000537415
0.00053737
0.00053737
0.00053737
0.000537326
0.000537326
0.000537326
0.000537282
0.000537282
0.000537282
0.000537238
0.000537238
0.000537238
0.000537194
0.000537194
0.000537194
0.000537151
0.000537151
0.000537151
0.000537108
0.000537108
0.000537108
0.000537066
0.000537066
0.000537066
0.000537025
0.000537025
0.000537025
0.000536986
0.000536986
0.000536986
0.00053695
0.00053695
0.00053695
0.000536918
0.000536918
0.000536918
0.000536892
0.000536892
0.000536892
0.000536876
0.000536876
0.000536876
0.000536876
0.000536876
0.000536876
0.000536898
0.000536898
0.000536898
0.000536955
0.000536955
0.000536955
0.000537066
0.000537066
0.000537066
0.000537258
0.000537258
0.000537258
0.000537576
0.000537576
0.000537576
0.000538086
0.000538086
0.000538086
0.000539539
0.000539539
0.000539539
0.000537503
0.000537503
0.000537503
0.000537459
0.000537459
0.000537459
0.000537415
0.000537415
0.000537415
0.00053737
0.00053737
0.00053737
0.000537326
0.000537326
0.000537326
0.000537282
0.000537282
0.000537282
0.000537238
0.000537238
0.000537238
0.000537194
0.000537194
0.000537194
0.000537151
0.000537151
0.000537151
0.000537108
0.000537108
0.000537108
0.000537066
0.000537066
0.000537066
0.000537025
0.000537025
0.000537025
0.000536986
0.000536986
0.000536986
0.00053695
0.00053695
0.00053695
0.000536918
0.000536918
0.000536918
0.000536892
0.000536892
0.000536892
0.000536876
0.000536876
0.000536876
0.000536876
0.000536876
0.000536876
0.000536898
0.000536898
0.000536898
0.000536955
0.000536955
0.000536955
0.000537066
0.000537066
0.000537066
0.000537258
0.000537258
0.000537258
0.000537576
0.000537576
0.000537576
0.000538086
0.000538086
0.000538086
0.000539539
0.000539539
0.000539539
)
;
    }
    baffle_slave
    {
        type            calculated;
        value           nonuniform List<scalar> 
150
(
0.00998566
0.00997179
0.00997179
0.00979364
0.00977995
0.00977995
0.00955236
0.00953879
0.00953879
0.00925433
0.009241
0.009241
0.0089044
0.00889141
0.00889141
0.00850767
0.00849511
0.00849511
0.00806941
0.00805735
0.00805735
0.00759506
0.0075836
0.0075836
0.00709026
0.00707947
0.00707947
0.00656089
0.00655083
0.00655083
0.00601313
0.00600388
0.00600388
0.00545362
0.00544522
0.00544522
0.00488952
0.00488204
0.00488204
0.00432861
0.00432207
0.00432207
0.00377912
0.00377353
0.00377353
0.0032494
0.00324476
0.00324476
0.0027475
0.00274376
0.00274376
0.00228065
0.00227775
0.00227775
0.001855
0.00185284
0.00185284
0.00147574
0.00147423
0.00147423
0.00114751
0.00114655
0.00114654
0.000874758
0.000874216
0.000874214
0.000661602
0.000661357
0.000661354
0.000510338
0.000510266
0.000510263
0.000416501
0.000416492
0.000416489
0.00997179
0.00998566
0.00997179
0.00977995
0.00979364
0.00977995
0.00953879
0.00955236
0.00953879
0.009241
0.00925433
0.009241
0.00889141
0.0089044
0.00889141
0.00849511
0.00850767
0.00849511
0.00805735
0.00806941
0.00805735
0.0075836
0.00759506
0.0075836
0.00707947
0.00709026
0.00707947
0.00655083
0.00656089
0.00655083
0.00600388
0.00601313
0.00600388
0.00544522
0.00545362
0.00544522
0.00488204
0.00488952
0.00488204
0.00432207
0.00432861
0.00432207
0.00377353
0.00377912
0.00377353
0.00324476
0.0032494
0.00324476
0.00274376
0.0027475
0.00274376
0.00227775
0.00228065
0.00227775
0.00185284
0.001855
0.00185284
0.00147423
0.00147574
0.00147423
0.00114655
0.00114751
0.00114655
0.000874216
0.000874758
0.000874216
0.000661357
0.000661602
0.000661356
0.000510266
0.000510338
0.000510265
0.000416492
0.000416501
0.000416491
)
;
    }
}


// ************************************************************************* //
