/*--------------------------------*- C++ -*----------------------------------*\
| =========                 |                                                 |
| \\      /  F ield         | OpenFOAM: The Open Source CFD Toolbox           |
|  \\    /   O peration     | Version:  2212                                  |
|   \\  /    A nd           | Website:  www.openfoam.com                      |
|    \\/     M anipulation  |                                                 |
\*---------------------------------------------------------------------------*/
FoamFile
{
    version     2.0;
    format      ascii;
    arch        "LSB;label=32;scalar=64";
    class       volScalarField;
    location    "27/fluidRegion";
    object      Re;
}
// * * * * * * * * * * * * * * * * * * * * * * * * * * * * * * * * * * * * * //

dimensions      [0 0 0 0 0 0 0];

internalField   nonuniform List<scalar> 
350
(
173996
173996
173996
173996
173996
173996
173996
173996
173996
173996
173996
173996
173996
173996
173996
173996
173996
173996
173996
173996
173996
173996
173996
173996
174375
173996
173996
173996
173996
173996
173996
173996
173996
173996
173996
173996
173996
173996
173996
173996
173996
173996
173996
173996
173996
173996
173996
173996
173996
174375
54934.8
54865
54866.6
54867.3
54866.6
54864.6
54861
54855.8
54848.6
54839.4
54828.1
54814.5
54798.7
54780.8
54760.3
54736.2
54706.8
54670.5
54627.3
54583.6
54559.4
54612.4
54875.7
55574.5
55965.2
54459.4
54381.9
54379.1
54375.2
54370.4
54364.5
54357.4
54348.8
54338.7
54326.8
54313.4
54298.9
54283.8
54269.2
54255.7
54243
54230.1
54215.5
54199.1
54188
54203.6
54306.9
54636.5
55422.6
55916
55014.4
54944.3
54946.5
54947.5
54947.1
54945.4
54942
54936.9
54929.8
54920.6
54909.1
54895.1
54878.6
54859.5
54837.1
54810.4
54777.6
54737
54688.5
54638.5
54606.5
54649.9
54901.1
55586
55966.9
54565.7
54490.4
54488.7
54486.1
54482.4
54477.6
54471.5
54463.9
54454.6
54443.5
54430.8
54416.6
54401.6
54386.5
54371.5
54356.4
54339.9
54320.5
54298.1
54279.7
54286.4
54378.4
54693
55459.2
55928.2
54565.7
54490.4
54488.7
54486.1
54482.4
54477.6
54471.5
54463.9
54454.6
54443.5
54430.8
54416.6
54401.6
54386.5
54371.5
54356.4
54339.9
54320.5
54298.1
54279.7
54286.4
54378.4
54693
55459.2
55928.2
55014.4
54944.3
54946.5
54947.5
54947.1
54945.3
54942
54936.9
54929.8
54920.6
54909
54895.1
54878.6
54859.5
54837.1
54810.4
54777.5
54736.9
54688.4
54638.4
54606.4
54649.7
54900.9
55585.8
55966.8
54459.4
54381.9
54379.1
54375.2
54370.4
54364.5
54357.4
54348.8
54338.7
54326.8
54313.4
54298.9
54283.8
54269.2
54255.7
54243
54230.1
54215.5
54199.1
54188
54203.6
54306.9
54636.5
55422.6
55916
54934.8
54865
54866.6
54867.3
54866.6
54864.6
54861
54855.8
54848.6
54839.4
54828.1
54814.5
54798.7
54780.8
54760.3
54736.2
54706.8
54670.5
54627.3
54583.6
54559.4
54612.4
54875.6
55574.5
55965.2
54565.7
54490.4
54488.7
54486.1
54482.4
54477.6
54471.5
54463.9
54454.6
54443.5
54430.8
54416.6
54401.6
54386.5
54371.5
54356.4
54339.9
54320.5
54298.1
54279.7
54286.4
54378.4
54693
55459.2
55928.2
55014.4
54944.3
54946.5
54947.5
54947.1
54945.4
54942
54936.9
54929.8
54920.6
54909.1
54895.1
54878.6
54859.5
54837.1
54810.4
54777.6
54737
54688.5
54638.5
54606.5
54649.9
54901.1
55586
55966.9
55014.4
54944.3
54946.5
54947.5
54947.1
54945.3
54942
54936.9
54929.8
54920.6
54909
54895.1
54878.6
54859.5
54837.1
54810.4
54777.5
54736.9
54688.4
54638.4
54606.4
54649.7
54900.9
55585.8
55966.8
54565.7
54490.4
54488.7
54486.1
54482.4
54477.6
54471.5
54463.9
54454.6
54443.5
54430.8
54416.6
54401.6
54386.5
54371.5
54356.4
54339.9
54320.5
54298.1
54279.7
54286.4
54378.4
54693
55459.2
55928.2
)
;

boundaryField
{
    outletCentralUnloaded
    {
        type            zeroGradient;
    }
    inletCentralUnloaded
    {
        type            zeroGradient;
    }
    outletFuelElement
    {
        type            zeroGradient;
    }
    inletFuelElement
    {
        type            zeroGradient;
    }
    defaultFaces
    {
        type            zeroGradient;
    }
    baffle_master
    {
        type            zeroGradient;
    }
    baffle_slave
    {
        type            zeroGradient;
    }
}


// ************************************************************************* //
